S 0 140 140 2210 1730 11 "[(....)][(..)](.)[({..}..)]"
L 0 0 0 256 256 * 0 16 0
J D 0 -82 48 1 6913 0 0
W 0 0 31 Fls
J C 4 6 48 2 6913 0 0
K 0 0 33
K 0 0 34
J K 0 66 0 0 6913 0 0
J D 0 -28 -16 1 6913 0 0
W 0 0 37 \02\00\05
J R 9 173 32 2 1 10000 0
K 0 0 46
A D 8 16
J B 206 286 1 82 6913 1152 0
J D 0 281 0 1 1 0 0
W 0 -20 32 1.
J D 0 311 0 1 1 0 0
W 0 99 1 p!36| cresc.
J N 6 311 8 2 1 0 2 96 97
K 0 0 43
A D 2 16
J R 9 370 64 2 1 10000 0
K 0 0 46
A D 8 16
J N 6 351 -8 2 1729 288 2 97 96
K 0 0 43
A D 2 16
H 96 S 0 7 -57 7 -49 0 1 0 0
J N 6 397 -8 3 3457 288 1 97
K 0 0 43
K 8 -77 96
A D 2 16
J N 6 437 -32 7 5185 288 1 97
K 1 16 45
K 1 0 45
K 0 0 43
K -1 0 45
K 3 0 45
K 8 -61 96
A D 2 16
H 97 B 66 -5 109 4 2 1 1 3
J B 207 486 1 82 6913 288 0
J N 6 511 -32 6 1 0 2 98 99
K 1 16 45
K 1 0 45
K 0 0 43
K -1 0 45
K 3 0 45
A D 2 16
J R 9 567 64 2 1 10000 0
K 0 0 46
A D 8 16
J N 6 551 -24 5 1729 288 2 99 98
K 1 8 45
K 0 0 43
K 0 8 45
K 1 8 45
A D 2 16
H 98 S 0 7 -44 7 -53 0 0 0 0
J N 6 591 -24 6 3457 288 1 99
K 1 8 45
K 0 0 43
K 0 8 45
K 1 8 45
K 8 -75 96
A D 2 16
J N 6 631 -40 7 5185 288 1 99
K 1 24 45
K 1 8 45
K 0 0 43
K 0 8 45
K 1 8 45
K 8 -60 96
A D 2 16
H 99 B 51 -1 109 4 2 1 1 3
J B 208 680 1 82 6913 288 0
J N 6 705 16 9 1 0 2 100 101
K 0 -32 45
K 0 -48 45
K 0 -56 43
K 0 -48 45
K 1 -48 45
K 0 0 43
K 0 -56 60
K 0 -24 60
A D 2 16
J N 6 745 24 9 1729 288 2 101 100
K 0 -40 45
K 0 -56 45
K 0 -56 43
K -1 -56 45
K 3 -56 45
K 0 0 43
K 0 -56 60
K 0 -24 60
A D 2 16
H 100 S 0 0 -56 0 -56 0 0 0 0
J N 6 785 24 10 3457 288 1 101
K 0 -40 45
K 0 -56 45
K 0 -56 43
K -1 -56 45
K 3 -56 45
K 0 0 43
K 0 -76 96
K 0 -56 60
K 0 -24 60
A D 2 16
J N 6 825 8 11 5185 288 1 101
K 0 -24 45
K 0 -40 45
K 0 -56 45
K 0 -56 43
K -1 -56 45
K 3 -56 45
K 0 0 43
K 0 -76 96
K 0 -56 60
K 0 -24 60
A D 2 16
H 101 B -56 0 109 4 2 1 1 3
J B 209 870 1 82 6913 288 0
J N 6 895 8 10 1 0 2 102 103
K 0 -24 45
K 0 -40 45
K 0 -56 45
K 0 -56 43
K -1 -56 45
K 3 -56 45
K 0 0 43
K 0 -56 60
K 0 -24 60
A D 2 16
J N 6 935 16 9 1729 288 2 103 102
K 0 -32 45
K 0 -48 45
K 0 -56 43
K 0 -48 45
K 1 -48 45
K 0 0 43
K 0 -56 60
K 0 -24 60
A D 2 16
H 102 S 0 0 -56 0 -56 0 0 0 0
J N 6 975 16 10 3457 288 1 103
K 0 -32 45
K 0 -48 45
K 0 -56 43
K 0 -48 45
K 1 -48 45
K 0 0 43
K 0 -76 96
K 0 -56 60
K 0 -24 60
A D 2 16
J N 6 1015 0 11 5185 288 1 103
K 0 -16 45
K 0 -32 45
K 0 -48 45
K 0 -56 43
K 0 -48 45
K 1 -48 45
K 0 0 43
K 0 -76 96
K 0 -56 60
K 0 -24 60
A D 2 16
H 103 B -60 0 109 4 2 1 1 3
J B 210 1060 1 82 6913 288 0
J N 6 1085 0 10 1 0 2 104 105
K 0 -16 45
K 0 -32 45
K 0 -48 45
K 0 -56 43
K 0 -48 45
K 1 -48 45
K 0 0 43
K 0 -56 60
K 0 -24 60
A D 2 16
J N 6 1125 8 10 1729 288 2 105 104
K 0 -24 45
K 0 -40 45
K 0 -56 45
K 0 -56 43
K -1 -56 45
K 3 -56 45
K 0 0 43
K 0 -56 60
K 0 -24 60
A D 2 16
H 104 S 0 0 -56 0 -56 0 0 0 0
J N 6 1165 8 11 3457 288 1 105
K 0 -24 45
K 0 -40 45
K 0 -56 45
K 0 -56 43
K -1 -56 45
K 3 -56 45
K 0 0 43
K 0 -76 96
K 0 -56 60
K 0 -24 60
A D 2 16
J N 6 1205 -8 12 5185 288 1 105
K 0 -8 45
K 0 -24 45
K 0 -40 45
K 0 -56 45
K 0 -56 43
K -1 -56 45
K 3 -56 45
K 0 0 43
K 0 -76 96
K 0 -56 60
K 0 -24 60
A D 2 16
H 105 B -64 0 109 4 2 1 1 3
J B 211 1250 1 82 6913 288 0
J N 6 1275 -8 11 1 0 2 106 107
K 0 -8 45
K 0 -24 45
K 0 -40 45
K 0 -56 45
K 0 -56 43
K -1 -56 45
K 3 -56 45
K 0 0 43
K 0 -56 60
K 0 -24 60
A D 2 16
J N 6 1315 0 10 1729 288 2 107 106
K 0 -16 45
K 0 -32 45
K 0 -48 45
K 0 -56 43
K 0 -48 45
K 1 -48 45
K 0 0 43
K 0 -56 60
K 0 -24 60
A D 2 16
H 106 S 0 0 -56 0 -56 0 0 0 0
J N 6 1355 0 11 3457 288 1 107
K 0 -16 45
K 0 -32 45
K 0 -48 45
K 0 -56 43
K 0 -48 45
K 1 -48 45
K 0 0 43
K 0 -76 96
K 0 -56 60
K 0 -24 60
A D 2 16
H 107 B -58 1 109 3 2 1 3
J R 6 1395 32 2 5185 288 0
K 0 0 49
A D 2 16
J B 212 1440 1 82 6913 288 0
J R 9 1505 32 2 1 10000 0
K 0 0 46
A D 8 16
J B 213 1602 1 82 6913 1152 0
J N 8 1672 -24 17 1 0 0
K 0 8 45
K 0 -8 45
K -40 -8 63
K -58 0 65
K 0 -8 42
K -1 -8 45
K 3 -8 45
K -21 0 42
K -21 8 45
K -20 8 45
K -24 124 111
K -10 124 110
K 12 124 110
K 0 -8 60
K 0 0 60
K 0 24 60
A D 8 16
J B 214 1801 1 82 6913 1152 0
J N 8 1833 -16 14 1 0 0
K 0 0 45
K 0 -16 45
K 0 -24 42
K 0 -16 45
K 1 -16 45
K 0 0 42
K -1 0 45
K 3 0 45
K -6 116 111
K 8 116 110
K 0 -24 60
K 0 0 60
K 0 24 60
A D 8 16
J B 215 2007 1 82 6913 1152 0
J N 8 2039 -16 15 1 0 0
K 0 0 45
K 0 -16 45
K -20 -24 63
K 0 -24 42
K 0 -16 45
K 1 -16 45
K 0 0 42
K -1 0 45
K 3 0 45
K -6 116 111
K 8 116 110
K 0 -24 60
K 0 0 60
K 0 24 60
A D 8 16
J B 216 2210 1 82 6913 1152 0
E *
L 168 0 0 256 256 * 0 16 0
J D 0 -96 48 1 6913 0 0
W 0 0 31 Obs
J C 4 6 48 2 6913 0 0
K 0 0 33
K 0 0 34
J K 0 66 0 0 6913 0 0
J D 0 -28 -16 1 6913 0 0
W 0 0 0 \02\00\05
J R 7 117 16 2 1 0 0
K 0 0 48
A D 4 16
J R 9 173 80 2 1 10000 0
K 0 0 46
A D 8 16
J R 6 197 16 2 3457 576 0
K 0 0 49
A D 2 16
J N 6 237 16 3 5185 288 1 94
K 0 0 43
K 0 0 51
A D 2 16
J B 206 286 1 82 6913 288 0
J D 0 311 0 1 1 0 0
W 0 112 36 cresc.
J N 7 311 8 5 1 0 1 94
K 0 0 43
K 8 -68 96
K 0 0 59
K 0 -16 59
A D 4 16
H 94 S 0 16 -16 0 5 0 0 0 0
J R 9 370 80 2 1 10000 0
K 0 0 46
A D 8 16
J R 6 397 16 2 3457 576 0
K 0 0 49
A D 2 16
J N 6 437 8 3 5185 288 1 95
K 0 0 43
K 0 0 51
A D 2 16
J B 207 486 1 82 6913 288 0
J N 7 511 0 5 1 0 1 95
K 0 0 43
K 8 -68 96
K 0 0 59
K 0 -16 59
A D 4 16
H 95 S 0 16 -16 0 5 0 0 0 -4
J R 9 567 80 2 1 10000 0
K 0 0 46
A D 8 16
J R 6 591 16 2 3457 576 0
K 0 0 49
A D 2 16
J N 6 631 0 3 5185 288 1 96
K 0 0 43
K 0 0 51
A D 2 16
J B 208 680 1 82 6913 288 0
J N 7 705 -8 5 1 0 1 96
K 0 0 43
K 8 -68 96
K 0 0 59
K 0 -16 59
A D 4 16
H 96 S 0 16 -16 0 0 0 0 0 0
J R 9 759 80 2 1 10000 0
K 0 0 46
A D 8 16
J R 7 785 16 2 3457 576 0
K 0 0 48
A D 4 16
J B 209 870 1 82 6913 576 0
J N 8 895 24 4 1 0 1 97
K 0 0 42
K 0 0 59
K 0 -16 59
A D 8 16
J R 9 949 80 2 1 10000 0
K 0 0 46
A D 8 16
J B 210 1060 1 82 6913 1152 0
J N 8 1085 24 4 1 0 2 98 97
K 0 0 42
K 0 0 59
K 0 -16 59
A D 8 16
H 97 T 24 0 0 0 0 0 3 0
J R 9 1139 80 2 1 10000 0
K 0 0 46
A D 8 16
J B 211 1250 1 82 6913 1152 0
J N 8 1275 24 4 1 0 2 99 98
K 0 0 42
K 0 0 59
K 0 -16 59
A D 8 16
H 98 T 24 0 0 0 0 0 3 0
J R 9 1329 80 2 1 10000 0
K 0 0 46
A D 8 16
J B 212 1440 1 82 6913 1152 0
J N 8 1472 24 6 1 0 1 99
K -20 0 63
K 0 0 42
K 0 80 110
K 0 0 59
K 0 -16 59
A D 8 16
H 99 S 0 7 -40 7 -40 0 0 0 0
J R 9 1505 80 2 1 10000 0
K 0 0 46
A D 8 16
J B 213 1602 1 82 6913 1152 0
J N 8 1672 24 15 1 0 0
K 0 -40 45
K -18 -48 65
K -20 0 63
K 0 -48 42
K 0 -40 45
K 1 -40 45
K 0 0 42
K -24 89 111
K -10 89 110
K 12 89 110
K 0 -48 60
K 0 -16 60
K 0 0 60
K 0 24 60
A D 8 16
J B 214 1801 1 82 6913 1152 0
J N 8 1833 16 11 1 0 0
K 0 -32 45
K 0 -32 42
K -1 -32 45
K 3 -32 45
K 0 0 42
K -6 84 111
K 8 84 110
K 0 -32 60
K 0 0 60
K 0 24 60
A D 8 16
J B 215 2007 1 82 6913 1152 0
J N 8 2039 16 12 1 0 0
K 0 -32 45
K -20 0 63
K 0 -32 42
K -1 -32 45
K 3 -32 45
K 0 0 42
K -6 84 111
K 8 84 110
K 0 -32 60
K 0 0 60
K 0 24 60
A D 8 16
J B 216 2210 1 82 6913 1152 0
E *
L 336 0 0 256 256 * 0 16 0
J D 0 -87 48 1 6913 0 0
W 0 -24 31 Cls
J D 0 -87 48 1 6913 0 0
W 0 24 31 (C)
J C 4 6 48 2 6913 0 0
K 0 0 33
K 0 0 34
J K 0 66 0 0 6913 0 0
J D 0 -28 -16 1 6913 0 0
W 0 0 0 \02\00\05
J N 8 117 48 7 1 0 2 84 85
K 0 -56 42
K 0 0 42
K 0 -56 60
K 0 -24 60
K 0 0 60
K 0 16 60
A D 8 16
J M 0 57 0 0 6913 0 1 84
H 84 T -8 0 0 0 0 0 1 0
J M 0 57 0 0 6913 0 1 85
H 85 T 48 0 0 0 0 0 15 0
J B 206 286 1 82 6913 1152 0
J R 9 370 32 2 1 10000 0
K 0 0 46
A D 8 16
J B 207 486 1 82 6913 1152 0
J R 9 567 32 2 1 10000 0
K 0 0 46
A D 8 16
J B 208 680 1 82 6913 1152 0
J R 9 759 32 2 1 10000 0
K 0 0 46
A D 8 16
J B 209 870 1 82 6913 1152 0
J R 9 949 32 2 1 10000 0
K 0 0 46
A D 8 16
J B 210 1060 1 82 6913 1152 0
J R 9 1139 32 2 1 10000 0
K 0 0 46
A D 8 16
J B 211 1250 1 82 6913 1152 0
J R 9 1329 32 2 1 10000 0
K 0 0 46
A D 8 16
J B 212 1440 1 82 6913 1152 0
J R 9 1505 32 2 1 10000 0
K 0 0 46
A D 8 16
J B 213 1602 1 82 6913 1152 0
J R 9 1685 32 2 1 10000 0
K 0 0 46
A D 8 16
J B 214 1801 1 82 6913 1152 0
J R 9 1888 32 2 1 10000 0
K 0 0 46
A D 8 16
J B 215 2007 1 82 6913 1152 0
J R 9 2092 32 2 1 10000 0
K 0 0 46
A D 8 16
J B 216 2210 1 82 6913 1152 0
E *
L 504 0 0 256 256 * 0 16 0
J D 0 -108 48 1 6913 0 0
W 0 0 31 Fags
J C 22 6 16 36 6913 0 0
J K 0 66 0 0 6913 0 0
J D 0 -28 -16 1 6913 0 0
W 0 0 0 \02\00\05
J R 7 117 -48 2 1 0 0
K 0 0 48
A D 4 16
J N 7 117 -8 4 1 0 0
K 0 0 43
K 0 0 60
K 0 24 60
A D 4 16
J R 6 197 -48 2 3457 576 0
K 0 0 49
A D 2 16
J N 7 197 8 4 3457 0 0
K 0 0 43
K 0 0 60
K 0 24 60
A D 4 16
J N 6 237 -24 6 5185 288 1 132
K 1 8 45
K 0 0 43
K 0 8 45
K 1 8 45
K 0 0 51
A D 2 16
J B 206 286 1 82 6913 288 0
J D 0 311 0 1 1 0 0
W 0 102 36 cresc.
J N 7 311 -32 9 1 0 1 132
K 1 16 45
K 1 0 45
K 0 0 43
K -1 0 45
K 3 0 45
K 8 -60 96
K 0 0 59
K 0 -8 59
A D 4 16
H 132 S 0 16 -16 0 0 0 0 0 0
J N 7 311 -16 7 1 0 0
K 0 0 45
K 0 0 43
K -1 0 45
K 3 0 45
K 0 0 60
K 0 24 60
A D 4 16
J R 6 397 -48 2 3457 576 0
K 0 0 49
A D 2 16
J N 7 397 8 4 3457 0 0
K 0 0 43
K 0 0 60
K 0 24 60
A D 4 16
J N 6 437 -32 7 5185 288 1 133
K 1 16 45
K 1 0 45
K 0 0 43
K -1 0 45
K 3 0 45
K 0 0 51
A D 2 16
J B 207 486 1 82 6913 288 0
J N 7 511 -40 9 1 0 1 133
K 1 24 45
K 1 8 45
K 0 0 43
K 0 8 45
K 1 8 45
K 8 -60 96
K 0 0 59
K 0 -8 59
A D 4 16
H 133 S 0 16 -16 0 0 0 0 0 0
J N 7 511 -24 7 1 0 0
K 0 8 45
K 0 0 43
K 0 8 45
K 1 8 45
K 0 0 60
K 0 24 60
A D 4 16
J R 6 591 -48 2 3457 576 0
K 0 0 49
A D 2 16
J N 7 591 8 4 3457 0 0
K 0 0 43
K 0 0 60
K 0 24 60
A D 4 16
J N 6 631 -40 7 5185 288 1 134
K 1 24 45
K 1 8 45
K 0 0 43
K 0 8 45
K 1 8 45
K 0 0 51
A D 2 16
J B 208 680 1 82 6913 288 0
J N 7 705 -48 10 1 0 1 134
K 1 32 45
K 1 16 45
K 1 0 45
K 0 0 43
K -1 0 45
K 3 0 45
K 8 -60 96
K 0 0 59
K 0 -8 59
A D 4 16
H 134 S 0 16 -16 0 0 0 0 0 0
J N 7 705 -32 8 1 0 0
K 0 16 45
K 0 0 45
K 0 0 43
K -1 0 45
K 3 0 45
K 0 0 60
K 0 32 60
A D 4 16
J R 7 785 -24 2 3457 576 0
K 0 0 48
A D 4 16
J N 7 785 40 4 3457 0 0
K 0 0 43
K 0 0 60
K 0 16 60
A D 4 16
J B 209 870 1 82 6913 576 0
J N 8 895 -16 7 1 0 1 135
K 1 0 45
K 0 0 42
K -1 0 45
K 3 0 45
K 0 0 59
K 0 -8 59
A D 8 16
J N 7 895 16 4 1 0 0
K 0 0 43
K 0 0 60
K 0 24 60
A D 4 16
J N 7 975 40 4 3457 576 0
K 0 0 43
K 0 0 60
K 0 16 60
A D 4 16
J B 210 1060 1 82 6913 576 0
J N 8 1085 -16 7 1 0 2 136 135
K 1 0 45
K 0 0 42
K -1 0 45
K 3 0 45
K 0 0 59
K 0 -8 59
A D 8 16
H 135 T -16 0 0 0 0 0 7 0
J N 7 1085 8 4 1 0 0
K 0 0 43
K 0 0 60
K 0 24 60
A D 4 16
J N 7 1165 40 4 3457 576 0
K 0 0 43
K 0 0 60
K 0 16 60
A D 4 16
J B 211 1250 1 82 6913 576 0
J N 8 1275 -16 7 1 0 2 137 136
K 1 0 45
K 0 0 42
K -1 0 45
K 3 0 45
K 0 0 59
K 0 -8 59
A D 8 16
H 136 T -16 0 0 0 0 0 7 0
J N 7 1275 0 4 1 0 0
K 0 0 43
K 0 0 60
K 0 24 60
A D 4 16
J N 7 1355 40 4 3457 576 0
K 0 0 43
K 0 0 60
K 0 16 60
A D 4 16
J B 212 1440 1 82 6913 576 0
J N 8 1472 -16 9 1 0 1 137
K 1 0 45
K -20 0 63
K 0 0 42
K -1 0 45
K 3 0 45
K 0 -40 110
K 0 0 59
K 0 -8 59
A D 8 16
H 137 S 0 16 0 0 0 0 0 0 0
J N 7 1472 8 4 1 0 0
K 0 0 43
K 0 0 60
K 0 24 60
A D 4 16
J R 7 1535 48 2 3457 576 0
K 0 0 48
A D 4 16
J B 213 1602 1 82 6913 576 0
J D 0 1652 0 1 1 0 0
W 0 -72 32 zu 2
J N 6 1672 8 4 1 0 1 138
K 0 0 43
K 0 94 111
K 14 94 110
A D 2 16
J N 6 1703 -48 7 1729 288 1 138
K 0 32 45
K 0 16 45
K 0 0 45
K 0 0 43
K -1 0 45
K 3 0 45
A D 2 16
J N 6 1734 -48 7 3457 288 1 138
K 0 32 45
K 0 16 45
K 0 0 45
K 0 0 43
K -1 0 45
K 3 0 45
A D 2 16
J N 6 1765 -48 7 5185 288 1 138
K 0 32 45
K 0 16 45
K 0 0 45
K 0 0 43
K -1 0 45
K 3 0 45
A D 2 16
H 138 B -46 -7 109 4 2 1 1 3
J B 214 1801 1 82 6913 288 0
J N 6 1833 16 5 1 0 1 139
K -20 0 63
K 0 0 43
K -6 86 111
K 8 86 110
A D 2 16
J N 6 1884 -40 7 1729 288 1 139
K 0 24 45
K 0 8 45
K -20 0 63
K 0 0 43
K 0 8 45
K 1 8 45
A D 2 16
J N 6 1923 -40 6 3457 288 1 139
K 0 24 45
K 0 8 45
K 0 0 43
K 0 8 45
K 1 8 45
A D 2 16
J N 6 1962 -40 6 5185 288 1 139
K 0 24 45
K 0 8 45
K 0 0 43
K 0 8 45
K 1 8 45
A D 2 16
H 139 B -54 -5 109 4 2 1 1 3
J B 215 2007 1 82 6913 288 0
J N 6 2039 16 5 1 0 1 140
K -17 0 64
K 0 0 43
K -6 86 111
K 8 86 110
A D 2 16
J N 6 2087 -40 7 1729 288 1 140
K 0 24 45
K 0 8 45
K -17 0 64
K 0 0 43
K 0 8 45
K 1 8 45
A D 2 16
J N 6 2126 -40 6 3457 288 1 140
K 0 24 45
K 0 8 45
K 0 0 43
K 0 8 45
K 1 8 45
A D 2 16
J N 6 2165 -40 6 5185 288 1 140
K 0 24 45
K 0 8 45
K 0 0 43
K 0 8 45
K 1 8 45
A D 2 16
H 140 B -54 -5 109 4 2 1 1 3
J B 216 2210 1 82 6913 288 0
E *
L 686 0 0 256 256 * 0 16 0
J D 0 -109 48 1 6913 0 0
W 0 -24 31 Cors
J D 0 -109 48 1 6913 0 0
W 0 24 31 (C)
J C 4 6 48 2 6913 0 0
K 0 0 33
K 0 0 34
J K 0 66 0 0 6913 0 0
J D 0 -28 -16 1 6913 0 0
W 0 0 0 \02\00\05
J N 8 117 48 7 1 0 4 82 83 80 81
K 0 -56 42
K 0 0 42
K 0 -56 60
K 0 -24 60
K 0 0 60
K 0 16 60
A D 8 16
J M 0 57 0 0 6913 0 1 80
H 80 T -8 0 0 0 0 0 1 0
J M 0 57 0 0 6913 0 1 81
H 81 T 48 0 0 0 0 0 15 0
J B 206 286 1 82 6913 1152 0
J N 8 311 48 7 1 0 4 84 85 82 83
K 0 -56 42
K 0 0 42
K 0 -56 60
K 0 -24 60
K 0 0 60
K 0 16 60
A D 8 16
H 82 T -8 0 0 0 0 0 1 0
H 83 T 48 0 0 0 0 0 15 0
J B 207 486 1 82 6913 1152 0
J N 8 511 48 7 1 0 4 86 87 84 85
K 0 -56 42
K 0 0 42
K 0 -56 60
K 0 -24 60
K 0 0 60
K 0 16 60
A D 8 16
H 84 T -8 0 0 0 0 0 1 0
H 85 T 48 0 0 0 0 0 15 0
J B 208 680 1 82 6913 1152 0
J N 7 705 48 7 1 0 2 86 87
K 0 -56 43
K 0 0 43
K 0 -56 60
K 0 -24 60
K 0 0 60
K 0 16 60
A D 4 16
H 86 T -8 0 0 0 0 0 1 0
H 87 T 48 0 0 0 0 0 15 0
J R 7 785 32 2 3457 576 0
K 0 0 48
A D 4 16
J B 209 870 1 82 6913 576 0
J N 8 895 24 10 1 0 2 88 89
K 1 56 45
K 0 0 42
K 0 56 42
K -1 56 45
K 3 56 45
K 0 56 59
K 0 24 59
K 0 0 59
K 0 -16 59
A D 8 16
J B 210 1060 1 82 6913 1152 0
J N 8 1085 24 10 1 0 4 90 91 88 89
K 1 56 45
K 0 0 42
K 0 56 42
K -1 56 45
K 3 56 45
K 0 56 59
K 0 24 59
K 0 0 59
K 0 -16 59
A D 8 16
H 88 T 24 0 0 0 0 0 3 0
H 89 T 80 0 0 0 0 0 13 0
J B 211 1250 1 82 6913 1152 0
J N 8 1275 24 10 1 0 2 90 91
K 1 56 45
K 0 0 42
K 0 56 42
K -1 56 45
K 3 56 45
K 0 56 59
K 0 24 59
K 0 0 59
K 0 -16 59
A D 8 16
H 90 T 24 0 0 0 0 0 3 0
H 91 T 80 0 0 0 0 0 13 0
J B 212 1440 1 82 6913 1152 0
J R 9 1505 32 2 1 10000 0
K 0 0 46
A D 8 16
J B 213 1602 1 82 6913 1152 0
J R 9 1685 32 2 1 10000 0
K 0 0 46
A D 8 16
J B 214 1801 1 82 6913 1152 0
J R 9 1888 32 2 1 10000 0
K 0 0 46
A D 8 16
J B 215 2007 1 82 6913 1152 0
J R 9 2092 32 2 1 10000 0
K 0 0 46
A D 8 16
J B 216 2210 1 82 6913 1152 0
E *
L 854 0 0 256 256 * 0 16 0
J D 0 -87 48 1 6913 0 0
W 0 -24 31 Trs
J D 0 -87 48 1 6913 0 0
W 0 24 31 (C)
J C 4 6 48 2 6913 0 0
K 0 0 33
K 0 0 34
J K 0 66 0 0 6913 0 0
J D 0 -28 -16 1 6913 0 0
W 0 0 0 \02\00\05
J R 9 173 32 2 1 10000 0
K 0 0 46
A D 8 16
J B 206 286 1 82 6913 1152 0
J R 9 370 32 2 1 10000 0
K 0 0 46
A D 8 16
J B 207 486 1 82 6913 1152 0
J R 9 567 32 2 1 10000 0
K 0 0 46
A D 8 16
J B 208 680 1 82 6913 1152 0
J R 9 759 32 2 1 10000 0
K 0 0 46
A D 8 16
J B 209 870 1 82 6913 1152 0
J R 9 949 32 2 1 10000 0
K 0 0 46
A D 8 16
J B 210 1060 1 82 6913 1152 0
J R 9 1139 32 2 1 10000 0
K 0 0 46
A D 8 16
J B 211 1250 1 82 6913 1152 0
J R 9 1329 32 2 1 10000 0
K 0 0 46
A D 8 16
J B 212 1440 1 82 6913 1152 0
J R 9 1505 32 2 1 10000 0
K 0 0 46
A D 8 16
J B 213 1602 1 82 6913 1152 0
J R 9 1685 32 2 1 10000 0
K 0 0 46
A D 8 16
J B 214 1801 1 82 6913 1152 0
J R 9 1888 32 2 1 10000 0
K 0 0 46
A D 8 16
J B 215 2007 1 82 6913 1152 0
J R 9 2092 32 2 1 10000 0
K 0 0 46
A D 8 16
J B 216 2210 1 82 6913 1152 0
E *
L 1022 0 0 256 256 * 0 16 0
J D 0 -108 48 1 6913 0 0
W 0 -24 31 Tmp
J D 0 -108 48 1 6913 0 0
W 0 24 31 C,G
J C 22 6 16 36 6913 0 0
J K 0 66 0 0 6913 0 0
J D 0 -28 -16 1 6913 0 0
W 0 0 0 \02\00\05
J R 9 173 32 2 1 10000 0
K 0 0 46
A D 8 16 0
A P 1 0 0
J B 206 286 1 82 6913 1152 0
J R 9 370 32 2 1 10000 0
K 0 0 46
A D 8 16 0
A P 1 0 0
J B 207 486 1 82 6913 1152 0
J R 9 567 32 2 1 10000 0
K 0 0 46
A D 8 16 0
A P 1 0 0
J B 208 680 1 82 6913 1152 0
J R 9 759 32 2 1 10000 0
K 0 0 46
A D 8 16 0
A P 1 0 0
J B 209 870 1 82 6913 1152 0
J R 9 949 32 2 1 10000 0
K 0 0 46
A D 8 16 0
A P 1 0 0
J B 210 1060 1 82 6913 1152 0
J R 9 1139 32 2 1 10000 0
K 0 0 46
A D 8 16 0
A P 1 0 0
J B 211 1250 1 82 6913 1152 0
J R 9 1329 32 2 1 10000 0
K 0 0 46
A D 8 16 0
A P 1 0 0
J B 212 1440 1 82 6913 1152 0
J R 9 1505 32 2 1 10000 0
K 0 0 46
A D 8 16 0
A P 1 0 0
J B 213 1602 1 82 6913 1152 0
J R 9 1685 32 2 1 10000 0
K 0 0 46
A D 8 16 0
A P 1 0 0
J B 214 1801 1 82 6913 1152 0
J R 9 1888 32 2 1 10000 0
K 0 0 46
A D 8 16 0
A P 1 0 0
J B 215 2007 1 82 6913 1152 0
J R 9 2092 32 2 1 10000 0
K 0 0 46
A D 8 16 0
A P 1 0 0
J B 216 2210 1 82 6913 1152 0
E *
L 1204 0 0 256 256 * 0 16 0
J D 0 -89 48 1 6913 0 0
W 0 0 31 V1
J C 4 6 48 2 6913 0 0
K 0 0 33
K 0 0 34
J K 0 66 0 0 6913 0 0
J D 0 -28 -16 1 6913 0 0
W 0 0 0 \02\00\05
J N 6 117 -40 7 1 0 2 254 253
K 0 24 45
K 0 8 45
K 0 0 43
K 0 8 45
K 1 8 45
K 0 -20 96
A D 12 96 0
A P 1 249 0
J M 0 77 0 0 6913 0 1 253
H 253 S 0 0 -52 0 -16 0 0 0
J N 6 157 -24 6 1729 288 1 254
K 0 8 45
K 0 0 43
K 0 8 45
K 1 8 45
K 0 -20 96
A D 12 96 0
A P 1 238 0
J N 6 197 -8 3 3457 288 1 254
K 0 0 43
K 0 -20 96
A D 12 96 0
A P 1 226 0
J N 6 237 0 3 5185 288 1 254
K 0 0 43
K 0 -20 96
A D 12 96 0
A P 1 220 0
H 254 B -74 5 109 4 2 1 1 3
J B 206 286 1 82 6913 288 0
J D 0 311 0 1 1 0 0
W 0 102 36 cresc.
J N 6 311 8 2 1 0 2 255 256
K 0 0 43
A D 12 96 0
A P 1 215 0
J N 6 351 -8 2 1729 288 2 256 255
K 0 0 43
A D 12 96 0
A P 1 226 0
H 255 S 0 0 0 0 0 0 0 0 0
J N 6 397 -8 3 3457 288 1 256
K 0 0 43
K 0 -20 96
A D 12 96 0
A P 1 226 0
J N 6 437 -32 7 5185 288 1 256
K 0 16 45
K 0 0 45
K 0 0 43
K -1 0 45
K 3 0 45
K 0 -20 96
A D 12 96 0
A P 1 243 0
H 256 B -46 -5 109 4 2 1 1 3
J B 207 486 1 82 6913 288 0
J N 6 511 -32 6 1 0 2 257 258
K 0 16 45
K 0 0 45
K 0 0 43
K -1 0 45
K 3 0 45
A D 12 96 0
A P 1 243 0
J N 6 551 -24 5 1729 288 2 258 257
K 0 8 45
K 0 0 43
K 0 8 45
K 1 8 45
A D 12 96 0
A P 1 238 0
H 257 S 0 0 0 0 0 0 0 0 0
J N 6 591 -24 6 3457 288 1 258
K 0 8 45
K 0 0 43
K 0 8 45
K 1 8 45
K 0 -20 96
A D 12 96 0
A P 1 238 0
J N 6 631 -40 7 5185 288 1 258
K 0 24 45
K 0 8 45
K 0 0 43
K 0 8 45
K 1 8 45
K 0 -20 96
A D 12 96 0
A P 1 249 0
H 258 B -64 0 109 4 2 1 1 3
J B 208 680 1 82 6913 288 0
J N 6 705 -40 6 1 0 2 259 260
K 0 24 45
K 0 8 45
K 0 0 43
K 0 8 45
K 1 8 45
A D 12 96 0
A P 1 249 0
J N 6 745 -32 6 1729 288 2 260 259
K 0 16 45
K 0 0 45
K 0 0 43
K -1 0 45
K 3 0 45
A D 12 96 0
A P 1 243 0
H 259 S 0 0 0 0 0 0 0 0 0
J N 6 785 -32 7 3457 288 1 260
K 0 16 45
K 0 0 45
K 0 0 43
K -1 0 45
K 3 0 45
K 0 -20 96
A D 12 96 0
A P 1 243 0
J N 6 825 8 3 5185 288 1 260
K 0 0 43
K 0 -20 96
A D 12 96 0
A P 1 215 0
H 260 B -78 7 109 4 2 1 1 3
J B 209 870 1 82 6913 288 0
J N 6 895 8 2 1 0 2 261 262
K 0 0 43
A D 12 96 0
A P 1 215 0
J N 6 935 16 2 1729 288 2 262 261
K 0 0 43
A D 12 96 0
A P 1 209 0
H 261 S 0 0 0 0 0 0 0 0 0
J N 6 975 16 3 3457 288 1 262
K 0 0 43
K 0 -24 96
A D 12 96 0
A P 1 209 0
J N 6 1015 0 3 5185 288 1 262
K 0 0 43
K 0 -20 96
A D 12 96 0
A P 1 220 0
H 262 B -60 0 109 4 2 1 1 3
J B 210 1060 1 82 6913 288 0
J N 6 1085 0 2 1 0 2 263 264
K 0 0 43
A D 12 96 0
A P 1 220 0
J N 6 1125 8 2 1729 288 2 264 263
K 0 0 43
A D 12 96 0
A P 1 215 0
H 263 S 0 0 0 0 0 0 0 0 0
J N 6 1165 8 3 3457 288 1 264
K 0 0 43
K 0 -20 96
A D 12 96 0
A P 1 215 0
J N 6 1205 -8 3 5185 288 1 264
K 0 0 43
K 0 -20 96
A D 12 96 0
A P 1 226 0
H 264 B -64 0 109 4 2 1 1 3
J B 211 1250 1 82 6913 288 0
J N 6 1275 -8 2 1 0 2 265 266
K 0 0 43
A D 12 96 0
A P 1 226 0
J N 6 1315 0 2 1729 288 2 266 265
K 0 0 43
A D 12 96 0
A P 1 220 0
H 265 S 0 0 0 0 0 0 0 0 0
J N 6 1355 0 3 3457 288 1 266
K 0 0 43
K 0 -20 96
A D 12 96 0
A P 1 220 0
J N 6 1395 -16 6 5185 288 1 266
K 0 0 45
K 0 0 43
K -1 0 45
K 3 0 45
K 0 -20 96
A D 12 96 0
A P 1 232 0
H 266 B -60 0 109 4 2 1 1 3
J B 212 1440 1 82 6913 288 0
J N 8 1472 -24 9 1 0 0
K 0 8 45
K -18 0 65
K 0 0 42
K 0 8 45
K 1 8 45
K -6 128 110
K 0 0 60
K 0 24 60
A D 48 96 0
A P 1 237 0
J B 213 1602 1 82 6913 1152 0
J N 8 1672 24 7 1 0 0
K -20 0 63
K 0 0 42
K 0 80 111
K 14 80 110
K 0 0 60
K 0 24 60
A D 48 96 0
A P 1 204 0
J B 214 1801 1 82 6913 1152 0
J N 8 1833 16 6 1 0 0
K 0 0 42
K -6 88 111
K 8 88 110
K 0 0 60
K 0 24 60
A D 48 96 0
A P 1 209 0
J B 215 2007 1 82 6913 1152 0
J N 8 2039 16 7 1 0 0
K -20 0 63
K 0 0 42
K -6 88 111
K 8 88 110
K 0 0 60
K 0 24 60
A D 48 96 0
A P 1 210 0
J B 216 2210 1 82 6913 1152 0
E *
L 1358 0 0 256 256 * 0 16 0
J D 0 -89 48 1 6913 0 0
W 0 0 31 V2
J C 4 6 48 2 6913 0 0
K 0 0 33
K 0 0 34
J K 0 66 0 0 6913 0 0
J D 0 -28 -16 1 6913 0 0
W 0 0 0 \02\00\05
J N 6 117 16 3 1 0 2 213 212
K 0 0 43
K 0 24 96
A D 2 16 0
A P 1 209 0
J M 0 77 0 0 6913 0 1 212
H 212 S 0 0 12 0 0 0 0 0
J N 6 157 32 3 1729 288 1 213
K 0 0 43
K 0 24 96
A D 2 16 0
A P 1 198 0
J N 6 197 48 3 3457 288 1 213
K 0 0 43
K 0 24 96
A D 2 16 0
A P 1 186 0
J N 6 237 56 3 5185 288 1 213
K 0 0 43
K 0 20 96
A D 2 16 0
A P 1 180 0
H 213 B 47 6 109 4 2 1 1 3
J B 206 286 1 82 6913 288 0
J D 0 311 0 1 1 0 0
W 0 112 36 cresc.
J N 6 311 64 2 1 0 2 214 215
K 0 0 43
A D 2 16 0
A P 1 175 0
J N 6 351 48 2 1729 288 2 215 214
K 0 0 43
A D 2 16 0
A P 1 186 0
H 214 S 12 0 0 0 0 0 0 0 0
J N 6 397 48 3 3457 288 1 215
K 0 0 43
K 0 24 96
A D 2 16 0
A P 1 186 0
J N 6 437 24 3 5185 288 1 215
K 0 0 43
K 0 16 96
A D 2 16 0
A P 1 203 0
H 215 B 66 -5 109 4 2 1 1 3
J B 207 486 1 82 6913 288 0
J N 6 511 24 2 1 0 2 216 217
K 0 0 43
A D 2 16 0
A P 1 203 0
J N 6 551 32 2 1729 288 2 217 216
K 0 0 43
A D 2 16 0
A P 1 198 0
H 216 S 0 0 0 0 0 0 0 0 0
J N 6 591 32 3 3457 288 1 217
K 0 0 43
K 0 -24 96
A D 2 16 0
A P 1 198 0
J N 6 631 16 3 5185 288 1 217
K 0 0 43
K 0 -24 96
A D 2 16 0
A P 1 209 0
H 217 B -56 0 109 4 2 1 1 3
J B 208 680 1 82 6913 288 0
J N 6 705 16 2 1 0 2 218 219
K 0 0 43
A D 2 16 0
A P 1 209 0
J N 6 745 24 2 1729 288 2 219 218
K 0 0 43
A D 2 16 0
A P 1 203 0
H 218 S 12 0 0 0 0 0 0 0 0
J N 6 785 24 3 3457 288 1 219
K 0 0 43
K 0 16 96
A D 2 16 0
A P 1 203 0
J N 6 825 64 3 5185 288 1 219
K 0 0 43
K 0 20 96
A D 2 16 0
A P 1 175 0
H 219 B 47 6 109 4 2 1 1 3
J B 209 870 1 82 6913 288 0
J N 6 895 64 2 1 0 2 220 221
K 0 0 43
A D 2 16 0
A P 1 175 0
J N 6 935 72 2 1729 288 2 221 220
K 0 0 43
A D 2 16 0
A P 1 169 0
H 220 S 12 0 0 0 0 0 0 0 0
J N 6 975 72 3 3457 288 1 221
K 0 0 43
K 0 20 96
A D 2 16 0
A P 1 169 0
J N 6 1015 56 3 5185 288 1 221
K 0 0 43
K 0 20 96
A D 2 16 0
A P 1 180 0
H 221 B 51 -1 109 4 2 1 1 3
J B 210 1060 1 82 6913 288 0
J N 6 1085 56 2 1 0 2 222 223
K 0 0 43
A D 2 16 0
A P 1 180 0
J N 6 1125 64 2 1729 288 2 223 222
K 0 0 43
A D 2 16 0
A P 1 175 0
H 222 S 12 0 0 0 0 0 0 0 0
J N 6 1165 64 3 3457 288 1 223
K 0 0 43
K 0 20 96
A D 2 16 0
A P 1 175 0
J N 6 1205 48 3 5185 288 1 223
K 0 0 43
K 0 24 96
A D 2 16 0
A P 1 186 0
H 223 B 57 -1 109 4 2 1 1 3
J B 211 1250 1 82 6913 288 0
J N 6 1275 48 2 1 0 2 224 225
K 0 0 43
A D 2 16 0
A P 1 186 0
J N 6 1315 56 2 1729 288 2 225 224
K 0 0 43
A D 2 16 0
A P 1 180 0
H 224 S 12 0 0 0 0 0 0 0 0
J N 6 1355 56 3 3457 288 1 225
K 0 0 43
K 0 20 96
A D 2 16 0
A P 1 180 0
J N 6 1395 40 3 5185 288 1 225
K 0 0 43
K 0 16 96
A D 2 16 0
A P 1 192 0
H 225 B 51 -1 109 4 2 1 1 3
J B 212 1440 1 82 6913 288 0
J N 8 1472 32 6 1 0 0
K -18 0 65
K 0 0 42
K 0 83 110
K 0 0 60
K 0 24 60
A D 8 16 0
A P 1 197 0
J B 213 1602 1 82 6913 1152 0
J N 8 1672 32 7 1 0 0
K -18 0 65
K 0 0 42
K -6 83 111
K 8 83 110
K 0 0 60
K 0 24 60
A D 8 16 0
A P 1 197 0
J B 214 1801 1 82 6913 1152 0
J N 8 1833 40 6 1 0 0
K 0 0 42
K -6 60 111
K 8 60 110
K 0 0 59
K 0 -24 59
A D 8 16 0
A P 1 192 0
J B 215 2007 1 82 6913 1152 0
J N 8 2039 40 6 1 0 0
K 0 0 42
K -6 60 111
K 8 60 110
K 0 0 59
K 0 -24 59
A D 8 16 0
A P 1 192 0
J B 216 2210 1 82 6913 1152 0
E *
L 1512 0 0 256 256 * 0 16 0
J D 0 -91 48 1 6913 0 0
W 0 0 31 Vla
J C 13 6 32 35 6913 0 0
J K 0 66 0 0 6913 0 0
J D 0 -28 -16 1 6913 0 0
W 0 0 0 \02\00\05
J N 6 117 0 2 1 0 1 153
K 0 0 43
A D 2 16 0
A P 1 186 0
J N 6 157 0 2 1729 288 1 153
K 0 0 43
A D 2 16 0
A P 1 186 0
J N 6 197 0 2 3457 288 1 153
K 0 0 43
A D 2 16 0
A P 1 186 0
J N 6 237 0 2 5185 288 1 153
K 0 0 43
A D 2 16 0
A P 1 186 0
H 153 B -52 0 109 4 2 1 1 3
J B 206 286 1 82 6913 288 0
J D 0 311 0 1 1 0 0
W 0 104 36 cresc.
J N 6 311 0 2 1 0 2 154 155
K 0 0 43
A D 2 16 0
A P 1 186 0
J N 6 351 56 2 1729 288 2 155 154
K 0 0 43
A D 2 16 0
A P 1 146 0
H 154 S 0 0 0 7 -39 0 0 0 0
J N 6 397 0 3 3457 288 1 155
K 0 0 43
K 0 -20 96
A D 2 16 0
A P 1 186 0
J N 6 437 0 3 5185 288 1 155
K 0 0 43
K 0 -20 96
A D 2 16 0
A P 1 186 0
H 155 B -32 0 109 4 2 1 1 3
J B 207 486 1 82 6913 288 0
J N 6 511 0 2 1 0 1 156
K 0 0 43
A D 2 16 0
A P 1 186 0
J N 6 551 0 2 1729 288 1 156
K 0 0 43
A D 2 16 0
A P 1 186 0
J N 6 591 0 2 3457 288 1 156
K 0 0 43
A D 2 16 0
A P 1 186 0
J N 6 631 0 2 5185 288 1 156
K 0 0 43
A D 2 16 0
A P 1 186 0
H 156 B -52 0 109 4 2 1 1 3
J B 208 680 1 82 6913 288 0
J N 6 705 0 2 1 0 1 157
K 0 0 43
A D 2 16 0
A P 1 186 0
J N 6 745 32 2 1729 288 1 157
K 0 0 43
A D 2 16 0
A P 1 163 0
J N 6 785 32 2 3457 288 1 157
K 0 0 43
A D 2 16 0
A P 1 163 0
J N 6 825 32 2 5185 288 1 157
K 0 0 43
A D 2 16 0
A P 1 163 0
H 157 B -77 2 109 4 2 1 1 3
J B 209 870 1 82 6913 288 0
J N 6 895 32 2 1 0 1 158
K 0 0 43
A D 2 16 0
A P 1 163 0
J N 6 935 32 2 1729 288 1 158
K 0 0 43
A D 2 16 0
A P 1 163 0
J N 6 975 32 2 3457 288 1 158
K 0 0 43
A D 2 16 0
A P 1 163 0
J N 6 1015 32 2 5185 288 1 158
K 0 0 43
A D 2 16 0
A P 1 163 0
H 158 B -48 0 109 4 2 1 1 3
J B 210 1060 1 82 6913 288 0
J N 6 1085 32 2 1 0 1 159
K 0 0 43
A D 2 16 0
A P 1 163 0
J N 6 1125 32 2 1729 288 1 159
K 0 0 43
A D 2 16 0
A P 1 163 0
J N 6 1165 32 2 3457 288 1 159
K 0 0 43
A D 2 16 0
A P 1 163 0
J N 6 1205 32 2 5185 288 1 159
K 0 0 43
A D 2 16 0
A P 1 163 0
H 159 B -48 0 109 4 2 1 1 3
J B 211 1250 1 82 6913 288 0
J N 6 1275 32 2 1 0 1 160
K 0 0 43
A D 2 16 0
A P 1 163 0
J N 6 1315 32 2 1729 288 1 160
K 0 0 43
A D 2 16 0
A P 1 163 0
J N 6 1355 32 2 3457 288 1 160
K 0 0 43
A D 2 16 0
A P 1 163 0
J N 6 1395 32 2 5185 288 1 160
K 0 0 43
A D 2 16 0
A P 1 163 0
H 160 B -48 0 109 4 2 1 1 3
J B 212 1440 1 82 6913 288 0
J N 8 1472 32 6 1 0 0
K -20 0 63
K 0 0 42
K 0 78 110
K 0 0 60
K 0 24 60
A D 8 16 0
A P 1 164 0
J B 213 1602 1 82 6913 1152 0
J N 8 1672 16 6 1 0 0
K 0 0 42
K -6 84 111
K 8 84 110
K 0 0 60
K 0 24 60
A D 8 16 0
A P 1 175 0
J B 214 1801 1 82 6913 1152 0
J N 6 1833 64 5 1 0 1 161
K -20 0 63
K 0 0 43
K -6 41 111
K 8 41 110
A D 2 16 0
A P 1 141 0
J N 6 1884 8 3 1729 288 1 161
K -20 0 63
K 0 0 43
A D 2 16 0
A P 1 181 0
J N 6 1923 8 2 3457 288 1 161
K 0 0 43
A D 2 16 0
A P 1 181 0
J N 6 1962 8 2 5185 288 1 161
K 0 0 43
A D 2 16 0
A P 1 181 0
H 161 B 88 -4 109 4 2 1 1 3
J B 215 2007 1 82 6913 288 0
J N 6 2039 64 5 1 0 1 162
K -17 0 64
K 0 0 43
K -6 41 111
K 8 41 110
A D 2 16 0
A P 1 140 0
J N 6 2087 8 3 1729 288 1 162
K -17 0 64
K 0 0 43
A D 2 16 0
A P 1 180 0
J N 6 2126 8 2 3457 288 1 162
K 0 0 43
A D 2 16 0
A P 1 180 0
J N 6 2165 8 2 5185 288 1 162
K 0 0 43
A D 2 16 0
A P 1 180 0
H 162 B 88 -4 109 4 2 1 1 3
J B 216 2210 1 82 6913 288 0
E *
L 1666 0 0 256 256 * 0 16 0
J D 0 -79 48 1 6913 0 0
W 0 -24 31 Vc
J D 0 -79 48 1 6913 0 0
W 0 24 31 Cb
J C 22 6 16 36 6913 0 0
J K 0 66 0 0 6913 0 0
J D 0 -28 -16 1 6913 0 0
W 0 0 0 \02\00\05
J N 7 117 -8 4 1 0 0
K 0 0 43
K 0 0 60
K 0 24 60
A D 4 16
J N 7 197 8 4 3457 576 0
K 0 0 43
K 0 0 60
K 0 24 60
A D 4 16
J B 206 286 1 82 6913 576 0
J D 0 311 0 1 1 0 0
W 0 100 36 cresc.
J N 7 311 -16 7 1 0 0
K 0 0 45
K 0 0 43
K -1 0 45
K 3 0 45
K 0 0 60
K 0 24 60
A D 4 16
J N 7 397 8 4 3457 576 0
K 0 0 43
K 0 0 60
K 0 24 60
A D 4 16
J B 207 486 1 82 6913 576 0
J N 7 511 -24 7 1 0 0
K 0 8 45
K 0 0 43
K 0 8 45
K 1 8 45
K 0 0 60
K 0 24 60
A D 4 16
J N 7 591 8 4 3457 576 0
K 0 0 43
K 0 0 60
K 0 24 60
A D 4 16
J B 208 680 1 82 6913 576 0
J N 7 705 -32 8 1 0 0
K 0 16 45
K 0 0 45
K 0 0 43
K -1 0 45
K 3 0 45
K 0 0 60
K 0 32 60
A D 4 16
J N 7 785 40 4 3457 576 0
K 0 0 43
K 0 0 59
K 0 -24 59
A D 4 16
J B 209 870 1 82 6913 576 0
J N 7 895 16 4 1 0 0
K 0 0 43
K 0 0 60
K 0 24 60
A D 4 16
J N 7 975 40 4 3457 576 0
K 0 0 43
K 0 0 59
K 0 -24 59
A D 4 16
J B 210 1060 1 82 6913 576 0
J N 7 1085 8 4 1 0 0
K 0 0 43
K 0 0 60
K 0 24 60
A D 4 16
J N 7 1165 40 4 3457 576 0
K 0 0 43
K 0 0 59
K 0 -24 59
A D 4 16
J B 211 1250 1 82 6913 576 0
J N 7 1275 0 4 1 0 0
K 0 0 43
K 0 0 60
K 0 24 60
A D 4 16
J N 7 1355 40 4 3457 576 0
K 0 0 43
K 0 0 59
K 0 -24 59
A D 4 16
J B 212 1440 1 82 6913 576 0
J N 6 1472 8 3 1 0 1 121
K 0 0 43
K 0 97 110
A D 2 16
J N 6 1504 -48 7 1729 288 1 121
K 0 32 45
K 0 16 45
K 0 0 45
K 0 0 43
K -1 0 45
K 3 0 45
A D 2 16
J N 6 1535 -48 7 3457 288 1 121
K 0 32 45
K 0 16 45
K 0 0 45
K 0 0 43
K -1 0 45
K 3 0 45
A D 2 16
J N 6 1566 -48 7 5185 288 1 121
K 0 32 45
K 0 16 45
K 0 0 45
K 0 0 43
K -1 0 45
K 3 0 45
A D 2 16
H 121 B -46 -7 109 4 2 1 1 3
J B 213 1602 1 82 6913 288 0
J N 6 1672 8 4 1 0 1 122
K 0 0 43
K -6 94 111
K 8 94 110
A D 2 16
J N 6 1703 -48 7 1729 288 1 122
K 0 32 45
K 0 16 45
K 0 0 45
K 0 0 43
K -1 0 45
K 3 0 45
A D 2 16
J N 6 1734 -48 7 3457 288 1 122
K 0 32 45
K 0 16 45
K 0 0 45
K 0 0 43
K -1 0 45
K 3 0 45
A D 2 16
J N 6 1765 -48 7 5185 288 1 122
K 0 32 45
K 0 16 45
K 0 0 45
K 0 0 43
K -1 0 45
K 3 0 45
A D 2 16
H 122 B -46 -7 109 4 2 1 1 3
J B 214 1801 1 82 6913 288 0
J N 6 1833 16 5 1 0 1 123
K -20 0 63
K 0 0 43
K -6 86 111
K 8 86 110
A D 2 16
J N 6 1884 -40 7 1729 288 1 123
K 0 24 45
K 0 8 45
K -20 0 63
K 0 0 43
K 0 8 45
K 1 8 45
A D 2 16
J N 6 1923 -40 6 3457 288 1 123
K 0 24 45
K 0 8 45
K 0 0 43
K 0 8 45
K 1 8 45
A D 2 16
J N 6 1962 -40 6 5185 288 1 123
K 0 24 45
K 0 8 45
K 0 0 43
K 0 8 45
K 1 8 45
A D 2 16
H 123 B -54 -5 109 4 2 1 1 3
J B 215 2007 1 82 6913 288 0
J N 6 2039 16 5 1 0 1 124
K -17 0 64
K 0 0 43
K -6 86 111
K 8 86 110
A D 2 16
J N 6 2087 -40 7 1729 288 1 124
K 0 24 45
K 0 8 45
K -17 0 64
K 0 0 43
K 0 8 45
K 1 8 45
A D 2 16
J N 6 2126 -40 6 3457 288 1 124
K 0 24 45
K 0 8 45
K 0 0 43
K 0 8 45
K 1 8 45
A D 2 16
J N 6 2165 -40 6 5185 288 1 124
K 0 24 45
K 0 8 45
K 0 0 43
K 0 8 45
K 1 8 45
A D 2 16
H 124 B -54 -5 109 4 2 1 1 3
J B 216 2210 1 82 6913 288 0
E *
B 1 286 0
B 1 486 0
B 1 680 0
B 1 870 0
B 1 1060 0
B 1 1250 0
B 1 1440 0
B 1 1602 0
B 1 1801 0
B 1 2007 0
B 1 2210 0
