@ SYSTEM: Beethoven: Symphony No. 3 -- Finale
S 0 200 140 2050 1593 12 "[....][{..}.](.)[{..}..]"
@ LINE: 1 Flutes
L 0 0 0 339 339 * 0 14 0
J D 0 -108 42 1 6913 0 0
W 0 0 31 Fl 1-2
J C 4 5 42 2 6913 0 0
K 0 0 33
K 0 0 34
J K -3 57 0 3 6913 0 0
K 0 28 65
K 13 7 65
K 26 35 65
J D 0 -27 -14 1 6913 0 0
W 0 0 37 \04\03\05
J N 5 139 -28 6 1 0 1 268
K 1 14 45
K 1 0 45
K 0 0 43
K -1 0 45
K 2 0 45
A D 6 96 0
A P 1 243 0
J N 5 139 -28 6 1 0 1 269
K 0 14 45
K 0 0 45
K 0 0 43
K -1 0 45
K 2 0 45
A D 6 96 0
A P 2 243 0
J N 5 170 -21 5 865 144 1 268
K 1 7 45
K 0 0 43
K 0 7 45
K 1 7 45
A D 6 96 0
A P 1 237 0
J N 5 170 -21 5 865 0 1 269
K 0 7 45
K 0 0 43
K 0 7 45
K 1 7 45
A D 6 96 0
A P 2 237 0
J N 5 210 -14 6 1729 144 1 268
K 1 0 45
K -14 0 64
K 0 0 43
K -1 0 45
K 2 0 45
A D 6 96 0
A P 1 232 0
J N 5 210 -14 5 1729 0 1 269
K 0 0 45
K 0 0 43
K -1 0 45
K 2 0 45
A D 6 96 0
A P 2 232 0
J N 5 241 -7 2 2593 144 1 268
K 0 0 43
A D 6 96 0
A P 1 226 0
H 268 B 45 4 108 4 22 11 11 33
J N 5 241 -7 2 2593 0 1 269
K 0 0 43
A D 6 96 0
A P 2 226 0
H 269 B -59 4 108 4 22 11 11 33
J N 5 282 -14 6 3457 144 1 270
K 1 0 45
K -15 0 65
K 0 0 43
K -1 0 45
K 2 0 45
A D 6 96 0
A P 1 231 0
J N 5 282 -14 5 3457 0 1 271
K 0 0 45
K 0 0 43
K -1 0 45
K 2 0 45
A D 6 96 0
A P 2 231 0
J N 5 313 -7 2 4321 144 1 270
K 0 0 43
A D 6 96 0
A P 1 226 0
J N 5 313 -7 2 4321 0 1 271
K 0 0 43
A D 6 96 0
A P 2 226 0
J N 5 344 0 2 5185 144 1 270
K 0 0 43
A D 6 96 0
A P 1 220 0
J N 5 344 0 2 5185 0 1 271
K 0 0 43
A D 6 96 0
A P 2 220 0
J N 5 375 7 2 6049 144 1 270
K 0 0 43
A D 6 96 0
A P 1 214 0
H 270 B 45 4 108 4 22 11 11 33
J N 5 375 7 2 6049 0 1 271
K 0 0 43
A D 6 96 0
A P 2 214 0
H 271 B -60 4 108 4 22 11 11 33
J B 436 408 1 82 6913 144 0
J N 6 429 14 3 1 0 0
K 0 0 43
K 0 0 51
A D 12 96 0
A P 1 209 0
J N 6 429 14 3 1 0 0
K 0 0 43
K 0 0 54
A D 12 96 0
A P 2 209 0
J N 5 491 0 10 1729 288 1 272
K 0 -14 45
K 0 -28 45
K 0 -42 45
K 0 -49 43
K 0 -42 45
K 1 -42 45
K 0 0 43
K 0 -49 60
K 0 -28 60
A D 6 96 0
A P 1 260 0
A P 2 220 0
J N 5 522 7 10 2593 144 1 272
K 0 -21 45
K 0 -35 45
K 0 -49 45
K 0 -49 43
K -1 -49 45
K 2 -49 45
K 0 0 43
K 0 -49 60
K 0 -28 60
A D 6 96 0
A P 1 254 0
A P 2 214 0
H 272 B -43 4 108 2 22 33
J N 5 553 -35 6 3457 144 1 273
K 1 21 45
K 1 7 45
K 0 0 43
K 0 7 45
K 1 7 45
A D 6 96 0
A P 1 249 0
J N 5 553 14 2 3457 0 1 274
K 0 0 43
A D 6 96 0
A P 2 209 0
J N 5 584 -21 5 4321 144 1 273
K 1 7 45
K 0 0 43
K 0 7 45
K 1 7 45
A D 6 96 0
A P 1 237 0
J N 5 584 -21 5 4321 0 1 274
K 0 7 45
K 0 0 43
K 0 7 45
K 1 7 45
A D 6 96 0
A P 2 237 0
J N 5 615 -28 6 5185 144 1 273
K 1 14 45
K 1 0 45
K 0 0 43
K -1 0 45
K 2 0 45
A D 6 96 0
A P 1 243 0
J N 5 615 -28 6 5185 0 1 274
K 0 14 45
K 0 0 45
K 0 0 43
K -1 0 45
K 2 0 45
A D 6 96 0
A P 2 243 0
J N 5 646 -35 6 6049 144 1 273
K 1 21 45
K 1 7 45
K 0 0 43
K 0 7 45
K 1 7 45
A D 6 96 0
A P 1 249 0
H 273 B 45 0 108 4 22 11 11 33
J N 5 646 -35 6 6049 0 1 274
K 0 21 45
K 0 7 45
K 0 0 43
K 0 7 45
K 1 7 45
A D 6 96 0
A P 2 249 0
H 274 B -47 -6 108 4 22 11 11 33
J B 437 679 1 82 6913 144 0
J N 6 700 -42 8 1 0 0
K 1 28 45
K 1 14 45
K 1 0 45
K 0 0 43
K -1 0 45
K 2 0 45
K 0 0 51
A D 12 96 0
A P 1 254 0
J N 6 700 -42 9 1 0 0
K 0 28 45
K 0 14 45
K 0 0 45
K 0 0 43
K -1 0 45
K 2 0 45
K 0 0 60
K 0 21 54
A D 12 96 0
A P 2 254 0
J R 6 762 28 2 1729 288 0
K 0 0 49
A D 12 96 1
A P 1 0 1
J R 7 832 28 2 3457 288 0
K 0 0 48
A D 24 96 0
A P 1 0 0
J B 438 958 1 82 6913 576 0
J R 9 1079 28 2 1 0 0
K 0 0 46
A D 48 96 0
A P 3 0 0
J B 439 1229 1 82 6913 1152 0
J R 9 1352 28 2 1 0 0
K 0 0 46
A D 48 96 0
A P 3 0 0
J B 440 1503 1 82 6913 1152 0
J R 9 1626 28 2 1 0 0
K 0 0 46
A D 48 96 0
A P 3 0 0
J B 441 1777 1 82 6913 1152 0
J R 6 1798 28 2 1 0 0
K 0 0 49
A D 12 96 1
A P 1 0 1
J R 5 1861 28 3 1729 288 0
K 0 14 49
K 4 0 50
A D 6 96 0
A P 1 0 0
J N 5 1894 -21 13 2593 144 0
K 0 7 45
K 0 -7 45
K 0 -21 45
K 0 -21 43
K -1 -21 45
K 2 -21 45
K 0 0 43
K 0 7 45
K 1 7 45
K 0 -21 60
K 0 0 60
K 0 0 56
A D 6 96 0
A P 1 254 0
A P 2 237 0
J N 6 1924 -21 17 3457 144 2 275 276
K 0 7 45
K 0 -7 45
K 0 -21 45
K 0 -35 45
K 0 -35 43
K -1 -35 45
K 2 -35 45
K 24 -41 44
K 0 0 43
K 0 7 45
K 1 7 45
K 25 0 44
K 0 106 111
K 12 106 110
K 0 -35 60
K 0 -28 60
A D 18 96 0
A P 1 266 0
A P 2 237 0
J N 5 2017 -21 11 6049 432 2 276 275
K 0 7 45
K 0 -7 45
K 0 -21 45
K 0 -21 43
K -1 -21 45
K 2 -21 45
K 0 0 43
K 0 7 45
K 1 7 45
K 0 -21 60
A D 6 96 0
A P 1 254 0
A P 2 237 0
H 276 B -50 0 108 2 2 53
H 275 S 0 0 -35 0 -21 0 0 0 0
J B 442 2050 1 82 6913 144 0
E *
@ LINE: 2 Oboes
L 132 0 0 339 339 * 0 14 0
J D 0 -119 42 1 6913 0 0
W 0 0 31 Ob 1-2
J C 4 5 42 2 6913 0 0
K 0 0 33
K 0 0 34
J K -3 57 0 3 6913 0 0
K 0 28 65
K 13 7 65
K 26 35 65
J D 0 -27 -14 1 6913 0 0
W 0 0 0 \04\03\05
J N 5 139 21 2 1 0 1 261
K 0 0 43
A D 6 96 0
A P 3 203 0
J N 5 170 -21 5 865 144 1 261
K 0 7 45
K 0 0 43
K 0 7 45
K 1 7 45
A D 6 96 0
A P 3 237 0
J N 5 210 -14 6 1729 144 1 261
K 0 0 45
K -14 0 64
K 0 0 43
K -1 0 45
K 2 0 45
A D 6 96 0
A P 3 232 0
J N 5 241 -7 2 2593 144 1 261
K 0 0 43
A D 6 96 0
A P 3 226 0
H 261 B -53 -5 108 4 22 11 11 33
J N 5 282 -14 6 3457 144 1 262
K 0 0 45
K -15 0 65
K 0 0 43
K -1 0 45
K 2 0 45
A D 6 96 0
A P 3 231 0
J N 5 313 -7 2 4321 144 1 262
K 0 0 43
A D 6 96 0
A P 3 226 0
J N 5 344 0 2 5185 144 1 262
K 0 0 43
A D 6 96 0
A P 3 220 0
J N 5 375 7 2 6049 144 1 262
K 0 0 43
A D 6 96 0
A P 3 214 0
H 262 B -60 4 108 4 22 11 11 33
J B 436 408 1 82 6913 144 0
J N 5 429 14 2 1 0 1 263
K 0 0 43
A D 6 96 0
A P 3 209 0
J N 5 460 7 2 865 144 1 263
K 0 0 43
A D 6 96 0
A P 3 214 0
J N 5 491 0 2 1729 144 1 263
K 0 0 43
A D 6 96 0
A P 3 220 0
J N 5 522 7 2 2593 144 1 263
K 0 0 43
A D 6 96 0
A P 3 214 0
H 263 B -46 -1 108 4 22 11 11 33
J N 5 553 14 2 3457 144 1 264
K 0 0 43
A D 6 96 0
A P 3 209 0
J N 5 584 28 2 4321 144 1 264
K 0 0 43
A D 6 96 0
A P 3 197 0
J N 5 615 21 2 5185 144 1 264
K 0 0 43
A D 6 96 0
A P 3 203 0
J N 5 646 14 2 6049 144 1 264
K 0 0 43
A D 6 96 0
A P 3 209 0
H 264 B -59 0 108 4 22 11 11 33
J B 437 679 1 82 6913 144 0
J N 6 700 7 3 1 0 0
K 0 0 43
K 0 0 54
A D 12 96 0
A P 3 214 0
J R 6 762 28 2 1729 288 0
K 0 0 49
A D 12 96 1
A P 3 0 1
J R 7 832 28 2 3457 288 0
K 0 0 48
A D 24 96 0
A P 3 0 0
J B 438 958 1 82 6913 576 0
J R 9 1079 28 2 1 0 0
K 0 0 46
A D 48 96 0
A P 3 0 0
J B 439 1229 1 82 6913 1152 0
J R 9 1352 28 2 1 0 0
K 0 0 46
A D 48 96 0
A P 3 0 0
J B 440 1503 1 82 6913 1152 0
J R 9 1626 28 2 1 0 0
K 0 0 46
A D 48 96 0
A P 3 0 0
J B 441 1777 1 82 6913 1152 0
J R 6 1798 28 2 1 0 0
K 0 0 49
A D 12 96 1
A P 1 0 1
J R 5 1861 28 3 1729 288 0
K 0 14 49
K 4 0 50
A D 6 96 0
A P 1 0 0
J N 5 1894 -7 8 2593 144 0
K 0 -7 45
K 0 -14 43
K 0 -7 45
K 1 -7 45
K 0 0 43
K 0 -14 60
K 0 0 56
A D 6 96 0
A P 1 237 0
A P 2 226 0
J N 6 1924 -7 11 3457 144 1 265
K 0 -7 45
K 0 -14 43
K 0 -7 45
K 1 -7 45
K 25 -14 44
K 0 0 43
K 25 0 44
K 0 92 111
K 12 92 110
K 0 -14 60
A D 18 96 0
A P 1 237 0
A P 2 226 0
J N 5 2017 -7 7 6049 432 1 265
K 0 -7 45
K 0 -14 43
K 0 -7 45
K 1 -7 45
K 0 0 43
K 0 -14 60
A D 6 96 0
A P 1 237 0
A P 2 226 0
H 265 B -50 0 108 2 2 53
J B 442 2050 1 82 6913 144 0
E *
@ LINE: 3 Clarinets
L 264 0 0 339 339 * 0 14 0
J D 0 -110 42 1 6913 0 0
W 0 -21 31 Cl 1-2
J D 0 -110 42 1 6913 0 0
W 0 21 31 (B\0.)
J C 4 5 42 2 6913 0 0
K 0 0 33
K 0 0 34
J K -1 57 0 1 6913 0 0
K 0 28 65
J D 0 -27 -14 1 6913 0 0
W 0 0 0 \04\03\05
J N 5 139 14 2 1 0 1 305
K 0 0 43
A D 6 96 0
A P 1 209 0
J N 5 139 14 2 1 0 1 306
K 0 0 43
A D 6 96 0
A P 2 209 0
J N 5 170 21 2 865 144 1 305
K 0 0 43
A D 6 96 0
A P 1 203 0
J N 5 170 21 2 865 0 1 306
K 0 0 43
A D 6 96 0
A P 2 203 0
J N 5 210 28 3 1729 144 1 305
K -14 0 64
K 0 0 43
A D 6 96 0
A P 1 198 0
J N 5 210 28 2 1729 0 1 306
K 0 0 43
A D 6 96 0
A P 2 198 0
J N 5 241 35 2 2593 144 1 305
K 0 0 43
A D 6 96 0
A P 1 192 0
H 305 B 45 4 108 4 22 11 11 33
J N 5 241 35 2 2593 0 1 306
K 0 0 43
A D 6 96 0
A P 2 192 0
H 306 B -59 4 108 4 22 11 11 33
J N 5 282 28 3 3457 144 1 307
K -15 0 65
K 0 0 43
A D 6 96 0
A P 1 197 0
J N 5 282 28 2 3457 0 1 308
K 0 0 43
A D 6 96 0
A P 2 197 0
J N 5 313 35 2 4321 144 1 307
K 0 0 43
A D 6 96 0
A P 1 192 0
J N 5 313 35 2 4321 0 1 308
K 0 0 43
A D 6 96 0
A P 2 192 0
J N 5 344 42 2 5185 144 1 307
K 0 0 43
A D 6 96 0
A P 1 186 0
J N 5 344 42 2 5185 0 1 308
K 0 0 43
A D 6 96 0
A P 2 186 0
J N 5 375 49 2 6049 144 1 307
K 0 0 43
A D 6 96 0
A P 1 180 0
H 307 B 44 4 108 4 22 11 11 33
J N 5 375 49 2 6049 0 1 308
K 0 0 43
A D 6 96 0
A P 2 180 0
H 308 B -54 4 108 4 22 11 11 33
J B 436 408 1 82 6913 144 0
J N 5 429 56 2 1 0 1 309
K 0 0 43
A D 6 96 0
A P 1 175 0
J N 5 429 56 2 1 0 1 310
K 0 0 43
A D 6 96 0
A P 2 175 0
J N 5 460 49 2 865 144 1 309
K 0 0 43
A D 6 96 0
A P 1 180 0
J N 5 460 49 2 865 0 1 310
K 0 0 43
A D 6 96 0
A P 2 180 0
J N 5 491 42 2 1729 144 1 309
K 0 0 43
A D 6 96 0
A P 1 186 0
J N 5 491 42 2 1729 0 1 310
K 0 0 43
A D 6 96 0
A P 2 186 0
J N 5 522 49 2 2593 144 1 309
K 0 0 43
A D 6 96 0
A P 1 180 0
H 309 B 57 -1 108 4 22 11 11 33
J N 5 522 49 2 2593 0 1 310
K 0 0 43
A D 6 96 0
A P 2 180 0
H 310 B -45 -1 108 4 22 11 11 33
J N 5 553 56 2 3457 144 1 311
K 0 0 43
A D 6 96 0
A P 1 175 0
J N 5 553 56 2 3457 0 1 312
K 0 0 43
A D 6 96 0
A P 2 175 0
J N 5 584 70 5 4321 144 1 311
K 1 0 45
K 0 0 43
K -1 0 45
K 2 0 45
A D 6 96 0
A P 1 163 0
J N 5 584 70 5 4321 0 1 312
K 0 0 45
K 0 0 43
K -1 0 45
K 2 0 45
A D 6 96 0
A P 2 163 0
J N 5 615 63 2 5185 144 1 311
K 0 0 43
A D 6 96 0
A P 1 169 0
J N 5 615 63 2 5185 0 1 312
K 0 0 43
A D 6 96 0
A P 2 169 0
J N 5 646 56 2 6049 144 1 311
K 0 0 43
A D 6 96 0
A P 1 175 0
H 311 B 46 0 108 4 22 11 11 33
J N 5 646 56 2 6049 0 1 312
K 0 0 43
A D 6 96 0
A P 2 175 0
H 312 B -59 0 108 4 22 11 11 33
J B 437 679 1 82 6913 144 0
J N 6 700 49 3 1 0 0
K 0 0 43
K 0 0 53
A D 12 96 0
A P 1 180 0
J N 6 700 49 3 1 0 0
K 0 0 43
K 0 0 52
A D 12 96 0
A P 2 180 0
J R 6 762 28 2 1729 288 0
K 0 0 49
A D 12 96 1
A P 1 0 1
J R 7 832 28 2 3457 288 0
K 0 0 48
A D 24 96 0
A P 1 0 0
J B 438 958 1 82 6913 576 0
J R 9 1079 28 2 1 0 0
K 0 0 46
A D 48 96 0
A P 3 0 0
J B 439 1229 1 82 6913 1152 0
J R 6 1250 28 2 1 0 0
K 0 0 49
A D 12 96 1
A P 1 0 1
J R 5 1310 28 3 1729 288 0
K 0 14 49
K 4 0 50
A D 6 96 0
A P 1 0 0
J N 5 1343 35 6 2593 144 0
K 0 -35 43
K 0 0 43
K 0 -35 60
K 0 -28 60
K 0 0 56
A D 6 96 0
A P 1 220 0
A P 2 192 0
J N 6 1380 21 12 3457 144 2 313 314
K 0 -35 45
K 0 -35 43
K -1 -35 45
K 2 -35 45
K 24 -41 44
K 0 0 43
K 25 0 44
K 0 84 111
K 12 84 110
K 0 -35 60
K 0 -28 60
A D 18 96 0
A P 1 232 0
A P 2 203 0
J N 5 1470 35 5 6049 432 2 314 313
K 0 -35 43
K 0 0 43
K 0 -35 60
K 0 -28 60
A D 6 96 0
A P 1 220 0
A P 2 192 0
H 314 B -50 3 108 2 2 53
H 313 S 0 0 -35 0 -35 0 0 0 0
J B 440 1503 1 82 6913 144 0
J N 6 1524 42 5 1 0 1 315
K 0 -35 43
K 0 0 43
K 0 -35 60
K 0 -28 60
A D 12 96 0
A P 1 215 0
A P 2 186 0
J R 5 1584 28 3 1729 288 0
K 0 14 49
K 4 0 50
A D 6 96 0
A P 1 0 0
J N 5 1617 28 5 2593 144 1 315
K 0 -35 43
K 0 0 43
K 0 -35 60
K 0 -28 60
A D 6 96 0
A P 1 226 0
A P 2 197 0
H 315 B -45 -3 108 2 2 53
J N 6 1654 7 11 3457 144 2 316 317
K 0 -21 45
K 0 -28 43
K 0 -21 45
K 1 -21 45
K 25 -28 44
K 0 0 43
K 25 0 44
K 0 92 111
K 12 92 110
K 0 -28 60
A D 18 96 0
A P 1 237 0
A P 2 215 0
J N 5 1744 28 5 6049 432 2 317 316
K 0 -35 43
K 0 0 43
K 0 -35 60
K 0 -28 60
A D 6 96 0
A P 1 226 0
A P 2 197 0
H 317 B -54 4 108 2 2 53
H 316 S 0 0 -28 0 -35 0 0 0 0
J B 441 1777 1 82 6913 144 0
J N 7 1798 35 10 1 0 0
K 0 -35 43
K 0 0 43
K 0 -35 60
K 0 -28 60
K 0 0 60
K 0 28 60
K 0 30 60
K -17 49 125
K -17 35 125
A D 24 96 0
A P 1 220 0
A P 2 192 0
J N 6 1924 21 12 3457 576 2 318 319
K 0 -35 45
K 0 -35 43
K -1 -35 45
K 2 -35 45
K 24 -41 44
K 0 0 43
K 25 0 44
K 0 82 111
K 12 82 110
K 0 -35 60
K 0 -28 60
A D 18 96 0
A P 1 232 0
A P 2 203 0
J N 5 2017 35 5 6049 432 2 319 318
K 0 -35 43
K 0 0 43
K 0 -35 60
K 0 -28 60
A D 6 96 0
A P 1 220 0
A P 2 192 0
H 319 B -50 3 108 2 2 53
H 318 S 0 0 -35 0 -35 0 0 0 0
J B 442 2050 1 82 6913 144 0
E *
@ LINE: 4 Bassoons
L 396 0 0 339 339 * 0 14 0
J D 0 -130 42 1 6913 0 0
W 0 0 31 Fag 1-2
J C 22 5 14 36 6913 0 0
J K -3 57 0 3 6913 0 0
K 0 42 65
K 13 21 65
K 26 49 65
J D 0 -27 -14 1 6913 0 0
W 0 0 0 \04\03\05
J N 5 139 35 2 1 0 1 241
K 0 0 43
A D 6 96 0
A P 3 123 0
J N 5 170 -7 2 865 144 1 241
K 0 0 43
A D 6 96 0
A P 3 157 0
J N 5 210 0 3 1729 144 1 241
K -14 0 64
K 0 0 43
A D 6 96 0
A P 3 152 0
J N 5 241 7 2 2593 144 1 241
K 0 0 43
A D 6 96 0
A P 3 146 0
H 241 B -53 -5 108 4 22 11 11 33
J N 5 282 0 3 3457 144 1 242
K -15 0 65
K 0 0 43
A D 6 96 0
A P 3 151 0
J N 5 313 7 2 4321 144 1 242
K 0 0 43
A D 6 96 0
A P 3 146 0
J N 5 344 14 2 5185 144 1 242
K 0 0 43
A D 6 96 0
A P 3 140 0
J N 5 375 21 2 6049 144 1 242
K 0 0 43
A D 6 96 0
A P 3 134 0
H 242 B -60 4 108 4 22 11 11 33
J B 436 408 1 82 6913 144 0
J N 5 429 28 2 1 0 1 243
K 0 0 43
A D 6 96 0
A P 3 129 0
J N 5 460 21 2 865 144 1 243
K 0 0 43
A D 6 96 0
A P 3 134 0
J N 5 491 14 2 1729 144 1 243
K 0 0 43
A D 6 96 0
A P 3 140 0
J N 5 522 21 2 2593 144 1 243
K 0 0 43
A D 6 96 0
A P 3 134 0
H 243 B -46 -1 108 4 22 11 11 33
J N 5 553 28 2 3457 144 1 244
K 0 0 43
A D 6 96 0
A P 3 129 0
J N 5 584 42 2 4321 144 1 244
K 0 0 43
A D 6 96 0
A P 3 117 0
J N 5 615 35 2 5185 144 1 244
K 0 0 43
A D 6 96 0
A P 3 123 0
J N 5 646 28 2 6049 144 1 244
K 0 0 43
A D 6 96 0
A P 3 129 0
H 244 B 45 0 108 4 22 11 11 33
J B 437 679 1 82 6913 144 0
J N 6 700 21 3 1 0 0
K 0 0 43
K 0 0 54
A D 12 96 0
A P 3 134 0
J R 5 762 28 3 1729 288 0
K 0 14 49
K 4 0 50
A D 6 96 0
A P 1 0 0
J N 5 795 21 6 2593 144 0
K 0 0 43
K 0 35 43
K 0 35 59
K 0 28 59
K 0 0 55
A D 6 96 0
A P 1 134 0
A P 2 106 0
J N 6 832 7 8 3457 144 2 245 246
K 0 0 43
K 25 0 44
K 0 14 43
K 25 14 44
K 0 81 111
K 12 81 110
K 0 14 59
A D 18 96 0
A P 1 146 0
A P 2 134 0
J N 5 925 21 5 6049 432 2 246 245
K 0 0 43
K 0 35 43
K 0 35 59
K 0 28 59
A D 6 96 0
A P 1 134 0
A P 2 106 0
H 246 B 45 3 108 2 2 53
H 245 S 12 0 14 0 35 0 0 0 0
J B 438 958 1 82 6913 144 0
J N 6 979 42 4 1 0 1 247
K 0 -28 43
K 0 0 43
K 0 -28 60
A D 12 96 0
A P 1 140 0
A P 2 117 0
J R 5 1041 28 3 1729 288 0
K 0 14 49
K 4 0 50
A D 6 96 0
A P 1 0 0
J N 5 1074 42 4 2593 144 1 247
K 0 -28 43
K 0 0 43
K 0 -28 60
A D 6 96 0
A P 1 140 0
A P 2 117 0
H 247 B -45 0 108 2 2 53
J N 6 1105 14 8 3457 144 2 248 249
K 0 -14 43
K 24 -20 44
K 0 0 43
K 24 -6 44
K -12 -42 111
K 0 -42 110
K 0 -14 60
A D 18 96 0
A P 1 151 0
A P 2 140 0
J N 5 1196 42 4 6049 432 2 249 248
K 0 -28 43
K 0 0 43
K 0 -28 60
A D 6 96 0
A P 1 140 0
A P 2 117 0
H 249 B -55 6 108 2 2 53
H 248 S 0 0 -14 0 -28 0 0 0 0
J B 439 1229 1 82 6913 144 0
J N 7 1250 21 10 1 0 0
K 0 0 43
K 0 35 43
K 0 35 59
K 0 28 59
K 0 0 59
K 0 -28 59
K 0 -30 59
K 0 -49 125
K 0 -35 125
A D 24 96 0
A P 1 134 0
A P 2 106 0
J N 6 1380 7 8 3457 576 2 250 251
K 0 0 43
K 25 0 44
K 0 14 43
K 25 14 44
K 0 81 111
K 12 81 110
K 0 14 59
A D 18 96 0
A P 1 146 0
A P 2 134 0
J N 5 1470 21 5 6049 432 2 251 250
K 0 0 43
K 0 35 43
K 0 35 59
K 0 28 59
A D 6 96 0
A P 1 134 0
A P 2 106 0
H 251 B 45 3 108 2 2 53
H 250 S 12 0 14 0 35 0 0 0 0
J B 440 1503 1 82 6913 144 0
J N 7 1524 42 8 1 0 0
K 0 -28 43
K 0 0 43
K 0 -28 60
K 0 0 60
K 0 23 60
K -17 42 125
K -17 28 125
A D 24 96 0
A P 1 140 0
A P 2 117 0
J N 6 1654 14 8 3457 576 2 252 253
K 0 -14 43
K 24 -20 44
K 0 0 43
K 24 -6 44
K 0 91 111
K 12 91 110
K 0 -14 60
A D 18 96 0
A P 1 151 0
A P 2 140 0
J N 5 1744 42 4 6049 432 2 253 252
K 0 -28 43
K 0 0 43
K 0 -28 60
A D 6 96 0
A P 1 140 0
A P 2 117 0
H 253 B -55 6 108 2 2 53
H 252 S 0 0 -14 0 -28 0 0 0 0
J B 441 1777 1 82 6913 144 0
J N 5 1798 7 4 1 0 2 254 255
K 0 0 43
K 0 14 43
K 0 14 59
A D 6 96 0
A P 1 146 0
A P 2 134 0
J N 5 1831 21 5 865 144 2 255 254
K 0 0 43
K 0 35 43
K 0 35 59
K 0 28 59
A D 6 96 0
A P 1 134 0
A P 2 106 0
H 254 S 12 0 14 0 35 0 0 0 0
J N 5 1861 21 6 1729 144 1 255
K 0 0 43
K 0 35 43
K 0 52 96
K 0 35 59
K 0 28 59
A D 6 96 0
A P 1 134 0
A P 2 106 0
J N 5 1894 21 6 2593 144 1 255
K 0 0 43
K 0 35 43
K 0 52 96
K 0 35 59
K 0 28 59
A D 6 96 0
A P 1 134 0
A P 2 106 0
H 255 B 45 2 108 4 22 11 11 33
J N 5 1924 7 6 3457 144 2 256 257
K 0 0 43
K 0 14 43
K 0 85 111
K 12 85 110
K 0 14 59
A D 6 96 0
A P 1 146 0
A P 2 134 0
J N 5 1957 21 5 4321 144 2 257 256
K 0 0 43
K 0 35 43
K 0 35 59
K 0 28 59
A D 6 96 0
A P 1 134 0
A P 2 106 0
H 256 S 12 0 14 0 35 0 0 0 0
J N 5 1987 21 6 5185 144 1 257
K 0 0 43
K 0 35 43
K 0 52 96
K 0 35 59
K 0 28 59
A D 6 96 0
A P 1 134 0
A P 2 106 0
J N 5 2017 21 6 6049 144 1 257
K 0 0 43
K 0 35 43
K 0 52 96
K 0 35 59
K 0 28 59
A D 6 96 0
A P 1 134 0
A P 2 106 0
H 257 B 45 3 108 4 22 11 11 33
J B 442 2050 1 82 6913 144 0
E *
@ LINE: 5 Horns 1 & 2
L 551 0 0 339 339 * 0 14 0
J D 0 -138 42 1 6913 0 0
W 0 -21 31 Cor 1-2
J D 0 -138 42 1 6913 0 0
W 0 21 31 (E\0.)
J C 4 5 42 2 6913 0 0
K 0 0 33
K 0 0 34
J K 0 57 0 0 6913 0 0
J D 0 -27 -14 1 6913 0 0
W 0 0 0 \04\03\05
J R 9 249 28 2 1 0 0
K 0 0 46
A D 48 96 0
A P 3 0 0
J B 436 408 1 82 6913 1152 0
J R 9 529 28 2 1 0 0
K 0 0 46
A D 48 96 0
A P 3 0 0
J B 437 679 1 82 6913 1152 0
J R 6 700 28 2 1 0 0
K 0 0 49
A D 12 96 1
A P 1 0 1
J R 5 762 28 3 1729 288 0
K 0 14 49
K 4 0 50
A D 6 96 0
A P 1 0 0
J N 5 795 21 6 2593 144 0
K 0 0 43
K 0 35 43
K 0 35 59
K 0 28 59
K 0 0 55
A D 6 96 0
A P 1 203 0
A P 2 175 0
J N 6 832 7 8 3457 144 2 159 160
K 0 0 43
K 25 0 44
K 0 14 43
K 25 14 44
K 0 81 111
K 12 81 110
K 0 14 59
A D 18 96 0
A P 1 215 0
A P 2 203 0
J N 5 925 21 5 6049 432 2 160 159
K 0 0 43
K 0 35 43
K 0 35 59
K 0 28 59
A D 6 96 0
A P 1 203 0
A P 2 175 0
H 160 B 45 3 108 2 2 53
H 159 S 12 0 14 0 35 0 0 0 0
J B 438 958 1 82 6913 144 0
J N 6 979 42 4 1 0 1 161
K 0 -28 43
K 0 0 43
K 0 -28 60
A D 12 96 0
A P 1 209 0
A P 2 186 0
J R 5 1041 28 3 1729 288 0
K 0 14 49
K 4 0 50
A D 6 96 0
A P 1 0 0
J N 5 1074 42 4 2593 144 1 161
K 0 -28 43
K 0 0 43
K 0 -28 60
A D 6 96 0
A P 1 209 0
A P 2 186 0
H 161 B -45 0 108 2 2 53
J N 6 1105 14 8 3457 144 2 162 163
K 0 -14 43
K 24 -20 44
K 0 0 43
K 24 -6 44
K 0 91 111
K 12 91 110
K 0 -14 60
A D 18 96 0
A P 1 220 0
A P 2 209 0
J N 5 1196 42 4 6049 432 2 163 162
K 0 -28 43
K 0 0 43
K 0 -28 60
A D 6 96 0
A P 1 209 0
A P 2 186 0
H 163 B -55 6 108 2 2 53
H 162 S 0 0 -14 0 -28 0 0 0 0
J B 439 1229 1 82 6913 144 0
J N 7 1250 21 10 1 0 0
K 0 0 43
K 0 35 43
K 0 35 59
K 0 28 59
K 0 0 59
K 0 -28 59
K 0 -30 59
K 0 -49 125
K 0 -35 125
A D 24 96 0
A P 1 203 0
A P 2 175 0
J N 6 1380 7 8 3457 576 2 164 165
K 0 0 43
K 25 0 44
K 0 14 43
K 25 14 44
K 0 85 111
K 12 85 110
K 0 14 59
A D 18 96 0
A P 1 215 0
A P 2 203 0
J N 5 1470 21 5 6049 432 2 165 164
K 0 0 43
K 0 35 43
K 0 35 59
K 0 28 59
A D 6 96 0
A P 1 203 0
A P 2 175 0
H 165 B 45 3 108 2 2 53
H 164 S 12 0 14 0 35 0 0 0 0
J B 440 1503 1 82 6913 144 0
J N 7 1524 42 8 1 0 0
K 0 -28 43
K 0 0 43
K 0 -28 60
K 0 0 60
K 0 23 60
K -17 42 125
K -17 28 125
A D 24 96 0
A P 1 209 0
A P 2 186 0
J N 6 1654 14 8 3457 576 2 166 167
K 0 -14 43
K 24 -20 44
K 0 0 43
K 24 -6 44
K 0 91 111
K 12 91 110
K 0 -14 60
A D 18 96 0
A P 1 220 0
A P 2 209 0
J N 5 1744 42 4 6049 432 2 167 166
K 0 -28 43
K 0 0 43
K 0 -28 60
A D 6 96 0
A P 1 209 0
A P 2 186 0
H 167 B -55 6 108 2 2 53
H 166 S 0 0 -14 0 -28 0 0 0 0
J B 441 1777 1 82 6913 144 0
J N 7 1798 21 10 1 0 0
K 0 0 43
K 0 35 43
K 0 35 59
K 0 28 59
K 0 0 59
K 0 -28 59
K 0 -30 59
K 0 -49 125
K 0 -35 125
A D 24 96 0
A P 1 203 0
A P 2 175 0
J N 5 1924 7 6 3457 576 2 168 169
K 0 0 43
K 0 14 43
K 0 85 111
K 12 85 110
K 0 14 59
A D 6 96 0
A P 1 215 0
A P 2 203 0
J N 5 1957 21 5 4321 144 2 169 168
K 0 0 43
K 0 35 43
K 0 35 59
K 0 28 59
A D 6 96 0
A P 1 203 0
A P 2 175 0
H 168 S 12 0 14 0 35 0 0 0 0
J N 5 1987 21 6 5185 144 1 169
K 0 0 43
K 0 35 43
K 0 52 96
K 0 35 59
K 0 28 59
A D 6 96 0
A P 1 203 0
A P 2 175 0
J N 5 2017 21 6 6049 144 1 169
K 0 0 43
K 0 35 43
K 0 52 96
K 0 35 59
K 0 28 59
A D 6 96 0
A P 1 203 0
A P 2 175 0
H 169 B 45 3 108 4 22 11 11 33
J B 442 2050 1 82 6913 144 0
E *
@ LINE: 6 Horn 3
L 696 0 0 339 339 * 0 14 0
J D 0 -112 42 1 6913 0 0
W 0 -21 31 Cor 3
J D 0 -112 42 1 6913 0 0
W 0 21 31 (E\0.)
J C 4 5 42 2 6913 0 0
K 0 0 33
K 0 0 34
J K 0 57 0 0 6913 0 0
J D 0 -27 -14 1 6913 0 0
W 0 0 0 \04\03\05
J R 9 249 28 2 1 0 0
K 0 0 46
A D 16 32 0
A P 1 0 0
J B 436 408 1 82 6913 1152 0
J R 9 529 28 2 1 0 0
K 0 0 46
A D 16 32 0
A P 1 0 0
J B 437 679 1 82 6913 1152 0
J R 9 804 28 2 1 0 0
K 0 0 46
A D 16 32 0
A P 1 0 0
J B 438 958 1 82 6913 1152 0
J R 9 1079 28 2 1 0 0
K 0 0 46
A D 16 32 0
A P 1 0 0
J B 439 1229 1 82 6913 1152 0
J R 6 1250 28 2 1 0 0
K 0 0 49
A D 4 32 1
A P 1 0 1
J R 5 1310 28 3 1729 288 0
K 0 14 49
K 4 0 50
A D 2 32 0
A P 1 0 0
J N 5 1343 42 3 2593 144 0
K 0 0 43
K 0 0 55
A D 2 32 0
A P 1 186 0
J N 6 1380 21 5 3457 144 2 100 101
K 0 0 43
K 25 0 44
K 0 65 111
K 12 65 110
A D 6 32 0
A P 1 203 0
J N 5 1470 42 2 6049 432 2 101 100
K 0 0 43
A D 2 32 0
A P 1 186 0
H 101 B 45 4 108 2 2 53
H 100 S 12 0 0 0 0 0 0 0 0
J B 440 1503 1 82 6913 144 0
J R 6 1524 28 2 1 0 0
K 0 0 49
A D 4 32 1
A P 1 0 1
J R 5 1584 28 3 1729 288 0
K 0 14 49
K 4 0 50
A D 2 32 0
A P 1 0 0
J N 5 1617 42 3 2593 144 0
K 0 0 43
K 0 0 55
A D 2 32 0
A P 1 186 0
J N 6 1654 42 5 3457 144 1 102
K 0 0 43
K 24 -6 44
K 0 44 111
K 12 44 110
A D 6 32 0
A P 1 186 0
J N 5 1744 42 2 6049 432 1 102
K 0 0 43
A D 2 32 0
A P 1 186 0
H 102 B 46 0 108 2 2 53
J B 441 1777 1 82 6913 144 0
J R 5 1798 28 3 1 0 0
K 0 14 49
K 4 0 50
A D 2 32 0
A P 1 0 0
J N 5 1831 42 2 865 144 1 103
K 0 0 43
A D 2 32 0
A P 1 186 0
J N 5 1861 42 2 1729 144 1 103
K 0 0 43
A D 2 32 0
A P 1 186 0
J N 5 1894 42 2 2593 144 1 103
K 0 0 43
A D 2 32 0
A P 1 186 0
H 103 B 46 0 108 3 22 11 33
J N 5 1924 21 4 3457 144 2 104 105
K 0 0 43
K 0 65 111
K 12 65 110
A D 2 32 0
A P 1 203 0
J N 5 1957 42 2 4321 144 2 105 104
K 0 0 43
A D 2 32 0
A P 1 186 0
H 104 S 12 0 0 0 0 0 0 0 0
J N 5 1987 42 3 5185 144 1 105
K 0 0 43
K 0 21 96
A D 2 32 0
A P 1 186 0
J N 5 2017 42 3 6049 144 1 105
K 0 0 43
K 0 21 96
A D 2 32 0
A P 1 186 0
H 105 B 51 4 108 4 22 11 11 33
J B 442 2050 1 82 6913 144 0
E *
@ LINE: 7 Trumpets
L 836 0 0 339 339 * 0 14 0
J D 0 -111 42 1 6913 0 0
W 0 -21 31 Tr 1-2
J D 0 -111 42 1 6913 0 0
W 0 21 31 (E\0.)
J C 4 5 42 2 6913 0 0
K 0 0 33
K 0 0 34
J K 0 57 0 0 6913 0 0
J D 0 -27 -14 1 6913 0 0
W 0 0 0 \04\03\05
J R 9 249 28 2 1 0 0
K 0 0 46
A D 8 16 0
A P 3 0 0
J B 436 408 1 82 6913 1152 0
J R 9 529 28 2 1 0 0
K 0 0 46
A D 8 16 0
A P 3 0 0
J B 437 679 1 82 6913 1152 0
J R 9 804 28 2 1 0 0
K 0 0 46
A D 8 16 0
A P 3 0 0
J B 438 958 1 82 6913 1152 0
J R 9 1079 28 2 1 0 0
K 0 0 46
A D 8 16 0
A P 3 0 0
J B 439 1229 1 82 6913 1152 0
J R 9 1352 28 2 1 0 0
K 0 0 46
A D 8 16 0
A P 3 0 0
J B 440 1503 1 82 6913 1152 0
J R 9 1626 28 2 1 0 0
K 0 0 46
A D 8 16 0
A P 3 0 0
J B 441 1777 1 82 6913 1152 0
J N 6 1798 21 9 1 0 0
K 1 49 45
K 0 0 43
K 0 49 43
K -1 49 45
K 2 49 45
K 0 49 59
K 0 28 59
K 0 0 51
A D 2 16 0
A P 1 203 0
A P 2 163 0
J R 6 1861 28 2 1729 288 0
K 0 0 49
A D 2 16 1
A P 1 0 1
J R 7 1924 28 2 3457 288 0
K 0 0 48
A D 4 16 0
A P 1 0 0
J B 442 2050 1 82 6913 576 0
E *
@ LINE: 8 Timpani
L 981 0 0 339 339 * 0 14 0
J D 0 -121 42 1 6913 0 0
W 0 -21 31 Timp.
J D 0 -121 42 1 6913 0 0
W 0 21 31 (E\0.-B\0.)
J C 22 5 14 36 6913 0 0
J K 0 57 0 0 6913 0 0
J D 0 -27 -14 1 6913 0 0
W 0 0 0 \04\03\05
J R 9 249 28 2 1 0 0
K 0 0 46
A D 24 48 0
A P 1 0 0
J B 436 408 1 82 6913 1152 0
J R 9 529 28 2 1 0 0
K 0 0 46
A D 24 48 0
A P 1 0 0
J B 437 679 1 82 6913 1152 0
J R 9 804 28 2 1 0 0
K 0 0 46
A D 24 48 0
A P 1 0 0
J B 438 958 1 82 6913 1152 0
J R 9 1079 28 2 1 0 0
K 0 0 46
A D 24 48 0
A P 1 0 0
J B 439 1229 1 82 6913 1152 0
J R 9 1352 28 2 1 0 0
K 0 0 46
A D 24 48 0
A P 1 0 0
J B 440 1503 1 82 6913 1152 0
J R 9 1626 28 2 1 0 0
K 0 0 46
A D 24 48 0
A P 1 0 0
J B 441 1777 1 82 6913 1152 0
J N 6 1798 21 3 1 0 0
K 0 0 43
K 0 0 54
A D 6 48 0
A P 1 134 0
J R 6 1861 28 2 1729 288 0
K 0 0 49
A D 6 48 1
A P 1 0 1
J R 7 1924 28 2 3457 288 0
K 0 0 48
A D 12 48 0
A P 1 0 0
J B 442 2050 1 82 6913 576 0
E *
@ LINE: 9 Violin I
L 1133 0 0 339 339 * 0 14 0
J D 0 -116 42 1 6913 0 0
W 0 0 31 Vln I
J C 4 5 42 2 6913 0 0
K 0 0 33
K 0 0 34
J K -3 57 0 3 6913 0 0
K 0 28 65
K 13 7 65
K 26 35 65
J D 0 -27 -14 1 6913 0 0
W 0 0 0 \04\03\05
J N 5 139 21 2 1 0 1 506
K 0 0 43
A D 6 96 0
A P 1 203 0
J N 5 170 28 2 865 144 1 506
K 0 0 43
A D 6 96 0
A P 1 197 0
J N 5 210 35 3 1729 144 1 506
K -14 0 64
K 0 0 43
A D 6 96 0
A P 1 192 0
J N 5 241 42 2 2593 144 1 506
K 0 0 43
A D 6 96 0
A P 1 186 0
H 506 B 62 4 108 4 622 611 611 633
J N 5 282 35 3 3457 144 1 507
K -15 0 65
K 0 0 43
A D 6 96 0
A P 1 191 0
J N 5 313 42 2 4321 144 1 507
K 0 0 43
A D 6 96 0
A P 1 186 0
J N 5 344 49 2 5185 144 1 507
K 0 0 43
A D 6 96 0
A P 1 180 0
J N 5 375 56 2 6049 144 1 507
K 0 0 43
A D 6 96 0
A P 1 174 0
H 507 B 61 4 108 4 622 611 611 633
J B 436 408 1 82 6913 144 0
J N 5 429 63 2 1 0 1 508
K 0 0 43
A D 6 96 0
A P 1 169 0
J N 5 460 56 2 865 144 1 508
K 0 0 43
A D 6 96 0
A P 1 174 0
J N 5 491 49 2 1729 144 1 508
K 0 0 43
A D 6 96 0
A P 1 180 0
J N 5 522 56 2 2593 144 1 508
K 0 0 43
A D 6 96 0
A P 1 174 0
H 508 B 63 -1 108 4 622 611 611 633
J N 5 553 63 2 3457 144 1 509
K 0 0 43
A D 6 96 0
A P 1 169 0
J N 5 584 77 5 4321 144 1 509
K 1 -7 45
K 0 0 43
K 0 -7 45
K 1 -7 45
A D 6 96 0
A P 1 157 0
J N 5 615 70 5 5185 144 1 509
K 1 0 45
K 0 0 43
K -1 0 45
K 2 0 45
A D 6 96 0
A P 1 163 0
J N 5 646 63 2 6049 144 1 509
K 0 0 43
A D 6 96 0
A P 1 169 0
H 509 B 64 0 108 4 622 611 611 633
J B 437 679 1 82 6913 144 0
J N 5 700 56 2 1 0 1 510
K 0 0 43
A D 6 96 0
A P 1 174 0
J N 5 731 77 5 865 144 1 510
K 1 -7 45
K 0 0 43
K 0 -7 45
K 1 -7 45
A D 6 96 0
A P 1 157 0
J N 5 762 56 2 1729 144 1 510
K 0 0 43
A D 6 96 0
A P 1 174 0
J N 5 795 42 2 2593 144 1 510
K 0 0 43
A D 6 96 0
A P 1 186 0
H 510 B 67 -1 108 4 622 611 611 633
J N 5 832 28 2 3457 144 1 511
K 0 0 43
A D 6 96 0
A P 1 197 0
J N 5 863 42 2 4321 144 1 511
K 0 0 43
A D 6 96 0
A P 1 186 0
J N 5 894 56 2 5185 144 1 511
K 0 0 43
A D 6 96 0
A P 1 174 0
J N 5 925 77 5 6049 144 1 511
K 1 -7 45
K 0 0 43
K 0 -7 45
K 1 -7 45
A D 6 96 0
A P 1 157 0
H 511 B 57 6 108 4 622 611 611 633
J B 438 958 1 82 6913 144 0
J N 5 979 49 2 1 0 1 512
K 0 0 43
A D 6 96 0
A P 1 180 0
J N 5 1010 77 5 865 144 1 512
K 1 -7 45
K 0 0 43
K 0 -7 45
K 1 -7 45
A D 6 96 0
A P 1 157 0
J N 5 1041 49 2 1729 144 1 512
K 0 0 43
A D 6 96 0
A P 1 180 0
J N 5 1074 35 2 2593 144 1 512
K 0 0 43
A D 6 96 0
A P 1 191 0
H 512 B 74 -1 108 4 622 611 611 633
J N 5 1105 28 2 3457 144 1 513
K 0 0 43
A D 6 96 0
A P 1 197 0
J N 5 1136 35 2 4321 144 1 513
K 0 0 43
A D 6 96 0
A P 1 191 0
J N 5 1166 49 2 5185 144 1 513
K 0 0 43
A D 6 96 0
A P 1 180 0
J N 5 1196 77 5 6049 144 1 513
K 1 -7 45
K 0 0 43
K 0 -7 45
K 1 -7 45
A D 6 96 0
A P 1 157 0
H 513 B 57 6 108 4 622 611 611 633
J B 439 1229 1 82 6913 144 0
J N 5 1250 42 2 1 0 1 514
K 0 0 43
A D 6 96 0
A P 1 186 0
J N 5 1280 56 2 865 144 1 514
K 0 0 43
A D 6 96 0
A P 1 174 0
J N 5 1310 42 2 1729 144 1 514
K 0 0 43
A D 6 96 0
A P 1 186 0
J N 5 1343 28 2 2593 144 1 514
K 0 0 43
A D 6 96 0
A P 1 197 0
H 514 B 67 -1 108 4 622 611 611 633
J N 5 1380 7 2 3457 144 1 515
K 0 0 43
A D 6 96 0
A P 1 214 0
J N 5 1410 28 2 4321 144 1 515
K 0 0 43
A D 6 96 0
A P 1 197 0
J N 5 1440 42 2 5185 144 1 515
K 0 0 43
A D 6 96 0
A P 1 186 0
J N 5 1470 56 2 6049 144 1 515
K 0 0 43
A D 6 96 0
A P 1 174 0
H 515 B 60 8 108 4 622 611 611 633
J B 440 1503 1 82 6913 144 0
J N 5 1524 49 2 1 0 1 516
K 0 0 43
A D 6 96 0
A P 1 180 0
J N 5 1554 49 2 865 144 1 516
K 0 0 43
A D 6 96 0
A P 1 180 0
J N 5 1584 35 2 1729 144 1 516
K 0 0 43
A D 6 96 0
A P 1 191 0
J N 5 1617 14 2 2593 144 1 516
K 0 0 43
A D 6 96 0
A P 1 209 0
H 516 B 73 -6 108 4 622 611 611 633
J N 5 1654 0 2 3457 144 1 517
K 0 0 43
A D 6 96 0
A P 1 220 0
J N 5 1684 14 2 4321 144 1 517
K 0 0 43
A D 6 96 0
A P 1 209 0
J N 5 1714 35 2 5185 144 1 517
K 0 0 43
A D 6 96 0
A P 1 191 0
J N 5 1744 49 2 6049 144 1 517
K 0 0 43
A D 6 96 0
A P 1 180 0
H 517 B -85 8 108 4 622 611 611 633
J B 441 1777 1 82 6913 144 0
J N 5 1798 42 2 1 0 1 518
K 0 0 43
A D 6 96 0
A P 1 186 0
J N 5 1831 42 2 865 144 1 518
K 0 0 43
A D 6 96 0
A P 1 186 0
J N 5 1861 28 2 1729 144 1 518
K 0 0 43
A D 6 96 0
A P 1 197 0
J N 5 1894 7 2 2593 144 1 518
K 0 0 43
A D 6 96 0
A P 1 214 0
H 518 B -56 -2 108 4 622 611 611 633
J N 5 1924 -7 2 3457 144 1 519
K 0 0 43
A D 6 96 0
A P 1 226 0
J N 5 1957 7 2 4321 144 1 519
K 0 0 43
A D 6 96 0
A P 1 214 0
J N 5 1987 28 2 5185 144 1 519
K 0 0 43
A D 6 96 0
A P 1 197 0
J N 5 2017 42 2 6049 144 1 519
K 0 0 43
A D 6 96 0
A P 1 186 0
H 519 B -88 6 108 4 622 611 611 633
J B 442 2050 1 82 6913 144 0
E *
@ LINE: 10 Violin II
L 1265 0 0 339 339 * 0 14 0
J D 0 -129 42 1 6913 0 0
W 0 0 31 Vln II
J C 4 5 42 2 6913 0 0
K 0 0 33
K 0 0 34
J K -3 57 0 3 6913 0 0
K 0 28 65
K 13 7 65
K 26 35 65
J D 0 -27 -14 1 6913 0 0
W 0 0 0 \04\03\05
J N 5 139 21 2 1 0 1 566
K 0 0 43
A D 6 96 0
A P 1 203 0
J N 5 170 28 2 865 144 1 566
K 0 0 43
A D 6 96 0
A P 1 197 0
J N 5 210 35 3 1729 144 1 566
K -14 0 64
K 0 0 43
A D 6 96 0
A P 1 192 0
J N 5 241 42 2 2593 144 1 566
K 0 0 43
A D 6 96 0
A P 1 186 0
H 566 B 62 4 108 4 622 611 611 633
J N 5 282 35 3 3457 144 1 567
K -15 0 65
K 0 0 43
A D 6 96 0
A P 1 191 0
J N 5 313 42 2 4321 144 1 567
K 0 0 43
A D 6 96 0
A P 1 186 0
J N 5 344 49 2 5185 144 1 567
K 0 0 43
A D 6 96 0
A P 1 180 0
J N 5 375 56 2 6049 144 1 567
K 0 0 43
A D 6 96 0
A P 1 174 0
H 567 B 61 4 108 4 622 611 611 633
J B 436 408 1 82 6913 144 0
J N 5 429 63 2 1 0 1 568
K 0 0 43
A D 6 96 0
A P 1 169 0
J N 5 460 56 2 865 144 1 568
K 0 0 43
A D 6 96 0
A P 1 174 0
J N 5 491 49 2 1729 144 1 568
K 0 0 43
A D 6 96 0
A P 1 180 0
J N 5 522 56 2 2593 144 1 568
K 0 0 43
A D 6 96 0
A P 1 174 0
H 568 B 63 -1 108 4 622 611 611 633
J N 5 553 63 2 3457 144 1 569
K 0 0 43
A D 6 96 0
A P 1 169 0
J N 5 584 77 5 4321 144 1 569
K 1 -7 45
K 0 0 43
K 0 -7 45
K 1 -7 45
A D 6 96 0
A P 1 157 0
J N 5 615 70 5 5185 144 1 569
K 1 0 45
K 0 0 43
K -1 0 45
K 2 0 45
A D 6 96 0
A P 1 163 0
J N 5 646 63 2 6049 144 1 569
K 0 0 43
A D 6 96 0
A P 1 169 0
H 569 B 64 0 108 4 622 611 611 633
J B 437 679 1 82 6913 144 0
J N 6 700 56 3 1 0 0
K 0 0 43
K 0 0 53
A D 12 96 0
A P 1 174 0
J R 6 762 28 2 1729 288 0
K 0 0 49
A D 12 96 1
A P 1 0 1
J R 7 832 28 2 3457 288 0
K 0 0 48
A D 24 96 0
A P 1 0 0
J B 438 958 1 82 6913 576 0
J R 9 1079 28 2 1 10000 0
K 0 0 46
A D 48 96 0
A P 1 0 0
J B 439 1229 1 82 6913 1152 0
J N 5 1250 56 2 1 0 1 570
K 0 0 43
A D 6 96 0
A P 1 174 0
J N 5 1280 77 5 865 144 1 570
K 1 -7 45
K 0 0 43
K 0 -7 45
K 1 -7 45
A D 6 96 0
A P 1 157 0
J N 5 1310 56 2 1729 144 1 570
K 0 0 43
A D 6 96 0
A P 1 174 0
J N 5 1343 42 2 2593 144 1 570
K 0 0 43
A D 6 96 0
A P 1 186 0
H 570 B 68 -1 108 4 622 611 611 633
J N 5 1380 28 2 3457 144 1 571
K 0 0 43
A D 6 96 0
A P 1 197 0
J N 5 1410 42 2 4321 144 1 571
K 0 0 43
A D 6 96 0
A P 1 186 0
J N 5 1440 56 2 5185 144 1 571
K 0 0 43
A D 6 96 0
A P 1 174 0
J N 5 1470 77 5 6049 144 1 571
K 1 -7 45
K 0 0 43
K 0 -7 45
K 1 -7 45
A D 6 96 0
A P 1 157 0
H 571 B 53 8 108 4 622 611 611 633
J B 440 1503 1 82 6913 144 0
J N 5 1524 63 2 1 0 1 572
K 0 0 43
A D 6 96 0
A P 1 169 0
J N 5 1554 63 2 865 144 1 572
K 0 0 43
A D 6 96 0
A P 1 169 0
J N 5 1584 49 2 1729 144 1 572
K 0 0 43
A D 6 96 0
A P 1 180 0
J N 5 1617 35 2 2593 144 1 572
K 0 0 43
A D 6 96 0
A P 1 191 0
H 572 B 73 -6 108 4 622 611 611 633
J N 5 1654 14 2 3457 144 1 573
K 0 0 43
A D 6 96 0
A P 1 209 0
J N 5 1684 35 2 4321 144 1 573
K 0 0 43
A D 6 96 0
A P 1 191 0
J N 5 1714 49 2 5185 144 1 573
K 0 0 43
A D 6 96 0
A P 1 180 0
J N 5 1744 63 2 6049 144 1 573
K 0 0 43
A D 6 96 0
A P 1 169 0
H 573 B 53 8 108 4 622 611 611 633
J B 441 1777 1 82 6913 144 0
J N 5 1798 56 2 1 0 1 574
K 0 0 43
A D 6 96 0
A P 1 174 0
J N 5 1831 56 2 865 144 1 574
K 0 0 43
A D 6 96 0
A P 1 174 0
J N 5 1861 42 2 1729 144 1 574
K 0 0 43
A D 6 96 0
A P 1 186 0
J N 5 1894 28 2 2593 144 1 574
K 0 0 43
A D 6 96 0
A P 1 197 0
H 574 B 68 -5 108 4 622 611 611 633
J N 5 1924 7 2 3457 144 1 575
K 0 0 43
A D 6 96 0
A P 1 214 0
J N 5 1957 28 2 4321 144 1 575
K 0 0 43
A D 6 96 0
A P 1 197 0
J N 5 1987 42 2 5185 144 1 575
K 0 0 43
A D 6 96 0
A P 1 186 0
J N 5 2017 56 2 6049 144 1 575
K 0 0 43
A D 6 96 0
A P 1 174 0
H 575 B 56 6 108 4 622 611 611 633
J B 442 2050 1 82 6913 144 0
E *
@ LINE: 11 Viola
L 1397 0 0 339 339 * 0 14 0
J D 0 -86 42 1 6913 0 0
W 0 0 31 Vla
J C 13 5 28 35 6913 0 0
J K -3 57 0 3 6913 0 0
K 0 35 65
K 13 14 65
K 26 42 65
J D 0 -27 -14 1 6913 0 0
W 0 0 0 \04\03\05
J N 5 139 28 2 1 0 1 547
K 0 0 43
A D 6 96 0
A P 1 163 0
J N 5 170 35 2 865 144 1 547
K 0 0 43
A D 6 96 0
A P 1 157 0
J N 5 210 42 3 1729 144 1 547
K -14 0 64
K 0 0 43
A D 6 96 0
A P 1 152 0
J N 5 241 49 2 2593 144 1 547
K 0 0 43
A D 6 96 0
A P 1 146 0
H 547 B 55 4 108 4 622 611 611 633
J N 5 282 42 3 3457 144 1 548
K -15 0 65
K 0 0 43
A D 6 96 0
A P 1 151 0
J N 5 313 0 2 4321 144 1 548
K 0 0 43
A D 6 96 0
A P 1 186 0
J N 5 344 7 2 5185 144 1 548
K 0 0 43
A D 6 96 0
A P 1 180 0
J N 5 375 14 2 6049 144 1 548
K 0 0 43
A D 6 96 0
A P 1 174 0
H 548 B -57 -6 108 4 622 611 611 633
J B 436 408 1 82 6913 144 0
J N 5 429 21 2 1 0 1 549
K 0 0 43
A D 6 96 0
A P 1 169 0
J N 5 460 14 2 865 144 1 549
K 0 0 43
A D 6 96 0
A P 1 174 0
J N 5 491 7 2 1729 144 1 549
K 0 0 43
A D 6 96 0
A P 1 180 0
J N 5 522 14 2 2593 144 1 549
K 0 0 43
A D 6 96 0
A P 1 174 0
H 549 B -63 -1 108 4 622 611 611 633
J N 5 553 21 2 3457 144 1 550
K 0 0 43
A D 6 96 0
A P 1 169 0
J N 5 584 35 2 4321 144 1 550
K 0 0 43
A D 6 96 0
A P 1 157 0
J N 5 615 28 2 5185 144 1 550
K 0 0 43
A D 6 96 0
A P 1 163 0
J N 5 646 21 2 6049 144 1 550
K 0 0 43
A D 6 96 0
A P 1 169 0
H 550 B -70 0 108 4 622 611 611 633
J B 437 679 1 82 6913 144 0
J N 6 700 14 3 1 0 0
K 0 0 43
K 0 0 54
A D 12 96 0
A P 1 174 0
J R 6 762 28 2 1729 288 0
K 0 0 49
A D 12 96 1
A P 1 0 1
J R 7 832 28 2 3457 288 0
K 0 0 48
A D 24 96 0
A P 1 0 0
J B 438 958 1 82 6913 576 0
J R 9 1079 28 2 1 10000 0
K 0 0 46
A D 48 96 0
A P 1 0 0
J B 439 1229 1 82 6913 1152 0
J R 9 1352 28 2 1 10000 0
K 0 0 46
A D 48 96 0
A P 1 0 0
J B 440 1503 1 82 6913 1152 0
J R 9 1626 28 2 1 10000 0
K 0 0 46
A D 48 96 0
A P 1 0 0
J B 441 1777 1 82 6913 1152 0
J N 5 1798 35 2 1 0 1 551
K 0 0 43
A D 6 96 0
A P 1 157 0
J N 5 1831 35 2 865 144 1 551
K 0 0 43
A D 6 96 0
A P 1 157 0
J N 5 1861 14 2 1729 144 1 551
K 0 0 43
A D 6 96 0
A P 1 174 0
J N 5 1894 0 2 2593 144 1 551
K 0 0 43
A D 6 96 0
A P 1 186 0
H 551 B -63 -1 108 4 622 611 611 633
J N 5 1924 -14 5 3457 144 1 552
K 0 0 45
K 0 0 43
K -1 0 45
K 2 0 45
A D 6 96 0
A P 1 197 0
J N 5 1957 0 2 4321 144 1 552
K 0 0 43
A D 6 96 0
A P 1 186 0
J N 5 1987 14 2 5185 144 1 552
K 0 0 43
A D 6 96 0
A P 1 174 0
J N 5 2017 35 2 6049 144 1 552
K 0 0 43
A D 6 96 0
A P 1 157 0
H 552 B -95 6 108 4 622 611 611 633
J B 442 2050 1 82 6913 144 0
E *
@ LINE: 14 Cello & Contrabass
L 1537 0 0 339 339 * 0 14 0
J D 0 -75 42 1 6913 0 0
W 0 -21 31 Vc
J D 0 -75 42 1 6913 0 0
W 0 21 31 Cb
J C 22 5 14 36 6913 0 0
J K -3 57 0 3 6913 0 0
K 0 42 65
K 13 21 65
K 26 49 65
J D 0 -27 -14 1 6913 0 0
W 0 0 0 \04\03\05
J N 5 139 35 2 1 0 1 291
K 0 0 43
A D 6 96 0
A P 1 123 0
J N 5 170 -7 2 865 144 1 291
K 0 0 43
A D 6 96 0
A P 1 157 0
J N 5 210 0 3 1729 144 1 291
K -14 0 64
K 0 0 43
A D 6 96 0
A P 1 152 0
J N 5 241 7 2 2593 144 1 291
K 0 0 43
A D 6 96 0
A P 1 146 0
H 291 B -53 -5 108 4 22 11 11 33
J N 5 282 0 3 3457 144 1 292
K -15 0 65
K 0 0 43
A D 6 96 0
A P 1 151 0
J N 5 313 7 2 4321 144 1 292
K 0 0 43
A D 6 96 0
A P 1 146 0
J N 5 344 14 2 5185 144 1 292
K 0 0 43
A D 6 96 0
A P 1 140 0
J N 5 375 21 2 6049 144 1 292
K 0 0 43
A D 6 96 0
A P 1 134 0
H 292 B -60 4 108 4 22 11 11 33
J B 436 408 1 82 6913 144 0
J N 5 429 28 2 1 0 1 293
K 0 0 43
A D 6 96 0
A P 1 129 0
J N 5 460 21 2 865 144 1 293
K 0 0 43
A D 6 96 0
A P 1 134 0
J N 5 491 14 2 1729 144 1 293
K 0 0 43
A D 6 96 0
A P 1 140 0
J N 5 522 21 2 2593 144 1 293
K 0 0 43
A D 6 96 0
A P 1 134 0
H 293 B -46 -1 108 4 22 11 11 33
J N 5 553 28 2 3457 144 1 294
K 0 0 43
A D 6 96 0
A P 1 129 0
J N 5 584 42 2 4321 144 1 294
K 0 0 43
A D 6 96 0
A P 1 117 0
J N 5 615 35 2 5185 144 1 294
K 0 0 43
A D 6 96 0
A P 1 123 0
J N 5 646 28 2 6049 144 1 294
K 0 0 43
A D 6 96 0
A P 1 129 0
H 294 B 45 0 108 4 22 11 11 33
J B 437 679 1 82 6913 144 0
J N 6 700 21 3 1 0 0
K 0 0 43
K 0 0 54
A D 12 96 0
A P 1 134 0
J R 6 762 28 2 1729 288 0
K 0 0 49
A D 12 96 1
A P 1 0 1
J R 7 832 28 2 3457 288 0
K 0 0 48
A D 24 96 0
A P 1 0 0
J B 438 958 1 82 6913 576 0
J N 6 979 42 3 1 0 0
K 0 0 43
K 0 0 53
A D 12 96 0
A P 1 117 0
J R 6 1041 28 2 1729 288 0
K 0 0 49
A D 12 96 1
A P 1 0 1
J R 7 1105 28 2 3457 288 0
K 0 0 48
A D 24 96 0
A P 1 0 0
J B 439 1229 1 82 6913 576 0
J N 6 1250 21 3 1 0 0
K 0 0 43
K 0 0 54
A D 12 96 0
A P 1 134 0
J R 6 1310 28 2 1729 288 0
K 0 0 49
A D 12 96 1
A P 1 0 1
J R 7 1380 28 2 3457 288 0
K 0 0 48
A D 24 96 0
A P 1 0 0
J B 440 1503 1 82 6913 576 0
J N 6 1524 42 3 1 0 0
K 0 0 43
K 0 0 53
A D 12 96 0
A P 1 117 0
J R 6 1584 28 2 1729 288 0
K 0 0 49
A D 12 96 1
A P 1 0 1
J R 7 1654 28 2 3457 288 0
K 0 0 48
A D 24 96 0
A P 1 0 0
J B 441 1777 1 82 6913 576 0
J N 6 1798 21 3 1 0 0
K 0 0 43
K 0 0 54
A D 12 96 0
A P 1 134 0
J R 6 1861 28 2 1729 288 0
K 0 0 49
A D 12 96 1
A P 1 0 1
J R 5 1924 28 3 3457 288 0
K 0 14 49
K 4 0 50
A D 6 96 0
A P 1 0 0
J N 5 1957 21 2 4321 144 1 295
K 0 0 43
A D 6 96 0
A P 1 134 0
J N 5 1987 21 2 5185 144 1 295
K 0 0 43
A D 6 96 0
A P 1 134 0
J N 5 2017 21 2 6049 144 1 295
K 0 0 43
A D 6 96 0
A P 1 134 0
H 295 B -50 0 108 3 22 11 33
J B 442 2050 1 82 6913 144 0
E *
B 1 408 0
B 1 679 0
B 1 958 0
B 1 1229 0
B 1 1503 0
B 1 1777 0
B 1 2050 0
