@ SOURCE: {beethoven/bhl/orch/sym2/stage2/02/s02} MAY/19/2010 [md5sum:bde75d590ffab5560bd570bb6d42b8c8]
L 0 0 14 !39Oboi 1, 2
J D 4 500 -120 1 6913 0 0
W 0 0 44 Second Movement
J D 1 75 -37 1 6913 0 0
W 0 -56 44 Second Movement:  Oboi 1, 2
J C 4 5 42 2 6913 0 0
K 0 0 33
K 0 0 34
J K 3 57 0 3 6913 0 0
K 0 0 63
K 15 21 63
K 30 -7 63
J T 308 127 0 2 6913 0 0
K -10 28 74
K -10 56 79
Y P 31 Ob_1-2
J R 9 167 28 2 1 10000 0
K 0 0 46
A D 12 32 0
A P 3 0 0
J B 2 236 1 82 6913 864 0
J R 9 257 28 2 1 10001 0
K 0 0 46
A D 12 32 0
A P 3 0 0
J B 3 326 1 82 6913 864 0
J R 9 347 28 2 1 10001 0
K 0 0 46
A D 12 32 0
A P 3 0 0
J B 4 416 1 82 6913 864 0
J R 9 437 28 2 1 10001 0
K 0 0 46
A D 12 32 0
A P 3 0 0
J B 5 506 1 82 6913 864 0
J R 9 527 28 2 1 10001 0
K 0 0 46
A D 12 32 0
A P 3 0 0
J B 6 596 1 82 6913 864 0
J R 9 617 28 2 1 10001 0
K 0 0 46
A D 12 32 0
A P 3 0 0
J B 7 686 1 82 6913 864 0
J R 9 707 28 2 1 10001 0
K 0 0 46
A D 12 32 0
A P 3 0 0
J B 8 776 1 82 6913 864 0
J R 9 797 28 2 1 10001 0
K 0 0 46
A D 12 32 0
A P 3 0 0
J B 9 866 1 82 6913 864 0
J R 9 887 28 2 1 10001 0
K 0 0 46
A D 12 32 0
A P 3 0 0
J B 10 956 1 82 6913 864 0
J R 9 977 28 2 1 10001 0
K 0 0 46
A D 12 32 0
A P 3 0 0
J B 11 1046 1 82 6913 864 0
J R 9 1067 28 2 1 10001 0
K 0 0 46
A D 12 32 0
A P 3 0 0
J B 12 1136 1 82 6913 864 0
J R 9 1157 28 2 1 10001 0
K 0 0 46
A D 12 32 0
A P 3 0 0
J B 13 1226 1 82 6913 864 0
J R 9 1247 28 2 1 10001 0
K 0 0 46
A D 12 32 0
A P 3 0 0
J B 14 1316 1 82 6913 864 0
J R 9 1337 28 2 1 10001 0
K 0 0 46
A D 12 32 0
A P 3 0 0
J B 15 1406 1 82 6913 864 0
J R 9 1427 28 2 1 10001 0
K 0 0 46
A D 12 32 0
A P 3 0 0
J B 16 1496 1 82 6913 864 0
J R 9 1517 28 2 1 10001 0
K 0 0 46
A D 12 32 0
A P 3 0 0
J B 17 1586 1 82 6913 864 0
J R 9 1607 28 2 1 10001 0
K 0 0 46
A D 12 32 0
A P 3 0 0
J B 18 1676 1 82 6913 864 0
J R 9 1697 28 2 1 10001 0
K 0 0 46
A D 12 32 0
A P 3 0 0
J B 19 1766 1 82 6913 864 0
J R 9 1787 28 2 1 10001 0
K 0 0 46
A D 12 32 0
A P 3 0 0
J B 20 1856 1 82 6913 864 0
J R 9 1877 28 2 1 10001 0
K 0 0 46
A D 12 32 0
A P 3 0 0
J B 21 1946 1 82 6913 864 0
J R 9 1967 28 2 1 10001 0
K 0 0 46
A D 12 32 0
A P 3 0 0
J B 22 2036 1 82 6913 864 0
J R 9 2057 28 2 1 10001 0
K 0 0 46
A D 12 32 0
A P 3 0 0
J B 23 2126 1 82 6913 864 0
J R 9 2147 28 2 1 10001 0
K 0 0 46
A D 12 32 0
A P 3 0 0
J B 24 2216 1 82 6913 864 0
J R 9 2237 28 2 1 10001 0
K 0 0 46
A D 12 32 0
A P 3 0 0
J B 25 2306 1 82 6913 864 0
J R 9 2327 28 2 1 10001 0
K 0 0 46
A D 12 32 0
A P 3 0 0
J B 26 2396 1 82 6913 864 0
J R 9 2417 28 2 1 10001 0
K 0 0 46
A D 12 32 0
A P 3 0 0
J B 27 2486 1 82 6913 864 0
J R 9 2507 28 2 1 10001 0
K 0 0 46
A D 12 32 0
A P 3 0 0
J B 28 2576 1 82 6913 864 0
J R 9 2597 28 2 1 10001 0
K 0 0 46
A D 12 32 0
A P 3 0 0
J B 29 2666 1 82 6913 864 0
J R 9 2687 28 2 1 10001 0
K 0 0 46
A D 12 32 0
A P 3 0 0
J B 30 2756 1 82 6913 864 0
J R 9 2777 28 2 1 10001 0
K 0 0 46
A D 12 32 0
A P 3 0 0
J B 31 2846 1 82 6913 864 0
J R 9 2867 28 2 1 10001 0
K 0 0 46
A D 12 32 0
A P 3 0 0
J B 32 2936 1 82 6913 864 0
J R 9 2957 28 2 1 10001 0
K 0 0 46
A D 12 32 0
A P 3 0 0
J B 33 3026 1 82 6913 864 0
J R 9 3047 28 2 1 10001 0
K 0 0 46
A D 12 32 0
A P 3 0 0
J B 34 3116 1 82 6913 864 0
J R 9 3137 28 2 1 10001 0
K 0 0 46
A D 12 32 0
A P 3 0 0
J B 35 3206 1 82 6913 864 0
J R 9 3227 28 2 1 10001 0
K 0 0 46
A D 12 32 0
A P 3 0 0
J B 36 3296 1 82 6913 864 0
J R 9 3317 28 2 1 10001 0
K 0 0 46
A D 12 32 0
A P 3 0 0
J B 37 3386 1 82 6913 864 0
J R 6 3407 28 2 1 0 0
K 0 0 49
A D 4 32 0
A P 1 0 0
J D 0 3417 0 1 2305 288 0
W 0 -18 32 1.
J N 6 3443 7 3 2305 0 2 2 1
K 0 0 43
K 25 0 44
A D 6 32 0
A P 1 215 0
J N 5 3488 7 2 5761 432 2 2 1
K 0 0 43
A D 2 32 0
A P 1 215 0
H 1 W 0 21 7 86 7 86
H 2 B 1 0 108 2 2 53
J B 38 3520 1 82 6913 144 0
J N 5 3543 0 5 1 0 2 3 4
K -14 0 64
K 0 0 43
K 0 86 111
K 12 86 110
A D 2 32 0
A P 1 220 0
J N 5 3571 7 2 1153 144 2 4 3
K 0 0 43
A D 2 32 0
A P 1 215 0
H 3 S 0 0 0 0 0 0 0 0 0
J N 6 3599 7 3 2305 144 1 4
K 0 0 43
K 0 -17 96
A D 4 32 0
A P 1 215 0
H 4 B 1 0 108 3 22 31 3
J R 6 3635 28 2 4609 288 0
K 0 0 49
A D 4 32 0
A P 1 0 0
J B 39 3675 1 82 6913 288 0
J R 9 3696 28 2 1 10001 0
K 0 0 46
A D 12 32 0
A P 3 0 0
J B 40 3765 1 82 6913 864 0
J R 6 3786 28 2 1 0 0
K 0 0 49
A D 4 32 1
A P 1 0 1
J R 6 3822 28 2 2305 288 0
K 0 0 49
A D 4 32 1
A P 1 0 1
J R 5 3858 28 3 4609 288 0
K 0 14 49
K 4 0 50
A D 2 32 0
A P 1 0 0
J N 5 3898 21 9 5761 144 0
K -14 0 64
K 0 -14 43
K 0 0 43
K 0 -31 96
K -4 75 110
K 13 75 110
K 0 -14 60
K 0 0 56
A D 2 32 0
A P 1 215 0
A P 2 203 0
J B 41 3930 1 82 6913 144 0
J N 6 3988 21 10 1 0 1 5
K -35 -7 63
K -49 0 64
K 0 -7 43
K 24 -13 44
K -17 0 43
K 25 0 44
K 0 78 111
K 12 78 110
K 0 -7 60
A D 6 32 0
A P 1 210 0
A P 2 203 0
J N 5 4033 21 5 3457 432 1 5
K 0 -14 43
K 0 0 43
K 0 -31 96
K 0 -14 60
A D 2 32 0
A P 1 215 0
A P 2 203 0
J N 5 4077 21 6 4609 144 1 5
K -18 -21 63
K 0 -21 43
K 0 0 43
K 0 -38 96
K 0 -21 60
A D 2 32 0
A P 1 221 0
A P 2 203 0
J N 5 4105 21 5 5761 144 1 5
K 0 -14 43
K 0 0 43
K 0 -31 96
K 0 -14 60
A D 2 32 0
A P 1 215 0
A P 2 203 0
H 5 B 1 0 108 4 2 21 11 33
J B 42 4137 1 82 6913 144 0
J N 6 4195 21 7 1 0 1 6
K -35 -7 63
K -49 0 64
K 0 -7 43
K -17 0 43
K 0 -28 96
K 0 -7 60
A D 4 32 0
A P 1 210 0
A P 2 203 0
J N 6 4242 21 5 2305 288 1 6
K 0 -7 43
K -17 0 43
K 0 -28 96
K 0 -7 60
A D 4 32 0
A P 1 210 0
A P 2 203 0
H 6 B 1 0 108 2 2 3
J R 6 4278 28 2 4609 288 0
K 0 0 49
A D 4 32 0
A P 1 0 0
J B 43 4318 1 82 6913 288 0
J D 0 4320 0 1 1 0 0
W 0 -39 32 1.
J N 6 4339 -14 7 1 0 1 7
K 0 0 45
K 0 0 43
K -1 0 45
K 2 0 45
K 24 -6 44
K 0 92 108
A D 6 32 0
A P 1 232 0
J N 5 4384 -14 6 3457 432 1 7
K 0 0 45
K 0 0 43
K -1 0 45
K 2 0 45
K 0 -17 96
A D 2 32 0
A P 1 232 0
J N 5 4412 -14 6 4609 144 1 7
K 0 0 45
K 0 0 43
K -1 0 45
K 2 0 45
K 0 -17 96
A D 2 32 0
A P 1 232 0
J N 5 4440 -14 6 5761 144 1 7
K 0 0 45
K 0 0 43
K -1 0 45
K 2 0 45
K 0 -17 96
A D 2 32 0
A P 1 232 0
H 7 B 1 0 108 4 2 21 11 33
J B 44 4472 1 82 6913 144 0
J N 6 4493 -14 6 1 0 1 8
K 0 0 45
K 0 0 43
K -1 0 45
K 2 0 45
K 0 -17 96
A D 4 32 0
A P 1 232 0
J N 6 4529 -14 6 2305 288 1 8
K 0 0 45
K 0 0 43
K -1 0 45
K 2 0 45
K 0 -17 96
A D 4 32 0
A P 1 232 0
H 8 B 1 0 108 2 2 3
J R 6 4565 28 2 4609 288 0
K 0 0 49
A D 4 32 0
A P 1 0 0
J B 45 4605 1 82 6913 288 0
J R 9 4626 28 2 1 10001 0
K 0 0 46
A D 12 32 0
A P 2 0 0
J B 46 4695 1 82 6913 864 0
J N 6 4722 35 8 1 0 1 9
K -18 0 63
K 0 -28 43
K 0 0 43
K 0 -45 96
K 0 71 110
K 17 71 110
K 0 -28 60
A D 4 32 0
A P 1 215 0
A P 2 193 0
J N 6 4758 35 5 2305 288 1 9
K 0 -28 43
K 0 0 43
K 0 -45 96
K 0 -28 60
A D 4 32 0
A P 1 215 0
A P 2 193 0
J N 6 4794 35 5 4609 288 1 9
K 0 -28 43
K 0 0 43
K 0 -45 96
K 0 -28 60
A D 4 32 0
A P 1 215 0
A P 2 193 0
H 9 B 1 0 108 3 2 1 3
J B 47 4834 1 82 6913 288 0
J N 6 4861 28 7 1 0 0
K -18 -14 63
K 0 -14 43
K 0 0 43
K 0 -35 96
K 0 -14 60
K 0 0 54
A D 4 32 0
A P 1 210 0
A P 2 198 0
J R 6 4897 28 2 2305 288 0
K 0 0 49
A D 4 32 1
A P 1 0 1
J R 6 4933 28 2 4609 288 0
K 0 0 49
A D 4 32 0
A P 1 0 0
J B 48 4973 1 82 6913 288 0
J R 9 4994 28 2 1 10001 0
K 0 0 46
A D 12 32 0
A P 3 0 0
J B 49 5063 1 82 6913 864 0
J R 9 5084 28 2 1 10001 0
K 0 0 46
A D 12 32 0
A P 3 0 0
J B 50 5153 1 82 6913 864 0
J R 9 5174 28 2 1 10001 0
K 0 0 46
A D 12 32 0
A P 3 0 0
J B 51 5243 1 82 6913 864 0
J R 9 5264 28 2 1 10001 0
K 0 0 46
A D 12 32 0
A P 3 0 0
J B 52 5333 1 82 6913 864 0
J R 6 5354 28 2 1 0 0
K 0 0 49
A D 4 32 1
A P 1 0 1
J R 5 5390 28 3 2305 288 0
K 0 14 49
K 4 0 50
A D 2 32 0
A P 1 0 0
J D 0 5396 0 1 3457 144 0
W 0 -18 32 1.
J N 5 5422 28 4 3457 0 1 10
K 0 0 43
K 0 -21 96
K 0 70 108
A D 2 32 0
A P 1 198 0
J N 5 5450 0 3 4609 144 1 10
K 0 0 43
K 0 -17 96
A D 2 32 0
A P 1 221 0
H 10 B 1 0 108 2 22 33
J R 5 5478 28 3 5761 144 0
K 0 14 49
K 4 0 50
A D 2 32 0
A P 1 0 0
J B 53 5514 1 82 6913 144 0
J R 6 5535 28 2 1 0 0
K 0 0 49
A D 4 32 1
A P 1 0 1
J R 5 5571 28 3 2305 288 0
K 0 14 49
K 4 0 50
A D 2 32 0
A P 1 0 0
J N 5 5603 28 3 3457 144 1 11
K 0 0 43
K 0 -21 96
A D 2 32 0
A P 1 198 0
J N 5 5631 -7 3 4609 144 1 11
K 0 0 43
K 0 -17 96
A D 2 32 0
A P 1 227 0
H 11 B 1 0 108 2 22 33
J R 5 5659 28 3 5761 144 0
K 0 14 49
K 4 0 50
A D 2 32 0
A P 1 0 0
J B 54 5695 1 82 6913 144 0
J R 6 5716 28 2 1 0 0
K 0 0 49
A D 4 32 1
A P 1 0 1
J R 5 5752 28 3 2305 288 0
K 0 14 49
K 4 0 50
A D 2 32 0
A P 1 0 0
J N 5 5784 28 3 3457 144 1 12
K 0 0 43
K 0 -21 96
A D 2 32 0
A P 1 198 0
J N 5 5812 -14 6 4609 144 1 12
K 0 0 45
K 0 0 43
K -1 0 45
K 2 0 45
K 0 -17 96
A D 2 32 0
A P 1 232 0
H 12 B 1 0 108 2 22 33
J R 5 5840 28 3 5761 144 0
K 0 14 49
K 4 0 50
A D 2 32 0
A P 1 0 0
J B 55 5876 1 82 6913 144 0
J N 6 5897 -7 3 1 0 0
K 0 0 43
K 0 0 54
A D 4 32 0
A P 1 227 0
J R 6 5933 28 2 2305 288 0
K 0 0 49
A D 4 32 1
A P 1 0 1
J R 6 5969 28 2 4609 288 0
K 0 0 49
A D 4 32 0
A P 1 0 0
J B 56 6009 1 82 6913 288 0
J R 9 6030 28 2 1 10001 0
K 0 0 46
A D 12 32 0
A P 3 0 0
J B 57 6099 1 82 6913 864 0
J R 9 6120 28 2 1 10001 0
K 0 0 46
A D 12 32 0
A P 3 0 0
J B 58 6189 1 82 6913 864 0
J R 9 6210 28 2 1 10001 0
K 0 0 46
A D 12 32 0
A P 3 0 0
J B 59 6279 1 82 6913 864 0
J R 9 6300 28 2 1 10001 0
K 0 0 46
A D 12 32 0
A P 3 0 0
J B 60 6369 1 82 6913 864 0
J R 9 6390 28 2 1 10001 0
K 0 0 46
A D 12 32 0
A P 3 0 0
J B 61 6459 1 82 6913 864 0
J R 9 6480 28 2 1 10001 0
K 0 0 46
A D 12 32 0
A P 3 0 0
J B 62 6549 1 82 6913 864 0
J R 6 6570 28 2 1 0 0
K 0 0 49
A D 4 32 1
A P 1 0 1
J R 6 6606 28 2 2305 288 0
K 0 0 49
A D 4 32 1
A P 1 0 1
J R 5 6642 28 3 4609 288 0
K 0 14 49
K 4 0 50
A D 2 32 0
A P 1 0 0
J N 5 6674 7 5 5761 144 0
K 0 0 43
K -1 -38 96
K -5 85 108
K 0 0 55
A D 2 32 0
A P 1 215 0
J N 5 6674 7 4 5761 0 0
K 0 0 43
K -7 59 96
K 0 0 56
A D 2 32 0
A P 2 215 0
J B 63 6716 1 82 6913 144 0
J D 0 6737 0 1 1 0 0
W 0 98 36 cresc.
J N 5 6737 0 3 1 0 1 13
K 0 0 43
K 7 -53 96
A D 2 32 0
A P 1 221 0
J N 5 6750 7 3 1 0 1 14
K 0 0 43
K -7 65 96
A D 2 32 0
A P 2 215 0
J N 5 6776 7 3 1153 144 1 13
K 0 0 43
K 7 -56 96
A D 2 32 0
A P 1 215 0
H 13 B 0 0 108 2 22 33
J N 5 6776 7 3 1153 0 1 14
K 0 0 43
K -7 65 96
A D 2 32 0
A P 2 215 0
H 14 B 1 0 108 2 22 33
J N 6 6823 7 6 2305 144 1 15
K 0 -7 43
K 24 -1 44
K -17 0 43
K 25 14 44
K 0 -7 60
A D 6 32 0
A P 1 221 0
A P 2 215 0
J N 5 6881 7 5 5761 432 1 15
K 0 -7 43
K -17 0 43
K 0 -24 96
K 0 -7 60
A D 2 32 0
A P 1 221 0
A P 2 215 0
H 15 B 1 0 108 2 2 53
J B 64 6913 1 82 6913 144 0
J N 5 6934 7 5 1 0 1 16
K 0 -14 43
K 0 0 43
K 0 -31 96
K 0 -14 60
A D 2 32 0
A P 1 227 0
A P 2 215 0
J N 5 6998 7 6 1153 144 1 16
K -38 -7 66
K 0 -7 43
K -17 0 43
K 0 -24 96
K 0 -7 60
A D 2 32 0
A P 1 222 0
A P 2 215 0
H 16 B 1 0 108 2 22 33
J N 6 7026 7 6 2305 144 1 17
K 0 -14 43
K 25 -14 44
K 0 0 43
K 25 0 44
K 0 -14 60
A D 6 32 0
A P 1 227 0
A P 2 215 0
J N 5 7071 7 5 5761 432 1 17
K 0 -14 43
K 0 0 43
K 0 -31 96
K 0 -14 60
A D 2 32 0
A P 1 227 0
A P 2 215 0
H 17 B 1 0 108 2 2 53
J B 65 7103 1 82 6913 144 0
J N 5 7124 7 8 1 0 1 18
K 0 -21 45
K 0 -21 43
K -1 -21 45
K 2 -21 45
K 0 0 43
K 0 -38 96
K 0 -21 60
A D 2 32 0
A P 1 232 0
A P 2 215 0
J N 5 7152 7 5 1153 144 1 18
K 0 -14 43
K 0 0 43
K 0 -31 96
K 0 -14 60
A D 2 32 0
A P 1 227 0
A P 2 215 0
H 18 B 1 0 108 2 22 33
J N 6 7180 -14 7 2305 144 1 19
K 1 0 45
K 0 0 43
K -1 0 45
K 2 0 45
K 24 -6 44
K 0 106 110
A D 6 32 0
A P 1 232 0
J N 6 7180 7 3 2305 0 1 20
K 0 0 43
K 25 0 44
A D 6 32 0
A P 2 215 0
J N 5 7225 7 3 5761 432 1 19
K 0 0 43
K 7 -69 96
A D 2 32 0
A P 1 215 0
H 19 B 0 0 108 2 2 53
J N 5 7225 7 3 5761 0 1 20
K 0 0 43
K -7 65 96
A D 2 32 0
A P 2 215 0
H 20 B 1 0 108 2 2 53
J B 66 7257 1 82 6913 144 0
J N 6 7278 0 7 1 0 0
K 0 0 43
K 25 -6 44
K 0 96 111
K 12 96 110
K 0 -5 53
K 0 0 59
A D 6 32 0
A P 1 221 0
J N 6 7278 28 4 1 0 0
K 0 0 43
K 24 6 44
K 0 0 54
A D 6 32 0
A P 2 198 0
J N 5 7326 -7 3 3457 432 2 21 22
K 0 0 43
K -15 -28 108
A D 2 32 0
A P 1 227 0
J R 5 7326 56 3 3457 0 0
K 0 14 49
K 4 0 50
A D 2 32 1
A P 2 0 1
J N 5 7358 0 2 4609 144 1 22
K 0 0 43
A D 2 32 0
A P 1 221 0
J R 6 7358 56 2 4609 0 0
K 0 0 49
A D 4 32 0
A P 2 0 0
J N 5 7402 14 3 5761 144 2 22 21
K -18 0 63
K 0 0 43
A D 2 32 0
A P 1 210 0
H 22 B 0 0 108 3 22 11 33
H 21 S 0 6 -36 6 -46 0 0 0 0
J B 67 7434 1 82 6913 144 0
J N 6 7455 7 5 1 0 0
K 0 0 43
K 24 0 44
K 0 -3 53
K 0 0 59
A D 6 32 0
A P 1 215 0
J R 9 7455 70 2 1 10001 0
K 0 0 46
A D 12 32 0
A P 2 0 0
J R 5 7503 0 3 3457 432 0
K 0 14 49
K 4 0 50
A D 2 32 1
A P 1 0 1
J R 6 7535 0 2 4609 144 0
K 0 0 49
A D 4 32 0
A P 1 0 0
J B 68 7575 1 82 6913 288 0
J R 9 7596 28 2 1 10001 0
K 0 0 46
A D 12 32 0
A P 3 0 0
J B 69 7665 1 82 6913 864 0
J R 9 7686 28 2 1 10001 0
K 0 0 46
A D 12 32 0
A P 3 0 0
J B 70 7755 1 82 6913 864 0
J R 9 7776 28 2 1 10001 0
K 0 0 46
A D 12 32 0
A P 3 0 0
J B 71 7845 1 82 6913 864 0
J R 9 7866 28 2 1 10001 0
K 0 0 46
A D 12 32 0
A P 3 0 0
J B 72 7935 1 82 6913 864 0
J R 9 7956 28 2 1 10001 0
K 0 0 46
A D 12 32 0
A P 3 0 0
J B 73 8025 1 82 6913 864 0
J N 7 8046 21 14 1 0 0
K 0 -35 45
K 0 -35 43
K -1 -35 45
K 2 -35 45
K 24 -41 44
K 0 0 43
K 25 0 44
K 0 71 110
K 17 71 110
K 0 -35 60
K 0 -28 60
K 0 0 60
K 0 21 60
A D 12 32 0
A P 1 232 0
A P 2 204 0
J B 74 8115 1 82 6913 864 0
J N 7 8136 21 14 1 0 0
K 0 -35 45
K 0 -35 43
K -1 -35 45
K 2 -35 45
K 24 -41 44
K 0 0 43
K 25 0 44
K 0 71 110
K 17 71 110
K 0 -35 60
K 0 -28 60
K 0 0 60
K 0 21 60
A D 12 32 0
A P 1 232 0
A P 2 204 0
J B 75 8205 1 82 6913 864 0
J N 5 8226 28 8 1 0 1 23
K 0 -28 43
K 24 -34 44
K 0 0 43
K 24 -6 44
K 0 -45 96
K 0 78 110
K 0 -28 60
A D 3 32 0
A P 1 221 0
A P 2 198 0
J N 4 8263 28 5 1729 216 1 23
K 0 -28 43
K 0 0 43
K 0 -45 96
K 0 -28 60
A D 1 32 0
A P 1 221 0
A P 2 198 0
J N 6 8291 28 5 2305 72 1 23
K 0 -28 43
K 0 0 43
K 0 -45 96
K 0 -28 60
A D 4 32 0
A P 1 221 0
A P 2 198 0
H 23 B 40001 0 108 3 22 531 3
J R 6 8327 28 2 4609 288 0
K 0 0 49
A D 4 32 0
A P 1 0 0
J B 76 8367 1 82 6913 288 0
J N 5 8388 28 8 1 0 1 24
K 0 -21 43
K 25 -21 44
K 0 0 43
K 24 -6 44
K 0 -38 96
K 0 78 110
K 0 -21 60
A D 3 32 0
A P 1 215 0
A P 2 198 0
J N 4 8425 28 5 1729 216 1 24
K 0 -21 43
K 0 0 43
K 0 -38 96
K 0 -21 60
A D 1 32 0
A P 1 215 0
A P 2 198 0
J N 6 8453 28 5 2305 72 1 24
K 0 -21 43
K 0 0 43
K 0 -38 96
K 0 -21 60
A D 4 32 0
A P 1 215 0
A P 2 198 0
H 24 B 40001 0 108 3 22 531 3
J R 6 8489 28 2 4609 288 0
K 0 0 49
A D 4 32 0
A P 1 0 0
J B 77 8529 1 82 6913 288 0
J R 9 8550 28 2 1 10001 0
K 0 0 46
A D 12 32 0
A P 3 0 0
J B 78 8619 1 82 6913 864 0
J R 9 8640 28 2 1 10001 0
K 0 0 46
A D 12 32 0
A P 3 0 0
J B 79 8709 1 82 6913 864 0
J R 6 8730 28 2 1 0 0
K 0 0 49
A D 4 32 0
A P 1 0 0
J N 5 8766 0 12 2305 288 1 25
K 0 -14 45
K 0 -14 43
K -1 -14 45
K 2 -14 45
K 24 -20 44
K 0 0 43
K 24 -6 44
K 0 -31 96
K 0 84 108
K 23 84 108
K 0 -14 60
A D 3 32 0
A P 1 232 0
A P 2 221 0
J N 4 8803 0 8 4033 216 1 25
K 0 -14 45
K 0 -14 43
K -1 -14 45
K 2 -14 45
K 0 0 43
K 0 -31 96
K 0 -14 60
A D 1 32 0
A P 1 232 0
A P 2 221 0
J N 6 8831 0 8 4609 72 1 25
K 0 -14 45
K 0 -14 43
K -1 -14 45
K 2 -14 45
K 0 0 43
K 0 -31 96
K 0 -14 60
A D 4 32 0
A P 1 232 0
A P 2 221 0
H 25 B 1 0 108 3 22 531 3
J B 80 8871 1 82 6913 288 0
J R 6 8892 28 2 1 0 0
K 0 0 49
A D 4 32 0
A P 1 0 0
J N 5 8928 7 9 2305 288 1 26
K 0 -14 43
K 25 -14 44
K 0 0 43
K 25 0 44
K 0 -31 96
K 0 86 108
K 23 86 108
K 0 -14 60
A D 3 32 0
A P 1 227 0
A P 2 215 0
J N 4 8966 7 5 4033 216 1 26
K 0 -14 43
K 0 0 43
K 0 -31 96
K 0 -14 60
A D 1 32 0
A P 1 227 0
A P 2 215 0
J N 6 8994 7 5 4609 72 1 26
K 0 -14 43
K 0 0 43
K 0 -31 96
K 0 -14 60
A D 4 32 0
A P 1 227 0
A P 2 215 0
H 26 B 1 0 108 3 22 531 3
J B 81 9034 1 82 6913 288 0
J R 5 9055 0 3 1 0 0
K 0 14 49
K 4 0 50
A D 2 32 0
A P 1 0 0
J R 6 9055 56 2 1 0 0
K 0 0 49
A D 4 32 0
A P 2 0 0
J N 5 9087 0 3 1153 144 0
K 0 0 43
K 0 0 55
A D 2 32 0
A P 1 221 0
J R 5 9120 28 3 2305 144 0
K 0 14 49
K 4 0 50
A D 2 32 0
A P 1 0 0
J N 5 9152 28 5 3457 144 0
K 0 -21 43
K 0 0 43
K 0 -21 60
K 0 0 56
A D 2 32 0
A P 1 215 0
A P 2 198 0
J R 5 9180 28 3 4609 144 0
K 0 14 49
K 4 0 50
A D 2 32 0
A P 1 0 0
J N 5 9224 28 6 5761 144 0
K -18 -14 63
K 0 -14 43
K 0 0 43
K 0 -14 60
K 0 0 56
A D 2 32 0
A P 1 210 0
A P 2 198 0
J B 82 9256 1 82 6913 144 0
J N 6 9277 28 5 1 0 0
K 0 -21 43
K 0 0 43
K 0 -21 60
K 0 0 54
A D 4 32 0
A P 1 215 0
A P 2 198 0
J R 6 9313 28 2 2305 288 0
K 0 0 49
A D 4 32 1
A P 1 0 1
J R 6 9349 28 2 4609 288 0
K 0 0 49
A D 4 32 0
A P 1 0 0
J B 83 9389 1 82 6913 288 0
J R 9 9410 28 2 1 10001 0
K 0 0 46
A D 12 32 0
A P 3 0 0
J B 84 9479 1 82 6913 864 0
J R 9 9500 28 2 1 10001 0
K 0 0 46
A D 12 32 0
A P 3 0 0
J B 85 9569 1 82 6913 864 0
J R 9 9590 28 2 1 10001 0
K 0 0 46
A D 12 32 0
A P 3 0 0
J B 86 9659 1 82 6913 864 0
J R 9 9680 28 2 1 10001 0
K 0 0 46
A D 12 32 0
A P 3 0 0
J B 87 9749 1 82 6913 864 0
J R 9 9770 28 2 1 10001 0
K 0 0 46
A D 12 32 0
A P 3 0 0
J B 88 9839 1 82 6913 864 0
J R 9 9860 28 2 1 10001 0
K 0 0 46
A D 12 32 0
A P 3 0 0
J B 89 9929 1 82 6913 864 0
J R 9 9950 28 2 1 10001 0
K 0 0 46
A D 12 32 0
A P 3 0 0
J B 90 10019 1 82 6913 864 0
J R 9 10040 28 2 1 10001 0
K 0 0 46
A D 12 32 0
A P 3 0 0
J B 91 10109 1 82 6913 864 0
J R 9 10130 28 2 1 10001 0
K 0 0 46
A D 12 32 0
A P 3 0 0
J B 92 10199 1 82 6913 864 0
J R 9 10220 28 2 1 10001 0
K 0 0 46
A D 12 32 0
A P 3 0 0
J B 93 10289 1 82 6913 864 0
J R 6 10310 28 2 1 0 0
K 0 0 49
A D 4 32 1
A P 1 0 1
J R 6 10346 28 2 2305 288 0
K 0 0 49
A D 4 32 0
A P 1 0 0
J D 0 10382 0 1 4609 288 0
W 0 93 36 cresc.
J N 5 10386 14 6 4609 0 1 27
K -18 0 63
K 0 -14 43
K 0 0 43
K 0 -31 96
K 0 -14 60
A D 2 32 0
A P 1 221 0
A P 2 210 0
J N 5 10414 14 5 5761 144 1 27
K 0 -14 43
K 0 0 43
K 0 -31 96
K 0 -14 60
A D 2 32 0
A P 1 221 0
A P 2 210 0
H 27 B 1 0 108 2 22 33
J B 94 10446 1 82 6913 144 0
J N 5 10467 7 6 1 0 1 28
K 0 -14 43
K 0 0 43
K 0 -31 96
K 0 85 110
K 0 -14 60
A D 2 32 0
A P 1 227 0
A P 2 215 0
J N 6 10495 0 9 1153 144 1 28
K 0 -14 45
K 0 -14 43
K -1 -14 45
K 2 -14 45
K 0 0 43
K 0 91 111
K 12 91 110
K 0 -14 60
A D 4 32 0
A P 1 232 0
A P 2 221 0
H 28 B 1 0 108 2 42 3
J N 5 10539 14 6 3457 288 1 29
K -18 0 63
K 0 -14 43
K 0 0 43
K 0 -31 96
K 0 -14 60
A D 2 32 0
A P 1 221 0
A P 2 210 0
J N 5 10567 14 5 4609 144 1 29
K 0 -14 43
K 0 0 43
K 0 -31 96
K 0 -14 60
A D 2 32 0
A P 1 221 0
A P 2 210 0
J N 5 10595 14 5 5761 144 1 29
K 0 -14 43
K 0 0 43
K 0 -31 96
K 0 -14 60
A D 2 32 0
A P 1 221 0
A P 2 210 0
H 29 B 1 0 108 3 22 11 33
J B 95 10627 1 82 6913 144 0
J N 5 10648 7 5 1 0 1 30
K 0 -14 43
K 0 0 43
K 0 -31 96
K 0 -14 60
A D 2 32 0
A P 1 227 0
A P 2 215 0
J N 6 10676 0 9 1153 144 1 30
K 0 -14 45
K 0 -14 43
K -1 -14 45
K 2 -14 45
K 0 0 43
K 0 88 111
K 12 88 110
K 0 -14 60
A D 4 32 0
A P 1 232 0
A P 2 221 0
H 30 B 1 0 108 2 42 3
J N 5 10720 14 6 3457 288 1 31
K -18 0 63
K 0 -14 43
K 0 0 43
K 0 -31 96
K 0 -14 60
A D 2 32 0
A P 1 221 0
A P 2 210 0
J N 5 10748 14 5 4609 144 1 31
K 0 -14 43
K 0 0 43
K 0 -31 96
K 0 -14 60
A D 2 32 0
A P 1 221 0
A P 2 210 0
J N 5 10776 14 5 5761 144 1 31
K 0 -14 43
K 0 0 43
K 0 -31 96
K 0 -14 60
A D 2 32 0
A P 1 221 0
A P 2 210 0
H 31 B 1 0 108 3 22 11 33
J B 96 10808 1 82 6913 144 0
J N 6 10829 7 6 1 0 0
K 0 -14 43
K 0 0 43
K 0 -31 96
K 0 -14 60
K 0 0 54
A D 4 32 0
A P 1 227 0
A P 2 215 0
J R 6 10865 28 2 2305 288 0
K 0 0 49
A D 4 32 1
A P 1 0 1
J R 6 10901 28 2 4609 288 0
K 0 0 49
A D 4 32 0
A P 1 0 0
J B 97 10941 1 82 6913 288 0
J R 9 10962 28 2 1 10001 0
K 0 0 46
A D 12 32 0
A P 3 0 0
J B 98 11031 1 82 6913 864 0
J R 9 11052 28 2 1 10001 0
K 0 0 46
A D 12 32 0
A P 3 0 0
J B 99 11121 1 82 6913 864 0
J R 9 11142 28 2 1 10001 0
K 0 0 46
A D 12 32 0
A P 3 0 0
J B 100 11211 1 82 6913 864 0
J R 9 11232 28 2 1 10001 0
K 0 0 46
A D 12 32 0
A P 3 0 0
J B 101 11301 1 82 6913 864 0
J R 9 11322 28 2 1 10001 0
K 0 0 46
A D 12 32 0
A P 3 0 0
J B 102 11391 1 82 6913 864 0
J R 9 11412 28 2 1 10001 0
K 0 0 46
A D 12 32 0
A P 3 0 0
J B 103 11481 1 82 6913 864 0
J R 9 11502 28 2 1 10001 0
K 0 0 46
A D 12 32 0
A P 3 0 0
J B 104 11571 1 82 6913 864 0
J D 0 11592 0 1 1 0 0
W 0 103 1 p!36| cresc.
J N 6 11594 42 5 1 0 2 32 33
K -14 0 64
K 0 0 43
K 0 14 43
K 0 14 59
A D 4 32 0
A P 1 186 0
A P 2 175 0
J N 6 11648 21 6 2305 288 1 33
K -14 0 64
K -28 21 64
K 0 0 43
K 0 21 43
K 0 21 59
A D 4 32 0
A P 1 203 0
A P 2 186 0
J N 6 11684 14 4 4609 288 2 33 32
K 0 0 43
K 0 14 43
K 0 14 59
A D 4 32 0
A P 1 209 0
A P 2 198 0
H 33 B 0 0 108 3 2 1 3
H 32 S 12 0 14 0 14 0 0 0 0
J B 105 11724 1 82 6913 288 0
J N 6 11747 21 6 1 0 0
K -14 0 64
K 0 -14 43
K 0 0 43
K 0 -14 60
K 0 0 54
A D 4 32 0
A P 1 215 0
A P 2 203 0
J R 6 11783 28 2 2305 288 0
K 0 0 49
A D 4 32 1
A P 1 0 1
J R 6 11819 28 2 4609 288 0
K 0 0 49
A D 4 32 0
A P 1 0 0
J B 106 11859 1 82 6913 288 0
J N 6 11882 21 5 1 0 2 34 35
K -14 0 64
K 0 -14 43
K 0 0 43
K 0 -14 60
A D 4 32 0
A P 1 215 0
A P 2 203 0
J N 6 11922 14 5 2305 288 1 35
K -14 -14 64
K 0 -14 43
K 0 0 43
K 0 -14 60
A D 4 32 0
A P 1 220 0
A P 2 209 0
J N 6 11958 21 4 4609 288 2 35 34
K 0 -14 43
K 0 0 43
K 0 -14 60
A D 4 32 0
A P 1 215 0
A P 2 203 0
H 35 B 1 0 108 3 2 1 3
H 34 S 0 0 -14 0 -14 0 0 0 0
J B 107 11998 1 82 6913 288 0
J N 6 12019 28 5 1 0 0
K 0 -14 43
K 0 0 43
K 0 -14 60
K 0 0 54
A D 4 32 0
A P 1 209 0
A P 2 198 0
J R 6 12055 28 2 2305 288 0
K 0 0 49
A D 4 32 1
A P 1 0 1
J R 6 12091 28 2 4609 288 0
K 0 0 49
A D 4 32 0
A P 1 0 0
J B 108 12131 1 82 6913 288 0
J R 9 12152 28 2 1 10001 0
K 0 0 46
A D 12 32 0
A P 3 0 0
J B 109 12221 1 82 6913 864 0
J R 6 12242 28 2 1 0 0
K 0 0 49
A D 4 32 0
A P 1 0 0
J D 0 12252 0 1 2305 288 0
W 0 -18 32 1.
J N 6 12278 7 3 2305 0 2 36 37
K 0 0 43
K 0 77 108
A D 4 32 0
A P 1 215 0
J N 6 12314 14 2 4609 288 1 37
K 0 0 43
A D 4 32 0
A P 1 209 0
H 37 B 1 0 108 2 2 3
J B 110 12354 1 82 6913 288 0
J N 6 12377 21 4 1 0 1 36
K -18 0 63
K 0 0 43
K 0 0 54
A D 4 32 0
A P 1 204 0
H 36 S 0 0 0 0 0 0 0 0 0
J R 6 12413 28 2 2305 288 0
K 0 0 49
A D 4 32 1
A P 1 0 1
J R 6 12449 28 2 4609 288 0
K 0 0 49
A D 4 32 0
A P 1 0 0
J B 111 12489 1 82 6913 288 0
J R 6 12510 28 2 1 0 0
K 0 0 49
A D 4 32 0
A P 1 0 0
J N 5 12546 7 3 2305 288 1 38
K 0 0 43
K 0 -17 96
A D 2 32 0
A P 1 215 0
J N 5 12574 7 3 3457 144 1 38
K 0 0 43
K 0 -17 96
A D 2 32 0
A P 1 215 0
J N 5 12602 14 3 4609 144 1 38
K 0 0 43
K 0 -21 96
A D 2 32 0
A P 1 209 0
J N 5 12630 14 3 5761 144 1 38
K 0 0 43
K 0 -21 96
A D 2 32 0
A P 1 209 0
H 38 B 1 0 108 4 22 11 11 33
J B 112 12662 1 82 6913 144 0
J N 6 12683 21 3 1 0 0
K 0 0 43
K 0 0 54
A D 4 32 0
A P 1 204 0
J R 6 12719 28 2 2305 288 0
K 0 0 49
A D 4 32 1
A P 1 0 1
J R 6 12755 28 2 4609 288 0
K 0 0 49
A D 4 32 0
A P 1 0 0
J B 113 12795 1 82 6913 288 0
J D 0 12816 0 1 1 0 0
W 0 109 36 cresc.
J N 5 12822 21 5 1 0 1 39
K -18 0 63
K 0 -14 43
K 0 0 43
K 0 -14 60
A D 2 32 0
A P 1 215 0
A P 2 204 0
J N 5 12850 21 4 1153 144 1 39
K 0 -14 43
K 0 0 43
K 0 -14 60
A D 2 32 0
A P 1 215 0
A P 2 204 0
J N 5 12878 21 4 2305 144 1 39
K 0 -14 43
K 0 0 43
K 0 -14 60
A D 2 32 0
A P 1 215 0
A P 2 204 0
J N 5 12906 21 4 3457 144 1 39
K 0 -14 43
K 0 0 43
K 0 -14 60
A D 2 32 0
A P 1 215 0
A P 2 204 0
J N 5 12934 21 4 4609 144 1 39
K 0 -14 43
K 0 0 43
K 0 -14 60
A D 2 32 0
A P 1 215 0
A P 2 204 0
J N 5 12962 21 4 5761 144 1 39
K 0 -14 43
K 0 0 43
K 0 -14 60
A D 2 32 0
A P 1 215 0
A P 2 204 0
H 39 B 1 0 108 6 22 11 11 11 11 33
J B 114 12994 1 82 6913 144 0
J N 5 13015 21 4 1 0 1 40
K 0 -14 43
K 0 0 43
K 0 -14 60
A D 2 32 0
A P 1 215 0
A P 2 204 0
J N 5 13043 21 4 1153 144 1 40
K 0 -14 43
K 0 0 43
K 0 -14 60
A D 2 32 0
A P 1 215 0
A P 2 204 0
J N 5 13071 21 4 2305 144 1 40
K 0 -14 43
K 0 0 43
K 0 -14 60
A D 2 32 0
A P 1 215 0
A P 2 204 0
J N 5 13099 21 4 3457 144 1 40
K 0 -14 43
K 0 0 43
K 0 -14 60
A D 2 32 0
A P 1 215 0
A P 2 204 0
J N 5 13127 21 4 4609 144 1 40
K 0 -14 43
K 0 0 43
K 0 -14 60
A D 2 32 0
A P 1 215 0
A P 2 204 0
J N 5 13155 21 4 5761 144 1 40
K 0 -14 43
K 0 0 43
K 0 -14 60
A D 2 32 0
A P 1 215 0
A P 2 204 0
H 40 B 1 0 108 6 22 11 11 11 11 33
J B 115 13187 1 82 6913 144 0
J N 7 13210 7 10 1 0 0
K -14 -14 64
K 0 -14 43
K 25 -14 44
K 0 0 43
K 25 0 44
K 0 78 110
K 0 -14 60
K 0 0 60
K 0 21 60
A D 12 32 0
A P 1 226 0
A P 2 215 0
J B 116 13279 1 82 6913 864 0
J N 6 13306 35 6 1 0 1 41
K -18 -21 63
K 0 -21 43
K 0 0 43
K 0 -42 96
K 0 -21 60
A D 4 32 0
A P 1 210 0
A P 2 192 0
J N 6 13342 35 5 2305 288 1 41
K 0 -21 43
K 0 0 43
K 0 -42 96
K 0 -21 60
A D 4 32 0
A P 1 210 0
A P 2 192 0
J N 6 13378 35 5 4609 288 1 41
K 0 -21 43
K 0 0 43
K 0 -42 96
K 0 -21 60
A D 4 32 0
A P 1 210 0
A P 2 192 0
H 41 B 1 0 108 3 2 1 3
J B 117 13418 1 82 6913 288 0
J N 6 13441 42 7 1 0 0
K -14 0 64
K 0 -35 43
K 0 0 43
K 0 -35 60
K 0 -28 60
K 0 0 52
A D 4 32 0
A P 1 215 0
A P 2 186 0
J R 6 13477 28 2 2305 288 0
K 0 0 49
A D 4 32 1
A P 1 0 1
J R 6 13513 28 2 4609 288 0
K 0 0 49
A D 4 32 0
A P 1 0 0
J B 118 13553 1 82 6913 288 0
J R 9 13574 28 2 1 10001 0
K 0 0 46
A D 12 32 0
A P 3 0 0
J B 119 13643 1 82 6913 864 0
J R 6 13664 28 2 1 0 0
K 0 0 49
A D 4 32 0
A P 1 0 0
J D 0 13674 0 1 2305 288 0
W 0 -18 32 1.
J N 6 13700 14 5 2305 0 2 42 43
K -14 0 64
K 0 0 43
K 0 70 108
K 23 70 108
A D 4 32 0
A P 1 209 0
J N 6 13736 7 2 4609 288 1 43
K 0 0 43
A D 4 32 0
A P 1 215 0
H 43 B 1 0 108 2 2 3
J B 120 13776 1 82 6913 288 0
J N 6 13797 0 4 1 0 1 42
K -14 0 64
K 0 0 43
K 0 0 54
A D 4 32 0
A P 1 220 0
H 42 S 0 0 0 0 0 0 0 0 0
J R 6 13833 28 2 2305 288 0
K 0 0 49
A D 4 32 1
A P 1 0 1
J R 6 13869 28 2 4609 288 0
K 0 0 49
A D 4 32 0
A P 1 0 0
J B 121 13909 1 82 6913 288 0
J R 6 13930 28 2 1 0 0
K 0 0 49
A D 4 32 0
A P 1 0 0
J N 5 13966 14 3 2305 288 1 44
K 0 0 43
K 0 -21 96
A D 2 32 0
A P 1 209 0
J N 5 13994 14 3 3457 144 1 44
K 0 0 43
K 0 -21 96
A D 2 32 0
A P 1 209 0
J N 5 14022 7 3 4609 144 1 44
K 0 0 43
K 0 -17 96
A D 2 32 0
A P 1 215 0
J N 5 14050 7 3 5761 144 1 44
K 0 0 43
K 0 -17 96
A D 2 32 0
A P 1 215 0
H 44 B 1 0 108 4 22 11 11 33
J B 122 14082 1 82 6913 144 0
J N 6 14105 0 4 1 0 0
K -14 0 64
K 0 0 43
K 0 0 54
A D 4 32 0
A P 1 220 0
J R 6 14141 28 2 2305 288 0
K 0 0 49
A D 4 32 1
A P 1 0 1
J R 6 14177 28 2 4609 288 0
K 0 0 49
A D 4 32 0
A P 1 0 0
J B 123 14217 1 82 6913 288 0
J R 6 14238 28 2 1 0 0
K 0 0 49
A D 4 32 0
A P 1 0 0
J N 5 14274 14 3 2305 288 1 45
K 0 0 43
K 0 -21 96
A D 2 32 0
A P 1 209 0
J N 5 14302 14 3 3457 144 1 45
K 0 0 43
K 0 -21 96
A D 2 32 0
A P 1 209 0
J N 5 14330 7 3 4609 144 1 45
K 0 0 43
K 0 -17 96
A D 2 32 0
A P 1 215 0
J N 5 14358 7 3 5761 144 1 45
K 0 0 43
K 0 -17 96
A D 2 32 0
A P 1 215 0
H 45 B 1 0 108 4 22 11 11 33
J B 124 14390 1 82 6913 144 0
J D 0 14411 0 1 1 0 0
W 0 121 36 cresc.
J N 5 14413 49 7 1 0 1 46
K -14 -49 64
K -14 0 64
K 0 -49 43
K 0 0 43
K 0 -49 60
K 0 -28 60
A D 2 32 0
A P 1 220 0
A P 2 180 0
J N 5 14441 49 5 1153 144 1 46
K 0 -49 43
K 0 0 43
K 0 -49 60
K 0 -28 60
A D 2 32 0
A P 1 220 0
A P 2 180 0
J N 5 14469 49 5 2305 144 1 46
K 0 -49 43
K 0 0 43
K 0 -49 60
K 0 -28 60
A D 2 32 0
A P 1 220 0
A P 2 180 0
J N 5 14497 49 5 3457 144 1 46
K 0 -49 43
K 0 0 43
K 0 -49 60
K 0 -28 60
A D 2 32 0
A P 1 220 0
A P 2 180 0
J N 5 14525 49 5 4609 144 1 46
K 0 -49 43
K 0 0 43
K 0 -49 60
K 0 -28 60
A D 2 32 0
A P 1 220 0
A P 2 180 0
J N 5 14553 49 5 5761 144 1 46
K 0 -49 43
K 0 0 43
K 0 -49 60
K 0 -28 60
A D 2 32 0
A P 1 220 0
A P 2 180 0
H 46 B 1 0 108 6 22 11 11 11 11 33
J B 125 14585 1 82 6913 144 0
J N 5 14608 49 7 1 0 1 47
K -14 -49 64
K -14 0 64
K 0 -49 43
K 0 0 43
K 0 -49 60
K 0 -28 60
A D 2 32 0
A P 1 220 0
A P 2 180 0
J N 5 14636 49 5 1153 144 1 47
K 0 -49 43
K 0 0 43
K 0 -49 60
K 0 -28 60
A D 2 32 0
A P 1 220 0
A P 2 180 0
J N 5 14664 49 5 2305 144 1 47
K 0 -49 43
K 0 0 43
K 0 -49 60
K 0 -28 60
A D 2 32 0
A P 1 220 0
A P 2 180 0
J N 5 14692 49 5 3457 144 1 47
K 0 -49 43
K 0 0 43
K 0 -49 60
K 0 -28 60
A D 2 32 0
A P 1 220 0
A P 2 180 0
J N 5 14720 49 5 4609 144 1 47
K 0 -49 43
K 0 0 43
K 0 -49 60
K 0 -28 60
A D 2 32 0
A P 1 220 0
A P 2 180 0
J N 5 14748 49 5 5761 144 1 47
K 0 -49 43
K 0 0 43
K 0 -49 60
K 0 -28 60
A D 2 32 0
A P 1 220 0
A P 2 180 0
H 47 B 1 0 108 6 22 11 11 11 11 33
J B 126 14780 1 82 6913 144 0
J N 7 14803 35 11 1 0 0
K -14 -35 64
K 0 -35 43
K 24 -41 44
K 0 0 43
K 25 0 44
K 0 64 110
K 0 -35 60
K 0 -28 60
K 0 0 60
K 0 14 60
A D 12 32 0
A P 1 220 0
A P 2 192 0
J B 127 14872 1 82 6913 864 0
J N 6 14896 28 6 1 0 1 48
K -15 0 65
K 0 -21 43
K 0 0 43
K 0 -38 96
K 0 -21 60
A D 4 32 0
A P 1 215 0
A P 2 197 0
J N 6 14932 28 5 2305 288 1 48
K 0 -21 43
K 0 0 43
K 0 -38 96
K 0 -21 60
A D 4 32 0
A P 1 215 0
A P 2 197 0
J N 6 14968 28 5 4609 288 1 48
K 0 -21 43
K 0 0 43
K 0 -38 96
K 0 -21 60
A D 4 32 0
A P 1 215 0
A P 2 197 0
H 48 B 1 0 108 3 2 1 3
J B 128 15008 1 82 6913 288 0
J N 6 15031 70 12 1 0 2 49 50
K 0 0 45
K -14 -49 64
K -14 0 64
K 0 -49 43
K 0 0 43
K -1 0 45
K 2 0 45
K 0 61 110
K 17 61 110
K 0 -49 60
K 0 -28 60
A D 4 32 0
A P 1 203 0
A P 2 163 0
J N 6 15067 49 7 2305 288 1 50
K -14 -49 64
K -14 0 64
K 0 -49 43
K 0 0 43
K 0 -49 60
K 0 -28 60
A D 4 32 0
A P 1 220 0
A P 2 180 0
J N 6 15107 42 7 4609 288 2 50 49
K -14 -49 64
K -14 0 64
K 0 -49 43
K 0 0 43
K 0 -49 60
K 0 -28 60
A D 4 32 0
A P 1 226 0
A P 2 186 0
H 50 B 50001 0 108 3 2 1 3
H 49 S 0 0 -49 0 -49 0 0 0 0
J B 129 15147 1 82 6913 288 0
J N 6 15168 35 10 1 0 0
K 0 -49 45
K 0 -49 43
K -1 -49 45
K 2 -49 45
K 0 0 43
K 0 -66 96
K 0 -49 60
K 0 -28 60
K 0 0 52
A D 4 32 0
A P 1 232 0
A P 2 192 0
J R 6 15204 28 2 2305 288 0
K 0 0 49
A D 4 32 1
A P 1 0 1
J R 6 15240 28 2 4609 288 0
K 0 0 49
A D 4 32 0
A P 1 0 0
J B 130 15280 1 82 6913 288 0
J N 6 15303 70 10 1 0 2 51 52
K 0 0 45
K -14 -49 64
K -14 0 64
K 0 -49 43
K 0 0 43
K -1 0 45
K 2 0 45
K 0 -49 60
K 0 -28 60
A D 4 32 0
A P 1 203 0
A P 2 163 0
J N 6 15343 42 7 2305 288 1 52
K -14 -49 64
K -14 0 64
K 0 -49 43
K 0 0 43
K 0 -49 60
K 0 -28 60
A D 4 32 0
A P 1 226 0
A P 2 186 0
J N 6 15379 35 8 4609 288 2 52 51
K 0 -49 45
K 0 -49 43
K -1 -49 45
K 2 -49 45
K 0 0 43
K 0 -49 60
K 0 -28 60
A D 4 32 0
A P 1 232 0
A P 2 192 0
H 52 B 1 0 108 3 2 1 3
H 51 S 0 0 -56 0 -56 0 0 0 0
J B 131 15419 1 82 6913 288 0
J N 6 15443 28 12 1 0 0
K 0 -42 45
K -15 -49 65
K -15 0 65
K 0 -49 43
K 0 -42 45
K 1 -42 45
K 0 0 43
K 0 -66 96
K 0 -49 60
K 0 -28 60
K 0 0 54
A D 4 32 0
A P 1 237 0
A P 2 197 0
J R 6 15479 28 2 2305 288 0
K 0 0 49
A D 4 32 0
A P 1 0 0
J N 5 15515 21 12 4609 288 1 53
K 1 49 45
K -14 0 64
K -14 49 64
K 0 0 43
K 25 0 44
K 0 49 43
K -1 49 45
K 2 49 45
K 24 43 44
K 0 49 59
K 0 28 59
A D 3 32 0
A P 1 203 0
A P 2 163 0
J N 4 15553 21 8 6337 216 1 53
K 1 49 45
K 0 0 43
K 0 49 43
K -1 49 45
K 2 49 45
K 0 49 59
K 0 28 59
A D 1 32 0
A P 1 203 0
A P 2 163 0
H 53 B 0 0 108 2 22 533
J B 132 15585 1 82 6913 72 0
J N 6 15608 70 10 1 0 2 54 55
K 0 0 45
K -14 -49 64
K -14 0 64
K 0 -49 43
K 0 0 43
K -1 0 45
K 2 0 45
K 0 -49 60
K 0 -28 60
A D 4 32 0
A P 1 203 0
A P 2 163 0
J N 6 15644 49 7 2305 288 1 55
K -14 -49 64
K -14 0 64
K 0 -49 43
K 0 0 43
K 0 -49 60
K 0 -28 60
A D 4 32 0
A P 1 220 0
A P 2 180 0
J N 6 15684 42 7 4609 288 2 55 54
K -14 -49 64
K -14 0 64
K 0 -49 43
K 0 0 43
K 0 -49 60
K 0 -28 60
A D 4 32 0
A P 1 226 0
A P 2 186 0
H 55 B 1 0 108 3 2 1 3
H 54 S 0 0 -49 0 -49 0 0 0 0
J B 133 15724 1 82 6913 288 0
J N 6 15748 35 12 1 0 0
K 0 -49 45
K -15 -49 65
K -15 0 65
K 0 -49 43
K -1 -49 45
K 2 -49 45
K 0 0 43
K 0 -66 96
K 0 -49 60
K 0 -28 60
K 0 0 52
A D 4 32 0
A P 1 231 0
A P 2 191 0
J R 6 15784 28 2 2305 288 0
K 0 0 49
A D 4 32 0
A P 1 0 0
J N 5 15820 21 12 4609 288 1 56
K 1 49 45
K -14 0 64
K -14 49 64
K 0 0 43
K 25 0 44
K 0 49 43
K -1 49 45
K 2 49 45
K 24 43 44
K 0 49 59
K 0 28 59
A D 3 32 0
A P 1 203 0
A P 2 163 0
J N 4 15858 21 8 6337 216 1 56
K 1 49 45
K 0 0 43
K 0 49 43
K -1 49 45
K 2 49 45
K 0 49 59
K 0 28 59
A D 1 32 0
A P 1 203 0
A P 2 163 0
H 56 B 0 0 108 2 22 533
J B 134 15890 1 82 6913 72 0
J N 6 15913 70 10 1 0 2 57 58
K 0 0 45
K -14 -49 64
K -14 0 64
K 0 -49 43
K 0 0 43
K -1 0 45
K 2 0 45
K 0 -49 60
K 0 -28 60
A D 4 32 0
A P 1 203 0
A P 2 163 0
J N 6 15953 42 7 2305 288 1 58
K -14 -49 64
K -14 0 64
K 0 -49 43
K 0 0 43
K 0 -49 60
K 0 -28 60
A D 4 32 0
A P 1 226 0
A P 2 186 0
J N 6 15994 35 10 4609 288 2 58 57
K 0 -49 45
K -15 -49 65
K -15 0 65
K 0 -49 43
K -1 -49 45
K 2 -49 45
K 0 0 43
K 0 -49 60
K 0 -28 60
A D 4 32 0
A P 1 231 0
A P 2 191 0
H 58 B 1 0 108 3 2 1 3
H 57 S 0 0 -56 0 -56 0 0 0 0
J B 135 16034 1 82 6913 288 0
J N 6 16058 28 12 1 0 0
K 0 -42 45
K -15 -49 65
K -15 0 65
K 0 -49 43
K 0 -42 45
K 1 -42 45
K 0 0 43
K 0 -66 96
K 0 -49 60
K 0 -28 60
K 0 0 54
A D 4 32 0
A P 1 237 0
A P 2 197 0
J R 6 16094 28 2 2305 288 0
K 0 0 49
A D 4 32 0
A P 1 0 0
J N 6 16130 7 6 4609 288 0
K 0 0 43
K 0 49 43
K 0 49 59
K 0 28 59
K 0 0 51
A D 4 32 0
A P 1 215 0
A P 2 175 0
J B 136 16173 1 82 6913 288 0
J N 7 16196 0 8 1 0 0
K -14 0 64
K 0 0 43
K 24 -6 44
K 0 113 110
K 17 113 110
K 0 0 59
K 0 -14 59
A D 12 32 0
A P 1 220 0
J N 6 16196 49 4 1 0 0
K -14 0 64
K 0 0 43
K 0 0 52
A D 4 32 0
A P 2 180 0
J N 7 16247 21 5 2305 288 0
K -14 0 64
K 0 0 43
K 0 0 60
K 0 21 60
A D 8 32 0
A P 2 203 0
J B 137 16302 1 82 6913 576 0
J N 7 16343 21 10 1 0 0
K -18 -21 63
K -32 0 64
K 0 -21 43
K 24 -27 44
K 0 0 43
K 25 0 44
K 0 -21 60
K 0 0 60
K 0 21 60
A D 12 32 0
A P 1 221 0
A P 2 203 0
J B 138 16412 1 82 6913 864 0
J N 6 16435 28 8 1 0 0
K -14 -35 64
K -14 0 64
K 0 -35 43
K 0 0 43
K 0 -35 60
K 0 -28 60
K 0 0 54
A D 4 32 0
A P 1 226 0
A P 2 198 0
J R 6 16471 28 2 2305 288 0
K 0 0 49
A D 4 32 1
A P 1 0 1
J R 6 16507 28 2 4609 288 0
K 0 0 49
A D 4 32 0
A P 1 0 0
J B 139 16547 1 82 6913 288 0
J R 9 16568 28 2 1 10001 0
K 0 0 46
A D 12 32 0
A P 3 0 0
J B 140 16637 1 82 6913 864 0
J R 9 16658 28 2 1 10001 0
K 0 0 46
A D 12 32 0
A P 3 0 0
J B 141 16727 1 82 6913 864 0
J R 9 16748 28 2 1 10001 0
K 0 0 46
A D 12 32 0
A P 3 0 0
J B 142 16817 1 82 6913 864 0
J R 9 16838 28 2 1 10001 0
K 0 0 46
A D 12 32 0
A P 3 0 0
J B 143 16907 1 82 6913 864 0
J R 9 16928 28 2 1 10001 0
K 0 0 46
A D 12 32 0
A P 3 0 0
J B 144 16997 1 82 6913 864 0
J R 9 17018 28 2 1 10001 0
K 0 0 46
A D 12 32 0
A P 3 0 0
J B 145 17087 1 82 6913 864 0
J R 9 17108 28 2 1 10001 0
K 0 0 46
A D 12 32 0
A P 3 0 0
J B 146 17177 1 82 6913 864 0
J R 9 17198 28 2 1 10001 0
K 0 0 46
A D 12 32 0
A P 3 0 0
J B 147 17267 1 82 6913 864 0
J R 9 17288 28 2 1 10001 0
K 0 0 46
A D 12 32 0
A P 3 0 0
J B 148 17357 1 82 6913 864 0
J N 7 17402 7 12 1 0 2 59 60
K -18 -14 63
K -36 0 63
K 0 -14 43
K 25 -14 44
K 0 0 43
K 25 0 44
K 0 78 110
K 17 78 110
K 0 -14 60
K 0 0 60
K 0 21 60
A D 12 32 0
A P 1 227 0
A P 2 216 0
J B 149 17471 1 82 6913 864 0
J N 7 17492 0 11 1 0 2 59 60
K 0 -14 45
K 0 -14 43
K -1 -14 45
K 2 -14 45
K 24 -20 44
K 0 0 43
K 24 -6 44
K 0 -14 60
K 0 0 60
K 0 21 60
A D 12 32 0
A P 1 232 0
A P 2 221 0
H 59 S 0 0 -14 0 -14 0 0 0 0
H 60 S 12 0 0 -14 0 0 0 0 0
J B 150 17561 1 82 6913 864 0
J N 7 17601 -7 12 1 0 2 61 62
K 0 -7 45
K -31 0 64
K 0 -7 43
K -1 -7 45
K 2 -7 45
K 24 -13 44
K -17 0 43
K 25 0 44
K 0 -7 60
K 0 0 60
K 0 21 60
A D 12 32 2
A P 1 232 1
A P 2 226 0
J B 151 17670 1 82 6913 864 0
J N 7 17691 0 11 1 0 2 61 62
K 0 -14 45
K 0 -14 43
K -1 -14 45
K 2 -14 45
K 24 -20 44
K 0 0 43
K 24 -6 44
K 0 -14 60
K 0 0 60
K 0 21 60
A D 12 32 0
A P 1 232 0
A P 2 221 0
H 61 T -14 0 0 0 0 0 5 0
H 62 S 12 0 0 -14 0 0 0 0 0
J B 152 17760 1 82 6913 864 0
J N 7 17781 -21 10 1 0 1 63
K 1 7 45
K 0 0 43
K 0 7 45
K 1 7 45
K 25 0 44
K 0 105 111
K 12 105 110
K 0 0 59
K 0 -7 59
A D 12 32 1
A P 1 238 1
J N 7 17781 0 5 1 0 1 64
K 0 0 43
K 24 6 44
K 0 0 60
K 0 21 60
A D 12 32 1
A P 2 221 1
J B 153 17850 1 82 6913 864 0
J D 0 17871 0 1 1 0 0
W 0 109 36 decresc.
J N 7 17871 -21 8 1 0 1 63
K 1 7 45
K 0 0 43
K 0 7 45
K 1 7 45
K 25 0 44
K 0 0 59
K 0 -7 59
A D 12 32 0
A P 1 238 0
H 63 T -21 0 0 0 0 0 3 0
J N 6 17871 0 2 1 0 3 65 66 64
K 0 0 43
A D 4 32 0
A P 2 221 0
H 64 T 0 0 0 0 0 0 15 0
J N 6 17907 7 2 2305 288 1 66
K 0 0 43
A D 4 32 0
A P 2 215 0
J N 6 17943 14 2 4609 288 2 66 65
K 0 0 43
A D 4 32 0
A P 2 209 0
H 66 B 1 0 108 3 2 1 3
H 65 S 12 -6 55 -6 46 0 0 0 -6
J B 154 17983 1 82 6913 288 0
J N 6 18004 21 6 1 0 0
K 0 -14 43
K 0 0 43
K 0 68 108
K 0 -14 60
K 0 0 54
A D 4 32 0
A P 1 215 0
A P 2 204 0
J R 6 18040 28 2 2305 288 0
K 0 0 49
A D 4 32 1
A P 1 0 1
J R 6 18076 28 2 4609 288 0
K 0 0 49
A D 4 32 0
A P 1 0 0
J B 155 18116 1 82 6913 288 0
J R 9 18137 28 2 1 10001 0
K 0 0 46
A D 12 32 0
A P 3 0 0
J B 156 18206 1 82 6913 864 0
J R 9 18227 28 2 1 10001 0
K 0 0 46
A D 12 32 0
A P 3 0 0
J B 157 18296 1 82 6913 864 0
J R 9 18317 28 2 1 10001 0
K 0 0 46
A D 12 32 0
A P 3 0 0
J B 158 18386 1 82 6913 864 0
J R 9 18407 28 2 1 10001 0
K 0 0 46
A D 12 32 0
A P 3 0 0
J B 159 18476 1 82 6913 864 0
J R 9 18497 28 2 1 10001 0
K 0 0 46
A D 12 32 0
A P 3 0 0
J B 160 18566 1 82 6913 864 0
J R 9 18587 28 2 1 10001 0
K 0 0 46
A D 12 32 0
A P 3 0 0
J B 161 18656 1 82 6913 864 0
J R 9 18677 28 2 1 10001 0
K 0 0 46
A D 12 32 0
A P 3 0 0
J B 162 18746 1 82 6913 864 0
J R 9 18767 28 2 1 10001 0
K 0 0 46
A D 12 32 0
A P 3 0 0
J B 163 18836 1 82 6913 864 0
J R 9 18857 28 2 1 10001 0
K 0 0 46
A D 12 32 0
A P 3 0 0
J B 164 18926 1 82 6913 864 0
J R 9 18947 28 2 1 10001 0
K 0 0 46
A D 12 32 0
A P 3 0 0
J B 165 19016 1 82 6913 864 0
J R 9 19037 28 2 1 10001 0
K 0 0 46
A D 12 32 0
A P 3 0 0
J B 166 19106 1 82 6913 864 0
J R 9 19127 28 2 1 10001 0
K 0 0 46
A D 12 32 0
A P 3 0 0
J B 167 19196 1 82 6913 864 0
J R 9 19217 28 2 1 10001 0
K 0 0 46
A D 12 32 0
A P 3 0 0
J B 168 19286 1 82 6913 864 0
J R 9 19307 28 2 1 10001 0
K 0 0 46
A D 12 32 0
A P 3 0 0
J B 169 19376 1 82 6913 864 0
J R 9 19397 28 2 1 10001 0
K 0 0 46
A D 12 32 0
A P 3 0 0
J B 170 19466 1 82 6913 864 0
J R 9 19487 28 2 1 10001 0
K 0 0 46
A D 12 32 0
A P 3 0 0
J B 171 19556 1 82 6913 864 0
J R 9 19577 28 2 1 10001 0
K 0 0 46
A D 12 32 0
A P 3 0 0
J B 172 19646 1 82 6913 864 0
J R 9 19667 28 2 1 10001 0
K 0 0 46
A D 12 32 0
A P 3 0 0
J B 173 19736 1 82 6913 864 0
J R 9 19757 28 2 1 10001 0
K 0 0 46
A D 12 32 0
A P 3 0 0
J B 174 19826 1 82 6913 864 0
J R 9 19847 28 2 1 10001 0
K 0 0 46
A D 12 32 0
A P 3 0 0
J B 175 19916 1 82 6913 864 0
J R 9 19937 28 2 1 10001 0
K 0 0 46
A D 12 32 0
A P 3 0 0
J B 176 20006 1 82 6913 864 0
J R 9 20027 28 2 1 10001 0
K 0 0 46
A D 12 32 0
A P 3 0 0
J B 177 20096 1 82 6913 864 0
J R 9 20117 28 2 1 10001 0
K 0 0 46
A D 12 32 0
A P 3 0 0
J B 178 20186 1 82 6913 864 0
J R 9 20207 28 2 1 10001 0
K 0 0 46
A D 12 32 0
A P 3 0 0
J B 179 20276 1 82 6913 864 0
J R 9 20297 28 2 1 10001 0
K 0 0 46
A D 12 32 0
A P 3 0 0
J B 180 20366 1 82 6913 864 0
J R 9 20387 28 2 1 10001 0
K 0 0 46
A D 12 32 0
A P 3 0 0
J B 181 20456 1 82 6913 864 0
J R 9 20477 28 2 1 10001 0
K 0 0 46
A D 12 32 0
A P 3 0 0
J B 182 20546 1 82 6913 864 0
J R 9 20567 28 2 1 10001 0
K 0 0 46
A D 12 32 0
A P 3 0 0
J B 183 20636 1 82 6913 864 0
J R 9 20657 28 2 1 10001 0
K 0 0 46
A D 12 32 0
A P 3 0 0
J B 184 20726 1 82 6913 864 0
J R 9 20747 28 2 1 10001 0
K 0 0 46
A D 12 32 0
A P 3 0 0
J B 185 20816 1 82 6913 864 0
J R 9 20837 28 2 1 10001 0
K 0 0 46
A D 12 32 0
A P 3 0 0
J B 186 20906 1 82 6913 864 0
J R 9 20927 28 2 1 10001 0
K 0 0 46
A D 12 32 0
A P 3 0 0
J B 187 20996 1 82 6913 864 0
J R 9 21017 28 2 1 10001 0
K 0 0 46
A D 12 32 0
A P 3 0 0
J B 188 21086 1 82 6913 864 0
J R 9 21107 28 2 1 10001 0
K 0 0 46
A D 12 32 0
A P 3 0 0
J B 189 21176 1 82 6913 864 0
J R 9 21197 28 2 1 10001 0
K 0 0 46
A D 12 32 0
A P 3 0 0
J B 190 21266 1 82 6913 864 0
J R 9 21287 28 2 1 10001 0
K 0 0 46
A D 12 32 0
A P 3 0 0
J B 191 21356 1 82 6913 864 0
J R 9 21377 28 2 1 10001 0
K 0 0 46
A D 12 32 0
A P 3 0 0
J B 192 21446 1 82 6913 864 0
J R 9 21467 28 2 1 10001 0
K 0 0 46
A D 12 32 0
A P 3 0 0
J B 193 21536 1 82 6913 864 0
J R 9 21557 28 2 1 10001 0
K 0 0 46
A D 12 32 0
A P 3 0 0
J B 194 21626 1 82 6913 864 0
J R 6 21647 28 2 1 0 0
K 0 0 49
A D 4 32 0
A P 1 0 0
J D 0 21657 0 1 2305 288 0
W 0 -18 32 1.
J N 6 21683 7 3 2305 0 2 68 67
K 0 0 43
K 25 0 44
A D 6 32 0
A P 1 215 0
J N 5 21728 7 2 5761 432 2 68 67
K 0 0 43
A D 2 32 0
A P 1 215 0
H 67 W 0 21 7 88 7 88
H 68 B 1 0 108 2 2 53
J B 195 21760 1 82 6913 144 0
J N 5 21781 0 3 1 0 3 70 71 69
K -14 0 64
K 0 0 43
A D 2 32 0
A P 1 220 0
J N 5 21809 7 2 1153 144 3 71 70 69
K 0 0 43
A D 2 32 0
A P 1 215 0
H 69 W 21 0 7 88 14 88
H 70 S 0 0 0 0 0 0 0 0 0
J N 6 21837 7 3 2305 144 1 71
K 0 0 43
K 0 -17 96
A D 4 32 0
A P 1 215 0
H 71 B 1 0 108 3 22 31 3
J R 6 21873 28 2 4609 288 0
K 0 0 49
A D 4 32 0
A P 1 0 0
J B 196 21913 1 82 6913 288 0
J R 9 21934 28 2 1 10001 0
K 0 0 46
A D 12 32 0
A P 3 0 0
J B 197 22003 1 82 6913 864 0
J R 9 22024 28 2 1 10001 0
K 0 0 46
A D 12 32 0
A P 3 0 0
J B 198 22093 1 82 6913 864 0
J R 9 22114 28 2 1 10001 0
K 0 0 46
A D 12 32 0
A P 3 0 0
J B 199 22183 1 82 6913 864 0
J R 6 22204 28 2 1 0 0
K 0 0 49
A D 4 32 0
A P 1 0 0
J D 0 22193 0 1 2305 288 0
W 0 -32 32 1.
J N 5 22240 -21 8 2305 0 2 72 73
K 0 7 45
K -15 0 65
K 0 0 43
K 0 7 45
K 1 7 45
K 25 0 44
K 0 105 108
A D 3 32 0
A P 1 237 0
J N 4 22292 -7 3 4033 216 2 73 72
K -14 0 64
K 0 0 43
A D 1 32 0
A P 1 226 0
H 72 S 0 0 0 0 0 0 0 0 0
J N 6 22320 7 2 4609 72 2 74 73
K 0 0 43
A D 4 32 1
A P 1 215 1
H 73 B 1 0 108 3 22 531 3
J B 200 22360 1 82 6913 288 0
J N 6 22381 7 3 1 0 3 75 76 74
K 0 0 43
K 0 82 110
A D 4 32 0
A P 1 215 0
H 74 T 7 0 0 0 0 0 1 0
J N 6 22417 14 2 2305 288 2 76 75
K 0 0 43
A D 4 32 0
A P 1 209 0
H 76 B 1 0 108 2 2 3
H 75 S 0 0 0 0 0 0 0 0 0
J R 6 22453 28 2 4609 288 0
K 0 0 49
A D 4 32 0
A P 1 0 0
J B 201 22493 1 82 6913 288 0
J R 6 22514 28 2 1 0 0
K 0 0 49
A D 4 32 0
A P 1 0 0
J N 5 22550 -7 5 2305 288 2 77 78
K -14 0 64
K 0 0 43
K 25 0 44
K 0 105 108
A D 3 32 0
A P 1 226 0
J N 4 22583 7 2 4033 216 2 78 77
K 0 0 43
A D 1 32 0
A P 1 215 0
H 77 S 0 0 0 0 0 0 0 0 0
J N 6 22623 21 3 4609 72 2 79 78
K -14 0 64
K 0 0 43
A D 4 32 1
A P 1 203 1
H 78 B 1 0 108 3 22 531 3
J B 202 22663 1 82 6913 288 0
J N 6 22686 21 5 1 0 3 80 81 79
k -14 0 64
K 0 0 43
K 0 79 111
K 12 79 110
A D 4 32 0
A P 1 203 0
H 79 T 21 0 0 0 0 0 1 0
J N 6 22727 28 3 2305 288 2 81 80
K -15 0 65
K 0 0 43
A D 4 32 0
A P 1 197 0
H 81 B 1 0 108 2 2 3
H 80 S 0 0 0 0 0 0 0 0 0
J R 6 22763 28 2 4609 288 0
K 0 0 49
A D 4 32 0
A P 1 0 0
J B 203 22803 1 82 6913 288 0
J R 9 22824 28 2 1 10001 0
K 0 0 46
A D 12 32 0
A P 3 0 0
J B 204 22893 1 82 6913 864 0
J R 5 22914 28 3 1 0 0
K 0 14 49
K 4 0 50
A D 2 32 0
A P 3 0 0
J D 0 22918 0 1 1153 144 0
W 0 -21 32 zu 2
J N 6 22946 7 4 1153 0 1 82
K 0 0 43
K 0 85 111
K 12 85 110
A D 4 32 0
A P 3 215 0
J N 5 22982 7 3 3457 288 1 82
K 0 0 43
K 0 -17 96
A D 2 32 0
A P 3 215 0
J N 5 23010 7 3 4609 144 1 82
K 0 0 43
K 0 -17 96
A D 2 32 0
A P 3 215 0
J N 5 23038 7 3 5761 144 1 82
K 0 0 43
K 0 -17 96
A D 2 32 0
A P 3 215 0
H 82 B 1 0 108 4 2 21 11 33
J B 205 23070 1 82 6913 144 0
J N 6 23091 7 3 1 0 0
K 0 0 43
K 0 0 54
A D 4 32 0
A P 3 215 0
J R 6 23127 28 2 2305 288 0
K 0 0 49
A D 4 32 1
A P 3 0 1
J R 6 23163 28 2 4609 288 0
K 0 0 49
A D 4 32 0
A P 3 0 0
J B 206 23203 1 82 6913 288 0
J R 5 23224 28 3 1 0 0
K 0 14 49
K 4 0 50
A D 2 32 0
A P 3 0 0
J N 6 23256 7 4 1153 144 1 83
K 0 0 43
K 0 85 111
K 12 85 110
A D 4 32 0
A P 3 215 0
J N 5 23292 7 3 3457 288 1 83
K 0 0 43
K 0 -17 96
A D 2 32 0
A P 3 215 0
J N 5 23320 7 3 4609 144 1 83
K 0 0 43
K 0 -17 96
A D 2 32 0
A P 3 215 0
J N 5 23348 7 3 5761 144 1 83
K 0 0 43
K 0 -17 96
A D 2 32 0
A P 3 215 0
H 83 B 1 0 108 4 2 21 11 33
J B 207 23380 1 82 6913 144 0
J N 6 23401 7 3 1 0 0
K 0 0 43
K 0 0 54
A D 4 32 0
A P 3 215 0
J R 6 23437 28 2 2305 288 0
K 0 0 49
A D 4 32 1
A P 3 0 1
J R 6 23473 28 2 4609 288 0
K 0 0 49
A D 4 32 0
A P 3 0 0
J B 208 23513 1 82 6913 288 0
J R 5 23534 28 3 1 0 0
K 0 14 49
K 4 0 50
A D 2 32 0
A P 3 0 0
J N 6 23566 7 4 1153 144 1 84
K 0 0 43
K 0 85 111
K 12 85 110
A D 4 32 0
A P 3 215 0
J N 5 23602 7 3 3457 288 1 84
K 0 0 43
K 0 -17 96
A D 2 32 0
A P 3 215 0
J N 5 23630 7 3 4609 144 1 84
K 0 0 43
K 0 -17 96
A D 2 32 0
A P 3 215 0
J N 5 23658 7 3 5761 144 1 84
K 0 0 43
K 0 -17 96
A D 2 32 0
A P 3 215 0
H 84 B 1 0 108 4 2 21 11 33
J B 209 23690 1 82 6913 144 0
J N 5 23711 7 4 1 0 1 85
K 0 0 43
K 0 85 110
K 17 85 110
A D 2 32 0
A P 3 215 0
J N 5 23739 7 2 1153 144 1 85
K 0 0 43
A D 2 32 0
A P 3 215 0
J N 5 23767 7 2 2305 144 1 85
K 0 0 43
A D 2 32 0
A P 3 215 0
J N 5 23795 7 2 3457 144 1 85
K 0 0 43
A D 2 32 0
A P 3 215 0
J N 5 23823 7 2 4609 144 1 85
K 0 0 43
A D 2 32 0
A P 3 215 0
J N 5 23851 7 2 5761 144 1 85
K 0 0 43
A D 2 32 0
A P 3 215 0
H 85 B 1 0 108 6 22 11 11 11 11 33
J B 210 23883 1 82 6913 144 0
J N 6 23904 7 3 1 0 0
K 0 0 43
K 0 0 54
A D 4 32 0
A P 3 215 0
J R 6 23940 28 2 2305 288 0
K 0 0 49
A D 4 32 1
A P 3 0 1
J R 6 23976 28 2 4609 288 0
K 0 0 49
A D 4 32 0
A P 3 0 0
J B 211 24016 1 82 6913 288 0
J R 9 24037 28 2 1 10001 0
K 0 0 46
A D 12 32 0
A P 3 0 0
J B 212 24106 1 82 6913 864 0
J R 9 24127 28 2 1 10001 0
K 0 0 46
A D 12 32 0
A P 3 0 0
J B 213 24196 1 82 6913 864 0
J R 9 24217 28 2 1 10001 0
K 0 0 46
A D 12 32 0
A P 3 0 0
J B 214 24286 1 82 6913 864 0
J R 9 24307 28 2 1 10001 0
K 0 0 46
A D 12 32 0
A P 3 0 0
J B 215 24376 1 82 6913 864 0
J R 9 24397 28 2 1 10001 0
K 0 0 46
A D 12 32 0
A P 3 0 0
J B 216 24466 1 82 6913 864 0
J R 9 24487 28 2 1 10001 0
K 0 0 46
A D 12 32 0
A P 3 0 0
J B 217 24556 1 82 6913 864 0
J R 9 24577 28 2 1 10001 0
K 0 0 46
A D 12 32 0
A P 3 0 0
J B 218 24646 1 82 6913 864 0
J R 9 24667 28 2 1 10001 0
K 0 0 46
A D 12 32 0
A P 3 0 0
J B 219 24736 1 82 6913 864 0
J R 9 24757 28 2 1 10001 0
K 0 0 46
A D 12 32 0
A P 3 0 0
J B 220 24826 1 82 6913 864 0
J R 9 24847 28 2 1 10001 0
K 0 0 46
A D 12 32 0
A P 3 0 0
J B 221 24916 1 82 6913 864 0
J R 9 24937 28 2 1 10001 0
K 0 0 46
A D 12 32 0
A P 3 0 0
J B 222 25006 1 82 6913 864 0
J R 9 25027 28 2 1 10001 0
K 0 0 46
A D 12 32 0
A P 3 0 0
J B 223 25096 1 82 6913 864 0
J R 9 25117 28 2 1 10001 0
K 0 0 46
A D 12 32 0
A P 3 0 0
J B 224 25186 1 82 6913 864 0
J R 9 25207 28 2 1 10001 0
K 0 0 46
A D 12 32 0
A P 3 0 0
J B 225 25276 1 82 6913 864 0
J R 9 25297 28 2 1 10001 0
K 0 0 46
A D 12 32 0
A P 3 0 0
J B 226 25366 1 82 6913 864 0
J R 9 25387 28 2 1 10001 0
K 0 0 46
A D 12 32 0
A P 3 0 0
J B 227 25456 1 82 6913 864 0
J R 9 25477 28 2 1 10001 0
K 0 0 46
A D 12 32 0
A P 3 0 0
J B 228 25546 1 82 6913 864 0
J R 9 25567 28 2 1 10001 0
K 0 0 46
A D 12 32 0
A P 3 0 0
J B 229 25636 1 82 6913 864 0
J R 9 25657 28 2 1 10001 0
K 0 0 46
A D 12 32 0
A P 3 0 0
J B 230 25726 1 82 6913 864 0
J R 6 25747 28 2 1 0 0
K 0 0 49
A D 4 32 1
A P 1 0 1
J R 5 25783 28 3 2305 288 0
K 0 14 49
K 4 0 50
A D 2 32 0
A P 1 0 0
J D 0 25789 0 1 3457 144 0
W 0 -25 32 1.
J N 5 25815 0 3 3457 0 2 86 87
K 0 0 43
K 0 84 108
A D 2 32 0
A P 1 221 0
J N 5 25843 7 2 4609 144 1 87
K 0 0 43
A D 2 32 0
A P 1 215 0
J N 5 25871 14 2 5761 144 2 87 86
K 0 0 43
A D 2 32 0
A P 1 209 0
H 87 B 1 0 108 3 22 11 33
H 86 S 0 0 0 0 0 0 0 0 0
J B 231 25903 1 82 6913 144 0
J N 6 25924 21 4 1 0 0
K 0 0 43
K 25 0 44
K 0 0 54
A D 6 32 0
A P 1 204 0
J R 5 25969 28 3 3457 432 0
K 0 14 49
K 4 0 50
A D 2 32 1
A P 1 0 1
J R 6 26001 28 2 4609 144 0
K 0 0 49
A D 4 32 0
A P 1 0 0
J B 232 26041 1 82 6913 288 0
J R 6 26062 28 2 1 0 0
K 0 0 49
A D 4 32 1
A P 1 0 1
J R 5 26098 28 3 2305 288 0
K 0 14 49
K 4 0 50
A D 2 32 0
A P 1 0 0
J N 5 26130 -7 9 3457 144 2 88 89
K 0 -7 45
K -14 0 64
K 0 -14 43
K 0 -7 45
K 1 -7 45
K 0 0 43
K 0 91 108
K 0 -14 60
A D 2 32 0
A P 1 238 0
A P 2 226 0
J N 5 26158 0 7 4609 144 1 89
K 0 -14 45
K 0 -14 43
K -1 -14 45
K 2 -14 45
K 0 0 43
K 0 -14 60
A D 2 32 0
A P 1 232 0
A P 2 221 0
J N 5 26198 7 5 5761 144 1 89
K -14 -14 64
K 0 -14 43
K 0 0 43
K 0 -14 60
A D 2 32 0
A P 1 226 0
A P 2 215 0
H 89 B 1 0 108 3 22 11 33
J B 233 26230 1 82 6913 144 0
J N 5 26251 14 6 1 0 1 88
K 0 -14 43
K 0 0 43
K 0 -31 96
K 0 -14 60
K 0 0 56
A D 2 32 0
A P 1 221 0
A P 2 209 0
H 88 S 0 0 -14 0 -28 0 0 0 0
J R 5 26279 28 3 1153 144 0
K 0 14 49
K 4 0 50
A D 2 32 1
A P 1 0 1
J R 6 26311 28 2 2305 144 0
K 0 0 49
A D 4 32 1
A P 1 0 1
J R 5 26347 28 3 4609 288 0
K 0 14 49
K 4 0 50
A D 2 32 0
A P 1 0 0
J N 5 26379 -7 9 5761 144 1 90
K 0 -7 45
K -14 0 64
K 0 -14 43
K 0 -7 45
K 1 -7 45
K 0 0 43
K 0 -14 60
K 0 0 56
A D 2 32 0
A P 1 238 0
A P 2 226 0
J B 234 26411 1 82 6913 144 0
J N 5 26432 0 7 1 0 1 91
K 0 -14 45
K 0 -14 43
K -1 -14 45
K 2 -14 45
K 0 0 43
K 0 -14 60
A D 2 32 0
A P 1 232 0
A P 2 221 0
J N 5 26472 7 5 1153 144 1 91
K -14 -14 64
K 0 -14 43
K 0 0 43
K 0 -14 60
A D 2 32 0
A P 1 226 0
A P 2 215 0
J N 5 26500 14 5 2305 144 2 91 90
K 0 -14 43
K 0 0 43
K 0 -31 96
K 0 -14 60
A D 2 32 0
A P 1 221 0
A P 2 209 0
H 91 B 1 0 108 3 22 11 33
H 90 S 0 0 -14 0 -28 0 0 0 0
J R 5 26528 28 3 3457 144 0
K 0 14 49
K 4 0 50
A D 2 32 1
A P 1 0 1
J R 6 26560 28 2 4609 144 0
K 0 0 49
A D 4 32 0
A P 1 0 0
J B 235 26600 1 82 6913 288 0
J R 5 26621 28 3 1 0 0
K 0 14 49
K 4 0 50
A D 2 32 0
A P 1 0 0
J D 0 26653 0 1 1153 144 0
W 0 93 36 cresc.
J N 5 26653 -7 8 1153 0 2 92 93
K 0 -7 45
K -14 0 64
K 0 -14 43
K 0 -7 45
K 1 -7 45
K 0 0 43
K 0 -14 60
A D 2 32 0
A P 1 238 0
A P 2 226 0
J N 5 26681 0 7 2305 144 1 93
K 0 -14 45
K 0 -14 43
K -1 -14 45
K 2 -14 45
K 0 0 43
K 0 -14 60
A D 2 32 0
A P 1 232 0
A P 2 221 0
J N 5 26721 7 5 3457 144 1 93
K -14 -14 64
K 0 -14 43
K 0 0 43
K 0 -14 60
A D 2 32 0
A P 1 226 0
A P 2 215 0
J N 5 26749 14 5 4609 144 2 93 92
K 0 -14 43
K 0 0 43
K 0 -31 96
K 0 -14 60
A D 2 32 0
A P 1 221 0
A P 2 209 0
H 92 S 0 0 -14 0 -28 0 0 0 0
J N 5 26777 -7 7 5761 144 2 94 93
K 0 -7 45
K 0 -14 43
K 0 -7 45
K 1 -7 45
K 0 0 43
K 0 -14 60
A D 2 32 0
A P 1 238 0
A P 2 226 0
H 93 B 1 0 108 5 22 11 11 11 33
J B 236 26809 1 82 6913 144 0
J N 5 26830 0 7 1 0 1 95
K 0 -14 45
K 0 -14 43
K -1 -14 45
K 2 -14 45
K 0 0 43
K 0 -14 60
A D 2 32 0
A P 1 232 0
A P 2 221 0
J N 5 26870 7 5 1153 144 1 95
K -14 -14 64
K 0 -14 43
K 0 0 43
K 0 -14 60
A D 2 32 0
A P 1 226 0
A P 2 215 0
J N 5 26898 14 5 2305 144 2 95 94
K 0 -14 43
K 0 0 43
K 0 -31 96
K 0 -14 60
A D 2 32 0
A P 1 221 0
A P 2 209 0
H 94 S 0 0 -14 0 -28 0 0 0 0
J N 5 26938 -7 9 3457 144 2 96 95
K 0 -7 45
K -14 0 64
K 0 -14 43
K 0 -7 45
K 1 -7 45
K 0 0 43
K 0 98 110
K 0 -14 60
A D 2 32 0
A P 1 238 0
A P 2 226 0
J N 5 26966 0 7 4609 144 1 95
K 0 -14 45
K 0 -14 43
K -1 -14 45
K 2 -14 45
K 0 0 43
K 0 -14 60
A D 2 32 0
A P 1 232 0
A P 2 221 0
J N 5 26994 7 4 5761 144 2 95 96
K 0 -14 43
K 0 0 43
K 0 -14 60
A D 2 32 0
A P 1 226 0
A P 2 215 0
H 95 B 1 0 108 6 22 11 11 11 11 33
H 96 S 0 0 -14 0 -14 0 0 0 0
J B 237 27026 1 82 6913 144 0
J N 7 27047 14 10 1 0 0
K 0 -14 43
K 24 -20 44
K 0 0 43
K 24 -6 44
K 0 72 110
K 17 72 110
K 0 -14 60
K 0 0 60
K 0 21 60
A D 12 32 0
A P 1 221 0
A P 2 209 0
J B 238 27116 1 82 6913 864 0
J N 7 27137 14 10 1 0 0
K 0 -14 43
K 24 -20 44
K 0 0 43
K 24 -6 44
K 0 72 110
K 17 72 110
K 0 -14 60
K 0 0 60
K 0 21 60
A D 12 32 0
A P 1 221 0
A P 2 209 0
J B 239 27206 1 82 6913 864 0
J N 5 27236 14 8 1 0 1 97
K 0 -7 43
K 25 -7 44
K -17 0 43
K 24 8 44
K 0 -24 96
K 0 86 110
K 0 -7 60
A D 3 32 0
A P 1 215 0
A P 2 209 0
J N 4 27283 14 5 1729 216 1 97
K 0 -7 43
K -17 0 43
K 0 -24 96
K 0 -7 60
A D 1 32 0
A P 1 215 0
A P 2 209 0
J N 6 27330 14 5 2305 72 1 97
K 0 -7 43
K -17 0 43
K 0 -24 96
K 0 -7 60
A D 4 32 0
A P 1 215 0
A P 2 209 0
H 97 B 1 0 108 3 22 531 3
J R 6 27366 28 2 4609 288 0
K 0 0 49
A D 4 32 0
A P 1 0 0
J B 240 27406 1 82 6913 288 0
J N 5 27427 21 8 1 0 1 98
K 0 -14 43
K 25 -14 44
K 0 0 43
K 25 0 44
K 0 -31 96
K 0 88 110
K 0 -14 60
A D 3 32 0
A P 1 215 0
A P 2 204 0
J N 4 27465 21 5 1729 216 1 98
K 0 -14 43
K 0 0 43
K 0 -31 96
K 0 -14 60
A D 1 32 0
A P 1 215 0
A P 2 204 0
J N 6 27493 21 5 2305 72 1 98
K 0 -14 43
K 0 0 43
K 0 -31 96
K 0 -14 60
A D 4 32 0
A P 1 215 0
A P 2 204 0
H 98 B 40001 0 108 3 22 531 3
J R 6 27529 28 2 4609 288 0
K 0 0 49
A D 4 32 0
A P 1 0 0
J B 241 27569 1 82 6913 288 0
J R 5 27590 28 3 1 0 0
K 0 14 49
K 4 0 50
A D 2 32 0
A P 1 0 0
J N 5 27622 14 10 1153 144 0
K 0 -28 45
K 0 -35 43
K 0 -28 45
K 1 -28 45
K 0 0 43
K 0 70 108
K 0 -35 60
K 0 -28 60
K 0 0 56
A D 2 32 0
A P 1 238 0
A P 2 209 0
J R 5 27650 28 3 2305 144 0
K 0 14 49
K 4 0 50
A D 2 32 0
A P 1 0 0
J N 5 27682 21 9 3457 144 0
K 0 -35 45
K 0 -35 43
K -1 -35 45
K 2 -35 45
K 0 0 43
K 0 -35 60
K 0 -28 60
K 0 0 56
A D 2 32 0
A P 1 232 0
A P 2 204 0
J R 5 27710 28 3 4609 144 0
K 0 14 49
K 4 0 50
A D 2 32 0
A P 1 0 0
J N 5 27742 28 6 5761 144 0
K 0 -35 43
K 0 0 43
K 0 -35 60
K 0 -28 60
K 0 0 56
A D 2 32 0
A P 1 227 0
A P 2 198 0
J B 242 27774 1 82 6913 144 0
J N 6 27795 35 5 1 0 0
K 0 -14 43
K 0 0 43
K 0 -14 60
K 0 0 52
A D 4 32 0
A P 1 204 0
A P 2 192 0
J R 6 27831 28 2 2305 288 0
K 0 0 49
A D 4 32 1
A P 1 0 1
J R 6 27867 28 2 4609 288 0
K 0 0 49
A D 4 32 0
A P 1 0 0
J B 243 27907 1 82 6913 288 0
J R 6 27928 28 2 1 0 0
K 0 0 49
A D 4 32 0
A P 1 0 0
J D 0 27938 0 1 2305 288 0
W 0 -25 32 1.
J N 5 27964 7 6 2305 0 1 99
K 0 0 43
K 25 0 44
K 0 -17 96
K 0 88 108
K 23 88 108
A D 3 32 0
A P 1 215 0
J N 4 28002 7 3 4033 216 1 99
K 0 0 43
K 0 -17 96
A D 1 32 0
A P 1 215 0
J N 6 28030 7 3 4609 72 1 99
K 0 0 43
K 0 -17 96
A D 4 32 0
A P 1 215 0
H 99 B 1 0 108 3 22 531 3
J B 244 28070 1 82 6913 288 0
J R 6 28091 28 2 1 0 0
K 0 0 49
A D 4 32 0
A P 1 0 0
J N 5 28127 7 6 2305 288 1 100
K 0 0 43
K 25 0 44
K 0 -17 96
K 0 88 108
K 23 88 108
A D 3 32 0
A P 1 215 0
J N 4 28165 7 3 4033 216 1 100
K 0 0 43
K 0 -17 96
A D 1 32 0
A P 1 215 0
J N 6 28193 7 3 4609 72 1 100
K 0 0 43
K 0 -17 96
A D 4 32 0
A P 1 215 0
H 100 B 1 0 108 3 22 531 3
J B 245 28233 1 82 6913 288 0
J R 5 28254 28 3 1 0 0
K 0 14 49
K 4 0 50
A D 2 32 0
A P 1 0 0
J N 5 28286 -21 7 1153 144 0
K 0 7 45
K 0 0 43
K 0 7 45
K 1 7 45
K 0 0 60
K 0 0 56
A D 2 32 0
A P 1 238 0
J R 5 28314 28 3 2305 144 0
K 0 14 49
K 4 0 50
A D 2 32 0
A P 1 0 0
J N 5 28346 -14 6 3457 144 0
K 0 0 45
K 0 0 43
K -1 0 45
K 2 0 45
K 0 0 56
A D 2 32 0
A P 1 232 0
J R 5 28374 28 3 4609 144 0
K 0 14 49
K 4 0 50
A D 2 32 0
A P 1 0 0
J N 5 28406 -7 3 5761 144 0
K 0 0 43
K 0 0 56
A D 2 32 0
A P 1 227 0
J B 246 28438 1 82 6913 144 0
J N 6 28459 -14 6 1 0 0
K 0 0 45
K 0 0 43
K -1 0 45
K 2 0 45
K 0 0 54
A D 4 32 0
A P 1 232 0
J R 6 28495 28 2 2305 288 0
K 0 0 49
A D 4 32 1
A P 1 0 1
J R 6 28531 28 2 4609 288 0
K 0 0 49
A D 4 32 0
A P 1 0 0
J B 247 28571 1 82 6913 288 0
J R 9 28592 28 2 1 10001 0
K 0 0 46
A D 12 32 0
A P 3 0 0
J B 248 28661 1 82 6913 864 0
J R 9 28682 28 2 1 10001 0
K 0 0 46
A D 12 32 0
A P 3 0 0
J B 249 28751 1 82 6913 864 0
J R 9 28772 28 2 1 10001 0
K 0 0 46
A D 12 32 0
A P 3 0 0
J B 250 28841 1 82 6913 864 0
J R 9 28862 28 2 1 10001 0
K 0 0 46
A D 12 32 0
A P 3 0 0
J B 251 28931 1 82 6913 864 0
J R 9 28952 28 2 1 10001 0
K 0 0 46
A D 12 32 0
A P 3 0 0
J B 252 29021 1 82 6913 864 0
J R 9 29042 28 2 1 10001 0
K 0 0 46
A D 12 32 0
A P 3 0 0
J B 253 29111 1 82 6913 864 0
J R 9 29132 28 2 1 10001 0
K 0 0 46
A D 12 32 0
A P 3 0 0
J B 254 29201 1 82 6913 864 0
J R 9 29222 28 2 1 10001 0
K 0 0 46
A D 12 32 0
A P 3 0 0
J B 255 29291 1 82 6913 864 0
J R 9 29312 28 2 1 10001 0
K 0 0 46
A D 12 32 0
A P 3 0 0
J B 256 29381 1 82 6913 864 0
J R 9 29402 28 2 1 10001 0
K 0 0 46
A D 12 32 0
A P 3 0 0
J B 257 29471 1 82 6913 864 0
J R 6 29492 28 2 1 0 0
K 0 0 49
A D 4 32 1
A P 3 0 1
J R 6 29528 28 2 2305 288 0
K 0 0 49
A D 4 32 0
A P 3 0 0
J D 0 29501 0 1 4609 288 0
W 0 -11 32 zu 2
J D 0 29564 0 1 4609 0 0
W 0 81 36 cresc.
J N 5 29564 7 3 4609 0 1 101
K 0 0 43
K 0 -17 96
A D 2 32 0
A P 3 215 0
J N 5 29592 7 3 5761 144 1 101
K 0 0 43
K 0 -17 96
A D 2 32 0
A P 3 215 0
H 101 B 1 0 108 2 22 33
J B 258 29624 1 82 6913 144 0
J N 5 29645 7 4 1 0 1 102
K 0 0 43
K 0 -17 96
K 0 77 110
A D 2 32 0
A P 3 215 0
J N 6 29673 7 4 1153 144 1 102
K 0 0 43
K -8 77 111
K 4 77 110
A D 4 32 0
A P 3 215 0
H 102 B 1 0 108 2 42 3
J N 5 29709 7 3 3457 288 1 103
K 0 0 43
K 0 -17 96
A D 2 32 0
A P 3 215 0
J N 5 29737 7 3 4609 144 1 103
K 0 0 43
K 0 -17 96
A D 2 32 0
A P 3 215 0
J N 5 29765 7 3 5761 144 1 103
K 0 0 43
K 0 -17 96
A D 2 32 0
A P 3 215 0
H 103 B 1 0 108 3 22 11 33
J B 259 29797 1 82 6913 144 0
J N 5 29818 7 3 1 0 1 104
K 0 0 43
K 0 -17 96
A D 2 32 0
A P 3 215 0
J N 6 29846 7 4 1153 144 1 104
K 0 0 43
K -8 77 111
K 4 77 110
A D 4 32 0
A P 3 215 0
H 104 B 1 0 108 2 42 3
J N 5 29882 7 3 3457 288 1 105
K 0 0 43
K 0 -17 96
A D 2 32 0
A P 3 215 0
J N 5 29910 7 3 4609 144 1 105
K 0 0 43
K 0 -17 96
A D 2 32 0
A P 3 215 0
J N 5 29938 7 3 5761 144 1 105
K 0 0 43
K 0 -17 96
A D 2 32 0
A P 3 215 0
H 105 B 1 0 108 3 22 11 33
J B 260 29970 1 82 6913 144 0
J N 6 29991 7 4 1 0 1 106
K 0 0 43
K 0 -17 96
K -1 77 110
A D 4 32 0
A P 3 215 0
J N 6 30027 7 3 2305 288 1 106
K 0 0 43
K 0 -17 96
A D 4 32 0
A P 3 215 0
H 106 B 1 0 108 2 2 3
J R 6 30063 28 2 4609 288 0
K 0 0 49
A D 4 32 0
A P 3 0 0
J B 261 30103 1 82 6913 288 0
J R 9 30124 28 2 1 10001 0
K 0 0 46
A D 12 32 0
A P 3 0 0
J B 262 30193 1 82 6913 864 0
J R 9 30214 28 2 1 10001 0
K 0 0 46
A D 12 32 0
A P 3 0 0
J B 263 30283 1 82 6913 864 0
J R 9 30304 28 2 1 10001 0
K 0 0 46
A D 12 32 0
A P 3 0 0
J B 264 30373 1 82 6913 864 0
J R 9 30394 28 2 1 10001 0
K 0 0 46
A D 12 32 0
A P 3 0 0
J B 265 30463 1 82 6913 864 0
J R 9 30484 28 2 1 10001 0
K 0 0 46
A D 12 32 0
A P 3 0 0
J B 266 30553 1 82 6913 864 0
J R 9 30574 28 2 1 10001 0
K 0 0 46
A D 12 32 0
A P 3 0 0
J B 267 30643 1 82 6913 864 0
J R 9 30664 28 2 1 10001 0
K 0 0 46
A D 12 32 0
A P 3 0 0
J B 268 30733 1 82 6913 864 0
J R 9 30754 28 2 1 10001 0
K 0 0 46
A D 12 32 0
A P 3 0 0
J B 269 30823 1 82 6913 864 0
J R 9 30844 28 2 1 10001 0
K 0 0 46
A D 12 32 0
A P 3 0 0
J B 270 30913 1 82 6913 864 0
J R 9 30934 28 2 1 10001 0
K 0 0 46
A D 12 32 0
A P 3 0 0
J B 271 31003 1 82 6913 864 0
J R 9 31024 28 2 1 10001 0
K 0 0 46
A D 12 32 0
A P 3 0 0
J B 272 31093 1 82 6913 864 0
J N 6 31114 21 10 1 0 2 107 108
K 0 -35 45
K 0 -35 43
K -1 -35 45
K 2 -35 45
K 0 0 43
K 0 71 110
K 17 71 110
K 0 -35 60
K 0 -28 60
A D 4 32 0
A P 1 232 0
A P 2 204 0
J N 6 31150 14 4 2305 288 1 108
K 0 -21 43
K 0 0 43
K 0 -21 60
A D 4 32 0
A P 1 227 0
A P 2 209 0
J N 6 31190 7 5 4609 288 2 108 107
K -14 -14 64
K 0 -14 43
K 0 0 43
K 0 -14 60
A D 4 32 0
A P 1 226 0
A P 2 215 0
H 108 B 100001 0 108 3 2 1 3
H 107 S 0 0 -35 0 -14 0 0 0 0
J B 273 31230 1 82 6913 288 0
J N 6 31251 35 7 1 0 0
K 0 -35 43
K 0 0 43
K 0 -52 96
K 0 -35 60
K 0 -28 60
K 0 0 52
A D 4 32 0
A P 1 221 0
A P 2 192 0
J N 6 31287 14 8 2305 288 0
K 0 -14 43
K 0 0 43
K 0 -31 96
K -7 75 111
K 5 75 110
K 0 -14 60
K 0 0 54
A D 4 32 0
A P 1 221 0
A P 2 209 0
J R 6 31323 28 2 4609 288 0
K 0 0 49
A D 4 32 0
A P 1 0 0
J B 274 31363 1 82 6913 288 0
J R 6 31384 28 2 1 0 0
K 0 0 49
A D 4 32 0
A P 1 0 0
J N 6 31420 14 9 2305 288 0
K -18 -21 63
K 0 -21 43
K 0 0 43
K 0 -38 96
K 0 71 111
K 12 71 110
K 0 -21 60
K 0 0 54
A D 4 32 0
A P 1 227 0
A P 2 209 0
J R 6 31456 28 2 4609 288 0
K 0 0 49
A D 4 32 0
A P 1 0 0
J B 275 31496 1 82 6913 288 0
J N 6 31517 21 12 1 0 0
K 0 -35 45
K 0 -35 43
K -1 -35 45
K 2 -35 45
K 0 0 43
K 0 -52 96
K 0 71 110
K 17 71 110
K 0 -35 60
K 0 -28 60
K 0 0 54
A D 4 32 0
A P 1 232 0
A P 2 204 0
J R 6 31553 28 2 2305 288 0
K 0 0 49
A D 4 32 0
A P 1 0 0
J N 6 31589 21 7 4609 288 0
K 0 -14 43
K 0 0 43
K 0 -31 96
K 0 68 108
K 0 -14 60
K 0 0 54
A D 4 32 0
A P 1 215 0
A P 2 204 0
J B 276 31629 1 82 6913 288 0
J N 6 31650 35 6 1 0 0
K 0 -14 43
K 0 0 43
K 0 -28 96
K 0 -14 60
K 0 0 52
A D 4 32 0
A P 1 204 0
A P 2 192 0
J R 6 31686 28 2 2305 288 0
K 0 0 49
A D 4 32 1
A P 1 0 1
J R 6 31722 28 2 4609 288 0
K 0 0 49
A D 4 32 0
A P 1 0 0
J B 0 31775 6 2 6913 288 0
K -13 0 82
K -6 0 84
J M 0 31775 0 0 10000 0 0
