X 46 575 120
S 0 200 240 2150 84 1 "(.)"
L 0 0 0 0 0 * 0 21 0
J D 1 112 -56 1 6913 0 0
W 0 -84 0 (44) Third Movement:  Viola
J C 13 7 42 35 6913 0 0
J K -1 85 0 1 6913 0 0
K 0 52 65
J D 5 128 -80 1 6913 0 0
W 0 0 35 Presto.  (\0*\0& = 132)
J T 304 142 0 2 6913 0 0
K -15 42 74
K -15 84 75
J N 7 201 84 5 1 0 0
K 0 0 43
K 0 54 110
K 0 0 59
K 0 -32 59
A D 2 8
J B 1 254 1 82 6913 576 0
J G 5 286 84 4 1 0 0
K 0 0 171
K 0 0 171
K 0 0 183
A D 0 8
J N 7 337 63 5 1 0 1 1
K 0 0 43
K 0 0 43
K 0 0 59
K 0 -32 59
A D 2 8
J N 6 389 84 4 2305 576 1 1
K 0 0 43
K 0 0 43
K 0 0 53
A D 1 8
H 1 S 0 9 -63 9 -63 0 0 0 0
J D 0 441 0 1 3457 288 0
W 0 -21 32 [div.]
J R 6 449 42 2 3457 0 0
K 0 0 49
A D 1 8
J N 7 492 63 6 4609 288 0
K 0 0 43
K 0 21 43
K 0 21 59
K 0 0 59
K 0 -32 59
A D 2 8
J B 2 544 1 82 6913 576 0
J G 5 576 63 5 1 0 0
K 0 0 171
K 0 21 171
K 0 21 187
K 0 0 183
A D 0 8
J N 7 627 42 6 1 0 1 2
K 0 0 43
K 0 21 43
K 0 21 59
K 0 0 59
K 0 -21 59
A D 2 8
J N 6 679 63 5 2305 576 1 2
K 0 0 43
K 0 21 43
K 0 21 59
K 0 0 53
A D 1 8
H 2 S 12 0 21 0 21 0 0 0 0
J R 6 739 42 2 3457 288 0
K 0 0 49
A D 1 8
J N 7 782 42 6 4609 288 0
K 0 0 43
K 0 21 43
K 0 21 59
K 0 0 59
K 0 -21 59
A D 2 8
J B 3 834 1 82 6913 576 0
J N 7 866 63 8 1 0 0
K 0 0 43
K 0 21 43
K 0 47 96
K 0 81 108
K 0 21 59
K 0 0 59
K 0 -32 59
A D 2 8
J N 7 918 63 7 2305 576 0
K 0 0 43
K 0 21 43
K 0 47 96
K 0 21 59
K 0 0 59
K 0 -32 59
A D 2 8
J N 7 970 42 7 4609 576 0
K 0 0 43
K 0 21 43
K 0 52 96
K 0 21 59
K 0 0 59
K 0 -21 59
A D 2 8
J B 4 1022 1 82 6913 576 0
J N 7 1054 63 7 1 0 0
K 0 0 43
K 0 21 43
K 0 47 96
K 0 21 59
K 0 0 59
K 0 -32 59
A D 2 8
J N 7 1106 63 7 2305 576 0
K 0 0 43
K 0 21 43
K 0 47 96
K 0 21 59
K 0 0 59
K 0 -32 59
A D 2 8
J N 7 1158 42 7 4609 576 0
K 0 0 43
K 0 21 43
K 0 52 96
K 0 21 59
K 0 0 59
K 0 -21 59
A D 2 8
J B 5 1210 1 82 6913 576 0
J N 7 1242 63 7 1 0 0
K 0 0 43
K 0 21 43
K 0 47 96
K 0 21 59
K 0 0 59
K 0 -32 59
A D 2 8
J N 7 1294 63 7 2305 576 0
K 0 0 43
K 0 21 43
K 0 47 96
K 0 21 59
K 0 0 59
K 0 -32 59
A D 2 8
J N 7 1346 42 7 4609 576 0
K 0 0 43
K 0 21 43
K 0 52 96
K 0 21 59
K 0 0 59
K 0 -21 59
A D 2 8
J B 6 1398 1 82 6913 576 0
J N 7 1430 73 9 1 0 0
K 1 32 45
K 0 0 43
K 0 42 43
K 0 32 45
K 2 32 45
K 0 42 59
K 0 0 59
K 0 -31 59
A D 2 8
J N 7 1482 73 9 2305 576 0
K 1 32 45
K 0 0 43
K 0 42 43
K 0 32 45
K 2 32 45
K 0 42 59
K 0 0 59
K 0 -31 59
A D 2 8
J N 7 1534 42 10 4609 576 0
K 1 63 45
K 0 0 43
K 0 73 43
K 0 63 45
K 2 63 45
K 0 73 59
K 0 31 59
K 0 0 59
K 0 -21 59
A D 2 8
J B 7 1586 1 82 6913 576 0
J N 7 1618 73 9 1 0 0
K 1 32 45
K 0 0 43
K 0 42 43
K 0 32 45
K 2 32 45
K 0 42 59
K 0 0 59
K 0 -31 59
A D 2 8
J N 7 1670 73 9 2305 576 0
K 1 32 45
K 0 0 43
K 0 42 43
K 0 32 45
K 2 32 45
K 0 42 59
K 0 0 59
K 0 -31 59
A D 2 8
J N 7 1722 42 10 4609 576 0
K 1 63 45
K 0 0 43
K 0 73 43
K 0 63 45
K 2 63 45
K 0 73 59
K 0 31 59
K 0 0 59
K 0 -21 59
A D 2 8
J B 8 1774 1 82 6913 576 0
J N 7 1806 73 9 1 0 0
K 1 32 45
K 0 0 43
K 0 42 43
K 0 32 45
K 2 32 45
K 0 42 59
K 0 0 59
K 0 -31 59
A D 2 8
J N 7 1858 73 9 2305 576 0
K 1 32 45
K 0 0 43
K 0 42 43
K 0 32 45
K 2 32 45
K 0 42 59
K 0 0 59
K 0 -31 59
A D 2 8
J N 7 1910 42 10 4609 576 0
K 1 63 45
K 0 0 43
K 0 73 43
K 0 63 45
K 2 63 45
K 0 73 59
K 0 31 59
K 0 0 59
K 0 -21 59
A D 2 8
J B 9 1962 1 82 6913 576 0
J N 7 1994 73 9 1 0 0
K 1 32 45
K 0 0 43
K 0 42 43
K 0 32 45
K 2 32 45
K 0 42 59
K 0 0 59
K 0 -31 59
A D 2 8
J N 7 2046 73 9 2305 576 0
K 1 32 45
K 0 0 43
K 0 42 43
K 0 32 45
K 2 32 45
K 0 42 59
K 0 0 59
K 0 -31 59
A D 2 8
J N 7 2098 42 10 4609 576 0
K 1 63 45
K 0 0 43
K 0 73 43
K 0 63 45
K 2 63 45
K 0 73 59
K 0 31 59
K 0 0 59
K 0 -21 59
A D 2 8
J B 10 2150 1 82 6913 576 0
E *
B 1 254 0
B 1 544 0
B 1 834 0
B 1 1022 0
B 1 1210 0
B 1 1398 0
B 1 1586 0
B 1 1774 0
B 1 1962 0
B 1 2150 0
S 0 100 550 2250 84 1 "(.)"
L 0 0 0 269 269 * 0 21 0
J C 13 7 42 35 6913 0 0
J K -1 85 0 1 6913 0 0
K 0 52 65
J D 0 -16 -21 1 6913 0 0
W 0 0 37 \01\00
J N 7 170 63 6 1 0 0
K 0 0 43
K 0 21 43
K 0 21 59
K 0 0 59
K 0 -32 59
A D 2 8
J N 7 221 63 6 2305 576 0
K 0 0 43
K 0 21 43
K 0 21 59
K 0 0 59
K 0 -32 59
A D 2 8
J N 7 272 42 6 4609 576 0
K 0 0 43
K 0 21 43
K 0 21 59
K 0 0 59
K 0 -21 59
A D 2 8
J B 11 327 1 82 6913 576 0
J N 7 359 115 8 1 0 0
K 1 -10 45
K 0 0 43
K 0 -10 45
K 2 -10 45
K 0 26 96
K 0 0 59
K 0 -31 59
A D 2 8
J N 7 410 42 5 2305 576 0
K 0 0 43
K 0 -32 96
K 0 0 60
K 0 31 60
A D 2 8
J N 7 461 42 5 4609 576 0
K 0 0 43
K 0 -32 96
K 0 0 60
K 0 31 60
A D 2 8
J B 12 516 1 82 6913 576 0
J N 8 548 42 4 1 0 0
K 0 0 42
K 0 0 60
K 0 31 60
A D 4 8
J N 7 619 42 4 4609 1152 0
K 0 0 43
K 0 0 60
K 0 31 60
A D 2 8
J B 13 674 1 82 6913 576 0
J D 0 737 0 1 1 0 0
W 0 157 36 cresc.
J N 7 706 115 8 1 0 0
K 1 -10 45
K 0 0 43
K 0 -10 45
K 2 -10 45
K 0 26 96
K 0 0 59
K 0 -31 59
A D 2 8
J N 7 757 42 5 2305 576 0
K 0 0 43
K 0 -32 96
K 0 0 60
K 0 31 60
A D 2 8
J N 7 808 42 5 4609 576 0
K 0 0 43
K 0 -32 96
K 0 0 60
K 0 31 60
A D 2 8
J B 14 863 1 82 6913 576 0
J N 8 895 42 4 1 0 0
K 0 0 42
K 0 0 60
K 0 31 60
A D 4 8
J N 7 966 42 4 4609 1152 0
K 0 0 43
K 0 0 60
K 0 31 60
A D 2 8
J B 15 1021 1 82 6913 576 0
J N 8 1053 31 6 1 0 1 3
K 0 0 42
K 0 105 111
K 18 105 110
K 0 0 60
K 0 32 60
A D 4 8
J N 7 1124 21 4 4609 1152 1 3
K 0 0 43
K 0 0 60
K 0 31 60
A D 2 8
H 3 S 0 0 0 0 0 0 0 0 0
J B 16 1179 1 82 6913 576 0
J N 8 1219 0 7 1 0 1 4
K -25 0 63
K 0 0 42
K 0 132 111
K 18 132 110
K 0 0 60
K 0 31 60
A D 4 8
J N 7 1289 -11 4 4609 1152 1 4
K 0 0 43
K 0 0 60
K 0 32 60
A D 2 8
H 4 S 0 0 0 0 0 0 0 0 0
J B 17 1343 1 82 6913 576 0
J N 7 1381 52 8 1 0 0
K -22 0 64
K 0 -21 43
K 0 0 43
K 0 84 110
K 0 -21 60
K 0 0 60
K 0 21 60
A D 2 8
J N 7 1458 31 6 2305 576 0
K 0 -10 43
K -28 0 43
K 0 -10 60
K 0 0 60
K 0 32 60
A D 2 8
J N 7 1535 31 6 4609 576 0
K 0 -10 43
K -28 0 43
K 0 -10 60
K 0 0 60
K 0 32 60
A D 2 8
J B 18 1589 1 82 6913 576 0
J N 7 1629 42 7 1 0 0
K -25 0 63
K 0 0 43
K 0 21 43
K 0 21 59
K 0 0 59
K 0 -21 59
A D 2 8
J N 7 1699 42 7 2305 576 0
K -25 0 63
K 0 -21 43
K 0 0 43
K 0 -21 60
K 0 0 60
K 0 31 60
A D 2 8
J N 7 1749 42 6 4609 576 0
K 0 -21 43
K 0 0 43
K 0 -21 60
K 0 0 60
K 0 31 60
A D 2 8
J B 19 1803 1 82 6913 576 0
J N 7 1865 52 8 1 0 0
K -22 0 64
K -47 21 63
K 0 0 43
K 0 21 43
K 0 21 59
K 0 0 59
K 0 -31 59
A D 2 8
J N 7 1932 52 7 2305 576 0
K -22 0 64
K 0 -31 43
K 0 0 43
K 0 -31 60
K 0 0 60
K 0 21 60
A D 2 8
J N 7 1982 52 6 4609 576 0
K 0 -31 43
K 0 0 43
K 0 -31 60
K 0 0 60
K 0 21 60
A D 2 8
J B 20 2036 1 82 6913 576 0
J N 7 2076 42 7 1 0 0
K -25 0 63
K 0 0 43
K 0 21 43
K 0 21 59
K 0 0 59
K 0 -21 59
A D 2 8
J N 7 2146 42 7 2305 576 0
K -25 0 63
K 0 -21 43
K 0 0 43
K 0 -21 60
K 0 0 60
K 0 31 60
A D 2 8
J N 7 2196 42 6 4609 576 0
K 0 -21 43
K 0 0 43
K 0 -21 60
K 0 0 60
K 0 31 60
A D 2 8
J B 21 2250 1 82 6913 576 0
E *
B 1 327 0
B 1 516 0
B 1 674 0
B 1 863 0
B 1 1021 0
B 1 1179 0
B 1 1343 0
B 1 1589 0
B 1 1803 0
B 1 2036 0
B 1 2250 0
S 0 100 860 2250 84 1 "(.)"
L 0 0 0 269 269 * 0 21 0
J C 13 7 42 35 6913 0 0
J K -1 85 0 1 6913 0 0
K 0 52 65
J D 0 -16 -21 1 6913 0 0
W 0 0 37 \02\01
J N 7 176 52 7 1 0 0
K -22 0 64
K 0 -21 43
K 0 0 43
K 0 -21 60
K 0 0 60
K 0 21 60
A D 2 8
J N 7 248 31 6 2305 576 0
K 0 -10 43
K -28 0 43
K 0 -10 60
K 0 0 60
K 0 32 60
A D 2 8
J N 7 320 31 6 4609 576 0
K 0 -10 43
K -28 0 43
K 0 -10 60
K 0 0 60
K 0 32 60
A D 2 8
J B 22 369 1 82 6913 576 0
J N 7 409 42 8 1 0 0
K -25 0 63
K 0 0 43
K 0 21 43
K 0 52 96
K 0 21 59
K 0 0 59
K 0 -21 59
A D 2 8
J N 7 452 -53 13 2305 576 0
K 0 32 45
K 0 11 45
K 0 0 43
K 0 11 45
K 2 11 45
K 0 0 43
K 0 11 45
K 2 11 45
K 0 -26 96
K 0 0 60
K 0 42 60
K 0 53 60
A D 2 8
J N 7 517 -32 12 4609 576 0
K 0 11 45
K -25 0 63
K 0 0 43
K 0 11 45
K 2 11 45
K 0 0 43
K 0 11 45
K 2 11 45
K 0 -26 96
K 0 0 60
K 0 32 60
A D 2 8
J B 23 566 1 82 6913 576 0
J N 7 598 -11 5 1 0 0
K 0 0 43
K 0 -26 96
K 0 0 60
K 0 32 60
A D 2 8
J N 7 641 21 5 2305 576 0
K 0 0 43
K 0 -32 96
K 0 0 60
K 0 31 60
A D 2 8
J N 7 704 42 6 4609 576 0
K -25 0 63
K 0 0 43
K 0 -32 96
K 0 0 60
K 0 31 60
A D 2 8
J B 24 753 1 82 6913 576 0
J N 7 785 63 5 1 0 0
K 0 0 43
K 0 31 96
K 0 0 59
K 0 -32 59
A D 2 8
J R 7 828 42 2 3457 576 0
K 0 0 48
A D 2 8
J B 0 911 10 6 6913 576 0
K -34 31 44
K -34 52 44
K -19 0 84
K 0 0 84
K 18 31 44
K 18 52 44
J R 7 967 42 2 1 0 0
K 0 0 48
A D 2 8
J B 25 1016 1 82 6913 576 0
J R 7 1048 42 2 1 0 0
K 0 0 48
A D 2 8
J R 7 1091 42 2 2305 576 0
K 0 0 48
A D 2 8
J N 7 1134 63 5 4609 576 0
K 0 0 43
K 0 69 110
K 0 0 59
K 0 -32 59
A D 2 8
J B 26 1183 1 82 6913 576 0
J G 5 1215 63 3 1 0 0
K 0 0 171
K 0 0 183
A D 0 8
J N 7 1281 42 7 1 0 1 5
K -25 0 63
K 0 0 43
K 0 102 111
K 18 102 110
K 0 0 60
K 0 31 60
A D 2 8
J N 6 1324 63 3 2305 576 1 5
K 0 0 43
K 0 0 53
A D 1 8
H 5 S 0 0 0 0 0 0 0 0 0
J R 6 1384 42 2 3457 288 0
K 0 0 49
A D 1 8
J R 7 1427 42 2 4609 288 0
K 0 0 48
A D 2 8
J B 27 1476 1 82 6913 576 0
J S 4 1518 31 8 2 576 0
K 0 0 62
K 0 5 62
K 170 11 92
K 140 11 92
K 110 11 92
K 80 11 92
K 50 11 92
K 20 11 92
K 0 11 92
K 200 0 62
K 200 5 62
K 85 11 73
J B 29 1760 1 82 6913 1 0
J S 4 1802 31 8 3 576 0
K 0 0 62
K 0 5 62
K 168 11 92
K 138 11 92
K 108 11 92
K 78 11 92
K 48 11 92
K 18 11 92
K 0 11 92
K 198 0 62
K 198 5 62
K 84 11 74
J B 32 2042 1 82 6913 1 0
J R 9 2125 42 2 1 10000 0
K 0 0 46
A D 6 8
J C 4 2173 63 2 6913 1728 0
K 0 0 161
K 0 0 162
J B 33 2250 1 82 6913 0 0
E *
B 1 369 0
B 1 566 0
B 1 753 0
B 10 911 0
B 1 1016 0
B 1 1183 0
B 1 1476 0
B 1 1760 0
B 1 2042 0
B 1 2250 0
S 0 100 1170 2250 84 1 "(.)"
L 0 0 0 269 269 * 0 21 0
J C 4 7 63 2 6913 0 0
K 0 0 33
K 0 0 34
J K -1 85 0 1 6913 0 0
K 0 42 65
J D 0 -16 -21 1 6913 0 0
W 0 0 37 \03\03
J D 0 149 0 1 1 0 0
W 0 -105 32 Fl. 1
J N 8 170 -53 8 1 0 1 6
K 1 32 173
K 1 11 173
K 0 0 170
K 0 11 173
K 2 11 173
K 0 0 187
K 0 -10 187
A D 4 8
J R 9 188 84 2 1 10000 0
K 0 0 46
A D 6 8
J N 7 232 -42 9 4609 1152 1 6
K 1 21 173
K 1 0 173
K -20 0 191
K 0 0 171
K -1 0 173
K 6 0 173
K 0 0 187
K 0 -11 187
A D 2 8
H 6 S 0 21 0 0 0 0 0 -12 0
J B 34 281 1 82 6913 576 0
J N 8 313 -53 8 1 0 1 7
K 1 32 173
K 1 11 173
K 0 0 170
K 0 11 173
K 2 11 173
K 0 0 187
K 0 -10 187
A D 4 8
J R 9 331 84 2 1 10000 0
K 0 0 46
A D 6 8
J N 7 375 -42 9 4609 1152 1 7
K 1 21 173
K 1 0 173
K -20 0 191
K 0 0 171
K -1 0 173
K 6 0 173
K 0 0 187
K 0 -11 187
A D 2 8
H 7 S 0 21 0 0 0 0 0 -12 0
J B 35 424 1 82 6913 576 0
J N 8 456 -53 8 1 0 1 8
K 1 32 173
K 1 11 173
K 0 0 170
K 0 11 173
K 2 11 173
K 0 0 187
K 0 -10 187
A D 4 8
J R 9 474 84 2 1 10000 0
K 0 0 46
A D 6 8
J N 7 518 -42 9 4609 1152 1 8
K 1 21 173
K 1 0 173
K -20 0 191
K 0 0 171
K -1 0 173
K 6 0 173
K 0 0 187
K 0 -11 187
A D 2 8
H 8 S 0 21 0 0 0 0 0 -12 0
J B 36 567 1 82 6913 576 0
J N 8 599 -53 8 1 0 1 9
K 1 32 173
K 1 11 173
K 0 0 170
K 0 11 173
K 2 11 173
K 0 0 187
K 0 -10 187
A D 4 8
J R 9 653 84 2 1 10000 0
K 0 0 46
A D 6 8
J N 7 661 -42 9 4609 1152 1 9
K 1 21 173
K 1 0 173
K -20 0 191
K 0 0 171
K -1 0 173
K 6 0 173
K 0 0 187
K 0 -11 187
A D 2 8
H 9 S 0 21 0 0 0 0 0 -12 0
J C 13 704 42 163 6913 576 0
J B 37 781 1 82 6913 0 0
J N 8 813 21 6 1 0 1 10
K 0 0 42
K 0 105 108
K 34 105 108
K 0 0 60
K 0 31 60
A D 4 8
J N 7 869 31 4 4609 1152 1 10
K 0 0 43
K 0 0 60
K 0 32 60
A D 2 8
H 10 S 0 0 0 0 0 0 0 0 0
J B 38 918 1 82 6913 576 0
J N 8 950 21 4 1 0 1 11
K 0 0 42
K 0 0 60
K 0 31 60
A D 4 8
J N 7 1006 31 4 4609 1152 1 11
K 0 0 43
K 0 0 60
K 0 32 60
A D 2 8
H 11 S 0 0 0 0 0 0 0 0 0
J B 39 1055 1 82 6913 576 0
J N 8 1087 21 4 1 0 1 12
K 0 0 42
K 0 0 60
K 0 31 60
A D 4 8
J N 7 1143 31 4 4609 1152 1 12
K 0 0 43
K 0 0 60
K 0 32 60
A D 2 8
H 12 S 0 0 0 0 0 0 0 0 0
J B 40 1192 1 82 6913 576 0
J N 8 1224 21 4 1 0 1 13
K 0 0 42
K 0 0 60
K 0 31 60
A D 4 8
J N 7 1280 31 4 4609 1152 1 13
K 0 0 43
K 0 0 60
K 0 32 60
A D 2 8
H 13 S 0 0 0 0 0 0 0 0 0
J B 41 1329 1 82 6913 576 0
J S 4 1371 31 8 2 576 0
K 0 0 62
K 0 5 62
K 159 11 92
K 129 11 92
K 99 11 92
K 69 11 92
K 39 11 92
K 9 11 92
K 0 11 92
K 189 0 62
K 189 5 62
K 79 11 73
J B 43 1602 1 82 6913 1 0
J R 7 1634 42 2 1 0 0
K 0 0 48
A D 2 8
J R 7 1677 42 2 2305 576 0
K 0 0 48
A D 2 8
J N 7 1720 31 6 4609 576 0
K 0 0 43
K -18 113 110
K 12 113 110
K 0 0 60
K 0 32 60
A D 2 8
J B 44 1769 1 82 6913 576 0
J N 7 1801 10 4 1 0 1 14
K 0 0 43
K 0 0 60
K 0 32 60
A D 2 8
J N 6 1844 31 3 2305 576 1 14
K 0 0 43
K 0 0 54
A D 1 8
H 14 S 0 0 0 0 0 0 0 0 0
J R 6 1887 42 2 3457 288 0
K 0 0 49
A D 1 8
J R 7 1930 42 2 4609 288 0
K 0 0 48
A D 2 8
J B 45 1979 1 82 6913 576 0
J S 4 2021 31 8 3 576 0
K 0 0 62
K 0 5 62
K 157 11 92
K 127 11 92
K 97 11 92
K 67 11 92
K 37 11 92
K 7 11 92
K 0 11 92
K 187 0 62
K 187 5 62
K 78 11 74
J B 48 2250 1 82 6913 1 0
E *
B 1 281 0
B 1 424 0
B 1 567 0
B 1 781 0
B 1 918 0
B 1 1055 0
B 1 1192 0
B 1 1329 0
B 1 1602 0
B 1 1769 0
B 1 1979 0
B 1 2250 0
S 0 100 1480 2250 84 1 "(.)"
L 0 0 0 269 269 * 0 21 0
J C 13 7 42 35 6913 0 0
J K -1 85 0 1 6913 0 0
K 0 52 65
J D 0 -16 -21 1 6913 0 0
W 0 0 37 \04\08
J R 9 259 42 2 1 10000 0
K 0 0 46
A D 6 8
J C 4 346 63 2 6913 1728 0
K 0 0 161
K 0 0 162
J B 49 423 1 82 6913 0 0
J D 0 434 0 1 1 0 0
W 0 -105 32 Fl. 1
J N 8 455 0 4 1 0 2 16 15
K 0 0 170
K 0 0 187
K 0 -11 187
A D 4 8
J R 9 475 84 2 1 10000 0
K 0 0 46
A D 6 8
J N 7 516 10 4 4609 1152 1 16
K 0 0 171
K 0 0 187
K 0 -10 187
A D 2 8
H 16 S 0 21 0 0 0 0 0 -12 0
J B 50 569 1 82 6913 576 0
J N 8 601 0 4 1 0 1 17
K 0 0 170
K 0 0 187
K 0 -11 187
A D 4 8
J R 9 621 84 2 1 10000 0
K 0 0 46
A D 6 8
J N 7 662 10 4 4609 1152 1 17
K 0 0 171
K 0 0 187
K 0 -10 187
A D 2 8
H 17 S 0 21 0 0 0 0 0 -12 0
J B 51 715 1 82 6913 576 0
J N 8 747 0 4 1 0 1 18
K 0 0 170
K 0 0 187
K 0 -11 187
A D 4 8
J R 9 767 84 2 1 10000 0
K 0 0 46
A D 6 8
J N 7 808 10 4 4609 1152 1 18
K 0 0 171
K 0 0 187
K 0 -10 187
A D 2 8
H 18 S 0 21 0 0 0 0 0 -12 0
J B 52 861 1 82 6913 576 0
J N 8 893 0 4 1 0 1 19
K 0 0 170
K 0 0 187
K 0 -11 187
A D 4 8
J R 9 947 84 2 1 10000 0
K 0 0 46
A D 6 8
J N 7 954 10 4 4609 1152 1 19
K 0 0 171
K 0 0 187
K 0 -10 187
A D 2 8
H 19 S 0 21 0 0 0 0 0 -12 0
J M 0 998 0 0 6913 576 1 15
H 15 V 0 0 -18 -84 31
J C 13 998 42 163 6913 0 0
J B 53 1075 1 82 6913 0 0
J N 8 1107 0 6 1 0 1 20
K 0 0 42
K 0 121 108
K 34 121 108
K 0 0 60
K 0 31 60
A D 4 8
J N 7 1168 10 4 4609 1152 1 20
K 0 0 43
K 0 0 60
K 0 32 60
A D 2 8
H 20 S 0 0 0 0 0 0 0 0 0
J B 54 1221 1 82 6913 576 0
J N 8 1253 0 4 1 0 1 21
K 0 0 42
K 0 0 60
K 0 31 60
A D 4 8
J N 7 1314 10 4 4609 1152 1 21
K 0 0 43
K 0 0 60
K 0 32 60
A D 2 8
H 21 S 0 0 0 0 0 0 0 0 0
J B 55 1367 1 82 6913 576 0
J N 8 1399 0 4 1 0 1 22
K 0 0 42
K 0 0 60
K 0 31 60
A D 4 8
J N 7 1460 10 4 4609 1152 1 22
K 0 0 43
K 0 0 60
K 0 32 60
A D 2 8
H 22 S 0 0 0 0 0 0 0 0 0
J B 56 1513 1 82 6913 576 0
J N 8 1545 0 4 1 0 1 23
K 0 0 42
K 0 0 60
K 0 31 60
A D 4 8
J N 7 1606 10 4 4609 1152 1 23
K 0 0 43
K 0 0 60
K 0 32 60
A D 2 8
H 23 S 0 0 0 0 0 0 0 0 0
J B 57 1659 1 82 6913 576 0
J N 8 1691 42 7 1 0 1 24
K 0 0 42
K 36 -9 44
K 0 100 108
K 34 100 108
K 0 0 60
K 0 31 60
A D 6 8
J B 58 1771 1 82 6913 1728 0
J N 8 1803 42 5 1 0 2 25 24
K 0 0 42
K 36 -9 44
K 0 0 60
K 0 31 60
A D 6 8
H 24 T 42 0 0 0 0 0 5 0
J B 59 1883 1 82 6913 1728 0
J N 8 1915 42 4 1 0 1 25
K 0 0 42
K 0 0 60
K 0 31 60
A D 4 8
H 25 T 42 0 0 0 0 0 5 0
J N 7 1975 42 6 4609 1152 0
K 0 0 43
K -18 113 110
K 12 113 110
K 0 0 60
K 0 31 60
A D 2 8
J B 60 2027 1 82 6913 576 0
J N 7 2065 21 5 1 0 1 26
K -23 0 65
K 0 0 43
K 0 0 60
K 0 31 60
A D 2 8
J N 6 2112 42 3 2305 576 1 26
K 0 0 43
K 0 0 54
A D 1 8
H 26 S 0 0 0 0 0 0 0 0 0
J R 6 2155 42 2 3457 288 0
K 0 0 49
A D 1 8
J N 7 2198 10 5 4609 288 0
K 0 0 43
K 0 111 108
K 0 0 60
K 0 32 60
A D 2 8
J B 61 2250 1 82 6913 576 0
E *
B 1 423 0
B 1 569 0
B 1 715 0
B 1 861 0
B 1 1075 0
B 1 1221 0
B 1 1367 0
B 1 1513 0
B 1 1659 0
B 1 1771 0
B 1 1883 0
B 1 2027 0
B 1 2250 0
S 0 100 1790 2250 84 1 "(.)"
L 0 0 0 269 269 * 0 21 0
J C 13 7 42 35 6913 0 0
J K -1 85 0 1 6913 0 0
K 0 52 65
J D 0 -16 -21 1 6913 0 0
W 0 0 37 \06\01
J N 7 170 0 5 1 0 0
K 0 0 43
K 0 -26 96
K 0 0 60
K 0 31 60
A D 2 8
J N 7 218 0 5 2305 576 0
K 0 0 43
K 0 -26 96
K 0 0 60
K 0 31 60
A D 2 8
J N 7 266 10 5 4609 576 0
K 0 0 43
K 0 -26 96
K 0 0 60
K 0 32 60
A D 2 8
J B 62 315 1 82 6913 576 0
J N 8 353 21 5 1 0 1 27
K -23 0 65
K 0 0 42
K 0 0 60
K 0 31 60
A D 4 8
J N 7 412 31 4 4609 1152 1 27
K 0 0 43
K 0 0 60
K 0 32 60
A D 2 8
H 27 S 0 0 0 0 0 0 0 0 0
J B 63 461 1 82 6913 576 0
J N 7 493 0 5 1 0 0
K 0 0 43
K 0 -26 96
K 0 0 60
K 0 31 60
A D 2 8
J N 7 540 0 5 2305 576 0
K 0 0 43
K 0 -26 96
K 0 0 60
K 0 31 60
A D 2 8
J N 7 587 10 5 4609 576 0
K 0 0 43
K 0 -26 96
K 0 0 60
K 0 32 60
A D 2 8
J B 64 636 1 82 6913 576 0
J N 7 668 10 4 1 0 1 28
K 0 0 43
K 0 0 60
K 0 32 60
A D 2 8
J N 6 715 31 3 2305 576 1 28
K 0 0 43
K 0 0 54
A D 1 8
H 28 S 0 0 0 0 0 0 0 0 0
J R 6 758 42 2 3457 288 0
K 0 0 49
A D 1 8
J N 7 801 10 4 4609 288 0
K 0 0 43
K 0 0 60
K 0 32 60
A D 2 8
J B 65 850 1 82 6913 576 0
J N 7 882 52 5 1 0 0
K 0 0 43
K 0 21 96
K 0 0 59
K 0 -31 59
A D 2 8
J N 7 929 31 5 2305 576 0
K 0 0 43
K 0 -21 96
K 0 0 60
K 0 32 60
A D 2 8
J N 7 976 31 5 4609 576 0
K 0 0 43
K 0 -21 96
K 0 0 60
K 0 32 60
A D 2 8
J B 66 1025 1 82 6913 576 0
J N 7 1057 52 5 1 0 0
K 0 0 43
K 0 21 96
K 0 0 59
K 0 -31 59
A D 2 8
J N 7 1104 31 5 2305 576 0
K 0 0 43
K 0 -21 96
K 0 0 60
K 0 32 60
A D 2 8
J N 7 1151 31 5 4609 576 0
K 0 0 43
K 0 -21 96
K 0 0 60
K 0 32 60
A D 2 8
J B 67 1200 1 82 6913 576 0
J N 7 1232 52 5 1 0 0
K 0 0 43
K 0 21 96
K 0 0 59
K 0 -31 59
A D 2 8
J N 7 1279 31 5 2305 576 0
K 0 0 43
K 0 -21 96
K 0 0 60
K 0 32 60
A D 2 8
J N 7 1326 31 5 4609 576 0
K 0 0 43
K 0 -21 96
K 0 0 60
K 0 32 60
A D 2 8
J B 68 1375 1 82 6913 576 0
J N 7 1407 52 5 1 0 0
K 0 0 43
K 0 21 96
K 0 0 59
K 0 -31 59
A D 2 8
J N 7 1454 31 5 2305 576 0
K 0 0 43
K 0 -21 96
K 0 0 60
K 0 32 60
A D 2 8
J N 7 1501 31 5 4609 576 0
K 0 0 43
K 0 -21 96
K 0 0 60
K 0 32 60
A D 2 8
J B 69 1550 1 82 6913 576 0
J N 7 1582 84 4 1 0 0
K 0 0 43
K 0 0 59
K 0 -32 59
A D 2 8
J N 7 1629 84 4 2305 576 0
K 0 0 43
K 0 0 59
K 0 -32 59
A D 2 8
J N 7 1676 42 4 4609 576 0
K 0 0 43
K 0 0 60
K 0 31 60
A D 2 8
J B 70 1725 1 82 6913 576 0
J N 7 1757 84 4 1 0 0
K 0 0 43
K 0 0 59
K 0 -32 59
A D 2 8
J N 7 1804 84 4 2305 576 0
K 0 0 43
K 0 0 59
K 0 -32 59
A D 2 8
J N 7 1851 42 4 4609 576 0
K 0 0 43
K 0 0 60
K 0 31 60
A D 2 8
J B 71 1900 1 82 6913 576 0
J N 7 1932 84 4 1 0 0
K 0 0 43
K 0 0 59
K 0 -32 59
A D 2 8
J N 7 1979 84 4 2305 576 0
K 0 0 43
K 0 0 59
K 0 -32 59
A D 2 8
J N 7 2026 42 4 4609 576 0
K 0 0 43
K 0 0 60
K 0 31 60
A D 2 8
J B 72 2075 1 82 6913 576 0
J N 7 2107 84 4 1 0 0
K 0 0 43
K 0 0 59
K 0 -32 59
A D 2 8
J N 7 2154 84 4 2305 576 0
K 0 0 43
K 0 0 59
K 0 -32 59
A D 2 8
J N 7 2201 42 4 4609 576 0
K 0 0 43
K 0 0 60
K 0 31 60
A D 2 8
J B 73 2250 1 82 6913 576 0
E *
B 1 315 0
B 1 461 0
B 1 636 0
B 1 850 0
B 1 1025 0
B 1 1200 0
B 1 1375 0
B 1 1550 0
B 1 1725 0
B 1 1900 0
B 1 2075 0
B 1 2250 0
S 0 100 2100 2250 84 1 "(.)"
L 0 0 0 269 269 * 0 21 0
J C 13 7 42 35 6913 0 0
J K -1 85 0 1 6913 0 0
K 0 52 65
J D 0 -16 -21 1 6913 0 0
W 0 0 37 \07\03
J N 7 170 84 4 1 0 0
K 0 0 43
K 0 0 59
K 0 -32 59
A D 2 8
J N 7 213 84 4 2305 576 0
K 0 0 43
K 0 0 59
K 0 -32 59
A D 2 8
J N 7 256 84 4 4609 576 0
K 0 0 43
K 0 0 59
K 0 -32 59
A D 2 8
J B 74 305 1 82 6913 576 0
J D 0 337 0 1 1 0 0
W 0 -42 32 [div.]
J D 0 353 0 1 1 0 0
W 0 163 36 cresc.
J N 7 337 84 9 1 0 0
K 1 21 45
K 0 0 43
K 0 21 43
K -1 21 45
K 6 21 45
K 0 21 59
K 0 0 59
K 0 -32 59
A D 2 8
J N 7 380 84 9 2305 576 0
K 1 21 45
K 0 0 43
K 0 21 43
K -1 21 45
K 6 21 45
K 0 21 59
K 0 0 59
K 0 -32 59
A D 2 8
J N 7 423 52 6 4609 576 0
K 0 0 43
K 0 32 43
K 0 32 59
K 0 0 59
K 0 -31 59
A D 2 8
J B 75 472 1 82 6913 576 0
J D 0 490 0 1 1 0 1 29
W 0 163 36 poco a poco
J N 7 504 84 9 1 0 0
K 1 21 45
K 0 0 43
K 0 21 43
K -1 21 45
K 6 21 45
K 0 21 59
K 0 0 59
K 0 -32 59
A D 2 8
J N 7 547 84 9 2305 576 0
K 1 21 45
K 0 0 43
K 0 21 43
K -1 21 45
K 6 21 45
K 0 21 59
K 0 0 59
K 0 -32 59
A D 2 8
J N 7 590 52 6 4609 576 0
K 0 0 43
K 0 32 43
K 0 32 59
K 0 0 59
K 0 -31 59
A D 2 8
J B 76 639 1 82 6913 576 0
J N 7 671 84 9 1 0 0
K 1 21 45
K 0 0 43
K 0 21 43
K -1 21 45
K 6 21 45
K 0 21 59
K 0 0 59
K 0 -32 59
A D 2 8
J N 7 714 84 9 2305 576 0
K 1 21 45
K 0 0 43
K 0 21 43
K -1 21 45
K 6 21 45
K 0 21 59
K 0 0 59
K 0 -32 59
A D 2 8
J N 7 757 52 6 4609 576 0
K 0 0 43
K 0 32 43
K 0 32 59
K 0 0 59
K 0 -31 59
A D 2 8
J B 77 806 1 82 6913 576 0
J N 7 838 42 6 1 0 0
K 0 0 43
K 0 42 43
K 0 42 59
K 0 0 59
K 0 -21 59
A D 2 8
J N 7 881 42 6 2305 576 0
K 0 0 43
K 0 42 43
K 0 42 59
K 0 0 59
K 0 -21 59
A D 2 8
J N 7 924 42 6 4609 576 0
K 0 0 43
K 0 42 43
K 0 42 59
K 0 0 59
K 0 -21 59
A D 2 8
J B 78 973 1 82 6913 576 0
J N 7 1005 63 6 1 0 0
K 0 0 43
K 0 21 43
K 0 21 59
K 0 0 59
K 0 -32 59
A D 2 8
J N 7 1048 63 6 2305 576 0
K 0 0 43
K 0 21 43
K 0 21 59
K 0 0 59
K 0 -32 59
A D 2 8
J N 7 1091 42 6 4609 576 0
K 0 0 43
K 0 21 43
K 0 21 59
K 0 0 59
K 0 -21 59
A D 2 8
J B 79 1140 1 82 6913 576 0
J N 7 1172 63 6 1 0 0
K 0 0 43
K 0 21 43
K 0 21 59
K 0 0 59
K 0 -32 59
A D 2 8
J N 7 1215 63 6 2305 576 0
K 0 0 43
K 0 21 43
K 0 21 59
K 0 0 59
K 0 -32 59
A D 2 8
J N 7 1258 42 6 4609 576 0
K 0 0 43
K 0 21 43
K 0 21 59
K 0 0 59
K 0 -21 59
A D 2 8
J B 80 1307 1 82 6913 576 0
J N 7 1339 63 6 1 0 0
K 0 0 43
K 0 21 43
K 0 21 59
K 0 0 59
K 0 -32 59
A D 2 8
J N 7 1382 63 6 2305 576 0
K 0 0 43
K 0 21 43
K 0 21 59
K 0 0 59
K 0 -32 59
A D 2 8
J N 7 1425 42 6 4609 576 0
K 0 0 43
K 0 21 43
K 0 21 59
K 0 0 59
K 0 -21 59
A D 2 8
J B 81 1474 1 82 6913 576 0
J N 7 1506 52 6 1 0 0
K 0 0 43
K 0 32 43
K 0 32 59
K 0 0 59
K 0 -31 59
A D 2 8
J N 7 1549 52 6 2305 576 0
K 0 0 43
K 0 32 43
K 0 32 59
K 0 0 59
K 0 -31 59
A D 2 8
J N 7 1592 52 6 4609 576 0
K 0 -21 43
K 0 0 43
K 0 -21 60
K 0 0 60
K 0 21 60
A D 2 8
J B 82 1641 1 82 6913 576 0
J R 9 1748 42 46 1 10000 0
J B 83 1897 1 82 6913 1 0
J N 7 1929 10 5 1 0 0
K 0 0 43
K 0 -26 96
K 0 0 60
K 0 32 60
A D 2 8
J N 7 1972 10 5 2305 576 0
K 0 0 43
K 0 -26 96
K 0 0 60
K 0 32 60
A D 2 8
J N 7 2034 21 6 4609 576 0
K -22 0 64
K 0 0 43
K 0 -32 96
K 0 0 60
K 0 31 60
A D 2 8
J B 84 2083 1 82 6913 576 0
J N 7 2115 31 5 1 0 0
K 0 0 43
K 0 -21 96
K 0 0 60
K 0 32 60
A D 2 8
J N 7 2158 31 5 2305 576 0
K 0 0 43
K 0 -21 96
K 0 0 60
K 0 32 60
A D 2 8
J N 7 2201 42 5 4609 576 0
K 0 0 43
K 0 -32 96
K 0 0 60
K 0 31 60
A D 2 8
J B 85 2250 1 82 6913 576 0
J M 0 2250 0 0 6913 0 1 29
H 29 D 273 0 163 0 31
E *
B 1 305 0
B 1 472 0
B 1 639 0
B 1 806 0
B 1 973 0
B 1 1140 0
B 1 1307 0
B 1 1474 0
B 1 1641 0
B 1 1897 0
B 1 2083 0
B 1 2250 0
S 0 100 2410 2250 84 1 "(.)"
L 0 0 0 269 269 * 0 21 0
J C 13 7 42 35 6913 0 0
J K -1 85 0 1 6913 0 0
K 0 52 65
J D 0 -16 -21 1 6913 0 0
W 0 0 37 \08\05
J N 7 170 52 5 1 0 0
K 0 0 43
K 0 21 96
K 0 0 59
K 0 -31 59
A D 2 8
J N 7 222 52 5 2305 576 0
K 0 0 43
K 0 21 96
K 0 0 59
K 0 -31 59
A D 2 8
J N 7 274 63 5 4609 576 0
K 0 0 43
K 0 31 96
K 0 0 59
K 0 -32 59
A D 2 8
J B 86 326 1 82 6913 576 0
J N 7 358 73 5 1 0 0
K 0 0 43
K 0 26 96
K 0 0 59
K 0 -31 59
A D 2 8
J N 7 410 73 5 2305 576 0
K 0 0 43
K 0 26 96
K 0 0 59
K 0 -31 59
A D 2 8
J N 7 462 84 5 4609 576 0
K 0 0 43
K 0 26 96
K 0 0 59
K 0 -32 59
A D 2 8
J B 87 514 1 82 6913 576 0
J N 7 546 94 5 1 0 0
K 0 0 43
K 0 26 96
K 0 0 59
K 0 -31 59
A D 2 8
J N 7 597 94 5 2305 576 0
K 0 0 43
K 0 26 96
K 0 0 59
K 0 -31 59
A D 2 8
J N 7 648 105 8 4609 576 0
K 1 0 45
K 0 0 43
K -1 0 45
K 6 0 45
K 0 26 96
K 0 0 59
K 0 -32 59
A D 2 8
J B 88 699 1 82 6913 576 0
J N 7 731 115 8 1 0 0
K 1 -10 45
K 0 0 43
K 0 -10 45
K 2 -10 45
K 0 26 96
K 0 0 59
K 0 -31 59
A D 2 8
J N 7 782 52 5 2305 576 0
K 0 0 43
K 0 21 96
K 0 0 59
K 0 -31 59
A D 2 8
J S 0 833 153 110 4609 576 1 29
J M 0 169 0 0 6913 0 1 29
H 29 D 0 -52 163 0 31
J N 7 833 63 5 4609 0 0
K 0 0 43
K 0 31 96
K 0 0 59
K 0 -32 59
A D 2 8
J B 89 884 1 82 6913 576 0
J D 0 874 0 19 1 0 0
W 0 -42 47 A
K -21 -114 90
K -21 -26 90
K 9 -114 90
K 9 -26 90
K 39 -114 90
K 39 -26 90
K 55 -114 90
K 55 -26 90
K -21 -114 89
K 81 -114 89
K -21 -93 89
K 81 -93 89
K -21 -72 89
K 81 -72 89
K -21 -51 89
K 81 -51 89
K -21 -47 89
K 81 -47 89
J N 7 916 63 4 1 0 1 30
K 0 0 43
K 0 0 59
K 0 -32 59
A D 2 8
J N 6 967 84 3 2305 576 1 30
K 0 0 43
K 0 0 53
A D 1 8
H 30 S 12 0 0 0 0 0 0 0 0
J D 0 1019 0 1 3457 288 0
W 0 -21 32 [div.]
J R 6 1027 42 2 3457 0 0
K 0 0 49
A D 1 8
J N 7 1070 63 4 4609 288 0
K 0 0 43
K 0 0 59
K 0 -32 59
A D 2 8
J B 90 1121 1 82 6913 576 0
J G 5 1153 63 3 1 0 0
K 0 0 171
K 0 0 183
A D 0 8
J N 7 1200 42 6 1 0 1 31
K 0 0 43
K 0 21 43
K 0 21 59
K 0 0 59
K 0 -21 59
A D 2 8
J N 6 1251 63 5 2305 576 1 31
K 0 0 43
K 0 21 43
K 0 21 59
K 0 0 53
A D 1 8
H 31 S 12 0 21 0 21 0 0 0 0
J R 6 1311 42 2 3457 288 0
K 0 0 49
A D 1 8
J N 7 1354 42 6 4609 288 0
K 0 0 43
K 0 21 43
K 0 21 59
K 0 0 59
K 0 -21 59
A D 2 8
J B 91 1405 1 82 6913 576 0
J N 8 1437 84 7 1 0 1 32
K 0 0 42
K 36 -9 44
K 0 73 110
K 30 73 110
K 0 0 59
K 0 -32 59
A D 6 8
J B 92 1515 1 82 6913 1728 0
J N 8 1547 84 5 1 0 2 33 32
K 0 0 42
K 36 -9 44
K 0 0 59
K 0 -32 59
A D 6 8
H 32 T 84 0 0 0 0 0 13 0
J B 93 1625 1 82 6913 1728 0
J N 8 1657 84 5 1 0 2 34 33
K 0 0 42
K 36 -9 44
K 0 0 59
K 0 -32 59
A D 6 8
H 33 T 84 0 0 0 0 0 13 0
J B 94 1735 1 82 6913 1728 0
J N 7 1767 84 4 1 0 2 35 34
K 0 0 43
K 0 0 59
K 0 -32 59
A D 2 8
H 34 T 84 0 0 0 0 0 13 0
J N 7 1818 94 4 2305 576 1 35
K 0 0 43
K 0 0 59
K 0 -31 59
A D 2 8
H 35 S 12 0 0 0 0 0 0 0 0
J N 7 1869 94 5 4609 576 0
K 0 0 43
K 0 26 96
K 0 0 59
K 0 -31 59
A D 2 8
J B 95 1920 1 82 6913 576 0
J N 8 1952 94 5 1 0 1 36
K 0 0 42
K 38 0 44
K 0 0 59
K 0 -31 59
A D 6 8
J B 96 2030 1 82 6913 1728 0
J N 8 2062 94 5 1 0 2 37 36
K 0 0 42
K 38 0 44
K 0 0 59
K 0 -31 59
A D 6 8
H 36 T 94 0 0 0 0 0 9 0
J B 97 2140 1 82 6913 1728 0
J N 8 2172 94 5 1 0 2 38 37
K 0 0 42
K 38 0 44
K 0 0 59
K 0 -31 59
A D 6 8
H 37 T 94 0 0 0 0 0 9 0
J B 98 2250 1 82 6913 1728 0
J M 0 2250 0 0 6913 0 1 38
H 38 T 94 0 0 0 0 0 9 0
E *
B 1 326 0
B 1 514 0
B 1 699 0
B 1 884 0
B 1 1121 0
B 1 1405 0
B 1 1515 0
B 1 1625 0
B 1 1735 0
B 1 1920 0
B 1 2030 0
B 1 2140 0
B 1 2250 0
S 0 100 2720 2250 84 1 "(.)"
L 0 0 0 269 269 * 0 21 0
J C 13 7 42 35 6913 0 0
J K -1 85 0 1 6913 0 0
K 0 52 65
J D 0 -16 -21 1 6913 0 0
W 0 0 37 \09\08
J N 7 170 94 4 1 0 2 39 38
K 0 0 43
K 0 0 59
K 0 -31 59
A D 2 8
J M 0 92 0 0 6913 0 1 38
H 38 T 94 0 0 0 0 0 9 0
J N 7 219 84 4 2305 576 1 39
K 0 0 43
K 0 0 59
K 0 -32 59
A D 2 8
H 39 S 12 0 0 0 0 0 0 0 0
J N 7 268 84 5 4609 576 0
K 0 0 43
K 0 26 96
K 0 0 59
K 0 -32 59
A D 2 8
J B 99 321 1 82 6913 576 0
J N 8 353 63 10 1 0 2 40 41
K 0 -53 42
K 38 -53 44
K 0 0 42
K 36 -9 44
K 0 90 108
K 0 -53 60
K 0 -11 60
K 0 0 60
K 0 21 60
A D 6 8
J B 100 439 1 82 6913 1728 0
J N 8 471 63 9 1 0 4 42 43 40 41
K 0 -53 42
K 38 -53 44
K 0 0 42
K 36 -9 44
K 0 -53 60
K 0 -11 60
K 0 0 60
K 0 21 60
A D 6 8
H 40 T 10 0 0 0 0 0 1 0
H 41 T 63 0 0 0 0 0 15 0
J B 101 557 1 82 6913 1728 0
J N 8 589 63 9 1 0 4 44 45 42 43
K 0 -53 42
K 38 -53 44
K 0 0 42
K 36 -9 44
K 0 -53 60
K 0 -11 60
K 0 0 60
K 0 21 60
A D 6 8
H 42 T 10 0 0 0 0 0 1 0
H 43 T 63 0 0 0 0 0 15 0
J B 102 675 1 82 6913 1728 0
J N 7 707 63 7 1 0 3 46 44 45
K 0 -53 43
K 0 0 43
K 0 -53 60
K 0 -11 60
K 0 0 60
K 0 21 60
A D 2 8
H 44 T 10 0 0 0 0 0 1 0
H 45 T 63 0 0 0 0 0 15 0
J N 7 756 42 6 2305 576 1 46
K 0 -42 43
K 0 0 43
K 0 -42 60
K 0 0 60
K 0 31 60
A D 2 8
H 46 S 0 0 -53 0 -42 0 0 0 0
J N 7 805 42 7 4609 576 0
K 0 -42 43
K 0 0 43
K 0 -68 96
K 0 -42 60
K 0 0 60
K 0 31 60
A D 2 8
J B 103 858 1 82 6913 576 0
J N 8 890 42 8 1 0 2 47 48
K 0 -42 42
K 36 -51 44
K 0 0 42
K 36 -9 44
K 0 -42 60
K 0 0 60
K 0 31 60
A D 6 8
J B 104 976 1 82 6913 1728 0
J N 8 1008 42 8 1 0 4 49 50 47 48
K 0 -42 42
K 36 -51 44
K 0 0 42
K 36 -9 44
K 0 -42 60
K 0 0 60
K 0 31 60
A D 6 8
H 47 T 0 0 0 0 0 0 5 0
H 48 T 42 0 0 0 0 0 15 0
J B 105 1094 1 82 6913 1728 0
J N 8 1126 42 8 1 0 4 51 52 49 50
K 0 -42 42
K 36 -51 44
K 0 0 42
K 36 -9 44
K 0 -42 60
K 0 0 60
K 0 31 60
A D 6 8
H 49 T 0 0 0 0 0 0 5 0
H 50 T 42 0 0 0 0 0 15 0
J B 106 1212 1 82 6913 1728 0
J N 7 1244 42 6 1 0 3 53 51 52
K 0 -42 43
K 0 0 43
K 0 -42 60
K 0 0 60
K 0 31 60
A D 2 8
H 51 T 0 0 0 0 0 0 5 0
H 52 T 42 0 0 0 0 0 15 0
J N 7 1293 10 6 2305 576 1 53
K 0 -21 43
K 0 0 43
K 0 -21 60
K 0 0 60
K 0 32 60
A D 2 8
H 53 S 0 0 -42 0 -21 0 0 0 0
J N 7 1342 10 7 4609 576 0
K 0 -21 43
K 0 0 43
K 0 -47 96
K 0 -21 60
K 0 0 60
K 0 32 60
A D 2 8
J B 107 1395 1 82 6913 576 0
J N 7 1427 42 6 1 0 0
K 0 0 43
K 0 -32 96
K 0 100 108
K 0 0 60
K 0 31 60
A D 2 8
J N 7 1476 42 5 2305 576 0
K 0 0 43
K 0 -32 96
K 0 0 60
K 0 31 60
A D 2 8
J N 7 1524 42 5 4609 576 0
K 0 0 43
K 0 -32 96
K 0 0 60
K 0 31 60
A D 2 8
J B 108 1576 1 82 6913 576 0
J N 8 1608 42 4 1 0 0
K 0 0 42
K 0 0 60
K 0 31 60
A D 4 8
J N 7 1676 42 4 4609 1152 0
K 0 0 43
K 0 0 60
K 0 31 60
A D 2 8
J B 109 1728 1 82 6913 576 0
J R 9 1837 42 46 1 10000 0
J B 110 1989 1 82 6913 1 0
J R 9 2098 42 46 1 10000 0
J B 111 2250 1 82 6913 1 0
E *
B 1 321 0
B 1 439 0
B 1 557 0
B 1 675 0
B 1 858 0
B 1 976 0
B 1 1094 0
B 1 1212 0
B 1 1395 0
B 1 1576 0
B 1 1728 0
B 1 1989 0
B 1 2250 0
