S 0 200 140 2050 1926 12 "[.......{..}.{..}]"
L 0 0 0 352 352 * 0 14 0
J C 4 5 42 2 6913 0 0
K 0 0 33
K 0 0 34
J K -4 57 0 4 6913 0 0
K 0 28 65
K 13 7 65
K 26 35 65
K 39 14 65
J D 0 77 -14 1 6913 0 0
W 0 0 37 \01\06\08
J N 7 152 -7 4 1 0 0
K 0 0 43
K 0 0 59
K 0 -14 59
A D 24 96
J R 9 301 56 2 1 10000 0
K 0 0 46
A D 36 96
J N 5 384 -14 6 4609 576 1 134
K 1 0 45
K 0 0 43
K -1 0 45
K 2 0 45
K 7 -66 96
A D 6 96
J R 4 442 14 4 5761 144 0
K 0 14 49
K 4 0 50
K 8 -14 50
A D 3 96
J N 4 473 -21 6 6337 72 1 134
K 1 7 45
K 0 0 43
K 0 7 45
K 1 7 45
K 7 -63 96
A D 3 96
H 134 B 60 -1 108 2 22 533
J B 169 500 1 82 6913 72 0
J N 6 525 -28 8 1 0 0
K 1 14 45
K 1 0 45
K -15 0 65
K 0 0 43
K -1 0 45
K 2 0 45
K 0 0 51
A D 12 96
J R 9 670 56 2 1 10000 0
K 0 0 46
A D 36 96
J N 5 640 -28 7 2305 288 1 135
K 1 14 45
K 1 0 45
K 0 0 43
K -1 0 45
K 2 0 45
K 7 -65 96
A D 6 96
J R 4 696 14 4 3457 144 0
K 0 14 49
K 4 0 50
K 8 -14 50
A D 3 96
J N 4 727 -21 6 4033 72 1 135
K 1 7 45
K 0 0 43
K 0 7 45
K 1 7 45
K 7 -72 96
A D 3 96
J N 5 755 -14 6 4609 72 1 135
K 1 0 45
K 0 0 43
K -1 0 45
K 2 0 45
K 7 -79 96
A D 6 96
J R 4 811 14 4 5761 144 0
K 0 14 49
K 4 0 50
K 8 -14 50
A D 3 96
J N 4 842 -28 7 6337 72 1 135
K 1 14 45
K 1 0 45
K 0 0 43
K -1 0 45
K 2 0 45
K 7 -65 96
A D 3 96
H 135 B 56 0 108 4 22 511 11 533
J B 170 869 1 82 6913 72 0
J N 7 894 -35 9 1 0 0
K 1 21 45
K 1 7 45
K -15 0 65
K 0 0 43
K 0 7 45
K 1 7 45
K 0 0 59
K 0 -7 59
A D 24 96
J R 9 1043 56 2 1 10000 0
K 0 0 46
A D 36 96
J N 5 1131 -28 8 4609 576 1 136
K 1 14 45
K 1 0 45
K -15 0 65
K 0 0 43
K -1 0 45
K 2 0 45
K 7 -59 96
A D 6 96
J R 4 1187 14 4 5761 144 0
K 0 14 49
K 4 0 50
K 8 -14 50
A D 3 96
J N 4 1218 -35 7 6337 72 1 136
K 1 21 45
K 1 7 45
K 0 0 43
K 0 7 45
K 1 7 45
K 7 -56 96
A D 3 96
H 136 B 53 -1 108 2 22 533
J B 171 1245 1 82 6913 72 0
J N 6 1284 -42 7 1 0 1 137
K 1 28 45
K 1 14 45
K 1 0 45
K 0 0 43
K -1 0 45
K 2 0 45
A D 12 96
J R 9 1445 56 2 1 10000 0
K 0 0 46
A D 36 96
J N 5 1418 -42 8 2305 288 1 137
K 1 28 45
K 1 14 45
K 1 0 45
K 0 0 43
K -1 0 45
K 2 0 45
K 7 -65 96
A D 6 96
J R 4 1474 14 4 3457 144 0
K 0 14 49
K 4 0 50
K 8 -14 50
A D 3 96
J N 4 1519 -35 8 4033 72 1 137
K 1 21 45
K 1 7 45
K -15 0 65
K 0 0 43
K 0 7 45
K 1 7 45
K 7 -72 96
A D 3 96
J N 5 1560 -28 8 4609 72 1 137
K 1 14 45
K 1 0 45
K -15 0 65
K 0 0 43
K -1 0 45
K 2 0 45
K 7 -79 96
A D 6 96
J R 4 1616 14 4 5761 144 0
K 0 14 49
K 4 0 50
K 8 -14 50
A D 3 96
J N 4 1647 -42 8 6337 72 1 137
K 1 28 45
K 1 14 45
K 1 0 45
K 0 0 43
K -1 0 45
K 2 0 45
K 7 -65 96
A D 3 96
H 137 B 56 0 108 5 2 21 511 11 533
J B 172 1674 1 82 6913 72 0
J N 7 1699 -35 9 1 0 0
K 1 21 45
K 1 7 45
K -15 0 65
K 0 0 43
K 0 7 45
K 1 7 45
K 0 0 59
K 0 -7 59
A D 24 96
J R 9 1848 56 2 1 10000 0
K 0 0 46
A D 36 96
J N 5 1936 -42 8 4609 576 1 138
K 1 28 45
K 1 14 45
K 1 0 45
K 0 0 43
K -1 0 45
K 2 0 45
K 7 -57 96
A D 6 96
J R 4 1992 14 4 5761 144 0
K 0 14 49
K 4 0 50
K 8 -14 50
A D 3 96
J N 4 2023 -35 7 6337 72 1 138
K 1 21 45
K 1 7 45
K 0 0 43
K 0 7 45
K 1 7 45
K 7 -60 96
A D 3 96
H 138 B 49 1 108 2 22 533
J B 173 2050 1 82 6913 72 0
E *
L 170 0 0 352 352 * 0 14 0
J C 4 5 42 2 6913 0 0
K 0 0 33
K 0 0 34
J K -4 57 0 4 6913 0 0
K 0 28 65
K 13 7 65
K 26 35 65
K 39 14 65
J D 0 77 -14 1 6913 0 0
W 0 0 0 \01\06\08
J R 6 152 14 2 1 0 0
K 0 0 49
A D 12 96
J R 9 301 70 2 1 10000 0
K 0 0 46
A D 36 96
J N 5 268 7 3 2305 288 0
K 0 0 43
K 0 0 55
A D 6 96
J R 5 326 14 3 3457 144 0
K 0 14 49
K 4 0 50
A D 6 96
J R 6 384 14 2 4609 144 0
K 0 0 49
A D 12 96
J B 169 500 1 82 6913 288 0
J R 6 525 14 2 1 0 0
K 0 0 49
A D 12 96
J R 9 670 70 2 1 10000 0
K 0 0 46
A D 36 96
J N 5 640 7 3 2305 288 0
K 0 0 43
K 0 0 55
A D 6 96
J R 5 696 14 3 3457 144 0
K 0 14 49
K 4 0 50
A D 6 96
J R 6 755 14 2 4609 144 0
K 0 0 49
A D 12 96
J B 170 869 1 82 6913 288 0
J R 6 894 14 2 1 0 0
K 0 0 49
A D 12 96
J R 9 1043 70 2 1 10000 0
K 0 0 46
A D 36 96
J N 5 1019 -7 4 2305 288 0
K -15 0 65
K 0 0 43
K 0 0 55
A D 6 96
J R 5 1075 14 3 3457 144 0
K 0 14 49
K 4 0 50
A D 6 96
J R 6 1131 14 2 4609 144 0
K 0 0 49
A D 12 96
J B 171 1245 1 82 6913 288 0
J R 6 1284 14 2 1 0 0
K 0 0 49
A D 12 96
J R 9 1445 70 2 1 10000 0
K 0 0 46
A D 36 96
J N 5 1418 -7 4 2305 288 0
K -15 0 65
K 0 0 43
K 0 0 55
A D 6 96
J R 5 1474 14 3 3457 144 0
K 0 14 49
K 4 0 50
A D 6 96
J R 6 1560 14 2 4609 144 0
K 0 0 49
A D 12 96
J B 172 1674 1 82 6913 288 0
J R 6 1699 14 2 1 0 0
K 0 0 49
A D 12 96
J R 9 1848 70 2 1 10000 0
K 0 0 46
A D 36 96
J N 5 1824 -7 4 2305 288 0
K -15 0 65
K 0 0 43
K 0 0 55
A D 6 96
J R 5 1880 14 3 3457 144 0
K 0 14 49
K 4 0 50
A D 6 96
J R 6 1936 14 2 4609 144 0
K 0 0 49
A D 12 96
J B 173 2050 1 82 6913 288 0
E *
L 340 0 0 352 352 * 0 14 0
J C 4 5 42 2 6913 0 0
K 0 0 33
K 0 0 34
J K -2 57 0 2 6913 0 0
K 0 28 65
K 13 7 65
J D 0 77 -14 1 6913 0 0
W 0 0 0 \01\06\08
J N 7 152 35 4 1 0 0
K 0 0 43
K 0 0 59
K 0 -21 59
A D 24 96
J R 9 301 70 2 1 10000 0
K 0 0 46
A D 36 96
J N 5 384 28 3 4609 576 1 176
K 0 0 43
K 7 -74 96
A D 6 96
J R 4 442 14 4 5761 144 0
K 0 14 49
K 4 0 50
K 8 -14 50
A D 3 96
J N 4 473 21 3 6337 72 1 176
K 0 0 43
K 7 -71 96
A D 3 96
H 176 B 67 -1 108 2 22 533
J B 169 500 1 82 6913 72 0
J N 6 525 14 4 1 0 0
K -15 0 65
K 0 0 43
K 0 0 51
A D 12 96
J R 9 670 56 2 1 10000 0
K 0 0 46
A D 36 96
J N 5 640 14 3 2305 288 1 177
K 0 0 43
K 7 -65 96
A D 6 96
J R 4 696 14 4 3457 144 0
K 0 14 49
K 4 0 50
K 8 -14 50
A D 3 96
J N 4 727 21 3 4033 72 1 177
K 0 0 43
K 7 -72 96
A D 3 96
J N 5 755 28 3 4609 72 1 177
K 0 0 43
K 7 -79 96
A D 6 96
J R 4 811 14 4 5761 144 0
K 0 14 49
K 4 0 50
K 8 -14 50
A D 3 96
J N 4 842 14 3 6337 72 1 177
K 0 0 43
K 7 -65 96
A D 3 96
H 177 B 56 0 108 4 22 511 11 533
J B 170 869 1 82 6913 72 0
J N 7 894 7 5 1 0 0
K -15 0 65
K 0 0 43
K 0 0 59
K 0 -14 59
A D 24 96
J R 9 1043 56 2 1 10000 0
K 0 0 46
A D 36 96
J N 5 1131 14 4 4609 576 1 178
K -15 0 65
K 0 0 43
K 7 -66 96
A D 6 96
J R 4 1187 14 4 5761 144 0
K 0 14 49
K 4 0 50
K 8 -14 50
A D 3 96
J N 4 1218 7 3 6337 72 1 178
K 0 0 43
K 7 -63 96
A D 3 96
H 178 B 60 -1 108 2 22 533
J B 171 1245 1 82 6913 72 0
J N 6 1284 0 2 1 0 1 179
K 0 0 43
A D 12 96
J R 9 1445 56 2 1 10000 0
K 0 0 46
A D 36 96
J N 5 1418 0 3 2305 288 1 179
K 0 0 43
K 7 -65 96
A D 6 96
J R 4 1474 14 4 3457 144 0
K 0 14 49
K 4 0 50
K 8 -14 50
A D 3 96
J N 4 1519 7 4 4033 72 1 179
K -15 0 65
K 0 0 43
K 7 -72 96
A D 3 96
J N 5 1560 14 4 4609 72 1 179
K -15 0 65
K 0 0 43
K 7 -79 96
A D 6 96
J R 4 1616 14 4 5761 144 0
K 0 14 49
K 4 0 50
K 8 -14 50
A D 3 96
J N 4 1647 0 3 6337 72 1 179
K 0 0 43
K 7 -65 96
A D 3 96
H 179 B 56 0 108 5 2 21 511 11 533
J B 172 1674 1 82 6913 72 0
J N 7 1699 7 5 1 0 0
K -15 0 65
K 0 0 43
K 0 0 59
K 0 -14 59
A D 24 96
J R 9 1848 56 2 1 10000 0
K 0 0 46
A D 36 96
J N 5 1936 0 3 4609 576 1 180
K 0 0 43
K 7 -64 96
A D 6 96
J R 4 1992 14 4 5761 144 0
K 0 14 49
K 4 0 50
K 8 -14 50
A D 3 96
J N 4 2023 7 3 6337 72 1 180
K 0 0 43
K 7 -67 96
A D 3 96
H 180 B 56 1 108 2 22 533
J B 173 2050 1 82 6913 72 0
E *
L 510 0 0 352 352 * 0 14 0
J C 22 5 14 36 6913 0 0
J K -4 57 0 4 6913 0 0
K 0 42 65
K 13 21 65
K 26 49 65
K 39 28 65
J D 0 77 -14 1 6913 0 0
W 0 0 0 \01\06\08
J N 7 152 7 4 1 0 0
K 0 0 43
K 0 0 59
K 0 -14 59
A D 24 96
J R 9 301 56 2 1 10000 0
K 0 0 46
A D 36 96
J N 5 384 0 3 4609 576 1 164
K 0 0 43
K 7 -66 96
A D 6 96
J R 4 442 14 4 5761 144 0
K 0 14 49
K 4 0 50
K 8 -14 50
A D 3 96
J N 4 473 -7 3 6337 72 1 164
K 0 0 43
K 7 -63 96
A D 3 96
H 164 B 60 -1 108 2 22 533
J B 169 500 1 82 6913 72 0
J N 6 525 -14 7 1 0 0
K 1 0 45
K -15 0 65
K 0 0 43
K -1 0 45
K 2 0 45
K 0 0 51
A D 12 96
J R 9 670 56 2 1 10000 0
K 0 0 46
A D 36 96
J N 5 640 -14 6 2305 288 1 165
K 1 0 45
K 0 0 43
K -1 0 45
K 2 0 45
K 7 -65 96
A D 6 96
J R 4 696 14 4 3457 144 0
K 0 14 49
K 4 0 50
K 8 -14 50
A D 3 96
J N 4 727 -7 3 4033 72 1 165
K 0 0 43
K 7 -72 96
A D 3 96
J N 5 755 0 3 4609 72 1 165
K 0 0 43
K 7 -79 96
A D 6 96
J R 4 811 14 4 5761 144 0
K 0 14 49
K 4 0 50
K 8 -14 50
A D 3 96
J N 4 842 -14 6 6337 72 1 165
K 1 0 45
K 0 0 43
K -1 0 45
K 2 0 45
K 7 -65 96
A D 3 96
H 165 B 56 0 108 4 22 511 11 533
J B 170 869 1 82 6913 72 0
J N 7 894 -21 8 1 0 0
K 1 7 45
K -15 0 65
K 0 0 43
K 0 7 45
K 1 7 45
K 0 0 59
K 0 -7 59
A D 24 96
J R 9 1043 56 2 1 10000 0
K 0 0 46
A D 36 96
J N 5 1131 -14 7 4609 576 1 166
K 1 0 45
K -15 0 65
K 0 0 43
K -1 0 45
K 2 0 45
K 7 -66 96
A D 6 96
J R 4 1187 14 4 5761 144 0
K 0 14 49
K 4 0 50
K 8 -14 50
A D 3 96
J N 4 1218 -21 6 6337 72 1 166
K 1 7 45
K 0 0 43
K 0 7 45
K 1 7 45
K 7 -63 96
A D 3 96
H 166 B 60 -1 108 2 22 533
J B 171 1245 1 82 6913 72 0
J N 6 1284 -28 6 1 0 1 167
K 1 14 45
K 1 0 45
K 0 0 43
K -1 0 45
K 2 0 45
A D 12 96
J R 9 1445 56 2 1 10000 0
K 0 0 46
A D 36 96
J N 5 1418 -28 7 2305 288 1 167
K 1 14 45
K 1 0 45
K 0 0 43
K -1 0 45
K 2 0 45
K 7 -65 96
A D 6 96
J R 4 1474 14 4 3457 144 0
K 0 14 49
K 4 0 50
K 8 -14 50
A D 3 96
J N 4 1519 -21 7 4033 72 1 167
K 1 7 45
K -15 0 65
K 0 0 43
K 0 7 45
K 1 7 45
K 7 -72 96
A D 3 96
J N 5 1560 -14 7 4609 72 1 167
K 1 0 45
K -15 0 65
K 0 0 43
K -1 0 45
K 2 0 45
K 7 -79 96
A D 6 96
J R 4 1616 14 4 5761 144 0
K 0 14 49
K 4 0 50
K 8 -14 50
A D 3 96
J N 4 1647 -28 7 6337 72 1 167
K 1 14 45
K 1 0 45
K 0 0 43
K -1 0 45
K 2 0 45
K 7 -65 96
A D 3 96
H 167 B 56 0 108 5 2 21 511 11 533
J B 172 1674 1 82 6913 72 0
J N 7 1699 -21 8 1 0 0
K 1 7 45
K -15 0 65
K 0 0 43
K 0 7 45
K 1 7 45
K 0 0 59
K 0 -7 59
A D 24 96
J R 9 1848 56 2 1 10000 0
K 0 0 46
A D 36 96
J N 5 1936 -28 7 4609 576 1 168
K 1 14 45
K 1 0 45
K 0 0 43
K -1 0 45
K 2 0 45
K 7 -57 96
A D 6 96
J R 4 1992 14 4 5761 144 0
K 0 14 49
K 4 0 50
K 8 -14 50
A D 3 96
J N 4 2023 -21 6 6337 72 1 168
K 1 7 45
K 0 0 43
K 0 7 45
K 1 7 45
K 7 -60 96
A D 3 96
H 168 B 49 1 108 2 22 533
J B 173 2050 1 82 6913 72 0
E *
L 680 0 0 352 352 * 0 14 0
J C 4 5 42 2 6913 0 0
K 0 0 33
K 0 0 34
J K 0 57 0 0 6913 0 0
J D 0 77 -14 1 6913 0 0
W 0 0 0 \01\06\08
J R 9 301 28 46 1 0 0
J R 9 670 28 46 1 0 0
J R 9 1043 28 46 1 0 0
J R 9 1445 28 46 1 0 0
J R 9 1848 28 46 1 0 0
E *
L 850 0 0 352 352 * 0 14 0
J C 4 5 42 2 6913 0 0
K 0 0 33
K 0 0 34
J K 0 57 0 0 6913 0 0
J D 0 77 -14 1 6913 0 0
W 0 0 0 \01\06\08
J R 9 301 28 46 1 0 0
J R 9 670 28 46 1 0 0
J R 9 1043 28 46 1 0 0
J R 9 1445 28 46 1 0 0
J R 9 1848 28 46 1 0 0
E *
L 1020 0 0 352 352 * 0 14 0
J C 22 5 14 36 6913 0 0
J K 0 57 0 0 6913 0 0
J D 0 77 -14 1 6913 0 0
W 0 0 0 \01\06\08
J R 9 301 28 46 1 0 0
J R 9 670 28 46 1 0 0
J R 9 1043 28 46 1 0 0
J R 9 1445 28 46 1 0 0
J R 9 1848 28 46 1 0 0
E *
L 1190 0 0 352 352 * 0 14 0
J C 4 5 42 2 6913 0 0
K 0 0 33
K 0 0 34
J K -4 57 0 4 6913 0 0
K 0 28 65
K 13 7 65
K 26 35 65
K 39 14 65
J D 0 77 -14 1 6913 0 0
W 0 0 0 \01\06\08
J N 4 152 28 2 1 0 2 211 212
K 0 0 43
A D 3 96
J N 4 181 42 2 577 72 1 212
K 0 0 43
A D 3 96
J N 4 210 56 2 1153 72 1 212
K 0 0 43
A D 3 96
J N 4 239 42 2 1729 72 1 212
K 0 0 43
A D 3 96
H 212 B 58 2 108 4 222 111 111 333
J N 4 268 28 2 2305 72 1 213
K 0 0 43
A D 3 96
J N 4 297 42 2 2881 72 1 213
K 0 0 43
A D 3 96
J N 4 326 56 2 3457 72 1 213
K 0 0 43
A D 3 96
J N 4 355 42 2 4033 72 1 213
K 0 0 43
A D 3 96
H 213 B 58 2 108 4 222 111 111 333
J N 4 384 28 2 4609 72 1 214
K 0 0 43
A D 3 96
J N 4 413 42 2 5185 72 1 214
K 0 0 43
A D 3 96
J N 4 442 56 2 5761 72 1 214
K 0 0 43
A D 3 96
J N 4 473 42 2 6337 72 2 214 211
K 0 0 43
A D 3 96
H 214 B 58 2 108 4 222 111 111 333
H 211 S 12 0 21 0 7 0 0 0 0
J B 169 500 1 82 6913 72 0
J N 4 525 21 3 1 0 2 215 216
K -15 0 65
K 0 0 43
A D 3 96
J N 4 554 35 2 577 72 1 216
K 0 0 43
A D 3 96
J N 4 583 56 2 1153 72 1 216
K 0 0 43
A D 3 96
J N 4 612 35 2 1729 72 1 216
K 0 0 43
A D 3 96
H 216 B 51 2 108 4 222 111 111 333
J N 4 640 21 2 2305 72 1 217
K 0 0 43
A D 3 96
J N 4 668 35 2 2881 72 1 217
K 0 0 43
A D 3 96
J N 4 696 56 2 3457 72 1 217
K 0 0 43
A D 3 96
J N 4 727 35 2 4033 72 1 217
K 0 0 43
A D 3 96
H 217 B 51 2 108 4 222 111 111 333
J N 4 755 21 2 4609 72 1 218
K 0 0 43
A D 3 96
J N 4 783 35 2 5185 72 1 218
K 0 0 43
A D 3 96
J N 4 811 56 2 5761 72 1 218
K 0 0 43
A D 3 96
J N 4 842 21 2 6337 72 2 218 215
K 0 0 43
A D 3 96
H 218 B 56 0 108 4 222 111 111 333
H 215 S 12 0 28 0 28 0 0 0 0
J B 170 869 1 82 6913 72 0
J N 4 894 14 3 1 0 2 219 220
K -15 0 65
K 0 0 43
A D 3 96
J N 4 922 28 2 577 72 1 220
K 0 0 43
A D 3 96
J N 4 963 42 3 1153 72 1 220
K -15 0 65
K 0 0 43
A D 3 96
J N 4 991 28 2 1729 72 1 220
K 0 0 43
A D 3 96
H 220 B -80 2 108 4 222 111 111 333
J N 4 1019 14 2 2305 72 1 221
K 0 0 43
A D 3 96
J N 4 1047 28 2 2881 72 1 221
K 0 0 43
A D 3 96
J N 4 1075 42 2 3457 72 1 221
K 0 0 43
A D 3 96
J N 4 1103 28 2 4033 72 1 221
K 0 0 43
A D 3 96
H 221 B -79 3 108 4 222 111 111 333
J N 4 1131 14 2 4609 72 1 222
K 0 0 43
A D 3 96
J N 4 1159 28 2 5185 72 1 222
K 0 0 43
A D 3 96
J N 4 1187 42 2 5761 72 1 222
K 0 0 43
A D 3 96
J N 4 1218 28 2 6337 72 2 222 219
K 0 0 43
A D 3 96
H 222 B -79 3 108 4 222 111 111 333
H 219 S 0 0 0 0 0 0 0 0 0
J B 171 1245 1 82 6913 72 0
J N 4 1284 7 2 1 0 2 223 224
K 0 0 43
A D 3 96
J N 4 1325 21 3 577 72 1 224
K -15 0 65
K 0 0 43
A D 3 96
J N 4 1362 42 3 1153 72 1 224
K -15 0 65
K 0 0 43
A D 3 96
J N 4 1390 21 2 1729 72 1 224
K 0 0 43
A D 3 96
H 224 B -86 2 108 4 222 111 111 333
J N 4 1418 7 2 2305 72 1 225
K 0 0 43
A D 3 96
J N 4 1446 21 2 2881 72 1 225
K 0 0 43
A D 3 96
J N 4 1474 42 2 3457 72 1 225
K 0 0 43
A D 3 96
J N 4 1519 21 2 4033 72 1 225
K 0 0 43
A D 3 96
H 225 B -88 2 108 4 222 111 111 333
J N 4 1560 7 2 4609 72 1 226
K 0 0 43
A D 3 96
J N 4 1588 21 2 5185 72 1 226
K 0 0 43
A D 3 96
J N 4 1616 42 2 5761 72 1 226
K 0 0 43
A D 3 96
J N 4 1647 7 2 6337 72 2 226 223
K 0 0 43
A D 3 96
H 226 B -91 0 108 4 222 111 111 333
H 223 S 0 0 0 0 0 0 0 0 0
J B 172 1674 1 82 6913 72 0
J N 4 1699 14 3 1 0 2 227 228
K -15 0 65
K 0 0 43
A D 3 96
J N 4 1727 28 2 577 72 1 228
K 0 0 43
A D 3 96
J N 4 1768 42 3 1153 72 1 228
K -15 0 65
K 0 0 43
A D 3 96
J N 4 1796 28 2 1729 72 1 228
K 0 0 43
A D 3 96
H 228 B -80 2 108 4 222 111 111 333
J N 4 1824 14 2 2305 72 1 229
K 0 0 43
A D 3 96
J N 4 1852 28 2 2881 72 1 229
K 0 0 43
A D 3 96
J N 4 1880 42 2 3457 72 1 229
K 0 0 43
A D 3 96
J N 4 1908 28 2 4033 72 1 229
K 0 0 43
A D 3 96
H 229 B -79 3 108 4 222 111 111 333
J N 4 1936 14 2 4609 72 1 230
K 0 0 43
A D 3 96
J N 4 1964 28 2 5185 72 1 230
K 0 0 43
A D 3 96
J N 4 1992 42 2 5761 72 1 230
K 0 0 43
A D 3 96
J N 4 2023 14 2 6337 72 2 230 227
K 0 0 43
A D 3 96
H 230 B -84 0 108 4 222 111 111 333
H 227 S 0 0 0 0 0 0 0 0 0
J B 173 2050 1 82 6913 72 0
E *
L 1360 0 0 352 352 * 0 14 0
J C 4 5 42 2 6913 0 0
K 0 0 33
K 0 0 34
J K -4 57 0 4 6913 0 0
K 0 28 65
K 13 7 65
K 26 35 65
K 39 14 65
J D 0 77 -14 1 6913 0 0
W 0 0 0 \01\06\08
J N 6 152 77 5 1 0 1 146
K 1 -7 45
K 0 0 43
K 0 -7 45
K 1 -7 45
A D 12 96
J N 6 268 77 5 2305 288 1 146
K 1 -7 45
K 0 0 43
K 0 -7 45
K 1 -7 45
A D 12 96
J N 6 384 77 5 4609 288 1 146
K 1 -7 45
K 0 0 43
K 0 -7 45
K 1 -7 45
A D 12 96
H 146 B 49 0 108 3 2 1 3
J B 169 500 1 82 6913 288 0
J N 6 525 70 6 1 0 1 147
K 1 0 45
K -15 0 65
K 0 0 43
K -1 0 45
K 2 0 45
A D 12 96
J N 6 640 70 5 2305 288 1 147
K 1 0 45
K 0 0 43
K -1 0 45
K 2 0 45
A D 12 96
J N 6 755 70 5 4609 288 1 147
K 1 0 45
K 0 0 43
K -1 0 45
K 2 0 45
A D 12 96
H 147 B 46 0 108 3 2 1 3
J B 170 869 1 82 6913 288 0
J N 6 894 63 3 1 0 1 148
K -15 0 65
K 0 0 43
A D 12 96
J N 6 1019 63 2 2305 288 1 148
K 0 0 43
A D 12 96
J N 6 1131 63 2 4609 288 1 148
K 0 0 43
A D 12 96
H 148 B 49 0 108 3 2 1 3
J B 171 1245 1 82 6913 288 0
J N 6 1284 56 2 1 0 1 149
K 0 0 43
A D 12 96
J N 6 1418 56 2 2305 288 1 149
K 0 0 43
A D 12 96
J N 6 1560 56 2 4609 288 1 149
K 0 0 43
A D 12 96
H 149 B 46 0 108 3 2 1 3
J B 172 1674 1 82 6913 288 0
J N 6 1699 63 3 1 0 1 150
K -15 0 65
K 0 0 43
A D 12 96
J N 6 1824 63 2 2305 288 1 150
K 0 0 43
A D 12 96
J N 6 1936 63 2 4609 288 1 150
K 0 0 43
A D 12 96
H 150 B 49 0 108 3 2 1 3
J B 173 2050 1 82 6913 288 0
E *
L 1530 0 0 352 352 * 0 14 0
J C 13 5 28 35 6913 0 0
J K -4 57 0 4 6913 0 0
K 0 35 65
K 13 14 65
K 26 42 65
K 39 21 65
J D 0 77 -14 1 6913 0 0
W 0 0 0 \01\06\08
J N 6 152 49 4 1 0 1 242
K 0 0 43
K 0 14 43
K 0 14 59
A D 12 96
J N 6 268 49 4 2305 288 1 242
K 0 0 43
K 0 14 43
K 0 14 59
A D 12 96
J N 6 384 49 4 4609 288 1 242
K 0 0 43
K 0 14 43
K 0 14 59
A D 12 96
H 242 B 49 0 108 3 2 1 3
J B 169 500 1 82 6913 288 0
J N 6 525 42 4 1 0 1 243
K 0 0 43
K 0 21 43
K 0 21 59
A D 12 96
J N 6 640 42 4 2305 288 1 243
K 0 0 43
K 0 21 43
K 0 21 59
A D 12 96
J N 6 755 42 4 4609 288 1 243
K 0 0 43
K 0 21 43
K 0 21 59
A D 12 96
H 243 B 46 0 108 3 2 1 3
J B 170 869 1 82 6913 288 0
J N 6 894 35 5 1 0 1 244
K -15 14 65
K 0 0 43
K 0 14 43
K 0 14 59
A D 12 96
J N 6 1019 35 4 2305 288 1 244
K 0 0 43
K 0 14 43
K 0 14 59
A D 12 96
J N 6 1131 35 4 4609 288 1 244
K 0 0 43
K 0 14 43
K 0 14 59
A D 12 96
H 244 B 42 0 108 3 2 1 3
J B 171 1245 1 82 6913 288 0
J N 6 1284 28 6 1 0 1 245
K -15 0 65
K -30 21 65
K 0 0 43
K 0 21 43
K 0 21 59
A D 12 96
J N 6 1418 28 4 2305 288 1 245
K 0 0 43
K 0 21 43
K 0 21 59
A D 12 96
J N 6 1560 28 4 4609 288 1 245
K 0 0 43
K 0 21 43
K 0 21 59
A D 12 96
H 245 B 42 0 108 3 2 1 3
J B 172 1674 1 82 6913 288 0
J N 6 1699 35 5 1 0 1 246
K -15 14 65
K 0 0 43
K 0 14 43
K 0 14 59
A D 12 96
J N 6 1824 35 4 2305 288 1 246
K 0 0 43
K 0 14 43
K 0 14 59
A D 12 96
J N 6 1936 35 4 4609 288 1 246
K 0 0 43
K 0 14 43
K 0 14 59
A D 12 96
H 246 B 42 0 108 3 2 1 3
J B 173 2050 1 82 6913 288 0
E *
L 1700 0 0 352 352 * 0 14 0
J C 22 5 14 36 6913 0 0
J K -4 57 0 4 6913 0 0
K 0 42 65
K 13 21 65
K 26 49 65
K 39 28 65
J D 0 77 -14 1 6913 0 0
W 0 0 0 \01\06\08
J N 6 152 21 2 1 0 1 188
K 0 0 43
A D 12 96
J N 6 268 21 2 2305 288 1 188
K 0 0 43
A D 12 96
J N 6 384 21 2 4609 288 1 188
K 0 0 43
A D 12 96
H 188 B -42 0 108 3 2 1 3
J B 169 500 1 82 6913 288 0
J N 6 525 0 2 1 0 1 189
K 0 0 43
A D 12 96
J N 6 640 0 2 2305 288 1 189
K 0 0 43
A D 12 96
J N 6 755 0 2 4609 288 1 189
K 0 0 43
A D 12 96
H 189 B -46 0 108 3 2 1 3
J B 170 869 1 82 6913 288 0
J N 6 894 7 3 1 0 1 190
K -15 0 65
K 0 0 43
A D 12 96
J N 6 1019 7 2 2305 288 1 190
K 0 0 43
A D 12 96
J N 6 1131 7 2 4609 288 1 190
K 0 0 43
A D 12 96
H 190 B -49 0 108 3 2 1 3
J B 171 1245 1 82 6913 288 0
J N 6 1284 -14 6 1 0 1 191
K 0 0 45
K -15 0 65
K 0 0 43
K -1 0 45
K 2 0 45
A D 12 96
J N 6 1418 -14 5 2305 288 1 191
K 0 0 45
K 0 0 43
K -1 0 45
K 2 0 45
A D 12 96
J N 6 1560 -14 5 4609 288 1 191
K 0 0 45
K 0 0 43
K -1 0 45
K 2 0 45
A D 12 96
H 191 B -46 0 108 3 2 1 3
J B 172 1674 1 82 6913 288 0
J N 6 1699 7 3 1 0 1 192
K -15 0 65
K 0 0 43
A D 12 96
J N 6 1824 7 2 2305 288 1 192
K 0 0 43
A D 12 96
J N 6 1936 7 2 4609 288 1 192
K 0 0 43
A D 12 96
H 192 B -49 0 108 3 2 1 3
J B 173 2050 1 82 6913 288 0
E *
L 1870 0 0 352 352 * 0 14 0
J C 22 5 14 36 6913 0 0
J K -4 57 0 4 6913 0 0
K 0 42 65
K 13 21 65
K 26 49 65
K 39 28 65
J D 0 77 -14 1 6913 0 0
W 0 0 0 \01\06\08
J N 6 152 21 2 1 0 1 94
K 0 0 43
A D 12 96
J N 6 268 21 2 2305 288 1 94
K 0 0 43
A D 12 96
J N 6 384 21 2 4609 288 1 94
K 0 0 43
A D 12 96
H 94 B -42 0 108 3 2 1 3
J B 169 500 1 82 6913 288 0
J N 6 525 0 2 1 0 1 95
K 0 0 43
A D 12 96
J N 6 640 0 2 2305 288 1 95
K 0 0 43
A D 12 96
J N 6 755 0 2 4609 288 1 95
K 0 0 43
A D 12 96
H 95 B -46 0 108 3 2 1 3
J B 170 869 1 82 6913 288 0
J N 6 894 7 3 1 0 1 96
K -15 0 65
K 0 0 43
A D 12 96
J N 6 1019 7 2 2305 288 1 96
K 0 0 43
A D 12 96
J N 6 1131 7 2 4609 288 1 96
K 0 0 43
A D 12 96
H 96 B -49 0 108 3 2 1 3
J B 171 1245 1 82 6913 288 0
J N 6 1284 -14 6 1 0 1 97
K 0 0 45
K -15 0 65
K 0 0 43
K -1 0 45
K 2 0 45
A D 12 96
J N 6 1418 -14 5 2305 288 1 97
K 0 0 45
K 0 0 43
K -1 0 45
K 2 0 45
A D 12 96
J N 6 1560 -14 5 4609 288 1 97
K 0 0 45
K 0 0 43
K -1 0 45
K 2 0 45
A D 12 96
H 97 B -46 0 108 3 2 1 3
J B 172 1674 1 82 6913 288 0
J N 6 1699 7 3 1 0 1 98
K -15 0 65
K 0 0 43
A D 12 96
J N 6 1824 7 2 2305 288 1 98
K 0 0 43
A D 12 96
J N 6 1936 7 2 4609 288 1 98
K 0 0 43
A D 12 96
H 98 B -49 0 108 3 2 1 3
J B 173 2050 1 82 6913 288 0
E *
B 1 500 0
B 1 869 0
B 1 1245 0
B 1 1674 0
B 1 2050 0
