S 0 200 140 2050 1926 12 "[.......{..}.{..}]"
L 0 0 0 352 352 * 0 14 0
J C 4 5 42 2 6913 0 0
K 0 0 33
K 0 0 34
J K -4 57 0 4 6913 0 0
K 0 28 65
K 13 7 65
K 26 35 65
K 39 14 65
J D 0 77 -14 1 6913 0 0
W 0 0 37 \01\08\07
J N 6 152 0 3 1 0 1 158
K 0 0 43
K 0 0 54
A D 12 96
J M 0 100 0 0 6913 0 1 158
H 158 T 0 0 0 0 0 0 5 0
J N 5 272 -35 7 2305 288 2 159 160
K 0 21 45
K 0 7 45
K 0 0 43
K 0 7 45
K 1 7 45
K 25 0 44
A D 9 96
J N 4 362 -28 6 4033 216 1 160
K 0 14 45
K 0 0 45
K 0 0 43
K -1 0 45
K 2 0 45
A D 3 96
J N 5 392 -21 6 4609 72 1 160
K 0 7 45
K 0 0 43
K 0 7 45
K 1 7 45
K 25 0 44
A D 9 96
J N 4 482 -35 6 6337 216 2 160 159
K 0 21 45
K 0 7 45
K 0 0 43
K 0 7 45
K 1 7 45
A D 3 96
H 160 B -78 0 108 4 22 511 11 533
H 159 S 0 0 0 0 0 0 0 0 0
J B 188 509 1 82 6913 72 0
J N 5 532 -7 3 1 0 2 161 162
K 0 0 43
K 25 0 44
A D 9 96
J N 4 632 -21 5 1729 216 1 162
K 0 7 45
K 0 0 43
K 0 7 45
K 1 7 45
A D 3 96
J N 5 662 7 4 2305 72 1 162
K -14 0 64
K 0 0 43
K 25 0 44
A D 9 96
J N 4 752 -7 2 4033 216 2 162 161
K 0 0 43
A D 3 96
H 162 B -78 0 108 4 22 511 11 533
H 161 S 0 0 -7 0 -7 0 0 0 0
J N 6 782 -28 8 4609 72 1 163
K 0 14 45
K 0 0 45
K 0 0 43
K -1 0 45
K 2 0 45
K 0 0 60
K 0 7 54
A D 12 96
J B 189 899 1 82 6913 288 0
J N 6 924 -28 8 1 0 1 163
K 0 14 45
K 0 0 45
K 0 0 43
K -1 0 45
K 2 0 45
K 0 0 60
K 0 7 54
A D 12 96
H 163 T -28 0 0 0 0 0 5 0
J N 5 1044 -35 7 2305 288 2 164 165
K 0 21 45
K 0 7 45
K 0 0 43
K 0 7 45
K 1 7 45
K 25 0 44
A D 9 96
J N 4 1134 -21 5 4033 216 2 165 164
K 0 7 45
K 0 0 43
K 0 7 45
K 1 7 45
A D 3 96
H 165 B -77 1 108 2 22 533
H 164 S 0 0 0 0 0 0 0 0 0
J N 6 1164 -49 10 4609 72 0
K 0 35 45
K 0 21 45
K 0 7 45
K 0 0 43
K 0 7 45
K 1 7 45
K 0 0 60
K 0 28 60
K 0 28 54
A D 12 96
J B 190 1281 1 82 6913 288 0
J N 6 1302 -21 7 1 0 0
K 0 7 45
K 0 0 43
K 0 7 45
K 1 7 45
K 0 0 60
K 0 0 54
A D 12 96
J N 5 1430 -28 7 2305 288 2 166 167
K 0 14 45
K 0 0 45
K 0 0 43
K -1 0 45
K 2 0 45
K 24 -6 44
A D 9 96
J N 4 1517 -14 5 4033 216 2 167 166
K 0 0 45
K 0 0 43
K -1 0 45
K 2 0 45
A D 3 96
H 167 B -70 1 108 2 22 533
H 166 S 0 0 0 0 0 0 0 0 0
J N 6 1546 -42 9 4609 72 0
K 0 28 45
K 0 14 45
K 0 0 45
K 0 0 43
K -1 0 45
K 2 0 45
K 0 0 60
K 0 21 54
A D 12 96
J B 191 1660 1 82 6913 288 0
J N 6 1681 -42 8 1 0 0
K 1 28 45
K 1 14 45
K 1 0 45
K 0 0 43
K -1 0 45
K 2 0 45
K 0 0 51
A D 12 96
J N 6 1681 -21 7 1 0 0
K 0 7 45
K 0 0 43
K 0 7 45
K 1 7 45
K 0 0 60
K 0 0 54
A D 12 96
J R 6 1808 14 2 2305 288 0
K 0 0 49
A D 12 96
J R 6 1936 14 2 4609 288 0
K 0 0 49
A D 12 96
J B 192 2050 1 82 6913 288 0
E *
L 170 0 0 352 352 * 0 14 0
J C 4 5 42 2 6913 0 0
K 0 0 33
K 0 0 34
J K -4 57 0 4 6913 0 0
K 0 28 65
K 13 7 65
K 26 35 65
K 39 14 65
J D 0 77 -14 1 6913 0 0
W 0 0 0 \01\08\07
J N 7 152 -7 5 1 0 0
K 0 0 43
K 41 0 44
K 0 0 59
K 0 -14 59
A D 36 96
J N 7 168 0 5 1 0 0
K 0 0 43
K 25 7 44
K 0 0 60
K 0 21 60
A D 36 96
J B 188 509 1 82 6913 864 0
J N 7 532 -7 5 1 0 0
K 0 0 43
K 25 0 44
K 0 0 59
K 0 -14 59
A D 36 96
J N 7 532 7 5 1 0 0
K -14 0 64
K 0 0 43
K 0 0 60
K 0 21 60
A D 24 96
J N 6 782 21 3 4609 576 1 152
K 0 0 43
K 0 0 54
A D 12 96
J B 189 899 1 82 6913 288 0
J N 7 924 0 5 1 0 0
K 0 0 43
K 24 -6 44
K 0 0 59
K 0 -14 59
A D 36 96
J N 6 924 21 3 1 0 1 152
K 0 0 43
K 0 0 54
A D 12 96
H 152 T 21 0 0 0 0 0 11 0
J N 7 1044 14 4 2305 288 0
K 0 0 43
K 0 0 60
K 0 21 60
A D 24 96
J B 190 1281 1 82 6913 576 0
J N 7 1302 7 5 1 0 0
K 0 0 43
K 25 0 44
K 0 0 59
K 0 -14 59
A D 36 96
J N 6 1302 28 3 1 0 0
K 0 0 43
K 0 0 54
A D 12 96
J N 7 1430 21 4 2305 288 0
K 0 0 43
K 0 0 60
K 0 21 60
A D 24 96
J B 191 1660 1 82 6913 576 0
J N 6 1681 -21 6 1 0 0
K 1 7 45
K 0 0 43
K 0 7 45
K 1 7 45
K 0 0 51
A D 12 96
J N 6 1681 7 3 1 0 0
K 0 0 43
K 0 0 54
A D 12 96
J R 6 1808 14 2 2305 288 0
K 0 0 49
A D 12 96
J R 6 1936 14 2 4609 288 0
K 0 0 49
A D 12 96
J B 192 2050 1 82 6913 288 0
E *
L 340 0 0 352 352 * 0 14 0
J C 4 5 42 2 6913 0 0
K 0 0 33
K 0 0 34
J K -2 57 0 2 6913 0 0
K 0 28 65
K 13 7 65
J D 0 77 -14 1 6913 0 0
W 0 0 0 \01\08\07
J N 6 152 42 3 1 0 1 200
K 0 0 43
K 0 0 53
A D 12 96
J M 0 100 0 0 6913 0 1 200
H 200 T 42 0 0 0 0 0 13 0
J N 5 272 7 3 2305 288 2 201 202
K 0 0 43
K 25 0 44
A D 9 96
J N 4 362 14 2 4033 216 1 202
K 0 0 43
A D 3 96
J N 5 392 21 3 4609 72 1 202
K 0 0 43
K 25 0 44
A D 9 96
J N 4 482 7 2 6337 216 2 202 201
K 0 0 43
A D 3 96
H 202 B -78 0 108 4 22 511 11 533
H 201 S 0 0 0 0 0 0 0 0 0
J B 188 509 1 82 6913 72 0
J N 5 532 35 3 1 0 2 203 204
K 0 0 43
K 25 0 44
A D 9 96
J N 4 632 21 2 1729 216 1 204
K 0 0 43
A D 3 96
J N 5 662 49 4 2305 72 1 204
K -18 0 63
K 0 0 43
K 25 0 44
A D 9 96
J N 4 752 35 2 4033 216 2 204 203
K 0 0 43
A D 3 96
H 204 B 70 0 108 4 22 511 11 533
H 203 S 12 0 7 0 7 0 0 0 0
J N 6 782 14 3 4609 72 1 205
K 0 0 43
K 0 0 54
A D 12 96
J B 189 899 1 82 6913 288 0
J N 6 924 14 3 1 0 1 205
K 0 0 43
K 0 0 54
A D 12 96
H 205 T 14 0 0 0 0 0 5 0
J N 5 1044 7 3 2305 288 2 206 207
K 0 0 43
K 25 0 44
A D 9 96
J N 4 1134 21 2 4033 216 2 207 206
K 0 0 43
A D 3 96
H 207 B -74 1 108 2 22 533
H 206 S 0 0 0 0 0 0 0 0 0
J N 6 1164 -7 3 4609 72 0
K 0 0 43
K 0 0 54
A D 12 96
J B 190 1281 1 82 6913 288 0
J N 6 1302 21 3 1 0 0
K 0 0 43
K 0 0 54
A D 12 96
J N 5 1430 14 3 2305 288 2 208 209
K 0 0 43
K 24 -6 44
A D 9 96
J N 4 1517 28 2 4033 216 2 209 208
K 0 0 43
A D 3 96
H 209 B -66 2 108 2 22 533
H 208 S 0 0 0 0 0 0 0 0 0
J N 6 1546 0 3 4609 72 0
K 0 0 43
K 0 0 54
A D 12 96
J B 191 1660 1 82 6913 288 0
J N 6 1681 0 3 1 0 0
K 0 0 43
K 0 0 51
A D 12 96
J N 6 1681 21 3 1 0 0
K 0 0 43
K 0 0 54
A D 12 96
J R 6 1808 14 2 2305 288 0
K 0 0 49
A D 12 96
J R 6 1936 14 2 4609 288 0
K 0 0 49
A D 12 96
J B 192 2050 1 82 6913 288 0
E *
L 510 0 0 352 352 * 0 14 0
J C 22 5 14 36 6913 0 0
J K -4 57 0 4 6913 0 0
K 0 42 65
K 13 21 65
K 26 49 65
K 39 28 65
J D 0 77 -14 1 6913 0 0
W 0 0 0 \01\08\07
J N 6 152 14 3 1 0 1 185
K 0 0 43
K 0 0 54
A D 12 96
J M 0 100 0 0 6913 0 1 185
H 185 T 14 0 0 0 0 0 5 0
J N 5 272 -21 6 2305 288 2 186 187
K 0 7 45
K 0 0 43
K 0 7 45
K 1 7 45
K 25 0 44
A D 9 96
J N 4 362 -14 5 4033 216 1 187
K 0 0 45
K 0 0 43
K -1 0 45
K 2 0 45
A D 3 96
J N 5 392 -7 3 4609 72 1 187
K 0 0 43
K 25 0 44
A D 9 96
J N 4 482 -21 5 6337 216 2 187 186
K 0 7 45
K 0 0 43
K 0 7 45
K 1 7 45
A D 3 96
H 187 B -78 0 108 4 22 511 11 533
H 186 S 0 0 0 0 0 0 0 0 0
J B 188 509 1 82 6913 72 0
J N 5 532 7 3 1 0 2 188 189
K 0 0 43
K 25 0 44
A D 9 96
J N 4 632 -7 2 1729 216 1 189
K 0 0 43
A D 3 96
J N 5 662 21 4 2305 72 1 189
K -14 0 64
K 0 0 43
K 25 0 44
A D 9 96
J N 4 752 7 2 4033 216 2 189 188
K 0 0 43
A D 3 96
H 189 B -78 0 108 4 22 511 11 533
H 188 S 0 0 -7 0 -7 0 0 0 0
J N 6 782 -14 6 4609 72 1 190
K 0 0 45
K 0 0 43
K -1 0 45
K 2 0 45
K 0 0 54
A D 12 96
J B 189 899 1 82 6913 288 0
J N 6 924 -14 6 1 0 1 190
K 0 0 45
K 0 0 43
K -1 0 45
K 2 0 45
K 0 0 54
A D 12 96
H 190 T -14 0 0 0 0 0 5 0
J N 5 1044 -21 6 2305 288 2 191 192
K 0 7 45
K 0 0 43
K 0 7 45
K 1 7 45
K 25 0 44
A D 9 96
J N 4 1134 -7 2 4033 216 2 192 191
K 0 0 43
A D 3 96
H 192 B -63 1 108 2 22 533
H 191 S 0 0 0 0 0 0 0 0 0
J N 6 1164 -35 8 4609 72 0
K 0 21 45
K 0 7 45
K 0 0 43
K 0 7 45
K 1 7 45
K 0 0 60
K 0 14 54
A D 12 96
J B 190 1281 1 82 6913 288 0
J N 6 1302 -7 3 1 0 0
K 0 0 43
K 0 0 54
A D 12 96
J N 5 1430 -14 6 2305 288 2 193 194
K 0 0 45
K 0 0 43
K -1 0 45
K 2 0 45
K 24 -6 44
A D 9 96
J N 4 1517 0 2 4033 216 2 194 193
K 0 0 43
A D 3 96
H 194 B -69 2 108 2 22 533
H 193 S 0 0 0 0 0 0 0 0 0
J N 6 1546 -28 8 4609 72 0
K 0 14 45
K 0 0 45
K 0 0 43
K -1 0 45
K 2 0 45
K 0 0 60
K 0 7 54
A D 12 96
J B 191 1660 1 82 6913 288 0
J N 6 1681 -7 3 1 0 0
K 0 0 43
K 0 0 51
A D 12 96
J N 6 1681 7 3 1 0 0
K 0 0 43
K 0 0 54
A D 12 96
J R 6 1808 14 2 2305 288 0
K 0 0 49
A D 12 96
J R 6 1936 14 2 4609 288 0
K 0 0 49
A D 12 96
J B 192 2050 1 82 6913 288 0
E *
L 680 0 0 352 352 * 0 14 0
J C 4 5 42 2 6913 0 0
K 0 0 33
K 0 0 34
J K 0 57 0 0 6913 0 0
J D 0 77 -14 1 6913 0 0
W 0 0 0 \01\08\07
J N 7 152 -7 5 1 0 0
K 0 0 43
K 41 0 44
K 0 0 59
K 0 -14 59
A D 36 96
J N 7 168 0 5 1 0 0
K 0 0 43
K 25 7 44
K 0 0 60
K 0 21 60
A D 36 96
J B 188 509 1 82 6913 864 0
J N 7 532 -7 5 1 0 0
K 0 0 43
K 25 0 44
K 0 0 59
K 0 -14 59
A D 36 96
J N 7 532 21 5 1 0 0
K 0 0 43
K 25 0 44
K 0 0 60
K 0 21 60
A D 36 96
J B 189 899 1 82 6913 864 0
J N 7 924 0 5 1 0 0
K 0 0 43
K 24 -6 44
K 0 0 59
K 0 -14 59
A D 36 96
J N 7 924 0 5 1 0 0
K 0 0 43
K 24 6 44
K 0 0 60
K 0 21 60
A D 36 96
J B 190 1281 1 82 6913 864 0
J N 6 1302 -7 3 1 0 0
K 0 0 43
K 0 0 51
A D 12 96
J N 6 1302 -7 3 1 0 0
K 0 0 43
K 0 0 54
A D 12 96
J N 7 1430 -28 8 2305 288 0
K 1 14 45
K 1 0 45
K 0 0 43
K -1 0 45
K 2 0 45
K 0 0 59
K 0 -7 59
A D 24 96
J N 7 1430 21 4 2305 0 0
K 0 0 43
K 0 0 60
K 0 21 60
A D 24 96
J B 191 1660 1 82 6913 576 0
J N 7 1681 -7 5 1 0 0
K 0 0 43
K 25 0 44
K 0 0 59
K 0 -14 59
A D 36 96
J N 7 1681 -7 5 1 0 0
K 0 0 43
K 25 0 44
K 0 0 60
K 0 21 60
A D 36 96
J B 192 2050 1 82 6913 864 0
E *
L 850 0 0 352 352 * 0 14 0
J C 4 5 42 2 6913 0 0
K 0 0 33
K 0 0 34
J K 0 57 0 0 6913 0 0
J D 0 77 -14 1 6913 0 0
W 0 0 0 \01\08\07
J N 6 152 42 2 1 0 1 67
K 0 0 43
A D 12 96
J N 6 152 91 6 1 0 1 68
K 0 -21 45
K 0 -7 45
K 0 0 43
K 0 -7 45
K 1 -7 45
A D 12 96
J N 6 272 42 2 2305 288 1 67
K 0 0 43
A D 12 96
J N 6 272 91 6 2305 0 1 68
K 0 -21 45
K 0 -7 45
K 0 0 43
K 0 -7 45
K 1 -7 45
A D 12 96
J N 6 392 42 2 4609 288 1 67
K 0 0 43
A D 12 96
H 67 B 46 0 108 3 2 1 3
J N 6 392 91 6 4609 0 1 68
K 0 -21 45
K 0 -7 45
K 0 0 43
K 0 -7 45
K 1 -7 45
A D 12 96
H 68 B -42 0 108 3 2 1 3
J B 188 509 1 82 6913 288 0
J N 6 532 21 2 1 0 1 69
K 0 0 43
A D 12 96
J N 6 532 70 5 1 0 1 70
K 0 0 45
K 0 0 43
K -1 0 45
K 2 0 45
A D 12 96
J N 6 662 21 2 2305 288 1 69
K 0 0 43
A D 12 96
J N 6 662 70 5 2305 0 1 70
K 0 0 45
K 0 0 43
K -1 0 45
K 2 0 45
A D 12 96
J N 6 782 21 2 4609 288 1 69
K 0 0 43
A D 12 96
H 69 B 42 0 108 3 2 1 3
J N 6 782 70 5 4609 0 1 70
K 0 0 45
K 0 0 43
K -1 0 45
K 2 0 45
A D 12 96
H 70 B -42 0 108 3 2 1 3
J B 189 899 1 82 6913 288 0
J R 6 924 14 2 1 0 0
K 0 0 49
A D 12 96
J N 6 1044 0 2 2305 288 1 71
K 0 0 43
A D 12 96
J N 6 1044 0 2 2305 0 1 72
K 0 0 43
A D 12 96
J N 6 1164 0 2 4609 288 1 71
K 0 0 43
A D 12 96
H 71 B 42 0 108 2 2 3
J N 6 1164 0 2 4609 0 1 72
K 0 0 43
A D 12 96
H 72 B -46 0 108 2 2 3
J B 190 1281 1 82 6913 288 0
J N 6 1302 42 2 1 0 1 73
K 0 0 43
A D 12 96
J N 6 1302 91 6 1 0 1 74
K 0 -21 45
K 0 -7 45
K 0 0 43
K 0 -7 45
K 1 -7 45
A D 12 96
J N 6 1430 21 2 2305 288 1 73
K 0 0 43
A D 12 96
J N 6 1430 70 5 2305 0 1 74
K 0 0 45
K 0 0 43
K -1 0 45
K 2 0 45
A D 12 96
J N 6 1546 21 2 4609 288 1 73
K 0 0 43
A D 12 96
H 73 B 63 0 108 3 2 1 3
J N 6 1546 70 5 4609 0 1 74
K 0 0 45
K 0 0 43
K -1 0 45
K 2 0 45
A D 12 96
H 74 B -42 -1 108 3 2 1 3
J B 191 1660 1 82 6913 288 0
J N 6 1681 42 3 1 0 0
K 0 0 43
K 0 0 53
A D 12 96
J N 6 1681 91 7 1 0 0
K 0 -21 45
K 0 -7 45
K 0 0 43
K 0 -7 45
K 1 -7 45
K 0 0 52
A D 12 96
J R 6 1808 14 2 2305 288 0
K 0 0 49
A D 12 96
J R 6 1936 14 2 4609 288 0
K 0 0 49
A D 12 96
J B 192 2050 1 82 6913 288 0
E *
L 1020 0 0 352 352 * 0 14 0
J C 22 5 14 36 6913 0 0
J K 0 57 0 0 6913 0 0
J D 0 77 -14 1 6913 0 0
W 0 0 0 \01\08\07
J N 6 152 56 2 1 0 1 28
K 0 0 43
A D 12 96
J N 6 272 56 2 2305 288 1 28
K 0 0 43
A D 12 96
J N 6 392 56 2 4609 288 1 28
K 0 0 43
A D 12 96
H 28 B 46 0 108 3 2 1 3
J B 188 509 1 82 6913 288 0
J N 6 532 35 2 1 0 1 29
K 0 0 43
A D 12 96
J N 6 662 35 2 2305 288 1 29
K 0 0 43
A D 12 96
J N 6 782 35 2 4609 288 1 29
K 0 0 43
A D 12 96
H 29 B 42 0 108 3 2 1 3
J B 189 899 1 82 6913 288 0
J R 9 1076 28 46 1 0 0
J B 190 1281 1 82 6913 1 0
J N 6 1302 56 2 1 0 1 30
K 0 0 43
A D 12 96
J N 6 1430 35 2 2305 288 1 30
K 0 0 43
A D 12 96
J N 6 1546 35 2 4609 288 1 30
K 0 0 43
A D 12 96
H 30 B 63 0 108 3 2 1 3
J B 191 1660 1 82 6913 288 0
J N 6 1681 56 3 1 0 0
K 0 0 43
K 0 0 53
A D 12 96
J R 6 1808 28 2 2305 288 0
K 0 0 49
A D 12 96
J R 6 1936 28 2 4609 288 0
K 0 0 49
A D 12 96
J B 192 2050 1 82 6913 288 0
E *
L 1190 0 0 352 352 * 0 14 0
J C 4 5 42 2 6913 0 0
K 0 0 33
K 0 0 34
J K -4 57 0 4 6913 0 0
K 0 28 65
K 13 7 65
K 26 35 65
K 39 14 65
J D 0 77 -14 1 6913 0 0
W 0 0 0 \01\08\07
J N 5 152 -35 7 1 0 2 259 260
K 0 21 45
K 0 7 45
K 0 0 43
K 0 7 45
K 1 7 45
K 25 0 44
A D 9 96
J N 4 242 -28 6 1729 216 1 260
K 0 14 45
K 0 0 45
K 0 0 43
K -1 0 45
K 2 0 45
A D 3 96
J N 5 272 -21 6 2305 72 1 260
K 0 7 45
K 0 0 43
K 0 7 45
K 1 7 45
K 25 0 44
A D 9 96
J N 4 362 -35 6 4033 216 1 260
K 0 21 45
K 0 7 45
K 0 0 43
K 0 7 45
K 1 7 45
A D 3 96
J N 5 392 -7 3 4609 72 1 260
K 0 0 43
K 25 0 44
A D 9 96
J N 4 482 -21 5 6337 216 2 260 259
K 0 7 45
K 0 0 43
K 0 7 45
K 1 7 45
A D 3 96
H 260 B -92 0 108 6 22 511 11 511 11 533
H 259 S 0 0 0 0 0 0 0 0 0
J B 188 509 1 82 6913 72 0
J N 5 532 7 4 1 0 2 261 262
K -14 0 64
K 0 0 43
K 25 0 44
A D 9 96
J N 4 632 -7 2 1729 216 2 262 261
K 0 0 43
A D 3 96
H 262 B -52 -1 108 2 22 533
H 261 S 0 0 0 0 0 0 0 0 0
J N 6 662 -28 6 2305 72 2 263 264
K 0 14 45
K 0 0 45
K 0 0 43
K -1 0 45
K 2 0 45
A D 12 96
J N 5 782 -28 7 4609 288 2 264 263
K 0 14 45
K 0 0 45
K 0 0 43
K -1 0 45
K 2 0 45
K 24 -6 44
A D 9 96
H 263 T -28 0 0 0 0 0 5 0
J N 4 872 -21 5 6337 216 1 264
K 0 7 45
K 0 0 43
K 0 7 45
K 1 7 45
A D 3 96
H 264 B -71 0 108 3 2 21 533
J B 189 899 1 82 6913 72 0
J N 5 924 -14 7 1 0 2 265 266
K 0 0 45
K -14 0 64
K 0 0 43
K -1 0 45
K 2 0 45
K 24 -6 44
A D 9 96
J N 4 1014 0 2 1729 216 2 266 265
K 0 0 43
A D 3 96
H 266 B -70 1 108 2 22 533
H 265 S 0 0 0 0 0 0 0 0 0
J N 6 1044 -21 6 2305 72 2 267 268
K 0 7 45
K 0 0 43
K 0 7 45
K 1 7 45
K 25 0 44
A D 18 96
J N 5 1224 -35 6 5761 432 2 268 267
K 0 21 45
K 0 7 45
K 0 0 43
K 0 7 45
K 1 7 45
A D 6 96
H 268 B -54 0 108 2 2 53
H 267 S 0 0 0 0 0 0 0 0 0
J B 190 1281 1 82 6913 144 0
J N 5 1302 -7 3 1 0 2 269 270
K 0 0 43
K 25 0 44
A D 9 96
J N 4 1389 7 2 1729 216 2 270 269
K 0 0 43
A D 3 96
H 270 B -62 2 108 2 22 533
H 269 S 0 0 0 0 0 0 0 0 0
J N 6 1430 -14 6 2305 72 1 271
K 0 0 45
K -15 0 65
K 0 0 43
K -1 0 45
K 2 0 45
A D 12 96
J N 5 1546 -14 6 4609 288 2 272 271
K 0 0 45
K 0 0 43
K -1 0 45
K 2 0 45
K 24 -6 44
A D 9 96
J N 4 1633 -28 6 6337 216 2 271 272
K 0 14 45
K 0 0 45
K 0 0 43
K -1 0 45
K 2 0 45
A D 3 96
H 271 B -57 0 108 3 2 21 533
H 272 S 0 0 0 0 0 0 0 0 0
J B 191 1660 1 82 6913 72 0
J N 7 1681 -42 13 1 0 0
K 0 28 45
K 0 14 45
K 0 0 45
K 0 0 43
K -1 0 45
K 2 0 45
K 24 -6 44
K 0 133 111
K 12 133 110
K 0 0 60
K 0 28 60
K 0 42 60
A D 36 96
J B 192 2050 1 82 6913 864 0
E *
L 1360 0 0 352 352 * 0 14 0
J C 4 5 42 2 6913 0 0
K 0 0 33
K 0 0 34
J K -4 57 0 4 6913 0 0
K 0 28 65
K 13 7 65
K 26 35 65
K 39 14 65
J D 0 77 -14 1 6913 0 0
W 0 0 0 \01\08\07
J N 5 152 14 3 1 0 2 170 171
K 0 0 43
K 24 -6 44
A D 9 96
J N 4 242 21 2 1729 216 1 171
K 0 0 43
A D 3 96
J N 5 272 28 3 2305 72 1 171
K 0 0 43
K 24 -6 44
A D 9 96
J N 4 362 14 2 4033 216 1 171
K 0 0 43
A D 3 96
J N 5 392 42 3 4609 72 1 171
K 0 0 43
K 24 -6 44
A D 9 96
J N 4 482 28 2 6337 216 2 171 170
K 0 0 43
A D 3 96
H 171 B -84 0 108 6 22 511 11 511 11 533
H 170 S 0 0 0 0 0 0 0 0 0
J B 188 509 1 82 6913 72 0
J N 5 532 56 4 1 0 2 172 173
K -14 0 64
K 0 0 43
K 24 -6 44
A D 9 96
J N 4 632 42 2 1729 216 2 173 172
K 0 0 43
A D 3 96
H 173 B 67 -1 108 2 22 533
H 172 S 12 0 0 0 0 0 0 0 0
J N 6 662 21 2 2305 72 2 174 175
K 0 0 43
A D 12 96
J N 5 782 21 3 4609 288 2 175 174
K 0 0 43
K 25 0 44
A D 9 96
H 174 T 21 0 0 0 0 0 1 0
J N 4 872 28 2 6337 216 1 175
K 0 0 43
A D 3 96
H 175 B -64 0 108 3 2 21 533
J B 189 899 1 82 6913 72 0
J N 5 924 35 4 1 0 2 176 177
K -14 0 64
K 0 0 43
K 25 0 44
A D 9 96
J N 4 1014 49 2 1729 216 2 177 176
K 0 0 43
A D 3 96
H 177 B 64 1 108 2 22 533
H 176 S 12 0 0 0 0 0 0 0 0
J N 6 1044 28 3 2305 72 2 178 179
K 0 0 43
K 24 -6 44
A D 18 96
J N 5 1224 14 2 5761 432 2 179 178
K 0 0 43
A D 6 96
H 179 B -45 -1 108 2 2 53
H 178 S 0 0 0 0 0 0 0 0 0
J B 190 1281 1 82 6913 144 0
J N 5 1302 42 3 1 0 2 180 181
K 0 0 43
K 24 -6 44
A D 9 96
J N 4 1389 56 2 1729 216 2 181 180
K 0 0 43
A D 3 96
H 181 B 61 2 108 2 22 533
H 180 S 12 0 0 0 0 0 0 0 0
J N 6 1430 35 3 2305 72 1 182
K -15 0 65
K 0 0 43
A D 12 96
J N 5 1546 35 3 4609 288 2 183 182
K 0 0 43
K 25 0 44
A D 9 96
J N 4 1633 21 2 6337 216 2 182 183
K 0 0 43
A D 3 96
H 182 B 63 -1 108 3 2 21 533
H 183 S 12 0 0 0 0 0 0 0 0
J B 191 1660 1 82 6913 72 0
J N 7 1681 7 7 1 0 0
K 0 0 43
K 25 0 44
K 0 84 111
K 12 84 110
K 0 0 60
K 0 21 60
A D 36 96
J B 192 2050 1 82 6913 864 0
E *
L 1530 0 0 352 352 * 0 14 0
J C 13 5 28 35 6913 0 0
J K -4 57 0 4 6913 0 0
K 0 35 65
K 13 14 65
K 26 42 65
K 39 21 65
J D 0 77 -14 1 6913 0 0
W 0 0 0 \01\08\07
J N 4 152 21 2 1 0 1 268
K 0 0 43
A D 3 96
J N 4 152 35 2 1 0 1 269
K 0 0 43
A D 3 96
J N 4 182 21 2 577 72 1 268
K 0 0 43
A D 3 96
J N 4 182 35 2 577 0 1 269
K 0 0 43
A D 3 96
J N 4 212 21 2 1153 72 1 268
K 0 0 43
A D 3 96
J N 4 212 35 2 1153 0 1 269
K 0 0 43
A D 3 96
J N 4 242 21 2 1729 72 1 268
K 0 0 43
A D 3 96
H 268 B 56 0 108 4 222 111 111 333
J N 4 242 35 2 1729 0 1 269
K 0 0 43
A D 3 96
H 269 B -56 0 108 4 222 111 111 333
J N 4 272 21 2 2305 72 1 270
K 0 0 43
A D 3 96
J N 4 272 70 5 2305 0 1 271
K 0 0 45
K 0 0 43
K -1 0 45
K 2 0 45
A D 3 96
J N 4 302 21 2 2881 72 1 270
K 0 0 43
A D 3 96
J N 4 302 70 5 2881 0 1 271
K 0 0 45
K 0 0 43
K -1 0 45
K 2 0 45
A D 3 96
J N 4 332 21 2 3457 72 1 270
K 0 0 43
A D 3 96
J N 4 332 70 5 3457 0 1 271
K 0 0 45
K 0 0 43
K -1 0 45
K 2 0 45
A D 3 96
J N 4 362 21 2 4033 72 1 270
K 0 0 43
A D 3 96
H 270 B 56 0 108 4 222 111 111 333
J N 4 362 70 5 4033 0 1 271
K 0 0 45
K 0 0 43
K -1 0 45
K 2 0 45
A D 3 96
H 271 B -56 0 108 4 222 111 111 333
J N 4 392 21 2 4609 72 1 272
K 0 0 43
A D 3 96
J N 4 392 70 5 4609 0 1 273
K 0 0 45
K 0 0 43
K -1 0 45
K 2 0 45
A D 3 96
J N 4 422 21 2 5185 72 1 272
K 0 0 43
A D 3 96
J N 4 422 70 5 5185 0 1 273
K 0 0 45
K 0 0 43
K -1 0 45
K 2 0 45
A D 3 96
J N 4 452 21 2 5761 72 1 272
K 0 0 43
A D 3 96
J N 4 452 70 5 5761 0 1 273
K 0 0 45
K 0 0 43
K -1 0 45
K 2 0 45
A D 3 96
J N 4 482 21 2 6337 72 1 272
K 0 0 43
A D 3 96
H 272 B 56 0 108 4 222 111 111 333
J N 4 482 70 5 6337 0 1 273
K 0 0 45
K 0 0 43
K -1 0 45
K 2 0 45
A D 3 96
H 273 B -56 0 108 4 222 111 111 333
J B 188 509 1 82 6913 72 0
J N 4 532 28 2 1 0 1 274
K 0 0 43
A D 3 96
J N 4 532 77 5 1 0 1 275
K 0 -7 45
K 0 0 43
K 0 -7 45
K 1 -7 45
A D 3 96
J N 4 572 49 2 577 72 1 274
K 0 0 43
A D 3 96
J N 4 572 63 3 577 0 1 275
K -14 0 64
K 0 0 43
A D 3 96
J N 4 602 49 2 1153 72 1 274
K 0 0 43
A D 3 96
J N 4 602 63 2 1153 0 1 275
K 0 0 43
A D 3 96
J N 4 632 49 2 1729 72 1 274
K 0 0 43
A D 3 96
H 274 B 55 4 108 4 222 111 111 333
J N 4 632 63 2 1729 0 1 275
K 0 0 43
A D 3 96
H 275 B -56 -2 108 4 222 111 111 333
J N 4 662 49 2 2305 72 1 276
K 0 0 43
A D 3 96
J N 4 662 63 2 2305 0 1 277
K 0 0 43
A D 3 96
J N 4 692 49 2 2881 72 1 276
K 0 0 43
A D 3 96
J N 4 692 63 2 2881 0 1 277
K 0 0 43
A D 3 96
J N 4 722 49 2 3457 72 1 276
K 0 0 43
A D 3 96
J N 4 722 63 2 3457 0 1 277
K 0 0 43
A D 3 96
J N 4 752 49 2 4033 72 1 276
K 0 0 43
A D 3 96
H 276 B 64 0 108 4 222 111 111 333
J N 4 752 63 2 4033 0 1 277
K 0 0 43
A D 3 96
H 277 B -56 0 108 4 222 111 111 333
J N 4 782 49 2 4609 72 1 278
K 0 0 43
A D 3 96
J N 4 782 63 2 4609 0 1 279
K 0 0 43
A D 3 96
J N 4 812 28 2 5185 72 1 278
K 0 0 43
A D 3 96
J N 4 812 49 2 5185 0 1 279
K 0 0 43
A D 3 96
J N 4 842 28 2 5761 72 1 278
K 0 0 43
A D 3 96
J N 4 842 49 2 5761 0 1 279
K 0 0 43
A D 3 96
J N 4 872 28 2 6337 72 1 278
K 0 0 43
A D 3 96
H 278 B 75 -1 108 4 222 111 111 333
J N 4 872 49 2 6337 0 1 279
K 0 0 43
A D 3 96
H 279 B -56 -3 108 4 222 111 111 333
J B 189 899 1 82 6913 72 0
J N 4 924 28 2 1 0 1 280
K 0 0 43
A D 3 96
J N 4 924 42 3 1 0 1 281
K -14 0 64
K 0 0 43
A D 3 96
J N 4 954 42 2 577 72 1 280
K 0 0 43
A D 3 96
J N 4 954 56 2 577 0 1 281
K 0 0 43
A D 3 96
J N 4 984 42 2 1153 72 1 280
K 0 0 43
A D 3 96
J N 4 984 56 2 1153 0 1 281
K 0 0 43
A D 3 96
J N 4 1014 42 2 1729 72 1 280
K 0 0 43
A D 3 96
H 280 B 57 1 108 4 222 111 111 333
J N 4 1014 56 2 1729 0 1 281
K 0 0 43
A D 3 96
H 281 B -69 1 108 4 222 111 111 333
J N 4 1044 7 2 2305 72 1 282
K 0 0 43
A D 3 96
J N 4 1044 56 2 2305 0 1 283
K 0 0 43
A D 3 96
J N 4 1074 7 2 2881 72 1 282
K 0 0 43
A D 3 96
J N 4 1074 56 2 2881 0 1 283
K 0 0 43
A D 3 96
J N 4 1104 7 2 3457 72 1 282
K 0 0 43
A D 3 96
J N 4 1104 56 2 3457 0 1 283
K 0 0 43
A D 3 96
J N 4 1134 7 2 4033 72 1 282
K 0 0 43
A D 3 96
H 282 B 56 0 108 4 222 111 111 333
J N 4 1134 56 2 4033 0 1 283
K 0 0 43
A D 3 96
H 283 B -56 0 108 4 222 111 111 333
J N 4 1164 21 2 4609 72 1 284
K 0 0 43
A D 3 96
J N 4 1164 70 5 4609 0 1 285
K 0 0 45
K 0 0 43
K -1 0 45
K 2 0 45
A D 3 96
J N 4 1194 21 2 5185 72 1 284
K 0 0 43
A D 3 96
J N 4 1194 70 5 5185 0 1 285
K 0 0 45
K 0 0 43
K -1 0 45
K 2 0 45
A D 3 96
J N 4 1224 21 2 5761 72 1 284
K 0 0 43
A D 3 96
J N 4 1224 70 5 5761 0 1 285
K 0 0 45
K 0 0 43
K -1 0 45
K 2 0 45
A D 3 96
J N 4 1254 21 2 6337 72 1 284
K 0 0 43
A D 3 96
H 284 B 56 0 108 4 222 111 111 333
J N 4 1254 70 5 6337 0 1 285
K 0 0 45
K 0 0 43
K -1 0 45
K 2 0 45
A D 3 96
H 285 B -56 0 108 4 222 111 111 333
J B 190 1281 1 82 6913 72 0
J N 4 1302 14 2 1 0 1 286
K 0 0 43
A D 3 96
J N 4 1302 63 2 1 0 1 287
K 0 0 43
A D 3 96
J N 4 1331 14 2 577 72 1 286
K 0 0 43
A D 3 96
J N 4 1331 63 2 577 0 1 287
K 0 0 43
A D 3 96
J N 4 1360 14 2 1153 72 1 286
K 0 0 43
A D 3 96
J N 4 1360 63 2 1153 0 1 287
K 0 0 43
A D 3 96
J N 4 1389 14 2 1729 72 1 286
K 0 0 43
A D 3 96
H 286 B 56 0 108 4 222 111 111 333
J N 4 1389 63 2 1729 0 1 287
K 0 0 43
A D 3 96
H 287 B -56 0 108 4 222 111 111 333
J N 4 1430 14 2 2305 72 1 288
K 0 0 43
A D 3 96
J N 4 1430 63 2 2305 0 1 289
K 0 0 43
A D 3 96
J N 4 1459 14 2 2881 72 1 288
K 0 0 43
A D 3 96
J N 4 1459 63 2 2881 0 1 289
K 0 0 43
A D 3 96
J N 4 1488 14 2 3457 72 1 288
K 0 0 43
A D 3 96
J N 4 1488 63 2 3457 0 1 289
K 0 0 43
A D 3 96
J N 4 1517 14 2 4033 72 1 288
K 0 0 43
A D 3 96
H 288 B 56 0 108 4 222 111 111 333
J N 4 1517 63 2 4033 0 1 289
K 0 0 43
A D 3 96
H 289 B -56 0 108 4 222 111 111 333
J N 4 1546 28 2 4609 72 1 290
K 0 0 43
A D 3 96
J N 4 1546 77 5 4609 0 1 291
K 0 -7 45
K 0 0 43
K 0 -7 45
K 1 -7 45
A D 3 96
J N 4 1575 28 2 5185 72 1 290
K 0 0 43
A D 3 96
J N 4 1575 77 5 5185 0 1 291
K 0 -7 45
K 0 0 43
K 0 -7 45
K 1 -7 45
A D 3 96
J N 4 1604 28 2 5761 72 1 290
K 0 0 43
A D 3 96
J N 4 1604 77 5 5761 0 1 291
K 0 -7 45
K 0 0 43
K 0 -7 45
K 1 -7 45
A D 3 96
J N 4 1633 28 2 6337 72 1 290
K 0 0 43
A D 3 96
H 290 B 57 0 108 4 222 111 111 333
J N 4 1633 77 5 6337 0 1 291
K 0 -7 45
K 0 0 43
K 0 -7 45
K 1 -7 45
A D 3 96
H 291 B -56 0 108 4 222 111 111 333
J B 191 1660 1 82 6913 72 0
J N 4 1681 14 4 1 0 1 292
K 0 0 43
K 0 21 43
K 0 21 59
A D 3 96
J N 4 1681 63 4 1 0 1 293
K 0 -14 43
K 0 0 43
K 0 -14 60
A D 3 96
J N 4 1721 14 4 577 72 1 292
K 0 0 43
K 0 21 43
K 0 21 59
A D 3 96
J N 4 1721 63 4 577 0 1 293
K 0 -14 43
K 0 0 43
K 0 -14 60
A D 3 96
J N 4 1750 14 4 1153 72 1 292
K 0 0 43
K 0 21 43
K 0 21 59
A D 3 96
J N 4 1750 63 4 1153 0 1 293
K 0 -14 43
K 0 0 43
K 0 -14 60
A D 3 96
J N 4 1779 14 4 1729 72 1 292
K 0 0 43
K 0 21 43
K 0 21 59
A D 3 96
H 292 B 56 0 108 4 222 111 111 333
J N 4 1779 63 4 1729 0 1 293
K 0 -14 43
K 0 0 43
K 0 -14 60
A D 3 96
H 293 B -56 0 108 4 222 111 111 333
J N 4 1808 14 4 2305 72 1 294
K 0 0 43
K 0 21 43
K 0 21 59
A D 3 96
J N 4 1808 63 4 2305 0 1 295
K 0 -14 43
K 0 0 43
K 0 -14 60
A D 3 96
J N 4 1837 14 4 2881 72 1 294
K 0 0 43
K 0 21 43
K 0 21 59
A D 3 96
J N 4 1837 63 4 2881 0 1 295
K 0 -14 43
K 0 0 43
K 0 -14 60
A D 3 96
J N 4 1866 14 4 3457 72 1 294
K 0 0 43
K 0 21 43
K 0 21 59
A D 3 96
J N 4 1866 63 4 3457 0 1 295
K 0 -14 43
K 0 0 43
K 0 -14 60
A D 3 96
J N 4 1895 14 4 4033 72 1 294
K 0 0 43
K 0 21 43
K 0 21 59
A D 3 96
H 294 B 56 0 108 4 222 111 111 333
J N 4 1895 63 4 4033 0 1 295
K 0 -14 43
K 0 0 43
K 0 -14 60
A D 3 96
H 295 B -56 0 108 4 222 111 111 333
J N 4 1936 14 4 4609 72 1 296
K 0 0 43
K 0 21 43
K 0 21 59
A D 3 96
J N 4 1936 63 4 4609 0 1 297
K 0 -14 43
K 0 0 43
K 0 -14 60
A D 3 96
J N 4 1965 14 4 5185 72 1 296
K 0 0 43
K 0 21 43
K 0 21 59
A D 3 96
J N 4 1965 63 4 5185 0 1 297
K 0 -14 43
K 0 0 43
K 0 -14 60
A D 3 96
J N 4 1994 14 4 5761 72 1 296
K 0 0 43
K 0 21 43
K 0 21 59
A D 3 96
J N 4 1994 63 4 5761 0 1 297
K 0 -14 43
K 0 0 43
K 0 -14 60
A D 3 96
J N 4 2023 14 4 6337 72 1 296
K 0 0 43
K 0 21 43
K 0 21 59
A D 3 96
H 296 B 56 0 108 4 222 111 111 333
J N 4 2023 63 4 6337 0 1 297
K 0 -14 43
K 0 0 43
K 0 -14 60
A D 3 96
H 297 B -56 0 108 4 222 111 111 333
J B 192 2050 1 82 6913 72 0
E *
L 1700 0 0 352 352 * 0 14 0
J C 22 5 14 36 6913 0 0
J K -4 57 0 4 6913 0 0
K 0 42 65
K 13 21 65
K 26 49 65
K 39 28 65
J D 0 77 -14 1 6913 0 0
W 0 0 0 \01\08\07
J N 4 152 42 2 1 0 1 210
K 0 0 43
A D 3 96
J N 4 182 42 2 577 72 1 210
K 0 0 43
A D 3 96
J N 4 212 42 2 1153 72 1 210
K 0 0 43
A D 3 96
J N 4 242 42 2 1729 72 1 210
K 0 0 43
A D 3 96
H 210 B 57 0 108 4 222 111 111 333
J N 4 272 56 2 2305 72 1 211
K 0 0 43
A D 3 96
J N 4 302 56 2 2881 72 1 211
K 0 0 43
A D 3 96
J N 4 332 56 2 3457 72 1 211
K 0 0 43
A D 3 96
J N 4 362 56 2 4033 72 1 211
K 0 0 43
A D 3 96
H 211 B 57 0 108 4 222 111 111 333
J N 4 392 42 2 4609 72 1 212
K 0 0 43
A D 3 96
J N 4 422 42 2 5185 72 1 212
K 0 0 43
A D 3 96
J N 4 452 42 2 5761 72 1 212
K 0 0 43
A D 3 96
J N 4 482 42 2 6337 72 1 212
K 0 0 43
A D 3 96
H 212 B 57 0 108 4 222 111 111 333
J B 188 509 1 82 6913 72 0
J N 4 532 35 2 1 0 1 213
K 0 0 43
A D 3 96
J N 4 572 35 2 577 72 1 213
K 0 0 43
A D 3 96
J N 4 602 35 2 1153 72 1 213
K 0 0 43
A D 3 96
J N 4 632 35 2 1729 72 1 213
K 0 0 43
A D 3 96
H 213 B 64 0 108 4 222 111 111 333
J N 4 662 35 2 2305 72 1 214
K 0 0 43
A D 3 96
J N 4 692 35 2 2881 72 1 214
K 0 0 43
A D 3 96
J N 4 722 35 2 3457 72 1 214
K 0 0 43
A D 3 96
J N 4 752 35 2 4033 72 1 214
K 0 0 43
A D 3 96
H 214 B 64 0 108 4 222 111 111 333
J N 4 782 35 2 4609 72 1 215
K 0 0 43
A D 3 96
J N 4 812 35 2 5185 72 1 215
K 0 0 43
A D 3 96
J N 4 842 35 2 5761 72 1 215
K 0 0 43
A D 3 96
J N 4 872 35 2 6337 72 1 215
K 0 0 43
A D 3 96
H 215 B 64 0 108 4 222 111 111 333
J B 189 899 1 82 6913 72 0
J N 4 924 21 3 1 0 1 216
K -15 0 65
K 0 0 43
A D 3 96
J N 4 954 21 2 577 72 1 216
K 0 0 43
A D 3 96
J N 4 984 21 2 1153 72 1 216
K 0 0 43
A D 3 96
J N 4 1014 21 2 1729 72 1 216
K 0 0 43
A D 3 96
H 216 B -64 0 108 4 222 111 111 333
J N 4 1044 28 2 2305 72 1 217
K 0 0 43
A D 3 96
J N 4 1074 28 2 2881 72 1 217
K 0 0 43
A D 3 96
J N 4 1104 28 2 3457 72 1 217
K 0 0 43
A D 3 96
J N 4 1134 28 2 4033 72 1 217
K 0 0 43
A D 3 96
H 217 B -57 0 108 4 222 111 111 333
J N 4 1164 42 2 4609 72 1 218
K 0 0 43
A D 3 96
J N 4 1194 42 2 5185 72 1 218
K 0 0 43
A D 3 96
J N 4 1224 42 2 5761 72 1 218
K 0 0 43
A D 3 96
J N 4 1254 42 2 6337 72 1 218
K 0 0 43
A D 3 96
H 218 B 57 0 108 4 222 111 111 333
J B 190 1281 1 82 6913 72 0
J N 4 1302 28 2 1 0 1 219
K 0 0 43
A D 3 96
J N 4 1331 28 2 577 72 1 219
K 0 0 43
A D 3 96
J N 4 1360 28 2 1153 72 1 219
K 0 0 43
A D 3 96
J N 4 1389 28 2 1729 72 1 219
K 0 0 43
A D 3 96
H 219 B -57 0 108 4 222 111 111 333
J N 4 1430 35 2 2305 72 1 220
K 0 0 43
A D 3 96
J N 4 1459 35 2 2881 72 1 220
K 0 0 43
A D 3 96
J N 4 1488 35 2 3457 72 1 220
K 0 0 43
A D 3 96
J N 4 1517 35 2 4033 72 1 220
K 0 0 43
A D 3 96
H 220 B 64 0 108 4 222 111 111 333
J N 4 1546 49 2 4609 72 1 221
K 0 0 43
A D 3 96
J N 4 1575 49 2 5185 72 1 221
K 0 0 43
A D 3 96
J N 4 1604 49 2 5761 72 1 221
K 0 0 43
A D 3 96
J N 4 1633 49 2 6337 72 1 221
K 0 0 43
A D 3 96
H 221 B 64 0 108 4 222 111 111 333
J B 191 1660 1 82 6913 72 0
J N 4 1681 70 5 1 0 1 222
K 1 0 45
K 0 0 43
K -1 0 45
K 2 0 45
A D 3 96
J N 4 1721 77 6 577 72 1 222
K 1 -7 45
K -14 0 64
K 0 0 43
K 0 -7 45
K 1 -7 45
A D 3 96
J N 4 1750 70 5 1153 72 1 222
K 1 0 45
K 0 0 43
K -1 0 45
K 2 0 45
A D 3 96
J N 4 1779 63 2 1729 72 1 222
K 0 0 43
A D 3 96
H 222 B 56 -1 108 4 222 111 111 333
J N 4 1808 56 2 2305 72 1 223
K 0 0 43
A D 3 96
J N 4 1837 49 2 2881 72 1 223
K 0 0 43
A D 3 96
J N 4 1866 42 2 3457 72 1 223
K 0 0 43
A D 3 96
J N 4 1895 35 2 4033 72 1 223
K 0 0 43
A D 3 96
H 223 B 70 -4 108 4 222 111 111 333
J N 4 1936 28 3 4609 72 1 224
K -15 0 65
K 0 0 43
A D 3 96
J N 4 1965 21 2 5185 72 1 224
K 0 0 43
A D 3 96
J N 4 1994 14 2 5761 72 1 224
K 0 0 43
A D 3 96
J N 4 2023 7 2 6337 72 1 224
K 0 0 43
A D 3 96
H 224 B -53 -4 108 4 222 111 111 333
J B 192 2050 1 82 6913 72 0
E *
L 1870 0 0 352 352 * 0 14 0
J C 22 5 14 36 6913 0 0
J K -4 57 0 4 6913 0 0
K 0 42 65
K 13 21 65
K 26 49 65
K 39 28 65
J D 0 77 -14 1 6913 0 0
W 0 0 0 \01\08\07
J N 4 152 42 2 1 0 1 116
K 0 0 43
A D 3 96
J N 4 182 42 2 577 72 1 116
K 0 0 43
A D 3 96
J N 4 212 42 2 1153 72 1 116
K 0 0 43
A D 3 96
J N 4 242 42 2 1729 72 1 116
K 0 0 43
A D 3 96
H 116 B 57 0 108 4 222 111 111 333
J N 4 272 56 2 2305 72 1 117
K 0 0 43
A D 3 96
J N 4 302 56 2 2881 72 1 117
K 0 0 43
A D 3 96
J N 4 332 56 2 3457 72 1 117
K 0 0 43
A D 3 96
J N 4 362 56 2 4033 72 1 117
K 0 0 43
A D 3 96
H 117 B 57 0 108 4 222 111 111 333
J N 4 392 42 2 4609 72 1 118
K 0 0 43
A D 3 96
J N 4 422 42 2 5185 72 1 118
K 0 0 43
A D 3 96
J N 4 452 42 2 5761 72 1 118
K 0 0 43
A D 3 96
J N 4 482 42 2 6337 72 1 118
K 0 0 43
A D 3 96
H 118 B 57 0 108 4 222 111 111 333
J B 188 509 1 82 6913 72 0
J N 4 532 35 2 1 0 1 119
K 0 0 43
A D 3 96
J N 4 572 35 2 577 72 1 119
K 0 0 43
A D 3 96
J N 4 602 35 2 1153 72 1 119
K 0 0 43
A D 3 96
J N 4 632 35 2 1729 72 1 119
K 0 0 43
A D 3 96
H 119 B 64 0 108 4 222 111 111 333
J N 4 662 35 2 2305 72 1 120
K 0 0 43
A D 3 96
J N 4 692 35 2 2881 72 1 120
K 0 0 43
A D 3 96
J N 4 722 35 2 3457 72 1 120
K 0 0 43
A D 3 96
J N 4 752 35 2 4033 72 1 120
K 0 0 43
A D 3 96
H 120 B 64 0 108 4 222 111 111 333
J N 4 782 35 2 4609 72 1 121
K 0 0 43
A D 3 96
J N 4 812 35 2 5185 72 1 121
K 0 0 43
A D 3 96
J N 4 842 35 2 5761 72 1 121
K 0 0 43
A D 3 96
J N 4 872 35 2 6337 72 1 121
K 0 0 43
A D 3 96
H 121 B 64 0 108 4 222 111 111 333
J B 189 899 1 82 6913 72 0
J N 4 924 21 3 1 0 1 122
K -15 0 65
K 0 0 43
A D 3 96
J N 4 954 21 2 577 72 1 122
K 0 0 43
A D 3 96
J N 4 984 21 2 1153 72 1 122
K 0 0 43
A D 3 96
J N 4 1014 21 2 1729 72 1 122
K 0 0 43
A D 3 96
H 122 B -64 0 108 4 222 111 111 333
J N 4 1044 28 2 2305 72 1 123
K 0 0 43
A D 3 96
J N 4 1074 28 2 2881 72 1 123
K 0 0 43
A D 3 96
J N 4 1104 28 2 3457 72 1 123
K 0 0 43
A D 3 96
J N 4 1134 28 2 4033 72 1 123
K 0 0 43
A D 3 96
H 123 B -57 0 108 4 222 111 111 333
J N 4 1164 42 2 4609 72 1 124
K 0 0 43
A D 3 96
J N 4 1194 42 2 5185 72 1 124
K 0 0 43
A D 3 96
J N 4 1224 42 2 5761 72 1 124
K 0 0 43
A D 3 96
J N 4 1254 42 2 6337 72 1 124
K 0 0 43
A D 3 96
H 124 B 57 0 108 4 222 111 111 333
J B 190 1281 1 82 6913 72 0
J N 4 1302 28 2 1 0 1 125
K 0 0 43
A D 3 96
J N 4 1331 28 2 577 72 1 125
K 0 0 43
A D 3 96
J N 4 1360 28 2 1153 72 1 125
K 0 0 43
A D 3 96
J N 4 1389 28 2 1729 72 1 125
K 0 0 43
A D 3 96
H 125 B -57 0 108 4 222 111 111 333
J N 4 1430 35 2 2305 72 1 126
K 0 0 43
A D 3 96
J N 4 1459 35 2 2881 72 1 126
K 0 0 43
A D 3 96
J N 4 1488 35 2 3457 72 1 126
K 0 0 43
A D 3 96
J N 4 1517 35 2 4033 72 1 126
K 0 0 43
A D 3 96
H 126 B 64 0 108 4 222 111 111 333
J N 4 1546 49 2 4609 72 1 127
K 0 0 43
A D 3 96
J N 4 1575 49 2 5185 72 1 127
K 0 0 43
A D 3 96
J N 4 1604 49 2 5761 72 1 127
K 0 0 43
A D 3 96
J N 4 1633 49 2 6337 72 1 127
K 0 0 43
A D 3 96
H 127 B 64 0 108 4 222 111 111 333
J B 191 1660 1 82 6913 72 0
J N 4 1681 70 5 1 0 1 128
K 1 0 45
K 0 0 43
K -1 0 45
K 2 0 45
A D 3 96
J N 4 1721 77 6 577 72 1 128
K 1 -7 45
K -14 0 64
K 0 0 43
K 0 -7 45
K 1 -7 45
A D 3 96
J N 4 1750 70 5 1153 72 1 128
K 1 0 45
K 0 0 43
K -1 0 45
K 2 0 45
A D 3 96
J N 4 1779 63 2 1729 72 1 128
K 0 0 43
A D 3 96
H 128 B 56 -1 108 4 222 111 111 333
J N 4 1808 56 2 2305 72 1 129
K 0 0 43
A D 3 96
J N 4 1837 49 2 2881 72 1 129
K 0 0 43
A D 3 96
J N 4 1866 42 2 3457 72 1 129
K 0 0 43
A D 3 96
J N 4 1895 35 2 4033 72 1 129
K 0 0 43
A D 3 96
H 129 B 70 -4 108 4 222 111 111 333
J N 4 1936 28 3 4609 72 1 130
K -15 0 65
K 0 0 43
A D 3 96
J N 4 1965 21 2 5185 72 1 130
K 0 0 43
A D 3 96
J N 4 1994 14 2 5761 72 1 130
K 0 0 43
A D 3 96
J N 4 2023 7 2 6337 72 1 130
K 0 0 43
A D 3 96
H 130 B -53 -4 108 4 222 111 111 333
J B 192 2050 1 82 6913 72 0
E *
B 1 509 0
B 1 899 0
B 1 1281 0
B 1 1660 0
B 1 2050 0
