@ SOURCE: {beet/bhl/orch/sym9/stage2/04g/s02} DEC/30/2005 [md5sum:6317cc879f410522a2c8ed6d8849cb9f]
L 0 0 14 !39Flauti 1, 2
J D 4 500 -120 1 6913 0 0
W 0 0 44 Fourth Movement:  Part 7 (Soli + Chorus)
J D 1 75 -37 1 6913 0 0
W 0 -56 44 Fourth Movement:  Part 7 (Soli + Chorus):  Flauti 1, 2
J C 4 5 42 2 6913 0 0
K 0 0 33
K 0 0 34
J K 2 57 0 2 6913 0 0
K 0 0 63
K 15 21 63
J T 0 103 42 1 6913 0 0
K 0 0 38
Y P 31 Fl_1-2
J D 0 151 0 1 1 0 0
W 0 -77 0 Allegro ma non tanto. (\0& = 120.)
J R 9 151 28 2 1 10000 0
K 0 0 46
A D 8 8 0
A P 3 0 0
J B 2 256 1 82 6913 2304 0
J R 9 277 28 2 1 10001 0
K 0 0 46
A D 8 8 0
A P 3 0 0
J B 3 382 1 82 6913 2304 0
J R 8 403 28 2 1 0 0
K 0 0 47
A D 4 8 0
A P 1 0 0
J D 0 410 0 1 3457 1152 0
W 0 -49 32 1.
J N 6 445 -56 10 3457 0 1 1
K 0 42 45
K 0 28 45
K 0 14 45
K 0 0 45
K 0 0 43
K -1 0 45
K 2 0 45
K 0 137 108
K 23 137 108
A D 1 8 0
A P 1 266 0
J N 6 468 -49 7 4321 288 1 1
K 0 35 45
K 0 21 45
K 0 7 45
K 0 0 43
K 0 7 45
K 1 7 45
A D 1 8 0
A P 1 261 0
J N 6 491 -42 7 5185 288 1 1
K 0 28 45
K 0 14 45
K 0 0 45
K 0 0 43
K -1 0 45
K 2 0 45
A D 1 8 0
A P 1 255 0
J N 6 514 -35 6 6049 288 1 1
K 0 21 45
K 0 7 45
K 0 0 43
K 0 7 45
K 1 7 45
A D 1 8 0
A P 1 249 0
H 1 B 1 0 108 4 2 1 1 3
J B 4 541 1 82 6913 288 0
J N 6 562 -28 6 1 0 1 2
K 0 14 45
K 0 0 45
K 0 0 43
K -1 0 45
K 2 0 45
A D 1 8 0
A P 1 244 0
J N 6 588 -35 6 865 288 1 2
K 0 21 45
K 0 7 45
K 0 0 43
K 0 7 45
K 1 7 45
A D 1 8 0
A P 1 249 0
J N 6 614 -42 7 1729 288 1 2
K 0 28 45
K 0 14 45
K 0 0 45
K 0 0 43
K -1 0 45
K 2 0 45
A D 1 8 0
A P 1 255 0
J N 6 640 -49 7 2593 288 1 2
K 0 35 45
K 0 21 45
K 0 7 45
K 0 0 43
K 0 7 45
K 1 7 45
A D 1 8 0
A P 1 261 0
H 2 B 1 0 108 4 2 1 1 3
J N 6 666 -56 8 3457 288 1 3
K 0 42 45
K 0 28 45
K 0 14 45
K 0 0 45
K 0 0 43
K -1 0 45
K 2 0 45
A D 1 8 0
A P 1 266 0
J N 6 692 -63 8 4321 288 1 3
K 0 49 45
K 0 35 45
K 0 21 45
K 0 7 45
K 0 0 43
K 0 7 45
K 1 7 45
A D 1 8 0
A P 1 272 0
J N 6 718 -63 8 5185 288 1 3
K 0 49 45
K 0 35 45
K 0 21 45
K 0 7 45
K 0 0 43
K 0 7 45
K 1 7 45
A D 1 8 0
A P 1 272 0
J N 6 744 -63 8 6049 288 1 3
K 0 49 45
K 0 35 45
K 0 21 45
K 0 7 45
K 0 0 43
K 0 7 45
K 1 7 45
A D 1 8 0
A P 1 272 0
H 3 B 1 0 108 4 2 1 1 3
J B 5 771 1 82 6913 288 0
J N 7 792 -35 9 1 0 0
K 0 21 45
K 0 7 45
K 0 0 43
K 0 7 45
K 1 7 45
K 0 0 60
K 0 28 60
K 0 35 60
A D 2 8 0
A P 1 249 0
J R 7 822 28 2 1729 576 0
K 0 0 48
A D 2 8 1
A P 1 0 1
J R 8 852 28 2 3457 576 0
K 0 0 47
A D 4 8 0
A P 1 0 0
J B 6 898 1 82 6913 1152 0
J R 9 919 28 2 1 10001 0
K 0 0 46
A D 8 8 0
A P 3 0 0
J B 7 1024 1 82 6913 2304 0
J R 9 1045 28 2 1 10001 0
K 0 0 46
A D 8 8 0
A P 3 0 0
J B 8 1150 1 82 6913 2304 0
J D 0 1157 0 1 1 0 0
W 0 -42 32 1.
J N 8 1171 -14 8 1 0 1 4
K 0 0 45
K 0 0 42
K -1 0 45
K 2 0 45
K 0 95 108
K 0 0 60
K 0 21 60
A D 4 8 1
A P 1 232 1
J N 6 1213 -14 5 3457 1152 3 5 6 4
K 0 0 45
K 0 0 43
K -1 0 45
K 2 0 45
A D 1 8 0
A P 1 232 0
H 4 T -14 0 0 0 0 0 5 0
J N 6 1239 -21 5 4321 288 1 6
K 0 7 45
K 0 0 43
K 0 7 45
K 1 7 45
A D 1 8 0
A P 1 238 0
J N 6 1265 -28 6 5185 288 1 6
K 0 14 45
K 0 0 45
K 0 0 43
K -1 0 45
K 2 0 45
A D 1 8 0
A P 1 244 0
J N 6 1288 -14 5 6049 288 1 6
K 0 0 45
K 0 0 43
K -1 0 45
K 2 0 45
A D 1 8 0
A P 1 232 0
H 6 B 1 0 108 4 2 1 1 3
J B 9 1315 1 82 6913 288 0
J N 7 1336 -35 9 1 0 1 5
K 0 21 45
K 0 7 45
K 0 0 43
K 0 7 45
K 1 7 45
K 0 0 60
K 0 28 60
K 0 35 60
A D 2 8 0
A P 1 249 0
H 5 S 0 0 0 0 0 0 0 0 0
J R 7 1366 28 2 1729 576 0
K 0 0 48
A D 2 8 1
A P 1 0 1
J R 8 1396 28 2 3457 576 0
K 0 0 47
A D 4 8 0
A P 1 0 0
J B 10 1442 1 82 6913 1152 0
J R 9 1463 28 2 1 10001 0
K 0 0 46
A D 8 8 0
A P 3 0 0
J B 11 1568 1 82 6913 2304 0
J D 0 1554 0 1 1 0 0
W 0 -49 32 1.
J N 6 1589 -35 8 1 0 1 7
K 0 21 45
K 0 7 45
K 0 0 43
K 0 7 45
K 1 7 45
K 0 116 108
K 23 116 108
A D 1 8 0
A P 1 249 0
J N 6 1615 -42 7 865 288 1 7
K 0 28 45
K 0 14 45
K 0 0 45
K 0 0 43
K -1 0 45
K 2 0 45
A D 1 8 0
A P 1 255 0
J N 6 1641 -49 7 1729 288 1 7
K 0 35 45
K 0 21 45
K 0 7 45
K 0 0 43
K 0 7 45
K 1 7 45
A D 1 8 0
A P 1 261 0
J N 6 1667 -49 7 2593 288 1 7
K 0 35 45
K 0 21 45
K 0 7 45
K 0 0 43
K 0 7 45
K 1 7 45
A D 1 8 0
A P 1 261 0
H 7 B 1 0 108 4 2 1 1 3
J N 6 1693 -49 7 3457 288 1 8
K 0 35 45
K 0 21 45
K 0 7 45
K 0 0 43
K 0 7 45
K 1 7 45
A D 1 8 0
A P 1 261 0
J N 6 1716 -42 7 4321 288 1 8
K 0 28 45
K 0 14 45
K 0 0 45
K 0 0 43
K -1 0 45
K 2 0 45
A D 1 8 0
A P 1 255 0
J N 6 1739 -35 6 5185 288 1 8
K 0 21 45
K 0 7 45
K 0 0 43
K 0 7 45
K 1 7 45
A D 1 8 0
A P 1 249 0
J N 6 1762 -28 6 6049 288 1 8
K 0 14 45
K 0 0 45
K 0 0 43
K -1 0 45
K 2 0 45
A D 1 8 0
A P 1 244 0
H 8 B 1 0 108 4 2 1 1 3
J B 12 1789 1 82 6913 288 0
J N 6 1810 -21 5 1 0 1 9
K 0 7 45
K 0 0 43
K 0 7 45
K 1 7 45
A D 1 8 0
A P 1 238 0
J N 6 1836 -28 6 865 288 1 9
K 0 14 45
K 0 0 45
K 0 0 43
K -1 0 45
K 2 0 45
A D 1 8 0
A P 1 244 0
J N 6 1862 -35 6 1729 288 1 9
K 0 21 45
K 0 7 45
K 0 0 43
K 0 7 45
K 1 7 45
A D 1 8 0
A P 1 249 0
J N 6 1888 -35 6 2593 288 1 9
K 0 21 45
K 0 7 45
K 0 0 43
K 0 7 45
K 1 7 45
A D 1 8 0
A P 1 249 0
H 9 B 1 0 108 4 2 1 1 3
J N 6 1914 -35 6 3457 288 1 10
K 0 21 45
K 0 7 45
K 0 0 43
K 0 7 45
K 1 7 45
A D 1 8 0
A P 1 249 0
J N 6 1937 -28 6 4321 288 1 10
K 0 14 45
K 0 0 45
K 0 0 43
K -1 0 45
K 2 0 45
A D 1 8 0
A P 1 244 0
J N 6 1960 -21 5 5185 288 1 10
K 0 7 45
K 0 0 43
K 0 7 45
K 1 7 45
A D 1 8 0
A P 1 238 0
J N 6 1983 -14 5 6049 288 1 10
K 0 0 45
K 0 0 43
K -1 0 45
K 2 0 45
A D 1 8 0
A P 1 232 0
H 10 B 1 0 108 4 2 1 1 3
J B 13 2010 1 82 6913 288 0
J N 6 2037 -7 3 1 0 1 11
K -18 0 63
K 0 0 43
A D 1 8 0
A P 1 227 0
J N 6 2063 -14 5 865 288 1 11
K 0 0 45
K 0 0 43
K -1 0 45
K 2 0 45
A D 1 8 0
A P 1 232 0
J N 6 2089 -21 5 1729 288 1 11
K 0 7 45
K 0 0 43
K 0 7 45
K 1 7 45
A D 1 8 0
A P 1 238 0
J N 6 2115 -21 5 2593 288 1 11
K 0 7 45
K 0 0 43
K 0 7 45
K 1 7 45
A D 1 8 0
A P 1 238 0
H 11 B 1 0 108 4 2 1 1 3
J N 6 2141 -21 5 3457 288 1 12
K 0 7 45
K 0 0 43
K 0 7 45
K 1 7 45
A D 1 8 0
A P 1 238 0
J N 6 2164 -14 5 4321 288 1 12
K 0 0 45
K 0 0 43
K -1 0 45
K 2 0 45
A D 1 8 0
A P 1 232 0
J N 6 2187 -7 2 5185 288 1 12
K 0 0 43
A D 1 8 0
A P 1 227 0
J N 6 2210 0 2 6049 288 1 12
K 0 0 43
A D 1 8 0
A P 1 221 0
H 12 B 1 0 108 4 2 1 1 3
J B 14 2237 1 82 6913 288 0
J N 6 2264 -7 3 1 0 1 13
K -18 0 63
K 0 0 43
A D 1 8 0
A P 1 227 0
J N 6 2290 -14 5 865 288 1 13
K 0 0 45
K 0 0 43
K -1 0 45
K 2 0 45
A D 1 8 0
A P 1 232 0
J N 6 2316 -21 5 1729 288 1 13
K 0 7 45
K 0 0 43
K 0 7 45
K 1 7 45
A D 1 8 0
A P 1 238 0
J N 6 2342 -28 6 2593 288 1 13
K 0 14 45
K 0 0 45
K 0 0 43
K -1 0 45
K 2 0 45
A D 1 8 0
A P 1 244 0
H 13 B 1 0 108 4 2 1 1 3
J N 6 2368 -35 6 3457 288 1 14
K 0 21 45
K 0 7 45
K 0 0 43
K 0 7 45
K 1 7 45
A D 1 8 0
A P 1 249 0
J N 6 2394 -42 7 4321 288 1 14
K 0 28 45
K 0 14 45
K 0 0 45
K 0 0 43
K -1 0 45
K 2 0 45
A D 1 8 0
A P 1 255 0
J N 6 2420 -49 7 5185 288 1 14
K 0 35 45
K 0 21 45
K 0 7 45
K 0 0 43
K 0 7 45
K 1 7 45
A D 1 8 0
A P 1 261 0
J N 6 2464 -56 9 6049 288 1 14
K 0 42 45
K 0 28 45
K 0 14 45
K 0 0 45
K -18 0 63
K 0 0 43
K -1 0 45
K 2 0 45
A D 1 8 0
A P 1 267 0
H 14 B 1 0 108 4 2 1 1 3
J B 15 2491 1 82 6913 288 0
J N 7 2512 -63 12 1 0 0
K 0 49 45
K 0 35 45
K 0 21 45
K 0 7 45
K 0 0 43
K 0 7 45
K 1 7 45
K 0 0 60
K 0 28 60
K 0 56 60
K 0 63 60
A D 2 8 0
A P 1 272 0
J R 7 2542 28 2 1729 576 0
K 0 0 48
A D 2 8 1
A P 1 0 1
J R 8 2572 28 2 3457 576 0
K 0 0 47
A D 4 8 0
A P 1 0 0
J B 16 2618 1 82 6913 1152 0
J R 9 2639 28 2 1 10001 0
K 0 0 46
A D 8 8 0
A P 3 0 0
J B 17 2744 1 82 6913 2304 0
J R 9 2765 28 2 1 10001 0
K 0 0 46
A D 8 8 0
A P 3 0 0
J B 18 2870 1 82 6913 2304 0
J R 9 2891 28 2 1 10001 0
K 0 0 46
A D 8 8 0
A P 3 0 0
J B 19 2996 1 82 6913 2304 0
J R 9 3017 28 2 1 10001 0
K 0 0 46
A D 8 8 0
A P 3 0 0
J B 20 3122 1 82 6913 2304 0
J D 0 3132 0 1 1 0 0
W 0 -39 32 1.
J N 8 3143 -14 9 1 0 1 15
K 0 0 45
K 0 0 42
K -1 0 45
K 2 0 45
K 0 93 108
K 23 93 108
K 0 0 60
K 0 21 60
A D 4 8 1
A P 1 232 1
J N 6 3185 -14 5 3457 1152 3 16 17 15
K 0 0 45
K 0 0 43
K -1 0 45
K 2 0 45
A D 1 8 0
A P 1 232 0
H 15 T -14 0 0 0 0 0 5 0
J N 6 3211 -21 5 4321 288 1 17
K 0 7 45
K 0 0 43
K 0 7 45
K 1 7 45
A D 1 8 0
A P 1 238 0
J N 6 3237 -28 6 5185 288 1 17
K 0 14 45
K 0 0 45
K 0 0 43
K -1 0 45
K 2 0 45
A D 1 8 0
A P 1 244 0
J N 6 3260 -14 5 6049 288 2 17 16
K 0 0 45
K 0 0 43
K -1 0 45
K 2 0 45
A D 1 8 0
A P 1 232 0
H 17 B 1 0 108 4 2 1 1 3
H 16 S 0 0 -7 0 -7 0 0 0 0
J B 21 3287 1 82 6913 288 0
J N 7 3308 -42 10 1 0 0
K 0 28 45
K 0 14 45
K 0 0 45
K 0 0 43
K -1 0 45
K 2 0 45
K 0 0 60
K 0 28 60
K 0 42 60
A D 2 8 0
A P 1 255 0
J R 7 3338 28 2 1729 576 0
K 0 0 48
A D 2 8 0
A P 1 0 0
J N 7 3368 -35 10 3457 576 0
K 0 21 45
K 0 7 45
K 0 0 43
K 0 7 45
K 1 7 45
K 0 -17 96
K 0 0 60
K 0 28 60
K 0 35 60
A D 2 8 0
A P 1 249 0
J N 7 3398 -35 10 5185 576 0
K 0 21 45
K 0 7 45
K 0 0 43
K 0 7 45
K 1 7 45
K 0 -17 96
K 0 0 60
K 0 28 60
K 0 35 60
A D 2 8 0
A P 1 249 0
J B 22 3432 1 82 6913 576 0
J N 7 3453 -56 11 1 0 0
K 0 42 45
K 0 28 45
K 0 14 45
K 0 0 45
K 0 0 43
K -1 0 45
K 2 0 45
K 0 0 60
K 0 28 60
K 0 56 60
A D 2 8 0
A P 1 266 0
J R 7 3483 28 2 1729 576 0
K 0 0 48
A D 2 8 0
A P 1 0 0
J N 7 3513 -49 11 3457 576 0
K 0 35 45
K 0 21 45
K 0 7 45
K 0 0 43
K 0 7 45
K 1 7 45
K 0 -17 96
K 0 0 60
K 0 28 60
K 0 49 60
A D 2 8 0
A P 1 261 0
J N 7 3543 -49 11 5185 576 0
K 0 35 45
K 0 21 45
K 0 7 45
K 0 0 43
K 0 7 45
K 1 7 45
K 0 -17 96
K 0 0 60
K 0 28 60
K 0 49 60
A D 2 8 0
A P 1 261 0
J B 23 3577 1 82 6913 576 0
J R 7 3598 28 2 1 0 0
K 0 0 48
A D 2 8 0
A P 1 0 0
J N 7 3628 -42 10 1729 576 1 18
K 0 28 45
K 0 14 45
K 0 0 45
K 0 0 43
K -1 0 45
K 2 0 45
K 0 0 60
K 0 28 60
K 0 42 60
A D 2 8 0
A P 1 255 0
J N 7 3658 -35 9 3457 576 1 18
K 0 21 45
K 0 7 45
K 0 0 43
K 0 7 45
K 1 7 45
K 0 0 60
K 0 28 60
K 0 35 60
A D 2 8 0
A P 1 249 0
H 18 S 0 0 0 0 0 0 0 0 0
J R 7 3688 28 2 5185 576 0
K 0 0 48
A D 2 8 0
A P 1 0 0
J B 24 3722 1 82 6913 576 0
J R 7 3743 28 2 1 0 0
K 0 0 48
A D 2 8 0
A P 1 0 0
J N 7 3773 -56 11 1729 576 1 19
K 0 42 45
K 0 28 45
K 0 14 45
K 0 0 45
K 0 0 43
K -1 0 45
K 2 0 45
K 0 0 60
K 0 28 60
K 0 56 60
A D 2 8 0
A P 1 266 0
J N 7 3803 -14 7 3457 576 0
K 0 0 45
K 0 0 43
K -1 0 45
K 2 0 45
K 0 0 60
K 0 21 60
A D 2 8 0
A P 1 232 0
J N 7 3833 -49 10 5185 576 1 19
K 0 35 45
K 0 21 45
K 0 7 45
K 0 0 43
K 0 7 45
K 1 7 45
K 0 0 60
K 0 28 60
K 0 49 60
A D 2 8 0
A P 1 261 0
H 19 S 0 0 0 0 0 0 0 0 0
J B 25 3867 1 82 6913 576 0
J R 7 3888 28 2 1 0 0
K 0 0 48
A D 2 8 0
A P 1 0 0
J D 0 3918 0 1 1729 576 0
W 0 89 36 cresc. poco a poco
J N 7 3918 -28 8 1729 0 1 20
K 0 14 45
K 0 0 45
K 0 0 43
K -1 0 45
K 2 0 45
K 0 0 60
K 0 28 60
A D 2 8 0
A P 1 244 0
J N 7 3948 -35 9 3457 576 1 20
K 0 21 45
K 0 7 45
K 0 0 43
K 0 7 45
K 1 7 45
K 0 0 60
K 0 28 60
K 0 35 60
A D 2 8 0
A P 1 249 0
H 20 S 0 0 0 0 0 0 0 0 0
J R 7 3978 28 2 5185 576 0
K 0 0 48
A D 2 8 0
A P 1 0 0
J B 26 4012 1 82 6913 576 0
J R 7 4033 28 2 1 0 0
K 0 0 48
A D 2 8 0
A P 1 0 0
J N 7 4063 -28 8 1729 576 1 21
K 0 14 45
K 0 0 45
K 0 0 43
K -1 0 45
K 2 0 45
K 0 0 60
K 0 28 60
A D 2 8 0
A P 1 244 0
J N 7 4093 -35 9 3457 576 1 21
K 0 21 45
K 0 7 45
K 0 0 43
K 0 7 45
K 1 7 45
K 0 0 60
K 0 28 60
K 0 35 60
A D 2 8 0
A P 1 249 0
H 21 S 0 0 0 0 0 0 0 0 0
J R 7 4123 28 2 5185 576 0
K 0 0 48
A D 2 8 0
A P 1 0 0
J B 27 4157 1 82 6913 576 0
J R 7 4178 28 2 1 0 0
K 0 0 48
A D 2 8 0
A P 1 0 0
J N 7 4208 -28 8 1729 576 1 22
K 0 14 45
K 0 0 45
K 0 0 43
K -1 0 45
K 2 0 45
K 0 0 60
K 0 28 60
A D 2 8 0
A P 1 244 0
J N 7 4238 -35 9 3457 576 1 22
K 0 21 45
K 0 7 45
K 0 0 43
K 0 7 45
K 1 7 45
K 0 0 60
K 0 28 60
K 0 35 60
A D 2 8 0
A P 1 249 0
H 22 S 0 0 0 0 0 0 0 0 0
J R 7 4268 28 2 5185 576 0
K 0 0 48
A D 2 8 0
A P 1 0 0
J B 28 4302 1 82 6913 576 0
J R 7 4323 28 2 1 0 0
K 0 0 48
A D 2 8 0
A P 1 0 0
J N 7 4353 -28 8 1729 576 1 23
K 0 14 45
K 0 0 45
K 0 0 43
K -1 0 45
K 2 0 45
K 0 0 60
K 0 28 60
A D 2 8 0
A P 1 244 0
J N 7 4383 -35 9 3457 576 1 23
K 0 21 45
K 0 7 45
K 0 0 43
K 0 7 45
K 1 7 45
K 0 0 60
K 0 28 60
K 0 35 60
A D 2 8 0
A P 1 249 0
H 23 S 0 0 0 0 0 0 0 0 0
J R 7 4413 28 2 5185 576 0
K 0 0 48
A D 2 8 0
A P 1 0 0
J B 29 4447 1 82 6913 576 0
J R 7 4468 28 2 1 0 0
K 0 0 48
A D 2 8 0
A P 1 0 0
J N 7 4498 -42 10 1729 576 1 24
K 0 28 45
K 0 14 45
K 0 0 45
K 0 0 43
K -1 0 45
K 2 0 45
K 0 0 60
K 0 28 60
K 0 42 60
A D 2 8 0
A P 1 255 0
J N 7 4528 -35 9 3457 576 1 24
K 0 21 45
K 0 7 45
K 0 0 43
K 0 7 45
K 1 7 45
K 0 0 60
K 0 28 60
K 0 35 60
A D 2 8 0
A P 1 249 0
H 24 S 0 0 0 0 0 0 0 0 0
J R 7 4558 28 2 5185 576 0
K 0 0 48
A D 2 8 0
A P 1 0 0
J B 30 4592 1 82 6913 576 0
J R 8 4613 28 2 1 0 0
K 0 0 47
A D 4 8 1
A P 1 0 1
J R 7 4655 28 2 3457 1152 0
K 0 0 48
A D 2 8 0
A P 1 0 0
J N 7 4685 -35 9 5185 576 1 25
K 0 21 45
K 0 7 45
K 0 0 43
K 0 7 45
K 1 7 45
K 0 0 60
K 0 28 60
K 0 35 60
A D 2 8 0
A P 1 249 0
J B 31 4719 1 82 6913 576 0
J N 7 4740 -42 10 1 0 1 25
K 0 28 45
K 0 14 45
K 0 0 45
K 0 0 43
K -1 0 45
K 2 0 45
K 0 0 60
K 0 28 60
K 0 42 60
A D 2 8 0
A P 1 255 0
H 25 S 0 0 0 0 0 0 0 0 0
J N 6 4770 -49 7 1729 576 2 26 27
K 0 35 45
K 0 21 45
K 0 7 45
K 0 0 43
K 0 7 45
K 1 7 45
A D 1 8 0
A P 1 261 0
J N 6 4793 -42 7 2593 288 2 27 26
K 0 28 45
K 0 14 45
K 0 0 45
K 0 0 43
K -1 0 45
K 2 0 45
A D 1 8 0
A P 1 255 0
H 27 B 1 0 108 2 2 3
H 26 S 0 0 0 0 0 0 0 0 0
J N 7 4816 -35 10 3457 288 0
K 0 21 45
K 0 7 45
K 0 0 43
K 0 7 45
K 1 7 45
K 0 -17 96
K 0 0 60
K 0 28 60
K 0 35 60
A D 2 8 0
A P 1 249 0
J N 6 4846 -42 7 5185 576 2 28 29
K 0 28 45
K 0 14 45
K 0 0 45
K 0 0 43
K -1 0 45
K 2 0 45
A D 1 8 0
A P 1 255 0
J N 6 4869 -35 6 6049 288 2 29 28
K 0 21 45
K 0 7 45
K 0 0 43
K 0 7 45
K 1 7 45
A D 1 8 0
A P 1 249 0
H 29 B 1 0 108 2 2 3
H 28 S 0 0 0 0 0 0 0 0 0
J B 32 4896 1 82 6913 288 0
J N 7 4917 -56 12 1 0 0
K 0 42 45
K 0 28 45
K 0 14 45
K 0 0 45
K 0 0 43
K -1 0 45
K 2 0 45
K 0 -17 96
K 0 0 60
K 0 28 60
K 0 56 60
A D 2 8 0
A P 1 266 0
J N 6 4947 -63 8 1729 576 2 30 31
K 0 49 45
K 0 35 45
K 0 21 45
K 0 7 45
K 0 0 43
K 0 7 45
K 1 7 45
A D 1 8 0
A P 1 272 0
J N 6 4970 -56 8 2593 288 2 31 30
K 0 42 45
K 0 28 45
K 0 14 45
K 0 0 45
K 0 0 43
K -1 0 45
K 2 0 45
A D 1 8 0
A P 1 266 0
H 31 B 1 0 108 2 2 3
H 30 S 0 0 0 0 0 0 0 0 0
J N 7 4993 -49 11 3457 288 0
K 0 35 45
K 0 21 45
K 0 7 45
K 0 0 43
K 0 7 45
K 1 7 45
K 0 -17 96
K 0 0 60
K 0 28 60
K 0 49 60
A D 2 8 0
A P 1 261 0
J N 6 5023 -42 7 5185 576 2 32 33
K 0 28 45
K 0 14 45
K 0 0 45
K 0 0 43
K -1 0 45
K 2 0 45
A D 1 8 0
A P 1 255 0
J N 6 5046 -35 6 6049 288 2 33 32
K 0 21 45
K 0 7 45
K 0 0 43
K 0 7 45
K 1 7 45
A D 1 8 0
A P 1 249 0
H 33 B 1 0 108 2 2 3
H 32 S 0 0 0 0 0 0 0 0 0
J B 33 5073 1 82 6913 288 0
J N 7 5094 -14 7 1 0 0
K 0 0 45
K 0 0 43
K -1 0 45
K 2 0 45
K 0 0 60
K 0 21 60
A D 2 8 0
A P 1 232 0
J N 7 5124 -28 8 1729 576 1 34
K 0 14 45
K 0 0 45
K 0 0 43
K -1 0 45
K 2 0 45
K 0 0 60
K 0 28 60
A D 2 8 0
A P 1 244 0
J N 7 5154 -35 9 3457 576 1 34
K 0 21 45
K 0 7 45
K 0 0 43
K 0 7 45
K 1 7 45
K 0 0 60
K 0 28 60
K 0 35 60
A D 2 8 0
A P 1 249 0
H 34 S 0 0 0 0 0 0 0 0 0
J R 7 5184 28 2 5185 576 0
K 0 0 48
A D 2 8 0
A P 1 0 0
J B 34 5218 1 82 6913 576 0
J R 7 5239 28 2 1 0 0
K 0 0 48
A D 2 8 0
A P 1 0 0
J N 7 5269 -28 8 1729 576 1 35
K 0 14 45
K 0 0 45
K 0 0 43
K -1 0 45
K 2 0 45
K 0 0 60
K 0 28 60
A D 2 8 0
A P 1 244 0
J N 7 5299 -35 9 3457 576 1 35
K 0 21 45
K 0 7 45
K 0 0 43
K 0 7 45
K 1 7 45
K 0 0 60
K 0 28 60
K 0 35 60
A D 2 8 0
A P 1 249 0
H 35 S 0 0 0 0 0 0 0 0 0
J R 7 5329 28 2 5185 576 0
K 0 0 48
A D 2 8 0
A P 1 0 0
J B 35 5363 1 82 6913 576 0
J R 7 5384 28 2 1 0 0
K 0 0 48
A D 2 8 0
A P 1 0 0
J N 6 5414 -56 9 1729 576 1 36
K 0 42 45
K 0 28 45
K 0 14 45
K 0 0 45
K 0 0 43
K -1 0 45
K 2 0 45
K 0 -17 96
A D 1 8 0
A P 1 266 0
J N 6 5437 -14 6 2593 288 1 36
K 0 0 45
K 0 0 43
K -1 0 45
K 2 0 45
K 0 -17 96
A D 1 8 0
A P 1 232 0
H 36 B 1 0 108 2 2 3
J N 7 5463 -49 10 3457 288 0
K 0 35 45
K 0 21 45
K 0 7 45
K 0 0 43
K 0 7 45
K 1 7 45
K 0 0 60
K 0 28 60
K 0 49 60
A D 2 8 0
A P 1 261 0
J R 7 5493 28 2 5185 576 0
K 0 0 48
A D 2 8 0
A P 1 0 0
J B 36 5527 1 82 6913 576 0
J R 7 5548 28 2 1 0 0
K 0 0 48
A D 2 8 0
A P 1 0 0
J N 6 5578 -42 8 1729 576 1 37
K 0 28 45
K 0 14 45
K 0 0 45
K 0 0 43
K -1 0 45
K 2 0 45
K 0 -17 96
A D 1 8 0
A P 1 255 0
J N 6 5601 -14 6 2593 288 1 37
K 0 0 45
K 0 0 43
K -1 0 45
K 2 0 45
K 0 -17 96
A D 1 8 0
A P 1 232 0
H 37 B 1 0 108 2 2 3
J N 7 5627 -35 9 3457 288 0
K 0 21 45
K 0 7 45
K 0 0 43
K 0 7 45
K 1 7 45
K 0 0 60
K 0 28 60
K 0 35 60
A D 2 8 0
A P 1 249 0
J R 7 5657 28 2 5185 576 0
K 0 0 48
A D 2 8 0
A P 1 0 0
J B 37 5691 1 82 6913 576 0
J R 7 5712 28 2 1 0 0
K 0 0 48
A D 2 8 0
A P 1 0 0
J N 6 5742 -56 9 1729 576 1 38
K 0 42 45
K 0 28 45
K 0 14 45
K 0 0 45
K 0 0 43
K -1 0 45
K 2 0 45
K 0 -17 96
A D 1 8 0
A P 1 266 0
J N 6 5765 -14 6 2593 288 1 38
K 0 0 45
K 0 0 43
K -1 0 45
K 2 0 45
K 0 -17 96
A D 1 8 0
A P 1 232 0
H 38 B 1 0 108 2 2 3
J N 7 5791 -49 10 3457 288 0
K 0 35 45
K 0 21 45
K 0 7 45
K 0 0 43
K 0 7 45
K 1 7 45
K 0 0 60
K 0 28 60
K 0 49 60
A D 2 8 0
A P 1 261 0
J R 7 5821 28 2 5185 576 0
K 0 0 48
A D 2 8 0
A P 1 0 0
J B 38 5855 1 82 6913 576 0
J R 7 5876 28 2 1 0 0
K 0 0 48
A D 2 8 0
A P 1 0 0
J N 6 5906 -42 8 1729 576 1 39
K 0 28 45
K 0 14 45
K 0 0 45
K 0 0 43
K -1 0 45
K 2 0 45
K 0 -17 96
A D 1 8 0
A P 1 255 0
J N 6 5929 -14 6 2593 288 1 39
K 0 0 45
K 0 0 43
K -1 0 45
K 2 0 45
K 0 -17 96
A D 1 8 0
A P 1 232 0
H 39 B 1 0 108 2 2 3
J N 7 5955 -35 9 3457 288 0
K 0 21 45
K 0 7 45
K 0 0 43
K 0 7 45
K 1 7 45
K 0 0 60
K 0 28 60
K 0 35 60
A D 2 8 0
A P 1 249 0
J R 7 5985 28 2 5185 576 0
K 0 0 48
A D 2 8 0
A P 1 0 0
J B 39 6019 1 82 6913 576 0
J R 7 6040 28 2 1 0 0
K 0 0 48
A D 2 8 0
A P 1 0 0
J N 7 6070 -56 11 1729 576 0
K 1 42 45
K 1 28 45
K 1 14 45
K 1 0 45
K 0 0 43
K -1 0 45
K 2 0 45
K 0 116 110
K 0 0 59
K 0 -7 59
A D 2 8 0
A P 1 266 0
J N 7 6070 -42 10 1729 0 0
K 0 28 45
K 0 14 45
K 0 0 45
K 0 0 43
K -1 0 45
K 2 0 45
K 0 0 60
K 0 28 60
K 0 42 60
A D 2 8 0
A P 2 255 0
J D 0 6093 0 1 3457 576 0
W 0 -14 32 zu 2
J N 7 6100 28 8 3457 0 0
K 0 0 43
K 0 0 43
K 0 -21 96
K 0 68 111
K 12 68 110
K 0 0 60
K 0 21 60
A D 2 8 0
A P 1 198 0
A P 2 198 0
J N 7 6130 35 6 5185 576 0
K 0 0 43
K 0 0 43
K 0 14 96
K 0 0 59
K 0 -21 59
A D 2 8 0
A P 1 192 0
A P 2 192 0
J B 40 6164 1 82 6913 576 0
J N 7 6185 14 6 1 0 0
K 0 0 43
K 0 -21 96
K 0 74 110
K 0 0 60
K 0 21 60
A D 2 8 0
A P 3 209 0
J N 7 6215 21 5 1729 576 0
K 0 0 43
K 0 -14 96
K 0 0 60
K 0 21 60
A D 2 8 0
A P 3 204 0
J N 7 6245 0 5 3457 576 0
K 0 0 43
K 0 88 110
K 0 0 60
K 0 21 60
A D 2 8 0
A P 3 221 0
J N 7 6275 7 4 5185 576 0
K 0 0 43
K 0 0 60
K 0 21 60
A D 2 8 0
A P 3 215 0
J B 41 6309 1 82 6913 576 0
J N 7 6330 -14 8 1 0 0
K 0 0 45
K 0 0 43
K -1 0 45
K 2 0 45
K 0 88 110
K 0 0 60
K 0 21 60
A D 2 8 0
A P 3 232 0
J N 7 6360 -7 4 1729 576 0
K 0 0 43
K 0 0 60
K 0 21 60
A D 2 8 0
A P 3 226 0
J N 7 6390 -7 5 3457 576 0
K 0 0 43
K 0 81 110
K 0 0 60
K 0 21 60
A D 2 8 0
A P 3 226 0
J N 7 6420 -7 6 5185 576 0
K 0 0 43
K 0 81 110
K 19 81 110
K 0 0 60
K 0 21 60
A D 2 8 0
A P 3 226 0
J B 42 6454 1 82 6913 576 0
J N 7 6475 -35 10 1 0 0
K 0 21 45
K 0 7 45
K 0 0 43
K 0 7 45
K 1 7 45
K 0 95 110
K 0 0 60
K 0 28 60
K 0 35 60
A D 2 8 0
A P 3 249 0
J N 7 6505 -28 8 1729 576 0
K 0 14 45
K 0 0 45
K 0 0 43
K -1 0 45
K 2 0 45
K 0 0 60
K 0 28 60
A D 2 8 0
A P 3 244 0
J N 7 6535 -49 11 3457 576 0
K 0 35 45
K 0 21 45
K 0 7 45
K 0 0 43
K 0 7 45
K 1 7 45
K 0 109 110
K 0 0 60
K 0 28 60
K 0 49 60
A D 2 8 0
A P 3 261 0
J N 7 6565 -42 10 5185 576 0
K 0 28 45
K 0 14 45
K 0 0 45
K 0 0 43
K -1 0 45
K 2 0 45
K 0 0 60
K 0 28 60
K 0 42 60
A D 2 8 0
A P 3 255 0
J B 43 6599 1 82 6913 576 0
J N 7 6620 -14 16 1 0 0
K 0 0 45
K 0 -14 45
K 0 -28 45
K 0 -42 45
K 0 -49 43
K 0 -42 45
K 1 -42 45
K 0 0 43
K -1 0 45
K 2 0 45
K 0 102 110
K 0 -49 60
K 0 -21 60
K 0 0 60
K 0 21 60
A D 2 8 0
A P 1 272 0
A P 2 232 0
J N 7 6650 -7 13 1729 576 0
K 0 -7 45
K 0 -21 45
K 0 -35 45
K 0 -49 45
K 0 -49 43
K -1 -49 45
K 2 -49 45
K 0 0 43
K 0 -49 60
K 0 -21 60
K 0 0 60
K 0 21 60
A D 2 8 0
A P 1 266 0
A P 2 226 0
J D 0 6680 0 1 3457 576 0
W 0 84 1 p!36| cresc.
J N 8 6680 -42 15 3457 0 2 40 41
K 0 28 45
K 0 14 45
K 0 0 45
K 0 -14 45
K 0 -14 42
K -1 -14 45
K 2 -14 45
K 0 0 42
K -1 0 45
K 2 0 45
K 0 -14 60
K 0 0 60
K 0 28 60
K 0 42 60
A D 4 8 1
A P 1 266 1
A P 2 255 1
J B 44 6726 1 82 6913 1152 0
J N 7 6747 -42 15 1 0 2 40 41
K 0 28 45
K 0 14 45
K 0 0 45
K 0 -14 45
K 0 -14 43
K -1 -14 45
K 2 -14 45
K 0 0 43
K -1 0 45
K 2 0 45
K 0 -14 60
K 0 0 60
K 0 28 60
K 0 42 60
A D 2 8 0
A P 1 266 0
A P 2 255 0
H 40 T -56 0 0 0 0 0 5 0
H 41 T -42 0 0 0 0 0 15 0
J N 7 6777 -35 16 1729 576 2 42 43
K 0 21 45
K 0 7 45
K 0 -7 45
K 0 -14 43
K 0 -7 45
K 1 -7 45
K 0 0 43
K 0 7 45
K 1 7 45
K 0 123 110
K 19 123 110
K 0 -14 60
K 0 0 60
K 0 28 60
K 0 35 60
A D 2 8 1
A P 1 261 1
A P 2 249 1
J N 7 6807 -35 16 3457 576 3 44 42 43
K 0 21 45
K 0 7 45
K 0 -7 45
K 0 -14 43
K 0 -7 45
K 1 -7 45
K 25 -14 44
K 0 0 43
K 0 7 45
K 1 7 45
K 25 0 44
K 0 -14 60
K 0 0 60
K 0 28 60
K 0 35 60
A D 3 8 2
A P 1 261 0
A P 2 249 1
H 42 T -49 0 0 0 0 0 1 0
H 43 T -35 0 0 0 0 0 11 0
J N 6 6845 -35 13 6049 864 1 44
K 0 21 45
K 0 7 45
K 0 -7 45
K 0 -14 43
K 0 -7 45
K 1 -7 45
K 0 0 43
K 0 7 45
K 1 7 45
K 0 -14 60
K 0 0 60
K 0 14 54
A D 1 8 0
A P 1 261 0
A P 2 249 0
H 44 T -35 0 0 0 0 0 11 0
J B 45 6872 1 82 6913 288 0
J N 7 6893 0 13 1 0 0
K 0 -14 45
K 0 -28 45
K 0 -42 45
K 0 -49 43
K 0 -42 45
K 1 -42 45
K 0 0 43
K 0 88 110
K 0 -49 60
K 0 -21 60
K 0 0 60
K 0 21 60
A D 2 8 0
A P 1 261 0
A P 2 221 0
J N 7 6923 14 11 1729 576 0
K 0 -28 45
K 0 -42 45
K 0 -49 43
K 0 -42 45
K 1 -42 45
K 0 0 43
K 0 -49 60
K 0 -21 60
K 0 0 60
K 0 21 60
A D 2 8 0
A P 1 249 0
A P 2 209 0
J N 7 6953 14 13 3457 576 0
K 0 -28 45
K 0 -42 45
K 0 -49 43
K 0 -42 45
K 1 -42 45
K 25 -49 44
K 0 0 43
K 24 -6 44
K 0 -49 60
K 0 -21 60
K 0 0 60
K 0 21 60
A D 3 8 0
A P 1 249 0
A P 2 209 0
J N 6 6990 14 10 6049 864 0
K 0 -28 45
K 0 -42 45
K 0 -49 43
K 0 -42 45
K 1 -42 45
K 0 0 43
K 0 -49 60
K 0 -21 60
K 0 0 54
A D 1 8 0
A P 1 249 0
A P 2 209 0
J B 46 7017 1 82 6913 288 0
J N 7 7038 14 12 1 0 0
K 0 -28 45
K 0 -42 45
K 0 -49 43
K 0 -42 45
K 1 -42 45
K 0 0 43
K 0 74 110
K 0 -49 60
K 0 -21 60
K 0 0 60
K 0 21 60
A D 2 8 0
A P 1 249 0
A P 2 209 0
J N 7 7068 28 10 1729 576 0
K 0 -42 45
K 0 -49 43
K 0 -42 45
K 1 -42 45
K 0 0 43
K 0 -49 60
K 0 -21 60
K 0 0 60
K 0 21 60
A D 2 8 0
A P 1 238 0
A P 2 198 0
J N 7 7098 28 12 3457 576 0
K 0 -42 45
K 0 -49 43
K 0 -42 45
K 1 -42 45
K 25 -49 44
K 0 0 43
K 24 -6 44
K 0 -49 60
K 0 -21 60
K 0 0 60
K 0 21 60
A D 3 8 0
A P 1 238 0
A P 2 198 0
J N 6 7135 28 9 6049 864 0
K 0 -42 45
K 0 -49 43
K 0 -42 45
K 1 -42 45
K 0 0 43
K 0 -49 60
K 0 -21 60
K 0 0 54
A D 1 8 0
A P 1 238 0
A P 2 198 0
J B 47 7162 1 82 6913 288 0
J N 7 7183 28 11 1 0 0
K 0 -42 45
K 0 -49 43
K 0 -42 45
K 1 -42 45
K 0 0 43
K 2 63 110
K 0 -49 60
K 0 -21 60
K 0 0 60
K 0 21 60
A D 2 8 0
A P 1 238 0
A P 2 198 0
J N 7 7213 42 7 1729 576 0
K 0 -49 43
K 0 0 43
K 0 -49 60
K 0 -21 60
K 0 0 60
K 0 14 60
A D 2 8 0
A P 1 226 0
A P 2 186 0
J N 7 7243 -7 15 3457 576 0
K 0 -7 45
K 0 -21 45
K 0 -35 45
K 0 -49 45
K 0 -49 43
K -1 -49 45
K 2 -49 45
K 24 -55 44
K 0 0 43
K 25 0 44
K 0 -49 60
K 0 -21 60
K 0 0 60
K 0 21 60
A D 3 8 0
A P 1 266 0
A P 2 226 0
J N 6 7281 -7 12 6049 864 0
K 0 -7 45
K 0 -21 45
K 0 -35 45
K 0 -49 45
K 0 -49 43
K -1 -49 45
K 2 -49 45
K 0 0 43
K 0 -49 60
K 0 -21 60
K 0 0 54
A D 1 8 0
A P 1 266 0
A P 2 226 0
J B 48 7316 5 2 6913 288 0
K -8 0 82
K 0 0 82
J D 0 7337 0 1 1 0 0
W 0 -112 37 Poco Adagio
J N 7 7337 -42 16 1 0 2 46 45
K 0 28 45
K 0 14 45
K 0 0 45
K 0 -14 45
K 0 -14 43
K -1 -14 45
K 2 -14 45
K 0 0 43
K -1 0 45
K 2 0 45
K 0 -31 96
K 0 -14 60
K 0 0 60
K 0 28 60
K 0 42 60
A D 2 8 0
A P 1 266 0
A P 2 255 0
J S 0 7371 81 108 1729 576 1 45
H 45 W 21 0 2 81 -31 81
J N 7 7367 -42 16 1729 0 0
K 0 28 45
K 0 14 45
K 0 0 45
K 0 -14 45
K 0 -14 43
K -1 -14 45
K 2 -14 45
K 0 0 43
K -1 0 45
K 2 0 45
K 0 -31 96
K 0 -14 60
K 0 0 60
K 0 28 60
K 0 42 60
A D 2 8 0
A P 1 266 0
A P 2 255 0
J D 0 7397 0 1 3457 576 0
W 0 81 36 cresc.
J N 7 7397 -42 16 3457 0 0
K 0 28 45
K 0 14 45
K 0 0 45
K 0 -14 45
K 0 -14 43
K -1 -14 45
K 2 -14 45
K 0 0 43
K -1 0 45
K 2 0 45
K 0 -31 96
K 0 -14 60
K 0 0 60
K 0 28 60
K 0 42 60
A D 2 8 0
A P 1 266 0
A P 2 255 0
J N 7 7427 -42 16 5185 576 1 46
K 0 28 45
K 0 14 45
K 0 0 45
K 0 -14 45
K 0 -14 43
K -1 -14 45
K 2 -14 45
K 0 0 43
K -1 0 45
K 2 0 45
K 0 -31 96
K 0 -14 60
K 0 0 60
K 0 28 60
K 0 42 60
A D 2 8 0
A P 1 266 0
A P 2 255 0
H 46 S 0 0 -28 0 -28 0 0 0 4
J B 49 7461 1 82 6913 576 0
J N 6 7482 -42 12 1 0 3 48 49 47
K 0 28 45
K 0 14 45
K 0 0 45
K 0 -14 45
K 0 -14 43
K -1 -14 45
K 2 -14 45
K 0 0 43
K -1 0 45
K 2 0 45
K 0 -14 60
A D 1 8 0
A P 1 266 0
A P 2 255 0
J N 6 7508 -35 11 865 288 2 49 48
K 0 21 45
K 0 7 45
K 0 -7 45
K 0 -14 43
K 0 -7 45
K 1 -7 45
K 0 0 43
K 0 7 45
K 1 7 45
K 0 -14 60
A D 1 8 0
A P 1 261 0
A P 2 249 0
H 49 B 1 0 108 2 2 3
H 48 S 0 0 -14 0 -14 0 0 0 0
J S 0 7531 86 108 1729 288 1 47
H 47 W 21 0 7 86 -45 86
J N 7 7534 -35 14 1729 0 0
K 0 21 45
K 0 7 45
K 0 -7 45
K 0 -14 43
K 0 -7 45
K 1 -7 45
K 0 0 43
K 0 7 45
K 1 7 45
K 0 -14 60
K 0 0 60
K 0 28 60
K 0 35 60
A D 2 8 0
A P 1 261 0
A P 2 249 0
J N 7 7564 -35 14 3457 576 0
K 0 21 45
K 0 7 45
K 0 -7 45
K 0 -14 43
K 0 -7 45
K 1 -7 45
K 0 0 43
K 0 7 45
K 1 7 45
K 0 -14 60
K 0 0 60
K 0 28 60
K 0 35 60
A D 2 8 0
A P 1 261 0
A P 2 249 0
J N 7 7594 -35 14 5185 576 0
K 0 21 45
K 0 7 45
K 0 -7 45
K 0 -14 43
K 0 -7 45
K 1 -7 45
K 0 0 43
K 0 7 45
K 1 7 45
K 0 -14 60
K 0 0 60
K 0 28 60
K 0 35 60
A D 2 8 0
A P 1 261 0
A P 2 249 0
J B 50 7628 1 82 6913 576 0
J N 7 7649 -21 13 1 0 0
K 0 7 45
K 0 -7 45
K 0 -21 45
K 0 -21 43
K -1 -21 45
K 2 -21 45
K 0 0 43
K 0 7 45
K 1 7 45
K 0 -21 60
K 0 0 60
K 0 21 60
A D 2 8 0
A P 1 255 0
A P 2 238 0
J N 7 7679 -21 13 1729 576 0
K 0 7 45
K 0 -7 45
K 0 -21 45
K 0 -21 43
K -1 -21 45
K 2 -21 45
K 0 0 43
K 0 7 45
K 1 7 45
K 0 -21 60
K 0 0 60
K 0 21 60
A D 2 8 0
A P 1 255 0
A P 2 238 0
J R 7 7709 28 2 3457 576 0
K 0 0 48
A D 2 8 0
A P 1 0 0
J N 7 7739 -21 13 5185 576 0
K 0 7 45
K 0 -7 45
K 0 -21 45
K 0 -21 43
K -1 -21 45
K 2 -21 45
K 0 0 43
K 0 7 45
K 1 7 45
K 0 -21 60
K 0 0 60
K 0 21 60
A D 2 8 0
A P 1 255 0
A P 2 238 0
J B 51 7773 1 82 6913 576 0
J R 7 7794 28 2 1 0 0
K 0 0 48
A D 2 8 0
A P 1 0 0
J N 7 7824 0 11 1729 576 0
K 0 -14 45
K 0 -28 45
K 0 -35 43
K 0 -28 45
K 1 -28 45
K 0 0 43
K 0 -35 60
K 0 -7 60
K 0 0 60
K 0 21 60
A D 2 8 0
A P 1 249 0
A P 2 221 0
J R 7 7854 28 2 3457 576 0
K 0 0 48
A D 2 8 0
A P 1 0 0
J N 7 7884 -28 13 5185 576 0
K 0 14 45
K 0 0 45
K 0 -14 45
K 0 -14 43
K -1 -14 45
K 2 -14 45
K 0 0 43
K -1 0 45
K 2 0 45
K 0 -14 60
K 0 0 60
K 0 28 60
A D 2 8 0
A P 1 255 0
A P 2 244 0
J B 52 7926 5 2 6913 576 0
K -8 0 82
K 0 0 82
J D 0 7947 0 1 1 0 0
W 0 -98 37 Tempo I
J N 7 7947 -28 15 1 0 0
K 0 14 45
K 0 0 45
K 0 -14 45
K 0 -14 43
K -1 -14 45
K 2 -14 45
K 0 0 43
K -1 0 45
K 2 0 45
K 0 -31 96
K 0 109 108
K 0 -14 60
K 0 0 60
K 0 28 60
A D 2 8 0
A P 1 255 0
A P 2 244 0
J N 7 7977 -28 14 1729 576 0
K 0 14 45
K 0 0 45
K 0 -14 45
K 0 -14 43
K -1 -14 45
K 2 -14 45
K 0 0 43
K -1 0 45
K 2 0 45
K 0 -31 96
K 0 -14 60
K 0 0 60
K 0 28 60
A D 2 8 0
A P 1 255 0
A P 2 244 0
J N 7 8007 -35 8 3457 576 1 50
K 1 21 45
K 1 7 45
K 0 0 43
K 0 7 45
K 1 7 45
K 0 0 59
K 0 -7 59
A D 2 8 0
A P 1 249 0
J N 7 8007 -35 9 3457 0 0
K 0 21 45
K 0 7 45
K 0 0 43
K 0 7 45
K 1 7 45
K 0 0 60
K 0 28 60
K 0 35 60
A D 2 8 0
A P 2 249 0
J N 6 8037 -28 11 5185 576 1 51
K 0 14 45
K 0 0 45
K 0 -14 45
K 0 -14 43
K -1 -14 45
K 2 -14 45
K 0 0 43
K -1 0 45
K 2 0 45
K 0 -14 60
A D 1 8 0
A P 1 255 0
A P 2 244 0
J N 6 8063 -35 11 6049 288 2 51 50
K 0 21 45
K 0 7 45
K 0 -7 45
K 0 -14 43
K 0 -7 45
K 1 -7 45
K 0 0 43
K 0 7 45
K 1 7 45
K 0 -14 60
A D 1 8 0
A P 1 261 0
A P 2 249 0
H 51 B 1 0 108 2 2 3
H 50 S 0 12 -7 0 -14 0 0 0 0
J B 53 8090 1 82 6913 288 0
J N 7 8111 -28 15 1 0 0
K 0 14 45
K 0 0 45
K 0 -14 45
K 0 -28 45
K 0 -28 43
K -1 -28 45
K 2 -28 45
K 0 0 43
K -1 0 45
K 2 0 45
K 0 -45 96
K 0 -28 60
K 0 0 60
K 0 28 60
A D 2 8 0
A P 1 266 0
A P 2 244 0
J N 7 8141 -42 16 1729 576 0
K 0 28 45
K 0 14 45
K 0 0 45
K 0 -14 45
K 0 -14 43
K -1 -14 45
K 2 -14 45
K 0 0 43
K -1 0 45
K 2 0 45
K 0 -31 96
K 0 -14 60
K 0 0 60
K 0 28 60
K 0 42 60
A D 2 8 0
A P 1 266 0
A P 2 255 0
J N 7 8171 -14 15 3457 576 0
K 0 0 45
K 0 -14 45
K 0 -28 45
K 0 -35 43
K 0 -28 45
K 1 -28 45
K 0 0 43
K -1 0 45
K 2 0 45
K 0 -52 96
K 0 -35 60
K 0 -7 60
K 0 0 60
K 0 21 60
A D 2 8 0
A P 1 261 0
A P 2 232 0
J N 7 8201 -35 15 5185 576 0
K 0 21 45
K 0 7 45
K 0 -7 45
K 0 -14 43
K 0 -7 45
K 1 -7 45
K 0 0 43
K 0 7 45
K 1 7 45
K 0 -31 96
K 0 -14 60
K 0 0 60
K 0 28 60
K 0 35 60
A D 2 8 0
A P 1 261 0
A P 2 249 0
J B 54 8235 1 82 6913 576 0
J N 7 8256 -14 14 1 0 1 52
K 0 0 45
K 0 -14 45
K 0 -28 45
K 0 -35 43
K 0 -28 45
K 1 -28 45
K 0 0 43
K -1 0 45
K 2 0 45
K 0 -35 60
K 0 -7 60
K 0 0 60
K 0 21 60
A D 2 8 0
A P 1 261 0
A P 2 232 0
J N 7 8286 -7 12 1729 576 1 52
K 0 -7 45
K 0 -21 45
K 0 -35 45
K 0 -35 43
K -1 -35 45
K 2 -35 45
K 0 0 43
K 0 -35 60
K 0 -7 60
K 0 0 60
K 0 21 60
A D 2 8 0
A P 1 255 0
A P 2 226 0
H 52 S 0 0 -35 0 -35 0 0 0 0
J N 7 8316 0 11 3457 576 1 53
K 0 -14 45
K 0 -28 45
K 0 -35 43
K 0 -28 45
K 1 -28 45
K 0 0 43
K 0 -35 60
K 0 -7 60
K 0 0 60
K 0 21 60
A D 2 8 0
A P 1 249 0
A P 2 221 0
J N 7 8346 -35 15 5185 576 1 53
K 0 21 45
K 0 7 45
K 0 -7 45
K 0 -21 45
K 0 -28 43
K 0 -21 45
K 1 -21 45
K 0 0 43
K 0 7 45
K 1 7 45
K 0 -28 60
K 0 0 60
K 0 28 60
K 0 35 60
A D 2 8 0
A P 1 272 0
A P 2 249 0
H 53 S 0 0 -35 0 -28 0 0 0 0
J B 55 8380 1 82 6913 576 0
J N 7 8401 -49 15 1 0 1 54
K 0 35 45
K 0 21 45
K 0 7 45
K 0 -7 45
K 0 -14 43
K 0 -7 45
K 1 -7 45
K 0 0 43
K 0 7 45
K 1 7 45
K 0 -14 60
K 0 0 60
K 0 28 60
K 0 49 60
A D 2 8 0
A P 1 272 0
A P 2 261 0
J N 7 8431 -42 15 1729 576 1 54
K 0 28 45
K 0 14 45
K 0 0 45
K 0 -14 45
K 0 -14 43
K -1 -14 45
K 2 -14 45
K 0 0 43
K -1 0 45
K 2 0 45
K 0 -14 60
K 0 0 60
K 0 28 60
K 0 42 60
A D 2 8 0
A P 1 266 0
A P 2 255 0
H 54 S 0 0 -14 0 -14 0 0 0 0
J N 7 8461 -42 15 3457 576 1 55
K 0 28 45
K 0 14 45
K 0 0 45
K 0 -14 45
K 0 -14 43
K -1 -14 45
K 2 -14 45
K 0 0 43
K -1 0 45
K 2 0 45
K 0 -14 60
K 0 0 60
K 0 28 60
K 0 42 60
A D 2 8 0
A P 1 266 0
A P 2 255 0
J N 7 8491 -35 14 5185 576 1 55
K 0 21 45
K 0 7 45
K 0 -7 45
K 0 -14 43
K 0 -7 45
K 1 -7 45
K 0 0 43
K 0 7 45
K 1 7 45
K 0 -14 60
K 0 0 60
K 0 28 60
K 0 35 60
A D 2 8 0
A P 1 261 0
A P 2 249 0
H 55 S 0 0 -14 0 -14 0 0 0 0
J B 56 8525 1 82 6913 576 0
J D 0 8546 0 1 1 0 0
W 0 102 36 cresc.
J N 7 8546 35 10 1 0 1 56
K 0 -49 45
K 0 -49 43
K -1 -49 45
K 2 -49 45
K 0 0 43
K 0 -49 60
K 0 -21 60
K 0 0 60
K 0 14 60
A D 2 8 0
A P 1 232 0
A P 2 192 0
J N 7 8576 21 11 1729 576 1 56
K 0 -35 45
K 0 -49 45
K 0 -49 43
K -1 -49 45
K 2 -49 45
K 0 0 43
K 0 -49 60
K 0 -21 60
K 0 0 60
K 0 21 60
A D 2 8 0
A P 1 244 0
A P 2 204 0
H 56 S 0 0 -49 0 -49 0 0 0 0
J N 7 8606 14 11 3457 576 1 57
K 0 -28 45
K 0 -42 45
K 0 -49 43
K 0 -42 45
K 1 -42 45
K 0 0 43
K 0 -49 60
K 0 -21 60
K 0 0 60
K 0 21 60
A D 2 8 0
A P 1 249 0
A P 2 209 0
J N 7 8636 0 12 5185 576 1 57
K 0 -14 45
K 0 -28 45
K 0 -42 45
K 0 -49 43
K 0 -42 45
K 1 -42 45
K 0 0 43
K 0 -49 60
K 0 -21 60
K 0 0 60
K 0 21 60
A D 2 8 0
A P 1 261 0
A P 2 221 0
H 57 S 0 0 -49 0 -49 0 0 0 0
J B 57 8670 1 82 6913 576 0
J N 7 8691 -14 15 1 0 1 58
K 0 0 45
K 0 -14 45
K 0 -28 45
K 0 -42 45
K 0 -49 43
K 0 -42 45
K 1 -42 45
K 0 0 43
K -1 0 45
K 2 0 45
K 0 -49 60
K 0 -21 60
K 0 0 60
K 0 21 60
A D 2 8 0
A P 1 272 0
A P 2 232 0
J N 7 8721 21 11 1729 576 1 58
K 0 -35 45
K 0 -49 45
K 0 -49 43
K -1 -49 45
K 2 -49 45
K 0 0 43
K 0 -49 60
K 0 -21 60
K 0 0 60
K 0 21 60
A D 2 8 0
A P 1 244 0
A P 2 204 0
H 58 S 0 0 -49 0 -49 0 0 0 0
J N 7 8751 14 11 3457 576 1 59
K 0 -28 45
K 0 -42 45
K 0 -49 43
K 0 -42 45
K 1 -42 45
K 0 0 43
K 0 -49 60
K 0 -21 60
K 0 0 60
K 0 21 60
A D 2 8 0
A P 1 249 0
A P 2 209 0
J N 7 8781 0 12 5185 576 1 59
K 0 -14 45
K 0 -28 45
K 0 -42 45
K 0 -49 43
K 0 -42 45
K 1 -42 45
K 0 0 43
K 0 -49 60
K 0 -21 60
K 0 0 60
K 0 21 60
A D 2 8 0
A P 1 261 0
A P 2 221 0
H 59 S 0 0 -49 0 -49 0 0 0 0
J B 58 8815 1 82 6913 576 0
J N 7 8836 -14 14 1 0 1 60
K 0 0 45
K 0 -14 45
K 0 -28 45
K 0 -35 43
K 0 -28 45
K 1 -28 45
K 0 0 43
K -1 0 45
K 2 0 45
K 0 -35 60
K 0 -7 60
K 0 0 60
K 0 21 60
A D 2 8 0
A P 1 261 0
A P 2 232 0
J N 7 8866 -7 12 1729 576 1 60
K 0 -7 45
K 0 -21 45
K 0 -35 45
K 0 -35 43
K -1 -35 45
K 2 -35 45
K 0 0 43
K 0 -35 60
K 0 -7 60
K 0 0 60
K 0 21 60
A D 2 8 0
A P 1 255 0
A P 2 226 0
H 60 S 0 0 -35 0 -35 0 0 0 0
J N 7 8896 0 11 3457 576 1 61
K 0 -14 45
K 0 -28 45
K 0 -35 43
K 0 -28 45
K 1 -28 45
K 0 0 43
K 0 -35 60
K 0 -7 60
K 0 0 60
K 0 21 60
A D 2 8 0
A P 1 249 0
A P 2 221 0
J N 7 8926 -14 15 5185 576 1 61
K 0 0 45
K 0 -14 45
K 0 -28 45
K 0 -42 45
K 0 -49 43
K 0 -42 45
K 1 -42 45
K 0 0 43
K -1 0 45
K 2 0 45
K 0 -49 60
K 0 -21 60
K 0 0 60
K 0 21 60
A D 2 8 0
A P 1 272 0
A P 2 232 0
H 61 S 0 0 -35 0 -49 0 0 0 0
J B 59 8960 1 82 6913 576 0
J N 7 8981 -49 15 1 0 1 62
K 0 35 45
K 0 21 45
K 0 7 45
K 0 -7 45
K 0 -14 43
K 0 -7 45
K 1 -7 45
K 0 0 43
K 0 7 45
K 1 7 45
K 0 -14 60
K 0 0 60
K 0 28 60
K 0 49 60
A D 2 8 0
A P 1 272 0
A P 2 261 0
J N 7 9011 -42 15 1729 576 1 62
K 0 28 45
K 0 14 45
K 0 0 45
K 0 -14 45
K 0 -14 43
K -1 -14 45
K 2 -14 45
K 0 0 43
K -1 0 45
K 2 0 45
K 0 -14 60
K 0 0 60
K 0 28 60
K 0 42 60
A D 2 8 0
A P 1 266 0
A P 2 255 0
H 62 S 0 0 -14 0 -14 0 0 0 0
J N 7 9041 -42 15 3457 576 1 63
K 0 28 45
K 0 14 45
K 0 0 45
K 0 -14 45
K 0 -14 43
K -1 -14 45
K 2 -14 45
K 0 0 43
K -1 0 45
K 2 0 45
K 0 -14 60
K 0 0 60
K 0 28 60
K 0 42 60
A D 2 8 0
A P 1 266 0
A P 2 255 0
J N 7 9071 -35 14 5185 576 1 63
K 0 21 45
K 0 7 45
K 0 -7 45
K 0 -14 43
K 0 -7 45
K 1 -7 45
K 0 0 43
K 0 7 45
K 1 7 45
K 0 -14 60
K 0 0 60
K 0 28 60
K 0 35 60
A D 2 8 0
A P 1 261 0
A P 2 249 0
H 63 S 0 0 -14 0 -14 0 0 0 0
J B 60 9105 1 82 6913 576 0
J N 7 9126 -28 14 1 0 0
K 0 14 45
K 0 0 45
K 0 -14 45
K 0 -14 43
K -1 -14 45
K 2 -14 45
K 0 0 43
K -1 0 45
K 2 0 45
K 0 116 110
K 0 -14 60
K 0 0 60
K 0 28 60
A D 2 8 0
A P 1 255 0
A P 2 244 0
J D 0 9149 0 1 1729 576 0
W 0 -21 32 zu 2
J N 7 9156 35 6 1729 0 0
K 0 0 43
K 0 0 43
K 0 14 96
K 0 0 59
K 0 -21 59
A D 2 8 0
A P 1 192 0
A P 2 192 0
J N 7 9186 28 6 3457 576 0
K 0 0 43
K 0 0 43
K 0 -21 96
K 0 0 60
K 0 21 60
A D 2 8 0
A P 1 198 0
A P 2 198 0
J N 7 9216 35 6 5185 576 0
K 0 0 43
K 0 0 43
K 0 14 96
K 0 0 59
K 0 -21 59
A D 2 8 0
A P 1 192 0
A P 2 192 0
J B 61 9250 1 82 6913 576 0
J N 7 9271 14 5 1 0 0
K 0 0 43
K 0 74 110
K 0 0 60
K 0 21 60
A D 2 8 0
A P 3 209 0
J N 7 9301 21 4 1729 576 0
K 0 0 43
K 0 0 60
K 0 21 60
A D 2 8 0
A P 3 204 0
J N 7 9331 0 5 3457 576 0
K 0 0 43
K 0 88 110
K 0 0 60
K 0 21 60
A D 2 8 0
A P 3 221 0
J N 7 9361 7 4 5185 576 0
K 0 0 43
K 0 0 60
K 0 21 60
A D 2 8 0
A P 3 215 0
J B 62 9395 1 82 6913 576 0
J N 7 9416 -14 8 1 0 0
K 0 0 45
K 0 0 43
K -1 0 45
K 2 0 45
K 0 102 110
K 0 0 60
K 0 21 60
A D 2 8 0
A P 3 232 0
J N 7 9446 -7 4 1729 576 0
K 0 0 43
K 0 0 60
K 0 21 60
A D 2 8 0
A P 3 226 0
J N 7 9476 -7 5 3457 576 0
K 0 0 43
K 0 95 110
K 0 0 60
K 0 21 60
A D 2 8 0
A P 3 226 0
J N 7 9506 -7 6 5185 576 0
K 0 0 43
K 0 95 110
K 19 95 110
K 0 0 60
K 0 21 60
A D 2 8 0
A P 3 226 0
J B 63 9540 1 82 6913 576 0
J N 7 9561 -35 10 1 0 0
K 0 21 45
K 0 7 45
K 0 0 43
K 0 7 45
K 1 7 45
K 0 123 110
K 0 0 60
K 0 28 60
K 0 35 60
A D 2 8 0
A P 3 249 0
J N 7 9591 -28 8 1729 576 0
K 0 14 45
K 0 0 45
K 0 0 43
K -1 0 45
K 2 0 45
K 0 0 60
K 0 28 60
A D 2 8 0
A P 3 244 0
J N 7 9621 -49 11 3457 576 0
K 0 35 45
K 0 21 45
K 0 7 45
K 0 0 43
K 0 7 45
K 1 7 45
K 0 137 110
K 0 0 60
K 0 28 60
K 0 49 60
A D 2 8 0
A P 3 261 0
J N 7 9651 -42 10 5185 576 0
K 0 28 45
K 0 14 45
K 0 0 45
K 0 0 43
K -1 0 45
K 2 0 45
K 0 0 60
K 0 28 60
K 0 42 60
A D 2 8 0
A P 3 255 0
J B 64 9685 1 82 6913 576 0
J N 7 9706 -63 16 1 0 0
K 0 49 45
K 0 35 45
K 0 21 45
K 0 7 45
K 0 0 43
K 0 7 45
K 1 7 45
K 0 0 43
K 0 7 45
K 1 7 45
K 0 151 110
K 0 0 60
K 0 28 60
K 0 56 60
K 0 63 60
A D 2 8 0
A P 1 272 0
A P 2 272 0
J N 7 9736 -56 14 1729 576 0
K 0 42 45
K 0 28 45
K 0 14 45
K 0 0 45
K 0 0 43
K -1 0 45
K 2 0 45
K 0 0 43
K -1 0 45
K 2 0 45
K 0 0 60
K 0 28 60
K 0 56 60
A D 2 8 0
A P 1 266 0
A P 2 266 0
J D 0 9766 0 1 3457 576 0
W 0 84 1 p!36| cresc.
J N 8 9766 -42 15 3457 0 2 64 65
K 0 28 45
K 0 14 45
K 0 0 45
K 0 -14 45
K 0 -14 42
K -1 -14 45
K 2 -14 45
K 0 0 42
K -1 0 45
K 2 0 45
K 0 -14 60
K 0 0 60
K 0 28 60
K 0 42 60
A D 4 8 1
A P 1 266 1
A P 2 255 1
J B 65 9812 1 82 6913 1152 0
J N 7 9833 -42 15 1 0 2 64 65
K 0 28 45
K 0 14 45
K 0 0 45
K 0 -14 45
K 0 -14 43
K -1 -14 45
K 2 -14 45
K 0 0 43
K -1 0 45
K 2 0 45
K 0 -14 60
K 0 0 60
K 0 28 60
K 0 42 60
A D 2 8 0
A P 1 266 0
A P 2 255 0
H 64 T -56 0 0 0 0 0 5 0
H 65 T -42 0 0 0 0 0 15 0
J N 7 9863 0 14 1729 576 2 66 67
K 0 -14 45
K 0 -28 45
K 0 -42 45
K 0 -49 43
K 0 -42 45
K 1 -42 45
K 0 0 43
K 0 88 110
K 19 88 110
K 0 -49 60
K 0 -21 60
K 0 0 60
K 0 21 60
A D 2 8 1
A P 1 261 1
A P 2 221 1
J N 7 9893 0 14 3457 576 2 66 67
K 0 -14 45
K 0 -28 45
K 0 -42 45
K 0 -49 43
K 0 -42 45
K 1 -42 45
K 25 -49 44
K 0 0 43
K 24 -6 44
K 0 -49 60
K 0 -21 60
K 0 0 60
K 0 21 60
A D 3 8 0
A P 1 261 0
A P 2 221 0
H 66 T -49 0 0 0 0 0 1 0
H 67 T 0 0 0 0 0 0 15 0
J N 6 9930 0 11 6049 864 0
K 0 -14 45
K 0 -28 45
K 0 -42 45
K 0 -49 43
K 0 -42 45
K 1 -42 45
K 0 0 43
K 0 -49 60
K 0 -21 60
K 0 0 54
A D 1 8 0
A P 1 261 0
A P 2 221 0
J B 66 9957 1 82 6913 288 0
J N 7 9978 0 13 1 0 0
K 0 -14 45
K 0 -28 45
K 0 -42 45
K 0 -49 43
K 0 -42 45
K 1 -42 45
K 0 0 43
K 0 88 110
K 0 -49 60
K 0 -21 60
K 0 0 60
K 0 21 60
A D 2 8 0
A P 1 261 0
A P 2 221 0
J N 7 10008 14 11 1729 576 0
K 0 -28 45
K 0 -42 45
K 0 -49 43
K 0 -42 45
K 1 -42 45
K 0 0 43
K 0 -49 60
K 0 -21 60
K 0 0 60
K 0 21 60
A D 2 8 0
A P 1 249 0
A P 2 209 0
J N 7 10038 14 13 3457 576 0
K 0 -28 45
K 0 -42 45
K 0 -49 43
K 0 -42 45
K 1 -42 45
K 25 -49 44
K 0 0 43
K 24 -6 44
K 0 -49 60
K 0 -21 60
K 0 0 60
K 0 21 60
A D 3 8 0
A P 1 249 0
A P 2 209 0
J N 6 10075 14 10 6049 864 0
K 0 -28 45
K 0 -42 45
K 0 -49 43
K 0 -42 45
K 1 -42 45
K 0 0 43
K 0 -49 60
K 0 -21 60
K 0 0 54
A D 1 8 0
A P 1 249 0
A P 2 209 0
J B 67 10102 1 82 6913 288 0
J N 7 10123 14 12 1 0 0
K 0 -28 45
K 0 -42 45
K 0 -49 43
K 0 -42 45
K 1 -42 45
K 0 0 43
K 0 70 110
K 0 -49 60
K 0 -21 60
K 0 0 60
K 0 21 60
A D 2 8 0
A P 1 249 0
A P 2 209 0
J N 7 10153 28 10 1729 576 0
K 0 -42 45
K 0 -49 43
K 0 -42 45
K 1 -42 45
K 0 0 43
K 0 -49 60
K 0 -21 60
K 0 0 60
K 0 21 60
A D 2 8 0
A P 1 238 0
A P 2 198 0
J N 7 10183 28 12 3457 576 0
K 0 -42 45
K 0 -49 43
K 0 -42 45
K 1 -42 45
K 25 -49 44
K 0 0 43
K 24 -6 44
K 0 -49 60
K 0 -21 60
K 0 0 60
K 0 21 60
A D 3 8 0
A P 1 238 0
A P 2 198 0
J N 6 10220 28 9 6049 864 0
K 0 -42 45
K 0 -49 43
K 0 -42 45
K 1 -42 45
K 0 0 43
K 0 -49 60
K 0 -21 60
K 0 0 54
A D 1 8 0
A P 1 238 0
A P 2 198 0
J B 68 10247 1 82 6913 288 0
J N 7 10268 28 11 1 0 0
K 0 -42 45
K 0 -49 43
K 0 -42 45
K 1 -42 45
K 0 0 43
K 2 63 110
K 0 -49 60
K 0 -21 60
K 0 0 60
K 0 21 60
A D 2 8 0
A P 1 238 0
A P 2 198 0
J N 7 10298 42 7 1729 576 0
K 0 -49 43
K 0 0 43
K 0 -49 60
K 0 -21 60
K 0 0 60
K 0 14 60
A D 2 8 0
A P 1 226 0
A P 2 186 0
J N 7 10328 -21 16 3457 576 0
K 0 7 45
K 0 -7 45
K 0 -21 45
K 0 -35 45
K 0 -35 43
K -1 -35 45
K 2 -35 45
K 0 0 43
K 0 7 45
K 1 7 45
K 0 109 110
K 0 -35 60
K 0 -7 60
K 0 0 60
K 0 21 60
A D 2 8 0
A P 1 266 0
A P 2 238 0
J R 7 10358 28 2 5185 576 0
K 0 0 48
A D 2 8 0
A P 1 0 0
J B 69 10392 1 82 6913 576 0
J R 8 10413 28 2 1 0 0
K 0 0 47
A D 4 8 0
A P 1 0 0
J N 7 10455 -21 17 3457 1152 0
K 0 7 45
K 0 -7 45
K 0 -21 45
K 0 -35 45
K -18 -35 63
K 0 -35 43
K -1 -35 45
K 2 -35 45
K 0 0 43
K 0 7 45
K 1 7 45
K 0 109 110
K 0 -35 60
K 0 -7 60
K 0 0 60
K 0 21 60
A D 2 8 0
A P 1 267 0
A P 2 238 0
J R 7 10485 28 2 5185 576 0
K 0 0 48
A D 2 8 0
A P 1 0 0
J B 70 10527 5 2 6913 576 0
K -8 0 82
K 0 0 82
J D 0 10548 0 1 1 0 0
W 0 -63 37 Poco Adagio
J R 9 10548 28 2 1 10001 0
K 0 0 46
A D 8 8 0
A P 3 0 0
J B 71 10653 1 82 6913 2304 0
J R 9 10674 28 2 1 10001 0
K 0 0 46
A D 8 8 0
A P 3 0 0
J B 72 10779 1 82 6913 2304 0
J R 9 10800 28 2 1 10001 0
K 0 0 46
A D 8 8 0
A P 3 0 0
J B 73 10905 1 82 6913 2304 0
J R 9 10926 28 2 1 10001 0
K 0 0 46
A D 8 8 0
A P 3 0 0
J B 74 11039 5 2 6913 2304 0
K -8 0 82
K 0 0 82
J K 5 11060 0 5 6913 0 0
K 0 0 63
K 15 21 63
K 30 -7 63
K 45 14 63
K 60 35 63
J R 9 11151 28 2 1 10001 0
K 0 0 46
A D 8 8 0
A P 3 0 0
J B 75 11256 1 82 6913 2304 0
J R 9 11277 28 2 1 10001 0
K 0 0 46
A D 8 8 0
A P 3 0 0
J B 76 11382 1 82 6913 2304 0
J R 9 11403 28 2 1 10001 0
K 0 0 46
A D 8 8 0
A P 3 0 0
J B 77 11508 1 82 6913 2304 0
J R 9 11529 28 2 1 10001 0
K 0 0 46
A D 8 8 0
A P 3 0 0
J B 78 11634 1 82 6913 2304 0
J R 9 11655 28 2 1 10001 0
K 0 0 46
A D 8 8 0
A P 3 0 0
J B 79 11760 1 82 6913 2304 0
J R 9 11781 28 2 1 10001 0
K 0 0 46
A D 8 8 0
A P 3 0 0
J B 80 11886 1 82 6913 2304 0
J R 9 11907 28 3 1 10001 0
K 0 0 46
K 0 -35 101
A D 8 8 0
A P 3 0 0
J B 81 12020 5 2 6913 2304 0
K -8 0 82
K 0 0 82
J K 2 12041 0 5 6913 0 0
K 0 -7 64
K 13 14 64
K 26 35 64
K 39 0 63
K 54 21 63
J T 0 12126 42 1 6913 0 0
K 0 0 38
J D 0 12174 0 1 1 0 0
W 0 -77 0 Poco Allegro, stringendo il tempo, sempre pi\u8 Alleg
J R 9 12286 28 2 1 10001 0
K 0 0 46
A D 8 8 0
A P 3 0 0
J B 82 12279 1 82 6913 2304 0
J R 9 12300 28 2 1 10001 0
K 0 0 46
A D 8 8 0
A P 3 0 0
J B 83 12405 1 82 6913 2304 0
J R 9 12426 28 2 1 10001 0
K 0 0 46
A D 8 8 0
A P 3 0 0
J B 84 12531 1 82 6913 2304 0
J R 9 12552 28 2 1 10001 0
K 0 0 46
A D 8 8 0
A P 3 0 0
J B 85 12657 1 82 6913 2304 0
J R 9 12678 28 2 1 10001 0
K 0 0 46
A D 8 8 0
A P 3 0 0
J B 86 12783 1 82 6913 2304 0
J R 9 12804 28 2 1 10001 0
K 0 0 46
A D 8 8 0
A P 3 0 0
J B 87 12909 1 82 6913 2304 0
J R 7 12930 28 2 1 0 0
K 0 0 48
A D 2 8 0
A P 3 0 0
J D 0 12939 0 1 1729 576 0
W 0 -42 32 zu 2
J D 0 12960 0 1 1729 0 0
W 0 88 36 cresc.
J N 7 12960 -21 7 1729 0 0
K 0 7 45
K 0 0 43
K 0 7 45
K 1 7 45
K 0 0 60
K 0 21 60
A D 2 8 0
A P 3 238 0
J N 7 12990 -14 7 3457 576 0
K 0 0 45
K 0 0 43
K -1 0 45
K 2 0 45
K 0 0 60
K 0 21 60
A D 2 8 0
A P 3 232 0
J N 7 13020 -21 7 5185 576 0
K 0 7 45
K 0 0 43
K 0 7 45
K 1 7 45
K 0 0 60
K 0 21 60
A D 2 8 0
A P 3 238 0
J B 88 13054 1 82 6913 576 0
J N 7 13075 -14 7 1 0 0
K 0 0 45
K 0 0 43
K -1 0 45
K 2 0 45
K 0 0 60
K 0 21 60
A D 2 8 0
A P 3 232 0
J N 7 13105 -21 7 1729 576 0
K 0 7 45
K 0 0 43
K 0 7 45
K 1 7 45
K 0 0 60
K 0 21 60
A D 2 8 0
A P 3 238 0
J N 7 13135 -14 7 3457 576 0
K 0 0 45
K 0 0 43
K -1 0 45
K 2 0 45
K 0 0 60
K 0 21 60
A D 2 8 0
A P 3 232 0
J N 6 13165 -21 5 5185 576 2 68 69
K 0 7 45
K 0 0 43
K 0 7 45
K 1 7 45
A D 1 8 0
A P 3 238 0
J N 6 13191 -28 6 6049 288 2 69 68
K 0 14 45
K 0 0 45
K 0 0 43
K -1 0 45
K 2 0 45
A D 1 8 0
A P 3 244 0
H 69 B 1 0 108 2 2 3
H 68 S 0 0 0 0 0 0 0 0 0
J B 89 13226 5 2 6913 288 0
K -8 0 82
K 0 0 82
J M 0 13226 0 0 10000 0 0
