@ SOURCE: {beet/bh/conc/piano2/stage2/02/s07} [KHM:2124345838] 
L 0 0 14 !39Viola
J D 4 500 -120 1 6913 0 0
W 0 0 44 Adagio [Movement 2]
J D 1 75 -37 1 6913 0 0
W 0 -56 44 Adagio [Movement 2]:  Viola
J C 13 5 28 35 6913 0 0
J K -3 57 0 3 6913 0 0
K 0 35 65
K 13 14 65
K 26 42 65
J D 5 112 -42 1 6913 0 0
W 0 0 37 Adagio
J T 304 121 0 2 6913 0 0
K -10 28 74
K -10 56 75
J N 7 160 35 4 1 0 0
K 0 0 43
K 0 0 59
K 0 -21 59
A D 8 32
J N 7 213 28 4 2305 576 0
K 0 0 43
K 0 0 60
K 0 21 60
A D 8 32
J N 7 266 42 4 4609 576 0
K 0 0 43
K 0 0 59
K 0 -21 59
A D 8 32
J B 2 323 1 82 6913 576 0
J N 7 344 35 5 1 0 0
K 0 0 43
K 25 0 44
K 0 0 59
K 0 -21 59
A D 12 32
J R 6 412 28 2 3457 864 0
K 0 0 49
A D 4 32
J R 7 450 28 2 4609 288 0
K 0 0 48
A D 8 32
J B 3 507 1 82 6913 576 0
J N 7 528 28 4 1 0 0
K 0 0 43
K 0 0 60
K 0 21 60
A D 8 32
J N 7 581 35 4 2305 576 0
K 0 0 43
K 0 0 59
K 0 -21 59
A D 8 32
J N 7 634 35 4 4609 576 0
K 0 0 43
K 0 0 59
K 0 -21 59
A D 8 32
J B 4 691 1 82 6913 576 0
J N 8 712 42 4 1 0 0
K 0 0 42
K 0 0 59
K 0 -21 59
A D 16 32
J N 7 791 42 4 4609 1152 0
K 0 0 43
K 0 0 59
K 0 -21 59
A D 8 32
J B 5 848 1 82 6913 576 0
J N 7 869 42 4 1 0 0
K 0 0 43
K 0 0 59
K 0 -21 59
A D 8 32
J N 8 922 42 5 2305 576 0
K -14 0 64
K 0 0 42
K 0 0 59
K 0 -21 59
A D 16 32
J B 6 1005 1 82 6913 1152 0
J N 7 1026 28 5 1 0 0
K 0 0 43
K 24 -6 44
K 0 0 60
K 0 21 60
A D 12 32
J R 5 1094 28 3 3457 864 0
K 0 14 49
K 4 0 50
A D 2 32
J R 4 1127 28 4 4033 144 0
K 0 14 49
K 4 0 50
K 8 -14 50
A D 1 32
J N 4 1164 28 4 4321 72 0
K 0 0 43
K 0 0 56
K 0 14 58
A D 1 32
J N 6 1193 28 2 4609 72 2 1 2
K 0 0 43
A D 4 32
J N 5 1231 28 3 5761 288 2 2 1
K 0 0 43
K 24 -6 44
A D 3 32
H 1 T 28 0 0 0 0 0 5 0
J N 4 1268 28 2 6625 216 1 2
K 0 0 43
A D 1 32
H 2 B 1 0 108 3 2 21 533
J B 7 1301 1 82 6913 72 0
J N 6 1322 35 2 1 0 1 3
K 0 0 43
A D 4 32
J N 6 1360 35 2 1153 288 1 3
K 0 0 43
A D 4 32
H 3 B 0 0 108 2 2 3
J N 6 1398 7 2 2305 288 1 4
K 0 0 43
A D 4 32
J N 6 1436 35 2 3457 288 1 4
K 0 0 43
A D 4 32
H 4 B 1 0 108 2 2 3
J N 6 1474 14 2 4609 288 1 5
K 0 0 43
A D 4 32
J N 6 1512 35 2 5761 288 1 5
K 0 0 43
A D 4 32
H 5 B 1 0 108 2 2 3
J B 8 1554 1 82 6913 288 0
J N 6 1575 21 2 1 0 1 6
K 0 0 43
A D 4 32
J N 6 1613 35 2 1153 288 1 6
K 0 0 43
A D 4 32
H 6 B 1 0 108 2 2 3
J N 7 1651 7 4 2305 288 1 7
K 0 0 43
K 0 0 60
K 0 21 60
A D 8 32
J N 5 1704 7 2 4609 576 2 8 7
K 0 0 43
A D 2 32
H 7 T 7 0 0 0 0 0 1 0
J N 5 1733 14 2 5185 144 1 8
K 0 0 43
A D 2 32
J N 5 1762 21 2 5761 144 1 8
K 0 0 43
A D 2 32
J N 5 1791 14 2 6337 144 1 8
K 0 0 43
A D 2 32
H 8 B 1 0 108 4 22 11 11 33
J B 9 1824 1 82 6913 144 0
J N 7 1845 21 4 1 0 0
K 0 0 43
K 0 0 60
K 0 21 60
A D 8 32
J R 7 1898 28 2 2305 576 0
K 0 0 48
A D 8 32
J R 5 1951 28 3 4609 576 0
K 0 14 49
K 4 0 50
A D 2 32
J N 5 1984 -7 2 5185 144 1 9
K 0 0 43
A D 2 32
J N 5 2013 0 2 5761 144 1 9
K 0 0 43
A D 2 32
J N 5 2042 14 2 6337 144 1 9
K 0 0 43
A D 2 32
H 9 B 1 0 108 3 22 11 33
J B 10 2075 1 82 6913 144 0
J N 6 2096 -14 6 1 0 0
K 0 0 45
K 0 0 43
K -1 0 45
K 2 0 45
K 0 0 54
A D 4 32
J R 6 2134 28 2 1153 288 0
K 0 0 49
A D 4 32
J N 7 2172 35 4 2305 288 1 10
K 0 0 43
K 0 0 59
K 0 -21 59
A D 8 32
J N 5 2225 35 2 4609 576 2 11 10
K 0 0 43
A D 2 32
H 10 T 35 0 0 0 0 0 3 0
J N 5 2254 -7 2 5185 144 1 11
K 0 0 43
A D 2 32
J N 5 2283 0 2 5761 144 1 11
K 0 0 43
A D 2 32
J N 5 2312 14 2 6337 144 1 11
K 0 0 43
A D 2 32
H 11 B 1 0 108 4 22 11 11 33
J B 11 2345 1 82 6913 144 0
J N 6 2366 -14 6 1 0 0
K 0 0 45
K 0 0 43
K -1 0 45
K 2 0 45
K 0 0 54
A D 4 32
J R 5 2404 28 3 1153 288 0
K 0 14 49
K 4 0 50
A D 2 32
J R 4 2437 28 4 1729 144 0
K 0 14 49
K 4 0 50
K 8 -14 50
A D 1 32
J N 4 2474 35 4 2017 72 0
K 0 0 43
K 0 0 55
K 0 -14 57
A D 1 32
J N 6 2511 35 2 2305 72 2 12 13
K 0 0 43
A D 4 32
J N 5 2549 35 3 3457 288 2 13 12
K 0 0 43
K 25 0 44
A D 3 32
H 12 T 35 0 0 0 0 0 9 0
J N 4 2587 35 2 4321 216 1 13
K 0 0 43
A D 1 32
H 13 B 0 0 108 3 2 21 533
J N 6 2616 35 2 4609 72 2 14 15
K 0 0 43
A D 4 32
J N 5 2654 35 3 5761 288 2 15 14
K 0 0 43
K 25 0 44
A D 3 32
H 14 T 35 0 0 0 0 0 9 0
J N 4 2692 35 2 6625 216 1 15
K 0 0 43
A D 1 32
H 15 B 0 0 108 3 2 21 533
J B 12 2725 1 82 6913 72 0
J N 8 2746 56 5 1 0 0
K 0 0 42
K 24 -6 44
K 0 0 59
K 0 -21 59
A D 24 32
J B 13 2856 1 82 6913 1728 0
J N 6 2877 63 3 1 0 0
K 0 0 43
K 0 0 53
A D 4 32
J R 6 2919 28 2 1153 288 0
K 0 0 49
A D 4 32
J R 7 2957 28 2 2305 288 0
K 0 0 48
A D 8 32
J R 7 3010 28 2 4609 576 0
K 0 0 48
A D 8 32
J B 14 3067 1 82 6913 576 0
J R 9 3088 28 2 1 10000 0
K 0 0 46
A D 24 32
J B 15 3193 1 82 6913 1728 0
J R 9 3214 28 2 1 10000 0
K 0 0 46
A D 24 32
J B 16 3319 1 82 6913 1728 0
J R 9 3340 28 2 1 10000 0
K 0 0 46
A D 24 32
J B 17 3445 1 82 6913 1728 0
J N 6 3466 14 2 1 0 1 16
K 0 0 43
A D 4 32
J N 6 3504 63 2 1153 288 1 16
K 0 0 43
A D 4 32
H 16 B 0 0 108 2 2 3
J N 6 3542 49 2 2305 288 1 17
K 0 0 43
A D 4 32
J N 6 3580 35 2 3457 288 1 17
K 0 0 43
A D 4 32
H 17 B 0 0 108 2 2 3
J N 6 3618 14 2 4609 288 1 18
K 0 0 43
A D 4 32
J N 6 3656 0 2 5761 288 1 18
K 0 0 43
A D 4 32
H 18 B 1 0 108 2 2 3
J B 18 3698 1 82 6913 288 0
J N 6 3719 -14 5 1 0 1 19
K 0 0 45
K 0 0 43
K -1 0 45
K 2 0 45
A D 4 32
J N 6 3757 0 2 1153 288 1 19
K 0 0 43
A D 4 32
H 19 B 1 0 108 2 2 3
J N 6 3795 0 2 2305 288 1 20
K 0 0 43
A D 4 32
J N 6 3833 0 2 3457 288 1 20
K 0 0 43
A D 4 32
H 20 B 1 0 108 2 2 3
J N 6 3871 0 2 4609 288 1 21
K 0 0 43
A D 4 32
J N 6 3909 0 2 5761 288 1 21
K 0 0 43
A D 4 32
H 21 B 1 0 108 2 2 3
J B 19 3951 1 82 6913 288 0
J R 6 3972 28 2 1 0 0
K 0 0 49
A D 4 32
J N 6 4010 0 3 1153 288 0
K 0 0 43
K 0 0 54
A D 4 32
J N 6 4048 0 2 2305 288 1 22
K 0 0 43
A D 4 32
J N 6 4086 0 2 3457 288 1 22
K 0 0 43
A D 4 32
H 22 B 1 0 108 2 2 3
J N 6 4124 0 2 4609 288 1 23
K 0 0 43
A D 4 32
J N 6 4162 0 2 5761 288 1 23
K 0 0 43
A D 4 32
H 23 B 1 0 108 2 2 3
J B 20 4204 1 82 6913 288 0
J R 6 4225 28 2 1 0 0
K 0 0 49
A D 4 32
J N 6 4263 0 3 1153 288 0
K 0 0 43
K 0 0 54
A D 4 32
J N 6 4301 0 2 2305 288 1 24
K 0 0 43
A D 4 32
J N 6 4339 0 2 3457 288 1 24
K 0 0 43
A D 4 32
H 24 B 1 0 108 2 2 3
J N 6 4379 -7 3 4609 288 1 25
K -14 0 64
K 0 0 43
A D 4 32
J N 6 4417 -7 2 5761 288 1 25
K 0 0 43
A D 4 32
H 25 B 1 0 108 2 2 3
J B 21 4459 1 82 6913 288 0
J R 6 4480 28 2 1 0 0
K 0 0 49
A D 4 32
J N 6 4518 7 3 1153 288 0
K 0 0 43
K 0 0 54
A D 4 32
J N 6 4556 7 2 2305 288 1 26
K 0 0 43
A D 4 32
J N 6 4594 7 2 3457 288 1 26
K 0 0 43
A D 4 32
H 26 B 1 0 108 2 2 3
J N 6 4632 7 2 4609 288 1 27
K 0 0 43
A D 4 32
J N 6 4670 7 2 5761 288 1 27
K 0 0 43
A D 4 32
H 27 B 1 0 108 2 2 3
J B 22 4712 1 82 6913 288 0
J R 6 4733 28 2 1 0 0
K 0 0 49
A D 4 32
J N 6 4771 0 3 1153 288 0
K 0 0 43
K 0 0 54
A D 4 32
J N 6 4809 0 2 2305 288 1 28
K 0 0 43
A D 4 32
J N 6 4847 0 2 3457 288 1 28
K 0 0 43
A D 4 32
H 28 B 1 0 108 2 2 3
J N 6 4885 0 2 4609 288 1 29
K 0 0 43
A D 4 32
J N 6 4923 0 2 5761 288 1 29
K 0 0 43
A D 4 32
H 29 B 1 0 108 2 2 3
J B 23 4965 1 82 6913 288 0
J N 6 4986 7 2 1 0 1 30
K 0 0 43
A D 4 32
J N 6 5024 56 2 1153 288 1 30
K 0 0 43
A D 4 32
H 30 B 0 0 108 2 2 3
J N 6 5062 56 2 2305 288 1 31
K 0 0 43
A D 4 32
J N 6 5100 56 2 3457 288 1 31
K 0 0 43
A D 4 32
H 31 B 0 0 108 2 2 3
J N 6 5138 56 2 4609 288 1 32
K 0 0 43
A D 4 32
J N 6 5176 56 2 5761 288 1 32
K 0 0 43
A D 4 32
H 32 B 0 0 108 2 2 3
J B 24 5218 1 82 6913 288 0
J N 6 5239 56 2 1 0 1 33
K 0 0 43
A D 4 32
J N 6 5277 56 2 1153 288 1 33
K 0 0 43
A D 4 32
H 33 B 0 0 108 2 2 3
J N 6 5315 56 3 2305 288 0
K 0 0 43
K 0 0 53
A D 4 32
J R 6 5357 28 2 3457 288 0
K 0 0 49
A D 4 32
J R 7 5395 28 2 4609 288 0
K 0 0 48
A D 8 32
J B 25 5452 1 82 6913 576 0
J R 7 5473 28 2 1 0 0
K 0 0 48
A D 8 32
J R 6 5526 28 2 2305 576 0
K 0 0 49
A D 4 32
J N 6 5564 0 3 3457 288 0
K 0 0 43
K 0 0 54
A D 4 32
J N 6 5602 7 2 4609 288 1 34
K 0 0 43
A D 4 32
J N 6 5640 14 2 5761 288 1 34
K 0 0 43
A D 4 32
H 34 B 1 0 108 2 2 3
J B 26 5682 1 82 6913 288 0
J N 6 5703 21 2 1 0 1 35
K 0 0 43
A D 4 32
J N 6 5743 35 3 1153 288 1 35
K -14 0 64
K 0 0 43
A D 4 32
H 35 B 1 0 108 2 2 3
J N 6 5781 28 3 2305 288 0
K 0 0 43
K 0 0 54
A D 4 32
J R 5 5819 28 3 3457 288 0
K 0 14 49
K 4 0 50
A D 2 32
J N 5 5852 14 3 4033 144 0
K 0 0 43
K 0 0 56
A D 2 32
J R 5 5881 28 3 4609 144 0
K 0 14 49
K 4 0 50
A D 2 32
J N 5 5914 21 3 5185 144 0
K 0 0 43
K 0 0 56
A D 2 32
J R 5 5943 28 3 5761 144 0
K 0 14 49
K 4 0 50
A D 2 32
J N 5 5976 28 3 6337 144 0
K 0 0 43
K 0 0 56
A D 2 32
J B 27 6009 1 82 6913 144 0
J R 5 6030 28 3 1 0 0
K 0 14 49
K 4 0 50
A D 2 32
J N 5 6070 35 4 577 144 0
K -14 0 64
K 0 0 43
K 0 0 55
A D 2 32
J R 5 6110 28 3 1153 144 0
K 0 14 49
K 4 0 50
A D 2 32
J N 5 6143 35 3 1729 144 0
K 0 0 43
K 0 0 55
A D 2 32
J R 5 6183 28 3 2305 144 0
K 0 14 49
K 4 0 50
A D 2 32
J N 5 6216 49 3 2881 144 0
K 0 0 43
K 0 0 55
A D 2 32
J R 5 6256 28 3 3457 144 0
K 0 14 49
K 4 0 50
A D 2 32
J N 5 6296 14 4 4033 144 0
K -14 0 64
K 0 0 43
K 0 0 56
A D 2 32
J R 5 6325 28 3 4609 144 0
K 0 14 49
K 4 0 50
A D 2 32
J N 5 6365 42 4 5185 144 0
K -14 0 64
K 0 0 43
K 0 0 55
A D 2 32
J R 5 6405 28 3 5761 144 0
K 0 14 49
K 4 0 50
A D 2 32
J N 5 6438 42 3 6337 144 0
K 0 0 43
K 0 0 55
A D 2 32
J B 28 6482 1 82 6913 144 0
J R 5 6503 28 3 1 0 0
K 0 14 49
K 4 0 50
A D 2 32
J N 5 6536 56 3 577 144 0
K 0 0 43
K 0 0 55
A D 2 32
J R 5 6576 28 3 1153 144 0
K 0 14 49
K 4 0 50
A D 2 32
J N 5 6609 28 3 1729 144 0
K 0 0 43
K 0 0 56
A D 2 32
J R 5 6638 28 3 2305 144 0
K 0 14 49
K 4 0 50
A D 2 32
J N 5 6671 35 3 2881 144 0
K 0 0 43
K 0 0 55
A D 2 32
J R 5 6711 28 3 3457 144 0
K 0 14 49
K 4 0 50
A D 2 32
J N 5 6751 42 4 4033 144 0
K -14 0 64
K 0 0 43
K 0 0 55
A D 2 32
J R 5 6791 28 3 4609 144 0
K 0 14 49
K 4 0 50
A D 2 32
J N 5 6824 49 3 5185 144 0
K 0 0 43
K 0 0 55
A D 2 32
J R 5 6864 28 3 5761 144 0
K 0 14 49
K 4 0 50
A D 2 32
J N 5 6905 42 6 6337 144 0
K -15 0 65
K 0 0 43
K 0 14 43
K 0 14 59
K 0 0 55
A D 2 32
J B 29 6949 1 82 6913 144 0
J R 6 6970 28 2 1 0 0
K 0 0 49
A D 4 32
J N 6 7008 49 3 1153 288 0
K 0 0 43
K 0 0 53
A D 4 32
J R 6 7050 28 2 2305 288 0
K 0 0 49
A D 4 32
J N 6 7088 28 3 3457 288 0
K 0 0 43
K 0 0 54
A D 4 32
J R 6 7126 28 2 4609 288 0
K 0 0 49
A D 4 32
J N 6 7164 14 3 5761 288 0
K 0 0 43
K 0 0 54
A D 4 32
J B 30 7206 1 82 6913 288 0
J R 6 7227 28 2 1 0 0
K 0 0 49
A D 4 32
J N 6 7265 21 3 1153 288 0
K 0 0 43
K 0 0 54
A D 4 32
J N 6 7303 21 2 2305 288 1 36
K 0 0 43
A D 4 32
J N 6 7341 21 2 3457 288 1 36
K 0 0 43
A D 4 32
H 36 B 1 0 108 2 2 3
J N 6 7379 14 2 4609 288 1 37
K 0 0 43
A D 4 32
J N 6 7417 14 2 5761 288 1 37
K 0 0 43
A D 4 32
H 37 B 1 0 108 2 2 3
J B 31 7459 1 82 6913 288 0
J N 6 7480 21 3 1 0 0
K 0 0 43
K 0 0 54
A D 4 32
J R 6 7518 28 2 1153 288 0
K 0 0 49
A D 4 32
J N 7 7556 56 4 2305 288 0
K 0 0 43
K 0 0 59
K 0 -21 59
A D 8 32
J N 7 7609 49 5 4609 576 0
K -15 0 65
K 0 0 43
K 0 0 59
K 0 -21 59
A D 8 32
J B 32 7666 1 82 6913 576 0
J N 7 7687 56 4 1 0 0
K 0 0 43
K 0 0 59
K 0 -21 59
A D 8 32
J N 4 7740 63 2 2305 576 1 38
K 0 0 43
A D 1 32
J N 4 7769 42 2 2593 72 1 38
K 0 0 43
A D 1 32
J N 4 7798 35 2 2881 72 1 38
K 0 0 43
A D 1 32
J N 4 7827 28 2 3169 72 1 38
K 0 0 43
A D 1 32
J N 4 7868 21 3 3457 72 1 38
K -15 0 65
K 0 0 43
A D 1 32
J N 4 7897 14 2 3745 72 1 38
K 0 0 43
A D 1 32
J N 4 7926 7 2 4033 72 1 38
K 0 0 43
A D 1 32
J N 4 7955 0 2 4321 72 1 38
K 0 0 43
A D 1 32
H 38 B 1 0 108 8 222 111 111 111 111 111 111 333
J N 6 7984 -7 2 4609 72 1 39
K 0 0 43
A D 4 32
J N 6 8022 42 2 5761 288 1 39
K 0 0 43
A D 4 32
H 39 B 1 0 108 2 2 3
J B 33 8064 1 82 6913 288 0
J N 7 8088 49 5 1 0 0
K -15 0 65
K 0 0 43
K 0 0 59
K 0 -21 59
A D 8 32
J N 4 8141 56 2 2305 576 1 40
K 0 0 43
A D 1 32
J N 4 8170 35 2 2593 72 1 40
K 0 0 43
A D 1 32
J N 4 8199 28 2 2881 72 1 40
K 0 0 43
A D 1 32
J N 4 8228 21 2 3169 72 1 40
K 0 0 43
A D 1 32
J N 4 8257 14 2 3457 72 1 40
K 0 0 43
A D 1 32
J N 4 8286 7 2 3745 72 1 40
K 0 0 43
A D 1 32
J N 4 8315 0 2 4033 72 1 40
K 0 0 43
A D 1 32
J N 4 8355 -7 3 4321 72 1 40
K -14 0 64
K 0 0 43
A D 1 32
H 40 B 1 0 108 8 222 111 111 111 111 111 111 333
J N 6 8384 -14 5 4609 72 1 41
K 0 0 45
K 0 0 43
K -1 0 45
K 2 0 45
A D 4 32
J N 5 8422 21 3 5761 288 1 41
K 0 0 43
K 25 0 44
A D 3 32
J N 4 8460 14 2 6625 216 1 41
K 0 0 43
A D 1 32
H 41 B 1 0 108 3 2 21 533
J B 34 8493 1 82 6913 72 0
J N 6 8514 14 3 1 0 0
K 0 0 43
K 0 0 54
A D 4 32
J N 7 8552 63 4 1153 288 0
K 0 0 43
K 0 0 59
K 0 -21 59
A D 8 32
J N 6 8605 56 3 3457 576 0
K 0 0 43
K 0 0 53
A D 4 32
J N 6 8657 49 3 4609 288 1 42
K -15 0 65
K 0 0 43
A D 4 32
J N 6 8695 63 2 5761 288 1 42
K 0 0 43
A D 4 32
H 42 B 0 0 108 2 2 3
J B 35 8737 1 82 6913 288 0
J N 6 8758 56 3 1 0 0
K 0 0 43
K 0 0 53
A D 4 32
J R 6 8800 28 2 1153 288 0
K 0 0 49
A D 4 32
J N 7 8838 35 4 2305 288 0
K 0 0 43
K 0 0 59
K 0 -21 59
A D 8 32
J N 7 8891 42 5 4609 576 0
K -14 0 64
K 0 0 43
K 0 0 59
K 0 -21 59
A D 8 32
J B 36 8948 1 82 6913 576 0
J N 7 8969 42 4 1 0 0
K 0 0 43
K 0 0 59
K 0 -21 59
A D 8 32
J N 7 9022 49 4 2305 576 0
K 0 0 43
K 0 0 59
K 0 -21 59
A D 8 32
J N 7 9075 70 7 4609 576 0
K 1 0 45
K 0 0 43
K -1 0 45
K 2 0 45
K 0 0 59
K 0 -21 59
A D 8 32
J B 37 9132 1 82 6913 576 0
J N 6 9153 63 3 1 0 0
K 0 0 43
K 0 0 53
A D 4 32
J R 6 9195 28 2 1153 288 0
K 0 0 49
A D 4 32
J R 7 9233 28 2 2305 288 0
K 0 0 48
A D 8 32
J R 7 9286 28 2 4609 576 0
K 0 0 48
A D 8 32
J B 38 9343 1 82 6913 576 0
J R 9 9364 28 2 1 10000 0
K 0 0 46
A D 24 32
J B 39 9469 1 82 6913 1728 0
J R 9 9490 28 2 1 10000 0
K 0 0 46
A D 24 32
J B 40 9595 1 82 6913 1728 0
J R 9 9616 28 2 1 10000 0
K 0 0 46
A D 24 32
J B 41 9721 1 82 6913 1728 0
J R 9 9742 28 2 1 10000 0
K 0 0 46
A D 24 32
J B 42 9847 1 82 6913 1728 0
J R 6 9868 28 2 1 0 0
K 0 0 49
A D 4 32
J N 6 9906 35 3 1153 288 0
K 0 0 43
K 0 0 53
A D 4 32
J R 6 9948 28 2 2305 288 0
K 0 0 49
A D 4 32
J N 6 9986 28 3 3457 288 0
K 0 0 43
K 0 0 54
A D 4 32
J R 6 10024 28 2 4609 288 0
K 0 0 49
A D 4 32
J N 6 10062 28 3 5761 288 0
K 0 0 43
K 0 0 54
A D 4 32
J B 43 10104 1 82 6913 288 0
J R 6 10125 28 2 1 0 0
K 0 0 49
A D 4 32
J N 6 10163 35 3 1153 288 0
K 0 0 43
K 0 0 53
A D 4 32
J R 6 10205 28 2 2305 288 0
K 0 0 49
A D 4 32
J N 6 10243 35 3 3457 288 0
K 0 0 43
K 0 0 53
A D 4 32
J N 6 10285 21 2 4609 288 1 43
K 0 0 43
A D 4 32
J N 6 10323 21 2 5761 288 1 43
K 0 0 43
A D 4 32
H 43 B 1 0 108 2 2 3
J B 44 10365 1 82 6913 288 0
J R 6 10386 28 2 1 0 0
K 0 0 49
A D 4 32
J N 6 10424 28 3 1153 288 0
K 0 0 43
K 0 0 54
A D 4 32
J R 6 10462 28 2 2305 288 0
K 0 0 49
A D 4 32
J N 6 10500 35 3 3457 288 0
K 0 0 43
K 0 0 53
A D 4 32
J R 6 10542 28 2 4609 288 0
K 0 0 49
A D 4 32
J N 6 10580 35 3 5761 288 0
K 0 0 43
K 0 0 53
A D 4 32
J B 45 10626 1 82 6913 288 0
J R 6 10647 28 2 1 0 0
K 0 0 49
A D 4 32
J N 6 10685 42 3 1153 288 0
K 0 0 43
K 0 0 53
A D 4 32
J R 6 10727 28 2 2305 288 0
K 0 0 49
A D 4 32
J N 6 10765 49 3 3457 288 0
K 0 0 43
K 0 0 53
A D 4 32
J R 6 10807 28 2 4609 288 0
K 0 0 49
A D 4 32
J N 6 10845 35 3 5761 288 0
K 0 0 43
K 0 0 53
A D 4 32
J B 46 10891 1 82 6913 288 0
J R 6 10912 28 2 1 0 0
K 0 0 49
A D 4 32
J N 6 10950 21 3 1153 288 0
K 0 0 43
K 0 0 54
A D 4 32
J R 6 10988 28 2 2305 288 0
K 0 0 49
A D 4 32
J N 6 11026 35 3 3457 288 0
K 0 0 43
K 0 0 53
A D 4 32
J N 6 11068 35 2 4609 288 1 44
K 0 0 43
A D 4 32
J N 6 11106 35 2 5761 288 1 44
K 0 0 43
A D 4 32
H 44 B 0 0 108 2 2 3
J B 47 11148 1 82 6913 288 0
J R 6 11169 28 2 1 0 0
K 0 0 49
A D 4 32
J N 6 11207 28 3 1153 288 0
K 0 0 43
K 0 0 54
A D 4 32
J R 6 11245 28 2 2305 288 0
K 0 0 49
A D 4 32
J N 6 11283 35 3 3457 288 0
K 0 0 43
K 0 0 53
A D 4 32
J R 6 11325 28 2 4609 288 0
K 0 0 49
A D 4 32
J N 6 11363 35 3 5761 288 0
K 0 0 43
K 0 0 53
A D 4 32
J B 48 11409 1 82 6913 288 0
J R 6 11430 28 2 1 0 0
K 0 0 49
A D 4 32
J N 6 11468 28 3 1153 288 0
K 0 0 43
K 0 0 54
A D 4 32
J R 6 11506 28 2 2305 288 0
K 0 0 49
A D 4 32
J N 6 11544 28 3 3457 288 0
K 0 0 43
K 0 0 54
A D 4 32
J R 6 11582 28 2 4609 288 0
K 0 0 49
A D 4 32
J N 6 11620 28 3 5761 288 0
K 0 0 43
K 0 0 54
A D 4 32
J B 49 11662 1 82 6913 288 0
J N 7 11683 35 4 1 0 0
K 0 0 43
K 0 0 59
K 0 -21 59
A D 8 32
J R 6 11736 28 2 2305 576 0
K 0 0 49
A D 4 32
J N 6 11774 35 3 3457 288 0
K 0 0 43
K 0 0 53
A D 4 32
J N 6 11816 42 2 4609 288 1 45
K 0 0 43
A D 4 32
J N 6 11854 49 2 5761 288 1 45
K 0 0 43
A D 4 32
H 45 B 0 0 108 2 2 3
J B 50 11896 1 82 6913 288 0
J N 6 11917 56 2 1 0 1 46
K 0 0 43
A D 4 32
J N 6 11955 35 2 1153 288 1 46
K 0 0 43
A D 4 32
H 46 B 0 0 108 2 2 3
J N 6 11993 35 3 2305 288 0
K 0 0 43
K 0 0 53
A D 4 32
J R 6 12035 28 2 3457 288 0
K 0 0 49
A D 4 32
J R 7 12073 28 2 4609 288 0
K 0 0 48
A D 8 32
J B 51 12130 1 82 6913 576 0
J R 7 12151 28 2 1 0 0
K 0 0 48
A D 8 32
J R 6 12204 28 2 2305 576 0
K 0 0 49
A D 4 32
J N 6 12242 14 3 3457 288 0
K 0 0 43
K 0 0 54
A D 4 32
J N 6 12283 21 3 4609 288 1 47
K -15 0 65
K 0 0 43
A D 4 32
J N 6 12321 28 2 5761 288 1 47
K 0 0 43
A D 4 32
H 47 B 1 0 108 2 2 3
J B 52 12363 1 82 6913 288 0
J N 6 12384 35 2 1 0 1 48
K 0 0 43
A D 4 32
J N 6 12422 49 2 1153 288 1 48
K 0 0 43
A D 4 32
H 48 B 0 0 108 2 2 3
J N 6 12460 42 2 2305 288 1 49
K 0 0 43
A D 4 32
J N 5 12498 14 2 3457 288 1 49
K 0 0 43
A D 2 32
H 49 B 1 0 108 2 2 53
J R 5 12527 28 3 4033 144 0
K 0 14 49
K 4 0 50
A D 2 32
J N 5 12568 21 4 4609 144 0
K -15 0 65
K 0 0 43
K 0 0 56
A D 2 32
J R 5 12597 28 3 5185 144 0
K 0 14 49
K 4 0 50
A D 2 32
J N 5 12630 28 3 5761 144 0
K 0 0 43
K 0 0 56
A D 2 32
J R 5 12659 28 3 6337 144 0
K 0 14 49
K 4 0 50
A D 2 32
J B 53 12696 1 82 6913 144 0
J N 5 12717 35 3 1 0 0
K 0 0 43
K 0 0 55
A D 2 32
J R 5 12757 28 3 577 144 0
K 0 14 49
K 4 0 50
A D 2 32
J N 5 12790 49 3 1153 144 0
K 0 0 43
K 0 0 55
A D 2 32
J R 5 12830 28 3 1729 144 0
K 0 14 49
K 4 0 50
A D 2 32
J N 5 12863 42 2 2305 144 1 50
K 0 0 43
A D 2 32
J N 5 12892 28 2 2881 144 1 50
K 0 0 43
A D 2 32
H 50 B 0 0 108 2 22 33
J R 5 12921 28 3 3457 144 0
K 0 14 49
K 4 0 50
A D 2 32
J N 5 12954 28 3 4033 144 0
K 0 0 43
K 0 0 56
A D 2 32
J R 5 12983 28 3 4609 144 0
K 0 14 49
K 4 0 50
A D 2 32
J N 5 13016 28 3 5185 144 0
K 0 0 43
K 0 0 56
A D 2 32
J R 5 13045 28 3 5761 144 0
K 0 14 49
K 4 0 50
A D 2 32
J N 5 13078 35 3 6337 144 0
K 0 0 43
K 0 0 55
A D 2 32
J B 54 13122 1 82 6913 144 0
J R 6 13143 28 2 1 0 0
K 0 0 49
A D 4 32
J N 6 13181 42 3 1153 288 0
K 0 0 43
K 0 0 53
A D 4 32
J R 6 13223 28 2 2305 288 0
K 0 0 49
A D 4 32
J N 6 13261 49 3 3457 288 0
K 0 0 43
K 0 0 53
A D 4 32
J R 6 13303 28 2 4609 288 0
K 0 0 49
A D 4 32
J N 6 13341 56 3 5761 288 0
K 0 0 43
K 0 0 53
A D 4 32
J B 55 13387 1 82 6913 288 0
J R 6 13408 28 2 1 0 0
K 0 0 49
A D 4 32
J N 6 13446 49 5 1153 288 0
K 0 0 43
K 0 14 43
K 0 14 59
K 0 0 53
A D 4 32
J N 6 13488 49 4 2305 288 1 51
K 0 0 43
K 0 14 43
K 0 14 59
A D 4 32
J N 6 13526 49 4 3457 288 1 51
K 0 0 43
K 0 14 43
K 0 14 59
A D 4 32
H 51 B 0 0 108 2 2 3
J N 6 13564 49 4 4609 288 1 52
K 0 0 43
K 0 14 43
K 0 14 59
A D 4 32
J N 6 13602 49 4 5761 288 1 52
K 0 0 43
K 0 14 43
K 0 14 59
A D 4 32
H 52 B 0 0 108 2 2 3
J B 56 13644 1 82 6913 288 0
J N 6 13665 56 4 1 0 1 53
K 17 0 43
K 0 7 43
K 0 7 59
A D 4 32
J N 6 13712 56 4 1153 288 1 53
K 17 0 43
K 0 7 43
K 0 7 59
A D 4 32
H 53 B 0 0 108 2 2 3
J N 6 13759 56 4 2305 288 1 54
K 17 0 43
K 0 7 43
K 0 7 59
A D 4 32
J N 6 13806 56 4 3457 288 1 54
K 17 0 43
K 0 7 43
K 0 7 59
A D 4 32
H 54 B 0 0 108 2 2 3
J N 6 13853 56 4 4609 288 1 55
K 17 0 43
K 0 7 43
K 0 7 59
A D 4 32
J N 6 13900 56 4 5761 288 1 55
K 17 0 43
K 0 7 43
K 0 7 59
A D 4 32
H 55 B 0 0 108 2 2 3
J B 57 13954 1 82 6913 288 0
J N 6 13975 49 4 1 0 1 56
K 0 0 43
K 0 14 43
K 0 14 59
A D 4 32
J N 6 14013 49 4 1153 288 1 56
K 0 0 43
K 0 14 43
K 0 14 59
A D 4 32
H 56 B 0 0 108 2 2 3
J N 6 14051 49 4 2305 288 1 57
K 0 0 43
K 0 14 43
K 0 14 59
A D 4 32
J N 6 14089 49 4 3457 288 1 57
K 0 0 43
K 0 14 43
K 0 14 59
A D 4 32
H 57 B 0 0 108 2 2 3
J N 6 14127 42 4 4609 288 1 58
K 0 0 43
K 0 14 43
K 0 14 59
A D 4 32
J N 6 14165 42 4 5761 288 1 58
K 0 0 43
K 0 14 43
K 0 14 59
A D 4 32
H 58 B 0 0 108 2 2 3
J B 58 14207 1 82 6913 288 0
J N 6 14228 63 3 1 0 0
K 0 0 43
K 0 0 53
A D 4 32
J N 7 14270 63 4 1153 288 0
K 0 0 43
K 0 0 59
K 0 -21 59
A D 8 32
J N 6 14323 63 3 3457 576 1 59
K 0 0 43
K 0 0 53
A D 4 32
J N 6 14365 63 2 4609 288 2 60 59
K 0 0 43
A D 4 32
H 59 T 63 0 0 0 0 0 9 0
J N 6 14403 63 2 5761 288 2 61 60
K 0 0 43
A D 4 32
H 60 B 0 0 108 2 2 3
J B 59 14445 1 82 6913 288 0
J N 6 14466 63 2 1 0 2 62 61
K 0 0 43
A D 4 32
H 61 T 63 0 0 0 0 0 9 0
J N 6 14504 49 4 1153 288 1 62
K 0 0 43
K 0 14 43
K 0 14 59
A D 4 32
H 62 B 0 0 108 2 2 3
J N 6 14542 49 4 2305 288 1 63
K 0 0 43
K 0 14 43
K 0 14 59
A D 4 32
J N 6 14580 49 4 3457 288 1 63
K 0 0 43
K 0 14 43
K 0 14 59
A D 4 32
H 63 B 0 0 108 2 2 3
J N 6 14618 49 4 4609 288 1 64
K 0 0 43
K 0 14 43
K 0 14 59
A D 4 32
J N 6 14656 49 4 5761 288 1 64
K 0 0 43
K 0 14 43
K 0 14 59
A D 4 32
H 64 B 0 0 108 2 2 3
J B 60 14698 1 82 6913 288 0
J N 6 14719 56 4 1 0 1 65
K 17 0 43
K 0 7 43
K 0 7 59
A D 4 32
J N 6 14766 56 4 1153 288 1 65
K 17 0 43
K 0 7 43
K 0 7 59
A D 4 32
H 65 B 0 0 108 2 2 3
J N 6 14813 56 4 2305 288 1 66
K 17 0 43
K 0 7 43
K 0 7 59
A D 4 32
J N 6 14860 56 4 3457 288 1 66
K 17 0 43
K 0 7 43
K 0 7 59
A D 4 32
H 66 B 0 0 108 2 2 3
J N 6 14907 56 4 4609 288 1 67
K 17 0 43
K 0 7 43
K 0 7 59
A D 4 32
J N 6 14954 56 4 5761 288 1 67
K 17 0 43
K 0 7 43
K 0 7 59
A D 4 32
H 67 B 0 0 108 2 2 3
J B 61 15008 1 82 6913 288 0
J N 6 15029 49 5 1 0 0
K 0 0 43
K 0 14 43
K 0 14 59
K 0 0 53
A D 4 32
J R 6 15071 28 2 1153 288 0
K 0 0 49
A D 4 32
J R 7 15109 28 2 2305 288 0
K 0 0 48
A D 8 32
J R 7 15162 28 2 4609 576 0
K 0 0 48
A D 8 32
J B 62 15219 1 82 6913 576 0
J R 9 15240 28 2 1 10000 0
K 0 0 46
A D 24 32
J B 63 15345 1 82 6913 1728 0
J R 9 15366 28 2 1 10000 0
K 0 0 46
A D 24 32
J B 64 15471 1 82 6913 1728 0
J R 9 15492 28 2 1 10000 0
K 0 0 46
A D 24 32
J B 65 15597 1 82 6913 1728 0
J N 6 15620 42 4 1 0 0
K -14 0 64
K 0 0 43
K 0 0 53
A D 4 32
J R 6 15662 28 2 1153 288 0
K 0 0 49
A D 4 32
J N 6 15700 35 3 2305 288 0
K 0 0 43
K 0 0 53
A D 4 32
J R 6 15742 28 2 3457 288 0
K 0 0 49
A D 4 32
J N 6 15780 28 4 4609 288 0
K -15 0 65
K 0 0 43
K 0 0 54
A D 4 32
J R 6 15818 28 2 5761 288 0
K 0 0 49
A D 4 32
J B 66 15860 1 82 6913 288 0
J N 6 15883 42 4 1 0 0
K -14 0 64
K 0 0 43
K 0 0 53
A D 4 32
J R 6 15925 28 2 1153 288 0
K 0 0 49
A D 4 32
J N 6 15963 28 3 2305 288 0
K 0 0 43
K 0 0 54
A D 4 32
J R 6 16001 28 2 3457 288 0
K 0 0 49
A D 4 32
J N 6 16039 42 3 4609 288 0
K 0 0 43
K 0 0 53
A D 4 32
J R 6 16081 28 2 5761 288 0
K 0 0 49
A D 4 32
J B 67 16123 1 82 6913 288 0
J N 6 16144 35 3 1 0 0
K 0 0 43
K 0 0 53
A D 4 32
J R 6 16186 28 2 1153 288 0
K 0 0 49
A D 4 32
J R 7 16224 28 2 2305 288 0
K 0 0 48
A D 8 32
J R 7 16277 28 2 4609 576 0
K 0 0 48
A D 8 32
J B 68 16334 1 82 6913 576 0
J R 6 16355 28 2 1 0 0
K 0 0 49
A D 4 32
J N 6 16393 35 3 1153 288 0
K 0 0 43
K 0 0 53
A D 4 32
J R 6 16435 28 2 2305 288 0
K 0 0 49
A D 4 32
J N 6 16473 35 3 3457 288 0
K 0 0 43
K 0 0 53
A D 4 32
J R 6 16515 28 2 4609 288 0
K 0 0 49
A D 4 32
J N 6 16553 35 3 5761 288 0
K 0 0 43
K 0 0 53
A D 4 32
J B 69 16599 1 82 6913 288 0
J N 5 16620 63 2 1 0 1 68
K 0 0 43
A D 2 32
J N 5 16649 14 2 577 144 1 68
K 0 0 43
A D 2 32
J N 5 16678 14 2 1153 144 1 68
K 0 0 43
A D 2 32
J N 5 16707 14 2 1729 144 1 68
K 0 0 43
A D 2 32
H 68 B 1 0 108 4 22 11 11 33
J N 5 16736 14 2 2305 144 1 69
K 0 0 43
A D 2 32
J N 5 16765 14 2 2881 144 1 69
K 0 0 43
A D 2 32
J N 5 16794 14 2 3457 144 1 69
K 0 0 43
A D 2 32
J N 5 16823 14 2 4033 144 1 69
K 0 0 43
A D 2 32
H 69 B 1 0 108 4 22 11 11 33
J N 5 16864 28 3 4609 144 1 70
K -15 0 65
K 0 0 43
A D 2 32
J N 5 16893 28 2 5185 144 1 70
K 0 0 43
A D 2 32
J N 5 16922 42 2 5761 144 1 70
K 0 0 43
A D 2 32
J N 5 16951 42 2 6337 144 1 70
K 0 0 43
A D 2 32
H 70 B 0 0 108 4 22 11 11 33
J B 70 16984 1 82 6913 144 0
J N 7 17008 35 11 1 0 0
K 1 35 45
K -15 35 65
K 0 0 43
K 0 35 43
K -1 35 45
K 2 35 45
K 0 35 59
K 0 28 59
K 0 0 59
K 0 -21 59
A D 8 32
J N 4 17061 42 7 2305 576 1 71
K 1 28 45
K 0 0 43
K 0 28 43
K -1 28 45
K 2 28 45
K 0 28 59
A D 1 32
J N 4 17090 70 5 2593 72 1 71
K 1 0 45
K 0 0 43
K -1 0 45
K 2 0 45
A D 1 32
J N 4 17119 63 2 2881 72 1 71
K 0 0 43
A D 1 32
J N 4 17148 56 2 3169 72 1 71
K 0 0 43
A D 1 32
J N 4 17189 49 3 3457 72 1 71
K -15 0 65
K 0 0 43
A D 1 32
J N 4 17218 42 2 3745 72 1 71
K 0 0 43
A D 1 32
J N 4 17247 35 2 4033 72 1 71
K 0 0 43
A D 1 32
J N 4 17276 28 2 4321 72 1 71
K 0 0 43
A D 1 32
H 71 B 0 0 108 8 222 111 111 111 111 111 111 333
J N 5 17317 21 3 4609 72 1 72
K -15 0 65
K 0 0 43
A D 2 32
J N 5 17346 70 5 5185 144 1 72
K 1 0 45
K 0 0 43
K -1 0 45
K 2 0 45
A D 2 32
J N 5 17375 21 2 5761 144 1 72
K 0 0 43
A D 2 32
J N 5 17404 21 2 6337 144 1 72
K 0 0 43
A D 2 32
H 72 B 0 0 108 4 22 11 11 33
J B 71 17437 1 82 6913 144 0
J N 7 17461 28 5 1 0 0
K -15 0 65
K 0 0 43
K 0 0 60
K 0 21 60
A D 8 32
J N 4 17514 35 2 2305 576 1 73
K 0 0 43
A D 1 32
J N 4 17543 63 2 2593 72 1 73
K 0 0 43
A D 1 32
J N 4 17572 56 2 2881 72 1 73
K 0 0 43
A D 1 32
J N 4 17601 49 2 3169 72 1 73
K 0 0 43
A D 1 32
J N 4 17630 42 2 3457 72 1 73
K 0 0 43
A D 1 32
J N 4 17659 35 2 3745 72 1 73
K 0 0 43
A D 1 32
J N 4 17699 28 3 4033 72 1 73
K -14 0 64
K 0 0 43
A D 1 32
J N 4 17728 21 2 4321 72 1 73
K 0 0 43
A D 1 32
H 73 B 0 0 108 8 222 111 111 111 111 111 111 333
J N 5 17757 14 2 4609 72 1 74
K 0 0 43
A D 2 32
J N 5 17786 63 2 5185 144 1 74
K 0 0 43
A D 2 32
J N 5 17815 63 2 5761 144 1 74
K 0 0 43
A D 2 32
J N 5 17844 63 2 6337 144 1 74
K 0 0 43
A D 2 32
H 74 B 0 0 108 4 22 11 11 33
J B 72 17877 1 82 6913 144 0
J N 5 17898 28 2 1 0 1 75
K 0 0 43
A D 2 32
J N 5 17927 28 2 577 144 1 75
K 0 0 43
A D 2 32
J N 5 17956 28 2 1153 144 1 75
K 0 0 43
A D 2 32
J N 5 17985 28 2 1729 144 1 75
K 0 0 43
A D 2 32
H 75 B 1 0 108 4 22 11 11 33
J N 5 18026 28 3 2305 144 1 76
K -15 0 65
K 0 0 43
A D 2 32
J N 5 18055 28 2 2881 144 1 76
K 0 0 43
A D 2 32
J N 5 18084 28 2 3457 144 1 76
K 0 0 43
A D 2 32
J N 5 18113 28 2 4033 144 1 76
K 0 0 43
A D 2 32
H 76 B 1 0 108 4 22 11 11 33
J N 5 18142 28 2 4609 144 1 77
K 0 0 43
A D 2 32
J N 5 18171 28 2 5185 144 1 77
K 0 0 43
A D 2 32
J N 5 18200 28 2 5761 144 1 77
K 0 0 43
A D 2 32
J N 5 18229 28 2 6337 144 1 77
K 0 0 43
A D 2 32
H 77 B 1 0 108 4 22 11 11 33
J B 73 18262 1 82 6913 144 0
J N 5 18283 35 2 1 0 1 78
K 0 0 43
A D 2 32
J N 5 18312 35 2 577 144 1 78
K 0 0 43
A D 2 32
J N 5 18341 35 2 1153 144 1 78
K 0 0 43
A D 2 32
J N 5 18370 35 2 1729 144 1 78
K 0 0 43
A D 2 32
H 78 B 0 0 108 4 22 11 11 33
J N 5 18410 42 3 2305 144 1 79
K -14 0 64
K 0 0 43
A D 2 32
J N 5 18439 42 2 2881 144 1 79
K 0 0 43
A D 2 32
J N 5 18468 42 2 3457 144 1 79
K 0 0 43
A D 2 32
J N 5 18497 42 2 4033 144 1 79
K 0 0 43
A D 2 32
H 79 B 0 0 108 4 22 11 11 33
J N 5 18526 28 2 4609 144 1 80
K 0 0 43
A D 2 32
J N 5 18555 28 2 5185 144 1 80
K 0 0 43
A D 2 32
J N 5 18584 28 2 5761 144 1 80
K 0 0 43
A D 2 32
J N 5 18613 28 2 6337 144 1 80
K 0 0 43
A D 2 32
H 80 B 1 0 108 4 22 11 11 33
J B 74 18646 1 82 6913 144 0
J N 8 18667 35 4 1 0 0
K 0 0 42
K 0 0 59
K 0 -21 59
A D 16 32
J R 7 18746 28 2 4609 1152 0
K 0 0 48
A D 8 32
J B 75 18803 1 82 6913 576 0
J R 9 18824 28 2 1 10000 0
K 0 0 46
A D 24 32
J B 76 18929 1 82 6913 1728 0
J R 9 18950 28 2 1 10000 0
K 0 0 46
A D 24 32
J B 77 19055 1 82 6913 1728 0
J R 9 19076 28 2 1 10000 0
K 0 0 46
A D 24 32
J B 78 19181 1 82 6913 1728 0
J N 8 19202 35 4 1 0 0
K 0 0 42
K 0 0 59
K 0 -21 59
A D 16 32
J N 7 19281 28 4 4609 1152 0
K 0 0 43
K 0 0 60
K 0 21 60
A D 8 32
J B 79 19338 1 82 6913 576 0
J N 7 19359 35 4 1 0 0
K 0 0 43
K 0 0 59
K 0 -21 59
A D 8 32
J R 7 19412 28 2 2305 576 0
K 0 0 48
A D 8 32
J R 7 19465 28 2 4609 576 0
K 0 0 48
A D 8 32
J B 80 19522 1 82 6913 576 0
J R 9 19543 28 2 1 10000 0
K 0 0 46
A D 24 32
J B 81 19648 1 82 6913 1728 0
J N 7 19669 35 4 1 0 0
K 0 0 43
K 0 0 59
K 0 -21 59
A D 8 32
J N 7 19722 35 4 2305 576 0
K 0 0 43
K 0 0 59
K 0 -21 59
A D 8 32
J N 7 19775 35 4 4609 576 0
K 0 0 43
K 0 0 59
K 0 -21 59
A D 8 32
J B 82 19832 1 82 6913 576 0
J N 7 19853 35 4 1 0 0
K 0 0 43
K 0 0 59
K 0 -21 59
A D 8 32
J R 7 19906 28 2 2305 576 0
K 0 0 48
A D 8 32
J R 7 19959 28 2 4609 576 0
K 0 0 48
A D 8 32
J B 83 20016 1 82 6913 576 0
J N 7 20037 42 4 1 0 0
K 0 0 43
K 0 0 59
K 0 -21 59
A D 8 32
J N 7 20090 42 4 2305 576 0
K 0 0 43
K 0 0 59
K 0 -21 59
A D 8 32
J N 7 20143 42 4 4609 576 0
K 0 0 43
K 0 0 59
K 0 -21 59
A D 8 32
J B 84 20200 1 82 6913 576 0
J N 7 20221 49 4 1 0 0
K 0 0 43
K 0 0 59
K 0 -21 59
A D 8 32
J R 7 20274 28 2 2305 576 0
K 0 0 48
A D 8 32
J R 7 20327 28 2 4609 576 0
K 0 0 48
A D 8 32
J B 85 20384 1 82 6913 576 0
J R 9 20405 28 2 1 10000 0
K 0 0 46
A D 24 32
J B 86 20510 1 82 6913 1728 0
J R 9 20531 28 2 1 10000 0
K 0 0 46
A D 24 32
J B 87 20636 1 82 6913 1728 0
J N 7 20657 35 4 1 0 0
K 0 0 43
K 0 0 59
K 0 -21 59
A D 8 32
J N 7 20710 35 4 2305 576 0
K 0 0 43
K 0 0 59
K 0 -21 59
A D 8 32
J N 7 20763 35 4 4609 576 0
K 0 0 43
K 0 0 59
K 0 -21 59
A D 8 32
J B 88 20820 1 82 6913 576 0
J N 7 20841 35 4 1 0 0
K 0 0 43
K 0 0 59
K 0 -21 59
A D 8 32
J R 7 20894 28 2 2305 576 0
K 0 0 48
A D 8 32
J N 7 20947 35 4 4609 576 1 81
K 0 0 43
K 0 0 59
K 0 -21 59
A D 8 32
J B 89 21004 1 82 6913 576 0
J N 7 21025 35 4 1 0 1 81
K 0 0 43
K 0 0 59
K 0 -21 59
A D 8 32
H 81 T 35 0 0 0 0 0 9 0
J R 7 21078 28 2 2305 576 0
K 0 0 48
A D 8 32
J N 7 21131 35 4 4609 576 1 82
K 0 0 43
K 0 0 59
K 0 -21 59
A D 8 32
J B 90 21188 1 82 6913 576 0
J N 7 21209 35 4 1 0 1 82
K 0 0 43
K 0 0 59
K 0 -21 59
A D 8 32
H 82 T 35 0 0 0 0 0 9 0
J R 7 21262 28 2 2305 576 0
K 0 0 48
A D 8 32
J N 7 21315 49 4 4609 576 0
K 0 0 43
K 0 0 59
K 0 -21 59
A D 8 32
J B 91 21372 1 82 6913 576 0
J N 7 21393 63 4 1 0 0
K 0 0 43
K 0 0 59
K 0 -21 59
A D 8 32
J R 7 21446 28 2 2305 576 0
K 0 0 48
A D 8 32
J R 7 21499 28 2 4609 576 0
K 0 0 48
A D 8 32
J B 0 21569 6 2 6913 576 0
K -13 0 82
K -6 0 84
J M 0 21569 0 0 10000 0 0
