@ SOURCE: {beethoven/bhl/orch/sym3/stage2/03/s04} MAY/19/2010 [md5sum:e27e1091620d77472a85d92672cd51bf]
L 0 0 14 !39Fagotti 1, 2
J D 4 500 -120 1 6913 0 0
W 0 0 44 Scherzo and Trio
J D 1 75 -37 1 6913 0 0
W 0 -56 44 Scherzo and Trio:  Fagotti 1, 2
J C 22 5 14 36 6913 0 0
J K -3 57 0 3 6913 0 0
K 0 42 65
K 13 21 65
K 26 49 65
J T 304 121 0 2 6913 0 0
K -10 28 74
K -10 56 75
Y P 31 Fag_1-2
J R 7 163 28 2 1 0 0
K 0 0 48
A D 2 8 0
A P 3 0 0
J B 1 196 1 82 6913 576 0
J R 9 217 28 2 1 10001 0
K 0 0 46
A D 6 8 0
A P 3 0 0
J B 2 267 1 82 6913 1728 0
J R 9 288 28 2 1 10001 0
K 0 0 46
A D 6 8 0
A P 3 0 0
J B 3 338 1 82 6913 1728 0
J R 9 359 28 2 1 10001 0
K 0 0 46
A D 6 8 0
A P 3 0 0
J B 4 409 1 82 6913 1728 0
J R 9 430 28 2 1 10001 0
K 0 0 46
A D 6 8 0
A P 3 0 0
J B 5 480 1 82 6913 1728 0
J R 9 501 28 2 1 10001 0
K 0 0 46
A D 6 8 0
A P 3 0 0
J B 6 551 1 82 6913 1728 0
J R 9 572 28 2 1 10001 0
K 0 0 46
A D 6 8 0
A P 3 0 0
J B 7 622 1 82 6913 1728 0
J R 9 643 28 2 1 10001 0
K 0 0 46
A D 6 8 0
A P 3 0 0
J B 8 693 1 82 6913 1728 0
J R 9 714 28 2 1 10001 0
K 0 0 46
A D 6 8 0
A P 3 0 0
J B 9 764 1 82 6913 1728 0
J R 9 785 28 2 1 10001 0
K 0 0 46
A D 6 8 0
A P 3 0 0
J B 10 835 1 82 6913 1728 0
J R 9 856 28 2 1 10001 0
K 0 0 46
A D 6 8 0
A P 3 0 0
J B 11 906 1 82 6913 1728 0
J R 9 927 28 2 1 10001 0
K 0 0 46
A D 6 8 0
A P 3 0 0
J B 12 977 1 82 6913 1728 0
J R 9 998 28 2 1 10001 0
K 0 0 46
A D 6 8 0
A P 3 0 0
J B 13 1048 1 82 6913 1728 0
J R 9 1069 28 2 1 10001 0
K 0 0 46
A D 6 8 0
A P 3 0 0
J B 14 1119 1 82 6913 1728 0
J R 9 1140 28 2 1 10001 0
K 0 0 46
A D 6 8 0
A P 3 0 0
J B 15 1190 1 82 6913 1728 0
J R 9 1211 28 2 1 10001 0
K 0 0 46
A D 6 8 0
A P 3 0 0
J B 16 1261 1 82 6913 1728 0
J R 9 1282 28 2 1 10001 0
K 0 0 46
A D 6 8 0
A P 3 0 0
J B 17 1332 1 82 6913 1728 0
J R 9 1353 28 2 1 10001 0
K 0 0 46
A D 6 8 0
A P 3 0 0
J B 18 1403 1 82 6913 1728 0
J R 9 1424 28 2 1 10001 0
K 0 0 46
A D 6 8 0
A P 3 0 0
J B 19 1474 1 82 6913 1728 0
J R 9 1495 28 2 1 10001 0
K 0 0 46
A D 6 8 0
A P 3 0 0
J B 20 1545 1 82 6913 1728 0
J R 9 1566 28 2 1 10001 0
K 0 0 46
A D 6 8 0
A P 3 0 0
J B 21 1616 1 82 6913 1728 0
J R 9 1637 28 2 1 10001 0
K 0 0 46
A D 6 8 0
A P 3 0 0
J B 22 1687 1 82 6913 1728 0
J R 9 1708 28 2 1 10001 0
K 0 0 46
A D 6 8 0
A P 3 0 0
J B 23 1758 1 82 6913 1728 0
J R 9 1779 28 2 1 10001 0
K 0 0 46
A D 6 8 0
A P 3 0 0
J B 24 1829 1 82 6913 1728 0
J R 9 1850 28 2 1 10001 0
K 0 0 46
A D 6 8 0
A P 3 0 0
J B 25 1900 1 82 6913 1728 0
J D 0 1865 0 1 1 0 0
W 0 -21 32 1.
J N 8 1921 -28 10 1 0 0
K 0 14 45
K 0 0 45
K 0 0 42
K -1 0 45
K 2 0 45
K 24 -6 44
K 0 106 108
K 0 0 60
K 0 28 60
A D 6 8 0
A P 1 174 0
J B 26 1971 1 82 6913 1728 0
J N 7 1992 -21 7 1 0 1 1
K 0 7 45
K 0 0 43
K 0 7 45
K 1 7 45
K 0 0 60
K 0 21 60
A D 2 8 0
A P 1 169 0
J N 7 2021 -35 9 2305 576 1 1
K 0 21 45
K 0 7 45
K 0 0 43
K 0 7 45
K 1 7 45
K 0 0 60
K 0 28 60
K 0 35 60
A D 2 8 0
A P 1 180 0
H 1 S 0 0 0 0 0 0 0 0 0
J N 7 2050 -21 8 4609 576 0
K 0 7 45
K 0 0 43
K 0 7 45
K 1 7 45
K 0 -17 96
K 0 0 60
K 0 21 60
A D 2 8 0
A P 1 169 0
J B 27 2083 1 82 6913 576 0
J N 7 2104 -14 7 1 0 1 2
K 0 0 45
K 0 0 43
K -1 0 45
K 2 0 45
K 0 0 60
K 0 21 60
A D 2 8 0
A P 1 163 0
J N 7 2133 -28 8 2305 576 1 2
K 0 14 45
K 0 0 45
K 0 0 43
K -1 0 45
K 2 0 45
K 0 0 60
K 0 28 60
A D 2 8 0
A P 1 174 0
H 2 S 0 0 0 0 0 0 0 0 0
J N 7 2162 -14 8 4609 576 0
K 0 0 45
K 0 0 43
K -1 0 45
K 2 0 45
K 0 -17 96
K 0 0 60
K 0 21 60
A D 2 8 0
A P 1 163 0
J B 28 2195 1 82 6913 576 0
J N 7 2216 -7 4 1 0 0
K 0 0 43
K 0 0 60
K 0 21 60
A D 2 8 0
A P 1 157 0
J R 7 2245 28 2 2305 576 0
K 0 0 48
A D 2 8 1
A P 1 0 1
J R 7 2274 28 2 4609 576 0
K 0 0 48
A D 2 8 0
A P 1 0 0
J B 29 2307 1 82 6913 576 0
J R 9 2328 28 2 1 10001 0
K 0 0 46
A D 6 8 0
A P 3 0 0
J B 30 2378 1 82 6913 1728 0
J R 9 2399 28 2 1 10001 0
K 0 0 46
A D 6 8 0
A P 3 0 0
J B 31 2449 9 4 6913 1728 0
K 0 0 84
K 12 0 82
K 18 21 44
K 18 35 44
J R 9 2492 28 2 1 10001 0
K 0 0 46
A D 6 8 0
A P 3 0 0
J B 32 2542 1 82 6913 1728 0
J R 9 2563 28 2 1 10001 0
K 0 0 46
A D 6 8 0
A P 3 0 0
J B 33 2613 1 82 6913 1728 0
J R 9 2634 28 2 1 10001 0
K 0 0 46
A D 6 8 0
A P 3 0 0
J B 34 2684 1 82 6913 1728 0
J R 9 2705 28 2 1 10001 0
K 0 0 46
A D 6 8 0
A P 3 0 0
J B 35 2755 1 82 6913 1728 0
J R 9 2776 28 2 1 10001 0
K 0 0 46
A D 6 8 0
A P 3 0 0
J B 36 2826 1 82 6913 1728 0
J R 9 2847 28 2 1 10001 0
K 0 0 46
A D 6 8 0
A P 3 0 0
J B 37 2897 1 82 6913 1728 0
J R 9 2918 28 2 1 10001 0
K 0 0 46
A D 6 8 0
A P 3 0 0
J B 38 2968 1 82 6913 1728 0
J R 9 2989 28 2 1 10001 0
K 0 0 46
A D 6 8 0
A P 3 0 0
J B 39 3039 1 82 6913 1728 0
J R 9 3060 28 2 1 10001 0
K 0 0 46
A D 6 8 0
A P 3 0 0
J B 40 3110 1 82 6913 1728 0
J R 9 3131 28 2 1 10001 0
K 0 0 46
A D 6 8 0
A P 3 0 0
J B 41 3181 1 82 6913 1728 0
J R 9 3202 28 2 1 10001 0
K 0 0 46
A D 6 8 0
A P 3 0 0
J B 42 3252 1 82 6913 1728 0
J R 9 3273 28 2 1 10001 0
K 0 0 46
A D 6 8 0
A P 3 0 0
J B 43 3323 1 82 6913 1728 0
J R 9 3344 28 2 1 10001 0
K 0 0 46
A D 6 8 0
A P 3 0 0
J B 44 3394 1 82 6913 1728 0
J R 9 3415 28 2 1 10001 0
K 0 0 46
A D 6 8 0
A P 3 0 0
J B 45 3465 1 82 6913 1728 0
J R 9 3486 28 2 1 10001 0
K 0 0 46
A D 6 8 0
A P 3 0 0
J B 46 3536 1 82 6913 1728 0
J R 9 3557 28 2 1 10001 0
K 0 0 46
A D 6 8 0
A P 3 0 0
J B 47 3607 1 82 6913 1728 0
J R 9 3628 28 2 1 10001 0
K 0 0 46
A D 6 8 0
A P 3 0 0
J B 48 3678 1 82 6913 1728 0
J R 9 3699 28 2 1 10001 0
K 0 0 46
A D 6 8 0
A P 3 0 0
J B 49 3749 1 82 6913 1728 0
J R 9 3770 28 2 1 10001 0
K 0 0 46
A D 6 8 0
A P 3 0 0
J B 50 3820 1 82 6913 1728 0
J R 9 3841 28 2 1 10001 0
K 0 0 46
A D 6 8 0
A P 3 0 0
J B 51 3891 1 82 6913 1728 0
J R 9 3912 28 2 1 10001 0
K 0 0 46
A D 6 8 0
A P 3 0 0
J B 52 3962 1 82 6913 1728 0
J D 0 3927 0 1 1 0 0
W 0 -21 32 1.
J N 8 3983 -14 9 1 0 0
K 0 0 45
K 0 0 42
K -1 0 45
K 2 0 45
K 24 -6 44
K 0 -17 93
K 0 0 60
K 0 21 60
A D 6 8 0
A P 1 163 0
J B 53 4033 1 82 6913 1728 0
J N 7 4054 -21 7 1 0 0
K 0 7 45
K 0 0 43
K 0 7 45
K 1 7 45
K 0 0 60
K 0 21 60
A D 2 8 0
A P 1 169 0
J R 7 4083 28 2 2305 576 0
K 0 0 48
A D 2 8 1
A P 1 0 1
J R 7 4112 28 2 4609 576 0
K 0 0 48
A D 2 8 0
A P 1 0 0
J B 54 4145 1 82 6913 576 0
J R 9 4166 28 2 1 10001 0
K 0 0 46
A D 6 8 0
A P 3 0 0
J B 55 4216 1 82 6913 1728 0
J R 9 4237 28 2 1 10001 0
K 0 0 46
A D 6 8 0
A P 3 0 0
J B 56 4287 1 82 6913 1728 0
J D 0 4252 0 1 1 0 0
W 0 -21 32 1.
J N 8 4308 -21 9 1 0 0
K 0 7 45
K 0 0 42
K 0 7 45
K 1 7 45
K 25 0 44
K 0 -17 93
K 0 0 60
K 0 21 60
A D 6 8 0
A P 1 169 0
J B 57 4358 1 82 6913 1728 0
J D 0 4367 0 1 1 0 0
W 0 98 33 sempre !1|pp
J N 7 4379 -21 8 1 0 0
K 0 7 45
K 0 0 43
K 0 7 45
K 1 7 45
K 0 -17 96
K 0 0 60
K 0 21 60
A D 2 8 0
A P 1 169 0
J N 7 4408 28 5 2305 576 0
K 0 0 43
K 0 -21 96
K 0 0 60
K 0 21 60
A D 2 8 0
A P 1 129 0
J N 7 4437 -14 8 4609 576 0
K 0 0 45
K 0 0 43
K -1 0 45
K 2 0 45
K 0 -17 96
K 0 0 60
K 0 21 60
A D 2 8 0
A P 1 163 0
J B 58 4470 1 82 6913 576 0
J N 7 4491 -7 5 1 0 0
K 0 0 43
K 0 -17 96
K 0 0 60
K 0 21 60
A D 2 8 0
A P 1 157 0
J N 7 4520 7 5 2305 576 0
K 0 0 43
K 0 -17 96
K 0 0 60
K 0 21 60
A D 2 8 0
A P 1 146 0
J N 7 4549 21 5 4609 576 0
K 0 0 43
K 0 -14 96
K 0 0 60
K 0 21 60
A D 2 8 0
A P 1 134 0
J B 59 4582 1 82 6913 576 0
J N 7 4603 28 5 1 0 0
K 0 0 43
K 7 -52 96
K 0 0 59
K 0 -14 59
A D 2 8 0
A P 1 129 0
J N 7 4603 28 4 1 0 0
K 0 0 43
K 0 0 60
K 0 21 60
A D 2 8 0
A P 2 129 0
J N 7 4643 0 11 2305 576 0
K 0 -14 45
K -14 0 64
K 0 -14 43
K -1 -14 45
K 2 -14 45
K 0 0 43
K 0 -31 96
K 0 -14 60
K 0 0 60
K 0 21 60
A D 2 8 0
A P 1 163 0
A P 2 152 0
J N 7 4701 14 9 4609 576 0
K -14 -14 64
K -32 0 63
K 0 -14 43
K 0 0 43
K 0 -31 96
K 0 -14 60
K 0 0 60
K 0 21 60
A D 2 8 0
A P 1 152 0
A P 2 141 0
J B 60 4734 1 82 6913 576 0
J N 7 4755 -7 10 1 0 0
K 0 -7 45
K 0 -14 43
K 0 -7 45
K 1 -7 45
K 0 0 43
K 0 -31 96
K 0 -14 60
K 0 0 60
K 0 21 60
A D 2 8 0
A P 1 169 0
A P 2 157 0
J N 7 4784 7 7 2305 576 0
K 0 -14 43
K 0 0 43
K 0 -31 96
K 0 -14 60
K 0 0 60
K 0 21 60
A D 2 8 0
A P 1 157 0
A P 2 146 0
J N 7 4813 21 12 4609 576 0
K 0 -35 45
K 0 -49 45
K 0 -49 43
K -1 -49 45
K 2 -49 45
K 0 0 43
K 0 -66 96
K 0 -49 60
K 0 -28 60
K 0 0 60
K 0 21 60
A D 2 8 0
A P 1 174 0
A P 2 134 0
J B 61 4846 1 82 6913 576 0
J N 7 4867 28 11 1 0 0
K 0 -42 45
K 0 -49 43
K 0 -42 45
K 1 -42 45
K 0 0 43
K 0 -66 96
K 0 -49 60
K 0 -28 60
K 0 0 60
K 0 21 60
A D 2 8 0
A P 1 169 0
A P 2 129 0
J R 7 4896 28 2 2305 576 0
K 0 0 48
A D 2 8 1
A P 1 0 1
J R 7 4925 28 2 4609 576 0
K 0 0 48
A D 2 8 0
A P 1 0 0
J B 62 4958 1 82 6913 576 0
J R 9 4979 28 2 1 10001 0
K 0 0 46
A D 6 8 0
A P 3 0 0
J B 63 5029 1 82 6913 1728 0
J R 9 5050 28 2 1 10001 0
K 0 0 46
A D 6 8 0
A P 3 0 0
J B 64 5100 1 82 6913 1728 0
J R 9 5121 28 2 1 10001 0
K 0 0 46
A D 6 8 0
A P 3 0 0
J B 65 5171 1 82 6913 1728 0
J R 9 5192 28 2 1 10001 0
K 0 0 46
A D 6 8 0
A P 3 0 0
J B 66 5242 1 82 6913 1728 0
J R 9 5263 28 2 1 10001 0
K 0 0 46
A D 6 8 0
A P 3 0 0
J B 67 5313 1 82 6913 1728 0
J R 9 5334 28 2 1 10001 0
K 0 0 46
A D 6 8 0
A P 3 0 0
J B 68 5384 1 82 6913 1728 0
J R 9 5405 28 2 1 10001 0
K 0 0 46
A D 6 8 0
A P 3 0 0
J B 69 5455 1 82 6913 1728 0
J R 9 5476 28 2 1 10001 0
K 0 0 46
A D 6 8 0
A P 3 0 0
J B 70 5526 1 82 6913 1728 0
J R 9 5547 28 2 1 10001 0
K 0 0 46
A D 6 8 0
A P 3 0 0
J B 71 5597 1 82 6913 1728 0
J R 9 5618 28 2 1 10001 0
K 0 0 46
A D 6 8 0
A P 3 0 0
J B 72 5668 1 82 6913 1728 0
J R 9 5689 28 2 1 10001 0
K 0 0 46
A D 6 8 0
A P 3 0 0
J B 73 5739 1 82 6913 1728 0
J R 9 5760 28 2 1 10001 0
K 0 0 46
A D 6 8 0
A P 3 0 0
J B 74 5810 1 82 6913 1728 0
J R 9 5831 28 2 1 10001 0
K 0 0 46
A D 6 8 0
A P 3 0 0
J B 75 5881 1 82 6913 1728 0
J R 9 5902 28 2 1 10001 0
K 0 0 46
A D 6 8 0
A P 3 0 0
J B 76 5952 1 82 6913 1728 0
J R 9 5973 28 2 1 10001 0
K 0 0 46
A D 6 8 0
A P 3 0 0
J B 77 6023 1 82 6913 1728 0
J R 9 6044 28 2 1 10001 0
K 0 0 46
A D 6 8 0
A P 3 0 0
J B 78 6094 1 82 6913 1728 0
J R 9 6115 28 2 1 10001 0
K 0 0 46
A D 6 8 0
A P 3 0 0
J B 79 6165 1 82 6913 1728 0
J R 9 6186 28 2 1 10001 0
K 0 0 46
A D 6 8 0
A P 3 0 0
J B 80 6236 1 82 6913 1728 0
J R 7 6257 28 2 1 0 0
K 0 0 48
A D 2 8 1
A P 1 0 1
J R 7 6286 28 2 2305 576 0
K 0 0 48
A D 2 8 0
A P 1 0 0
J N 7 6315 0 11 4609 576 0
K 0 -14 45
K 0 -14 43
K -1 -14 45
K 2 -14 45
K 0 0 43
K 0 -31 96
K 0 79 108
K 0 -14 60
K 0 0 60
K 0 21 60
A D 2 8 0
A P 1 163 0
A P 2 151 0
J B 81 6348 1 82 6913 576 0
J N 7 6369 7 7 1 0 0
K 0 -14 43
K 0 0 43
K 0 -31 96
K 0 -14 60
K 0 0 60
K 0 21 60
A D 2 8 0
A P 1 157 0
A P 2 146 0
J N 7 6398 0 10 2305 576 0
K 0 -14 45
K 0 -14 43
K -1 -14 45
K 2 -14 45
K 0 0 43
K 0 -31 96
K 0 -14 60
K 0 0 60
K 0 21 60
A D 2 8 0
A P 1 163 0
A P 2 151 0
J N 7 6427 7 7 4609 576 0
K 0 -14 43
K 0 0 43
K 0 -31 96
K 0 -14 60
K 0 0 60
K 0 21 60
A D 2 8 0
A P 1 157 0
A P 2 146 0
J B 82 6460 1 82 6913 576 0
J N 7 6481 0 10 1 0 0
K 0 -14 45
K 0 -14 43
K -1 -14 45
K 2 -14 45
K 0 0 43
K 0 -31 96
K 0 -14 60
K 0 0 60
K 0 21 60
A D 2 8 0
A P 1 163 0
A P 2 151 0
J N 7 6510 7 7 2305 576 0
K 0 -14 43
K 0 0 43
K 0 -31 96
K 0 -14 60
K 0 0 60
K 0 21 60
A D 2 8 0
A P 1 157 0
A P 2 146 0
J N 7 6539 -7 10 4609 576 0
K 0 -7 45
K 0 -14 43
K 0 -7 45
K 1 -7 45
K 0 0 43
K 0 -31 96
K 0 -14 60
K 0 0 60
K 0 21 60
A D 2 8 0
A P 1 169 0
A P 2 157 0
J B 83 6572 1 82 6913 576 0
J N 7 6593 -7 10 1 0 0
K 0 -7 45
K 0 -21 45
K 0 -21 43
K -1 -21 45
K 2 -21 45
K 0 0 43
K 0 -21 60
K 0 0 60
K 0 21 60
A D 2 8 0
A P 1 174 0
A P 2 157 0
J R 7 6622 28 2 2305 576 0
K 0 0 48
A D 2 8 1
A P 1 0 1
J R 7 6651 28 2 4609 576 0
K 0 0 48
A D 2 8 0
A P 1 0 0
J B 84 6684 1 82 6913 576 0
J R 9 6705 28 2 1 10001 0
K 0 0 46
A D 6 8 0
A P 3 0 0
J B 85 6755 1 82 6913 1728 0
J R 9 6776 28 2 1 10001 0
K 0 0 46
A D 6 8 0
A P 3 0 0
J B 86 6826 1 82 6913 1728 0
J R 9 6847 28 2 1 10001 0
K 0 0 46
A D 6 8 0
A P 3 0 0
J B 87 6897 1 82 6913 1728 0
J R 9 6918 28 2 1 10001 0
K 0 0 46
A D 6 8 0
A P 3 0 0
J B 88 6968 1 82 6913 1728 0
J R 9 6989 28 2 1 10001 0
K 0 0 46
A D 6 8 0
A P 3 0 0
J B 89 7039 1 82 6913 1728 0
J R 9 7060 28 2 1 10001 0
K 0 0 46
A D 6 8 0
A P 3 0 0
J B 90 7110 1 82 6913 1728 0
J R 9 7131 28 2 1 10001 0
K 0 0 46
A D 6 8 0
A P 3 0 0
J B 91 7181 1 82 6913 1728 0
J R 9 7202 28 2 1 10001 0
K 0 0 46
A D 6 8 0
A P 3 0 0
J B 92 7252 1 82 6913 1728 0
J D 0 7273 0 1 1 0 0
W 0 114 36 cresc.
J N 7 7273 42 8 1 0 0
K 0 -49 43
K 0 0 43
K 0 -66 96
K 0 -49 60
K 0 -28 60
K 0 0 60
K 0 14 60
A D 2 8 0
A P 1 157 0
A P 2 117 0
J N 7 7302 35 11 2305 576 0
K 0 -49 45
K 0 -49 43
K -1 -49 45
K 2 -49 45
K 0 0 43
K 0 -66 96
K 0 -49 60
K 0 -28 60
K 0 0 60
K 0 14 60
A D 2 8 0
A P 1 163 0
A P 2 123 0
J N 7 7331 28 11 4609 576 0
K 0 -42 45
K 0 -49 43
K 0 -42 45
K 1 -42 45
K 0 0 43
K 0 -66 96
K 0 -49 60
K 0 -28 60
K 0 0 60
K 0 21 60
A D 2 8 0
A P 1 169 0
A P 2 129 0
J B 93 7364 1 82 6913 576 0
J N 7 7385 21 13 1 0 0
K 0 -35 45
K 0 -49 45
K 0 -49 43
K -1 -49 45
K 2 -49 45
K 0 0 43
K 0 71 110
K 17 71 110
K 0 -49 60
K 0 -28 60
K 0 0 60
K 0 21 60
A D 2 8 0
A P 1 174 0
A P 2 134 0
J N 7 7414 7 11 2305 576 0
K 0 -21 45
K 0 -35 45
K 0 -35 43
K -1 -35 45
K 2 -35 45
K 0 0 43
K 0 -35 60
K 0 -28 60
K 0 0 60
K 0 21 60
A D 2 8 0
A P 1 174 0
A P 2 146 0
J N 7 7443 -7 10 4609 576 0
K 0 -7 45
K 0 -21 45
K 0 -21 43
K -1 -21 45
K 2 -21 45
K 0 0 43
K 0 -21 60
K 0 0 60
K 0 21 60
A D 2 8 0
A P 1 174 0
A P 2 157 0
J B 94 7476 1 82 6913 576 0
J N 7 7497 21 11 1 0 0
K 0 -35 45
K 0 -49 45
K 0 -49 43
K -1 -49 45
K 2 -49 45
K 0 0 43
K 0 -49 60
K 0 -28 60
K 0 0 60
K 0 21 60
A D 2 8 0
A P 1 174 0
A P 2 134 0
J N 7 7526 7 11 2305 576 0
K 0 -21 45
K 0 -35 45
K 0 -35 43
K -1 -35 45
K 2 -35 45
K 0 0 43
K 0 -35 60
K 0 -28 60
K 0 0 60
K 0 21 60
A D 2 8 0
A P 1 174 0
A P 2 146 0
J N 7 7555 -7 10 4609 576 0
K 0 -7 45
K 0 -21 45
K 0 -21 43
K -1 -21 45
K 2 -21 45
K 0 0 43
K 0 -21 60
K 0 0 60
K 0 21 60
A D 2 8 0
A P 1 174 0
A P 2 157 0
J B 95 7588 1 82 6913 576 0
J N 7 7609 -28 8 1 0 1 3
K 1 14 45
K 1 0 45
K 0 0 43
K -1 0 45
K 2 0 45
K 0 0 59
K 0 -7 59
A D 2 8 0
A P 1 174 0
J N 7 7609 21 4 1 0 0
K 0 0 43
K 0 0 60
K 0 21 60
A D 2 8 0
A P 2 134 0
J N 6 7638 -35 6 2305 576 1 4
K 1 21 45
K 1 7 45
K 0 0 43
K 0 7 45
K 1 7 45
A D 1 8 0
A P 1 180 0
J N 7 7638 21 4 2305 0 0
K 0 0 43
K 0 0 60
K 0 21 60
A D 2 8 0
A P 2 134 0
J N 6 7667 -28 6 3457 288 1 4
K 1 14 45
K 1 0 45
K 0 0 43
K -1 0 45
K 2 0 45
A D 1 8 0
A P 1 174 0
J N 6 7696 -21 5 4609 288 1 4
K 1 7 45
K 0 0 43
K 0 7 45
K 1 7 45
A D 1 8 0
A P 1 169 0
J N 7 7696 21 4 4609 0 0
K 0 0 43
K 0 0 60
K 0 21 60
A D 2 8 0
A P 2 134 0
J N 6 7725 -14 5 5761 288 2 4 3
K 1 0 45
K 0 0 43
K -1 0 45
K 2 0 45
A D 1 8 0
A P 1 163 0
H 4 B 0 0 108 4 2 1 1 3
H 3 S 0 6 -35 6 -44 0 0 0 0
J B 96 7758 1 82 6913 288 0
J N 8 7779 -7 5 1 0 0
K 0 0 42
K 25 0 44
K 0 0 59
K 0 -14 59
A D 6 8 0
A P 1 157 0
J N 7 7779 21 4 1 0 0
K 0 0 43
K 0 0 60
K 0 21 60
A D 2 8 0
A P 2 134 0
J N 7 7808 21 4 2305 576 0
K 0 0 43
K 0 0 60
K 0 21 60
A D 2 8 0
A P 2 134 0
J N 7 7837 21 4 4609 576 0
K 0 0 43
K 0 0 60
K 0 21 60
A D 2 8 0
A P 2 134 0
J B 97 7870 1 82 6913 576 0
J R 9 7891 -7 2 1 10001 0
K 0 0 46
A D 6 8 0
A P 1 0 0
J N 7 7891 21 4 1 0 1 5
K 0 0 43
K 0 0 60
K 0 21 60
A D 2 8 0
A P 2 134 0
J N 6 7925 14 2 2305 576 1 6
K 0 0 43
A D 1 8 0
A P 2 140 0
J N 6 7954 21 2 3457 288 1 6
K 0 0 43
A D 1 8 0
A P 2 134 0
J N 6 7983 28 2 4609 288 1 6
K 0 0 43
A D 1 8 0
A P 2 129 0
J N 6 8012 35 2 5761 288 2 6 5
K 0 0 43
A D 1 8 0
A P 2 123 0
H 6 B 1 0 108 4 2 1 1 3
H 5 S 12 -6 42 -6 41 0 0 0 0
J B 98 8045 1 82 6913 288 0
J N 8 8066 42 9 1 0 0
K 0 -49 42
K 25 -49 44
K 0 0 42
K 24 -6 44
K 0 -49 60
K 0 -28 60
K 0 0 60
K 0 14 60
A D 6 8 0
A P 1 157 0
A P 2 117 0
J B 99 8116 1 82 6913 1728 0
J D 0 8123 0 1 1 0 0
W 0 -21 32 zu 2
J N 8 8137 0 7 1 0 0
K 0 0 42
K 24 -6 44
K 0 84 111
K 12 84 110
K 0 0 60
K 0 21 60
A D 6 8 0
A P 3 151 0
J B 100 8187 1 82 6913 1728 0
J N 7 8208 7 4 1 0 1 7
K 0 0 43
K 0 0 60
K 0 21 60
A D 2 8 0
A P 3 146 0
J N 7 8237 -7 4 2305 576 1 7
K 0 0 43
K 0 0 60
K 0 21 60
A D 2 8 0
A P 3 157 0
H 7 S 0 0 0 0 0 0 0 0 0
J N 7 8266 7 5 4609 576 0
K 0 0 43
K 0 -17 96
K 0 0 60
K 0 21 60
A D 2 8 0
A P 3 146 0
J B 101 8299 1 82 6913 576 0
J N 7 8320 14 4 1 0 1 8
K 0 0 43
K 0 0 60
K 0 21 60
A D 2 8 0
A P 3 140 0
J N 7 8349 -7 4 2305 576 1 8
K 0 0 43
K 0 0 60
K 0 21 60
A D 2 8 0
A P 3 157 0
H 8 S 0 0 0 0 0 0 0 0 0
J N 7 8378 14 5 4609 576 0
K 0 0 43
K 0 -21 96
K 0 0 60
K 0 21 60
A D 2 8 0
A P 3 140 0
J B 102 8411 1 82 6913 576 0
J N 7 8432 21 5 1 0 0
K 0 0 43
K 0 -14 96
K 0 0 60
K 0 21 60
A D 2 8 0
A P 3 134 0
J N 7 8461 7 5 2305 576 0
K 0 0 43
K 0 -17 96
K 0 0 60
K 0 21 60
A D 2 8 0
A P 3 146 0
J N 7 8490 -7 5 4609 576 0
K 0 0 43
K 0 -17 96
K 0 0 60
K 0 21 60
A D 2 8 0
A P 3 157 0
J B 103 8523 1 82 6913 576 0
J N 8 8544 0 7 1 0 0
K 0 0 42
K 24 -6 44
K 0 84 111
K 12 84 110
K 0 0 60
K 0 21 60
A D 6 8 0
A P 3 151 0
J B 104 8594 1 82 6913 1728 0
J N 7 8615 7 4 1 0 1 9
K 0 0 43
K 0 0 60
K 0 21 60
A D 2 8 0
A P 3 146 0
J N 7 8644 -7 4 2305 576 1 9
K 0 0 43
K 0 0 60
K 0 21 60
A D 2 8 0
A P 3 157 0
H 9 S 0 0 0 0 0 0 0 0 0
J N 7 8673 7 5 4609 576 0
K 0 0 43
K 0 -17 96
K 0 0 60
K 0 21 60
A D 2 8 0
A P 3 146 0
J B 105 8706 1 82 6913 576 0
J N 7 8727 14 4 1 0 1 10
K 0 0 43
K 0 0 60
K 0 21 60
A D 2 8 0
A P 3 140 0
J N 7 8756 0 4 2305 576 1 10
K 0 0 43
K 0 0 60
K 0 21 60
A D 2 8 0
A P 3 151 0
H 10 S 0 0 0 0 0 0 0 0 0
J N 7 8785 14 5 4609 576 0
K 0 0 43
K 0 -21 96
K 0 0 60
K 0 21 60
A D 2 8 0
A P 3 140 0
J B 106 8818 1 82 6913 576 0
J N 7 8839 21 4 1 0 1 11
K 0 0 43
K 0 0 60
K 0 21 60
A D 2 8 0
A P 3 134 0
J N 7 8868 0 4 2305 576 1 11
K 0 0 43
K 0 0 60
K 0 21 60
A D 2 8 0
A P 3 151 0
H 11 S 0 0 0 0 0 0 0 0 0
J N 7 8897 21 5 4609 576 0
K 0 0 43
K 0 -14 96
K 0 0 60
K 0 21 60
A D 2 8 0
A P 3 134 0
J B 107 8930 1 82 6913 576 0
J N 8 8954 28 8 1 0 0
K -15 0 65
K 0 0 42
K 24 -6 44
K 0 68 111
K 12 68 110
K 0 0 60
K 0 21 60
A D 6 8 0
A P 3 128 0
J B 108 9004 1 82 6913 1728 0
J N 7 9025 35 4 1 0 1 12
K 0 0 43
K 0 0 59
K 0 -21 59
A D 2 8 0
A P 3 123 0
J N 7 9054 21 4 2305 576 1 12
K 0 0 43
K 0 0 60
K 0 21 60
A D 2 8 0
A P 3 134 0
H 12 S 0 14 0 0 0 0 0 0 0
J N 7 9083 35 5 4609 576 0
K 0 0 43
K 0 14 96
K 0 0 59
K 0 -21 59
A D 2 8 0
A P 3 123 0
J B 109 9116 1 82 6913 576 0
J N 7 9137 21 5 1 0 0
K 0 0 43
K 0 -14 96
K 0 0 60
K 0 21 60
A D 2 8 0
A P 3 134 0
J N 7 9166 42 5 2305 576 0
K 0 0 43
K 0 21 96
K 0 0 59
K 0 -21 59
A D 2 8 0
A P 3 117 0
J N 7 9195 21 5 4609 576 0
K 0 0 43
K 0 -14 96
K 0 0 60
K 0 21 60
A D 2 8 0
A P 3 134 0
J B 110 9228 1 82 6913 576 0
J N 7 9249 49 5 1 0 0
K 0 0 43
K 0 17 96
K 0 0 59
K 0 -21 59
A D 2 8 0
A P 3 111 0
J N 7 9278 0 5 2305 576 0
K 0 0 43
K 0 -17 96
K 0 0 60
K 0 21 60
A D 2 8 0
A P 3 151 0
J N 7 9307 49 5 4609 576 0
K 0 0 43
K 0 17 96
K 0 0 59
K 0 -21 59
A D 2 8 0
A P 3 111 0
J B 111 9340 1 82 6913 576 0
J N 7 9361 7 5 1 0 0
K 0 0 43
K 0 -17 96
K 0 0 60
K 0 21 60
A D 2 8 0
A P 3 146 0
J N 7 9390 56 5 2305 576 0
K 0 0 43
K 0 17 96
K 0 0 59
K 0 -21 59
A D 2 8 0
A P 3 106 0
J N 7 9419 7 5 4609 576 0
K 0 0 43
K 0 -17 96
K 0 0 60
K 0 21 60
A D 2 8 0
A P 3 146 0
J B 112 9452 1 82 6913 576 0
J N 7 9473 49 5 1 0 0
K 0 0 43
K 0 17 96
K 0 0 59
K 0 -21 59
A D 2 8 0
A P 3 111 0
J N 7 9502 14 5 2305 576 0
K 0 0 43
K 0 -21 96
K 0 0 60
K 0 21 60
A D 2 8 0
A P 3 140 0
J N 7 9531 49 5 4609 576 0
K 0 0 43
K 0 17 96
K 0 0 59
K 0 -21 59
A D 2 8 0
A P 3 111 0
J B 113 9564 1 82 6913 576 0
J N 7 9585 42 5 1 0 0
K 0 0 43
K 0 21 96
K 0 0 59
K 0 -21 59
A D 2 8 0
A P 3 117 0
J N 7 9614 7 5 2305 576 0
K 0 0 43
K 0 -17 96
K 0 0 60
K 0 21 60
A D 2 8 0
A P 3 146 0
J N 7 9643 42 5 4609 576 0
K 0 0 43
K 0 21 96
K 0 0 59
K 0 -21 59
A D 2 8 0
A P 3 117 0
J B 114 9676 1 82 6913 576 0
J N 7 9697 -7 5 1 0 0
K 0 0 43
K 0 -17 96
K 0 0 60
K 0 21 60
A D 2 8 0
A P 3 157 0
J N 7 9726 42 5 2305 576 0
K 0 0 43
K 0 21 96
K 0 0 59
K 0 -21 59
A D 2 8 0
A P 3 117 0
J N 7 9755 -7 5 4609 576 0
K 0 0 43
K 0 -17 96
K 0 0 60
K 0 21 60
A D 2 8 0
A P 3 157 0
J B 115 9788 1 82 6913 576 0
J N 7 9809 21 4 1 0 0
K 0 0 43
K 0 0 60
K 0 21 60
A D 2 8 0
A P 3 134 0
J R 7 9838 28 2 2305 576 0
K 0 0 48
A D 2 8 1
A P 3 0 1
J R 7 9867 28 2 4609 576 0
K 0 0 48
A D 2 8 0
A P 3 0 0
J B 116 9900 1 82 6913 576 0
J R 9 9921 28 2 1 10001 0
K 0 0 46
A D 6 8 0
A P 3 0 0
J B 117 9971 1 82 6913 1728 0
J R 9 9992 28 2 1 10001 0
K 0 0 46
A D 6 8 0
A P 3 0 0
J B 118 10042 1 82 6913 1728 0
J R 9 10063 28 2 1 10001 0
K 0 0 46
A D 6 8 0
A P 3 0 0
J B 119 10113 1 82 6913 1728 0
J R 7 10134 28 2 1 0 0
K 0 0 48
A D 2 8 0
A P 1 0 0
J N 7 10163 7 7 2305 576 0
K 0 -14 43
K 0 0 43
K 0 72 108
K 0 -14 60
K 0 0 60
K 0 21 60
A D 2 8 0
A P 1 157 0
A P 2 146 0
J N 7 10192 7 6 4609 576 0
K 0 -14 43
K 0 0 43
K 0 -14 60
K 0 0 60
K 0 21 60
A D 2 8 0
A P 1 157 0
A P 2 146 0
J B 120 10225 1 82 6913 576 0
J N 7 10246 0 9 1 0 0
K 0 -14 45
K 0 -14 43
K -1 -14 45
K 2 -14 45
K 0 0 43
K 0 -14 60
K 0 0 60
K 0 21 60
A D 2 8 0
A P 1 163 0
A P 2 151 0
J N 7 10275 0 9 2305 576 0
K 0 -14 45
K 0 -14 43
K -1 -14 45
K 2 -14 45
K 0 0 43
K 0 -14 60
K 0 0 60
K 0 21 60
A D 2 8 0
A P 1 163 0
A P 2 151 0
J N 7 10315 0 10 4609 576 0
K 0 -14 45
K -14 0 64
K 0 -14 43
K -1 -14 45
K 2 -14 45
K 0 0 43
K 0 -14 60
K 0 0 60
K 0 21 60
A D 2 8 0
A P 1 163 0
A P 2 152 0
J B 121 10348 1 82 6913 576 0
J D 0 10355 0 1 1 0 0
W 0 -28 32 zu 2
J N 7 10369 -7 4 1 0 0
K 0 0 43
K 0 0 60
K 0 21 60
A D 2 8 0
A P 3 157 0
J N 7 10398 -7 4 2305 576 0
K 0 0 43
K 0 0 60
K 0 21 60
A D 2 8 0
A P 3 157 0
J N 7 10427 -7 4 4609 576 0
K 0 0 43
K 0 0 60
K 0 21 60
A D 2 8 0
A P 3 157 0
J B 122 10460 1 82 6913 576 0
J N 7 10481 -7 4 1 0 0
K 0 0 43
K 0 0 60
K 0 21 60
A D 2 8 0
A P 3 157 0
J N 7 10510 -7 4 2305 576 0
K 0 0 43
K 0 0 60
K 0 21 60
A D 2 8 0
A P 3 157 0
J N 7 10539 -7 4 4609 576 0
K 0 0 43
K 0 0 60
K 0 21 60
A D 2 8 0
A P 3 157 0
J B 123 10572 1 82 6913 576 0
J N 7 10593 -28 10 1 0 0
K 0 14 45
K 0 0 45
K 0 0 43
K -1 0 45
K 2 0 45
K 0 -17 96
K 0 112 110
K 0 0 60
K 0 28 60
A D 2 8 0
A P 3 174 0
J N 8 10622 -42 12 2305 576 0
K 0 28 45
K 0 14 45
K 0 0 45
K 0 0 42
K -1 0 45
K 2 0 45
K 0 126 111
K 12 126 110
K 0 0 60
K 0 28 60
K 0 42 60
A D 4 8 0
A P 3 186 0
J B 124 10664 1 82 6913 1152 0
J N 7 10685 -28 8 1 0 0
K 0 14 45
K 0 0 45
K 0 0 43
K -1 0 45
K 2 0 45
K 0 0 60
K 0 28 60
A D 2 8 0
A P 3 174 0
J N 8 10714 -7 6 2305 576 0
K 0 0 42
K 0 91 111
K 12 91 110
K 0 0 60
K 0 21 60
A D 4 8 0
A P 3 157 0
J B 125 10756 1 82 6913 1152 0
J N 7 10777 7 4 1 0 0
K 0 0 43
K 0 0 60
K 0 21 60
A D 2 8 0
A P 3 146 0
J N 8 10806 21 6 2305 576 0
K 0 0 42
K 0 70 111
K 12 70 110
K 0 0 60
K 0 21 60
A D 4 8 0
A P 3 134 0
J B 126 10848 1 82 6913 1152 0
J N 7 10869 42 4 1 0 0
K 0 0 43
K 0 0 59
K 0 -21 59
A D 2 8 0
A P 3 117 0
J R 7 10898 28 2 2305 576 0
K 0 0 48
A D 2 8 0
A P 3 0 0
J N 7 10927 49 5 4609 576 0
K 0 0 43
K 0 -63 236
K 0 0 59
K 0 -21 59
A D 2 8 0
A P 3 111 0
J B 127 10960 1 82 6913 576 0
J N 7 10981 56 4 1 0 0
K 0 0 43
K 0 0 59
K 0 -21 59
A D 2 8 0
A P 1 106 0
J N 7 10981 56 4 1 0 0
K 0 0 43
K 0 0 60
K 0 14 60
A D 2 8 0
A P 2 106 0
J N 7 11021 -7 12 2305 576 0
K 0 -7 45
K -14 0 64
K 0 -14 43
K 0 -7 45
K 1 -7 45
K 0 0 43
K 0 -31 96
K 0 85 108
K 0 -14 60
K 0 0 60
K 0 21 60
A D 2 8 0
A P 1 169 0
A P 2 158 0
J N 7 11050 -14 13 4609 576 0
K 0 0 45
K 0 -14 45
K 0 -14 43
K -1 -14 45
K 2 -14 45
K 0 0 43
K -1 0 45
K 2 0 45
K 0 -31 96
K 0 -14 60
K 0 0 60
K 0 21 60
A D 2 8 0
A P 1 174 0
A P 2 163 0
J B 128 11083 1 82 6913 576 0
J N 7 11108 -7 11 1 0 0
K 0 -7 45
K -14 0 64
K 0 -14 43
K 0 -7 45
K 1 -7 45
K 0 0 43
K 0 -31 96
K 0 -14 60
K 0 0 60
K 0 21 60
A D 2 8 0
A P 1 169 0
A P 2 158 0
J N 7 11137 -14 13 2305 576 0
K 0 0 45
K 0 -14 45
K 0 -14 43
K -1 -14 45
K 2 -14 45
K 0 0 43
K -1 0 45
K 2 0 45
K 0 -31 96
K 0 -14 60
K 0 0 60
K 0 21 60
A D 2 8 0
A P 1 174 0
A P 2 163 0
J N 7 11166 -7 10 4609 576 0
K 0 -7 45
K 0 -14 43
K 0 -7 45
K 1 -7 45
K 0 0 43
K 0 -31 96
K 0 -14 60
K 0 0 60
K 0 21 60
A D 2 8 0
A P 1 169 0
A P 2 158 0
J B 129 11199 1 82 6913 576 0
J N 7 11220 -14 13 1 0 0
K 0 0 45
K 0 -14 45
K 0 -14 43
K -1 -14 45
K 2 -14 45
K 0 0 43
K -1 0 45
K 2 0 45
K 0 -31 96
K 0 -14 60
K 0 0 60
K 0 21 60
A D 2 8 0
A P 1 174 0
A P 2 163 0
J R 7 11249 28 2 2305 576 0
K 0 0 48
A D 2 8 1
A P 1 0 1
J R 7 11278 28 2 4609 576 0
K 0 0 48
A D 2 8 0
A P 1 0 0
J B 130 11311 1 82 6913 576 0
J R 9 11332 28 2 1 10001 0
K 0 0 46
A D 6 8 0
A P 3 0 0
J B 131 11382 1 82 6913 1728 0
J R 7 11403 28 2 1 0 0
K 0 0 48
A D 2 8 0
A P 1 0 0
J N 7 11439 0 12 2305 576 0
K 0 -14 45
K -14 0 64
K 0 -14 43
K -1 -14 45
K 2 -14 45
K 0 0 43
K 0 -31 96
K 0 79 108
K 0 -14 60
K 0 0 60
K 0 21 60
A D 2 8 0
A P 1 163 0
A P 2 152 0
J N 7 11468 -7 10 4609 576 0
K 0 -7 45
K 0 -14 43
K 0 -7 45
K 1 -7 45
K 0 0 43
K 0 -31 96
K 0 -14 60
K 0 0 60
K 0 21 60
A D 2 8 0
A P 1 169 0
A P 2 157 0
J B 132 11501 1 82 6913 576 0
J N 7 11526 0 11 1 0 0
K 0 -14 45
K -14 0 64
K 0 -14 43
K -1 -14 45
K 2 -14 45
K 0 0 43
K 0 -31 96
K 0 -14 60
K 0 0 60
K 0 21 60
A D 2 8 0
A P 1 163 0
A P 2 152 0
J N 7 11555 -7 10 2305 576 0
K 0 -7 45
K 0 -14 43
K 0 -7 45
K 1 -7 45
K 0 0 43
K 0 -31 96
K 0 -14 60
K 0 0 60
K 0 21 60
A D 2 8 0
A P 1 169 0
A P 2 157 0
J N 7 11584 0 10 4609 576 0
K 0 -14 45
K 0 -14 43
K -1 -14 45
K 2 -14 45
K 0 0 43
K 0 -31 96
K 0 -14 60
K 0 0 60
K 0 21 60
A D 2 8 0
A P 1 163 0
A P 2 152 0
J B 133 11617 1 82 6913 576 0
J N 7 11638 -7 10 1 0 0
K 0 -7 45
K 0 -14 43
K 0 -7 45
K 1 -7 45
K 0 0 43
K 0 -31 96
K 0 -14 60
K 0 0 60
K 0 21 60
A D 2 8 0
A P 1 169 0
A P 2 157 0
J R 7 11667 28 2 2305 576 0
K 0 0 48
A D 2 8 1
A P 1 0 1
J R 7 11696 28 2 4609 576 0
K 0 0 48
A D 2 8 0
A P 1 0 0
J B 134 11729 1 82 6913 576 0
J R 9 11750 28 2 1 10001 0
K 0 0 46
A D 6 8 0
A P 3 0 0
J B 135 11800 1 82 6913 1728 0
J R 7 11821 28 2 1 0 0
K 0 0 48
A D 2 8 0
A P 1 0 0
J D 0 11815 0 1 2305 576 0
W 0 -21 32 1.
J N 7 11850 0 6 2305 0 0
K 0 0 43
K 0 -17 96
K 0 79 108
K 0 0 60
K 0 21 60
A D 2 8 0
A P 1 151 0
J N 7 11879 -28 9 4609 576 0
K 0 14 45
K 0 0 45
K 0 0 43
K -1 0 45
K 2 0 45
K 0 -17 96
K 0 0 60
K 0 28 60
A D 2 8 0
A P 1 174 0
J B 136 11912 1 82 6913 576 0
J N 7 11933 0 5 1 0 0
K 0 0 43
K 0 -17 96
K 0 0 60
K 0 21 60
A D 2 8 0
A P 1 151 0
J N 7 11962 -28 9 2305 576 0
K 0 14 45
K 0 0 45
K 0 0 43
K -1 0 45
K 2 0 45
K 0 -17 96
K 0 0 60
K 0 28 60
A D 2 8 0
A P 1 174 0
J N 7 11991 0 5 4609 576 0
K 0 0 43
K 0 -17 96
K 0 0 60
K 0 21 60
A D 2 8 0
A P 1 151 0
J B 137 12024 1 82 6913 576 0
J N 7 12045 -28 9 1 0 0
K 0 14 45
K 0 0 45
K 0 0 43
K -1 0 45
K 2 0 45
K 0 -17 96
K 0 0 60
K 0 28 60
A D 2 8 0
A P 1 174 0
J R 7 12074 28 2 2305 576 0
K 0 0 48
A D 2 8 1
A P 1 0 1
J R 7 12103 28 2 4609 576 0
K 0 0 48
A D 2 8 0
A P 1 0 0
J B 138 12136 1 82 6913 576 0
J R 9 12157 28 2 1 10001 0
K 0 0 46
A D 6 8 0
A P 3 0 0
J B 139 12207 1 82 6913 1728 0
J R 7 12228 28 2 1 0 0
K 0 0 48
A D 2 8 0
A P 1 0 0
J D 0 12229 0 1 2305 576 0
W 0 -21 32 1.
J N 7 12257 0 6 2305 0 0
K 0 0 43
K 0 -17 96
K 0 79 108
K 0 0 60
K 0 21 60
A D 2 8 0
A P 1 151 0
J N 7 12286 -28 9 4609 576 0
K 0 14 45
K 0 0 45
K 0 0 43
K -1 0 45
K 2 0 45
K 0 -17 96
K 0 0 60
K 0 28 60
A D 2 8 0
A P 1 174 0
J B 140 12319 1 82 6913 576 0
J N 7 12340 0 5 1 0 0
K 0 0 43
K 0 -17 96
K 0 0 60
K 0 21 60
A D 2 8 0
A P 1 151 0
J N 7 12369 -28 9 2305 576 0
K 0 14 45
K 0 0 45
K 0 0 43
K -1 0 45
K 2 0 45
K 0 -17 96
K 0 0 60
K 0 28 60
A D 2 8 0
A P 1 174 0
J N 7 12398 0 5 4609 576 0
K 0 0 43
K 0 -17 96
K 0 0 60
K 0 21 60
A D 2 8 0
A P 1 151 0
J B 141 12431 1 82 6913 576 0
J N 7 12452 -28 9 1 0 0
K 1 14 45
K 1 0 45
K 0 0 43
K -1 0 45
K 2 0 45
K 7 -45 96
K 0 0 59
K 0 -7 59
A D 2 8 0
A P 1 174 0
J R 7 12452 42 2 1 0 0
K 0 0 48
A D 2 8 0
A P 2 0 0
J N 7 12481 0 5 2305 576 0
K 0 0 43
K 7 -52 96
K 0 0 59
K 0 -14 59
A D 2 8 0
A P 1 151 0
J N 7 12481 0 5 2305 0 0
K 0 0 43
K 0 79 108
K 0 0 60
K 0 21 60
A D 2 8 0
A P 2 151 0
J N 7 12510 21 5 4609 576 0
K 0 0 43
K 7 -52 96
K 0 0 59
K 0 -14 59
A D 2 8 0
A P 1 134 0
J N 7 12510 21 4 4609 0 0
K 0 0 43
K 0 0 60
K 0 21 60
A D 2 8 0
A P 2 134 0
J B 142 12543 1 82 6913 576 0
J N 7 12564 0 5 1 0 0
K 0 0 43
K 7 -52 96
K 0 0 59
K 0 -14 59
A D 2 8 0
A P 1 151 0
J N 7 12564 0 4 1 0 0
K 0 0 43
K 0 0 60
K 0 21 60
A D 2 8 0
A P 2 151 0
J N 7 12593 7 7 2305 576 0
K 0 -14 43
K 0 0 43
K 0 -31 96
K 0 -14 60
K 0 0 60
K 0 21 60
A D 2 8 0
A P 1 157 0
A P 2 146 0
J N 7 12622 0 10 4609 576 0
K 0 -14 45
K 0 -14 43
K -1 -14 45
K 2 -14 45
K 0 0 43
K 0 -31 96
K 0 -14 60
K 0 0 60
K 0 21 60
A D 2 8 0
A P 1 163 0
A P 2 151 0
J B 143 12655 1 82 6913 576 0
J N 7 12676 7 7 1 0 0
K 0 -14 43
K 0 0 43
K 0 -31 96
K 0 -14 60
K 0 0 60
K 0 21 60
A D 2 8 0
A P 1 157 0
A P 2 146 0
J R 7 12705 28 2 2305 576 0
K 0 0 48
A D 2 8 1
A P 1 0 1
J R 7 12734 28 2 4609 576 0
K 0 0 48
A D 2 8 0
A P 1 0 0
J B 144 12767 1 82 6913 576 0
J N 7 12788 0 4 1 0 0
K 0 0 43
K 0 0 59
K 0 -14 59
A D 2 8 0
A P 1 151 0
J N 7 12788 0 4 1 0 0
K 0 0 43
K 0 0 60
K 0 21 60
A D 2 8 0
A P 2 151 0
J R 7 12817 28 2 2305 576 0
K 0 0 48
A D 2 8 1
A P 1 0 1
J R 7 12846 28 2 4609 576 0
K 0 0 48
A D 2 8 0
A P 1 0 0
J B 145 12879 1 82 6913 576 0
J N 7 12900 14 4 1 0 0
K 0 0 43
K 0 0 59
K 0 -14 59
A D 2 8 0
A P 1 140 0
J N 7 12900 14 4 1 0 0
K 0 0 43
K 0 0 60
K 0 21 60
A D 2 8 0
A P 2 140 0
J R 7 12929 28 2 2305 576 0
K 0 0 48
A D 2 8 1
A P 1 0 1
J R 7 12958 28 2 4609 576 0
K 0 0 48
A D 2 8 0
A P 1 0 0
J B 146 12991 1 82 6913 576 0
J N 7 13012 -7 4 1 0 0
K 0 0 43
K 0 0 59
K 0 -14 59
A D 2 8 0
A P 1 157 0
J N 7 13012 -7 4 1 0 0
K 0 0 43
K 0 0 60
K 0 21 60
A D 2 8 0
A P 2 157 0
J R 7 13041 28 2 2305 576 0
K 0 0 48
A D 2 8 1
A P 1 0 1
J R 7 13070 28 2 4609 576 0
K 0 0 48
A D 2 8 0
A P 1 0 0
J B 147 13103 1 82 6913 576 0
J N 7 13124 7 4 1 0 0
K 0 0 43
K 0 0 59
K 0 -14 59
A D 2 8 0
A P 1 146 0
J N 7 13124 7 4 1 0 0
K 0 0 43
K 0 0 60
K 0 21 60
A D 2 8 0
A P 2 146 0
J R 7 13153 28 2 2305 576 0
K 0 0 48
A D 2 8 1
A P 1 0 1
J R 7 13182 28 2 4609 576 0
K 0 0 48
A D 2 8 0
A P 1 0 0
J B 148 13215 1 82 6913 576 0
J N 7 13236 -14 7 1 0 0
K 1 0 45
K 0 0 43
K -1 0 45
K 2 0 45
K 0 0 59
K 0 -7 59
A D 2 8 0
A P 1 163 0
J N 7 13236 -14 7 1 0 0
K 0 0 45
K 0 0 43
K -1 0 45
K 2 0 45
K 0 0 60
K 0 21 60
A D 2 8 0
A P 2 163 0
J R 7 13265 28 2 2305 576 0
K 0 0 48
A D 2 8 1
A P 1 0 1
J R 7 13294 28 2 4609 576 0
K 0 0 48
A D 2 8 0
A P 1 0 0
J B 149 13327 1 82 6913 576 0
J N 7 13348 0 4 1 0 0
K 0 0 43
K 0 0 59
K 0 -14 59
A D 2 8 0
A P 1 151 0
J N 7 13348 0 4 1 0 0
K 0 0 43
K 0 0 60
K 0 21 60
A D 2 8 0
A P 2 151 0
J R 7 13377 28 2 2305 576 0
K 0 0 48
A D 2 8 1
A P 1 0 1
J R 7 13406 28 2 4609 576 0
K 0 0 48
A D 2 8 0
A P 1 0 0
J B 150 13439 1 82 6913 576 0
J N 7 13460 -7 4 1 0 0
K 0 0 43
K 0 0 59
K 0 -14 59
A D 2 8 0
A P 1 157 0
J N 7 13460 -7 4 1 0 0
K 0 0 43
K 0 0 60
K 0 21 60
A D 2 8 0
A P 2 157 0
J R 7 13489 28 2 2305 576 0
K 0 0 48
A D 2 8 1
A P 1 0 1
J R 7 13518 28 2 4609 576 0
K 0 0 48
A D 2 8 0
A P 1 0 0
J B 151 13551 1 82 6913 576 0
J R 7 13572 -14 2 1 0 0
K 0 0 48
A D 2 8 0
A P 1 0 0
J N 7 13572 21 5 1 0 0
K 0 0 43
K 0 68 108
K 0 0 60
K 0 21 60
A D 2 8 0
A P 2 134 0
J N 7 13601 -7 5 2305 576 0
K 0 0 43
K 7 -52 96
K 0 0 59
K 0 -14 59
A D 2 8 0
A P 1 157 0
J R 7 13601 49 2 2305 0 0
K 0 0 48
A D 2 8 1
A P 2 0 1
J N 7 13641 -7 6 4609 576 0
K -14 0 64
K 0 0 43
K 7 -52 96
K 0 0 59
K 0 -14 59
A D 2 8 0
A P 1 158 0
J R 7 13641 49 2 4609 0 0
K 0 0 48
A D 2 8 0
A P 2 0 0
J B 152 13674 1 82 6913 576 0
J N 7 13695 -14 8 1 0 0
K 1 0 45
K 0 0 43
K -1 0 45
K 2 0 45
K 7 -45 96
K 0 0 59
K 0 -7 59
A D 2 8 0
A P 1 163 0
J N 7 13695 21 4 1 0 0
K 0 0 43
K 0 0 60
K 0 21 60
A D 2 8 0
A P 2 134 0
J N 7 13724 -21 8 2305 576 0
K 1 7 45
K 0 0 43
K 0 7 45
K 1 7 45
K 7 -45 96
K 0 0 59
K 0 -7 59
A D 2 8 0
A P 1 169 0
J R 7 13724 49 2 2305 0 0
K 0 0 48
A D 2 8 1
A P 2 0 1
J N 7 13753 -28 9 4609 576 0
K 1 14 45
K 1 0 45
K 0 0 43
K -1 0 45
K 2 0 45
K 7 -45 96
K 0 0 59
K 0 -7 59
A D 2 8 0
A P 1 174 0
J R 7 13753 49 2 4609 0 0
K 0 0 48
A D 2 8 0
A P 2 0 0
J B 153 13786 1 82 6913 576 0
J N 7 13807 -35 9 1 0 0
K 1 21 45
K 1 7 45
K 0 0 43
K 0 7 45
K 1 7 45
K 7 -45 96
K 0 0 59
K 0 -7 59
A D 2 8 0
A P 1 180 0
J N 7 13807 49 4 1 0 0
K 0 0 43
K 0 0 60
K 0 14 60
A D 2 8 0
A P 2 111 0
J N 7 13836 -14 8 2305 576 0
K 1 0 45
K 0 0 43
K -1 0 45
K 2 0 45
K 7 -45 96
K 0 0 59
K 0 -7 59
A D 2 8 0
A P 1 163 0
J R 7 13836 49 2 2305 0 0
K 0 0 48
A D 2 8 1
A P 2 0 1
J N 7 13880 -14 9 4609 576 0
K 1 0 45
K -18 0 63
K 0 0 43
K -1 0 45
K 2 0 45
K 7 -45 96
K 0 0 59
K 0 -7 59
A D 2 8 0
A P 1 164 0
J R 7 13880 49 2 4609 0 0
K 0 0 48
A D 2 8 0
A P 2 0 0
J B 154 13913 1 82 6913 576 0
J N 7 13934 -21 8 1 0 0
K 1 7 45
K 0 0 43
K 0 7 45
K 1 7 45
K 7 -45 96
K 0 0 59
K 0 -7 59
A D 2 8 0
A P 1 169 0
J N 7 13934 14 4 1 0 0
K 0 0 43
K 0 0 60
K 0 21 60
A D 2 8 0
A P 2 140 0
J N 7 13974 -28 10 2305 576 0
K 1 14 45
K 1 0 45
K -14 0 64
K 0 0 43
K -1 0 45
K 2 0 45
K 7 -45 96
K 0 0 59
K 0 -7 59
A D 2 8 0
A P 1 175 0
J R 7 13974 49 2 2305 0 0
K 0 0 48
A D 2 8 1
A P 2 0 1
J N 7 14003 -35 9 4609 576 0
K 1 21 45
K 1 7 45
K 0 0 43
K 0 7 45
K 1 7 45
K 7 -45 96
K 0 0 59
K 0 -7 59
A D 2 8 0
A P 1 180 0
J R 7 14003 49 2 4609 0 0
K 0 0 48
A D 2 8 0
A P 2 0 0
J B 155 14036 1 82 6913 576 0
J D 0 14057 0 1 1 0 0
W 0 103 36 cresc.
J N 7 14057 -42 10 1 0 0
K 1 28 45
K 1 14 45
K 1 0 45
K 0 0 43
K -1 0 45
K 2 0 45
K 7 -45 96
K 0 0 59
K 0 -7 59
A D 2 8 0
A P 1 186 0
J N 7 14057 42 4 1 0 0
K 0 0 43
K 0 0 60
K 0 14 60
A D 2 8 0
A P 2 117 0
J R 7 14086 28 2 2305 576 0
K 0 0 48
A D 2 8 1
A P 1 0 1
J R 7 14115 28 2 4609 576 0
K 0 0 48
A D 2 8 0
A P 1 0 0
J B 156 14148 1 82 6913 576 0
J N 7 14169 7 4 1 0 0
K 0 0 43
K 0 0 59
K 0 -14 59
A D 2 8 0
A P 1 146 0
J N 7 14169 7 4 1 0 0
K 0 0 43
K 0 0 60
K 0 21 60
A D 2 8 0
A P 2 146 0
J R 7 14198 28 2 2305 576 0
K 0 0 48
A D 2 8 1
A P 1 0 1
J R 7 14227 28 2 4609 576 0
K 0 0 48
A D 2 8 0
A P 1 0 0
J B 157 14260 1 82 6913 576 0
J D 0 14274 0 1 1 0 0
W 0 -28 32 zu 2
J N 7 14281 35 4 1 0 0
K 0 0 43
K 0 0 59
K 0 -21 59
A D 2 8 0
A P 3 123 0
J N 7 14310 56 4 2305 576 0
K 0 0 43
K 0 0 59
K 0 -21 59
A D 2 8 0
A P 3 106 0
J N 7 14339 49 4 4609 576 0
K 0 0 43
K 0 0 59
K 0 -21 59
A D 2 8 0
A P 3 111 0
J B 158 14372 1 82 6913 576 0
J N 7 14393 63 4 1 0 0
K 0 0 43
K 0 0 59
K 0 -21 59
A D 2 8 0
A P 3 100 0
J N 7 14437 35 5 2305 576 0
K -18 0 63
K 0 0 43
K 0 0 59
K 0 -21 59
A D 2 8 0
A P 3 124 0
J N 7 14466 28 4 4609 576 0
K 0 0 43
K 0 0 60
K 0 21 60
A D 2 8 0
A P 3 129 0
J B 159 14499 1 82 6913 576 0
J N 7 14520 42 6 1 0 0
K 0 0 43
K 0 58 110
K 17 58 110
K 0 0 59
K 0 -21 59
A D 2 8 0
A P 3 117 0
J N 7 14549 14 4 2305 576 0
K 0 0 43
K 0 0 60
K 0 21 60
A D 2 8 0
A P 3 140 0
J N 7 14578 28 4 4609 576 0
K 0 0 43
K 0 0 60
K 0 21 60
A D 2 8 0
A P 3 129 0
J B 160 14611 1 82 6913 576 0
J N 7 14632 42 4 1 0 0
K 0 0 43
K 0 0 59
K 0 -21 59
A D 2 8 0
A P 3 117 0
J N 7 14661 -21 7 2305 576 0
K 0 7 45
K 0 0 43
K 0 7 45
K 1 7 45
K 0 0 60
K 0 21 60
A D 2 8 0
A P 3 169 0
J N 7 14690 -7 4 4609 576 0
K 0 0 43
K 0 0 60
K 0 21 60
A D 2 8 0
A P 3 157 0
J B 161 14723 1 82 6913 576 0
J N 7 14744 42 4 1 0 0
K 0 0 43
K 0 0 59
K 0 -21 59
A D 2 8 0
A P 3 117 0
J N 7 14773 -35 9 2305 576 0
K 0 21 45
K 0 7 45
K 0 0 43
K 0 7 45
K 1 7 45
K 0 0 60
K 0 28 60
K 0 35 60
A D 2 8 0
A P 3 180 0
J N 7 14802 -21 7 4609 576 0
K 0 7 45
K 0 0 43
K 0 7 45
K 1 7 45
K 0 0 60
K 0 21 60
A D 2 8 0
A P 3 169 0
J B 162 14835 1 82 6913 576 0
J N 7 14856 -7 4 1 0 0
K 0 0 43
K 0 0 60
K 0 21 60
A D 2 8 0
A P 3 157 0
J N 7 14885 -14 7 2305 576 0
K 0 0 45
K 0 0 43
K -1 0 45
K 2 0 45
K 0 0 60
K 0 21 60
A D 2 8 0
A P 3 163 0
J N 7 14914 -21 7 4609 576 0
K 0 7 45
K 0 0 43
K 0 7 45
K 1 7 45
K 0 0 60
K 0 21 60
A D 2 8 0
A P 3 169 0
J B 163 14947 1 82 6913 576 1 13
J N 7 14968 -28 9 1 0 0
K 0 14 45
K 0 0 45
K 0 0 43
K -1 0 45
K 2 0 45
K 0 112 110
K 0 0 60
K 0 28 60
A D 2 8 0
A P 3 174 0
J R 7 14997 28 2 2305 576 0
K 0 0 48
A D 2 8 1
A P 3 0 1
J R 7 15026 28 2 4609 576 0
K 0 0 48
A D 2 8 0
A P 3 0 0
J B 164 15059 1 82 6913 576 0
J N 7 15080 42 5 1 0 0
K 0 0 43
K 0 56 110
K 0 0 59
K 0 -21 59
A D 2 8 0
A P 3 117 0
J R 7 15109 28 2 2305 576 0
K 0 0 48
A D 2 8 1
A P 3 0 1
J R 7 15138 28 2 4609 576 0
K 0 0 48
A D 2 8 0
A P 3 0 0
J B 165 15171 1 82 6913 576 0
J N 7 15192 42 5 1 0 0
K 0 0 43
K 0 56 110
K 0 0 59
K 0 -21 59
A D 2 8 0
A P 3 117 0
J R 7 15221 28 2 2305 576 0
K 0 0 48
A D 2 8 1
A P 3 0 1
J R 7 15250 28 2 4609 576 0
K 0 0 48
A D 2 8 0
A P 3 0 0
J B 166 15283 1 82 6913 576 0
J R 9 15304 28 2 1 10001 0
K 0 0 46
A D 6 8 0
A P 3 0 0
J B 167 15377 6 4 6913 1728 2 13 14
K -23 21 44
K -23 35 44
K -13 0 82
K -6 0 84
H 13 E 1 0 -8 -42 21 21
J N 7 15398 -28 9 1 0 0
K 0 14 45
K 0 0 45
K 0 0 43
K -1 0 45
K 2 0 45
K 0 112 110
K 0 0 60
K 0 28 60
A D 2 8 0
A P 3 174 0
J R 7 15427 28 2 2305 576 0
K 0 0 48
A D 2 8 1
A P 3 0 1
J R 7 15456 28 2 4609 576 0
K 0 0 48
A D 2 8 0
A P 3 0 0
J B 168 15489 1 82 6913 576 0
J N 7 15510 42 5 1 0 0
K 0 0 43
K 0 58 110
K 0 0 59
K 0 -21 59
A D 2 8 0
A P 3 117 0
J R 7 15539 28 2 2305 576 0
K 0 0 48
A D 2 8 1
A P 3 0 1
J R 7 15568 28 2 4609 576 0
K 0 0 48
A D 2 8 0
A P 3 0 0
J B 169 15601 1 82 6913 576 0
J N 7 15622 21 5 1 0 0
K 0 0 43
K 0 71 110
K 0 0 60
K 0 21 60
A D 2 8 0
A P 3 134 0
J N 7 15651 -7 4 2305 576 0
K 0 0 43
K 0 0 60
K 0 21 60
A D 2 8 0
A P 3 157 0
J N 7 15680 7 4 4609 576 0
K 0 0 43
K 0 0 60
K 0 21 60
A D 2 8 0
A P 3 146 0
J B 170 15713 1 82 6913 576 0
J N 7 15734 21 4 1 0 0
K 0 0 43
K 0 0 60
K 0 21 60
A D 2 8 0
A P 3 134 0
J R 7 15763 28 2 3457 576 0
K 0 0 48
A D 2 8 0
A P 3 0 0
J B 0 15809 6 2 6913 576 1 14
K -13 0 82
K -6 0 84
H 14 E 2 0 0 -42 21 21
J K -3 15830 0 0 6913 0 0
J T 304 15839 0 2 6913 0 0
K -10 28 74
K -10 56 75
J r 7 15881 28 2 1 0 0
K 0 0 48
A D 2 8 0
A P 3 0 0
J B 171 15914 1 82 6913 576 0
J R 9 15935 28 2 1 10001 0
K 0 0 46
A D 6 8 0
A P 3 0 0
J B 172 15985 1 82 6913 1728 0
J R 9 16006 28 2 1 10001 0
K 0 0 46
A D 6 8 0
A P 3 0 0
J B 173 16056 1 82 6913 1728 0
J R 9 16077 28 2 1 10001 0
K 0 0 46
A D 6 8 0
A P 3 0 0
J B 174 16127 1 82 6913 1728 0
J R 9 16148 28 2 1 10001 0
K 0 0 46
A D 6 8 0
A P 3 0 0
J B 175 16198 1 82 6913 1728 0
J R 9 16219 28 2 1 10001 0
K 0 0 46
A D 6 8 0
A P 3 0 0
J B 176 16269 1 82 6913 1728 0
J R 9 16290 28 2 1 10001 0
K 0 0 46
A D 6 8 0
A P 3 0 0
J B 177 16340 1 82 6913 1728 0
J R 9 16361 28 2 1 10001 0
K 0 0 46
A D 6 8 0
A P 3 0 0
J B 178 16411 1 82 6913 1728 0
J R 9 16432 28 2 1 10001 0
K 0 0 46
A D 6 8 0
A P 3 0 0
J B 179 16482 1 82 6913 1728 0
J R 9 16503 28 2 1 10001 0
K 0 0 46
A D 6 8 0
A P 3 0 0
J B 180 16553 1 82 6913 1728 0
J R 9 16574 28 2 1 10001 0
K 0 0 46
A D 6 8 0
A P 3 0 0
J B 181 16624 1 82 6913 1728 0
J R 9 16645 28 2 1 10001 0
K 0 0 46
A D 6 8 0
A P 3 0 0
J B 182 16695 1 82 6913 1728 0
J R 9 16716 28 2 1 10001 0
K 0 0 46
A D 6 8 0
A P 3 0 0
J B 183 16766 1 82 6913 1728 0
J R 9 16787 28 2 1 10001 0
K 0 0 46
A D 6 8 0
A P 3 0 0
J B 184 16837 1 82 6913 1728 0
J R 9 16858 28 2 1 10001 0
K 0 0 46
A D 6 8 0
A P 3 0 0
J B 185 16908 1 82 6913 1728 0
J R 7 16929 28 2 1 0 0
K 0 0 48
A D 2 8 0
A P 1 0 0
J N 7 16958 -14 8 2305 576 0
K 1 0 45
K 0 0 43
K -1 0 45
K 2 0 45
K 0 93 108
K 0 0 59
K 0 -7 59
A D 2 8 0
A P 1 163 0
J N 7 16958 -14 7 2305 0 0
K 0 0 45
K 0 0 43
K -1 0 45
K 2 0 45
K 0 0 60
K 0 21 60
A D 2 8 0
A P 2 163 0
J N 7 16987 -21 7 4609 576 0
K 1 7 45
K 0 0 43
K 0 7 45
K 1 7 45
K 0 0 59
K 0 -7 59
A D 2 8 0
A P 1 169 0
J N 7 16987 -7 4 4609 0 0
K 0 0 43
K 0 0 60
K 0 21 60
A D 2 8 0
A P 2 157 0
J B 186 17020 1 82 6913 576 0
J N 7 17041 21 11 1 0 0
K 0 -35 45
K 0 -49 45
K 0 -49 43
K -1 -49 45
K 2 -49 45
K 0 0 43
K 0 -49 60
K 0 -28 60
K 0 0 60
K 0 21 60
A D 2 8 0
A P 1 174 0
A P 2 134 0
J R 7 17070 28 2 2305 576 0
K 0 0 48
A D 2 8 1
A P 1 0 1
J R 7 17099 28 2 4609 576 0
K 0 0 48
A D 2 8 0
A P 1 0 0
J B 187 17132 1 82 6913 576 0
J R 9 17153 28 2 1 10001 0
K 0 0 46
A D 6 8 0
A P 3 0 0
J B 188 17203 1 82 6913 1728 0
J R 9 17224 28 2 1 10001 0
K 0 0 46
A D 6 8 0
A P 3 0 0
J B 189 17274 1 82 6913 1728 0
J R 9 17295 28 2 1 10001 0
K 0 0 46
A D 6 8 0
A P 3 0 0
J B 190 17345 1 82 6913 1728 0
J R 9 17366 28 2 1 10001 0
K 0 0 46
A D 6 8 0
A P 3 0 0
J B 191 17416 1 82 6913 1728 0
J R 9 17437 28 2 1 10001 0
K 0 0 46
A D 6 8 0
A P 3 0 0
J B 192 17487 1 82 6913 1728 0
J R 9 17508 28 2 1 10001 0
K 0 0 46
A D 6 8 0
A P 3 0 0
J B 193 17558 1 82 6913 1728 0
J R 9 17579 28 2 1 10001 0
K 0 0 46
A D 6 8 0
A P 3 0 0
J B 194 17629 1 82 6913 1728 0
J R 9 17650 28 2 1 10001 0
K 0 0 46
A D 6 8 0
A P 3 0 0
J B 195 17700 1 82 6913 1728 0
J R 9 17721 28 2 1 10001 0
K 0 0 46
A D 6 8 0
A P 3 0 0
J B 196 17771 1 82 6913 1728 0
J R 9 17792 28 2 1 10001 0
K 0 0 46
A D 6 8 0
A P 3 0 0
J B 197 17842 1 82 6913 1728 0
J R 9 17863 28 2 1 10001 0
K 0 0 46
A D 6 8 0
A P 3 0 0
J B 198 17913 1 82 6913 1728 0
J R 9 17934 28 2 1 10001 0
K 0 0 46
A D 6 8 0
A P 3 0 0
J B 199 17984 1 82 6913 1728 0
J R 9 18005 28 2 1 10001 0
K 0 0 46
A D 6 8 0
A P 3 0 0
J B 200 18055 1 82 6913 1728 0
J R 9 18076 28 2 1 10001 0
K 0 0 46
A D 6 8 0
A P 3 0 0
J B 201 18126 1 82 6913 1728 0
J R 9 18147 28 2 1 10001 0
K 0 0 46
A D 6 8 0
A P 3 0 0
J B 202 18197 1 82 6913 1728 0
J R 9 18218 28 2 1 10001 0
K 0 0 46
A D 6 8 0
A P 3 0 0
J B 203 18281 6 4 6913 1728 0
K -13 0 82
K -6 0 84
K 6 21 44
K 6 35 44
J R 9 18312 28 2 1 10001 0
K 0 0 46
A D 6 8 0
A P 3 0 0
J B 204 18362 1 82 6913 1728 0
J R 7 18383 28 2 1 0 0
K 0 0 48
A D 2 8 1
A P 1 0 1
J R 7 18412 28 2 2305 576 0
K 0 0 48
A D 2 8 0
A P 1 0 0
J N 7 18441 7 12 4609 576 0
K 0 -21 45
K 0 -35 45
K 0 -35 43
K -1 -35 45
K 2 -35 45
K 0 0 43
K 0 77 110
K 0 -35 60
K 0 -28 60
K 0 0 60
K 0 21 60
A D 2 8 0
A P 1 174 0
A P 2 146 0
J B 205 18474 1 82 6913 576 0
J N 7 18495 -28 8 1 0 1 15
K 1 14 45
K 1 0 45
K 0 0 43
K -1 0 45
K 2 0 45
K 0 0 59
K 0 -7 59
A D 2 8 0
A P 1 174 0
J N 7 18495 -28 8 1 0 0
K 0 14 45
K 0 0 45
K 0 0 43
K -1 0 45
K 2 0 45
K 0 0 60
K 0 28 60
A D 2 8 0
A P 2 174 0
J N 7 18524 -14 7 2305 576 0
K 1 0 45
K 0 0 43
K -1 0 45
K 2 0 45
K 0 0 59
K 0 -7 59
A D 2 8 0
A P 1 163 0
J N 7 18524 -14 7 2305 0 0
K 0 0 45
K 0 0 43
K -1 0 45
K 2 0 45
K 0 0 60
K 0 21 60
A D 2 8 0
A P 2 163 0
J N 7 18553 -7 4 4609 576 0
K 0 0 43
K 0 0 59
K 0 -14 59
A D 2 8 0
A P 1 157 0
J N 7 18553 -7 4 4609 0 0
K 0 0 43
K 0 0 60
K 0 21 60
A D 2 8 0
A P 2 157 0
J B 206 18586 1 82 6913 576 0
J N 7 18607 0 5 1 0 1 15
K 0 0 43
K 7 -52 96
K 0 0 59
K 0 -14 59
A D 2 8 0
A P 1 151 0
H 15 S 0 12 -22 6 -49 0 0 0 6
J N 7 18607 0 4 1 0 0
K 0 0 43
K 0 0 60
K 0 21 60
A D 2 8 0
A P 2 151 0
J R 7 18636 -7 2 2305 576 0
K 0 0 48
A D 2 8 0
A P 1 0 0
J R 7 18636 49 2 2305 0 0
K 0 0 48
A D 2 8 1
A P 2 0 1
J N 7 18665 -14 7 4609 576 0
K 1 0 45
K 0 0 43
K -1 0 45
K 2 0 45
K 0 0 59
K 0 -7 59
A D 2 8 0
A P 1 163 0
J R 7 18665 49 2 4609 0 0
K 0 0 48
A D 2 8 0
A P 2 0 0
J B 207 18698 1 82 6913 576 0
J N 8 18719 -14 7 1 0 0
K 1 0 45
K 0 0 42
K -1 0 45
K 2 0 45
K 0 0 59
K 0 -7 59
A D 4 8 0
A P 1 163 0
J R 9 18719 56 2 1 10001 0
K 0 0 46
A D 6 8 0
A P 2 0 0
J N 7 18757 -14 7 4609 1152 0
K 1 0 45
K 0 0 43
K -1 0 45
K 2 0 45
K 0 0 59
K 0 -7 59
A D 2 8 0
A P 1 163 0
J B 208 18790 1 82 6913 576 0
J N 8 18811 -14 7 1 0 0
K 1 0 45
K 0 0 42
K -1 0 45
K 2 0 45
K 0 0 59
K 0 -7 59
A D 4 8 0
A P 1 163 0
J R 7 18811 49 2 1 0 0
K 0 0 48
A D 2 8 1
A P 2 0 1
J R 7 18840 49 2 2305 576 0
K 0 0 48
A D 2 8 0
A P 2 0 0
J N 7 18876 -14 7 4609 576 0
K 1 0 45
K 0 0 43
K -1 0 45
K 2 0 45
K 0 0 59
K 0 -7 59
A D 2 8 0
A P 1 163 0
J N 7 18876 21 5 4609 0 0
K -14 0 64
K 0 0 43
K 0 0 60
K 0 21 60
A D 2 8 0
A P 2 135 0
J B 209 18909 1 82 6913 576 0
J N 7 18930 -14 7 1 0 1 16
K 1 0 45
K 0 0 43
K -1 0 45
K 2 0 45
K 0 0 59
K 0 -7 59
A D 2 8 0
A P 1 163 0
J N 7 18930 -14 7 1 0 0
K 0 0 45
K 0 0 43
K -1 0 45
K 2 0 45
K 0 0 60
K 0 21 60
A D 2 8 0
A P 2 163 0
J N 7 18959 0 4 2305 576 0
K 0 0 43
K 0 0 59
K 0 -14 59
A D 2 8 0
A P 1 151 0
J N 7 18959 0 4 2305 0 0
K 0 0 43
K 0 0 60
K 0 21 60
A D 2 8 0
A P 2 151 0
J N 7 18988 7 4 4609 576 0
K 0 0 43
K 0 0 59
K 0 -14 59
A D 2 8 0
A P 1 146 0
J N 7 18988 7 4 4609 0 0
K 0 0 43
K 0 0 60
K 0 21 60
A D 2 8 0
A P 2 146 0
J B 210 19021 1 82 6913 576 0
J N 7 19042 14 5 1 0 1 16
K 0 0 43
K 7 -52 96
K 0 0 59
K 0 -14 59
A D 2 8 0
A P 1 140 0
H 16 S 0 6 -28 6 -49 0 0 0 0
J N 7 19042 14 4 1 0 0
K 0 0 43
K 0 0 60
K 0 21 60
A D 2 8 0
A P 2 140 0
J R 7 19071 -7 2 2305 576 0
K 0 0 48
A D 2 8 0
A P 1 0 0
J D 0 19065 0 1 4609 576 0
W 0 -49 32 1.
J D 0 19082 0 1 4609 0 0
W 0 91 36 dol.
J N 7 19100 -35 10 4609 0 0
K 0 21 45
K 0 7 45
K 0 0 43
K 0 7 45
K 1 7 45
K -47 126 108
K 0 0 60
K 0 28 60
K 0 35 60
A D 2 8 0
A P 1 180 0
J B 211 19133 1 82 6913 576 0
J D 0 19145 0 1 1 0 0
W 0 91 36 sempre legato
J N 7 19154 -35 9 1 0 1 17
K 0 21 45
K 0 7 45
K 0 0 43
K 0 7 45
K 1 7 45
K 0 0 60
K 0 28 60
K 0 35 60
A D 2 8 0
A P 1 180 0
J N 7 19183 -21 7 2305 576 0
K 0 7 45
K 0 0 43
K 0 7 45
K 1 7 45
K 0 0 60
K 0 21 60
A D 2 8 0
A P 1 169 0
J N 7 19212 -14 7 4609 576 0
K 0 0 45
K 0 0 43
K -1 0 45
K 2 0 45
K 0 0 60
K 0 21 60
A D 2 8 0
A P 1 163 0
J B 212 19245 1 82 6913 576 0
J N 7 19266 -7 4 1 0 0
K 0 0 43
K 0 0 60
K 0 21 60
A D 2 8 0
A P 1 157 0
J N 7 19295 -21 7 2305 576 0
K 0 7 45
K 0 0 43
K 0 7 45
K 1 7 45
K 0 0 60
K 0 21 60
A D 2 8 0
A P 1 169 0
J N 7 19324 -14 7 4609 576 0
K 0 0 45
K 0 0 43
K -1 0 45
K 2 0 45
K 0 0 60
K 0 21 60
A D 2 8 0
A P 1 163 0
J B 213 19357 1 82 6913 576 0
J N 7 19378 -28 8 1 0 0
K 0 14 45
K 0 0 45
K 0 0 43
K -1 0 45
K 2 0 45
K 0 0 60
K 0 28 60
A D 2 8 0
A P 1 174 0
J N 7 19411 0 5 2305 576 0
K -14 0 64
K 0 0 43
K 0 0 60
K 0 21 60
A D 2 8 0
A P 1 152 0
J N 7 19440 -14 7 4609 576 0
K 0 0 45
K 0 0 43
K -1 0 45
K 2 0 45
K 0 0 60
K 0 21 60
A D 2 8 0
A P 1 163 0
J B 214 19473 1 82 6913 576 0
J N 7 19494 14 4 1 0 0
K 0 0 43
K 0 0 60
K 0 21 60
A D 2 8 0
A P 1 140 0
J N 7 19523 -28 8 2305 576 0
K 0 14 45
K 0 0 45
K 0 0 43
K -1 0 45
K 2 0 45
K 0 0 60
K 0 28 60
A D 2 8 0
A P 1 174 0
J N 7 19552 -21 7 4609 576 0
K 0 7 45
K 0 0 43
K 0 7 45
K 1 7 45
K 0 0 60
K 0 21 60
A D 2 8 0
A P 1 169 0
J B 215 19585 1 82 6913 576 0
J N 7 19606 -35 9 1 0 0
K 0 21 45
K 0 7 45
K 0 0 43
K 0 7 45
K 1 7 45
K 0 0 60
K 0 28 60
K 0 35 60
A D 2 8 0
A P 1 180 0
J N 7 19635 -21 7 2305 576 0
K 0 7 45
K 0 0 43
K 0 7 45
K 1 7 45
K 0 0 60
K 0 21 60
A D 2 8 0
A P 1 169 0
J N 7 19664 -14 7 4609 576 0
K 0 0 45
K 0 0 43
K -1 0 45
K 2 0 45
K 0 0 60
K 0 21 60
A D 2 8 0
A P 1 163 0
J B 216 19697 1 82 6913 576 0
J N 7 19718 -7 4 1 0 0
K 0 0 43
K 0 0 60
K 0 21 60
A D 2 8 0
A P 1 157 0
J N 7 19747 -21 7 2305 576 0
K 0 7 45
K 0 0 43
K 0 7 45
K 1 7 45
K 0 0 60
K 0 21 60
A D 2 8 0
A P 1 169 0
J N 7 19776 -14 7 4609 576 0
K 0 0 45
K 0 0 43
K -1 0 45
K 2 0 45
K 0 0 60
K 0 21 60
A D 2 8 0
A P 1 163 0
J B 217 19809 1 82 6913 576 0
J N 7 19830 -28 8 1 0 0
K 0 14 45
K 0 0 45
K 0 0 43
K -1 0 45
K 2 0 45
K 0 0 60
K 0 28 60
A D 2 8 0
A P 1 174 0
J N 7 19863 0 5 2305 576 0
K -14 0 64
K 0 0 43
K 0 0 60
K 0 21 60
A D 2 8 0
A P 1 152 0
J N 7 19892 -14 7 4609 576 0
K 0 0 45
K 0 0 43
K -1 0 45
K 2 0 45
K 0 0 60
K 0 21 60
A D 2 8 0
A P 1 163 0
J B 218 19925 1 82 6913 576 0
J N 7 19946 14 4 1 0 0
K 0 0 43
K 0 0 60
K 0 21 60
A D 2 8 0
A P 1 140 0
J N 7 19975 -28 8 2305 576 0
K 0 14 45
K 0 0 45
K 0 0 43
K -1 0 45
K 2 0 45
K 0 0 60
K 0 28 60
A D 2 8 0
A P 1 174 0
J N 7 20004 -21 7 4609 576 0
K 0 7 45
K 0 0 43
K 0 7 45
K 1 7 45
K 0 0 60
K 0 21 60
A D 2 8 0
A P 1 169 0
J B 219 20037 1 82 6913 576 0
J N 7 20058 -35 9 1 0 0
K 0 21 45
K 0 7 45
K 0 0 43
K 0 7 45
K 1 7 45
K 0 0 60
K 0 28 60
K 0 35 60
A D 2 8 0
A P 1 180 0
J N 7 20087 -21 7 2305 576 0
K 0 7 45
K 0 0 43
K 0 7 45
K 1 7 45
K 0 0 60
K 0 21 60
A D 2 8 0
A P 1 169 0
J N 7 20116 -14 7 4609 576 0
K 0 0 45
K 0 0 43
K -1 0 45
K 2 0 45
K 0 0 60
K 0 21 60
A D 2 8 0
A P 1 163 0
J B 220 20149 1 82 6913 576 0
J N 7 20170 -7 4 1 0 1 17
K 0 0 43
K 0 0 60
K 0 21 60
A D 2 8 0
A P 1 157 0
H 17 S 0 0 0 0 -14 0 0 0 0
J R 7 20199 28 2 2305 576 0
K 0 0 48
A D 2 8 1
A P 1 0 1
J R 7 20228 28 2 4609 576 0
K 0 0 48
A D 2 8 0
A P 1 0 0
J B 221 20261 1 82 6913 576 0
J R 9 20282 28 2 1 10001 0
K 0 0 46
A D 6 8 0
A P 3 0 0
J B 222 20332 1 82 6913 1728 0
J R 9 20353 28 2 1 10001 0
K 0 0 46
A D 6 8 0
A P 3 0 0
J B 223 20403 1 82 6913 1728 0
J R 9 20424 28 2 1 10001 0
K 0 0 46
A D 6 8 0
A P 3 0 0
J B 224 20474 1 82 6913 1728 0
J R 9 20495 28 2 1 10001 0
K 0 0 46
A D 6 8 0
A P 3 0 0
J B 225 20545 1 82 6913 1728 0
J R 9 20566 28 2 1 10001 0
K 0 0 46
A D 6 8 0
A P 3 0 0
J B 226 20616 1 82 6913 1728 0
J R 9 20637 28 2 1 10001 0
K 0 0 46
A D 6 8 0
A P 3 0 0
J B 227 20687 1 82 6913 1728 0
J R 9 20708 28 2 1 10001 0
K 0 0 46
A D 6 8 0
A P 3 0 0
J B 228 20758 1 82 6913 1728 0
J R 9 20779 28 2 1 10001 0
K 0 0 46
A D 6 8 0
A P 3 0 0
J B 229 20829 1 82 6913 1728 0
J R 9 20850 28 2 1 10001 0
K 0 0 46
A D 6 8 0
A P 3 0 0
J B 230 20900 1 82 6913 1728 0
J R 9 20921 28 2 1 10001 0
K 0 0 46
A D 6 8 0
A P 3 0 0
J B 231 20971 1 82 6913 1728 0
J R 9 20992 28 2 1 10001 0
K 0 0 46
A D 6 8 0
A P 3 0 0
J B 232 21042 1 82 6913 1728 0
J R 9 21063 28 2 1 10001 0
K 0 0 46
A D 6 8 0
A P 3 0 0
J B 233 21113 1 82 6913 1728 0
J R 9 21134 28 2 1 10001 0
K 0 0 46
A D 6 8 0
A P 3 0 0
J B 234 21184 1 82 6913 1728 0
J R 9 21205 28 2 1 10001 0
K 0 0 46
A D 6 8 0
A P 3 0 0
J B 235 21255 1 82 6913 1728 0
J R 9 21276 28 2 1 10001 0
K 0 0 46
A D 6 8 0
A P 3 0 0
J B 236 21326 1 82 6913 1728 0
J R 9 21347 28 2 1 10001 0
K 0 0 46
A D 6 8 0
A P 3 0 0
J B 237 21397 1 82 6913 1728 0
J R 9 21418 28 2 1 10001 0
K 0 0 46
A D 6 8 0
A P 3 0 0
J B 238 21468 1 82 6913 1728 0
J R 9 21489 28 2 1 10001 0
K 0 0 46
A D 6 8 0
A P 3 0 0
J B 239 21539 1 82 6913 1728 0
J R 9 21560 28 2 1 10001 0
K 0 0 46
A D 6 8 0
A P 3 0 0
J B 240 21610 1 82 6913 1728 0
J R 9 21631 28 2 1 10001 0
K 0 0 46
A D 6 8 0
A P 3 0 0
J B 241 21681 1 82 6913 1728 0
J R 9 21702 28 2 1 10001 0
K 0 0 46
A D 6 8 0
A P 3 0 0
J B 242 21752 1 82 6913 1728 0
J R 9 21773 28 2 1 10001 0
K 0 0 46
A D 6 8 0
A P 3 0 0
J B 243 21823 1 82 6913 1728 0
J R 9 21844 28 2 1 10001 0
K 0 0 46
A D 6 8 0
A P 3 0 0
J B 244 21894 1 82 6913 1728 0
J R 9 21915 28 2 1 10001 0
K 0 0 46
A D 6 8 0
A P 3 0 0
J B 245 21965 1 82 6913 1728 0
J R 9 21986 28 2 1 10001 0
K 0 0 46
A D 6 8 0
A P 3 0 0
J B 246 22036 1 82 6913 1728 0
J R 9 22057 28 2 1 10001 0
K 0 0 46
A D 6 8 0
A P 3 0 0
J B 247 22107 1 82 6913 1728 0
J R 9 22128 28 2 1 10001 0
K 0 0 46
A D 6 8 0
A P 3 0 0
J B 248 22178 1 82 6913 1728 0
J R 9 22199 28 2 1 10001 0
K 0 0 46
A D 6 8 0
A P 3 0 0
J B 249 22249 1 82 6913 1728 0
J R 9 22270 28 2 1 10001 0
K 0 0 46
A D 6 8 0
A P 3 0 0
J B 250 22320 1 82 6913 1728 0
J R 9 22341 28 2 1 10001 0
K 0 0 46
A D 6 8 0
A P 3 0 0
J B 251 22391 1 82 6913 1728 0
J R 9 22412 28 2 1 10001 0
K 0 0 46
A D 6 8 0
A P 3 0 0
J B 252 22462 1 82 6913 1728 0
J R 9 22483 28 2 1 10001 0
K 0 0 46
A D 6 8 0
A P 3 0 0
J B 253 22533 1 82 6913 1728 0
J R 9 22554 28 2 1 10001 0
K 0 0 46
A D 6 8 0
A P 3 0 0
J B 254 22604 1 82 6913 1728 0
J R 9 22625 28 2 1 10001 0
K 0 0 46
A D 6 8 0
A P 3 0 0
J B 255 22675 1 82 6913 1728 0
J R 9 22696 28 2 1 10001 0
K 0 0 46
A D 6 8 0
A P 3 0 0
J B 256 22746 1 82 6913 1728 0
J R 9 22767 28 2 1 10001 0
K 0 0 46
A D 6 8 0
A P 3 0 0
J B 257 22817 1 82 6913 1728 0
J R 9 22838 28 2 1 10001 0
K 0 0 46
A D 6 8 0
A P 3 0 0
J B 258 22888 1 82 6913 1728 0
J R 9 22909 28 2 1 10001 0
K 0 0 46
A D 6 8 0
A P 3 0 0
J B 259 22959 1 82 6913 1728 1 18
J R 9 22980 28 2 1 10001 0
K 0 0 46
A D 6 8 0
A P 3 0 0
J B 260 23030 1 82 6913 1728 0
J R 9 23051 28 2 1 10001 0
K 0 0 46
A D 6 8 0
A P 3 0 0
J B 261 23101 1 82 6913 1728 0
J R 9 23122 28 2 1 10001 0
K 0 0 46
A D 6 8 0
A P 3 0 0
J B 262 23172 1 82 6913 1728 0
J R 9 23193 28 2 1 10001 0
K 0 0 46
A D 6 8 0
A P 3 0 0
J B 263 23243 1 82 6913 1728 0
J R 9 23264 28 2 1 10001 0
K 0 0 46
A D 6 8 0
A P 3 0 0
J B 264 23314 1 82 6913 1728 0
J R 9 23335 28 2 1 10001 0
K 0 0 46
A D 6 8 0
A P 3 0 0
J B 265 23408 6 4 6913 1728 2 18 19
K -23 21 44
K -23 35 44
K -13 0 82
K -6 0 84
H 18 E 1 0 -8 -42 21 21
J R 9 23429 28 2 1 10001 0
K 0 0 46
A D 6 8 0
A P 3 0 0
J B 266 23479 1 82 6913 1728 1 19
H 19 E 2 0 0 -42 21 0
J R 9 23500 28 2 1 10001 0
K 0 0 46
A D 6 8 0
A P 3 0 0
J B 267 23550 1 82 6913 1728 0
J R 9 23571 28 2 1 10001 0
K 0 0 46
A D 6 8 0
A P 3 0 0
J B 268 23621 1 82 6913 1728 0
J R 9 23642 28 2 1 10001 0
K 0 0 46
A D 6 8 0
A P 3 0 0
J B 269 23692 1 82 6913 1728 0
J R 9 23713 28 2 1 10001 0
K 0 0 46
A D 6 8 0
A P 3 0 0
J B 270 23763 1 82 6913 1728 0
J R 9 23784 28 2 1 10001 0
K 0 0 46
A D 6 8 0
A P 3 0 0
J B 271 23834 1 82 6913 1728 0
J R 9 23855 28 2 1 10001 0
K 0 0 46
A D 6 8 0
A P 3 0 0
J B 272 23905 1 82 6913 1728 0
J R 9 23926 28 2 1 10001 0
K 0 0 46
A D 6 8 0
A P 3 0 0
J B 273 23976 1 82 6913 1728 0
J R 9 23997 28 2 1 10001 0
K 0 0 46
A D 6 8 0
A P 3 0 0
J B 274 24047 1 82 6913 1728 0
J R 9 24068 28 2 1 10001 0
K 0 0 46
A D 6 8 0
A P 3 0 0
J B 275 24118 1 82 6913 1728 0
J R 9 24139 28 2 1 10001 0
K 0 0 46
A D 6 8 0
A P 3 0 0
J B 276 24189 1 82 6913 1728 0
J R 9 24210 28 2 1 10001 0
K 0 0 46
A D 6 8 0
A P 3 0 0
J B 277 24260 1 82 6913 1728 0
J R 9 24281 28 2 1 10001 0
K 0 0 46
A D 6 8 0
A P 3 0 0
J B 278 24331 1 82 6913 1728 0
J R 9 24352 28 2 1 10001 0
K 0 0 46
A D 6 8 0
A P 3 0 0
J B 279 24402 1 82 6913 1728 0
J R 9 24423 28 2 1 10001 0
K 0 0 46
A D 6 8 0
A P 3 0 0
J B 280 24473 1 82 6913 1728 0
J R 9 24494 28 2 1 10001 0
K 0 0 46
A D 6 8 0
A P 3 0 0
J B 281 24544 1 82 6913 1728 0
J R 9 24565 28 2 1 10001 0
K 0 0 46
A D 6 8 0
A P 3 0 0
J B 282 24615 1 82 6913 1728 0
J R 9 24636 28 2 1 10001 0
K 0 0 46
A D 6 8 0
A P 3 0 0
J B 283 24686 1 82 6913 1728 0
J R 9 24707 28 2 1 10001 0
K 0 0 46
A D 6 8 0
A P 3 0 0
J B 284 24757 1 82 6913 1728 0
J R 9 24778 28 2 1 10001 0
K 0 0 46
A D 6 8 0
A P 3 0 0
J B 285 24828 1 82 6913 1728 0
J R 9 24849 28 2 1 10001 0
K 0 0 46
A D 6 8 0
A P 3 0 0
J B 286 24899 1 82 6913 1728 0
J R 9 24920 28 2 1 10001 0
K 0 0 46
A D 6 8 0
A P 3 0 0
J B 287 24970 1 82 6913 1728 0
J R 9 24991 28 2 1 10001 0
K 0 0 46
A D 6 8 0
A P 3 0 0
J B 288 25041 1 82 6913 1728 0
J R 9 25062 28 2 1 10001 0
K 0 0 46
A D 6 8 0
A P 3 0 0
J B 289 25112 1 82 6913 1728 0
J R 9 25133 28 2 1 10001 0
K 0 0 46
A D 6 8 0
A P 3 0 0
J B 290 25183 1 82 6913 1728 0
J R 9 25204 28 2 1 10001 0
K 0 0 46
A D 6 8 0
A P 3 0 0
J B 291 25254 1 82 6913 1728 0
J R 9 25275 28 2 1 10001 0
K 0 0 46
A D 6 8 0
A P 3 0 0
J B 292 25325 1 82 6913 1728 0
J R 9 25346 28 2 1 10001 0
K 0 0 46
A D 6 8 0
A P 3 0 0
J B 293 25396 1 82 6913 1728 0
J D 0 25403 0 1 1 0 0
W 0 -49 32 1.
J N 8 25417 -28 10 1 0 0
K 0 14 45
K 0 0 45
K 0 0 42
K -1 0 45
K 2 0 45
K 24 -6 44
K 0 106 108
K 0 0 60
K 0 28 60
A D 6 8 0
A P 1 174 0
J B 294 25467 1 82 6913 1728 0
J N 7 25488 -21 7 1 0 1 20
K 0 7 45
K 0 0 43
K 0 7 45
K 1 7 45
K 0 0 60
K 0 21 60
A D 2 8 0
A P 1 169 0
J N 7 25517 -35 9 2305 576 1 20
K 0 21 45
K 0 7 45
K 0 0 43
K 0 7 45
K 1 7 45
K 0 0 60
K 0 28 60
K 0 35 60
A D 2 8 0
A P 1 180 0
H 20 S 0 0 0 0 0 0 0 0 0
J N 7 25546 -21 8 4609 576 0
K 0 7 45
K 0 0 43
K 0 7 45
K 1 7 45
K 0 -17 96
K 0 0 60
K 0 21 60
A D 2 8 0
A P 1 169 0
J B 295 25579 1 82 6913 576 0
J N 7 25600 -14 7 1 0 1 21
K 0 0 45
K 0 0 43
K -1 0 45
K 2 0 45
K 0 0 60
K 0 21 60
A D 2 8 0
A P 1 163 0
J N 7 25629 -28 8 2305 576 1 21
K 0 14 45
K 0 0 45
K 0 0 43
K -1 0 45
K 2 0 45
K 0 0 60
K 0 28 60
A D 2 8 0
A P 1 174 0
H 21 S 0 0 0 0 0 0 0 0 0
J N 7 25658 -14 8 4609 576 0
K 0 0 45
K 0 0 43
K -1 0 45
K 2 0 45
K 0 -17 96
K 0 0 60
K 0 21 60
A D 2 8 0
A P 1 163 0
J B 296 25691 1 82 6913 576 0
J N 7 25712 -7 4 1 0 0
K 0 0 43
K 0 0 60
K 0 21 60
A D 2 8 0
A P 1 157 0
J R 7 25741 28 2 2305 576 0
K 0 0 48
A D 2 8 1
A P 1 0 1
J R 7 25770 28 2 4609 576 0
K 0 0 48
A D 2 8 0
A P 1 0 0
J B 297 25803 1 82 6913 576 0
J R 9 25824 28 2 1 10001 0
K 0 0 46
A D 6 8 0
A P 3 0 0
J B 298 25874 1 82 6913 1728 0
J R 9 25895 28 2 1 10001 0
K 0 0 46
A D 6 8 0
A P 3 0 0
J B 299 25945 1 82 6913 1728 0
J R 9 25966 28 2 1 10001 0
K 0 0 46
A D 6 8 0
A P 3 0 0
J B 300 26016 1 82 6913 1728 0
J R 9 26037 28 2 1 10001 0
K 0 0 46
A D 6 8 0
A P 3 0 0
J B 301 26087 1 82 6913 1728 0
J R 9 26108 28 2 1 10001 0
K 0 0 46
A D 6 8 0
A P 3 0 0
J B 302 26158 1 82 6913 1728 0
J R 9 26179 28 2 1 10001 0
K 0 0 46
A D 6 8 0
A P 3 0 0
J B 303 26229 1 82 6913 1728 0
J R 9 26250 28 2 1 10001 0
K 0 0 46
A D 6 8 0
A P 3 0 0
J B 304 26300 1 82 6913 1728 0
J R 9 26321 28 2 1 10001 0
K 0 0 46
A D 6 8 0
A P 3 0 0
J B 305 26371 1 82 6913 1728 0
J R 9 26392 28 2 1 10001 0
K 0 0 46
A D 6 8 0
A P 3 0 0
J B 306 26442 1 82 6913 1728 0
J R 9 26463 28 2 1 10001 0
K 0 0 46
A D 6 8 0
A P 3 0 0
J B 307 26513 1 82 6913 1728 0
J R 9 26534 28 2 1 10001 0
K 0 0 46
A D 6 8 0
A P 3 0 0
J B 308 26584 1 82 6913 1728 0
J R 9 26605 28 2 1 10001 0
K 0 0 46
A D 6 8 0
A P 3 0 0
J B 309 26655 1 82 6913 1728 0
J R 9 26676 28 2 1 10001 0
K 0 0 46
A D 6 8 0
A P 3 0 0
J B 310 26726 1 82 6913 1728 0
J R 9 26747 28 2 1 10001 0
K 0 0 46
A D 6 8 0
A P 3 0 0
J B 311 26797 1 82 6913 1728 0
J R 9 26818 28 2 1 10001 0
K 0 0 46
A D 6 8 0
A P 3 0 0
J B 312 26868 1 82 6913 1728 0
J R 9 26889 28 2 1 10001 0
K 0 0 46
A D 6 8 0
A P 3 0 0
J B 313 26939 1 82 6913 1728 0
J R 9 26960 28 2 1 10001 0
K 0 0 46
A D 6 8 0
A P 3 0 0
J B 314 27010 1 82 6913 1728 0
J R 9 27031 28 2 1 10001 0
K 0 0 46
A D 6 8 0
A P 3 0 0
J B 315 27081 1 82 6913 1728 0
J R 9 27102 28 2 1 10001 0
K 0 0 46
A D 6 8 0
A P 3 0 0
J B 316 27152 1 82 6913 1728 0
J R 9 27173 28 2 1 10001 0
K 0 0 46
A D 6 8 0
A P 3 0 0
J B 317 27223 1 82 6913 1728 0
J R 9 27244 28 2 1 10001 0
K 0 0 46
A D 6 8 0
A P 3 0 0
J B 318 27294 1 82 6913 1728 0
J R 9 27315 28 2 1 10001 0
K 0 0 46
A D 6 8 0
A P 3 0 0
J B 319 27365 1 82 6913 1728 0
J R 9 27386 28 2 1 10001 0
K 0 0 46
A D 6 8 0
A P 3 0 0
J B 320 27436 1 82 6913 1728 0
J D 0 27401 0 1 1 0 0
W 0 -21 32 1.
J N 8 27457 -14 9 1 0 0
K 0 0 45
K 0 0 42
K -1 0 45
K 2 0 45
K 24 -6 44
K 0 -17 93
K 0 0 60
K 0 21 60
A D 6 8 0
A P 1 163 0
J B 321 27507 1 82 6913 1728 0
J N 7 27528 -21 7 1 0 0
K 0 7 45
K 0 0 43
K 0 7 45
K 1 7 45
K 0 0 60
K 0 21 60
A D 2 8 0
A P 1 169 0
J R 7 27557 28 2 2305 576 0
K 0 0 48
A D 2 8 1
A P 1 0 1
J R 7 27586 28 2 4609 576 0
K 0 0 48
A D 2 8 0
A P 1 0 0
J B 322 27619 1 82 6913 576 0
J R 9 27640 28 2 1 10001 0
K 0 0 46
A D 6 8 0
A P 3 0 0
J B 323 27690 1 82 6913 1728 0
J R 9 27711 28 2 1 10001 0
K 0 0 46
A D 6 8 0
A P 3 0 0
J B 324 27761 1 82 6913 1728 0
J D 0 27726 0 1 1 0 0
W 0 -21 32 1.
J N 8 27782 -21 9 1 0 0
K 0 7 45
K 0 0 42
K 0 7 45
K 1 7 45
K 25 0 44
K 0 -17 93
K 0 0 60
K 0 21 60
A D 6 8 0
A P 1 169 0
J B 325 27832 1 82 6913 1728 0
J D 0 27841 0 1 1 0 0
W 0 100 33 sempre !1|pp
J N 7 27853 -21 8 1 0 0
K 0 7 45
K 0 0 43
K 0 7 45
K 1 7 45
K 0 -17 96
K 0 0 60
K 0 21 60
A D 2 8 0
A P 1 169 0
J N 7 27882 28 5 2305 576 0
K 0 0 43
K 0 -21 96
K 0 0 60
K 0 21 60
A D 2 8 0
A P 1 129 0
J N 7 27911 -14 8 4609 576 0
K 0 0 45
K 0 0 43
K -1 0 45
K 2 0 45
K 0 -17 96
K 0 0 60
K 0 21 60
A D 2 8 0
A P 1 163 0
J B 326 27944 1 82 6913 576 0
J N 7 27965 -7 5 1 0 0
K 0 0 43
K 0 -17 96
K 0 0 60
K 0 21 60
A D 2 8 0
A P 1 157 0
J N 7 27994 7 5 2305 576 0
K 0 0 43
K 0 -17 96
K 0 0 60
K 0 21 60
A D 2 8 0
A P 1 146 0
J N 7 28023 21 5 4609 576 0
K 0 0 43
K 0 -14 96
K 0 0 60
K 0 21 60
A D 2 8 0
A P 1 134 0
J B 327 28056 1 82 6913 576 0
J N 7 28077 28 5 1 0 0
K 0 0 43
K 7 -52 96
K 0 0 59
K 0 -14 59
A D 2 8 0
A P 1 129 0
J N 7 28077 28 4 1 0 0
K 0 0 43
K 0 0 60
K 0 21 60
A D 2 8 0
A P 2 129 0
J N 7 28117 0 11 2305 576 0
K 0 -14 45
K -14 0 64
K 0 -14 43
K -1 -14 45
K 2 -14 45
K 0 0 43
K 0 -31 96
K 0 -14 60
K 0 0 60
K 0 21 60
A D 2 8 0
A P 1 163 0
A P 2 152 0
J N 7 28175 14 9 4609 576 0
K -14 -14 64
K -32 0 63
K 0 -14 43
K 0 0 43
K 0 -31 96
K 0 -14 60
K 0 0 60
K 0 21 60
A D 2 8 0
A P 1 152 0
A P 2 141 0
J B 328 28208 1 82 6913 576 0
J N 7 28229 -7 10 1 0 0
K 0 -7 45
K 0 -14 43
K 0 -7 45
K 1 -7 45
K 0 0 43
K 0 -31 96
K 0 -14 60
K 0 0 60
K 0 21 60
A D 2 8 0
A P 1 169 0
A P 2 157 0
J N 7 28258 7 7 2305 576 0
K 0 -14 43
K 0 0 43
K 0 -31 96
K 0 -14 60
K 0 0 60
K 0 21 60
A D 2 8 0
A P 1 157 0
A P 2 146 0
J N 7 28287 21 12 4609 576 0
K 0 -35 45
K 0 -49 45
K 0 -49 43
K -1 -49 45
K 2 -49 45
K 0 0 43
K 0 -66 96
K 0 -49 60
K 0 -28 60
K 0 0 60
K 0 21 60
A D 2 8 0
A P 1 174 0
A P 2 134 0
J B 329 28320 1 82 6913 576 0
J N 7 28341 28 11 1 0 0
K 0 -42 45
K 0 -49 43
K 0 -42 45
K 1 -42 45
K 0 0 43
K 0 -66 96
K 0 -49 60
K 0 -28 60
K 0 0 60
K 0 21 60
A D 2 8 0
A P 1 169 0
A P 2 129 0
J R 7 28370 28 2 2305 576 0
K 0 0 48
A D 2 8 1
A P 1 0 1
J R 7 28399 28 2 4609 576 0
K 0 0 48
A D 2 8 0
A P 1 0 0
J B 330 28432 1 82 6913 576 0
J R 9 28453 28 2 1 10001 0
K 0 0 46
A D 6 8 0
A P 3 0 0
J B 331 28503 1 82 6913 1728 0
J R 9 28524 28 2 1 10001 0
K 0 0 46
A D 6 8 0
A P 3 0 0
J B 332 28574 1 82 6913 1728 0
J R 9 28595 28 2 1 10001 0
K 0 0 46
A D 6 8 0
A P 3 0 0
J B 333 28645 1 82 6913 1728 0
J R 9 28666 28 2 1 10001 0
K 0 0 46
A D 6 8 0
A P 3 0 0
J B 334 28716 1 82 6913 1728 0
J R 9 28737 28 2 1 10001 0
K 0 0 46
A D 6 8 0
A P 3 0 0
J B 335 28787 1 82 6913 1728 0
J R 9 28808 28 2 1 10001 0
K 0 0 46
A D 6 8 0
A P 3 0 0
J B 336 28858 1 82 6913 1728 0
J R 9 28879 28 2 1 10001 0
K 0 0 46
A D 6 8 0
A P 3 0 0
J B 337 28929 1 82 6913 1728 0
J R 9 28950 28 2 1 10001 0
K 0 0 46
A D 6 8 0
A P 3 0 0
J B 338 29000 1 82 6913 1728 0
J R 9 29021 28 2 1 10001 0
K 0 0 46
A D 6 8 0
A P 3 0 0
J B 339 29071 1 82 6913 1728 0
J R 9 29092 28 2 1 10001 0
K 0 0 46
A D 6 8 0
A P 3 0 0
J B 340 29142 1 82 6913 1728 0
J R 9 29163 28 2 1 10001 0
K 0 0 46
A D 6 8 0
A P 3 0 0
J B 341 29213 1 82 6913 1728 0
J R 9 29234 28 2 1 10001 0
K 0 0 46
A D 6 8 0
A P 3 0 0
J B 342 29284 1 82 6913 1728 0
J R 9 29305 28 2 1 10001 0
K 0 0 46
A D 6 8 0
A P 3 0 0
J B 343 29355 1 82 6913 1728 0
J R 9 29376 28 2 1 10001 0
K 0 0 46
A D 6 8 0
A P 3 0 0
J B 344 29426 1 82 6913 1728 0
J R 9 29447 28 2 1 10001 0
K 0 0 46
A D 6 8 0
A P 3 0 0
J B 345 29497 1 82 6913 1728 0
J R 9 29518 28 2 1 10001 0
K 0 0 46
A D 6 8 0
A P 3 0 0
J B 346 29568 1 82 6913 1728 0
J R 9 29589 28 2 1 10001 0
K 0 0 46
A D 6 8 0
A P 3 0 0
J B 347 29639 1 82 6913 1728 0
J R 9 29660 28 2 1 10001 0
K 0 0 46
A D 6 8 0
A P 3 0 0
J B 348 29710 1 82 6913 1728 0
J R 7 29731 28 2 1 0 0
K 0 0 48
A D 2 8 1
A P 1 0 1
J R 7 29760 28 2 2305 576 0
K 0 0 48
A D 2 8 0
A P 1 0 0
J N 7 29789 0 11 4609 576 0
K 0 -14 45
K 0 -14 43
K -1 -14 45
K 2 -14 45
K 0 0 43
K 0 -31 96
K 0 79 108
K 0 -14 60
K 0 0 60
K 0 21 60
A D 2 8 0
A P 1 163 0
A P 2 151 0
J B 349 29822 1 82 6913 576 0
J N 7 29843 7 7 1 0 0
K 0 -14 43
K 0 0 43
K 0 -31 96
K 0 -14 60
K 0 0 60
K 0 21 60
A D 2 8 0
A P 1 157 0
A P 2 146 0
J N 7 29872 0 10 2305 576 0
K 0 -14 45
K 0 -14 43
K -1 -14 45
K 2 -14 45
K 0 0 43
K 0 -31 96
K 0 -14 60
K 0 0 60
K 0 21 60
A D 2 8 0
A P 1 163 0
A P 2 151 0
J N 7 29901 7 7 4609 576 0
K 0 -14 43
K 0 0 43
K 0 -31 96
K 0 -14 60
K 0 0 60
K 0 21 60
A D 2 8 0
A P 1 157 0
A P 2 146 0
J B 350 29934 1 82 6913 576 0
J N 7 29955 0 10 1 0 0
K 0 -14 45
K 0 -14 43
K -1 -14 45
K 2 -14 45
K 0 0 43
K 0 -31 96
K 0 -14 60
K 0 0 60
K 0 21 60
A D 2 8 0
A P 1 163 0
A P 2 151 0
J N 7 29984 7 7 2305 576 0
K 0 -14 43
K 0 0 43
K 0 -31 96
K 0 -14 60
K 0 0 60
K 0 21 60
A D 2 8 0
A P 1 157 0
A P 2 146 0
J N 7 30013 -7 10 4609 576 0
K 0 -7 45
K 0 -14 43
K 0 -7 45
K 1 -7 45
K 0 0 43
K 0 -31 96
K 0 -14 60
K 0 0 60
K 0 21 60
A D 2 8 0
A P 1 169 0
A P 2 157 0
J B 351 30046 1 82 6913 576 0
J N 7 30067 -7 11 1 0 0
K 0 -7 45
K 0 -21 45
K 0 -21 43
K -1 -21 45
K 2 -21 45
K 0 0 43
K 0 -38 96
K 0 -21 60
K 0 0 60
K 0 21 60
A D 2 8 0
A P 1 174 0
A P 2 157 0
J R 7 30096 28 2 2305 576 0
K 0 0 48
A D 2 8 1
A P 1 0 1
J R 7 30125 28 2 4609 576 0
K 0 0 48
A D 2 8 0
A P 1 0 0
J B 352 30158 1 82 6913 576 0
J R 9 30179 28 2 1 10001 0
K 0 0 46
A D 6 8 0
A P 3 0 0
J B 353 30229 1 82 6913 1728 0
J R 9 30250 28 2 1 10001 0
K 0 0 46
A D 6 8 0
A P 3 0 0
J B 354 30300 1 82 6913 1728 0
J R 9 30321 28 2 1 10001 0
K 0 0 46
A D 6 8 0
A P 3 0 0
J B 355 30371 1 82 6913 1728 0
J R 9 30392 28 2 1 10001 0
K 0 0 46
A D 6 8 0
A P 3 0 0
J B 356 30442 1 82 6913 1728 0
J R 9 30463 28 2 1 10001 0
K 0 0 46
A D 6 8 0
A P 3 0 0
J B 357 30513 1 82 6913 1728 0
J R 9 30534 28 2 1 10001 0
K 0 0 46
A D 6 8 0
A P 3 0 0
J B 358 30584 1 82 6913 1728 0
J R 9 30605 28 2 1 10001 0
K 0 0 46
A D 6 8 0
A P 3 0 0
J B 359 30655 1 82 6913 1728 0
J R 9 30676 28 2 1 10001 0
K 0 0 46
A D 6 8 0
A P 3 0 0
J B 360 30726 1 82 6913 1728 0
J D 0 30747 0 1 1 0 0
W 0 116 36 cresc.
J N 7 30747 42 8 1 0 0
K 0 -49 43
K 0 0 43
K 0 -66 96
K 0 -49 60
K 0 -28 60
K 0 0 60
K 0 14 60
A D 2 8 0
A P 1 157 0
A P 2 117 0
J N 7 30776 35 11 2305 576 0
K 0 -49 45
K 0 -49 43
K -1 -49 45
K 2 -49 45
K 0 0 43
K 0 -66 96
K 0 -49 60
K 0 -28 60
K 0 0 60
K 0 14 60
A D 2 8 0
A P 1 163 0
A P 2 123 0
J N 7 30805 28 11 4609 576 0
K 0 -42 45
K 0 -49 43
K 0 -42 45
K 1 -42 45
K 0 0 43
K 0 -66 96
K 0 -49 60
K 0 -28 60
K 0 0 60
K 0 21 60
A D 2 8 0
A P 1 169 0
A P 2 129 0
J B 361 30838 1 82 6913 576 0
J N 7 30859 21 13 1 0 0
K 0 -35 45
K 0 -49 45
K 0 -49 43
K -1 -49 45
K 2 -49 45
K 0 0 43
K -7 77 110
K 10 77 110
K 0 -49 60
K 0 -28 60
K 0 0 60
K 0 21 60
A D 2 8 0
A P 1 174 0
A P 2 134 0
J N 7 30888 7 11 2305 576 0
K 0 -21 45
K 0 -35 45
K 0 -35 43
K -1 -35 45
K 2 -35 45
K 0 0 43
K 0 -35 60
K 0 -28 60
K 0 0 60
K 0 21 60
A D 2 8 0
A P 1 174 0
A P 2 146 0
J N 7 30917 -7 10 4609 576 0
K 0 -7 45
K 0 -21 45
K 0 -21 43
K -1 -21 45
K 2 -21 45
K 0 0 43
K 0 -21 60
K 0 0 60
K 0 21 60
A D 2 8 0
A P 1 174 0
A P 2 157 0
J B 362 30950 1 82 6913 576 0
J N 7 30971 21 11 1 0 0
K 0 -35 45
K 0 -49 45
K 0 -49 43
K -1 -49 45
K 2 -49 45
K 0 0 43
K 0 -49 60
K 0 -28 60
K 0 0 60
K 0 21 60
A D 2 8 0
A P 1 174 0
A P 2 134 0
J N 7 31000 7 11 2305 576 0
K 0 -21 45
K 0 -35 45
K 0 -35 43
K -1 -35 45
K 2 -35 45
K 0 0 43
K 0 -35 60
K 0 -28 60
K 0 0 60
K 0 21 60
A D 2 8 0
A P 1 174 0
A P 2 146 0
J N 7 31029 -7 10 4609 576 0
K 0 -7 45
K 0 -21 45
K 0 -21 43
K -1 -21 45
K 2 -21 45
K 0 0 43
K 0 -21 60
K 0 0 60
K 0 21 60
A D 2 8 0
A P 1 174 0
A P 2 157 0
J B 363 31062 1 82 6913 576 0
J N 7 31083 -28 8 1 0 1 22
K 1 14 45
K 1 0 45
K 0 0 43
K -1 0 45
K 2 0 45
K 0 0 59
K 0 -7 59
A D 2 8 0
A P 1 174 0
J N 7 31083 21 4 1 0 0
K 0 0 43
K 0 0 60
K 0 21 60
A D 2 8 0
A P 2 134 0
J N 6 31112 -35 6 2305 576 1 23
K 1 21 45
K 1 7 45
K 0 0 43
K 0 7 45
K 1 7 45
A D 1 8 0
A P 1 180 0
J N 7 31112 21 4 2305 0 0
K 0 0 43
K 0 0 60
K 0 21 60
A D 2 8 0
A P 2 134 0
J N 6 31141 -28 6 3457 288 1 23
K 1 14 45
K 1 0 45
K 0 0 43
K -1 0 45
K 2 0 45
A D 1 8 0
A P 1 174 0
J N 6 31170 -21 5 4609 288 1 23
K 1 7 45
K 0 0 43
K 0 7 45
K 1 7 45
A D 1 8 0
A P 1 169 0
J N 7 31170 21 4 4609 0 0
K 0 0 43
K 0 0 60
K 0 21 60
A D 2 8 0
A P 2 134 0
J N 6 31199 -14 5 5761 288 2 23 22
K 1 0 45
K 0 0 43
K -1 0 45
K 2 0 45
A D 1 8 0
A P 1 163 0
H 23 B 0 0 108 4 2 1 1 3
H 22 S 0 6 -35 6 -44 0 0 0 0
J B 364 31232 1 82 6913 288 0
J N 8 31253 -7 5 1 0 0
K 0 0 42
K 25 0 44
K 0 0 59
K 0 -14 59
A D 6 8 0
A P 1 157 0
J N 7 31253 21 4 1 0 0
K 0 0 43
K 0 0 60
K 0 21 60
A D 2 8 0
A P 2 134 0
J N 7 31282 21 4 2305 576 0
K 0 0 43
K 0 0 60
K 0 21 60
A D 2 8 0
A P 2 134 0
J N 7 31311 21 4 4609 576 0
K 0 0 43
K 0 0 60
K 0 21 60
A D 2 8 0
A P 2 134 0
J B 365 31344 1 82 6913 576 0
J R 9 31365 -7 2 1 10001 0
K 0 0 46
A D 6 8 0
A P 1 0 0
J N 7 31365 21 4 1 0 1 24
K 0 0 43
K 0 0 60
K 0 21 60
A D 2 8 0
A P 2 134 0
J N 6 31399 14 2 2305 576 1 25
K 0 0 43
A D 1 8 0
A P 2 140 0
J N 6 31428 21 2 3457 288 1 25
K 0 0 43
A D 1 8 0
A P 2 134 0
J N 6 31457 28 2 4609 288 1 25
K 0 0 43
A D 1 8 0
A P 2 129 0
J N 6 31486 35 2 5761 288 2 25 24
K 0 0 43
A D 1 8 0
A P 2 123 0
H 25 B 1 0 108 4 2 1 1 3
H 24 S 12 -6 42 -6 41 0 0 0 0
J B 366 31519 1 82 6913 288 0
J N 8 31540 42 9 1 0 0
K 0 -49 42
K 25 -49 44
K 0 0 42
K 24 -6 44
K 0 -49 60
K 0 -28 60
K 0 0 60
K 0 14 60
A D 6 8 0
A P 1 157 0
A P 2 117 0
J B 367 31590 1 82 6913 1728 0
J D 0 31597 0 1 1 0 0
W 0 -28 32 zu 2
J N 8 31611 0 7 1 0 0
K 0 0 42
K 24 -6 44
K 0 84 111
K 12 84 110
K 0 0 60
K 0 21 60
A D 6 8 0
A P 3 151 0
J B 368 31661 1 82 6913 1728 0
J N 7 31682 7 4 1 0 1 26
K 0 0 43
K 0 0 60
K 0 21 60
A D 2 8 0
A P 3 146 0
J N 7 31711 -7 4 2305 576 1 26
K 0 0 43
K 0 0 60
K 0 21 60
A D 2 8 0
A P 3 157 0
H 26 S 0 0 0 0 0 0 0 0 0
J N 7 31740 7 5 4609 576 0
K 0 0 43
K 0 -17 96
K 0 0 60
K 0 21 60
A D 2 8 0
A P 3 146 0
J B 369 31773 1 82 6913 576 0
J N 7 31794 14 4 1 0 1 27
K 0 0 43
K 0 0 60
K 0 21 60
A D 2 8 0
A P 3 140 0
J N 7 31823 -7 4 2305 576 1 27
K 0 0 43
K 0 0 60
K 0 21 60
A D 2 8 0
A P 3 157 0
H 27 S 0 0 0 0 0 0 0 0 0
J N 7 31852 14 5 4609 576 0
K 0 0 43
K 0 -21 96
K 0 0 60
K 0 21 60
A D 2 8 0
A P 3 140 0
J B 370 31885 1 82 6913 576 0
J N 7 31906 21 5 1 0 0
K 0 0 43
K 0 -14 96
K 0 0 60
K 0 21 60
A D 2 8 0
A P 3 134 0
J N 7 31935 7 5 2305 576 0
K 0 0 43
K 0 -17 96
K 0 0 60
K 0 21 60
A D 2 8 0
A P 3 146 0
J N 7 31964 -7 5 4609 576 0
K 0 0 43
K 0 -17 96
K 0 0 60
K 0 21 60
A D 2 8 0
A P 3 157 0
J B 371 31997 1 82 6913 576 0
J N 8 32018 0 7 1 0 0
K 0 0 42
K 24 -6 44
K 0 84 111
K 12 84 110
K 0 0 60
K 0 21 60
A D 6 8 0
A P 3 151 0
J B 372 32068 1 82 6913 1728 0
J N 7 32089 7 4 1 0 1 28
K 0 0 43
K 0 0 60
K 0 21 60
A D 2 8 0
A P 3 146 0
J N 7 32118 -7 4 2305 576 1 28
K 0 0 43
K 0 0 60
K 0 21 60
A D 2 8 0
A P 3 157 0
H 28 S 0 0 0 0 0 0 0 0 0
J N 7 32147 7 5 4609 576 0
K 0 0 43
K 0 -17 96
K 0 0 60
K 0 21 60
A D 2 8 0
A P 3 146 0
J B 373 32180 1 82 6913 576 0
J N 7 32201 14 4 1 0 1 29
K 0 0 43
K 0 0 60
K 0 21 60
A D 2 8 0
A P 3 140 0
J N 7 32230 0 4 2305 576 1 29
K 0 0 43
K 0 0 60
K 0 21 60
A D 2 8 0
A P 3 151 0
H 29 S 0 0 0 0 0 0 0 0 0
J N 7 32259 14 5 4609 576 0
K 0 0 43
K 0 -21 96
K 0 0 60
K 0 21 60
A D 2 8 0
A P 3 140 0
J B 374 32292 1 82 6913 576 0
J N 7 32313 21 5 1 0 0
K 0 0 43
K 0 -14 96
K 0 0 60
K 0 21 60
A D 2 8 0
A P 3 134 0
J N 7 32342 0 5 2305 576 0
K 0 0 43
K 0 -17 96
K 0 0 60
K 0 21 60
A D 2 8 0
A P 3 151 0
J N 7 32371 21 5 4609 576 0
K 0 0 43
K 0 -14 96
K 0 0 60
K 0 21 60
A D 2 8 0
A P 3 134 0
J B 375 32404 1 82 6913 576 0
J N 8 32428 28 8 1 0 0
K -15 0 65
K 0 0 42
K 24 -6 44
K 0 68 111
K 12 68 110
K 0 0 60
K 0 21 60
A D 6 8 0
A P 3 128 0
J B 376 32478 1 82 6913 1728 0
J N 7 32499 35 4 1 0 1 30
K 0 0 43
K 0 0 59
K 0 -21 59
A D 2 8 0
A P 3 123 0
J N 7 32528 21 4 2305 576 1 30
K 0 0 43
K 0 0 60
K 0 21 60
A D 2 8 0
A P 3 134 0
H 30 S 0 14 0 0 0 0 0 0 0
J N 7 32557 35 5 4609 576 0
K 0 0 43
K 0 14 96
K 0 0 59
K 0 -21 59
A D 2 8 0
A P 3 123 0
J B 377 32590 1 82 6913 576 0
J N 7 32611 21 5 1 0 0
K 0 0 43
K 0 -14 96
K 0 0 60
K 0 21 60
A D 2 8 0
A P 3 134 0
J N 7 32640 42 5 2305 576 0
K 0 0 43
K 0 21 96
K 0 0 59
K 0 -21 59
A D 2 8 0
A P 3 117 0
J N 7 32669 21 5 4609 576 0
K 0 0 43
K 0 -14 96
K 0 0 60
K 0 21 60
A D 2 8 0
A P 3 134 0
J B 378 32702 1 82 6913 576 0
J N 7 32723 49 5 1 0 0
K 0 0 43
K 0 17 96
K 0 0 59
K 0 -21 59
A D 2 8 0
A P 3 111 0
J N 7 32752 0 5 2305 576 0
K 0 0 43
K 0 -17 96
K 0 0 60
K 0 21 60
A D 2 8 0
A P 3 151 0
J N 7 32781 49 5 4609 576 0
K 0 0 43
K 0 17 96
K 0 0 59
K 0 -21 59
A D 2 8 0
A P 3 111 0
J B 379 32814 1 82 6913 576 0
J N 7 32835 7 4 1 0 0
K 0 0 43
K 0 0 60
K 0 21 60
A D 2 8 0
A P 3 146 0
J N 7 32864 56 4 2305 576 0
K 0 0 43
K 0 0 59
K 0 -21 59
A D 2 8 0
A P 3 106 0
J N 7 32893 7 4 4609 576 0
K 0 0 43
K 0 0 60
K 0 21 60
A D 2 8 0
A P 3 146 0
J B 380 32926 1 82 6913 576 0
J N 7 32947 49 4 1 0 0
K 0 0 43
K 0 0 59
K 0 -21 59
A D 2 8 0
A P 3 111 0
J N 7 32976 14 4 2305 576 0
K 0 0 43
K 0 0 60
K 0 21 60
A D 2 8 0
A P 3 140 0
J N 7 33005 49 4 4609 576 0
K 0 0 43
K 0 0 59
K 0 -21 59
A D 2 8 0
A P 3 111 0
J B 381 33038 1 82 6913 576 0
J N 7 33059 42 4 1 0 0
K 0 0 43
K 0 0 59
K 0 -21 59
A D 2 8 0
A P 3 117 0
J N 7 33088 7 4 2305 576 0
K 0 0 43
K 0 0 60
K 0 21 60
A D 2 8 0
A P 3 146 0
J N 7 33117 42 4 4609 576 0
K 0 0 43
K 0 0 59
K 0 -21 59
A D 2 8 0
A P 3 117 0
J B 382 33150 1 82 6913 576 0
J N 7 33171 -7 4 1 0 0
K 0 0 43
K 0 0 60
K 0 21 60
A D 2 8 0
A P 3 157 0
J N 7 33200 42 4 2305 576 0
K 0 0 43
K 0 0 59
K 0 -21 59
A D 2 8 0
A P 3 117 0
J N 7 33229 -7 4 4609 576 0
K 0 0 43
K 0 0 60
K 0 21 60
A D 2 8 0
A P 3 157 0
J B 383 33262 1 82 6913 576 0
J N 7 33283 21 4 1 0 0
K 0 0 43
K 0 0 60
K 0 21 60
A D 2 8 0
A P 3 134 0
J R 7 33312 28 2 2305 576 0
K 0 0 48
A D 2 8 1
A P 3 0 1
J R 7 33341 28 2 4609 576 0
K 0 0 48
A D 2 8 0
A P 3 0 0
J B 384 33374 1 82 6913 576 0
J R 9 33395 28 2 1 10001 0
K 0 0 46
A D 6 8 0
A P 3 0 0
J B 385 33445 1 82 6913 1728 0
J R 9 33466 28 2 1 10001 0
K 0 0 46
A D 6 8 0
A P 3 0 0
J B 386 33516 1 82 6913 1728 0
J R 9 33537 28 2 1 10001 0
K 0 0 46
A D 6 8 0
A P 3 0 0
J B 387 33587 1 82 6913 1728 0
J R 7 33608 28 2 1 0 0
K 0 0 48
A D 2 8 0
A P 1 0 0
J N 7 33637 7 8 2305 576 0
K 0 -14 43
K 0 0 43
K 0 -31 96
K 0 72 108
K 0 -14 60
K 0 0 60
K 0 21 60
A D 2 8 0
A P 1 157 0
A P 2 146 0
J N 7 33666 7 7 4609 576 0
K 0 -14 43
K 0 0 43
K 0 -31 96
K 0 -14 60
K 0 0 60
K 0 21 60
A D 2 8 0
A P 1 157 0
A P 2 146 0
J B 388 33699 1 82 6913 576 0
J N 7 33720 0 10 1 0 0
K 0 -14 45
K 0 -14 43
K -1 -14 45
K 2 -14 45
K 0 0 43
K 0 -31 96
K 0 -14 60
K 0 0 60
K 0 21 60
A D 2 8 0
A P 1 163 0
A P 2 151 0
J N 7 33749 0 10 2305 576 0
K 0 -14 45
K 0 -14 43
K -1 -14 45
K 2 -14 45
K 0 0 43
K 0 -31 96
K 0 -14 60
K 0 0 60
K 0 21 60
A D 2 8 0
A P 1 163 0
A P 2 151 0
J N 7 33789 0 11 4609 576 0
K 0 -14 45
K -14 0 64
K 0 -14 43
K -1 -14 45
K 2 -14 45
K 0 0 43
K 0 -31 96
K 0 -14 60
K 0 0 60
K 0 21 60
A D 2 8 0
A P 1 163 0
A P 2 152 0
J B 389 33822 1 82 6913 576 0
J D 0 33829 0 1 1 0 0
W 0 -42 32 zu 2
J N 7 33843 -7 5 1 0 0
K 0 0 43
K 0 -17 96
K 0 0 60
K 0 21 60
A D 2 8 0
A P 3 157 0
J N 7 33872 -7 5 2305 576 0
K 0 0 43
K 0 -17 96
K 0 0 60
K 0 21 60
A D 2 8 0
A P 3 157 0
J N 7 33901 -7 5 4609 576 0
K 0 0 43
K 0 -17 96
K 0 0 60
K 0 21 60
A D 2 8 0
A P 3 157 0
J B 390 33934 1 82 6913 576 0
J N 7 33955 -7 5 1 0 0
K 0 0 43
K 0 -17 96
K 0 0 60
K 0 21 60
A D 2 8 0
A P 3 157 0
J N 7 33984 -7 5 2305 576 0
K 0 0 43
K 0 -17 96
K 0 0 60
K 0 21 60
A D 2 8 0
A P 3 157 0
J N 7 34013 -7 5 4609 576 0
K 0 0 43
K 0 -17 96
K 0 0 60
K 0 21 60
A D 2 8 0
A P 3 157 0
J B 391 34046 1 82 6913 576 0
J T 0 34067 42 1 6913 0 0
K 0 0 38
J N 7 34115 -28 10 1 0 0
K 0 14 45
K 0 0 45
K 0 0 43
K -1 0 45
K 2 0 45
K 0 -17 96
K 0 112 110
K 0 0 60
K 0 28 60
A D 1 4 0
A P 3 174 0
J R 7 34144 28 2 1729 576 0
K 0 0 48
A D 1 4 0
A P 3 0 0
J N 8 34173 -42 13 3457 576 0
K 0 28 45
K 0 14 45
K 0 0 45
K 0 0 42
K -1 0 45
K 2 0 45
K 0 -17 96
K 0 126 110
K 17 126 110
K 0 0 60
K 0 28 60
K 0 42 60
A D 2 4 0
A P 3 186 0
J B 392 34215 1 82 6913 1152 0
J N 8 34236 -28 9 1 0 0
K 0 14 45
K 0 0 45
K 0 0 42
K -1 0 45
K 2 0 45
K 0 -17 96
K 0 0 60
K 0 28 60
A D 2 4 0
A P 3 174 0
J N 8 34274 -7 5 3457 1152 0
K 0 0 42
K 0 -17 96
K 0 0 60
K 0 21 60
A D 2 4 0
A P 3 157 0
J B 393 34316 1 82 6913 1152 0
J N 8 34337 7 5 1 0 0
K 0 0 42
K 0 -17 96
K 0 0 60
K 0 21 60
A D 2 4 0
A P 3 146 0
J N 8 34375 21 5 3457 1152 0
K 0 0 42
K 0 -14 96
K 0 0 60
K 0 21 60
A D 2 4 0
A P 3 134 0
J B 394 34417 1 82 6913 1152 0
J N 8 34438 42 5 1 0 0
K 0 0 42
K 0 21 96
K 0 0 59
K 0 -21 59
A D 2 4 0
A P 3 117 0
J N 8 34476 49 5 3457 1152 0
K 0 0 42
K 0 17 96
K 0 0 59
K 0 -21 59
A D 2 4 0
A P 3 111 0
J B 395 34518 1 82 6913 1152 0
J T 304 34548 0 2 6913 0 0
K -10 28 74
K -10 56 75
J R 7 34590 28 2 1 0 0
K 0 0 48
A D 1 4 0
A P 1 0 0
J N 7 34626 -7 12 2305 576 0
K 0 -7 45
K -14 0 64
K 0 -14 43
K 0 -7 45
K 1 -7 45
K 0 0 43
K 0 -31 96
K 0 85 108
K 0 -14 60
K 0 0 60
K 0 21 60
A D 1 4 0
A P 1 169 0
A P 2 158 0
J N 7 34655 -14 13 4609 576 0
K 0 0 45
K 0 -14 45
K 0 -14 43
K -1 -14 45
K 2 -14 45
K 0 0 43
K -1 0 45
K 2 0 45
K 0 -31 96
K 0 -14 60
K 0 0 60
K 0 21 60
A D 1 4 0
A P 1 174 0
A P 2 163 0
J B 396 34688 1 82 6913 576 0
J N 7 34713 -7 11 1 0 0
K 0 -7 45
K -14 0 64
K 0 -14 43
K 0 -7 45
K 1 -7 45
K 0 0 43
K 0 -31 96
K 0 -14 60
K 0 0 60
K 0 21 60
A D 1 4 0
A P 1 169 0
A P 2 158 0
J N 7 34742 -14 13 2305 576 0
K 0 0 45
K 0 -14 45
K 0 -14 43
K -1 -14 45
K 2 -14 45
K 0 0 43
K -1 0 45
K 2 0 45
K 0 -31 96
K 0 -14 60
K 0 0 60
K 0 21 60
A D 1 4 0
A P 1 174 0
A P 2 163 0
J N 7 34771 -7 10 4609 576 0
K 0 -7 45
K 0 -14 43
K 0 -7 45
K 1 -7 45
K 0 0 43
K 0 -31 96
K 0 -14 60
K 0 0 60
K 0 21 60
A D 1 4 0
A P 1 169 0
A P 2 158 0
J B 397 34804 1 82 6913 576 0
J N 7 34825 -14 13 1 0 0
K 0 0 45
K 0 -14 45
K 0 -14 43
K -1 -14 45
K 2 -14 45
K 0 0 43
K -1 0 45
K 2 0 45
K 0 -31 96
K 0 -14 60
K 0 0 60
K 0 21 60
A D 1 4 0
A P 1 174 0
A P 2 163 0
J R 7 34854 28 2 2305 576 0
K 0 0 48
A D 1 4 1
A P 1 0 1
J R 7 34883 28 2 4609 576 0
K 0 0 48
A D 1 4 0
A P 1 0 0
J B 398 34916 1 82 6913 576 0
J R 9 34937 28 2 1 10001 0
K 0 0 46
A D 3 4 0
A P 3 0 0
J B 399 34987 1 82 6913 1728 0
J R 7 35008 28 2 1 0 0
K 0 0 48
A D 1 4 0
A P 1 0 0
J N 7 35044 0 12 2305 576 0
K 0 -14 45
K -14 0 64
K 0 -14 43
K -1 -14 45
K 2 -14 45
K 0 0 43
K 0 -31 96
K 0 79 108
K 0 -14 60
K 0 0 60
K 0 21 60
A D 1 4 0
A P 1 163 0
A P 2 152 0
J N 7 35073 -7 10 4609 576 0
K 0 -7 45
K 0 -14 43
K 0 -7 45
K 1 -7 45
K 0 0 43
K 0 -31 96
K 0 -14 60
K 0 0 60
K 0 21 60
A D 1 4 0
A P 1 169 0
A P 2 157 0
J B 400 35106 1 82 6913 576 0
J N 7 35131 0 11 1 0 0
K 0 -14 45
K -14 0 64
K 0 -14 43
K -1 -14 45
K 2 -14 45
K 0 0 43
K 0 -31 96
K 0 -14 60
K 0 0 60
K 0 21 60
A D 1 4 0
A P 1 163 0
A P 2 152 0
J N 7 35160 -7 10 2305 576 0
K 0 -7 45
K 0 -14 43
K 0 -7 45
K 1 -7 45
K 0 0 43
K 0 -31 96
K 0 -14 60
K 0 0 60
K 0 21 60
A D 1 4 0
A P 1 169 0
A P 2 157 0
J N 7 35189 0 10 4609 576 0
K 0 -14 45
K 0 -14 43
K -1 -14 45
K 2 -14 45
K 0 0 43
K 0 -31 96
K 0 -14 60
K 0 0 60
K 0 21 60
A D 1 4 0
A P 1 163 0
A P 2 152 0
J B 401 35222 1 82 6913 576 0
J N 7 35243 -7 10 1 0 0
K 0 -7 45
K 0 -14 43
K 0 -7 45
K 1 -7 45
K 0 0 43
K 0 -31 96
K 0 -14 60
K 0 0 60
K 0 21 60
A D 1 4 0
A P 1 169 0
A P 2 157 0
J R 7 35272 28 2 2305 576 0
K 0 0 48
A D 1 4 1
A P 1 0 1
J R 7 35301 28 2 4609 576 0
K 0 0 48
A D 1 4 0
A P 1 0 0
J B 402 35334 1 82 6913 576 0
J R 9 35355 28 2 1 10001 0
K 0 0 46
A D 3 4 0
A P 3 0 0
J B 403 35405 1 82 6913 1728 0
J R 7 35426 28 2 1 0 0
K 0 0 48
A D 1 4 0
A P 1 0 0
J D 0 35427 0 1 2305 576 0
W 0 -21 32 1.
J N 7 35455 0 6 2305 0 0
K 0 0 43
K 0 -17 96
K 0 79 108
K 0 0 60
K 0 21 60
A D 1 4 0
A P 1 151 0
J N 7 35484 -28 9 4609 576 0
K 0 14 45
K 0 0 45
K 0 0 43
K -1 0 45
K 2 0 45
K 0 -17 96
K 0 0 60
K 0 28 60
A D 1 4 0
A P 1 174 0
J B 404 35517 1 82 6913 576 0
J N 7 35538 0 5 1 0 0
K 0 0 43
K 0 -17 96
K 0 0 60
K 0 21 60
A D 1 4 0
A P 1 151 0
J N 7 35567 -28 9 2305 576 0
K 0 14 45
K 0 0 45
K 0 0 43
K -1 0 45
K 2 0 45
K 0 -17 96
K 0 0 60
K 0 28 60
A D 1 4 0
A P 1 174 0
J N 7 35596 0 5 4609 576 0
K 0 0 43
K 0 -17 96
K 0 0 60
K 0 21 60
A D 1 4 0
A P 1 151 0
J B 405 35629 1 82 6913 576 0
J N 7 35650 -28 9 1 0 0
K 0 14 45
K 0 0 45
K 0 0 43
K -1 0 45
K 2 0 45
K 0 -17 96
K 0 0 60
K 0 28 60
A D 1 4 0
A P 1 174 0
J R 7 35679 28 2 2305 576 0
K 0 0 48
A D 1 4 1
A P 1 0 1
J R 7 35708 28 2 4609 576 0
K 0 0 48
A D 1 4 0
A P 1 0 0
J B 406 35741 1 82 6913 576 0
J R 9 35762 28 2 1 10001 0
K 0 0 46
A D 3 4 0
A P 3 0 0
J B 407 35812 1 82 6913 1728 0
J R 7 35833 28 2 1 0 0
K 0 0 48
A D 1 4 0
A P 1 0 0
J D 0 35834 0 1 2305 576 0
W 0 -21 32 1.
J N 7 35862 0 6 2305 0 0
K 0 0 43
K 0 -17 96
K 0 79 108
K 0 0 60
K 0 21 60
A D 1 4 0
A P 1 151 0
J N 7 35891 -28 9 4609 576 0
K 0 14 45
K 0 0 45
K 0 0 43
K -1 0 45
K 2 0 45
K 0 -17 96
K 0 0 60
K 0 28 60
A D 1 4 0
A P 1 174 0
J B 408 35924 1 82 6913 576 0
J N 7 35945 0 5 1 0 0
K 0 0 43
K 0 -17 96
K 0 0 60
K 0 21 60
A D 1 4 0
A P 1 151 0
J N 7 35974 -28 9 2305 576 0
K 0 14 45
K 0 0 45
K 0 0 43
K -1 0 45
K 2 0 45
K 0 -17 96
K 0 0 60
K 0 28 60
A D 1 4 0
A P 1 174 0
J N 7 36003 0 5 4609 576 0
K 0 0 43
K 0 -17 96
K 0 0 60
K 0 21 60
A D 1 4 0
A P 1 151 0
J B 409 36036 1 82 6913 576 0
J N 7 36057 -28 9 1 0 0
K 1 14 45
K 1 0 45
K 0 0 43
K -1 0 45
K 2 0 45
K 7 -45 96
K 0 0 59
K 0 -7 59
A D 1 4 0
A P 1 174 0
J R 7 36057 28 2 1 0 0
K 0 0 48
A D 1 4 0
A P 2 0 0
J N 7 36086 0 6 2305 576 0
K 0 0 43
K 7 -52 96
K 0 79 108
K 0 0 59
K 0 -14 59
A D 1 4 0
A P 1 151 0
J N 7 36086 0 4 2305 0 0
K 0 0 43
K 0 0 60
K 0 21 60
A D 1 4 0
A P 2 151 0
J N 7 36115 21 5 4609 576 0
K 0 0 43
K 7 -52 96
K 0 0 59
K 0 -14 59
A D 1 4 0
A P 1 134 0
J N 7 36115 21 4 4609 0 0
K 0 0 43
K 0 0 60
K 0 21 60
A D 1 4 0
A P 2 134 0
J B 410 36148 1 82 6913 576 0
J N 7 36169 0 5 1 0 0
K 0 0 43
K 7 -52 96
K 0 0 59
K 0 -14 59
A D 1 4 0
A P 1 151 0
J N 7 36169 0 4 1 0 0
K 0 0 43
K 0 0 60
K 0 21 60
A D 1 4 0
A P 2 151 0
J N 7 36198 7 7 2305 576 0
K 0 -14 43
K 0 0 43
K 0 -31 96
K 0 -14 60
K 0 0 60
K 0 21 60
A D 1 4 0
A P 1 157 0
A P 2 146 0
J N 7 36227 0 10 4609 576 0
K 0 -14 45
K 0 -14 43
K -1 -14 45
K 2 -14 45
K 0 0 43
K 0 -31 96
K 0 -14 60
K 0 0 60
K 0 21 60
A D 1 4 0
A P 1 163 0
A P 2 151 0
J B 411 36260 1 82 6913 576 0
J N 7 36281 7 7 1 0 0
K 0 -14 43
K 0 0 43
K 0 -31 96
K 0 -14 60
K 0 0 60
K 0 21 60
A D 1 4 0
A P 1 157 0
A P 2 146 0
J R 7 36310 28 2 2305 576 0
K 0 0 48
A D 1 4 1
A P 1 0 1
J R 7 36339 28 2 4609 576 0
K 0 0 48
A D 1 4 0
A P 1 0 0
J B 412 36372 1 82 6913 576 0
J N 7 36393 0 4 1 0 0
K 0 0 43
K 0 0 59
K 0 -14 59
A D 1 4 0
A P 1 151 0
J N 7 36393 0 4 1 0 0
K 0 0 43
K 0 0 60
K 0 21 60
A D 1 4 0
A P 2 151 0
J R 7 36422 28 2 2305 576 0
K 0 0 48
A D 1 4 1
A P 1 0 1
J R 7 36451 28 2 4609 576 0
K 0 0 48
A D 1 4 0
A P 1 0 0
J B 413 36484 1 82 6913 576 0
J N 7 36505 14 4 1 0 0
K 0 0 43
K 0 0 59
K 0 -14 59
A D 1 4 0
A P 1 140 0
J N 7 36505 14 4 1 0 0
K 0 0 43
K 0 0 60
K 0 21 60
A D 1 4 0
A P 2 140 0
J R 7 36534 28 2 2305 576 0
K 0 0 48
A D 1 4 1
A P 1 0 1
J R 7 36563 28 2 4609 576 0
K 0 0 48
A D 1 4 0
A P 1 0 0
J B 414 36596 1 82 6913 576 0
J N 7 36617 -7 4 1 0 0
K 0 0 43
K 0 0 59
K 0 -14 59
A D 1 4 0
A P 1 157 0
J N 7 36617 -7 4 1 0 0
K 0 0 43
K 0 0 60
K 0 21 60
A D 1 4 0
A P 2 157 0
J R 7 36646 28 2 2305 576 0
K 0 0 48
A D 1 4 1
A P 1 0 1
J R 7 36675 28 2 4609 576 0
K 0 0 48
A D 1 4 0
A P 1 0 0
J B 415 36708 1 82 6913 576 0
J N 7 36729 7 4 1 0 0
K 0 0 43
K 0 0 59
K 0 -14 59
A D 1 4 0
A P 1 146 0
J N 7 36729 7 4 1 0 0
K 0 0 43
K 0 0 60
K 0 21 60
A D 1 4 0
A P 2 146 0
J R 7 36758 28 2 2305 576 0
K 0 0 48
A D 1 4 1
A P 1 0 1
J R 7 36787 28 2 4609 576 0
K 0 0 48
A D 1 4 0
A P 1 0 0
J B 416 36820 1 82 6913 576 0
J N 7 36841 -14 7 1 0 0
K 1 0 45
K 0 0 43
K -1 0 45
K 2 0 45
K 0 0 59
K 0 -7 59
A D 1 4 0
A P 1 163 0
J N 7 36841 -14 7 1 0 0
K 0 0 45
K 0 0 43
K -1 0 45
K 2 0 45
K 0 0 60
K 0 21 60
A D 1 4 0
A P 2 163 0
J R 7 36870 28 2 2305 576 0
K 0 0 48
A D 1 4 1
A P 1 0 1
J R 7 36899 28 2 4609 576 0
K 0 0 48
A D 1 4 0
A P 1 0 0
J B 417 36932 1 82 6913 576 0
J N 7 36953 0 4 1 0 0
K 0 0 43
K 0 0 59
K 0 -14 59
A D 1 4 0
A P 1 151 0
J N 7 36953 0 4 1 0 0
K 0 0 43
K 0 0 60
K 0 21 60
A D 1 4 0
A P 2 151 0
J R 7 36982 28 2 2305 576 0
K 0 0 48
A D 1 4 1
A P 1 0 1
J R 7 37011 28 2 4609 576 0
K 0 0 48
A D 1 4 0
A P 1 0 0
J B 418 37044 1 82 6913 576 0
J N 7 37065 -7 4 1 0 0
K 0 0 43
K 0 0 59
K 0 -14 59
A D 1 4 0
A P 1 157 0
J N 7 37065 -7 4 1 0 0
K 0 0 43
K 0 0 60
K 0 21 60
A D 1 4 0
A P 2 157 0
J R 7 37094 28 2 2305 576 0
K 0 0 48
A D 1 4 1
A P 1 0 1
J R 7 37123 28 2 4609 576 0
K 0 0 48
A D 1 4 0
A P 1 0 0
J B 419 37156 1 82 6913 576 0
J R 7 37177 -14 2 1 0 0
K 0 0 48
A D 1 4 0
A P 1 0 0
J N 7 37177 21 4 1 0 0
K 0 0 43
K 0 0 60
K 0 21 60
A D 1 4 0
A P 2 134 0
J N 7 37206 -7 5 2305 576 0
K 0 0 43
K 7 -52 96
K 0 0 59
K 0 -14 59
A D 1 4 0
A P 1 157 0
J R 7 37206 42 2 2305 0 0
K 0 0 48
A D 1 4 1
A P 2 0 1
J N 7 37246 -7 6 4609 576 0
K -14 0 64
K 0 0 43
K 7 -52 96
K 0 0 59
K 0 -14 59
A D 1 4 0
A P 1 158 0
J R 7 37246 42 2 4609 0 0
K 0 0 48
A D 1 4 0
A P 2 0 0
J B 420 37279 1 82 6913 576 0
J N 7 37300 -14 8 1 0 0
K 1 0 45
K 0 0 43
K -1 0 45
K 2 0 45
K 7 -45 96
K 0 0 59
K 0 -7 59
A D 1 4 0
A P 1 163 0
J N 7 37300 21 4 1 0 0
K 0 0 43
K 0 0 60
K 0 21 60
A D 1 4 0
A P 2 134 0
J N 7 37329 -21 8 2305 576 0
K 1 7 45
K 0 0 43
K 0 7 45
K 1 7 45
K 7 -45 96
K 0 0 59
K 0 -7 59
A D 1 4 0
A P 1 169 0
J R 7 37329 42 2 2305 0 0
K 0 0 48
A D 1 4 1
A P 2 0 1
J N 7 37358 -28 9 4609 576 0
K 1 14 45
K 1 0 45
K 0 0 43
K -1 0 45
K 2 0 45
K 7 -45 96
K 0 0 59
K 0 -7 59
A D 1 4 0
A P 1 174 0
J R 7 37358 42 2 4609 0 0
K 0 0 48
A D 1 4 0
A P 2 0 0
J B 421 37391 1 82 6913 576 0
J N 7 37412 -35 9 1 0 0
K 1 21 45
K 1 7 45
K 0 0 43
K 0 7 45
K 1 7 45
K 7 -45 96
K 0 0 59
K 0 -7 59
A D 1 4 0
A P 1 180 0
J N 7 37412 49 4 1 0 0
K 0 0 43
K 0 0 60
K 0 14 60
A D 1 4 0
A P 2 111 0
J N 7 37441 -14 8 2305 576 0
K 1 0 45
K 0 0 43
K -1 0 45
K 2 0 45
K 7 -45 96
K 0 0 59
K 0 -7 59
A D 1 4 0
A P 1 163 0
J R 7 37441 42 2 2305 0 0
K 0 0 48
A D 1 4 1
A P 2 0 1
J N 7 37485 -14 9 4609 576 0
K 1 0 45
K -18 0 63
K 0 0 43
K -1 0 45
K 2 0 45
K 7 -45 96
K 0 0 59
K 0 -7 59
A D 1 4 0
A P 1 164 0
J R 7 37485 42 2 4609 0 0
K 0 0 48
A D 1 4 0
A P 2 0 0
J B 422 37518 1 82 6913 576 0
J N 7 37539 -21 8 1 0 0
K 1 7 45
K 0 0 43
K 0 7 45
K 1 7 45
K 7 -45 96
K 0 0 59
K 0 -7 59
A D 1 4 0
A P 1 169 0
J N 7 37539 14 4 1 0 0
K 0 0 43
K 0 0 60
K 0 21 60
A D 1 4 0
A P 2 140 0
J N 7 37579 -28 10 2305 576 0
K 1 14 45
K 1 0 45
K -14 0 64
K 0 0 43
K -1 0 45
K 2 0 45
K 7 -45 96
K 0 0 59
K 0 -7 59
A D 1 4 0
A P 1 175 0
J R 7 37579 42 2 2305 0 0
K 0 0 48
A D 1 4 1
A P 2 0 1
J N 7 37608 -35 9 4609 576 0
K 1 21 45
K 1 7 45
K 0 0 43
K 0 7 45
K 1 7 45
K 7 -45 96
K 0 0 59
K 0 -7 59
A D 1 4 0
A P 1 180 0
J R 7 37608 42 2 4609 0 0
K 0 0 48
A D 1 4 0
A P 2 0 0
J B 423 37641 1 82 6913 576 0
J D 0 37662 0 1 1 0 0
W 0 105 36 cresc.
J N 7 37662 -42 10 1 0 0
K 1 28 45
K 1 14 45
K 1 0 45
K 0 0 43
K -1 0 45
K 2 0 45
K 7 -45 96
K 0 0 59
K 0 -7 59
A D 1 4 0
A P 1 186 0
J N 7 37662 42 4 1 0 0
K 0 0 43
K 0 0 60
K 0 14 60
A D 1 4 0
A P 2 117 0
J R 7 37691 28 2 2305 576 0
K 0 0 48
A D 1 4 1
A P 1 0 1
J R 7 37720 28 2 4609 576 0
K 0 0 48
A D 1 4 0
A P 1 0 0
J B 424 37753 1 82 6913 576 0
J N 7 37774 7 4 1 0 0
K 0 0 43
K 0 0 59
K 0 -14 59
A D 1 4 0
A P 1 146 0
J N 7 37774 7 4 1 0 0
K 0 0 43
K 0 0 60
K 0 21 60
A D 1 4 0
A P 2 146 0
J R 7 37803 28 2 2305 576 0
K 0 0 48
A D 1 4 1
A P 1 0 1
J R 7 37832 28 2 4609 576 0
K 0 0 48
A D 1 4 0
A P 1 0 0
J B 425 37865 1 82 6913 576 0
J D 0 37886 0 1 1 0 0
W 0 -28 32 zu 2
J N 7 37886 35 5 1 0 0
K 0 0 43
K 0 14 96
K 0 0 59
K 0 -21 59
A D 1 4 0
A P 3 123 0
J N 7 37915 56 5 2305 576 0
K 0 0 43
K 0 17 96
K 0 0 59
K 0 -21 59
A D 1 4 0
A P 3 106 0
J N 7 37944 49 5 4609 576 0
K 0 0 43
K 0 17 96
K 0 0 59
K 0 -21 59
A D 1 4 0
A P 3 111 0
J B 426 37977 1 82 6913 576 0
J N 7 37998 63 5 1 0 0
K 0 0 43
K 0 17 96
K 0 0 59
K 0 -21 59
A D 1 4 0
A P 3 100 0
J N 7 38042 35 6 2305 576 0
K -18 0 63
K 0 0 43
K 0 14 96
K 0 0 59
K 0 -21 59
A D 1 4 0
A P 3 124 0
J N 7 38071 28 5 4609 576 0
K 0 0 43
K 0 21 96
K 0 0 59
K 0 -14 59
A D 1 4 0
A P 3 129 0
J B 427 38104 1 82 6913 576 0
J N 7 38125 42 6 1 0 0
K 0 0 43
K -5 50 110
K 12 50 110
K 0 0 59
K 0 -21 59
A D 1 4 0
A P 3 117 0
J N 7 38154 14 4 2305 576 0
K 0 0 43
K 0 0 60
K 0 21 60
A D 1 4 0
A P 3 140 0
J N 7 38183 28 4 4609 576 0
K 0 0 43
K 0 0 60
K 0 21 60
A D 1 4 0
A P 3 129 0
J B 428 38216 1 82 6913 576 0
J N 7 38237 42 4 1 0 0
K 0 0 43
K 0 0 59
K 0 -21 59
A D 1 4 0
A P 3 117 0
J N 7 38266 -21 7 2305 576 0
K 0 7 45
K 0 0 43
K 0 7 45
K 1 7 45
K 0 0 60
K 0 21 60
A D 1 4 0
A P 3 169 0
J N 7 38295 -7 4 4609 576 0
K 0 0 43
K 0 0 60
K 0 21 60
A D 1 4 0
A P 3 157 0
J B 429 38328 1 82 6913 576 0
J N 7 38349 42 4 1 0 0
K 0 0 43
K 0 0 59
K 0 -21 59
A D 1 4 0
A P 3 117 0
J N 7 38378 -35 9 2305 576 0
K 0 21 45
K 0 7 45
K 0 0 43
K 0 7 45
K 1 7 45
K 0 0 60
K 0 28 60
K 0 35 60
A D 1 4 0
A P 3 180 0
J N 7 38407 -21 7 4609 576 0
K 0 7 45
K 0 0 43
K 0 7 45
K 1 7 45
K 0 0 60
K 0 21 60
A D 1 4 0
A P 3 169 0
J B 430 38440 1 82 6913 576 0
J N 7 38461 -7 4 1 0 0
K 0 0 43
K 0 0 60
K 0 21 60
A D 1 4 0
A P 3 157 0
J N 7 38490 -14 7 2305 576 0
K 0 0 45
K 0 0 43
K -1 0 45
K 2 0 45
K 0 0 60
K 0 21 60
A D 1 4 0
A P 3 163 0
J N 7 38519 -21 7 4609 576 0
K 0 7 45
K 0 0 43
K 0 7 45
K 1 7 45
K 0 0 60
K 0 21 60
A D 1 4 0
A P 3 169 0
J B 431 38552 1 82 6913 576 0
J N 7 38573 -28 9 1 0 0
K 0 14 45
K 0 0 45
K 0 0 43
K -1 0 45
K 2 0 45
K 0 112 110
K 0 0 60
K 0 28 60
A D 1 4 0
A P 3 174 0
J R 7 38602 28 2 2305 576 0
K 0 0 48
A D 1 4 1
A P 3 0 1
J R 7 38631 28 2 4609 576 0
K 0 0 48
A D 1 4 0
A P 3 0 0
J B 432 38664 1 82 6913 576 0
J N 7 38685 42 5 1 0 0
K 0 0 43
K 0 44 110
K 0 0 59
K 0 -21 59
A D 1 4 0
A P 3 117 0
J R 7 38714 28 2 2305 576 0
K 0 0 48
A D 1 4 1
A P 3 0 1
J R 7 38743 28 2 4609 576 0
K 0 0 48
A D 1 4 0
A P 3 0 0
J B 433 38776 1 82 6913 576 0
J R 9 38797 28 2 1 10001 0
K 0 0 46
A D 3 4 0
A P 3 0 0
J B 434 38847 1 82 6913 1728 0
J R 9 38868 28 2 1 10001 0
K 0 0 46
A D 3 4 0
A P 3 0 0
J B 435 38918 1 82 6913 1728 0
J D 0 38925 0 1 1 0 0
W 0 -56 32 1.
J S 0 38939 91 2 1 0 1 31
K 0 0 108
K 23 0 108
J N 8 38939 -21 9 1 0 1 32
K 0 7 45
K -15 0 65
K 0 0 42
K 0 7 45
K 1 7 45
K 25 0 44
K 0 0 60
K 0 21 60
A D 3 4 0
A P 1 168 0
J B 436 38989 1 82 6913 1728 0
J M 0 39010 0 0 1 0 1 31
H 31 W 0 21 53 91 7 91
J N 8 39010 -21 9 1 0 1 33
K 0 7 45
K -14 0 64
K 0 0 42
K 0 7 45
K 1 7 45
K 25 0 44
K 0 0 60
K 0 21 60
A D 3 4 0
A P 1 169 0
J B 437 39060 1 82 6913 1728 0
J N 7 39081 -28 8 1 0 2 32 33
K 0 14 45
K 0 0 45
K 0 0 43
K -1 0 45
K 2 0 45
K 0 0 60
K 0 28 60
A D 1 4 0
A P 1 174 0
H 33 W 21 0 21 91 14 91
H 32 S 0 0 0 0 0 0 0 0 0
J R 7 39110 28 2 2305 576 0
K 0 0 48
A D 1 4 1
A P 1 0 1
J R 7 39139 28 2 4609 576 0
K 0 0 48
A D 1 4 0
A P 1 0 0
J B 438 39172 1 82 6913 576 0
J R 7 39193 28 2 1 0 0
K 0 0 48
A D 1 4 0
A P 1 0 0
J N 7 39222 14 8 2305 576 0
K 0 -14 43
K 0 0 43
K 0 70 108
K 23 70 108
K 0 -14 60
K 0 0 60
K 0 21 60
A D 1 4 0
A P 1 151 0
A P 2 140 0
J N 7 39251 14 6 4609 576 0
K 0 -14 43
K 0 0 43
K 0 -14 60
K 0 0 60
K 0 21 60
A D 1 4 0
A P 1 151 0
A P 2 140 0
J B 439 39284 1 82 6913 576 0
J N 8 39305 14 8 1 0 3 35 36 34
K 0 -14 42
K 24 -20 44
K 0 0 42
K 24 -6 44
K 0 -14 60
K 0 0 60
K 0 21 60
A D 3 4 1
A P 1 151 1
A P 2 140 1
J B 440 39355 1 82 6913 1728 0
J M 0 39376 0 0 1 0 1 34
H 34 W 0 21 7 91 7 91
J N 8 39376 14 8 1 0 5 38 39 35 36 37
K 0 -14 42
K 24 -20 44
K 0 0 42
K 24 -6 44
K 0 -14 60
K 0 0 60
K 0 21 60
A D 3 4 0
A P 1 151 0
A P 2 140 0
H 35 T 0 0 0 0 0 0 5 0
H 36 T 14 0 0 0 0 0 15 0
J B 441 39426 1 82 6913 1728 0
J N 7 39447 21 6 1 0 3 38 39 37
K 0 -14 43
K 0 0 43
K 0 -14 60
K 0 0 60
K 0 21 60
A D 1 4 0
A P 1 146 0
A P 2 134 0
H 37 W 21 0 21 91 14 91
H 38 S 0 0 -14 0 -14 0 0 0 0
H 39 S 12 0 0 -14 0 0 0 0 0
J R 7 39476 28 2 2305 576 0
K 0 0 48
A D 1 4 1
A P 1 0 1
J R 7 39505 28 2 4609 576 0
K 0 0 48
A D 1 4 0
A P 1 0 0
J B 442 39538 1 82 6913 576 0
J R 9 39559 28 2 1 10001 0
K 0 0 46
A D 3 4 0
A P 3 0 0
J B 443 39609 1 82 6913 1728 0
J R 9 39630 28 2 1 10001 0
K 0 0 46
A D 3 4 0
A P 3 0 0
J B 444 39680 1 82 6913 1728 0
J R 9 39701 28 2 1 10001 0
K 0 0 46
A D 3 4 0
A P 3 0 0
J B 445 39751 1 82 6913 1728 0
J R 7 39772 28 2 1 0 0
K 0 0 48
A D 1 4 0
A P 1 0 0
J D 0 39801 0 1 2305 576 0
W 0 114 36 cresc.
J N 7 39801 42 7 2305 0 0
K 0 -49 43
K 0 0 43
K 0 -49 60
K 0 -28 60
K 0 0 60
K 0 14 60
A D 1 4 0
A P 1 157 0
A P 2 117 0
J N 7 39830 21 11 4609 576 0
K 0 -35 45
K 0 -49 45
K 0 -49 43
K -1 -49 45
K 2 -49 45
K 0 0 43
K 0 -49 60
K 0 -28 60
K 0 0 60
K 0 21 60
A D 1 4 0
A P 1 174 0
A P 2 134 0
J B 446 39863 1 82 6913 576 0
J N 7 39884 42 7 1 0 0
K 0 -49 43
K 0 0 43
K 0 -49 60
K 0 -28 60
K 0 0 60
K 0 14 60
A D 1 4 0
A P 1 157 0
A P 2 117 0
J N 7 39913 21 11 2305 576 0
K 0 -35 45
K 0 -49 45
K 0 -49 43
K -1 -49 45
K 2 -49 45
K 0 0 43
K 0 -49 60
K 0 -28 60
K 0 0 60
K 0 21 60
A D 1 4 0
A P 1 174 0
A P 2 134 0
J N 7 39942 42 7 4609 576 0
K 0 -49 43
K 0 0 43
K 0 -49 60
K 0 -28 60
K 0 0 60
K 0 14 60
A D 1 4 0
A P 1 157 0
A P 2 117 0
J B 447 39975 1 82 6913 576 0
J N 7 39996 21 12 1 0 0
K 0 -35 45
K 0 -49 45
K 0 -49 43
K -1 -49 45
K 2 -49 45
K 0 0 43
K 0 71 110
K 0 -49 60
K 0 -28 60
K 0 0 60
K 0 21 60
A D 1 4 0
A P 1 174 0
A P 2 134 0
J N 7 40025 42 7 2305 576 0
K 0 -49 43
K 0 0 43
K 0 -49 60
K 0 -28 60
K 0 0 60
K 0 14 60
A D 1 4 0
A P 1 157 0
A P 2 117 0
J N 7 40054 21 11 4609 576 0
K 0 -35 45
K 0 -49 45
K 0 -49 43
K -1 -49 45
K 2 -49 45
K 0 0 43
K 0 -49 60
K 0 -28 60
K 0 0 60
K 0 21 60
A D 1 4 0
A P 1 174 0
A P 2 134 0
J B 448 40087 1 82 6913 576 0
J N 7 40108 42 7 1 0 0
K 0 -49 43
K 0 0 43
K 0 -49 60
K 0 -28 60
K 0 0 60
K 0 14 60
A D 1 4 0
A P 1 157 0
A P 2 117 0
J N 7 40137 21 11 2305 576 0
K 0 -35 45
K 0 -49 45
K 0 -49 43
K -1 -49 45
K 2 -49 45
K 0 0 43
K 0 -49 60
K 0 -28 60
K 0 0 60
K 0 21 60
A D 1 4 0
A P 1 174 0
A P 2 134 0
J N 7 40166 42 7 4609 576 0
K 0 -49 43
K 0 0 43
K 0 -49 60
K 0 -28 60
K 0 0 60
K 0 14 60
A D 1 4 0
A P 1 157 0
A P 2 117 0
J B 449 40199 1 82 6913 576 0
J N 7 40220 21 13 1 0 0
K 0 -35 45
K 0 -49 45
K 0 -49 43
K -1 -49 45
K 2 -49 45
K 0 0 43
K 0 71 110
K 17 71 110
K 0 -49 60
K 0 -28 60
K 0 0 60
K 0 21 60
A D 1 4 0
A P 1 174 0
A P 2 134 0
J R 7 40249 28 2 2305 576 0
K 0 0 48
A D 1 4 1
A P 1 0 1
J R 7 40278 28 2 4609 576 0
K 0 0 48
A D 1 4 0
A P 1 0 0
J B 450 40311 1 82 6913 576 0
J N 7 40332 42 9 1 0 0
K 0 -49 43
K 0 0 43
K 0 57 110
K 17 57 110
K 0 -49 60
K 0 -28 60
K 0 0 60
K 0 14 60
A D 1 4 0
A P 1 157 0
A P 2 117 0
J R 7 40361 28 2 2305 576 0
K 0 0 48
A D 1 4 1
A P 1 0 1
J R 7 40390 28 2 4609 576 0
K 0 0 48
A D 1 4 0
A P 1 0 0
J B 451 40423 1 82 6913 576 0
J N 7 40444 21 6 1 0 0
K 0 0 43
K 0 71 110
K 17 71 110
K 0 0 59
K 0 -14 59
A D 1 4 0
A P 1 134 0
J N 7 40444 21 4 1 0 0
K 0 0 43
K 0 0 60
K 0 21 60
A D 1 4 0
A P 2 134 0
J R 7 40473 28 2 2305 576 0
K 0 0 48
A D 1 4 1
A P 1 0 1
J R 7 40502 28 2 4609 576 0
K 0 0 48
A D 1 4 0
A P 1 0 0
J B 452 40535 1 82 6913 576 0
J R 9 40556 28 3 1 10001 0
K 0 0 46
K 0 -35 101
A D 3 4 0
A P 3 0 0
J B 0 40619 6 2 6913 1728 0
K -13 0 82
K -6 0 84
J M 0 40619 0 0 10000 0 0
