@ SOURCE: {beet/bhl/orch/sym9/stage2/04c/s06} DEC/30/2005 [md5sum:d4d0f7a204b65b5bd8a0797402f40867]
L 0 0 14 !39Corni 1, 2        in D
J D 4 500 -120 1 6913 0 0
W 0 0 44 Fourth Movement:  Part 3 (Soli + Chorus)
J D 1 75 -37 1 6913 0 0
W 0 -56 44 Fourth Movement:  Part 3 (Soli + Chorus):  Corni 1, 2        in D
J C 4 5 42 2 6913 0 0
K 0 0 33
K 0 0 34
J K 0 57 0 0 6913 0 0
J T 101 57 42 1 6913 0 0
K 0 0 37
Y P 31 Cor_1-2__/(D)
J D 0 105 0 1 1 0 0
W 0 -77 0 Allegro assai
J N 9 105 42 10 1 0 2 1 2
K 1 28 45
K 7 28 45
K 1 42 45
K 7 42 45
K 0 0 41
K 0 49 41
K 0 42 45
K 1 42 45
K -25 72 108
A D 8 8 1
A P 1 186 1
A P 2 146 1
J B 2 172 1 82 6913 2304 0
J N 9 193 42 9 1 0 4 3 4 1 2
K 1 28 45
K 7 28 45
K 1 42 45
K 7 42 45
K 0 0 41
K 0 49 41
K 0 42 45
K 1 42 45
A D 8 8 1
A P 1 186 1
A P 2 146 1
H 1 T 42 0 0 0 0 0 7 0
H 2 T 91 0 0 0 0 0 9 0
J B 3 260 1 82 6913 2304 0
J N 9 281 42 9 1 0 4 5 6 3 4
K 1 28 45
K 7 28 45
K 1 42 45
K 7 42 45
K 0 0 41
K 0 49 41
K 0 42 45
K 1 42 45
A D 8 8 1
A P 1 186 1
A P 2 146 1
H 3 T 42 0 0 0 0 0 7 0
H 4 T 91 0 0 0 0 0 9 0
J B 4 348 1 82 6913 2304 0
J N 9 369 42 9 1 0 2 5 6
K 1 28 45
K 7 28 45
K 1 42 45
K 7 42 45
K 0 0 41
K 0 49 41
K 0 42 45
K 1 42 45
A D 8 8 0
A P 1 186 0
A P 2 146 0
H 5 T 42 0 0 0 0 0 7 0
H 6 T 91 0 0 0 0 0 9 0
J B 5 436 1 82 6913 2304 0
J N 7 457 42 9 1 0 0
K 1 28 45
K 0 0 43
K 0 28 43
K -1 28 45
K 2 28 45
K 0 28 59
K 0 0 59
K 0 -21 59
A D 2 8 0
A P 1 186 0
A P 2 163 0
J R 7 487 28 2 1729 576 0
K 0 0 48
A D 2 8 1
A P 1 0 1
J R 8 517 28 2 3457 576 0
K 0 0 47
A D 4 8 0
A P 1 0 0
J B 6 563 1 82 6913 1152 0
J R 9 584 28 2 1 10001 0
K 0 0 46
A D 8 8 0
A P 3 0 0
J B 7 689 1 82 6913 2304 0
J R 9 710 28 2 1 10001 0
K 0 0 46
A D 8 8 0
A P 3 0 0
J B 8 815 1 82 6913 2304 0
J R 9 836 28 2 1 10001 0
K 0 0 46
A D 8 8 0
A P 3 0 0
J B 9 941 1 82 6913 2304 0
J R 9 962 28 2 1 10001 0
K 0 0 46
A D 8 8 0
A P 3 0 0
J B 10 1067 1 82 6913 2304 0
J R 9 1088 28 2 1 10001 0
K 0 0 46
A D 8 8 0
A P 3 0 0
J B 11 1193 1 82 6913 2304 0
J R 9 1214 28 2 1 10001 0
K 0 0 46
A D 8 8 0
A P 3 0 0
J B 12 1319 1 82 6913 2304 0
J R 9 1340 28 2 1 10001 0
K 0 0 46
A D 8 8 0
A P 3 0 0
J B 13 1445 1 82 6913 2304 0
J R 9 1466 28 2 1 10001 0
K 0 0 46
A D 8 8 0
A P 3 0 0
J B 14 1571 1 82 6913 2304 0
J R 9 1592 28 2 1 10001 0
K 0 0 46
A D 8 8 0
A P 3 0 0
J B 15 1697 1 82 6913 2304 0
J R 9 1718 28 2 1 10001 0
K 0 0 46
A D 8 8 0
A P 3 0 0
J B 16 1823 1 82 6913 2304 0
J R 9 1844 28 2 1 10001 0
K 0 0 46
A D 8 8 0
A P 3 0 0
J B 17 1949 1 82 6913 2304 0
J R 9 1970 28 2 1 10001 0
K 0 0 46
A D 8 8 0
A P 3 0 0
J B 18 2075 1 82 6913 2304 0
J R 9 2096 28 2 1 10001 0
K 0 0 46
A D 8 8 0
A P 3 0 0
J B 19 2201 1 82 6913 2304 0
J R 9 2222 28 2 1 10001 0
K 0 0 46
A D 8 8 0
A P 3 0 0
J B 20 2327 1 82 6913 2304 0
J R 9 2348 28 2 1 10001 0
K 0 0 46
A D 8 8 0
A P 3 0 0
J B 21 2453 1 82 6913 2304 0
J N 9 2474 42 4 1 0 2 7 8
K 0 -49 41
K 0 0 41
K 0 46 110
A D 8 8 1
A P 1 226 1
A P 2 186 1
J B 22 2541 1 82 6913 2304 0
J N 9 2562 42 3 1 0 4 9 10 7 8
K 0 -49 41
K 0 0 41
A D 8 8 1
A P 1 226 1
A P 2 186 1
H 7 T -7 0 0 0 0 0 1 0
H 8 T 42 0 0 0 0 0 15 0
J B 23 2629 1 82 6913 2304 0
J N 9 2650 42 3 1 0 4 11 12 9 10
K 0 -49 41
K 0 0 41
A D 8 8 1
A P 1 226 1
A P 2 186 1
H 9 T -7 0 0 0 0 0 1 0
H 10 T 42 0 0 0 0 0 15 0
J B 24 2717 1 82 6913 2304 0
J N 7 2738 42 7 1 0 2 11 12
K 0 -49 43
K 0 0 43
K 0 -49 60
K 0 -21 60
K 0 0 60
K 0 14 60
A D 2 8 0
A P 1 226 0
A P 2 186 0
H 11 T -7 0 0 0 0 0 1 0
H 12 T 42 0 0 0 0 0 15 0
J N 7 2768 0 4 1729 576 1 13
K 0 0 43
K 0 0 59
K 0 -14 59
A D 2 8 1
A P 1 220 1
J N 7 2768 0 4 1729 0 0
K 0 0 43
K 0 0 60
K 0 21 60
A D 2 8 0
A P 2 220 0
J N 6 2798 0 2 3457 576 3 14 15 13
K 0 0 43
A D 1 8 0
A P 1 220 0
H 13 T 0 0 0 0 0 0 7 0
J N 6 2798 14 2 3457 0 1 16
K 0 0 43
A D 1 8 0
A P 2 209 0
J N 6 2824 14 2 4321 288 2 15 14
K 0 0 43
A D 1 8 0
A P 1 209 0
H 15 B 0 0 108 2 2 3
H 14 S 0 6 -35 6 -44 0 0 0 0
J N 6 2824 42 2 4321 0 1 16
K 0 0 43
A D 1 8 0
A P 2 186 0
H 16 B 1 0 108 2 2 3
J N 6 2850 21 4 5185 288 2 17 18
K 0 0 43
K 0 21 43
K 0 21 59
A D 1 8 0
A P 1 203 0
A P 2 186 0
J N 6 2876 42 9 6049 288 4 19 20 18 17
K 1 28 45
K 1 42 45
K 0 0 43
K 0 49 43
K 0 42 45
K 1 42 45
K 0 49 59
K 0 21 59
A D 1 8 1
A P 1 186 1
A P 2 146 1
H 18 B 0 0 108 2 2 3
H 17 S 0 6 -35 6 -51 0 0 0 0
J B 25 2903 1 82 6913 288 0
J N 7 2924 42 11 1 0 2 19 20
K 1 28 45
K 1 42 45
K 0 0 43
K 0 49 43
K 0 42 45
K 1 42 45
K 0 49 59
K 0 21 59
K 0 0 59
K 0 -21 59
A D 2 8 0
A P 1 186 0
A P 2 146 0
H 19 T 42 0 0 0 0 0 7 0
H 20 T 91 0 0 0 0 0 9 0
J N 8 2954 42 7 1729 576 0
K 0 -49 42
K 0 0 42
K 0 -49 60
K 0 -21 60
K 0 0 60
K 0 14 60
A D 4 8 0
A P 1 226 0
A P 2 186 0
J N 7 2996 42 7 5185 1152 2 21 22
K 0 -49 43
K 0 0 43
K 0 -49 60
K 0 -21 60
K 0 0 60
K 0 14 60
A D 2 8 1
A P 1 226 1
A P 2 186 1
J B 26 3030 1 82 6913 576 0
J N 7 3051 42 7 1 0 2 21 22
K 0 -49 43
K 0 0 43
K 0 -49 60
K 0 -21 60
K 0 0 60
K 0 14 60
A D 2 8 0
A P 1 226 0
A P 2 186 0
H 21 T -7 0 0 0 0 0 1 0
H 22 T 42 0 0 0 0 0 15 0
J N 8 3081 -7 4 1729 576 0
K 0 0 42
K 0 0 59
K 0 -14 59
A D 4 8 0
A P 1 226 0
J N 7 3081 42 4 1729 0 0
K 0 0 43
K 0 0 60
K 0 14 60
A D 2 8 0
A P 2 186 0
J N 7 3111 21 4 3457 576 0
K 0 0 43
K 0 0 60
K 0 21 60
A D 2 8 0
A P 2 203 0
J N 6 3141 14 4 5185 576 1 23
K 0 -14 43
K 0 0 43
K 0 -14 60
A D 1 8 0
A P 1 220 0
A P 2 209 0
J N 6 3167 42 5 6049 288 3 24 25 23
K 0 -49 43
K 0 0 43
K 0 -49 60
K 0 -21 60
A D 1 8 1
A P 1 226 1
A P 2 186 1
H 23 B 1 0 108 2 2 3
J B 27 3194 1 82 6913 288 0
J N 7 3215 42 7 1 0 2 24 25
K 0 -49 43
K 0 0 43
K 0 -49 60
K 0 -21 60
K 0 0 60
K 0 14 60
A D 2 8 0
A P 1 226 0
A P 2 186 0
H 24 T -7 0 0 0 0 0 1 0
H 25 T 42 0 0 0 0 0 15 0
J N 8 3245 42 7 1729 576 0
K 0 -49 42
K 0 0 42
K 0 -49 60
K 0 -21 60
K 0 0 60
K 0 14 60
A D 4 8 0
A P 1 226 0
A P 2 186 0
J N 7 3287 42 7 5185 1152 2 26 27
K 0 -49 43
K 0 0 43
K 0 -49 60
K 0 -21 60
K 0 0 60
K 0 14 60
A D 2 8 1
A P 1 226 1
A P 2 186 1
J B 28 3321 1 82 6913 576 0
J N 7 3342 42 9 1 0 2 26 27
K 0 -49 43
K 25 -49 44
K 0 0 43
K 24 6 44
K 0 -49 60
K 0 -21 60
K 0 0 60
K 0 14 60
A D 3 8 0
A P 1 226 0
A P 2 186 0
H 26 T -7 0 0 0 0 0 1 0
H 27 T 42 0 0 0 0 0 15 0
J N 6 3379 21 9 2593 864 0
K 1 49 45
K 0 0 43
K 0 49 43
K -1 49 45
K 2 49 45
K 0 49 59
K 0 21 59
K 0 0 51
A D 1 8 0
A P 1 203 0
A P 2 163 0
J N 7 3413 21 10 3457 288 0
K 1 49 45
K 0 0 43
K 0 49 43
K -1 49 45
K 2 49 45
K 0 49 59
K 0 21 59
K 0 0 59
K 0 -14 59
A D 2 8 0
A P 1 203 0
A P 2 163 0
J N 7 3443 -7 4 5185 576 0
K 0 0 43
K 0 0 59
K 0 -14 59
A D 2 8 0
A P 1 226 0
J N 7 3443 -7 4 5185 0 0
K 0 0 43
K 0 0 60
K 0 21 60
A D 2 8 0
A P 2 226 0
J B 29 3477 1 82 6913 576 0
J D 0 3498 0 1 1 0 0
W 0 100 33 sempre !1|f
J N 7 3498 0 5 1 0 1 28
K 0 0 43
K 24 -6 44
K 0 0 59
K 0 -14 59
A D 3 8 0
A P 1 220 0
J N 7 3498 0 5 1 0 1 29
K 0 0 43
K 24 6 44
K 0 0 60
K 0 21 60
A D 3 8 0
A P 2 220 0
J N 6 3535 7 3 2593 864 1 28
K 0 0 43
K 0 0 51
A D 1 8 0
A P 1 215 0
H 28 S 0 6 -35 6 -35 0 0 0 0
J N 6 3535 7 3 2593 0 1 29
K 0 0 43
K 0 0 54
A D 1 8 0
A P 2 215 0
H 29 S 12 -6 42 -6 42 0 0 0 0
J N 7 3569 7 4 3457 288 0
K 0 0 43
K 0 0 59
K 0 -14 59
A D 2 8 0
A P 1 215 0
J N 7 3569 7 4 3457 0 0
K 0 0 43
K 0 0 60
K 0 21 60
A D 2 8 0
A P 2 215 0
J N 7 3599 7 4 5185 576 0
K 0 0 43
K 0 0 59
K 0 -14 59
A D 2 8 0
A P 1 215 0
J N 7 3599 21 4 5185 0 0
K 0 0 43
K 0 0 60
K 0 21 60
A D 2 8 0
A P 2 203 0
J B 30 3633 1 82 6913 576 0
J N 7 3654 7 5 1 0 1 30
K 0 0 43
K 25 0 44
K 0 0 59
K 0 -14 59
A D 3 8 0
A P 1 215 0
J N 7 3654 21 5 1 0 0
K 0 0 43
K 25 0 44
K 0 0 60
K 0 21 60
A D 3 8 0
A P 2 203 0
J N 6 3692 0 3 2593 864 1 30
K 0 0 43
K 0 0 51
A D 1 8 0
A P 1 220 0
H 30 S 0 14 0 0 0 0 0 0 0
J N 6 3692 21 3 2593 0 0
K 0 0 43
K 0 0 54
A D 1 8 0
A P 2 203 0
J N 7 3726 0 4 3457 288 0
K 0 0 43
K 0 0 59
K 0 -14 59
A D 2 8 0
A P 1 220 0
J N 7 3726 21 4 3457 0 0
K 0 0 43
K 0 0 60
K 0 21 60
A D 2 8 0
A P 2 203 0
J N 7 3756 0 4 5185 576 0
K 0 0 43
K 0 0 59
K 0 -14 59
A D 2 8 0
A P 1 220 0
J N 7 3756 14 4 5185 0 0
K 0 0 43
K 0 0 60
K 0 21 60
A D 2 8 0
A P 2 209 0
J B 31 3790 1 82 6913 576 0
J N 9 3811 14 3 1 0 1 31
K 0 -14 41
K 0 0 41
A D 8 8 0
A P 1 220 0
A P 2 209 0
J B 32 3878 1 82 6913 2304 0
J N 7 3899 21 7 1 0 1 31
K 0 -14 43
K 0 0 43
K 0 -31 96
K 0 -14 60
K 0 0 60
K 0 21 60
A D 2 8 0
A P 1 215 0
A P 2 203 0
H 31 S 0 0 -14 0 -28 0 0 0 0
J R 6 3929 28 2 1729 576 0
K 0 0 49
A D 1 8 0
A P 1 0 0
J N 6 3952 42 6 2593 288 0
K 0 -49 43
K 0 0 43
K 0 -49 60
K 0 -21 60
K 0 0 52
A D 1 8 0
A P 1 226 0
A P 2 186 0
J N 6 3975 21 9 3457 288 0
K 1 49 45
K 0 0 43
K 0 49 43
K -1 49 45
K 2 49 45
K 0 49 59
K 0 21 59
K 0 0 51
A D 1 8 0
A P 1 203 0
A P 2 163 0
J D 0 4009 0 1 4321 288 0
W 0 103 1 p!36| dolce
J N 6 4012 7 4 4321 0 2 32 33
K 0 -14 43
K 0 0 43
K 0 -14 60
A D 1 8 0
A P 1 226 0
A P 2 215 0
J N 6 4038 14 4 5185 288 1 33
K 0 -14 43
K 0 0 43
K 0 -14 60
A D 1 8 0
A P 1 220 0
A P 2 209 0
J N 6 4064 42 4 6049 288 2 33 32
K 0 -28 43
K 0 0 43
K 0 -28 60
A D 1 8 0
A P 1 209 0
A P 2 186 0
H 33 B 70001 0 108 3 2 1 3
H 32 S 0 0 -14 0 -28 0 0 0 0
J B 33 4091 1 82 6913 288 0
J N 7 4112 21 7 1 0 0
K 0 0 43
K 0 35 43
K 0 35 59
K 0 7 59
K 0 0 59
K 0 -14 59
A D 2 8 0
A P 1 203 0
A P 2 175 0
J N 7 4142 21 6 1729 576 0
K 0 -14 43
K 0 0 43
K 0 -14 60
K 0 0 60
K 0 21 60
A D 2 8 0
A P 1 215 0
A P 2 203 0
J R 7 4172 28 2 3457 576 0
K 0 0 48
A D 2 8 0
A P 1 0 0
J N 7 4202 7 6 5185 576 0
K 0 -14 43
K 0 0 43
K 0 -14 60
K 0 0 60
K 0 21 60
A D 2 8 0
A P 1 226 0
A P 2 215 0
J B 34 4236 1 82 6913 576 0
J R 7 4257 28 2 1 0 0
K 0 0 48
A D 2 8 0
A P 1 0 0
J N 7 4287 14 6 1729 576 0
K 0 -14 43
K 0 0 43
K 0 -14 60
K 0 0 60
K 0 21 60
A D 2 8 0
A P 1 220 0
A P 2 209 0
J R 7 4317 28 2 3457 576 0
K 0 0 48
A D 2 8 0
A P 1 0 0
J N 7 4347 42 6 5185 576 0
K 0 -28 43
K 0 0 43
K 0 -28 60
K 0 0 60
K 0 14 60
A D 2 8 0
A P 1 209 0
A P 2 186 0
J B 35 4381 1 82 6913 576 0
J R 7 4402 28 2 1 0 0
K 0 0 48
A D 2 8 0
A P 1 0 0
J N 7 4432 21 7 1729 576 0
K 0 0 43
K 0 35 43
K 0 35 59
K 0 7 59
K 0 0 59
K 0 -14 59
A D 2 8 0
A P 1 203 0
A P 2 175 0
J R 7 4462 28 2 3457 576 0
K 0 0 48
A D 2 8 0
A P 1 0 0
J N 7 4492 21 6 5185 576 0
K 0 -14 43
K 0 0 43
K 0 -14 60
K 0 0 60
K 0 21 60
A D 2 8 0
A P 1 215 0
A P 2 203 0
J B 36 4526 1 82 6913 576 0
J R 7 4547 28 2 1 0 0
K 0 0 48
A D 2 8 0
A P 1 0 0
J N 7 4577 42 6 1729 576 0
K 0 -28 43
K 0 0 43
K 0 -28 60
K 0 0 60
K 0 14 60
A D 2 8 0
A P 1 209 0
A P 2 186 0
J R 7 4607 28 2 3457 576 0
K 0 0 48
A D 2 8 0
A P 1 0 0
J N 7 4637 42 6 5185 576 0
K 0 -28 43
K 0 0 43
K 0 -28 60
K 0 0 60
K 0 14 60
A D 2 8 0
A P 1 209 0
A P 2 186 0
J B 37 4671 1 82 6913 576 0
J N 7 4692 21 7 1 0 0
K 0 0 43
K 0 35 43
K 0 35 59
K 0 7 59
K 0 0 59
K 0 -14 59
A D 2 8 0
A P 1 203 0
A P 2 175 0
J N 7 4722 21 6 1729 576 0
K 0 -14 43
K 0 0 43
K 0 -14 60
K 0 0 60
K 0 21 60
A D 2 8 0
A P 1 215 0
A P 2 203 0
J R 7 4752 28 2 3457 576 0
K 0 0 48
A D 2 8 0
A P 1 0 0
J N 7 4782 7 6 5185 576 0
K 0 -14 43
K 0 0 43
K 0 -14 60
K 0 0 60
K 0 21 60
A D 2 8 0
A P 1 226 0
A P 2 215 0
J B 38 4816 1 82 6913 576 0
J R 7 4837 28 2 1 0 0
K 0 0 48
A D 2 8 0
A P 1 0 0
J N 7 4867 14 6 1729 576 0
K 0 -14 43
K 0 0 43
K 0 -14 60
K 0 0 60
K 0 21 60
A D 2 8 0
A P 1 220 0
A P 2 209 0
J R 7 4897 28 2 3457 576 0
K 0 0 48
A D 2 8 0
A P 1 0 0
J N 7 4927 42 6 5185 576 0
K 0 -28 43
K 0 0 43
K 0 -28 60
K 0 0 60
K 0 14 60
A D 2 8 0
A P 1 209 0
A P 2 186 0
J B 39 4961 1 82 6913 576 0
J R 7 4982 28 2 1 0 0
K 0 0 48
A D 2 8 0
A P 1 0 0
J N 7 5012 21 7 1729 576 0
K 0 0 43
K 0 35 43
K 0 35 59
K 0 7 59
K 0 0 59
K 0 -14 59
A D 2 8 0
A P 1 203 0
A P 2 175 0
J R 7 5042 28 2 3457 576 0
K 0 0 48
A D 2 8 0
A P 1 0 0
J N 7 5072 21 6 5185 576 0
K 0 -14 43
K 0 0 43
K 0 -14 60
K 0 0 60
K 0 21 60
A D 2 8 0
A P 1 215 0
A P 2 203 0
J B 40 5106 1 82 6913 576 0
J R 7 5127 28 2 1 0 0
K 0 0 48
A D 2 8 0
A P 1 0 0
J N 7 5157 42 6 1729 576 0
K 0 -28 43
K 0 0 43
K 0 -28 60
K 0 0 60
K 0 14 60
A D 2 8 0
A P 1 209 0
A P 2 186 0
J N 6 5187 21 6 3457 576 0
K 0 0 43
K 0 35 43
K 0 35 59
K 0 7 59
K 0 0 51
A D 1 8 0
A P 1 203 0
A P 2 175 0
J R 6 5221 28 2 4321 288 0
K 0 0 49
A D 1 8 1
A P 1 0 1
J R 7 5244 28 2 5185 288 0
K 0 0 48
A D 2 8 0
A P 1 0 0
J B 41 5278 1 82 6913 576 0
J R 7 5299 28 2 1 0 0
K 0 0 48
A D 2 8 0
A P 1 0 0
J N 7 5329 42 6 1729 576 0
K 0 -28 43
K 0 0 43
K 0 -28 60
K 0 0 60
K 0 14 60
A D 2 8 0
A P 1 209 0
A P 2 186 0
J R 7 5359 28 2 3457 576 0
K 0 0 48
A D 2 8 0
A P 1 0 0
J N 7 5389 21 6 5185 576 0
K 0 -14 43
K 0 0 43
K 0 -14 60
K 0 0 60
K 0 21 60
A D 2 8 0
A P 1 215 0
A P 2 203 0
J B 42 5423 1 82 6913 576 0
J R 7 5444 28 2 1 0 0
K 0 0 48
A D 2 8 0
A P 1 0 0
J N 7 5474 42 6 1729 576 0
K 0 -28 43
K 0 0 43
K 0 -28 60
K 0 0 60
K 0 14 60
A D 2 8 0
A P 1 209 0
A P 2 186 0
J R 7 5504 28 2 3457 576 0
K 0 0 48
A D 2 8 0
A P 1 0 0
J N 7 5534 21 6 5185 576 0
K 0 -14 43
K 0 0 43
K 0 -14 60
K 0 0 60
K 0 21 60
A D 2 8 0
A P 1 215 0
A P 2 203 0
J B 43 5568 1 82 6913 576 0
J R 7 5589 28 2 1 0 0
K 0 0 48
A D 2 8 0
A P 1 0 0
J N 7 5619 42 6 1729 576 0
K 0 -28 43
K 0 0 43
K 0 -28 60
K 0 0 60
K 0 14 60
A D 2 8 0
A P 1 209 0
A P 2 186 0
J R 7 5649 28 2 3457 576 0
K 0 0 48
A D 2 8 0
A P 1 0 0
J N 7 5679 7 7 5185 576 0
K 0 0 43
K 0 49 43
K 0 49 59
K 0 21 59
K 0 0 59
K 0 -14 59
A D 2 8 0
A P 1 215 0
A P 2 175 0
J B 44 5713 1 82 6913 576 0
J R 7 5734 28 2 1 0 0
K 0 0 48
A D 2 8 0
A P 1 0 0
J D 0 5764 0 1 1729 576 0
W 0 92 36 cresc.
J N 7 5764 14 4 1729 0 0
K 0 0 43
K 0 0 59
K 0 -14 59
A D 2 8 0
A P 1 209 0
J N 7 5764 14 4 1729 0 0
K 0 0 43
K 0 0 60
K 0 21 60
A D 2 8 0
A P 2 209 0
J R 7 5794 28 2 3457 576 0
K 0 0 48
A D 2 8 0
A P 1 0 0
J N 7 5824 21 7 5185 576 0
K 0 0 43
K 0 35 43
K 0 35 59
K 0 7 59
K 0 0 59
K 0 -14 59
A D 2 8 0
A P 1 203 0
A P 2 175 0
J B 45 5858 1 82 6913 576 0
J R 7 5879 28 2 1 0 0
K 0 0 48
A D 2 8 0
A P 1 0 0
J N 7 5909 21 6 1729 576 0
K 0 -14 43
K 0 0 43
K 0 -14 60
K 0 0 60
K 0 21 60
A D 2 8 0
A P 1 215 0
A P 2 203 0
J R 7 5939 28 2 3457 576 0
K 0 0 48
A D 2 8 0
A P 1 0 0
J N 7 5969 7 6 5185 576 0
K 0 -14 43
K 0 0 43
K 0 -14 60
K 0 0 60
K 0 21 60
A D 2 8 0
A P 1 226 0
A P 2 215 0
J B 46 6003 1 82 6913 576 0
J R 7 6024 28 2 1 0 0
K 0 0 48
A D 2 8 0
A P 1 0 0
J D 0 6054 0 1 1729 576 0
W 0 102 36 dimin.
J N 7 6054 14 6 1729 0 0
K 0 -14 43
K 0 0 43
K 0 -14 60
K 0 0 60
K 0 21 60
A D 2 8 0
A P 1 220 0
A P 2 209 0
J R 7 6084 28 2 3457 576 0
K 0 0 48
A D 2 8 0
A P 1 0 0
J N 7 6114 42 6 5185 576 0
K 0 -28 43
K 0 0 43
K 0 -28 60
K 0 0 60
K 0 14 60
A D 2 8 0
A P 1 209 0
A P 2 186 0
J B 47 6148 1 82 6913 576 0
J R 7 6169 28 2 1 0 0
K 0 0 48
A D 2 8 0
A P 1 0 0
J N 7 6199 21 8 1729 576 0
K 0 0 43
K 0 35 43
K 0 68 108
K 0 35 59
K 0 7 59
K 0 0 59
K 0 -14 59
A D 2 8 0
A P 1 203 0
A P 2 175 0
J R 7 6229 28 2 3457 576 0
K 0 0 48
A D 2 8 0
A P 1 0 0
J N 7 6259 21 6 5185 576 0
K 0 -14 43
K 0 0 43
K 0 -14 60
K 0 0 60
K 0 21 60
A D 2 8 0
A P 1 215 0
A P 2 203 0
J B 48 6293 1 82 6913 576 0
J R 7 6314 28 2 1 0 0
K 0 0 48
A D 2 8 0
A P 1 0 0
J N 7 6344 42 6 1729 576 0
K 0 -28 43
K 0 0 43
K 0 -28 60
K 0 0 60
K 0 14 60
A D 2 8 0
A P 1 209 0
A P 2 186 0
J R 7 6374 28 2 3457 576 0
K 0 0 48
A D 2 8 0
A P 1 0 0
J D 0 6376 0 1 5185 576 0
W 0 95 36 cresc.
J N 7 6404 21 7 5185 0 0
K 0 0 43
K 0 35 43
K 0 35 59
K 0 7 59
K 0 0 59
K 0 -14 59
A D 2 8 0
A P 1 203 0
A P 2 175 0
J B 49 6438 1 82 6913 576 0
J N 7 6459 42 7 1 0 0
K 0 -28 43
K 0 0 43
K 2 58 110
K 0 -28 60
K 0 0 60
K 0 14 60
A D 2 8 0
A P 1 209 0
A P 2 186 0
J N 7 6489 42 6 1729 576 0
K 0 -28 43
K 0 0 43
K 0 -28 60
K 0 0 60
K 0 14 60
A D 2 8 0
A P 1 209 0
A P 2 186 0
J N 7 6519 21 6 3457 576 0
K 0 -14 43
K 0 0 43
K 0 -14 60
K 0 0 60
K 0 21 60
A D 2 8 0
A P 1 215 0
A P 2 203 0
J N 7 6549 21 7 5185 576 0
K 0 0 43
K 0 35 43
K 0 35 59
K 0 7 59
K 0 0 59
K 0 -14 59
A D 2 8 0
A P 1 203 0
A P 2 175 0
J B 50 6583 1 82 6913 576 0
J N 7 6604 42 6 1 0 1 34
K 0 -28 43
K 0 0 43
K 0 -28 60
K 0 0 60
K 0 14 60
A D 2 8 0
A P 1 209 0
A P 2 186 0
J N 6 6634 21 4 1729 576 1 35
K 0 -14 43
K 0 0 43
K 0 -14 60
A D 1 8 0
A P 1 215 0
A P 2 203 0
J N 6 6660 14 4 2593 288 2 35 34
K 0 -14 43
K 0 0 43
K 0 -14 60
A D 1 8 0
A P 1 220 0
A P 2 209 0
H 35 B 1 0 108 2 2 3
H 34 S 0 0 -28 0 -14 0 0 0 0
J N 7 6686 21 6 3457 288 0
K 0 -14 43
K 0 0 43
K 0 -14 60
K 0 0 60
K 0 21 60
A D 2 8 0
A P 1 215 0
A P 2 203 0
J N 7 6716 21 10 5185 576 0
K 1 49 45
K 0 0 43
K 0 49 43
K -1 49 45
K 2 49 45
K 0 49 59
K 0 21 59
K 0 0 59
K 0 -14 59
A D 2 8 0
A P 1 203 0
A P 2 163 0
J B 51 6750 1 82 6913 576 0
J N 7 6771 42 6 1 0 1 36
K 0 -28 43
K 0 0 43
K 0 -28 60
K 0 0 60
K 0 14 60
A D 2 8 0
A P 1 209 0
A P 2 186 0
J N 6 6801 21 4 1729 576 1 37
K 0 -14 43
K 0 0 43
K 0 -14 60
A D 1 8 0
A P 1 215 0
A P 2 203 0
J N 6 6827 14 4 2593 288 2 37 36
K 0 -14 43
K 0 0 43
K 0 -14 60
A D 1 8 0
A P 1 220 0
A P 2 209 0
H 37 B 1 0 108 2 2 3
H 36 S 0 0 -28 0 -14 0 0 0 0
J N 7 6853 7 7 3457 288 0
K 0 0 43
K 0 49 43
K 0 49 59
K 0 21 59
K 0 0 59
K 0 -14 59
A D 2 8 0
A P 1 215 0
A P 2 175 0
J N 7 6883 7 7 5185 576 0
K 0 0 43
K 0 49 43
K 0 49 59
K 0 21 59
K 0 0 59
K 0 -14 59
A D 2 8 0
A P 1 215 0
A P 2 175 0
J B 52 6917 1 82 6913 576 0
J N 7 6938 7 7 1 0 0
K 0 0 43
K 0 49 43
K 0 49 59
K 0 21 59
K 0 0 59
K 0 -14 59
A D 2 8 0
A P 1 215 0
A P 2 175 0
J N 7 6968 14 4 1729 576 0
K 0 0 43
K 0 0 59
K 0 -14 59
A D 2 8 0
A P 1 209 0
J N 7 6968 14 4 1729 0 0
K 0 0 43
K 0 0 60
K 0 21 60
A D 2 8 0
A P 2 209 0
J N 7 6998 42 4 3457 576 0
K 0 0 43
K 0 0 59
K 0 -21 59
A D 2 8 0
A P 1 186 0
J N 7 6998 42 4 3457 0 0
K 0 0 43
K 0 0 60
K 0 14 60
A D 2 8 0
A P 2 186 0
J N 7 7028 21 6 5185 576 2 38 39
K 0 -14 43
K 0 0 43
K 0 -14 60
K 0 0 60
K 0 21 60
A D 2 8 1
A P 1 215 1
A P 2 203 1
J B 53 7062 1 82 6913 576 0
J N 7 7083 21 6 1 0 2 38 39
K 0 -14 43
K 0 0 43
K 0 -14 60
K 0 0 60
K 0 21 60
A D 2 8 0
A P 1 215 0
A P 2 203 0
H 38 T 7 0 0 0 0 0 1 0
H 39 T 21 0 0 0 0 0 11 0
J N 7 7113 21 6 1729 576 0
K 0 -14 43
K 0 0 43
K 0 -14 60
K 0 0 60
K 0 21 60
A D 2 8 0
A P 1 215 0
A P 2 203 0
J N 7 7143 14 8 3457 576 0
K 0 -14 43
K 0 0 43
K 0 74 111
K 12 74 110
K 0 -14 60
K 0 0 60
K 0 21 60
A D 2 8 0
A P 1 220 0
A P 2 209 0
J N 7 7173 7 6 5185 576 0
K 0 -14 43
K 0 0 43
K 0 -14 60
K 0 0 60
K 0 21 60
A D 2 8 0
A P 1 226 0
A P 2 215 0
J B 54 7207 1 82 6913 576 0
J N 7 7228 7 6 1 0 1 40
K 0 -14 43
K 0 0 43
K 0 -14 60
K 0 0 60
K 0 21 60
A D 2 8 0
A P 1 226 0
A P 2 215 0
J D 0 7258 0 1 1729 576 0
W 0 102 36 dim.
J N 7 7258 14 6 1729 0 0
K 0 -14 43
K 0 0 43
K 0 -14 60
K 0 0 60
K 0 21 60
A D 2 8 0
A P 1 220 0
A P 2 209 0
J N 7 7288 21 6 3457 576 0
K 0 -14 43
K 0 0 43
K 0 -14 60
K 0 0 60
K 0 21 60
A D 2 8 0
A P 1 215 0
A P 2 203 0
J N 7 7318 42 6 5185 576 1 40
K 0 -28 43
K 0 0 43
K 0 -28 60
K 0 0 60
K 0 14 60
A D 2 8 0
A P 1 209 0
A P 2 186 0
H 40 S 0 0 -14 0 -28 0 0 0 0
J B 55 7352 1 82 6913 576 0
J N 7 7373 21 8 1 0 0
K 0 0 43
K 0 35 43
K 0 68 108
K 0 35 59
K 0 7 59
K 0 0 59
K 0 -14 59
A D 2 8 0
A P 1 203 0
A P 2 175 0
J N 7 7403 21 7 1729 576 0
K 0 0 43
K 0 35 43
K 0 35 59
K 0 7 59
K 0 0 59
K 0 -14 59
A D 2 8 0
A P 1 203 0
A P 2 175 0
J N 7 7433 14 6 3457 576 0
K 0 0 43
K 0 28 43
K 0 28 59
K 0 0 59
K 0 -14 59
A D 2 8 0
A P 1 209 0
A P 2 186 0
J N 7 7463 21 6 5185 576 0
K 0 -14 43
K 0 0 43
K 0 -14 60
K 0 0 60
K 0 21 60
A D 2 8 0
A P 1 215 0
A P 2 203 0
J B 56 7497 1 82 6913 576 0
J N 7 7518 42 8 1 0 1 41
K 0 -28 43
K 24 -34 44
K 0 0 43
K 24 -6 44
K 0 -28 60
K 0 0 60
K 0 14 60
A D 3 8 0
A P 1 209 0
A P 2 186 0
J N 6 7555 21 6 2593 864 1 41
K 0 0 43
K 0 35 43
K 0 35 59
K 0 7 59
K 0 0 51
A D 1 8 0
A P 1 203 0
A P 2 175 0
H 41 S 0 0 -28 0 0 0 0 0 0
J N 7 7589 21 7 3457 288 0
K 0 0 43
K 0 35 43
K 0 35 59
K 0 7 59
K 0 0 59
K 0 -14 59
A D 2 8 0
A P 1 203 0
A P 2 175 0
J N 7 7619 7 7 5185 576 1 42
K 0 -14 43
K 0 0 43
K 0 74 108
K 0 -14 60
K 0 0 60
K 0 21 60
A D 2 8 0
A P 1 226 0
A P 2 215 0
J B 57 7653 1 82 6913 576 0
J D 0 7674 0 1 1 0 0
W 0 103 33 sempre !1|p
J N 7 7674 14 8 1 0 0
K 0 -14 43
K 24 -20 44
K 0 0 43
K 24 -6 44
K 0 -14 60
K 0 0 60
K 0 21 60
A D 3 8 0
A P 1 220 0
A P 2 209 0
J N 6 7711 21 5 2593 864 1 42
K 0 -14 43
K 0 0 43
K 0 -14 60
K 0 0 54
A D 1 8 0
A P 1 215 0
A P 2 203 0
H 42 S 0 0 -14 0 -14 0 0 0 0
J N 7 7737 21 6 3457 288 0
K 0 -14 43
K 0 0 43
K 0 -14 60
K 0 0 60
K 0 21 60
A D 2 8 0
A P 1 215 0
A P 2 203 0
J N 7 7767 21 10 5185 576 0
K 1 49 45
K 0 0 43
K 0 49 43
K -1 49 45
K 2 49 45
K 0 49 59
K 0 21 59
K 0 0 59
K 0 -14 59
A D 2 8 0
A P 1 203 0
A P 2 163 0
J B 58 7801 1 82 6913 576 0
J N 7 7822 21 12 1 0 0
K 1 49 45
K 0 0 43
K 25 0 44
K 0 49 43
K -1 49 45
K 2 49 45
K 24 43 44
K 0 49 59
K 0 21 59
K 0 0 59
K 0 -14 59
A D 3 8 0
A P 1 203 0
A P 2 163 0
J N 6 7860 21 9 2593 864 0
K 1 49 45
K 0 0 43
K 0 49 43
K -1 49 45
K 2 49 45
K 0 49 59
K 0 21 59
K 0 0 51
A D 1 8 0
A P 1 203 0
A P 2 163 0
J N 7 7894 21 10 3457 288 0
K 1 49 45
K 0 0 43
K 0 49 43
K -1 49 45
K 2 49 45
K 0 49 59
K 0 21 59
K 0 0 59
K 0 -14 59
A D 2 8 0
A P 1 203 0
A P 2 163 0
J N 6 7924 0 2 5185 576 2 43 44
K 0 0 43
A D 1 8 0
A P 1 220 0
J N 6 7924 0 2 5185 0 2 45 46
K 0 0 43
A D 1 8 0
A P 2 220 0
J N 6 7950 14 2 6049 288 2 44 43
K 0 0 43
A D 1 8 0
A P 1 209 0
H 44 B 0 0 108 2 2 3
H 43 S 0 6 -35 6 -44 0 0 0 0
J N 6 7950 14 2 6049 0 2 46 45
K 0 0 43
A D 1 8 0
A P 2 209 0
H 46 B 1 0 108 2 2 3
H 45 S 12 -6 55 -6 46 0 0 0 0
J B 59 7977 1 82 6913 288 0
J N 7 7998 42 8 1 0 0
K 0 -28 43
K 24 -34 44
K 0 0 43
K 24 -6 44
K 0 -28 60
K 0 0 60
K 0 14 60
A D 3 8 0
A P 1 209 0
A P 2 186 0
J N 6 8035 42 5 2593 864 0
K 0 -28 43
K 0 0 43
K 0 -28 60
K 0 0 52
A D 1 8 0
A P 1 209 0
A P 2 186 0
J N 7 8061 42 8 3457 288 0
K 0 -28 43
K 24 -34 44
K 0 0 43
K 24 -6 44
K 0 -28 60
K 0 0 60
K 0 14 60
A D 3 8 0
A P 1 209 0
A P 2 186 0
J N 6 8098 42 5 6049 864 0
K 0 -28 43
K 0 0 43
K 0 -28 60
K 0 0 52
A D 1 8 0
A P 1 209 0
A P 2 186 0
J B 60 8125 1 82 6913 288 0
J N 6 8146 21 6 1 0 0
K 0 0 43
K 0 35 43
K 0 35 59
K 0 7 59
K 0 0 51
A D 1 8 0
A P 1 203 0
A P 2 175 0
J R 6 8180 28 2 865 288 0
K 0 0 49
A D 1 8 0
A P 1 0 0
J N 6 8203 42 5 1729 288 0
K 0 -28 43
K 0 0 43
K 0 -28 60
K 0 0 52
A D 1 8 0
A P 1 209 0
A P 2 186 0
J R 6 8229 28 2 2593 288 0
K 0 0 49
A D 1 8 0
A P 1 0 0
J N 6 8252 21 6 3457 288 0
K 0 0 43
K 0 35 43
K 0 35 59
K 0 7 59
K 0 0 51
A D 1 8 0
A P 1 203 0
A P 2 175 0
J R 6 8286 28 2 4321 288 0
K 0 0 49
A D 1 8 0
A P 1 0 0
J C 22 8309 14 164 5185 288 0
J D 0 8343 0 1 5185 0 0
W 0 -14 32 2.
J N 7 8354 84 10 5185 0 1 47
K 1 -14 45
K 1 0 45
K 0 0 43
K -1 0 45
K 2 0 45
K 0 17 96
K -5 49 108
K 0 0 59
K 0 -28 59
A D 2 8 0
A P 2 83 0
J B 61 8388 1 82 6913 576 0
J N 7 8409 84 9 1 0 0
K 1 -14 45
K 1 0 45
K 0 0 43
K -1 0 45
K 2 0 45
K 0 17 96
K 0 0 59
K 0 -28 59
A D 2 8 0
A P 2 83 0
J N 7 8439 84 9 1729 576 0
K 1 -14 45
K 1 0 45
K 0 0 43
K -1 0 45
K 2 0 45
K 0 17 96
K 0 0 59
K 0 -28 59
A D 2 8 0
A P 2 83 0
J N 7 8469 84 9 3457 576 0
K 1 -14 45
K 1 0 45
K 0 0 43
K -1 0 45
K 2 0 45
K 0 17 96
K 0 0 59
K 0 -28 59
A D 2 8 0
A P 2 83 0
J N 7 8499 84 9 5185 576 1 47
K 1 -14 45
K 1 0 45
K 0 0 43
K -1 0 45
K 2 0 45
K 0 17 96
K 0 0 59
K 0 -28 59
A D 2 8 0
A P 2 83 0
H 47 S 12 0 14 0 14 0 0 0 0
J B 62 8533 1 82 6913 576 0
J N 7 8554 84 9 1 0 1 48
K 1 -14 45
K 1 0 45
K 0 0 43
K -1 0 45
K 2 0 45
K 0 17 96
K 0 0 59
K 0 -28 59
A D 2 8 0
A P 2 83 0
J N 7 8584 84 9 1729 576 0
K 1 -14 45
K 1 0 45
K 0 0 43
K -1 0 45
K 2 0 45
K 0 17 96
K 0 0 59
K 0 -28 59
A D 2 8 0
A P 2 83 0
J N 7 8614 84 9 3457 576 0
K 1 -14 45
K 1 0 45
K 0 0 43
K -1 0 45
K 2 0 45
K 0 17 96
K 0 0 59
K 0 -28 59
A D 2 8 0
A P 2 83 0
J N 7 8644 84 9 5185 576 1 48
K 1 -14 45
K 1 0 45
K 0 0 43
K -1 0 45
K 2 0 45
K 0 17 96
K 0 0 59
K 0 -28 59
A D 2 8 0
A P 2 83 0
H 48 S 12 0 14 0 14 0 0 0 0
J B 63 8678 1 82 6913 576 0
J N 7 8699 84 9 1 0 1 49
K 1 -14 45
K 1 0 45
K 0 0 43
K -1 0 45
K 2 0 45
K 0 17 96
K 0 0 59
K 0 -28 59
A D 2 8 0
A P 2 83 0
J N 7 8729 84 9 1729 576 0
K 1 -14 45
K 1 0 45
K 0 0 43
K -1 0 45
K 2 0 45
K 0 17 96
K 0 0 59
K 0 -28 59
A D 2 8 0
A P 2 83 0
J N 7 8759 84 9 3457 576 0
K 1 -14 45
K 1 0 45
K 0 0 43
K -1 0 45
K 2 0 45
K 0 17 96
K 0 0 59
K 0 -28 59
A D 2 8 0
A P 2 83 0
J N 7 8789 84 9 5185 576 1 49
K 1 -14 45
K 1 0 45
K 0 0 43
K -1 0 45
K 2 0 45
K 0 17 96
K 0 0 59
K 0 -28 59
A D 2 8 0
A P 2 83 0
H 49 S 12 0 14 0 14 0 0 0 0
J B 64 8823 1 82 6913 576 0
J N 7 8844 84 9 1 0 1 50
K 1 -14 45
K 1 0 45
K 0 0 43
K -1 0 45
K 2 0 45
K 0 17 96
K 0 0 59
K 0 -28 59
A D 2 8 0
A P 2 83 0
J N 7 8874 84 9 1729 576 0
K 1 -14 45
K 1 0 45
K 0 0 43
K -1 0 45
K 2 0 45
K 0 17 96
K 0 0 59
K 0 -28 59
A D 2 8 0
A P 2 83 0
J N 7 8904 84 9 3457 576 0
K 1 -14 45
K 1 0 45
K 0 0 43
K -1 0 45
K 2 0 45
K 0 17 96
K 0 0 59
K 0 -28 59
A D 2 8 0
A P 2 83 0
J N 7 8934 84 9 5185 576 1 50
K 1 -14 45
K 1 0 45
K 0 0 43
K -1 0 45
K 2 0 45
K 0 17 96
K 0 0 59
K 0 -28 59
A D 2 8 0
A P 2 83 0
H 50 S 12 0 14 0 14 0 0 0 0
J B 65 8968 1 82 6913 576 0
J N 7 8989 84 9 1 0 1 51
K 1 -14 45
K 1 0 45
K 0 0 43
K -1 0 45
K 2 0 45
K 0 17 96
K 0 0 59
K 0 -28 59
A D 2 8 0
A P 2 83 0
J N 7 9019 84 9 1729 576 0
K 1 -14 45
K 1 0 45
K 0 0 43
K -1 0 45
K 2 0 45
K 0 17 96
K 0 0 59
K 0 -28 59
A D 2 8 0
A P 2 83 0
J N 7 9049 84 9 3457 576 0
K 1 -14 45
K 1 0 45
K 0 0 43
K -1 0 45
K 2 0 45
K 0 17 96
K 0 0 59
K 0 -28 59
A D 2 8 0
A P 2 83 0
J N 7 9079 84 9 5185 576 1 51
K 1 -14 45
K 1 0 45
K 0 0 43
K -1 0 45
K 2 0 45
K 0 17 96
K 0 0 59
K 0 -28 59
A D 2 8 0
A P 2 83 0
H 51 S 12 0 14 0 14 0 0 0 0
J B 66 9113 1 82 6913 576 0
J N 7 9134 84 9 1 0 1 52
K 1 -14 45
K 1 0 45
K 0 0 43
K -1 0 45
K 2 0 45
K 0 17 96
K 0 0 59
K 0 -28 59
A D 2 8 0
A P 2 83 0
J N 7 9164 84 9 1729 576 0
K 1 -14 45
K 1 0 45
K 0 0 43
K -1 0 45
K 2 0 45
K 0 17 96
K 0 0 59
K 0 -28 59
A D 2 8 0
A P 2 83 0
J N 7 9194 84 9 3457 576 0
K 1 -14 45
K 1 0 45
K 0 0 43
K -1 0 45
K 2 0 45
K 0 17 96
K 0 0 59
K 0 -28 59
A D 2 8 0
A P 2 83 0
J N 7 9224 84 9 5185 576 1 52
K 1 -14 45
K 1 0 45
K 0 0 43
K -1 0 45
K 2 0 45
K 0 17 96
K 0 0 59
K 0 -28 59
A D 2 8 0
A P 2 83 0
H 52 S 12 0 14 0 14 0 0 0 0
J B 67 9258 1 82 6913 576 0
J N 7 9279 84 9 1 0 1 53
K 1 -14 45
K 1 0 45
K 0 0 43
K -1 0 45
K 2 0 45
K 0 17 96
K 0 0 59
K 0 -28 59
A D 2 8 0
A P 2 83 0
J N 7 9309 84 9 1729 576 0
K 1 -14 45
K 1 0 45
K 0 0 43
K -1 0 45
K 2 0 45
K 0 17 96
K 0 0 59
K 0 -28 59
A D 2 8 0
A P 2 83 0
J N 7 9339 84 9 3457 576 0
K 1 -14 45
K 1 0 45
K 0 0 43
K -1 0 45
K 2 0 45
K 0 17 96
K 0 0 59
K 0 -28 59
A D 2 8 0
A P 2 83 0
J N 7 9369 84 9 5185 576 1 53
K 1 -14 45
K 1 0 45
K 0 0 43
K -1 0 45
K 2 0 45
K 0 17 96
K 0 0 59
K 0 -28 59
A D 2 8 0
A P 2 83 0
H 53 S 12 0 14 0 14 0 0 0 0
J B 68 9403 1 82 6913 576 0
J N 7 9424 84 9 1 0 1 54
K 1 -14 45
K 1 0 45
K 0 0 43
K -1 0 45
K 2 0 45
K 0 17 96
K 0 0 59
K 0 -28 59
A D 2 8 0
A P 2 83 0
J N 7 9454 84 9 1729 576 0
K 1 -14 45
K 1 0 45
K 0 0 43
K -1 0 45
K 2 0 45
K 0 17 96
K 0 0 59
K 0 -28 59
A D 2 8 0
A P 2 83 0
J N 7 9484 84 9 3457 576 0
K 1 -14 45
K 1 0 45
K 0 0 43
K -1 0 45
K 2 0 45
K 0 17 96
K 0 0 59
K 0 -28 59
A D 2 8 0
A P 2 83 0
J N 7 9514 84 9 5185 576 1 54
K 1 -14 45
K 1 0 45
K 0 0 43
K -1 0 45
K 2 0 45
K 0 17 96
K 0 0 59
K 0 -28 59
A D 2 8 0
A P 2 83 0
H 54 S 12 0 14 0 14 0 0 0 0
J B 69 9548 1 82 6913 576 0
J N 7 9569 56 4 1 0 0
K 0 0 43
K 0 0 59
K 0 -21 59
A D 2 8 0
A P 2 106 0
J R 7 9599 28 2 1729 576 0
K 0 0 48
A D 2 8 1
A P 2 0 1
J R 8 9629 28 2 3457 576 0
K 0 0 47
A D 4 8 0
A P 2 0 0
J B 70 9675 1 82 6913 1152 0
J R 9 9696 28 2 1 10001 0
K 0 0 46
A D 8 8 0
A P 3 0 0
J B 71 9801 1 82 6913 2304 0
J R 9 9822 28 2 1 10001 0
K 0 0 46
A D 8 8 0
A P 3 0 0
J B 72 9927 1 82 6913 2304 0
J R 8 9948 28 2 1 0 0
K 0 0 47
A D 4 8 1
A P 2 0 1
J R 7 9990 28 2 3457 1152 0
K 0 0 48
A D 2 8 0
A P 2 0 0
J D 0 10013 0 1 5185 576 0
W 0 -14 32 2.
J N 7 10020 84 9 5185 0 1 55
K 1 -14 45
K 1 0 45
K 0 0 43
K -1 0 45
K 2 0 45
K 0 17 96
K 0 0 59
K 0 -28 59
A D 2 8 0
A P 2 83 0
J B 73 10054 1 82 6913 576 0
J N 7 10075 84 9 1 0 0
K 1 -14 45
K 1 0 45
K 0 0 43
K -1 0 45
K 2 0 45
K 0 17 96
K 0 0 59
K 0 -28 59
A D 2 8 0
A P 2 83 0
J N 7 10105 84 9 1729 576 0
K 1 -14 45
K 1 0 45
K 0 0 43
K -1 0 45
K 2 0 45
K 0 17 96
K 0 0 59
K 0 -28 59
A D 2 8 0
A P 2 83 0
J N 7 10135 84 9 3457 576 0
K 1 -14 45
K 1 0 45
K 0 0 43
K -1 0 45
K 2 0 45
K 0 17 96
K 0 0 59
K 0 -28 59
A D 2 8 0
A P 2 83 0
J N 7 10165 84 9 5185 576 1 55
K 1 -14 45
K 1 0 45
K 0 0 43
K -1 0 45
K 2 0 45
K 0 17 96
K 0 0 59
K 0 -28 59
A D 2 8 0
A P 2 83 0
H 55 S 12 0 14 0 14 0 0 0 0
J B 74 10199 1 82 6913 576 0
J N 7 10220 84 9 1 0 1 56
K 1 -14 45
K 1 0 45
K 0 0 43
K -1 0 45
K 2 0 45
K 0 17 96
K 0 0 59
K 0 -28 59
A D 2 8 0
A P 2 83 0
J N 7 10250 84 9 1729 576 0
K 1 -14 45
K 1 0 45
K 0 0 43
K -1 0 45
K 2 0 45
K 0 17 96
K 0 0 59
K 0 -28 59
A D 2 8 0
A P 2 83 0
J N 7 10280 84 9 3457 576 0
K 1 -14 45
K 1 0 45
K 0 0 43
K -1 0 45
K 2 0 45
K 0 17 96
K 0 0 59
K 0 -28 59
A D 2 8 0
A P 2 83 0
J N 7 10310 84 9 5185 576 1 56
K 1 -14 45
K 1 0 45
K 0 0 43
K -1 0 45
K 2 0 45
K 0 17 96
K 0 0 59
K 0 -28 59
A D 2 8 0
A P 2 83 0
H 56 S 12 14 14 0 14 0 0 -6 -13
J B 75 10344 1 82 6913 576 0
J N 7 10365 84 9 1 0 1 57
K 1 -14 45
K 1 0 45
K 0 0 43
K -1 0 45
K 2 0 45
K 0 17 96
K 0 0 59
K 0 -28 59
A D 2 8 0
A P 2 83 0
J N 7 10395 84 9 1729 576 0
K 1 -14 45
K 1 0 45
K 0 0 43
K -1 0 45
K 2 0 45
K 0 17 96
K 0 0 59
K 0 -28 59
A D 2 8 0
A P 2 83 0
J N 7 10425 84 9 3457 576 0
K 1 -14 45
K 1 0 45
K 0 0 43
K -1 0 45
K 2 0 45
K 0 17 96
K 0 0 59
K 0 -28 59
A D 2 8 0
A P 2 83 0
J N 7 10455 84 9 5185 576 1 57
K 1 -14 45
K 1 0 45
K 0 0 43
K -1 0 45
K 2 0 45
K 0 17 96
K 0 0 59
K 0 -28 59
A D 2 8 0
A P 2 83 0
H 57 S 12 14 14 0 14 0 0 -6 -13
J B 76 10489 1 82 6913 576 0
J N 7 10510 84 8 1 0 0
K 1 -14 45
K 1 0 45
K 0 0 43
K -1 0 45
K 2 0 45
K 0 0 59
K 0 -28 59
A D 2 8 0
A P 2 83 0
J R 7 10540 28 2 1729 576 0
K 0 0 48
A D 2 8 1
A P 2 0 1
J R 7 10570 28 2 3457 576 0
K 0 0 48
A D 2 8 0
A P 2 0 0
J C 4 10600 42 2 5185 576 0
K 0 0 161
K 0 0 162
J N 7 10645 42 12 5185 0 0
K 1 28 45
K 1 42 45
K 0 0 43
K 0 49 43
K 0 42 45
K 1 42 45
K -35 58 110
K 0 49 59
K 0 21 59
K 0 0 59
K 0 -21 59
A D 2 8 0
A P 1 186 0
A P 2 146 0
J B 77 10679 1 82 6913 576 0
J N 7 10700 42 12 1 0 1 58
K 1 28 45
K 1 42 45
K 0 0 43
K 0 49 43
K 0 42 45
K 1 42 45
K 7 -59 96
K 0 49 59
K 0 21 59
K 0 0 59
K 0 -21 59
A D 2 8 0
A P 1 186 0
A P 2 146 0
J N 7 10730 42 12 1729 576 0
K 1 28 45
K 1 42 45
K 0 0 43
K 0 49 43
K 0 42 45
K 1 42 45
K 7 -59 96
K 0 49 59
K 0 21 59
K 0 0 59
K 0 -21 59
A D 2 8 0
A P 1 186 0
A P 2 146 0
J N 7 10760 42 12 3457 576 0
K 1 28 45
K 1 42 45
K 0 0 43
K 0 49 43
K 0 42 45
K 1 42 45
K 7 -59 96
K 0 49 59
K 0 21 59
K 0 0 59
K 0 -21 59
A D 2 8 0
A P 1 186 0
A P 2 146 0
J N 7 10790 42 12 5185 576 1 58
K 1 28 45
K 1 42 45
K 0 0 43
K 0 49 43
K 0 42 45
K 1 42 45
K 7 -59 96
K 0 49 59
K 0 21 59
K 0 0 59
K 0 -21 59
A D 2 8 0
A P 1 186 0
A P 2 146 0
H 58 S 0 17 -49 6 -49 0 0 -5 11
J B 78 10824 1 82 6913 576 0
J N 7 10845 42 12 1 0 1 59
K 1 28 45
K 1 42 45
K 0 0 43
K 0 49 43
K 0 42 45
K 1 42 45
K 7 -59 96
K 0 49 59
K 0 21 59
K 0 0 59
K 0 -21 59
A D 2 8 0
A P 1 186 0
A P 2 146 0
J N 7 10875 42 12 1729 576 0
K 1 28 45
K 1 42 45
K 0 0 43
K 0 49 43
K 0 42 45
K 1 42 45
K 7 -59 96
K 0 49 59
K 0 21 59
K 0 0 59
K 0 -21 59
A D 2 8 0
A P 1 186 0
A P 2 146 0
J N 7 10905 42 12 3457 576 0
K 1 28 45
K 1 42 45
K 0 0 43
K 0 49 43
K 0 42 45
K 1 42 45
K 7 -59 96
K 0 49 59
K 0 21 59
K 0 0 59
K 0 -21 59
A D 2 8 0
A P 1 186 0
A P 2 146 0
J N 7 10935 42 12 5185 576 1 59
K 1 28 45
K 1 42 45
K 0 0 43
K 0 49 43
K 0 42 45
K 1 42 45
K 7 -59 96
K 0 49 59
K 0 21 59
K 0 0 59
K 0 -21 59
A D 2 8 0
A P 1 186 0
A P 2 146 0
H 59 S 0 17 -49 6 -49 0 0 -5 11
J B 79 10969 1 82 6913 576 0
J D 0 10983 0 1 1 0 0
W 0 -28 32 zu 2
J N 6 10990 7 2 1 0 2 60 61
K 0 0 43
A D 1 8 0
A P 3 215 0
J N 6 11013 14 2 865 288 2 61 60
K 0 0 43
A D 1 8 0
A P 3 209 0
H 61 B 1 0 108 2 2 3
H 60 S 0 0 0 0 0 0 0 0 0
J N 6 11036 21 2 1729 288 2 62 63
K 0 0 43
A D 1 8 0
A P 3 203 0
J N 6 11062 14 2 2593 288 2 63 62
K 0 0 43
A D 1 8 0
A P 3 209 0
H 63 B 1 0 108 2 2 3
H 62 S 0 0 0 0 0 0 0 0 0
J N 6 11088 0 2 3457 288 2 64 65
K 0 0 43
A D 1 8 0
A P 3 220 0
J N 6 11111 7 2 4321 288 2 65 64
K 0 0 43
A D 1 8 0
A P 3 215 0
H 65 B 1 0 108 2 2 3
H 64 S 0 0 0 0 0 0 0 0 0
J N 6 11137 7 2 5185 288 2 66 67
K 0 0 43
A D 1 8 0
A P 3 215 0
J N 6 11160 14 2 6049 288 2 67 66
K 0 0 43
A D 1 8 0
A P 3 209 0
H 67 B 1 0 108 2 2 3
H 66 S 0 0 0 0 0 0 0 0 0
J B 80 11187 1 82 6913 288 0
J N 6 11208 14 2 1 0 2 68 69
K 0 0 43
A D 1 8 0
A P 3 209 0
J N 6 11234 21 2 865 288 2 69 68
K 0 0 43
A D 1 8 0
A P 3 203 0
H 69 B 1 0 108 2 2 3
H 68 S 12 -6 44 -6 41 0 0 0 0
J N 6 11260 21 2 1729 288 2 70 71
K 0 0 43
A D 1 8 0
A P 3 203 0
J N 6 11286 14 2 2593 288 2 71 70
K 0 0 43
A D 1 8 0
A P 3 209 0
H 71 B 1 0 108 2 2 3
H 70 S 12 -6 41 -6 44 0 0 0 0
J N 6 11309 42 2 3457 288 2 72 73
K 0 0 43
A D 1 8 0
A P 1 186 0
J N 7 11309 42 4 3457 0 0
K 0 0 43
K 0 0 60
K 0 14 60
A D 2 8 0
A P 2 186 0
J N 6 11335 0 2 4321 288 2 73 72
K 0 0 43
A D 1 8 0
A P 1 220 0
H 73 B 0 0 108 2 2 3
H 72 S 0 6 -64 6 -27 0 0 0 0
J N 6 11361 7 2 5185 288 2 74 75
K 0 0 43
A D 1 8 0
A P 1 215 0
J N 7 11361 119 10 5185 0 0
K 0 -49 45
K 0 -35 45
K 0 -21 45
K 0 -7 45
K 0 0 43
K 0 -7 45
K 1 -7 45
K 0 0 60
K 0 7 60
A D 2 8 0
A P 2 123 0
J N 6 11387 14 2 6049 288 2 75 74
K 0 0 43
A D 1 8 0
A P 1 209 0
H 75 B 0 0 108 2 2 3
H 74 S 0 6 -35 6 -38 0 0 0 0
J B 81 11414 1 82 6913 288 0
J N 6 11435 7 2 1 0 2 76 77
K 0 0 43
A D 1 8 0
A P 1 215 0
J N 7 11435 119 11 1 0 1 78
K 0 -49 45
K 0 -35 45
K 0 -21 45
K 0 -7 45
K 0 0 43
K 0 -7 45
K 1 -7 45
K 0 38 96
K 0 0 60
K 0 7 60
A D 2 8 0
A P 2 123 0
J N 6 11461 0 2 865 288 2 77 76
K 0 0 43
A D 1 8 0
A P 1 220 0
H 77 B 0 0 108 2 2 3
H 76 S 0 6 -37 6 -34 0 0 0 0
J N 6 11484 14 2 1729 288 2 79 80
K 0 0 43
A D 1 8 0
A P 1 209 0
J N 7 11484 119 11 1729 0 0
K 0 -49 45
K 0 -35 45
K 0 -21 45
K 0 -7 45
K 0 0 43
K 0 -7 45
K 1 -7 45
K -7 45 96
K 0 0 60
K 0 7 60
A D 2 8 0
A P 2 123 0
J N 6 11510 7 2 2593 288 2 80 79
K 0 0 43
A D 1 8 0
A P 1 215 0
H 80 B 0 0 108 2 2 3
H 79 S 0 6 -37 6 -34 0 0 0 0
J N 6 11536 0 2 3457 288 2 81 82
K 0 0 43
A D 1 8 0
A P 1 220 0
J N 7 11536 119 11 3457 0 0
K 0 -49 45
K 0 -35 45
K 0 -21 45
K 0 -7 45
K 0 0 43
K 0 -7 45
K 1 -7 45
K -7 45 96
K 0 0 60
K 0 7 60
A D 2 8 0
A P 2 123 0
J N 6 11562 -7 2 4321 288 2 82 81
K 0 0 43
A D 1 8 0
A P 1 226 0
H 82 B 0 0 108 2 2 3
H 81 S 0 6 -37 6 -34 0 0 0 0
J N 7 11588 -7 4 5185 288 0
K 0 0 43
K 0 0 59
K 0 -14 59
A D 2 8 0
A P 1 226 0
J N 7 11588 119 11 5185 0 1 78
K 0 -49 45
K 0 -35 45
K 0 -21 45
K 0 -7 45
K 0 0 43
K 0 -7 45
K 1 -7 45
K 0 38 96
K 0 0 60
K 0 7 60
A D 2 8 0
A P 2 123 0
H 78 S 12 -6 35 -6 35 0 0 0 0
J B 82 11622 1 82 6913 576 0
J N 6 11643 -7 2 1 0 2 83 84
K 0 0 43
A D 1 8 0
A P 1 226 0
J N 7 11643 119 10 1 0 0
K 0 -49 45
K 0 -35 45
K 0 -21 45
K 0 -7 45
K 0 0 43
K 0 -7 45
K 1 -7 45
K 0 0 60
K 0 7 60
A D 2 8 0
A P 2 123 0
J N 6 11669 0 2 865 288 2 84 83
K 0 0 43
A D 1 8 0
A P 1 220 0
H 84 B 0 0 108 2 2 3
H 83 S 0 6 -35 6 -38 0 0 0 0
J N 7 11695 0 4 1729 288 0
K 0 0 43
K 0 0 59
K 0 -14 59
A D 2 8 0
A P 1 220 0
J N 7 11695 119 10 1729 0 0
K 0 -49 45
K 0 -35 45
K 0 -21 45
K 0 -7 45
K 0 0 43
K 0 -7 45
K 1 -7 45
K 0 0 60
K 0 7 60
A D 2 8 0
A P 2 123 0
J N 6 11725 7 2 3457 576 2 85 86
K 0 0 43
A D 1 8 0
A P 1 215 0
J N 7 11725 119 10 3457 0 0
K 0 -49 45
K 0 -35 45
K 0 -21 45
K 0 -7 45
K 0 0 43
K 0 -7 45
K 1 -7 45
K 0 0 60
K 0 7 60
A D 2 8 0
A P 2 123 0
J N 6 11751 14 2 4321 288 2 86 85
K 0 0 43
A D 1 8 0
A P 1 209 0
H 86 B 0 0 108 2 2 3
H 85 S 0 6 -35 6 -38 0 0 0 0
J N 6 11777 0 2 5185 288 2 87 88
K 0 0 43
A D 1 8 0
A P 1 220 0
J N 7 11777 119 10 5185 0 0
K 0 -49 45
K 0 -35 45
K 0 -21 45
K 0 -7 45
K 0 0 43
K 0 -7 45
K 1 -7 45
K 0 0 60
K 0 7 60
A D 2 8 0
A P 2 123 0
J N 6 11800 14 2 6049 288 2 88 87
K 0 0 43
A D 1 8 0
A P 1 209 0
H 88 B 0 0 108 2 2 3
H 87 S 0 6 -35 6 -44 0 0 0 0
J B 83 11827 1 82 6913 288 0
J N 6 11848 14 2 1 0 2 89 90
K 0 0 43
A D 1 8 0
A P 1 209 0
J N 7 11848 119 10 1 0 0
K 0 -49 45
K 0 -35 45
K 0 -21 45
K 0 -7 45
K 0 0 43
K 0 -7 45
K 1 -7 45
K 0 0 60
K 0 7 60
A D 2 8 0
A P 2 123 0
J N 6 11874 21 2 865 288 2 90 89
K 0 0 43
A D 1 8 0
A P 1 203 0
H 90 B 0 0 108 2 2 3
H 89 S 0 6 -35 6 -38 0 0 0 0
J N 6 11897 42 2 1729 288 2 91 92
K 0 0 43
A D 1 8 0
A P 1 186 0
J N 7 11897 119 10 1729 0 0
K 0 -49 45
K 0 -35 45
K 0 -21 45
K 0 -7 45
K 0 0 43
K 0 -7 45
K 1 -7 45
K 0 0 60
K 0 7 60
A D 2 8 0
A P 2 123 0
J N 6 11923 21 2 2593 288 2 92 91
K 0 0 43
A D 1 8 0
A P 1 203 0
H 92 B 0 0 108 2 2 3
H 91 S 0 6 -50 6 -34 0 0 0 0
J N 6 11949 7 4 3457 288 2 93 94
K 0 0 43
K -49 127 110
K -30 127 110
A D 1 8 0
A P 1 215 0
J N 7 11949 119 10 3457 0 0
K 0 -49 45
K 0 -35 45
K 0 -21 45
K 0 -7 45
K 0 0 43
K 0 -7 45
K 1 -7 45
K 0 0 60
K 0 7 60
A D 2 8 0
A P 2 123 0
J N 6 11975 14 2 4321 288 1 94
K 0 0 43
A D 1 8 0
A P 1 209 0
J N 6 12001 0 2 5185 288 2 94 93
K 0 0 43
A D 1 8 0
A P 1 220 0
H 94 B 0 0 108 3 2 1 3
H 93 S 0 6 -39 6 -34 0 0 0 0
J N 7 12001 119 10 5185 0 0
K 0 -49 45
K 0 -35 45
K 0 -21 45
K 0 -7 45
K 0 0 43
K 0 -7 45
K 1 -7 45
K 0 0 60
K 0 7 60
A D 2 8 0
A P 2 123 0
J N 6 12027 7 3 6049 288 0
K 0 0 43
K 0 0 51
A D 1 8 0
A P 1 215 0
J B 84 12065 1 82 6913 288 0
J N 6 12086 21 5 1 0 1 95
K 0 -14 43
K 0 0 43
K 0 -14 60
K 0 0 54
A D 1 8 0
A P 1 215 0
A P 2 203 0
J N 7 12112 42 6 865 288 1 95
K 0 -28 43
K 0 0 43
K 0 -28 60
K 0 0 60
K 0 14 60
A D 2 8 0
A P 1 209 0
A P 2 186 0
H 95 S 0 0 -14 0 -28 0 0 0 0
J N 6 12142 21 6 2593 576 0
K 0 0 43
K 0 35 43
K 0 35 59
K 0 7 59
K 0 0 51
A D 1 8 0
A P 1 203 0
A P 2 175 0
J N 7 12176 21 7 3457 288 0
K 0 0 43
K 0 35 43
K 0 35 59
K 0 7 59
K 0 0 59
K 0 -14 59
A D 2 8 0
A P 1 203 0
A P 2 175 0
J N 7 12206 7 6 5185 576 1 96
K 0 -14 43
K 0 0 43
K 0 -14 60
K 0 0 60
K 0 21 60
A D 2 8 0
A P 1 226 0
A P 2 215 0
J B 85 12240 1 82 6913 576 0
J N 7 12261 14 8 1 0 0
K 0 -14 43
K 24 -20 44
K 0 0 43
K 24 -6 44
K 0 -14 60
K 0 0 60
K 0 21 60
A D 3 8 0
A P 1 220 0
A P 2 209 0
J N 6 12298 21 5 2593 864 1 96
K 0 -14 43
K 0 0 43
K 0 -14 60
K 0 0 54
A D 1 8 0
A P 1 215 0
A P 2 203 0
H 96 S 0 0 -14 0 -14 0 0 0 0
J N 7 12324 21 6 3457 288 0
K 0 -14 43
K 0 0 43
K 0 -14 60
K 0 0 60
K 0 21 60
A D 2 8 0
A P 1 215 0
A P 2 203 0
J N 7 12354 21 10 5185 576 2 97 98
K 1 49 45
K 0 0 43
K 0 49 43
K -1 49 45
K 2 49 45
K 0 49 59
K 0 21 59
K 0 0 59
K 0 -14 59
A D 2 8 1
A P 1 203 1
A P 2 163 1
J B 86 12388 1 82 6913 576 0
J N 7 12409 21 10 1 0 2 97 98
K 1 49 45
K 0 0 43
K 0 49 43
K -1 49 45
K 2 49 45
K 0 49 59
K 0 21 59
K 0 0 59
K 0 -14 59
A D 2 8 0
A P 1 203 0
A P 2 163 0
H 97 T 21 0 0 0 0 0 3 0
H 98 T 70 0 0 0 0 0 15 0
J N 6 12439 7 2 1729 576 2 99 100
K 0 0 43
A D 1 8 0
A P 1 215 0
J N 7 12439 21 4 1729 0 0
K 0 0 43
K 0 0 60
K 0 21 60
A D 2 8 0
A P 2 203 0
J N 6 12465 0 2 2593 288 2 100 99
K 0 0 43
A D 1 8 0
A P 1 220 0
H 100 B 0 0 108 2 2 3
H 99 S 0 6 -37 6 -34 0 0 0 0
J N 7 12491 0 4 3457 288 0
K 0 0 43
K 0 0 59
K 0 -14 59
A D 2 8 0
A P 1 220 0
J N 7 12491 21 4 3457 0 0
K 0 0 43
K 0 0 60
K 0 21 60
A D 2 8 0
A P 2 203 0
J N 7 12521 0 4 5185 576 0
K 0 0 43
K 0 0 59
K 0 -14 59
A D 2 8 0
A P 1 220 0
J N 7 12521 0 4 5185 0 0
K 0 0 43
K 0 0 60
K 0 21 60
A D 2 8 0
A P 2 220 0
J B 87 12555 1 82 6913 576 0
J N 8 12576 14 7 1 0 0
K 0 -14 42
K 0 0 42
K 0 -31 96
K 0 -14 60
K 0 0 60
K 0 21 60
A D 4 8 0
A P 1 220 0
A P 2 209 0
J N 8 12618 14 7 3457 1152 0
K 0 -14 42
K 0 0 42
K 0 -31 96
K 0 -14 60
K 0 0 60
K 0 21 60
A D 4 8 0
A P 1 220 0
A P 2 209 0
J B 88 12664 1 82 6913 1152 0
J N 9 12685 21 3 1 0 0
K 0 -14 41
K 0 0 41
A D 8 8 0
A P 1 215 0
A P 2 203 0
J B 89 12752 1 82 6913 2304 0
J N 8 12773 14 5 1 0 0
K 0 0 42
K 7 -52 96
K 0 0 59
K 0 -14 59
A D 4 8 0
A P 1 209 0
J N 8 12773 14 4 1 0 0
K 0 0 42
K 0 0 60
K 0 21 60
A D 4 8 0
A P 2 209 0
J N 8 12815 14 5 3457 1152 0
K 0 0 42
K 7 -52 96
K 0 0 59
K 0 -14 59
A D 4 8 0
A P 1 209 0
J N 8 12815 14 4 3457 0 0
K 0 0 42
K 0 0 60
K 0 21 60
A D 4 8 0
A P 2 209 0
J B 90 12861 1 82 6913 1152 0
J N 9 12882 42 5 1 0 0
K 0 -49 41
K 0 0 41
K 0 46 110
K 19 46 110
A D 8 8 0
A P 1 226 0
A P 2 186 0
J B 91 12949 1 82 6913 2304 0
J N 8 12970 14 5 1 0 0
K 0 0 42
K 7 -52 96
K 0 0 59
K 0 -14 59
A D 4 8 0
A P 1 209 0
J N 8 12970 14 4 1 0 0
K 0 0 42
K 0 0 60
K 0 21 60
A D 4 8 0
A P 2 209 0
J N 8 13012 14 5 3457 1152 0
K 0 0 42
K 7 -52 96
K 0 0 59
K 0 -14 59
A D 4 8 0
A P 1 209 0
J N 8 13012 14 4 3457 0 0
K 0 0 42
K 0 0 60
K 0 21 60
A D 4 8 0
A P 2 209 0
J B 92 13058 1 82 6913 1152 0
J N 9 13079 42 5 1 0 0
K 0 -49 41
K 0 0 41
K 0 46 110
K 19 46 110
A D 8 8 0
A P 1 226 0
A P 2 186 0
J B 93 13146 1 82 6913 2304 0
J N 8 13167 42 8 1 0 0
K 0 -49 42
K 0 0 42
K 0 -66 96
K 0 -49 60
K 0 -21 60
K 0 0 60
K 0 14 60
A D 4 8 0
A P 1 226 0
A P 2 186 0
J N 8 13209 42 8 3457 1152 0
K 0 -49 42
K 0 0 42
K 0 -66 96
K 0 -49 60
K 0 -21 60
K 0 0 60
K 0 14 60
A D 4 8 0
A P 1 226 0
A P 2 186 0
J B 94 13255 1 82 6913 1152 0
J D 0 13262 0 1 1 0 0
W 0 -56 0 molto tenuto
J N 9 13276 42 6 1 0 0
K 0 -49 41
K 0 0 41
K 0 -66 101
K 0 46 110
K 19 46 110
A D 8 8 0
A P 1 226 0
A P 2 186 0
J B 95 13351 5 2 6913 2304 0
K -8 0 82
K 0 0 82
J T 608 13381 0 2 6913 0 0
K -10 28 77
K -10 56 79
J M 0 13381 0 0 10000 0 0
