S 0 200 140 2050 1211 10 "[(...)][(..)](.)[({..}..)]"
L 0 0 0 330 330 * 0 14 0
J D 0 -108 42 1 6913 0 0
W 0 0 31 Fl 1-2
J C 4 5 42 2 6913 0 0
K 0 0 33
K 0 0 34
J K 2 57 0 2 6913 0 0
K 0 0 63
K 15 21 63
J D 0 -27 -14 1 6913 0 0
W 0 0 37 \01\03\09
J R 9 235 28 2 1 0 0
K 0 0 46
A D 16 16 0
A P 3 0 0
J B 140 389 1 82 6913 2304 0
J D 0 380 0 1 1 0 0
W 0 -46 32 1.
J N 7 427 -21 10 1 0 0
K 0 7 45
K -15 0 65
K 0 0 43
K 0 7 45
K 1 7 45
K 0 -17 96
K 0 107 110
K 0 0 60
K 0 21 60
A D 4 16 0
A P 1 237 0
J N 7 467 -35 10 1729 576 0
K 0 21 45
K 0 7 45
K 0 0 43
K 0 7 45
K 1 7 45
K 0 -17 96
K 0 0 60
K 0 28 60
K 0 35 60
A D 4 16 0
A P 1 249 0
J N 7 510 -49 12 3457 576 0
K 0 35 45
K 0 21 45
K 0 7 45
K -14 0 64
K 0 0 43
K 0 7 45
K 1 7 45
K 0 -17 96
K 0 0 60
K 0 28 60
K 0 49 60
A D 4 16 0
A P 1 260 0
J N 7 550 -21 8 5185 576 0
K 0 7 45
K 0 0 43
K 0 7 45
K 1 7 45
K 0 -17 96
K 0 0 60
K 0 21 60
A D 4 16 0
A P 1 237 0
J B 141 593 1 82 6913 576 0
J R 9 701 28 2 1 0 0
K 0 0 46
A D 16 16 0
A P 3 0 0
J B 142 838 1 82 6913 2304 0
J N 7 861 -14 8 1 0 0
K 0 0 45
K 0 0 43
K -1 0 45
K 2 0 45
K 0 -17 96
K 0 0 60
K 0 21 60
A D 4 16 0
A P 1 232 0
J N 7 901 -35 10 1729 576 0
K 0 21 45
K 0 7 45
K 0 0 43
K 0 7 45
K 1 7 45
K 0 -17 96
K 0 0 60
K 0 28 60
K 0 35 60
A D 4 16 0
A P 1 249 0
J N 7 944 -49 12 3457 576 0
K 0 35 45
K 0 21 45
K 0 7 45
K -14 0 64
K 0 0 43
K 0 7 45
K 1 7 45
K 0 -17 96
K 0 0 60
K 0 28 60
K 0 49 60
A D 4 16 0
A P 1 260 0
J N 7 983 -14 8 5185 576 0
K 0 0 45
K 0 0 43
K -1 0 45
K 2 0 45
K 0 -17 96
K 0 0 60
K 0 21 60
A D 4 16 0
A P 1 232 0
J B 143 1025 1 82 6913 576 0
J R 8 1049 28 2 1 0 0
K 0 0 47
A D 8 16 1
A P 1 0 1
J R 7 1130 28 2 3457 1152 0
K 0 0 48
A D 4 16 0
A P 1 0 0
J N 7 1169 -35 11 5185 576 0
K 0 21 45
K 0 7 45
K 0 0 43
K 0 7 45
K 1 7 45
K 0 -17 96
K 0 113 108
K 0 0 60
K 0 28 60
K 0 35 60
A D 4 16 0
A P 1 249 0
J B 144 1211 1 82 6913 576 0
J N 7 1234 -49 12 1 0 0
K 0 35 45
K 0 21 45
K 0 7 45
K -14 0 64
K 0 0 43
K 0 7 45
K 1 7 45
K 0 -17 96
K 0 0 60
K 0 28 60
K 0 49 60
A D 4 16 0
A P 1 260 0
J N 7 1273 -7 5 1729 576 0
K 0 0 43
K 0 -17 96
K 0 0 60
K 0 21 60
A D 4 16 0
A P 1 226 0
J R 7 1315 28 2 3457 576 0
K 0 0 48
A D 4 16 0
A P 1 0 0
J N 7 1354 -7 5 5185 576 0
K 0 0 43
K 0 -17 96
K 0 0 60
K 0 21 60
A D 4 16 0
A P 1 226 0
J B 145 1396 1 82 6913 576 0
J N 7 1419 -28 11 1 0 0
K 0 14 45
K 0 0 45
K -14 0 64
K 0 0 43
K -1 0 45
K 2 0 45
K 0 114 111
K 12 114 110
K 0 0 60
K 0 28 60
A D 4 16 0
A P 1 243 0
J R 7 1458 28 2 1729 576 0
K 0 0 48
A D 4 16 1
A P 1 0 1
J R 8 1520 28 2 3457 576 0
K 0 0 47
A D 8 16 0
A P 1 0 0
J B 146 1629 1 82 6913 1152 0
J N 7 1652 -28 11 1 0 0
K 0 14 45
K 0 0 45
K -14 0 64
K 0 0 43
K -1 0 45
K 2 0 45
K 0 -17 96
K 0 114 110
K 0 0 60
K 0 28 60
A D 4 16 0
A P 1 243 0
J N 7 1691 -42 11 1729 576 0
K 0 28 45
K 0 14 45
K 0 0 45
K 0 0 43
K -1 0 45
K 2 0 45
K 0 -17 96
K 0 0 60
K 0 28 60
K 0 42 60
A D 4 16 0
A P 1 255 0
J N 7 1730 -56 12 3457 576 0
K 0 42 45
K 0 28 45
K 0 14 45
K 0 0 45
K 0 0 43
K -1 0 45
K 2 0 45
K 0 -17 96
K 0 0 60
K 0 28 60
K 0 56 60
A D 4 16 0
A P 1 266 0
J N 7 1769 -28 9 5185 576 0
K 0 14 45
K 0 0 45
K 0 0 43
K -1 0 45
K 2 0 45
K 0 -17 96
K 0 0 60
K 0 28 60
A D 4 16 0
A P 1 243 0
J B 147 1811 1 82 6913 576 0
J R 9 1916 28 2 1 0 0
K 0 0 46
A D 16 16 0
A P 3 0 0
J B 148 2050 1 82 6913 2304 0
E *
L 125 0 0 330 330 * 0 14 0
J D 0 -119 42 1 6913 0 0
W 0 0 31 Ob 1-2
J C 4 5 42 2 6913 0 0
K 0 0 33
K 0 0 34
J K 2 57 0 2 6913 0 0
K 0 0 63
K 15 21 63
J D 0 -27 -14 1 6913 0 0
W 0 0 0 \01\03\09
J N 7 133 28 6 1 0 0
K -15 0 65
K 0 0 43
K 0 68 110
K 0 0 60
K 0 21 60
A D 4 16 0
A P 1 197 0
J R 7 207 28 2 1729 576 0
K 0 0 48
A D 4 16 1
A P 1 0 1
J R 8 271 28 2 3457 576 0
K 0 0 47
A D 8 16 0
A P 1 0 0
J B 140 389 1 82 6913 1152 0
J N 7 427 28 6 1 0 0
K -15 0 65
K 0 0 43
K 0 -21 96
K 0 0 60
K 0 21 60
A D 4 16 0
A P 1 197 0
J N 7 467 14 5 1729 576 0
K 0 0 43
K 0 -21 96
K 0 0 60
K 0 21 60
A D 4 16 0
A P 1 209 0
J N 7 510 0 6 3457 576 0
K -14 0 64
K 0 0 43
K 0 -17 96
K 0 0 60
K 0 21 60
A D 4 16 0
A P 1 220 0
J N 7 550 28 5 5185 576 0
K 0 0 43
K 0 -21 96
K 0 0 60
K 0 21 60
A D 4 16 0
A P 1 197 0
J B 141 593 1 82 6913 576 0
J R 9 701 28 2 1 0 0
K 0 0 46
A D 16 16 0
A P 3 0 0
J B 142 838 1 82 6913 2304 0
J N 7 861 35 5 1 0 0
K 0 0 43
K 0 14 96
K 0 0 59
K 0 -21 59
A D 4 16 0
A P 1 192 0
J N 7 901 14 5 1729 576 0
K 0 0 43
K 0 -21 96
K 0 0 60
K 0 21 60
A D 4 16 0
A P 1 209 0
J N 7 944 0 6 3457 576 0
K -14 0 64
K 0 0 43
K 0 -17 96
K 0 0 60
K 0 21 60
A D 4 16 0
A P 1 220 0
J N 7 983 35 5 5185 576 0
K 0 0 43
K 0 14 96
K 0 0 59
K 0 -21 59
A D 4 16 0
A P 1 192 0
J B 143 1025 1 82 6913 576 0
J R 7 1049 28 2 1 0 0
K 0 0 48
A D 4 16 0
A P 1 0 0
J N 7 1088 14 6 1729 576 0
K 0 0 43
K 0 -21 96
K 0 70 108
K 0 0 60
K 0 21 60
A D 4 16 0
A P 1 209 0
J N 7 1130 0 6 3457 576 0
K -14 0 64
K 0 0 43
K 0 -17 96
K 0 0 60
K 0 21 60
A D 4 16 0
A P 1 220 0
J N 7 1169 35 6 5185 576 0
K -15 0 65
K 0 0 43
K 0 14 96
K 0 0 59
K 0 -21 59
A D 4 16 0
A P 1 191 0
J B 144 1211 1 82 6913 576 0
J R 7 1234 28 2 1 0 0
K 0 0 48
A D 4 16 0
A P 1 0 0
J N 7 1273 14 5 1729 576 0
K 0 0 43
K 0 -21 96
K 0 0 60
K 0 21 60
A D 4 16 0
A P 1 209 0
J N 7 1315 0 6 3457 576 0
K -14 0 64
K 0 0 43
K 0 -17 96
K 0 0 60
K 0 21 60
A D 4 16 0
A P 1 220 0
J N 7 1354 42 5 5185 576 0
K 0 0 43
K 0 -21 96
K 0 0 60
K 0 14 60
A D 4 16 0
A P 1 186 0
J B 145 1396 1 82 6913 576 0
J R 9 1498 28 2 1 0 0
K 0 0 46
A D 16 16 0
A P 3 0 0
J B 146 1629 1 82 6913 2304 0
J N 7 1652 21 7 1 0 0
K -14 0 64
K 0 0 43
K 0 -14 96
K 0 71 110
K 0 0 60
K 0 21 60
A D 4 16 0
A P 1 203 0
J N 7 1691 7 5 1729 576 0
K 0 0 43
K 0 -17 96
K 0 0 60
K 0 21 60
A D 4 16 0
A P 1 215 0
J N 7 1730 -7 5 3457 576 0
K 0 0 43
K 0 -17 96
K 0 0 60
K 0 21 60
A D 4 16 0
A P 1 226 0
J N 7 1769 21 5 5185 576 0
K 0 0 43
K 0 -14 96
K 0 0 60
K 0 21 60
A D 4 16 0
A P 1 203 0
J B 147 1811 1 82 6913 576 0
J R 9 1916 28 2 1 0 0
K 0 0 46
A D 16 16 0
A P 3 0 0
J B 148 2050 1 82 6913 2304 0
E *
L 250 0 0 330 330 * 0 14 0
J D 0 -130 42 1 6913 0 0
W 0 0 31 Fag 1-2
J C 22 5 14 36 6913 0 0
J K 2 57 0 2 6913 0 0
K 0 14 63
K 15 35 63
J D 0 -27 -14 1 6913 0 0
W 0 0 0 \01\03\09
J N 7 133 -21 8 1 0 0
K 1 7 45
K 0 0 43
K 0 7 45
K 1 7 45
K 0 120 110
K 0 0 59
K 0 -7 59
A D 4 16 0
A P 1 169 0
J N 7 133 42 5 1 0 0
K -15 0 65
K 0 0 43
K 0 0 60
K 0 14 60
A D 4 16 0
A P 2 117 0
J R 7 207 -7 2 1729 576 0
K 0 0 48
A D 4 16 1
A P 1 0 1
J R 6 207 42 2 1729 0 0
K 0 0 49
A D 2 16 0
A P 2 0 0
J N 6 239 28 3 2593 288 0
K 0 0 43
K 0 0 54
A D 2 16 0
A P 2 129 0
J R 8 271 -35 2 3457 288 0
K 0 0 47
A D 8 16 0
A P 1 0 0
J N 7 271 28 9 3457 0 1 54
K 0 0 43
K 24 6 44
K -11 -49 219
K -11 -21 236
K -5 77 111
K 7 77 110
K 0 0 60
K 0 21 60
A D 6 16 0
A P 2 129 0
J N 5 329 35 2 6049 864 1 55
K 0 0 43
A D 1 16 0
A P 2 124 0
J N 5 357 28 2 6481 144 2 55 54
K 0 0 43
A D 1 16 0
A P 2 129 0
H 55 B -53 -4 108 2 22 33
H 54 S 0 0 0 0 0 0 0 0 0
J B 140 389 1 82 6913 144 0
J N 7 427 -7 6 1 0 0
K -15 0 65
K 0 0 43
K 7 -52 96
K 0 0 59
K 0 -14 59
A D 4 16 0
A P 1 157 0
J N 7 427 14 6 1 0 0
K -29 0 64
K 0 0 43
K -7 59 96
K 0 0 60
K 0 21 60
A D 4 16 0
A P 2 140 0
J N 7 467 -21 8 1729 576 0
K 1 7 45
K 0 0 43
K 0 7 45
K 1 7 45
K 7 -45 96
K 0 0 59
K 0 -7 59
A D 4 16 0
A P 1 169 0
J N 7 467 42 6 1729 0 0
K -15 0 65
K 0 0 43
K -7 52 96
K 0 0 60
K 0 14 60
A D 4 16 0
A P 2 117 0
J N 7 510 -35 10 3457 576 0
K 1 21 45
K 1 7 45
K -14 0 64
K 0 0 43
K 0 7 45
K 1 7 45
K 7 -45 96
K 0 0 59
K 0 -7 59
A D 4 16 0
A P 1 180 0
J R 8 510 42 2 3457 0 0
K 0 0 47
A D 8 16 0
A P 2 0 0
J N 7 550 -7 5 5185 576 0
K 0 0 43
K 7 -52 96
K 0 0 59
K 0 -14 59
A D 4 16 0
A P 1 157 0
J B 141 593 1 82 6913 576 0
J R 9 701 -35 2 1 0 0
K 0 0 46
A D 16 16 0
A P 1 0 0
J N 7 616 49 4 1 0 0
K 0 0 43
K 0 0 60
K 0 14 60
A D 4 16 0
A P 2 112 0
J R 6 656 56 2 1729 576 0
K 0 0 49
A D 2 16 0
A P 2 0 0
J N 6 688 28 3 2593 288 0
K 0 0 43
K 0 0 54
A D 2 16 0
A P 2 129 0
J N 7 720 28 9 3457 288 1 56
K 0 0 43
K 24 6 44
K -11 -49 218
K -11 -21 236
K -5 77 111
K 7 77 110
K 0 0 60
K 0 21 60
A D 6 16 0
A P 2 129 0
J N 5 778 35 3 6049 864 1 57
K -18 0 63
K 0 0 43
A D 1 16 0
A P 2 124 0
J N 5 806 28 2 6481 144 2 57 56
K 0 0 43
A D 1 16 0
A P 2 129 0
H 57 B -53 -4 108 2 22 33
H 56 S 0 0 0 0 0 0 0 0 0
J B 142 838 1 82 6913 144 0
J N 7 861 0 5 1 0 0
K 0 0 43
K 7 -52 96
K 0 0 59
K 0 -14 59
A D 4 16 0
A P 1 152 0
J N 7 861 14 6 1 0 0
K -14 0 64
K 0 0 43
K -7 59 96
K 0 0 60
K 0 21 60
A D 4 16 0
A P 2 140 0
J N 7 901 -21 8 1729 576 0
K 1 7 45
K 0 0 43
K 0 7 45
K 1 7 45
K 7 -45 96
K 0 0 59
K 0 -7 59
A D 4 16 0
A P 1 169 0
J N 7 901 49 5 1729 0 0
K 0 0 43
K -7 52 96
K 0 0 60
K 0 14 60
A D 4 16 0
A P 2 112 0
J N 7 944 -35 10 3457 576 0
K 1 21 45
K 1 7 45
K -14 0 64
K 0 0 43
K 0 7 45
K 1 7 45
K 7 -45 96
K 0 0 59
K 0 -7 59
A D 4 16 0
A P 1 180 0
J R 8 944 42 2 3457 0 0
K 0 0 47
A D 8 16 0
A P 2 0 0
J N 7 983 0 5 5185 576 0
K 0 0 43
K 7 -52 96
K 0 0 59
K 0 -14 59
A D 4 16 0
A P 1 152 0
J B 143 1025 1 82 6913 576 0
J R 7 1049 -7 2 1 0 0
K 0 0 48
A D 4 16 0
A P 1 0 0
J N 7 1049 49 6 1 0 0
K -15 0 65
K 0 0 43
K 0 51 108
K 0 0 60
K 0 14 60
A D 4 16 0
A P 2 111 0
J N 7 1088 -21 9 1729 576 0
K 1 7 45
K 0 0 43
K 0 7 45
K 1 7 45
K 7 -45 96
K -21 -12 108
K 0 0 59
K 0 -7 59
A D 4 16 0
A P 1 169 0
J R 7 1088 56 2 1729 0 0
K 0 0 48
A D 4 16 1
A P 2 0 1
J N 7 1130 -35 10 3457 576 0
K 1 21 45
K 1 7 45
K -14 0 64
K 0 0 43
K 0 7 45
K 1 7 45
K 7 -45 96
K 0 0 59
K 0 -7 59
A D 4 16 0
A P 1 180 0
J R 8 1130 56 2 3457 0 0
K 0 0 47
A D 8 16 0
A P 2 0 0
J N 7 1169 0 6 5185 576 0
K -15 0 65
K 0 0 43
K 7 -52 96
K 0 0 59
K 0 -14 59
A D 4 16 0
A P 1 151 0
J B 144 1211 1 82 6913 576 0
J R 7 1234 -7 2 1 0 0
K 0 0 48
A D 4 16 0
A P 1 0 0
J N 7 1234 56 4 1 0 0
K 0 0 43
K 0 0 60
K 0 14 60
A D 4 16 0
A P 2 106 0
J N 7 1273 -21 8 1729 576 0
K 1 7 45
K 0 0 43
K 0 7 45
K 1 7 45
K 7 -45 96
K 0 0 59
K 0 -7 59
A D 4 16 0
A P 1 169 0
J R 7 1273 56 2 1729 0 0
K 0 0 48
A D 4 16 1
A P 2 0 1
J N 7 1315 -35 10 3457 576 0
K 1 21 45
K 1 7 45
K -14 0 64
K 0 0 43
K 0 7 45
K 1 7 45
K 7 -45 96
K 0 0 59
K 0 -7 59
A D 4 16 0
A P 1 180 0
J R 8 1315 56 2 3457 0 0
K 0 0 47
A D 8 16 0
A P 2 0 0
J N 7 1354 7 5 5185 576 0
K 0 0 43
K 7 -52 96
K 0 0 59
K 0 -14 59
A D 4 16 0
A P 1 146 0
J B 145 1396 1 82 6913 576 0
J R 9 1498 -35 2 1 0 0
K 0 0 46
A D 16 16 0
A P 1 0 0
J N 7 1419 35 6 1 0 0
K -14 0 64
K 0 0 43
K 0 64 110
K 0 0 60
K 0 14 60
A D 4 16 0
A P 2 123 0
J R 6 1458 56 2 1729 576 0
K 0 0 49
A D 2 16 0
A P 2 0 0
J N 6 1489 21 3 2593 288 0
K 0 0 43
K 0 0 54
A D 2 16 0
A P 2 135 0
J N 7 1520 21 9 3457 288 1 58
K 0 0 43
K 25 0 44
K -9 -42 218
K -9 -14 236
K -5 74 111
K 7 74 110
K 0 0 60
K 0 21 60
A D 6 16 0
A P 2 135 0
J N 5 1569 28 2 6049 864 1 59
K 0 0 43
A D 1 16 0
A P 2 129 0
J N 5 1597 21 2 6481 144 2 59 58
K 0 0 43
A D 1 16 0
A P 2 135 0
H 59 B -46 -4 108 2 22 33
H 58 S 0 0 0 0 0 0 0 0 0
J B 146 1629 1 82 6913 144 0
J N 7 1652 -14 10 1 0 0
K 1 0 45
K -14 0 64
K 0 0 43
K -1 0 45
K 2 0 45
K 7 -45 96
K -12 -42 110
K 0 0 59
K 0 -7 59
A D 4 16 0
A P 1 163 0
J N 7 1652 7 5 1 0 0
K 0 0 43
K -7 59 96
K 0 0 60
K 0 21 60
A D 4 16 0
A P 2 146 0
J N 7 1691 -28 9 1729 576 0
K 1 14 45
K 1 0 45
K 0 0 43
K -1 0 45
K 2 0 45
K 7 -45 96
K 0 0 59
K 0 -7 59
A D 4 16 0
A P 1 175 0
J N 7 1691 35 6 1729 0 0
K -14 0 64
K 0 0 43
K -7 52 96
K 0 0 60
K 0 14 60
A D 4 16 0
A P 2 123 0
J N 7 1730 -42 10 3457 576 0
K 1 28 45
K 1 14 45
K 1 0 45
K 0 0 43
K -1 0 45
K 2 0 45
K 7 -45 96
K 0 0 59
K 0 -7 59
A D 4 16 0
A P 1 186 0
J R 8 1730 56 2 3457 0 0
K 0 0 47
A D 8 16 0
A P 2 0 0
J N 7 1769 -14 8 5185 576 0
K 1 0 45
K 0 0 43
K -1 0 45
K 2 0 45
K 7 -45 96
K 0 0 59
K 0 -7 59
A D 4 16 0
A P 1 163 0
J B 147 1811 1 82 6913 576 0
J R 9 1916 -42 2 1 0 0
K 0 0 46
A D 16 16 0
A P 1 0 0
J N 7 1832 42 5 1 0 0
K 0 0 43
K 0 58 110
K 0 0 60
K 0 14 60
A D 4 16 0
A P 2 118 0
J R 6 1871 56 2 1729 576 0
K 0 0 49
A D 2 16 0
A P 2 0 0
J N 6 1902 21 3 2593 288 0
K 0 0 43
K 0 0 54
A D 2 16 0
A P 2 135 0
J N 7 1933 21 9 3457 288 1 60
K 0 0 43
K 25 0 44
K -9 -42 213
K -9 -14 236
K -4 74 111
K 8 74 110
K 0 0 60
K 0 21 60
A D 6 16 0
A P 2 135 0
J N 5 1990 28 3 6049 864 1 61
K -18 0 63
K 0 0 43
A D 1 16 0
A P 2 130 0
J N 5 2018 21 2 6481 144 2 61 60
K 0 0 43
A D 1 16 0
A P 2 135 0
H 61 B -46 -4 108 2 22 33
H 60 S 0 0 0 0 0 0 0 0 0
J B 148 2050 1 82 6913 144 0
E *
L 390 0 0 330 330 * 0 14 0
J D 0 -130 42 1 6913 0 0
W 0 -21 31 Cor 1-2
J D 0 -130 42 1 6913 0 0
W 8 21 31 (D)
J C 4 5 42 2 6913 0 0
K 0 0 33
K 0 0 34
J K 0 57 0 0 6913 0 0
J D 0 -27 -14 1 6913 0 0
W 0 0 0 \01\03\09
J N 9 133 21 3 1 0 0
K 0 0 41
K 0 89 110
A D 8 8 0
A P 1 203 0
J N 9 133 70 8 1 0 0
K 0 0 45
K 6 0 45
K 0 0 41
K -1 0 45
K 2 0 45
K 4 0 45
K 7 0 45
A D 8 8 0
A P 2 163 0
J B 140 389 1 82 6913 2304 0
J R 9 477 28 2 1 0 0
K 0 0 46
A D 8 8 0
A P 3 0 0
J B 141 593 1 82 6913 2304 0
J N 9 616 21 3 1 0 0
K 0 0 41
K 0 89 110
A D 8 8 0
A P 1 203 0
J N 9 616 70 8 1 0 0
K 0 0 45
K 6 0 45
K 0 0 41
K -1 0 45
K 2 0 45
K 4 0 45
K 7 0 45
A D 8 8 0
A P 2 163 0
J B 142 838 1 82 6913 2304 0
J R 9 917 28 2 1 0 0
K 0 0 46
A D 8 8 0
A P 3 0 0
J B 143 1025 1 82 6913 2304 0
J R 9 1104 28 2 1 0 0
K 0 0 46
A D 8 8 0
A P 3 0 0
J B 144 1211 1 82 6913 2304 0
J R 9 1289 28 2 1 0 0
K 0 0 46
A D 8 8 0
A P 3 0 0
J B 145 1396 1 82 6913 2304 0
J N 9 1419 14 3 1 0 0
K 0 0 41
K 0 71 110
A D 8 8 0
A P 1 209 0
J N 9 1442 14 2 1 0 0
K 0 0 41
A D 8 8 0
A P 2 209 0
J B 146 1629 1 82 6913 2304 0
J R 9 1706 28 2 1 0 0
K 0 0 46
A D 8 8 0
A P 3 0 0
J B 147 1811 1 82 6913 2304 0
J N 9 1832 14 3 1 0 0
K 0 0 41
K 0 71 110
A D 8 8 0
A P 1 209 0
J N 9 1855 14 2 1 0 0
K 0 0 41
A D 8 8 0
A P 2 209 0
J B 148 2050 1 82 6913 2304 0
E *
L 515 0 0 330 330 * 0 14 0
J D 0 -111 42 1 6913 0 0
W 0 -21 31 Tr 1-2
J D 0 -111 42 1 6913 0 0
W 8 21 31 (D)
J C 4 5 42 2 6913 0 0
K 0 0 33
K 0 0 34
J K 0 57 0 0 6913 0 0
J D 0 -27 -14 1 6913 0 0
W 0 0 0 \01\03\09
J N 9 133 21 3 1 0 0
K 0 0 41
K 0 89 110
A D 8 8 0
A P 1 203 0
J N 9 133 70 8 1 0 0
K 0 0 45
K 6 0 45
K 0 0 41
K -1 0 45
K 2 0 45
K 4 0 45
K 7 0 45
A D 8 8 0
A P 2 163 0
J B 140 389 1 82 6913 2304 0
J R 9 477 28 2 1 0 0
K 0 0 46
A D 8 8 0
A P 3 0 0
J B 141 593 1 82 6913 2304 0
J N 9 616 21 3 1 0 0
K 0 0 41
K 0 89 110
A D 8 8 0
A P 1 203 0
J N 9 616 70 8 1 0 0
K 0 0 45
K 6 0 45
K 0 0 41
K -1 0 45
K 2 0 45
K 4 0 45
K 7 0 45
A D 8 8 0
A P 2 163 0
J B 142 838 1 82 6913 2304 0
J R 9 917 28 2 1 0 0
K 0 0 46
A D 8 8 0
A P 3 0 0
J B 143 1025 1 82 6913 2304 0
J R 9 1104 28 2 1 0 0
K 0 0 46
A D 8 8 0
A P 3 0 0
J B 144 1211 1 82 6913 2304 0
J R 9 1289 28 2 1 0 0
K 0 0 46
A D 8 8 0
A P 3 0 0
J B 145 1396 1 82 6913 2304 0
J N 9 1419 14 3 1 0 0
K 0 0 41
K 0 71 110
A D 8 8 0
A P 1 209 0
J N 9 1442 14 2 1 0 0
K 0 0 41
A D 8 8 0
A P 2 209 0
J B 146 1629 1 82 6913 2304 0
J R 9 1706 28 2 1 0 0
K 0 0 46
A D 8 8 0
A P 3 0 0
J B 147 1811 1 82 6913 2304 0
J N 9 1832 14 3 1 0 0
K 0 0 41
K 0 71 110
A D 8 8 0
A P 1 209 0
J N 9 1855 14 2 1 0 0
K 0 0 41
A D 8 8 0
A P 2 209 0
J B 148 2050 1 82 6913 2304 0
E *
L 640 0 0 330 330 * 0 14 0
J D 0 -117 42 1 6913 0 0
W 0 -21 31 Timp.
J D 0 -117 42 1 6913 0 0
W 8 21 31 (D-A)
J C 22 5 14 36 6913 0 0
J K 0 57 0 0 6913 0 0
J D 0 -27 -14 1 6913 0 0
W 0 0 0 \01\03\09
J N 7 133 28 5 1 0 0
K 0 0 43
K 0 68 110
K 0 0 60
K 0 21 60
A D 2 8 0
A P 1 129 0
J R 7 207 28 2 1729 576 0
K 0 0 48
A D 2 8 1
A P 1 0 1
J R 8 271 28 2 3457 576 0
K 0 0 47
A D 4 8 0
A P 1 0 0
J B 140 389 1 82 6913 1152 0
J R 9 477 28 2 1 0 0
K 0 0 46
A D 8 8 0
A P 1 0 0
J B 141 593 1 82 6913 2304 0
J N 7 616 28 5 1 0 0
K 0 0 43
K 0 68 110
K 0 0 60
K 0 21 60
A D 2 8 0
A P 1 129 0
J R 7 656 28 2 1729 576 0
K 0 0 48
A D 2 8 1
A P 1 0 1
J R 8 720 28 2 3457 576 0
K 0 0 47
A D 4 8 0
A P 1 0 0
J B 142 838 1 82 6913 1152 0
J R 9 917 28 2 1 0 0
K 0 0 46
A D 8 8 0
A P 1 0 0
J B 143 1025 1 82 6913 2304 0
J R 9 1104 28 2 1 0 0
K 0 0 46
A D 8 8 0
A P 1 0 0
J B 144 1211 1 82 6913 2304 0
J R 9 1289 28 2 1 0 0
K 0 0 46
A D 8 8 0
A P 1 0 0
J B 145 1396 1 82 6913 2304 0
J R 9 1498 28 2 1 0 0
K 0 0 46
A D 8 8 0
A P 1 0 0
J B 146 1629 1 82 6913 2304 0
J R 9 1706 28 2 1 0 0
K 0 0 46
A D 8 8 0
A P 1 0 0
J B 147 1811 1 82 6913 2304 0
J R 9 1916 28 2 1 0 0
K 0 0 46
A D 8 8 0
A P 1 0 0
J B 148 2050 1 82 6913 2304 0
E *
L 775 0 0 330 330 * 0 14 0
J D 0 -119 42 1 6913 0 0
W 0 0 31 Vln 1
J C 4 5 42 2 6913 0 0
K 0 0 33
K 0 0 34
J K 2 57 0 2 6913 0 0
K 0 0 63
K 15 21 63
J D 0 -27 -14 1 6913 0 0
W 0 0 0 \01\03\09
J N 8 133 14 10 1 0 0
K -14 35 64
K 0 0 42
K 0 35 42
K 0 72 110
K 0 35 59
K 0 28 59
K 0 0 59
K 0 -23 59
K 0 -42 125
A D 8 16 0
A P 1 209 0
A P 1 180 0
J N 8 271 14 8 3457 1152 0
K 0 0 42
K 0 35 42
K 0 35 59
K 0 28 59
K 0 0 59
K 0 -23 59
K 0 -42 125
A D 8 16 0
A P 1 209 0
A P 1 180 0
J B 140 389 1 82 6913 1152 0
J N 8 427 14 9 1 0 0
K -14 35 64
K 0 0 42
K 0 35 42
K 0 35 59
K 0 28 59
K 0 0 59
K 0 -23 59
K 0 -42 125
A D 8 16 0
A P 1 209 0
A P 1 180 0
J N 8 510 14 8 3457 1152 0
K 0 0 42
K 0 35 42
K 0 35 59
K 0 28 59
K 0 0 59
K 0 -23 59
K 0 -42 125
A D 8 16 0
A P 1 209 0
A P 1 180 0
J B 141 593 1 82 6913 1152 0
J N 8 616 14 9 1 0 0
K -14 35 64
K 0 0 42
K 0 35 42
K 0 35 59
K 0 28 59
K 0 0 59
K 0 -23 59
K 0 -42 125
A D 8 16 0
A P 1 209 0
A P 1 180 0
J N 8 720 14 8 3457 1152 0
K 0 0 42
K 0 35 42
K 0 35 59
K 0 28 59
K 0 0 59
K 0 -23 59
K 0 -42 125
A D 8 16 0
A P 1 209 0
A P 1 180 0
J B 142 838 1 82 6913 1152 0
J N 8 861 14 9 1 0 0
K -14 35 64
K 0 0 42
K 0 35 42
K 0 35 59
K 0 28 59
K 0 0 59
K 0 -23 59
K 0 -42 125
A D 8 16 0
A P 1 209 0
A P 1 180 0
J N 8 944 14 8 3457 1152 0
K 0 0 42
K 0 35 42
K 0 35 59
K 0 28 59
K 0 0 59
K 0 -23 59
K 0 -42 125
A D 8 16 0
A P 1 209 0
A P 1 180 0
J B 143 1025 1 82 6913 1152 0
J N 8 1049 14 6 1 0 0
K 0 0 42
K 0 74 108
K 0 0 60
K 0 23 60
K -17 42 125
A D 8 16 0
A P 1 209 0
J N 8 1130 14 5 3457 1152 0
K 0 0 42
K 0 0 60
K 0 23 60
K -17 42 125
A D 8 16 0
A P 1 209 0
J B 144 1211 1 82 6913 1152 0
J N 8 1234 14 5 1 0 0
K 0 0 42
K 0 0 60
K 0 23 60
K -17 42 125
A D 8 16 0
A P 1 209 0
J N 8 1315 14 5 3457 1152 0
K 0 0 42
K 0 0 60
K 0 23 60
K -17 42 125
A D 8 16 0
A P 1 209 0
J B 145 1396 1 82 6913 1152 0
J N 8 1419 42 9 1 0 0
K 0 -35 42
K 0 0 42
K 0 68 110
K 0 -35 60
K 0 -28 60
K 0 0 60
K 0 23 60
K -17 42 125
A D 8 16 0
A P 1 215 0
A P 1 186 0
J N 8 1520 42 8 3457 1152 0
K 0 -35 42
K 0 0 42
K 0 -35 60
K 0 -28 60
K 0 0 60
K 0 23 60
K -17 42 125
A D 8 16 0
A P 1 215 0
A P 1 186 0
J B 146 1629 1 82 6913 1152 0
J N 8 1652 42 8 1 0 0
K 0 -35 42
K 0 0 42
K 0 -35 60
K 0 -28 60
K 0 0 60
K 0 23 60
K -17 42 125
A D 8 16 0
A P 1 215 0
A P 1 186 0
J N 8 1730 42 8 3457 1152 0
K 0 -35 42
K 0 0 42
K 0 -35 60
K 0 -28 60
K 0 0 60
K 0 23 60
K -17 42 125
A D 8 16 0
A P 1 215 0
A P 1 186 0
J B 147 1811 1 82 6913 1152 0
J N 8 1832 42 9 1 0 0
K 0 -35 42
K 0 0 42
K 0 68 110
K 0 -35 60
K 0 -28 60
K 0 0 60
K 0 23 60
K -17 42 125
A D 8 16 0
A P 1 215 0
A P 1 186 0
J N 8 1933 42 8 3457 1152 0
K 0 -35 42
K 0 0 42
K 0 -35 60
K 0 -28 60
K 0 0 60
K 0 23 60
K -17 42 125
A D 8 16 0
A P 1 215 0
A P 1 186 0
J B 148 2050 1 82 6913 1152 0
E *
L 905 0 0 330 330 * 0 14 0
J D 0 -119 42 1 6913 0 0
W 0 0 31 Vln 2
J C 4 5 42 2 6913 0 0
K 0 0 33
K 0 0 34
J K 2 57 0 2 6913 0 0
K 0 0 63
K 15 21 63
J D 0 -27 -14 1 6913 0 0
W 0 0 0 \01\03\09
J N 6 133 49 4 1 0 1 92
K -14 0 64
K 0 0 43
K 0 39 110
A D 2 16 0
A P 1 180 0
J N 6 175 28 6 865 288 1 92
K -15 0 65
K 0 0 43
K 0 35 43
K 0 35 59
K 0 28 59
A D 2 16 0
A P 1 197 0
A P 1 169 0
J N 6 207 28 5 1729 288 1 92
K 0 0 43
K 0 35 43
K 0 35 59
K 0 28 59
A D 2 16 0
A P 1 197 0
A P 1 169 0
J N 6 239 28 5 2593 288 1 92
K 0 0 43
K 0 35 43
K 0 35 59
K 0 28 59
A D 2 16 0
A P 1 197 0
A P 1 169 0
H 92 B 61 -1 108 4 2 1 1 3
J N 8 271 28 8 3457 288 0
K 0 0 42
K 0 35 42
K 0 35 59
K 0 28 59
K 0 0 59
K 0 -23 59
K 0 -42 125
A D 8 16 0
A P 1 197 0
A P 1 169 0
J B 140 389 1 82 6913 1152 0
J N 8 427 28 9 1 0 0
K -15 0 65
K 0 0 42
K 0 35 42
K 0 35 59
K 0 28 59
K 0 0 59
K 0 -23 59
K 0 -42 125
A D 8 16 0
A P 1 197 0
A P 1 169 0
J N 8 510 28 8 3457 1152 0
K 0 0 42
K 0 35 42
K 0 35 59
K 0 28 59
K 0 0 59
K 0 -23 59
K 0 -42 125
A D 8 16 0
A P 1 197 0
A P 1 169 0
J B 141 593 1 82 6913 1152 0
J N 8 616 35 8 1 0 0
K 0 0 42
K 0 28 42
K 0 28 59
K 0 -17 59
K 0 0 59
K 0 -16 59
K 0 -35 125
A D 8 16 0
A P 1 192 0
A P 1 169 0
J N 8 720 35 8 3457 1152 0
K 0 0 42
K 0 28 42
K 0 28 59
K 0 -17 59
K 0 0 59
K 0 -16 59
K 0 -35 125
A D 8 16 0
A P 1 192 0
A P 1 169 0
J B 142 838 1 82 6913 1152 0
J N 8 861 35 8 1 0 0
K 0 0 42
K 0 28 42
K 0 28 59
K 0 -17 59
K 0 0 59
K 0 -16 59
K 0 -35 125
A D 8 16 0
A P 1 192 0
A P 1 169 0
J N 8 944 35 8 3457 1152 0
K 0 0 42
K 0 28 42
K 0 28 59
K 0 -17 59
K 0 0 59
K 0 -16 59
K 0 -35 125
A D 8 16 0
A P 1 192 0
A P 1 169 0
J B 143 1025 1 82 6913 1152 0
J N 8 1049 21 11 1 0 0
K -14 0 64
K 0 0 42
K 0 42 42
K 0 75 108
K 0 42 59
K 0 28 59
K 0 -17 59
K 0 0 59
K 0 -16 59
K 0 -35 125
A D 8 16 0
A P 1 203 0
A P 1 169 0
J N 8 1130 21 9 3457 1152 0
K 0 0 42
K 0 42 42
K 0 42 59
K 0 28 59
K 0 -17 59
K 0 0 59
K 0 -16 59
K 0 -35 125
A D 8 16 0
A P 1 203 0
A P 1 169 0
J B 144 1211 1 82 6913 1152 0
J N 8 1234 28 9 1 0 0
K -14 0 64
K 0 0 42
K 0 35 42
K 0 35 59
K 0 28 59
K 0 0 59
K 0 -23 59
K 0 -42 125
A D 8 16 0
A P 1 198 0
A P 1 169 0
J N 8 1315 28 8 3457 1152 0
K 0 0 42
K 0 35 42
K 0 35 59
K 0 28 59
K 0 0 59
K 0 -23 59
K 0 -42 125
A D 8 16 0
A P 1 198 0
A P 1 169 0
J B 145 1396 1 82 6913 1152 0
J N 8 1419 21 11 1 0 0
K -14 0 64
K 0 0 42
K 0 35 42
K 0 71 110
K 0 35 59
K 0 28 59
K 0 -17 59
K 0 0 59
K 0 -16 59
K 0 -35 125
A D 8 16 0
A P 1 203 0
A P 1 175 0
J N 8 1520 21 9 3457 1152 0
K 0 0 42
K 0 35 42
K 0 35 59
K 0 28 59
K 0 -17 59
K 0 0 59
K 0 -16 59
K 0 -35 125
A D 8 16 0
A P 1 203 0
A P 1 175 0
J B 146 1629 1 82 6913 1152 0
J N 8 1652 21 10 1 0 0
K -14 0 64
K 0 0 42
K 0 35 42
K 0 35 59
K 0 28 59
K 0 -17 59
K 0 0 59
K 0 -16 59
K 0 -35 125
A D 8 16 0
A P 1 203 0
A P 1 175 0
J N 8 1730 21 9 3457 1152 0
K 0 0 42
K 0 35 42
K 0 35 59
K 0 28 59
K 0 -17 59
K 0 0 59
K 0 -16 59
K 0 -35 125
A D 8 16 0
A P 1 203 0
A P 1 175 0
J B 147 1811 1 82 6913 1152 0
J N 8 1832 28 8 1 0 0
K 0 0 42
K 0 28 42
K 0 64 110
K 0 28 59
K 0 0 59
K 0 -23 59
K 0 -42 125
A D 8 16 0
A P 1 198 0
A P 1 175 0
J N 8 1933 28 7 3457 1152 0
K 0 0 42
K 0 28 42
K 0 28 59
K 0 0 59
K 0 -23 59
K 0 -42 125
A D 8 16 0
A P 1 198 0
A P 1 175 0
J B 148 2050 1 82 6913 1152 0
E *
L 1030 0 0 330 330 * 0 14 0
J D 0 -86 42 1 6913 0 0
W 0 0 31 Vla
J C 13 5 28 35 6913 0 0
J K 2 57 0 2 6913 0 0
K 0 7 63
K 15 28 63
J D 0 -27 -14 1 6913 0 0
W 0 0 0 \01\03\09
J N 7 133 35 6 1 0 0
K -15 0 65
K 0 0 43
K 0 51 110
K 0 0 59
K 0 -21 59
A D 4 16 0
A P 3 157 0
J R 6 207 28 2 1729 576 0
K 0 0 49
A D 2 16 0
A P 3 0 0
J N 6 239 21 3 2593 288 0
K 0 0 43
K 0 0 54
A D 2 16 0
A P 3 169 0
J N 7 271 21 9 3457 288 1 37
K 0 0 43
K 25 0 44
K 0 -31 236
K 0 -59 219
K 0 70 111
K 12 70 110
K 0 0 60
K 0 21 60
A D 6 16 0
A P 3 169 0
J N 5 329 28 3 6049 864 1 38
K -18 0 63
K 0 0 43
A D 1 16 0
A P 3 164 0
J N 5 357 21 2 6481 144 2 38 37
K 0 0 43
A D 1 16 0
A P 3 169 0
H 38 B -46 -4 108 2 22 33
H 37 S 0 0 0 0 0 0 0 0 0
J B 140 389 1 82 6913 144 0
J N 7 427 7 6 1 0 0
K -14 0 64
K 0 0 43
K 0 -17 96
K 0 0 60
K 0 21 60
A D 4 16 0
A P 3 180 0
J N 7 467 35 6 1729 576 0
K -15 0 65
K 0 0 43
K 0 14 96
K 0 0 59
K 0 -21 59
A D 4 16 0
A P 3 157 0
J R 8 510 28 2 3457 576 0
K 0 0 47
A D 8 16 0
A P 3 0 0
J B 141 593 1 82 6913 1152 0
J N 7 616 42 4 1 0 0
K 0 0 43
K 0 0 59
K 0 -21 59
A D 4 16 0
A P 3 152 0
J R 6 656 28 2 1729 576 0
K 0 0 49
A D 2 16 0
A P 3 0 0
J N 6 688 21 3 2593 288 0
K 0 0 43
K 0 0 54
A D 2 16 0
A P 3 169 0
J N 7 720 21 9 3457 288 1 39
K 0 0 43
K 25 0 44
K 0 -31 236
K 0 -59 218
K 0 70 111
K 12 70 110
K 0 0 60
K 0 21 60
A D 6 16 0
A P 3 169 0
J N 5 778 28 3 6049 864 1 40
K -18 0 63
K 0 0 43
A D 1 16 0
A P 3 164 0
J N 5 806 21 2 6481 144 2 40 39
K 0 0 43
A D 1 16 0
A P 3 169 0
H 40 B -46 -4 108 2 22 33
H 39 S 0 0 0 0 0 0 0 0 0
J B 142 838 1 82 6913 144 0
J N 7 861 7 6 1 0 0
K -14 0 64
K 0 0 43
K 0 -17 96
K 0 0 60
K 0 21 60
A D 4 16 0
A P 3 180 0
J N 7 901 42 5 1729 576 0
K 0 0 43
K 0 21 96
K 0 0 59
K 0 -21 59
A D 4 16 0
A P 3 152 0
J R 8 944 28 2 3457 576 0
K 0 0 47
A D 8 16 0
A P 3 0 0
J B 143 1025 1 82 6913 1152 0
J N 7 1049 42 6 1 0 0
K -15 0 65
K 0 0 43
K 0 37 108
K 0 0 59
K 0 -21 59
A D 4 16 0
A P 3 151 0
J R 7 1088 28 2 1729 576 0
K 0 0 48
A D 4 16 1
A P 3 0 1
J R 8 1130 28 2 3457 576 0
K 0 0 47
A D 8 16 0
A P 3 0 0
J B 144 1211 1 82 6913 1152 0
J N 7 1234 49 4 1 0 0
K 0 0 43
K 0 0 59
K 0 -21 59
A D 4 16 0
A P 3 146 0
J R 7 1273 28 2 1729 576 0
K 0 0 48
A D 4 16 1
A P 3 0 1
J R 8 1315 28 2 3457 576 0
K 0 0 47
A D 8 16 0
A P 3 0 0
J B 145 1396 1 82 6913 1152 0
J N 7 1419 28 6 1 0 0
K -14 0 64
K 0 0 43
K 0 68 110
K 0 0 60
K 0 21 60
A D 4 16 0
A P 3 163 0
J R 6 1458 28 2 1729 576 0
K 0 0 49
A D 2 16 0
A P 3 0 0
J N 6 1489 14 3 2593 288 0
K 0 0 43
K 0 0 54
A D 2 16 0
A P 3 175 0
J N 7 1520 14 9 3457 288 1 41
K 0 0 43
K 24 -6 44
K 0 -24 236
K 0 -52 218
K 0 71 111
K 12 71 110
K 0 0 60
K 0 21 60
A D 6 16 0
A P 3 175 0
J N 5 1569 21 2 6049 864 1 42
K 0 0 43
A D 1 16 0
A P 3 169 0
J N 5 1597 14 2 6481 144 2 42 41
K 0 0 43
A D 1 16 0
A P 3 175 0
H 42 B -53 -4 108 2 22 33
H 41 S 0 0 0 0 0 0 0 0 0
J B 146 1629 1 82 6913 144 0
J N 7 1652 0 5 1 0 0
K 0 0 43
K 0 -17 96
K 0 0 60
K 0 21 60
A D 4 16 0
A P 3 186 0
J N 7 1691 28 6 1729 576 0
K -14 0 64
K 0 0 43
K 0 -21 96
K 0 0 60
K 0 21 60
A D 4 16 0
A P 3 163 0
J R 8 1730 28 2 3457 576 0
K 0 0 47
A D 8 16 0
A P 3 0 0
J B 147 1811 1 82 6913 1152 0
J N 7 1832 35 5 1 0 0
K 0 0 43
K 0 51 110
K 0 0 59
K 0 -21 59
A D 4 16 0
A P 3 158 0
J R 6 1871 28 2 1729 576 0
K 0 0 49
A D 2 16 0
A P 3 0 0
J N 6 1902 14 3 2593 288 0
K 0 0 43
K 0 0 54
A D 2 16 0
A P 3 175 0
J N 7 1933 14 9 3457 288 1 43
K 0 0 43
K 24 -6 44
K 0 -24 236
K 0 -52 213
K 0 71 111
K 12 71 110
K 0 0 60
K 0 21 60
A D 6 16 0
A P 3 175 0
J N 5 1990 21 3 6049 864 1 44
K -18 0 63
K 0 0 43
A D 1 16 0
A P 3 170 0
J N 5 2018 14 2 6481 144 2 44 43
K 0 0 43
A D 1 16 0
A P 3 175 0
H 44 B -53 -4 108 2 22 33
H 43 S 0 0 0 0 0 0 0 0 0
J B 148 2050 1 82 6913 144 0
E *
L 1155 0 0 330 330 * 0 14 0
J D 0 -140 42 1 6913 0 0
W 0 0 31 Vc+Cb
J C 22 5 14 36 6913 0 0
J K 2 57 0 2 6913 0 0
K 0 14 63
K 15 35 63
J D 0 -27 -14 1 6913 0 0
W 0 0 0 \01\03\09
J D 0 119 0 1 1 0 0
W 0 -21 32 Bassi
J N 7 133 42 6 1 0 0
K -15 0 65
K 0 0 43
K 0 44 110
K 0 0 59
K 0 -21 59
A D 4 16 0
A P 3 117 0
J R 6 207 28 2 1729 576 0
K 0 0 49
A D 2 16 0
A P 3 0 0
J N 6 239 28 3 2593 288 0
K 0 0 43
K 0 0 54
A D 2 16 0
A P 3 129 0
J N 7 271 28 9 3457 288 1 30
K 0 0 43
K 24 -6 44
K 0 -38 236
K 0 -66 219
K 0 68 111
K 12 68 110
K 0 0 60
K 0 21 60
A D 6 16 0
A P 3 129 0
J N 5 329 35 3 6049 864 1 31
K -18 0 63
K 0 0 43
A D 1 16 0
A P 3 124 0
J N 5 357 28 2 6481 144 2 31 30
K 0 0 43
A D 1 16 0
A P 3 129 0
H 31 B 50 -4 108 2 22 33
H 30 S 0 0 -7 6 -54 0 0 0 0
J B 140 389 1 82 6913 144 0
J N 7 427 14 6 1 0 0
K -14 0 64
K 0 0 43
K 0 -21 96
K 0 0 60
K 0 21 60
A D 4 16 0
A P 3 140 0
J N 7 467 42 6 1729 576 0
K -15 0 65
K 0 0 43
K 0 21 96
K 0 0 59
K 0 -21 59
A D 4 16 0
A P 3 117 0
J R 8 510 28 2 3457 576 0
K 0 0 47
A D 8 16 0
A P 3 0 0
J B 141 593 1 82 6913 1152 0
J N 7 616 49 4 1 0 0
K 0 0 43
K 0 0 59
K 0 -21 59
A D 4 16 0
A P 3 112 0
J R 6 656 28 2 1729 576 0
K 0 0 49
A D 2 16 0
A P 3 0 0
J N 6 688 28 3 2593 288 0
K 0 0 43
K 0 0 54
A D 2 16 0
A P 3 129 0
J N 7 720 28 9 3457 288 1 32
K 0 0 43
K 24 -6 44
K 0 -38 236
K 0 -66 218
K 0 68 111
K 12 68 110
K 0 0 60
K 0 21 60
A D 6 16 0
A P 3 129 0
J N 5 778 35 3 6049 864 1 33
K -18 0 63
K 0 0 43
A D 1 16 0
A P 3 124 0
J N 5 806 28 2 6481 144 2 33 32
K 0 0 43
A D 1 16 0
A P 3 129 0
H 33 B 50 -4 108 2 22 33
H 32 S 0 0 -7 6 -54 0 0 0 0
J B 142 838 1 82 6913 144 0
J N 7 861 14 6 1 0 0
K -14 0 64
K 0 0 43
K 0 -21 96
K 0 0 60
K 0 21 60
A D 4 16 0
A P 3 140 0
J N 7 901 49 5 1729 576 0
K 0 0 43
K 0 17 96
K 0 0 59
K 0 -21 59
A D 4 16 0
A P 3 112 0
J R 8 944 28 2 3457 576 0
K 0 0 47
A D 8 16 0
A P 3 0 0
J B 143 1025 1 82 6913 1152 0
J N 7 1049 49 6 1 0 0
K -15 0 65
K 0 0 43
K 0 32 108
K 0 0 59
K 0 -21 59
A D 4 16 0
A P 3 111 0
J R 7 1088 28 2 1729 576 0
K 0 0 48
A D 4 16 1
A P 3 0 1
J R 8 1130 28 2 3457 576 0
K 0 0 47
A D 8 16 0
A P 3 0 0
J B 144 1211 1 82 6913 1152 0
J N 7 1234 56 4 1 0 0
K 0 0 43
K 0 0 59
K 0 -21 59
A D 4 16 0
A P 3 106 0
J R 7 1273 28 2 1729 576 0
K 0 0 48
A D 4 16 1
A P 3 0 1
J R 8 1315 28 2 3457 576 0
K 0 0 47
A D 8 16 0
A P 3 0 0
J B 145 1396 1 82 6913 1152 0
J N 7 1419 35 6 1 0 0
K -14 0 64
K 0 0 43
K 0 51 110
K 0 0 59
K 0 -21 59
A D 4 16 0
A P 3 123 0
J R 6 1458 28 2 1729 576 0
K 0 0 49
A D 2 16 0
A P 3 0 0
J N 6 1489 21 3 2593 288 0
K 0 0 43
K 0 0 54
A D 2 16 0
A P 3 135 0
J N 7 1520 21 9 3457 288 1 34
K 0 0 43
K 25 0 44
K 0 -31 236
K 0 -59 218
K 0 70 111
K 12 70 110
K 0 0 60
K 0 21 60
A D 6 16 0
A P 3 135 0
J N 5 1569 28 2 6049 864 1 35
K 0 0 43
A D 1 16 0
A P 3 129 0
J N 5 1597 21 2 6481 144 2 35 34
K 0 0 43
A D 1 16 0
A P 3 135 0
H 35 B -46 -4 108 2 22 33
H 34 S 0 0 0 0 0 0 0 0 0
J B 146 1629 1 82 6913 144 0
J N 7 1652 7 5 1 0 0
K 0 0 43
K 0 -17 96
K 0 0 60
K 0 21 60
A D 4 16 0
A P 3 146 0
J N 7 1691 35 6 1729 576 0
K -14 0 64
K 0 0 43
K 0 14 96
K 0 0 59
K 0 -21 59
A D 4 16 0
A P 3 123 0
J R 8 1730 28 2 3457 576 0
K 0 0 47
A D 8 16 0
A P 3 0 0
J B 147 1811 1 82 6913 1152 0
J N 7 1832 42 5 1 0 0
K 0 0 43
K 0 44 110
K 0 0 59
K 0 -21 59
A D 4 16 0
A P 3 118 0
J R 6 1871 28 2 1729 576 0
K 0 0 49
A D 2 16 0
A P 3 0 0
J N 6 1902 21 3 2593 288 0
K 0 0 43
K 0 0 54
A D 2 16 0
A P 3 135 0
J N 7 1933 21 9 3457 288 1 36
K 0 0 43
K 25 0 44
K 0 -31 236
K 0 -59 213
K 0 70 111
K 12 70 110
K 0 0 60
K 0 21 60
A D 6 16 0
A P 3 135 0
J N 5 1990 28 3 6049 864 1 37
K -18 0 63
K 0 0 43
A D 1 16 0
A P 3 130 0
J N 5 2018 21 2 6481 144 2 37 36
K 0 0 43
A D 1 16 0
A P 3 135 0
H 37 B -46 -4 108 2 22 33
H 36 S 0 0 0 0 0 0 0 0 0
J B 148 2050 1 82 6913 144 0
E *
B 1 389 0
B 1 593 0
B 1 838 0
B 1 1025 0
B 1 1211 0
B 1 1396 0
B 1 1629 0
B 1 1811 0
B 1 2050 0
S 0 200 1645 2050 826 7 "[(...)][({..}..)]"
L 0 0 0 330 330 * 0 14 0
J D 0 -108 42 1 6913 0 0
W 0 0 31 Fl 1-2
J C 4 5 42 2 6913 0 0
K 0 0 33
K 0 0 34
J K 2 57 0 2 6913 0 0
K 0 0 63
K 15 21 63
J D 0 -27 -14 1 6913 0 0
W 0 0 37 \01\04\08
J N 7 130 -21 9 1 0 0
K 0 7 45
K 0 0 43
K 0 7 45
K 1 7 45
K 0 -17 96
K 0 107 110
K 0 0 60
K 0 21 60
A D 4 16 0
A P 1 238 0
J N 7 180 -42 11 1729 576 0
K 0 28 45
K 0 14 45
K 0 0 45
K 0 0 43
K -1 0 45
K 2 0 45
K 0 -17 96
K 0 0 60
K 0 28 60
K 0 42 60
A D 4 16 0
A P 1 255 0
J N 7 230 -56 12 3457 576 0
K 0 42 45
K 0 28 45
K 0 14 45
K 0 0 45
K 0 0 43
K -1 0 45
K 2 0 45
K 0 -17 96
K 0 0 60
K 0 28 60
K 0 56 60
A D 4 16 0
A P 1 266 0
J N 7 280 -21 8 5185 576 0
K 0 7 45
K 0 0 43
K 0 7 45
K 1 7 45
K 0 -17 96
K 0 0 60
K 0 21 60
A D 4 16 0
A P 1 238 0
J B 149 330 1 82 6913 576 0
J R 8 354 28 2 1 0 0
K 0 0 47
A D 8 16 1
A P 1 0 1
J R 7 454 28 2 3457 1152 0
K 0 0 48
A D 4 16 0
A P 1 0 0
J N 7 504 -42 12 5185 576 0
K 0 28 45
K 0 14 45
K 0 0 45
K 0 0 43
K -1 0 45
K 2 0 45
K 0 -17 96
K 0 120 108
K 0 0 60
K 0 28 60
K 0 42 60
A D 4 16 0
A P 1 255 0
J B 150 554 1 82 6913 576 0
J N 7 581 -56 12 1 0 0
K 0 42 45
K 0 28 45
K 0 14 45
K 0 0 45
K 0 0 43
K -1 0 45
K 2 0 45
K 0 -17 96
K 0 0 60
K 0 28 60
K 0 56 60
A D 4 16 0
A P 1 266 0
J N 7 631 -14 8 1729 576 0
K 0 0 45
K 0 0 43
K -1 0 45
K 2 0 45
K 0 -17 96
K 0 0 60
K 0 21 60
A D 4 16 0
A P 1 232 0
J R 7 681 28 2 3457 576 0
K 0 0 48
A D 4 16 0
A P 1 0 0
J N 7 731 -14 8 5185 576 0
K 0 0 45
K 0 0 43
K -1 0 45
K 2 0 45
K 0 -17 96
K 0 0 60
K 0 21 60
A D 4 16 0
A P 1 232 0
J B 151 781 1 82 6913 576 0
J D 0 791 0 1 1 0 0
W 0 91 36 cresc.
J N 7 802 -35 10 1 0 0
K 0 21 45
K 0 7 45
K 0 0 43
K 0 7 45
K 1 7 45
K 0 -17 96
K 0 0 60
K 0 28 60
K 0 35 60
A D 4 16 0
A P 1 249 0
J N 7 870 14 5 1729 576 0
K 0 0 43
K 0 -21 96
K 0 0 60
K 0 21 60
A D 4 16 0
A P 1 209 0
J R 7 938 28 2 3457 576 0
K 0 0 48
A D 4 16 0
A P 1 0 0
J N 7 988 -35 10 5185 576 0
K 0 21 45
K 0 7 45
K 0 0 43
K 0 7 45
K 1 7 45
K 0 -17 96
K 0 0 60
K 0 28 60
K 0 35 60
A D 4 16 0
A P 1 249 0
J B 152 1038 1 82 6913 576 0
J N 7 1065 -35 11 1 0 0
K 0 21 45
K 0 7 45
K -18 0 63
K 0 0 43
K 0 7 45
K 1 7 45
K 0 -17 96
K 0 0 60
K 0 28 60
K 0 35 60
A D 4 16 0
A P 1 250 0
J N 7 1114 -21 8 1729 576 0
K 0 7 45
K 0 0 43
K 0 7 45
K 1 7 45
K 0 -17 96
K 0 0 60
K 0 21 60
A D 4 16 0
A P 1 238 0
J R 7 1163 28 2 3457 576 0
K 0 0 48
A D 4 16 0
A P 1 0 0
J N 7 1212 -35 10 5185 576 0
K 0 21 45
K 0 7 45
K 0 0 43
K 0 7 45
K 1 7 45
K 0 -17 96
K 0 0 60
K 0 28 60
K 0 35 60
A D 4 16 0
A P 1 250 0
J B 153 1261 1 82 6913 576 0
J N 7 1282 -42 11 1 0 0
K 0 28 45
K 0 14 45
K 0 0 45
K 0 0 43
K -1 0 45
K 2 0 45
K 0 -17 96
K 0 0 60
K 0 28 60
K 0 42 60
A D 4 16 0
A P 1 255 0
J N 7 1348 7 5 1729 576 0
K 0 0 43
K 0 -17 96
K 0 0 60
K 0 21 60
A D 4 16 0
A P 1 215 0
J R 7 1414 28 2 3457 576 0
K 0 0 48
A D 4 16 0
A P 1 0 0
J N 7 1463 -21 8 5185 576 0
K 0 7 45
K 0 0 43
K 0 7 45
K 1 7 45
K 0 -17 96
K 0 0 60
K 0 21 60
A D 4 16 0
A P 1 238 0
J B 154 1512 1 82 6913 576 0
J N 7 1539 -35 10 1 0 0
K 0 21 45
K 0 7 45
K 0 0 43
K 0 7 45
K 1 7 45
K 0 -17 96
K 0 0 60
K 0 28 60
K 0 35 60
A D 4 16 0
A P 1 249 0
J N 7 1588 -21 8 1729 576 0
K 0 7 45
K 0 0 43
K 0 7 45
K 1 7 45
K 0 -17 96
K 0 0 60
K 0 21 60
A D 4 16 0
A P 1 238 0
J R 7 1637 28 2 3457 576 0
K 0 0 48
A D 4 16 0
A P 1 0 0
J N 7 1686 -21 8 5185 576 0
K 0 7 45
K 0 0 43
K 0 7 45
K 1 7 45
K 0 -17 96
K 0 0 60
K 0 21 60
A D 4 16 0
A P 1 238 0
J B 155 1735 1 82 6913 576 0
J N 7 1756 -14 8 1 0 0
K 0 0 45
K 0 0 43
K -1 0 45
K 2 0 45
K 0 -17 96
K 0 0 60
K 0 21 60
A D 4 16 0
A P 1 232 0
J N 7 1836 -28 9 1729 576 0
K 0 14 45
K 0 0 45
K 0 0 43
K -1 0 45
K 2 0 45
K 0 -17 96
K 0 0 60
K 0 28 60
A D 4 16 0
A P 1 244 0
J R 7 1902 28 2 3457 576 0
K 0 0 48
A D 4 16 0
A P 1 0 0
J N 7 1982 -28 9 5185 576 0
K 0 14 45
K 0 0 45
K 0 0 43
K -1 0 45
K 2 0 45
K 0 -17 96
K 0 0 60
K 0 28 60
A D 4 16 0
A P 1 244 0
J B 156 2050 1 82 6913 576 0
E *
L 125 0 0 330 330 * 0 14 0
J D 0 -119 42 1 6913 0 0
W 0 0 31 Ob 1-2
J C 4 5 42 2 6913 0 0
K 0 0 33
K 0 0 34
J K 2 57 0 2 6913 0 0
K 0 0 63
K 15 21 63
J D 0 -27 -14 1 6913 0 0
W 0 0 0 \01\04\08
J N 7 130 28 6 1 0 0
K 0 0 43
K 0 -21 96
K 0 68 110
K 0 0 60
K 0 21 60
A D 4 16 0
A P 1 198 0
J N 7 180 7 5 1729 576 0
K 0 0 43
K 0 -17 96
K 0 0 60
K 0 21 60
A D 4 16 0
A P 1 215 0
J N 7 230 -7 5 3457 576 0
K 0 0 43
K 0 -17 96
K 0 0 60
K 0 21 60
A D 4 16 0
A P 1 226 0
J N 7 280 28 5 5185 576 0
K 0 0 43
K 0 -21 96
K 0 0 60
K 0 21 60
A D 4 16 0
A P 1 198 0
J B 149 330 1 82 6913 576 0
J R 7 354 28 2 1 0 0
K 0 0 48
A D 4 16 0
A P 1 0 0
J N 7 404 7 6 1729 576 0
K 0 0 43
K 0 -17 96
K 0 74 108
K 0 0 60
K 0 21 60
A D 4 16 0
A P 1 215 0
J N 7 454 -7 5 3457 576 0
K 0 0 43
K 0 -17 96
K 0 0 60
K 0 21 60
A D 4 16 0
A P 1 226 0
J N 7 504 28 6 5185 576 0
K -15 0 65
K 0 0 43
K 0 -21 96
K 0 0 60
K 0 21 60
A D 4 16 0
A P 1 197 0
J B 150 554 1 82 6913 576 0
J R 7 581 28 2 1 0 0
K 0 0 48
A D 4 16 0
A P 1 0 0
J N 7 631 7 5 1729 576 0
K 0 0 43
K 0 -17 96
K 0 0 60
K 0 21 60
A D 4 16 0
A P 1 215 0
J N 7 681 -7 5 3457 576 0
K 0 0 43
K 0 -17 96
K 0 0 60
K 0 21 60
A D 4 16 0
A P 1 226 0
J N 7 731 35 5 5185 576 0
K 0 0 43
K 0 14 96
K 0 0 59
K 0 -21 59
A D 4 16 0
A P 1 192 0
J B 151 781 1 82 6913 576 0
J R 7 802 28 2 1 0 0
K 0 0 48
A D 4 16 0
A P 1 0 0
J D 0 870 0 1 1729 576 0
W 0 88 36 cresc.
J N 7 870 14 5 1729 0 0
K 0 0 43
K 0 -21 96
K 0 0 60
K 0 21 60
A D 4 16 0
A P 1 209 0
J N 7 938 0 6 3457 576 0
K -14 0 64
K 0 0 43
K 0 -17 96
K 0 0 60
K 0 21 60
A D 4 16 0
A P 1 220 0
J N 7 988 35 4 5185 576 0
K 0 0 43
K 0 0 59
K 0 -21 59
A D 4 16 0
A P 1 192 0
J B 152 1038 1 82 6913 576 0
J R 7 1065 28 2 1 0 0
K 0 0 48
A D 4 16 0
A P 1 0 0
J N 7 1114 14 6 1729 576 0
K -18 0 63
K 0 0 43
K 0 -21 96
K 0 0 60
K 0 21 60
A D 4 16 0
A P 1 210 0
J N 7 1163 0 5 3457 576 0
K 0 0 43
K 0 -17 96
K 0 0 60
K 0 21 60
A D 4 16 0
A P 1 221 0
J N 7 1212 28 5 5185 576 0
K 0 0 43
K 0 -21 96
K 0 0 60
K 0 21 60
A D 4 16 0
A P 1 198 0
J B 153 1261 1 82 6913 576 0
J R 7 1282 28 2 1 0 0
K 0 0 48
A D 4 16 0
A P 1 0 0
J N 7 1348 7 5 1729 576 0
K 0 0 43
K 0 -17 96
K 0 0 60
K 0 21 60
A D 4 16 0
A P 1 215 0
J N 7 1414 -7 5 3457 576 0
K 0 0 43
K 0 -17 96
K 0 0 60
K 0 21 60
A D 4 16 0
A P 1 226 0
J N 7 1463 28 5 5185 576 0
K 0 0 43
K 0 -21 96
K 0 0 60
K 0 21 60
A D 4 16 0
A P 1 198 0
J B 154 1512 1 82 6913 576 0
J R 7 1539 28 2 1 0 0
K 0 0 48
A D 4 16 0
A P 1 0 0
J N 7 1588 28 5 1729 576 0
K 0 0 43
K 0 -21 96
K 0 0 60
K 0 21 60
A D 4 16 0
A P 1 198 0
J N 7 1637 21 6 3457 576 0
K -18 0 63
K 0 0 43
K 0 -14 96
K 0 0 60
K 0 21 60
A D 4 16 0
A P 1 204 0
J N 7 1686 28 5 5185 576 0
K 0 0 43
K 0 -21 96
K 0 0 60
K 0 21 60
A D 4 16 0
A P 1 198 0
J B 155 1735 1 82 6913 576 0
J R 7 1756 28 2 1 0 0
K 0 0 48
A D 4 16 0
A P 1 0 0
J N 7 1836 35 5 1729 576 0
K 0 0 43
K 0 14 96
K 0 0 59
K 0 -21 59
A D 4 16 0
A P 1 192 0
J N 7 1902 21 5 3457 576 0
K 0 0 43
K 0 -14 96
K 0 0 60
K 0 21 60
A D 4 16 0
A P 1 204 0
J N 7 1982 35 5 5185 576 0
K 0 0 43
K 0 14 96
K 0 0 59
K 0 -21 59
A D 4 16 0
A P 1 192 0
J B 156 2050 1 82 6913 576 0
E *
L 250 0 0 330 330 * 0 14 0
J D 0 -130 42 1 6913 0 0
W 0 0 31 Fag 1-2
J C 22 5 14 36 6913 0 0
J K 2 57 0 2 6913 0 0
K 0 14 63
K 15 35 63
J D 0 -27 -14 1 6913 0 0
W 0 0 0 \01\04\08
J N 7 130 -7 6 1 0 0
K 0 0 43
K 7 -52 96
K -12 -46 110
K 0 0 59
K 0 -14 59
A D 4 16 0
A P 1 158 0
J N 7 130 7 5 1 0 0
K 0 0 43
K -7 59 96
K 0 0 60
K 0 21 60
A D 4 16 0
A P 2 146 0
J N 7 180 -28 9 1729 576 0
K 1 14 45
K 1 0 45
K 0 0 43
K -1 0 45
K 2 0 45
K 7 -45 96
K 0 0 59
K 0 -7 59
A D 4 16 0
A P 1 175 0
J N 7 180 42 5 1729 0 0
K 0 0 43
K -7 52 96
K 0 0 60
K 0 14 60
A D 4 16 0
A P 2 118 0
J N 7 230 -42 10 3457 576 0
K 1 28 45
K 1 14 45
K 1 0 45
K 0 0 43
K -1 0 45
K 2 0 45
K 7 -45 96
K 0 0 59
K 0 -7 59
A D 4 16 0
A P 1 186 0
J R 8 230 56 2 3457 0 0
K 0 0 47
A D 8 16 0
A P 2 0 0
J N 7 280 -7 5 5185 576 0
K 0 0 43
K 7 -52 96
K 0 0 59
K 0 -14 59
A D 4 16 0
A P 1 158 0
J B 149 330 1 82 6913 576 0
J R 7 354 -7 2 1 0 0
K 0 0 48
A D 4 16 0
A P 1 0 0
J N 7 354 42 6 1 0 0
K -15 0 65
K 0 0 43
K 0 60 108
K 0 0 60
K 0 14 60
A D 4 16 0
A P 2 117 0
J N 7 404 -28 10 1729 576 0
K 1 14 45
K 1 0 45
K 0 0 43
K -1 0 45
K 2 0 45
K 7 -45 96
K -21 -18 108
K 0 0 59
K 0 -7 59
A D 4 16 0
A P 1 175 0
J R 7 404 56 2 1729 0 0
K 0 0 48
A D 4 16 1
A P 2 0 1
J N 7 454 -42 10 3457 576 0
K 1 28 45
K 1 14 45
K 1 0 45
K 0 0 43
K -1 0 45
K 2 0 45
K 7 -45 96
K 0 0 59
K 0 -7 59
A D 4 16 0
A P 1 186 0
J R 8 454 56 2 3457 0 0
K 0 0 47
A D 8 16 0
A P 2 0 0
J N 7 504 -7 6 5185 576 0
K -15 0 65
K 0 0 43
K 7 -52 96
K 0 0 59
K 0 -14 59
A D 4 16 0
A P 1 157 0
J B 150 554 1 82 6913 576 0
J R 7 581 -7 2 1 0 0
K 0 0 48
A D 4 16 0
A P 1 0 0
J N 7 581 49 4 1 0 0
K 0 0 43
K 0 0 60
K 0 14 60
A D 4 16 0
A P 2 112 0
J N 7 631 -28 9 1729 576 0
K 1 14 45
K 1 0 45
K 0 0 43
K -1 0 45
K 2 0 45
K 7 -45 96
K 0 0 59
K 0 -7 59
A D 4 16 0
A P 1 175 0
J R 7 631 56 2 1729 0 0
K 0 0 48
A D 4 16 1
A P 2 0 1
J N 7 681 -42 10 3457 576 0
K 1 28 45
K 1 14 45
K 1 0 45
K 0 0 43
K -1 0 45
K 2 0 45
K 7 -45 96
K 0 0 59
K 0 -7 59
A D 4 16 0
A P 1 186 0
J R 8 681 56 2 3457 0 0
K 0 0 47
A D 8 16 0
A P 2 0 0
J N 7 731 0 5 5185 576 0
K 0 0 43
K 7 -52 96
K 0 0 59
K 0 -14 59
A D 4 16 0
A P 1 152 0
J B 151 781 1 82 6913 576 0
J D 0 802 0 1 1 0 0
W 0 96 36 cresc.
J R 7 802 -14 2 1 0 0
K 0 0 48
A D 4 16 0
A P 1 0 0
J N 7 802 28 4 1 0 0
K 0 0 43
K 0 0 60
K 0 21 60
A D 4 16 0
A P 2 129 0
J D 0 856 0 1 1729 576 0
W 0 -81 36 cresc.
J N 7 870 -21 8 1729 0 0
K 1 7 45
K 0 0 43
K 0 7 45
K 1 7 45
K 7 -45 96
K 0 0 59
K 0 -7 59
A D 4 16 0
A P 1 169 0
J R 7 870 56 2 1729 0 0
K 0 0 48
A D 4 16 1
A P 2 0 1
J N 7 938 -35 10 3457 576 0
K 1 21 45
K 1 7 45
K -14 0 64
K 0 0 43
K 0 7 45
K 1 7 45
K 7 -45 96
K 0 0 59
K 0 -7 59
A D 4 16 0
A P 1 180 0
J R 8 938 56 2 3457 0 0
K 0 0 47
A D 8 16 0
A P 2 0 0
J N 7 988 0 5 5185 576 0
K 0 0 43
K 7 -52 96
K 0 0 59
K 0 -14 59
A D 4 16 0
A P 1 152 0
J B 152 1038 1 82 6913 576 0
J R 7 1065 -14 2 1 0 0
K 0 0 48
A D 4 16 0
A P 1 0 0
J N 7 1065 42 5 1 0 0
K -14 0 64
K 0 0 43
K 0 0 60
K 0 14 60
A D 4 16 0
A P 2 118 0
J N 7 1114 -21 9 1729 576 0
K 1 7 45
K -18 0 63
K 0 0 43
K 0 7 45
K 1 7 45
K 7 -45 96
K 0 0 59
K 0 -7 59
A D 4 16 0
A P 1 170 0
J R 7 1114 56 2 1729 0 0
K 0 0 48
A D 4 16 1
A P 2 0 1
J N 7 1163 -35 10 3457 576 0
K 1 21 45
K 1 7 45
K -18 0 63
K 0 0 43
K 0 7 45
K 1 7 45
K 7 -45 96
K 0 0 59
K 0 -7 59
A D 4 16 0
A P 1 181 0
J R 8 1163 56 2 3457 0 0
K 0 0 47
A D 8 16 0
A P 2 0 0
J N 7 1212 -7 5 5185 576 0
K 0 0 43
K 7 -52 96
K 0 0 59
K 0 -14 59
A D 4 16 0
A P 1 158 0
J B 153 1261 1 82 6913 576 0
J R 7 1282 -14 2 1 0 0
K 0 0 48
A D 4 16 0
A P 1 0 0
J N 7 1282 21 4 1 0 0
K 0 0 43
K 0 0 60
K 0 21 60
A D 4 16 0
A P 2 135 0
J N 7 1348 -28 9 1729 576 0
K 1 14 45
K 1 0 45
K 0 0 43
K -1 0 45
K 2 0 45
K 7 -45 96
K 0 0 59
K 0 -7 59
A D 4 16 0
A P 1 175 0
J R 7 1348 56 2 1729 0 0
K 0 0 48
A D 4 16 1
A P 2 0 1
J N 7 1414 -42 10 3457 576 0
K 1 28 45
K 1 14 45
K 1 0 45
K 0 0 43
K -1 0 45
K 2 0 45
K 7 -45 96
K 0 0 59
K 0 -7 59
A D 4 16 0
A P 1 186 0
J R 8 1414 56 2 3457 0 0
K 0 0 47
A D 8 16 0
A P 2 0 0
J N 7 1463 -7 5 5185 576 0
K 0 0 43
K 7 -52 96
K 0 0 59
K 0 -14 59
A D 4 16 0
A P 1 158 0
J B 154 1512 1 82 6913 576 0
J R 7 1539 -14 2 1 0 0
K 0 0 48
A D 4 16 0
A P 1 0 0
J N 7 1539 35 5 1 0 0
K -18 0 63
K 0 0 43
K 0 0 60
K 0 14 60
A D 4 16 0
A P 2 124 0
J N 7 1588 -7 5 1729 576 0
K 0 0 43
K 7 -52 96
K 0 0 59
K 0 -14 59
A D 4 16 0
A P 1 158 0
J R 7 1588 56 2 1729 0 0
K 0 0 48
A D 4 16 1
A P 2 0 1
J N 7 1637 -14 8 3457 576 0
K 1 0 45
K 0 0 43
K -1 0 45
K 2 0 45
K 7 -45 96
K 0 0 59
K 0 -7 59
A D 4 16 0
A P 1 164 0
J R 8 1637 56 2 3457 0 0
K 0 0 47
A D 8 16 0
A P 2 0 0
J N 7 1686 -7 5 5185 576 0
K 0 0 43
K 7 -52 96
K 0 0 59
K 0 -14 59
A D 4 16 0
A P 1 158 0
J B 155 1735 1 82 6913 576 0
J R 7 1756 -21 2 1 0 0
K 0 0 48
A D 4 16 0
A P 1 0 0
J N 7 1756 14 4 1 0 0
K 0 0 43
K 0 0 60
K 0 21 60
A D 4 16 0
A P 2 141 0
J N 7 1836 0 5 1729 576 0
K 0 0 43
K 7 -52 96
K 0 0 59
K 0 -14 59
A D 4 16 0
A P 1 152 0
J R 7 1836 56 2 1729 0 0
K 0 0 48
A D 4 16 1
A P 2 0 1
J N 7 1902 -14 8 3457 576 0
K 1 0 45
K 0 0 43
K -1 0 45
K 2 0 45
K 7 -45 96
K 0 0 59
K 0 -7 59
A D 4 16 0
A P 1 164 0
J R 8 1902 56 2 3457 0 0
K 0 0 47
A D 8 16 0
A P 2 0 0
J N 7 1982 0 5 5185 576 0
K 0 0 43
K 7 -52 96
K 0 0 59
K 0 -14 59
A D 4 16 0
A P 1 152 0
J B 156 2050 1 82 6913 576 0
E *
L 390 0 0 330 330 * 0 14 0
J D 0 -119 42 1 6913 0 0
W 0 0 31 Vln 1
J C 4 5 42 2 6913 0 0
K 0 0 33
K 0 0 34
J K 2 57 0 2 6913 0 0
K 0 0 63
K 15 21 63
J D 0 -27 -14 1 6913 0 0
W 0 0 0 \01\04\08
J N 8 130 42 8 1 0 0
K 0 -35 42
K 0 0 42
K 0 -35 60
K 0 -28 60
K 0 0 60
K 0 23 60
K -17 42 125
A D 8 16 0
A P 1 215 0
A P 1 186 0
J N 8 230 42 8 3457 1152 0
K 0 -35 42
K 0 0 42
K 0 -35 60
K 0 -28 60
K 0 0 60
K 0 23 60
K -17 42 125
A D 8 16 0
A P 1 215 0
A P 1 186 0
J B 149 330 1 82 6913 1152 0
J N 8 354 7 7 1 0 0
K 0 0 42
K 0 78 108
K 0 17 60
K 0 0 60
K 0 16 60
K -17 35 125
A D 8 16 0
A P 1 215 0
J N 8 454 7 6 3457 1152 0
K 0 0 42
K 0 17 60
K 0 0 60
K 0 16 60
K -17 35 125
A D 8 16 0
A P 1 215 0
J B 150 554 1 82 6913 1152 0
J N 8 581 7 6 1 0 0
K 0 0 42
K 0 17 60
K 0 0 60
K 0 16 60
K -17 35 125
A D 8 16 0
A P 1 215 0
J N 8 681 7 6 3457 1152 0
K 0 0 42
K 0 17 60
K 0 0 60
K 0 16 60
K -17 35 125
A D 8 16 0
A P 1 215 0
J B 151 781 1 82 6913 1152 0
J D 0 802 0 1 1 0 0
W 0 92 36 cresc.
J N 8 802 0 6 1 0 0
K -14 0 64
K 0 0 42
K 0 0 60
K 0 23 60
K -17 42 125
A D 8 16 0
A P 1 220 0
J N 8 938 0 5 3457 1152 0
K 0 0 42
K 0 0 60
K 0 23 60
K -17 42 125
A D 8 16 0
A P 1 220 0
J B 152 1038 1 82 6913 1152 0
J N 8 1065 0 6 1 0 0
K -18 0 63
K 0 0 42
K 0 0 60
K 0 23 60
K -17 42 125
A D 8 16 0
A P 1 221 0
J N 8 1163 0 5 3457 1152 0
K 0 0 42
K 0 0 60
K 0 23 60
K -17 42 125
A D 8 16 0
A P 1 221 0
J B 153 1261 1 82 6913 1152 0
J N 8 1282 -7 6 1 0 0
K 0 0 42
K 0 17 60
K 0 0 60
K 0 16 60
K -17 35 125
A D 8 16 0
A P 1 226 0
J N 8 1414 -7 6 3457 1152 0
K 0 0 42
K 0 17 60
K 0 0 60
K 0 16 60
K -17 35 125
A D 8 16 0
A P 1 226 0
J B 154 1512 1 82 6913 1152 0
J N 8 1539 -7 7 1 0 0
K -18 0 63
K 0 0 42
K 0 17 60
K 0 0 60
K 0 16 60
K -17 35 125
A D 8 16 0
A P 1 227 0
J N 8 1637 -7 6 3457 1152 0
K 0 0 42
K 0 17 60
K 0 0 60
K 0 16 60
K -17 35 125
A D 8 16 0
A P 1 227 0
J B 155 1735 1 82 6913 1152 0
J N 6 1756 -14 5 1 0 1 175
K 0 0 45
K 0 0 43
K -1 0 45
K 2 0 45
A D 2 16 0
A P 1 232 0
J N 6 1789 -14 5 865 288 1 175
K 0 0 45
K 0 0 43
K -1 0 45
K 2 0 45
A D 2 16 0
A P 1 232 0
H 175 B -46 0 108 2 2 3
J N 6 1836 -7 3 1729 288 1 176
K -18 0 63
K 0 0 43
A D 2 16 0
A P 1 227 0
J N 6 1869 -7 2 2593 288 1 176
K 0 0 43
A D 2 16 0
A P 1 227 0
H 176 B -49 0 108 2 2 3
J N 6 1902 0 2 3457 288 1 177
K 0 0 43
A D 2 16 0
A P 1 221 0
J N 6 1935 0 2 4321 288 1 177
K 0 0 43
A D 2 16 0
A P 1 221 0
H 177 B -46 0 108 2 2 3
J N 6 1982 7 3 5185 288 1 178
K -18 0 63
K 0 0 43
A D 2 16 0
A P 1 216 0
J N 6 2015 7 2 6049 288 1 178
K 0 0 43
A D 2 16 0
A P 1 216 0
H 178 B -49 0 108 2 2 3
J B 156 2050 1 82 6913 288 0
E *
L 520 0 0 330 330 * 0 14 0
J D 0 -119 42 1 6913 0 0
W 0 0 31 Vln 2
J C 4 5 42 2 6913 0 0
K 0 0 33
K 0 0 34
J K 2 57 0 2 6913 0 0
K 0 0 63
K 15 21 63
J D 0 -27 -14 1 6913 0 0
W 0 0 0 \01\04\08
J N 8 130 28 7 1 0 0
K 0 0 42
K 0 28 42
K 0 28 59
K 0 0 59
K 0 -23 59
K 0 -42 125
A D 8 16 0
A P 1 198 0
A P 1 175 0
J N 8 230 28 7 3457 1152 0
K 0 0 42
K 0 28 42
K 0 28 59
K 0 0 59
K 0 -23 59
K 0 -42 125
A D 8 16 0
A P 1 198 0
A P 1 175 0
J B 149 330 1 82 6913 1152 0
J N 8 354 14 6 1 0 0
K 0 0 42
K 0 74 108
K 0 0 60
K 0 23 60
K -17 42 125
A D 8 16 0
A P 1 209 0
J N 8 454 14 5 3457 1152 0
K 0 0 42
K 0 0 60
K 0 23 60
K -17 42 125
A D 8 16 0
A P 1 209 0
J B 150 554 1 82 6913 1152 0
J N 8 581 21 7 1 0 0
K -18 0 63
K 0 0 42
K 0 17 60
K 0 0 60
K 0 16 60
K -17 35 125
A D 8 16 0
A P 1 204 0
J N 8 681 21 6 3457 1152 0
K 0 0 42
K 0 17 60
K 0 0 60
K 0 16 60
K -17 35 125
A D 8 16 0
A P 1 204 0
J B 151 781 1 82 6913 1152 0
J D 0 802 0 1 1 0 0
W 0 95 36 cresc.
J N 8 802 14 5 1 0 0
K 0 0 42
K 0 0 60
K 0 23 60
K -17 42 125
A D 8 16 0
A P 1 209 0
J N 8 938 14 5 3457 1152 0
K 0 0 42
K 0 0 60
K 0 23 60
K -17 42 125
A D 8 16 0
A P 1 209 0
J B 152 1038 1 82 6913 1152 0
J N 8 1065 14 6 1 0 0
K -18 0 63
K 0 0 42
K 0 0 60
K 0 23 60
K -17 42 125
A D 8 16 0
A P 1 210 0
J N 8 1163 14 5 3457 1152 0
K 0 0 42
K 0 0 60
K 0 23 60
K -17 42 125
A D 8 16 0
A P 1 210 0
J B 153 1261 1 82 6913 1152 0
J N 8 1282 7 6 1 0 0
K 0 0 42
K 0 17 60
K 0 0 60
K 0 16 60
K -17 35 125
A D 8 16 0
A P 1 215 0
J N 8 1414 7 6 3457 1152 0
K 0 0 42
K 0 17 60
K 0 0 60
K 0 16 60
K -17 35 125
A D 8 16 0
A P 1 215 0
J B 154 1512 1 82 6913 1152 0
J N 8 1539 7 7 1 0 0
K -18 0 63
K 0 0 42
K 0 17 60
K 0 0 60
K 0 16 60
K -17 35 125
A D 8 16 0
A P 1 216 0
J N 8 1637 7 6 3457 1152 0
K 0 0 42
K 0 17 60
K 0 0 60
K 0 16 60
K -17 35 125
A D 8 16 0
A P 1 216 0
J B 155 1735 1 82 6913 1152 0
J N 7 1756 0 4 1 0 0
K 0 0 43
K 0 0 60
K 0 21 60
A D 4 16 0
A P 1 221 0
J N 6 1836 42 3 1729 576 1 93
K -18 0 63
K 0 0 43
A D 2 16 0
A P 1 187 0
J N 6 1869 42 2 2593 288 1 93
K 0 0 43
A D 2 16 0
A P 1 187 0
H 93 B 46 0 108 2 2 3
J N 6 1902 49 2 3457 288 1 94
K 0 0 43
A D 2 16 0
A P 1 181 0
J N 6 1935 49 2 4321 288 1 94
K 0 0 43
A D 2 16 0
A P 1 181 0
H 94 B 49 0 108 2 2 3
J N 6 1982 56 3 5185 288 1 95
K -18 0 63
K 0 0 43
A D 2 16 0
A P 1 176 0
J N 6 2015 56 2 6049 288 1 95
K 0 0 43
A D 2 16 0
A P 1 176 0
H 95 B 46 0 108 2 2 3
J B 156 2050 1 82 6913 288 0
E *
L 645 0 0 330 330 * 0 14 0
J D 0 -86 42 1 6913 0 0
W 0 0 31 Vla
J C 13 5 28 35 6913 0 0
J K 2 57 0 2 6913 0 0
K 0 7 63
K 15 28 63
J D 0 -27 -14 1 6913 0 0
W 0 0 0 \01\04\08
J N 7 130 0 5 1 0 0
K 0 0 43
K 0 -17 96
K 0 0 60
K 0 21 60
A D 4 16 0
A P 3 186 0
J N 7 180 35 5 1729 576 0
K 0 0 43
K 0 14 96
K 0 0 59
K 0 -21 59
A D 4 16 0
A P 3 158 0
J R 8 230 28 2 3457 576 0
K 0 0 47
A D 8 16 0
A P 3 0 0
J B 149 330 1 82 6913 1152 0
J N 7 354 35 6 1 0 0
K -15 0 65
K 0 0 43
K 0 44 108
K 0 0 59
K 0 -21 59
A D 4 16 0
A P 3 157 0
J R 7 404 28 2 1729 576 0
K 0 0 48
A D 4 16 1
A P 3 0 1
J R 8 454 28 2 3457 576 0
K 0 0 47
A D 8 16 0
A P 3 0 0
J B 150 554 1 82 6913 1152 0
J N 7 581 42 4 1 0 0
K 0 0 43
K 0 0 59
K 0 -21 59
A D 4 16 0
A P 3 152 0
J R 7 631 28 2 1729 576 0
K 0 0 48
A D 4 16 1
A P 3 0 1
J R 8 681 28 2 3457 576 0
K 0 0 47
A D 8 16 0
A P 3 0 0
J B 151 781 1 82 6913 1152 0
J D 0 802 0 1 1 0 0
W 0 99 36 cresc.
J N 6 802 21 2 1 0 1 45
K 0 0 43
A D 2 16 0
A P 3 169 0
J N 6 836 -7 2 865 288 1 45
K 0 0 43
A D 2 16 0
A P 3 192 0
J N 6 870 -7 2 1729 288 1 45
K 0 0 43
A D 2 16 0
A P 3 192 0
J N 6 904 -7 2 2593 288 1 45
K 0 0 43
A D 2 16 0
A P 3 192 0
H 45 B -40 -5 108 4 2 1 1 3
J N 8 938 -7 6 3457 288 0
K 0 0 42
K 0 17 60
K 0 0 60
K 0 16 60
K -17 35 125
A D 8 16 0
A P 3 192 0
J B 152 1038 1 82 6913 1152 0
J N 8 1065 -7 6 1 0 0
K 0 0 42
K 0 17 60
K 0 0 60
K 0 16 60
K -17 35 125
A D 8 16 0
A P 3 192 0
J N 8 1163 -7 6 3457 1152 0
K 0 0 42
K 0 17 60
K 0 0 60
K 0 16 60
K -17 35 125
A D 8 16 0
A P 3 192 0
J B 153 1261 1 82 6913 1152 0
J N 6 1282 0 2 1 0 1 46
K 0 0 43
A D 2 16 0
A P 3 186 0
J N 6 1315 -14 5 865 288 1 46
K 0 0 45
K 0 0 43
K -1 0 45
K 2 0 45
A D 2 16 0
A P 3 198 0
J N 6 1348 -14 5 1729 288 1 46
K 0 0 45
K 0 0 43
K -1 0 45
K 2 0 45
A D 2 16 0
A P 3 198 0
J N 6 1381 -14 5 2593 288 1 46
K 0 0 45
K 0 0 43
K -1 0 45
K 2 0 45
A D 2 16 0
A P 3 198 0
H 46 B -46 -1 108 4 2 1 1 3
J N 8 1414 -14 8 3457 288 0
K 0 0 45
K 0 0 42
K -1 0 45
K 2 0 45
K 0 0 60
K 0 23 60
K -17 42 125
A D 8 16 0
A P 3 198 0
J B 154 1512 1 82 6913 1152 0
J N 8 1539 -14 8 1 0 0
K 0 0 45
K 0 0 42
K -1 0 45
K 2 0 45
K 0 0 60
K 0 23 60
K -17 42 125
A D 8 16 0
A P 3 198 0
J N 8 1637 -14 8 3457 1152 0
K 0 0 45
K 0 0 42
K -1 0 45
K 2 0 45
K 0 0 60
K 0 23 60
K -17 42 125
A D 8 16 0
A P 3 198 0
J B 155 1735 1 82 6913 1152 0
J N 7 1756 -7 4 1 0 0
K 0 0 43
K 0 0 60
K 0 21 60
A D 4 16 0
A P 3 192 0
J R 7 1836 28 2 1729 576 0
K 0 0 48
A D 4 16 1
A P 3 0 1
J R 8 1902 28 2 3457 576 0
K 0 0 47
A D 8 16 0
A P 3 0 0
J B 156 2050 1 82 6913 1152 0
E *
L 770 0 0 330 330 * 0 14 0
J D 0 -140 42 1 6913 0 0
W 0 0 31 Vc+Cb
J C 22 5 14 36 6913 0 0
J K 2 57 0 2 6913 0 0
K 0 14 63
K 15 35 63
J D 0 -27 -14 1 6913 0 0
W 0 0 0 \01\04\08
J N 7 130 7 5 1 0 0
K 0 0 43
K 0 -17 96
K 0 0 60
K 0 21 60
A D 4 16 0
A P 3 146 0
J N 7 180 42 5 1729 576 0
K 0 0 43
K 0 21 96
K 0 0 59
K 0 -21 59
A D 4 16 0
A P 3 118 0
J R 8 230 28 2 3457 576 0
K 0 0 47
A D 8 16 0
A P 3 0 0
J B 149 330 1 82 6913 1152 0
J N 7 354 42 6 1 0 0
K -15 0 65
K 0 0 43
K 0 37 108
K 0 0 59
K 0 -21 59
A D 4 16 0
A P 3 117 0
J R 7 404 28 2 1729 576 0
K 0 0 48
A D 4 16 1
A P 3 0 1
J R 8 454 28 2 3457 576 0
K 0 0 47
A D 8 16 0
A P 3 0 0
J B 150 554 1 82 6913 1152 0
J N 7 581 49 4 1 0 0
K 0 0 43
K 0 0 59
K 0 -21 59
A D 4 16 0
A P 3 112 0
J R 7 631 28 2 1729 576 0
K 0 0 48
A D 4 16 1
A P 3 0 1
J R 8 681 28 2 3457 576 0
K 0 0 47
A D 8 16 0
A P 3 0 0
J B 151 781 1 82 6913 1152 0
J D 0 802 0 1 1 0 0
W 0 102 36 cresc.
J N 7 802 28 4 1 0 0
K 0 0 43
K 0 0 60
K 0 21 60
A D 4 16 0
A P 3 129 0
J R 7 870 28 2 1729 576 0
K 0 0 48
A D 4 16 1
A P 3 0 1
J R 8 938 28 2 3457 576 0
K 0 0 47
A D 8 16 0
A P 3 0 0
J B 152 1038 1 82 6913 1152 0
J N 7 1065 42 5 1 0 0
K -14 0 64
K 0 0 43
K 0 0 59
K 0 -21 59
A D 4 16 0
A P 3 118 0
J R 7 1114 28 2 1729 576 0
K 0 0 48
A D 4 16 1
A P 3 0 1
J R 8 1163 28 2 3457 576 0
K 0 0 47
A D 8 16 0
A P 3 0 0
J B 153 1261 1 82 6913 1152 0
J N 7 1282 21 4 1 0 0
K 0 0 43
K 0 0 60
K 0 21 60
A D 4 16 0
A P 3 135 0
J R 7 1348 28 2 1729 576 0
K 0 0 48
A D 4 16 1
A P 3 0 1
J R 8 1414 28 2 3457 576 0
K 0 0 47
A D 8 16 0
A P 3 0 0
J B 154 1512 1 82 6913 1152 0
J N 7 1539 35 5 1 0 0
K -18 0 63
K 0 0 43
K 0 0 59
K 0 -21 59
A D 4 16 0
A P 3 124 0
J R 7 1588 28 2 1729 576 0
K 0 0 48
A D 4 16 1
A P 3 0 1
J R 8 1637 28 2 3457 576 0
K 0 0 47
A D 8 16 0
A P 3 0 0
J B 155 1735 1 82 6913 1152 0
J N 7 1756 14 4 1 0 0
K 0 0 43
K 0 0 60
K 0 21 60
A D 4 16 0
A P 3 141 0
J R 7 1836 28 2 1729 576 0
K 0 0 48
A D 4 16 1
A P 3 0 1
J R 8 1902 28 2 3457 576 0
K 0 0 47
A D 8 16 0
A P 3 0 0
J B 156 2050 1 82 6913 1152 0
E *
B 1 330 0
B 1 554 0
B 1 781 0
B 1 1038 0
B 1 1261 0
B 1 1512 0
B 1 1735 0
B 1 2050 0
