S 0 200 140 2050 2686 22 "([......])([{..}.{..}]...)[{..}.][(.)(.)(.)(.)][.]"
L 0 0 0 330 330 * 0 14 0
J D 0 -95 42 1 6913 0 0
W 0 0 31 Picc.
J C 4 5 42 2 6913 0 0
K 0 0 33
K 0 0 34
J K 2 57 0 2 6913 0 0
K 0 0 63
K 15 21 63
J D 0 71 -14 1 6913 0 0
W 0 0 37 \01\06
J N 9 130 -14 6 1 0 2 20 18
K 0 0 45
K 6 0 45
K 0 0 41
K -1 0 45
K 2 0 45
A D 8 8 1
A P 1 232 1
J M 0 78 0 0 6913 0 1 18
H 18 T -14 0 0 0 0 0 5 0
J B 17 351 1 82 6913 2304 0
J N 9 372 -14 6 1 0 2 21 20
K 0 0 45
K 6 0 45
K 0 0 41
K -1 0 45
K 2 0 45
A D 8 8 1
A P 1 232 1
H 20 T -14 0 0 0 0 0 5 0
J B 18 622 1 82 6913 2304 0
J N 9 643 -14 6 1 0 1 21
K 0 0 45
K 6 0 45
K 0 0 41
K -1 0 45
K 2 0 45
A D 8 8 0
A P 1 232 0
H 21 T -14 0 0 0 0 0 5 0
J B 19 859 1 82 6913 2304 1 19
J M 0 116 0 0 6913 0 1 19
H 19 R 1 0 -19 -38
J N 7 880 -14 7 1 0 1 22
K 0 0 45
K 0 0 43
K -1 0 45
K 2 0 45
K 0 0 60
K 0 21 60
A D 2 8 0
A P 1 232 0
J N 7 933 -7 4 1729 576 1 22
K 0 0 43
K 0 0 60
K 0 21 60
A D 2 8 0
A P 1 226 0
H 22 S 0 0 0 0 0 0 0 0 0
J N 7 987 -7 4 3457 576 1 23
K 0 0 43
K 0 0 60
K 0 21 60
A D 2 8 0
A P 1 226 0
J N 7 1041 0 4 5185 576 1 23
K 0 0 43
K 0 0 60
K 0 21 60
A D 2 8 0
A P 1 221 0
H 23 S 0 0 0 0 0 0 0 0 0
J B 20 1098 1 82 6913 576 0
J N 7 1119 -49 10 1 0 1 24
K 0 35 45
K 0 21 45
K 0 7 45
K 0 0 43
K 0 7 45
K 1 7 45
K 0 0 60
K 0 28 60
K 0 49 60
A D 2 8 0
A P 1 261 0
J N 7 1172 -42 10 1729 576 1 24
K 0 28 45
K 0 14 45
K 0 0 45
K 0 0 43
K -1 0 45
K 2 0 45
K 0 0 60
K 0 28 60
K 0 42 60
A D 2 8 0
A P 1 255 0
H 24 S 0 0 0 0 0 0 0 0 0
J N 7 1226 -56 11 3457 576 1 25
K 0 42 45
K 0 28 45
K 0 14 45
K 0 0 45
K 0 0 43
K -1 0 45
K 2 0 45
K 0 0 60
K 0 28 60
K 0 56 60
A D 2 8 0
A P 1 266 0
J N 7 1279 -42 10 5185 576 1 25
K 0 28 45
K 0 14 45
K 0 0 45
K 0 0 43
K -1 0 45
K 2 0 45
K 0 0 60
K 0 28 60
K 0 42 60
A D 2 8 0
A P 1 255 0
H 25 S 0 0 0 0 0 0 0 0 0
J B 21 1334 1 82 6913 576 0
J N 7 1355 -42 10 1 0 1 26
K 0 28 45
K 0 14 45
K 0 0 45
K 0 0 43
K -1 0 45
K 2 0 45
K 0 0 60
K 0 28 60
K 0 42 60
A D 2 8 0
A P 1 255 0
J N 7 1408 -35 9 1729 576 1 26
K 0 21 45
K 0 7 45
K 0 0 43
K 0 7 45
K 1 7 45
K 0 0 60
K 0 28 60
K 0 35 60
A D 2 8 0
A P 1 249 0
H 26 S 0 0 0 0 0 0 0 0 0
J N 7 1462 -35 9 3457 576 1 27
K 0 21 45
K 0 7 45
K 0 0 43
K 0 7 45
K 1 7 45
K 0 0 60
K 0 28 60
K 0 35 60
A D 2 8 0
A P 1 249 0
J N 7 1518 -28 8 5185 576 1 27
K 0 14 45
K 0 0 45
K 0 0 43
K -1 0 45
K 2 0 45
K 0 0 60
K 0 28 60
A D 2 8 0
A P 1 244 0
H 27 S 0 0 0 0 0 0 0 0 0
J B 22 1573 1 82 6913 576 0
J N 8 1601 -21 7 1 0 0
K 0 7 45
K 0 0 42
K 0 7 45
K 1 7 45
K 0 0 60
K 0 21 60
A D 4 8 0
A P 1 238 0
J N 7 1708 -14 7 3457 1152 1 28
K 0 0 45
K 0 0 43
K -1 0 45
K 2 0 45
K 0 0 60
K 0 21 60
A D 2 8 0
A P 1 232 0
J N 7 1762 -63 12 5185 576 2 29 28
K 0 49 45
K 0 35 45
K 0 21 45
K 0 7 45
K 0 0 43
K 0 7 45
K 1 7 45
K 0 0 60
K 0 28 60
K 0 56 60
K 0 63 60
A D 2 8 1
A P 1 272 1
H 28 S 0 0 0 0 0 0 0 0 0
J B 23 1815 1 82 6913 576 0
J N 7 1836 -63 12 1 0 2 30 29
K 0 49 45
K 0 35 45
K 0 21 45
K 0 7 45
K 0 0 43
K 0 7 45
K 1 7 45
K 0 0 60
K 0 28 60
K 0 56 60
K 0 63 60
A D 2 8 0
A P 1 272 0
H 29 T -63 0 0 0 0 0 1 0
J N 7 1888 -56 11 1729 576 1 30
K 0 42 45
K 0 28 45
K 0 14 45
K 0 0 45
K 0 0 43
K -1 0 45
K 2 0 45
K 0 0 60
K 0 28 60
K 0 56 60
A D 2 8 0
A P 1 266 0
H 30 S 0 0 0 0 0 0 0 0 0
J N 7 1940 -56 11 3457 576 1 31
K 0 42 45
K 0 28 45
K 0 14 45
K 0 0 45
K 0 0 43
K -1 0 45
K 2 0 45
K 0 0 60
K 0 28 60
K 0 56 60
A D 2 8 0
A P 1 266 0
J N 7 1993 -49 10 5185 576 1 31
K 0 35 45
K 0 21 45
K 0 7 45
K 0 0 43
K 0 7 45
K 1 7 45
K 0 0 60
K 0 28 60
K 0 49 60
A D 2 8 0
A P 1 261 0
H 31 S 0 0 0 0 0 0 0 0 0
J B 24 2050 1 82 6913 576 0
E *
L 135 0 0 330 330 * 0 14 0
J D 0 -108 42 1 6913 0 0
W 0 0 31 Fl 1-2
J C 4 5 42 2 6913 0 0
K 0 0 33
K 0 0 34
J K 2 57 0 2 6913 0 0
K 0 0 63
K 15 21 63
J D 0 71 -14 1 6913 0 0
W 0 0 0 \01\06
J N 7 130 -42 12 1 0 1 19
K 0 28 45
K 0 14 45
K 0 0 45
K 0 0 43
K -1 0 45
K 2 0 45
K 24 -6 44
K 0 102 110
K 0 0 60
K 0 28 60
K 0 42 60
A D 3 8 0
A P 3 255 0
J N 6 211 -49 10 2593 864 0
K 0 35 45
K 0 21 45
K 0 7 45
K 0 0 43
K 0 7 45
K 1 7 45
K 0 0 60
K 0 28 60
K 0 28 54
A D 1 8 0
A P 3 261 0
J N 7 243 -42 10 3457 288 0
K 0 28 45
K 0 14 45
K 0 0 45
K 0 0 43
K -1 0 45
K 2 0 45
K 0 0 60
K 0 28 60
K 0 42 60
A D 2 8 0
A P 3 255 0
J N 7 296 -35 9 5185 576 1 19
K 0 21 45
K 0 7 45
K 0 0 43
K 0 7 45
K 1 7 45
K 0 0 60
K 0 28 60
K 0 35 60
A D 2 8 0
A P 3 249 0
H 19 S 0 0 -7 0 -7 0 0 0 0
J B 17 351 1 82 6913 576 0
J N 7 372 -42 12 1 0 1 20
K 0 28 45
K 0 14 45
K 0 0 45
K 0 0 43
K -1 0 45
K 2 0 45
K 24 -6 44
K 0 102 110
K 0 0 60
K 0 28 60
K 0 42 60
A D 3 8 0
A P 3 255 0
J N 6 453 -49 10 2593 864 0
K 0 35 45
K 0 21 45
K 0 7 45
K 0 0 43
K 0 7 45
K 1 7 45
K 0 0 60
K 0 28 60
K 0 28 54
A D 1 8 0
A P 3 261 0
J N 7 493 -42 10 3457 288 0
K 0 28 45
K 0 14 45
K 0 0 45
K 0 0 43
K -1 0 45
K 2 0 45
K 0 0 60
K 0 28 60
K 0 42 60
A D 2 8 0
A P 3 255 0
J N 7 562 -35 9 5185 576 1 20
K 0 21 45
K 0 7 45
K 0 0 43
K 0 7 45
K 1 7 45
K 0 0 60
K 0 28 60
K 0 35 60
A D 2 8 0
A P 3 249 0
H 20 S 0 0 -7 0 -7 0 0 0 0
J B 18 622 1 82 6913 576 0
J N 7 643 -42 12 1 0 1 21
K 0 28 45
K 0 14 45
K 0 0 45
K 0 0 43
K -1 0 45
K 2 0 45
K 24 -6 44
K 0 102 110
K 0 0 60
K 0 28 60
K 0 42 60
A D 3 8 0
A P 3 255 0
J N 6 724 -49 10 2593 864 0
K 0 35 45
K 0 21 45
K 0 7 45
K 0 0 43
K 0 7 45
K 1 7 45
K 0 0 60
K 0 28 60
K 0 28 54
A D 1 8 0
A P 3 261 0
J N 7 751 -42 10 3457 288 0
K 0 28 45
K 0 14 45
K 0 0 45
K 0 0 43
K -1 0 45
K 2 0 45
K 0 0 60
K 0 28 60
K 0 42 60
A D 2 8 0
A P 3 255 0
J N 7 804 -35 9 5185 576 1 21
K 0 21 45
K 0 7 45
K 0 0 43
K 0 7 45
K 1 7 45
K 0 0 60
K 0 28 60
K 0 35 60
A D 2 8 0
A P 3 249 0
H 21 S 0 0 -7 0 -7 0 0 0 0
J B 19 859 1 82 6913 576 0
J N 7 880 -63 12 1 0 1 22
K 0 49 45
K 0 35 45
K 0 21 45
K 0 7 45
K 0 0 43
K 0 7 45
K 1 7 45
K 0 0 60
K 0 28 60
K 0 56 60
K 0 63 60
A D 2 8 0
A P 3 272 0
J N 7 933 -56 11 1729 576 1 22
K 0 42 45
K 0 28 45
K 0 14 45
K 0 0 45
K 0 0 43
K -1 0 45
K 2 0 45
K 0 0 60
K 0 28 60
K 0 56 60
A D 2 8 0
A P 3 266 0
H 22 S 0 0 0 0 0 0 0 0 0
J N 7 987 -56 11 3457 576 1 23
K 0 42 45
K 0 28 45
K 0 14 45
K 0 0 45
K 0 0 43
K -1 0 45
K 2 0 45
K 0 0 60
K 0 28 60
K 0 56 60
A D 2 8 0
A P 3 266 0
J N 7 1041 -49 10 5185 576 1 23
K 0 35 45
K 0 21 45
K 0 7 45
K 0 0 43
K 0 7 45
K 1 7 45
K 0 0 60
K 0 28 60
K 0 49 60
A D 2 8 0
A P 3 261 0
H 23 S 0 0 0 0 0 0 0 0 0
J B 20 1098 1 82 6913 576 0
J N 7 1119 -49 10 1 0 1 24
K 0 35 45
K 0 21 45
K 0 7 45
K 0 0 43
K 0 7 45
K 1 7 45
K 0 0 60
K 0 28 60
K 0 49 60
A D 2 8 0
A P 3 261 0
J N 7 1172 -42 10 1729 576 1 24
K 0 28 45
K 0 14 45
K 0 0 45
K 0 0 43
K -1 0 45
K 2 0 45
K 0 0 60
K 0 28 60
K 0 42 60
A D 2 8 0
A P 3 255 0
H 24 S 0 0 0 0 0 0 0 0 0
J N 7 1226 -56 11 3457 576 1 25
K 0 42 45
K 0 28 45
K 0 14 45
K 0 0 45
K 0 0 43
K -1 0 45
K 2 0 45
K 0 0 60
K 0 28 60
K 0 56 60
A D 2 8 0
A P 3 266 0
J N 7 1279 -42 10 5185 576 1 25
K 0 28 45
K 0 14 45
K 0 0 45
K 0 0 43
K -1 0 45
K 2 0 45
K 0 0 60
K 0 28 60
K 0 42 60
A D 2 8 0
A P 3 255 0
H 25 S 0 0 0 0 0 0 0 0 0
J B 21 1334 1 82 6913 576 0
J N 7 1355 -42 10 1 0 1 26
K 0 28 45
K 0 14 45
K 0 0 45
K 0 0 43
K -1 0 45
K 2 0 45
K 0 0 60
K 0 28 60
K 0 42 60
A D 2 8 0
A P 3 255 0
J N 7 1408 -35 9 1729 576 1 26
K 0 21 45
K 0 7 45
K 0 0 43
K 0 7 45
K 1 7 45
K 0 0 60
K 0 28 60
K 0 35 60
A D 2 8 0
A P 3 249 0
H 26 S 0 0 0 0 0 0 0 0 0
J N 7 1462 -35 9 3457 576 1 27
K 0 21 45
K 0 7 45
K 0 0 43
K 0 7 45
K 1 7 45
K 0 0 60
K 0 28 60
K 0 35 60
A D 2 8 0
A P 3 249 0
J N 7 1518 -28 8 5185 576 1 27
K 0 14 45
K 0 0 45
K 0 0 43
K -1 0 45
K 2 0 45
K 0 0 60
K 0 28 60
A D 2 8 0
A P 3 244 0
H 27 S 0 0 0 0 0 0 0 0 0
J B 22 1573 1 82 6913 576 0
J N 8 1601 -21 7 1 0 1 28
K 0 7 45
K 0 0 42
K 0 7 45
K 1 7 45
K 0 0 60
K 0 21 60
A D 4 8 0
A P 3 238 0
J N 8 1708 -63 12 3457 1152 2 29 28
K 0 49 45
K 0 35 45
K 0 21 45
K 0 7 45
K 0 0 42
K 0 7 45
K 1 7 45
K 0 0 60
K 0 28 60
K 0 56 60
K 0 63 60
A D 4 8 1
A P 3 272 1
H 28 S 0 0 0 0 0 0 0 0 0
J B 23 1815 1 82 6913 1152 0
J N 7 1836 -63 12 1 0 2 30 29
K 0 49 45
K 0 35 45
K 0 21 45
K 0 7 45
K 0 0 43
K 0 7 45
K 1 7 45
K 0 0 60
K 0 28 60
K 0 56 60
K 0 63 60
A D 2 8 0
A P 3 272 0
H 29 T -63 0 0 0 0 0 1 0
J N 7 1888 -56 11 1729 576 1 30
K 0 42 45
K 0 28 45
K 0 14 45
K 0 0 45
K 0 0 43
K -1 0 45
K 2 0 45
K 0 0 60
K 0 28 60
K 0 56 60
A D 2 8 0
A P 3 266 0
H 30 S 0 0 0 0 0 0 0 0 0
J N 7 1940 -56 11 3457 576 1 31
K 0 42 45
K 0 28 45
K 0 14 45
K 0 0 45
K 0 0 43
K -1 0 45
K 2 0 45
K 0 0 60
K 0 28 60
K 0 56 60
A D 2 8 0
A P 3 266 0
J N 7 1993 -49 10 5185 576 1 31
K 0 35 45
K 0 21 45
K 0 7 45
K 0 0 43
K 0 7 45
K 1 7 45
K 0 0 60
K 0 28 60
K 0 49 60
A D 2 8 0
A P 3 261 0
H 31 S 0 0 0 0 0 0 0 0 0
J B 24 2050 1 82 6913 576 0
E *
L 265 0 0 330 330 * 0 14 0
J D 0 -119 42 1 6913 0 0
W 0 0 31 Ob 1-2
J C 4 5 42 2 6913 0 0
K 0 0 33
K 0 0 34
J K 2 57 0 2 6913 0 0
K 0 0 63
K 15 21 63
J D 0 71 -14 1 6913 0 0
W 0 0 0 \01\06
J N 7 130 7 6 1 0 1 20
K 0 0 43
K 25 0 44
K 0 78 110
K 0 0 60
K 0 21 60
A D 3 8 0
A P 3 215 0
J N 6 211 0 3 2593 864 0
K 0 0 43
K 0 0 54
A D 1 8 0
A P 3 221 0
J N 7 243 7 4 3457 288 0
K 0 0 43
K 0 0 60
K 0 21 60
A D 2 8 0
A P 3 215 0
J N 7 296 14 4 5185 576 1 20
K 0 0 43
K 0 0 60
K 0 21 60
A D 2 8 0
A P 3 209 0
H 20 S 0 0 -7 0 -7 0 0 0 0
J B 17 351 1 82 6913 576 0
J N 7 372 7 6 1 0 1 21
K 0 0 43
K 25 0 44
K 0 78 110
K 0 0 60
K 0 21 60
A D 3 8 0
A P 3 215 0
J N 6 453 0 3 2593 864 0
K 0 0 43
K 0 0 54
A D 1 8 0
A P 3 221 0
J N 7 493 7 4 3457 288 0
K 0 0 43
K 0 0 60
K 0 21 60
A D 2 8 0
A P 3 215 0
J N 7 562 14 4 5185 576 1 21
K 0 0 43
K 0 0 60
K 0 21 60
A D 2 8 0
A P 3 209 0
H 21 S 0 0 -7 0 -7 0 0 0 0
J B 18 622 1 82 6913 576 0
J N 7 643 7 6 1 0 1 22
K 0 0 43
K 25 0 44
K 0 78 110
K 0 0 60
K 0 21 60
A D 3 8 0
A P 3 215 0
J N 6 724 0 3 2593 864 0
K 0 0 43
K 0 0 54
A D 1 8 0
A P 3 221 0
J N 7 751 7 4 3457 288 0
K 0 0 43
K 0 0 60
K 0 21 60
A D 2 8 0
A P 3 215 0
J N 7 804 14 4 5185 576 1 22
K 0 0 43
K 0 0 60
K 0 21 60
A D 2 8 0
A P 3 209 0
H 22 S 0 0 -7 0 -7 0 0 0 0
J B 19 859 1 82 6913 576 0
J N 7 880 35 10 1 0 1 23
K 0 -49 45
K 0 -49 43
K -1 -49 45
K 2 -49 45
K 0 0 43
K 0 -49 60
K 0 -21 60
K 0 0 60
K 0 14 60
A D 2 8 0
A P 1 232 0
A P 2 192 0
J N 7 933 21 6 1729 576 1 23
K 0 -28 43
K 0 0 43
K 0 -28 60
K 0 0 60
K 0 21 60
A D 2 8 0
A P 1 226 0
A P 2 204 0
H 23 S 0 0 -49 0 -28 0 0 0 0
J N 7 987 7 6 3457 576 1 24
K 0 -14 43
K 0 0 43
K 0 -14 60
K 0 0 60
K 0 21 60
A D 2 8 0
A P 1 226 0
A P 2 215 0
J N 7 1041 14 6 5185 576 1 24
K 0 -14 43
K 0 0 43
K 0 -14 60
K 0 0 60
K 0 21 60
A D 2 8 0
A P 1 221 0
A P 2 209 0
H 24 S 0 0 -14 0 -14 0 0 0 0
J B 20 1098 1 82 6913 576 0
J N 7 1119 35 7 1 0 1 25
K 0 -35 43
K 0 0 43
K 0 -35 60
K 0 -7 60
K 0 0 60
K 0 14 60
A D 2 8 0
A P 1 221 0
A P 2 192 0
J N 7 1172 42 7 1729 576 1 25
K 0 -35 43
K 0 0 43
K 0 -35 60
K 0 -7 60
K 0 0 60
K 0 14 60
A D 2 8 0
A P 1 215 0
A P 2 186 0
H 25 S 0 0 -35 0 -35 0 0 0 0
J N 7 1226 28 7 3457 576 1 26
K 0 -35 43
K 0 0 43
K 0 -35 60
K 0 -7 60
K 0 0 60
K 0 21 60
A D 2 8 0
A P 1 226 0
A P 2 198 0
J N 7 1279 42 7 5185 576 1 26
K 0 -35 43
K 0 0 43
K 0 -35 60
K 0 -7 60
K 0 0 60
K 0 14 60
A D 2 8 0
A P 1 215 0
A P 2 186 0
H 26 S 0 0 -35 0 -35 0 0 0 0
J B 21 1334 1 82 6913 576 0
J N 7 1355 42 7 1 0 1 27
K 0 -35 43
K 0 0 43
K 0 -35 60
K 0 -7 60
K 0 0 60
K 0 14 60
A D 2 8 0
A P 1 215 0
A P 2 186 0
J N 7 1408 14 7 1729 576 1 27
K 0 0 43
K 0 35 43
K 0 35 59
K 0 7 59
K 0 0 59
K 0 -14 59
A D 2 8 0
A P 1 209 0
A P 2 181 0
H 27 S 0 0 -35 0 0 0 0 0 0
J N 7 1462 14 7 3457 576 1 28
K 0 0 43
K 0 42 43
K 0 42 59
K 0 14 59
K 0 0 59
K 0 -14 59
A D 2 8 0
A P 1 209 0
A P 2 175 0
J N 7 1518 21 6 5185 576 1 28
K 0 0 43
K 0 14 43
K 0 14 59
K 0 0 59
K 0 -14 59
A D 2 8 0
A P 1 204 0
A P 2 192 0
H 28 S 12 0 42 0 14 0 0 0 0
J B 22 1573 1 82 6913 576 0
J N 8 1601 -21 7 1 0 1 29
K 1 7 45
K 0 0 42
K 0 7 45
K 1 7 45
K 0 0 59
K 0 -7 59
A D 4 8 0
A P 1 238 0
J N 8 1601 14 5 1 0 0
K 0 0 42
K 24 6 44
K 0 0 60
K 0 21 60
A D 6 8 0
A P 2 209 0
J N 8 1708 -14 7 3457 1152 2 30 29
K 1 0 45
K 0 0 42
K -1 0 45
K 2 0 45
K 0 0 59
K 0 -7 59
A D 4 8 1
A P 1 232 1
H 29 S 0 14 0 0 0 0 0 0 0
J N 7 1762 35 4 5185 576 0
K 0 0 43
K 0 0 60
K 0 14 60
A D 2 8 0
A P 2 192 0
J B 23 1815 1 82 6913 576 0
J N 7 1836 -14 7 1 0 2 31 30
K 1 0 45
K 0 0 43
K -1 0 45
K 2 0 45
K 0 0 59
K 0 -7 59
A D 2 8 0
A P 1 232 0
H 30 T -14 0 0 0 0 0 7 0
J N 7 1836 28 4 1 0 1 32
K 0 0 43
K 0 0 60
K 0 21 60
A D 2 8 0
A P 2 198 0
J N 7 1888 -7 4 1729 576 1 31
K 0 0 43
K 0 0 59
K 0 -14 59
A D 2 8 0
A P 1 226 0
H 31 S 0 14 0 0 0 0 0 0 0
J N 7 1888 21 4 1729 0 1 32
K 0 0 43
K 0 0 60
K 0 21 60
A D 2 8 0
A P 2 204 0
H 32 S 12 0 0 -14 0 0 0 0 0
J N 7 1940 7 6 3457 576 2 33 34
K 0 -14 43
K 0 0 43
K 0 -14 60
K 0 0 60
K 0 21 60
A D 2 8 0
A P 1 226 0
A P 2 215 0
J N 7 1993 14 6 5185 576 2 33 34
K 0 -14 43
K 0 0 43
K 0 -14 60
K 0 0 60
K 0 21 60
A D 2 8 0
A P 1 221 0
A P 2 209 0
H 33 S 0 0 -14 0 -14 0 0 0 0
H 34 S 12 0 0 -14 0 0 0 0 0
J B 24 2050 1 82 6913 576 0
E *
L 400 0 0 330 330 * 0 14 0
J D 0 -110 42 1 6913 0 0
W 0 -21 31 Cl 1-2
J D 0 -110 42 1 6913 0 0
W 0 21 31 (A)
J C 4 5 42 2 6913 0 0
K 0 0 33
K 0 0 34
J K -1 57 0 1 6913 0 0
K 0 28 65
J D 0 71 -14 1 6913 0 0
W 0 0 0 \01\06
J N 7 130 42 10 1 0 1 19
K 0 -49 43
K 25 -49 44
K 0 0 43
K 24 -6 44
K 2 50 110
K 0 -49 60
K 0 -21 60
K 0 0 60
K 0 14 60
A D 3 8 0
A P 1 226 0
A P 2 186 0
J N 6 211 35 9 2593 864 0
K 0 -49 45
K 0 -49 43
K -1 -49 45
K 2 -49 45
K 0 0 43
K 0 -49 60
K 0 -21 60
K 0 0 52
A D 1 8 0
A P 1 232 0
A P 2 192 0
J N 7 243 42 7 3457 288 0
K 0 -49 43
K 0 0 43
K 0 -49 60
K 0 -21 60
K 0 0 60
K 0 14 60
A D 2 8 0
A P 1 226 0
A P 2 186 0
J N 7 296 49 7 5185 576 1 19
K 0 -49 43
K 0 0 43
K 0 -49 60
K 0 -21 60
K 0 0 60
K 0 14 60
A D 2 8 0
A P 1 220 0
A P 2 180 0
H 19 S 0 0 -56 0 -56 0 0 0 0
J B 17 351 1 82 6913 576 0
J N 7 372 42 10 1 0 1 20
K 0 -49 43
K 25 -49 44
K 0 0 43
K 24 -6 44
K 2 50 110
K 0 -49 60
K 0 -21 60
K 0 0 60
K 0 14 60
A D 3 8 0
A P 1 226 0
A P 2 186 0
J N 6 453 35 9 2593 864 0
K 0 -49 45
K 0 -49 43
K -1 -49 45
K 2 -49 45
K 0 0 43
K 0 -49 60
K 0 -21 60
K 0 0 52
A D 1 8 0
A P 1 232 0
A P 2 192 0
J N 7 493 42 7 3457 288 0
K 0 -49 43
K 0 0 43
K 0 -49 60
K 0 -21 60
K 0 0 60
K 0 14 60
A D 2 8 0
A P 1 226 0
A P 2 186 0
J N 7 562 49 7 5185 576 1 20
K 0 -49 43
K 0 0 43
K 0 -49 60
K 0 -21 60
K 0 0 60
K 0 14 60
A D 2 8 0
A P 1 220 0
A P 2 180 0
H 20 S 0 0 -56 0 -56 0 0 0 0
J B 18 622 1 82 6913 576 0
J N 7 643 42 10 1 0 1 21
K 0 -49 43
K 25 -49 44
K 0 0 43
K 24 -6 44
K 2 50 110
K 0 -49 60
K 0 -21 60
K 0 0 60
K 0 14 60
A D 3 8 0
A P 1 226 0
A P 2 186 0
J N 6 724 35 9 2593 864 0
K 0 -49 45
K 0 -49 43
K -1 -49 45
K 2 -49 45
K 0 0 43
K 0 -49 60
K 0 -21 60
K 0 0 52
A D 1 8 0
A P 1 232 0
A P 2 192 0
J N 7 751 42 7 3457 288 0
K 0 -49 43
K 0 0 43
K 0 -49 60
K 0 -21 60
K 0 0 60
K 0 14 60
A D 2 8 0
A P 1 226 0
A P 2 186 0
J N 7 804 49 7 5185 576 1 21
K 0 -49 43
K 0 0 43
K 0 -49 60
K 0 -21 60
K 0 0 60
K 0 14 60
A D 2 8 0
A P 1 220 0
A P 2 180 0
H 21 S 0 0 -56 0 -56 0 0 0 0
J B 19 859 1 82 6913 576 0
J N 7 880 21 11 1 0 1 22
K 0 -35 45
K 0 -49 45
K 0 -49 43
K -1 -49 45
K 2 -49 45
K 0 0 43
K 0 -49 60
K 0 -21 60
K 0 0 60
K 0 21 60
A D 2 8 0
A P 1 243 0
A P 2 203 0
J N 7 933 7 9 1729 576 1 22
K 0 -21 45
K 0 -28 43
K 0 -21 45
K 1 -21 45
K 0 0 43
K 0 -28 60
K 0 0 60
K 0 21 60
A D 2 8 0
A P 1 237 0
A P 2 215 0
H 22 S 0 0 -49 0 -28 0 0 0 0
J N 7 987 -7 9 3457 576 1 23
K 0 -7 45
K 0 -14 43
K 0 -7 45
K 1 -7 45
K 0 0 43
K 0 -14 60
K 0 0 60
K 0 21 60
A D 2 8 0
A P 1 237 0
A P 2 226 0
J N 7 1041 0 9 5185 576 1 23
K 0 -14 45
K 0 -14 43
K -1 -14 45
K 2 -14 45
K 0 0 43
K 0 -14 60
K 0 0 60
K 0 21 60
A D 2 8 0
A P 1 232 0
A P 2 220 0
H 23 S 0 0 -14 0 -14 0 0 0 0
J B 20 1098 1 82 6913 576 0
J N 7 1119 21 10 1 0 1 24
K 0 -35 45
K 0 -35 43
K -1 -35 45
K 2 -35 45
K 0 0 43
K 0 -35 60
K 0 -7 60
K 0 0 60
K 0 21 60
A D 2 8 0
A P 1 232 0
A P 2 203 0
J N 7 1172 28 7 1729 576 1 24
K 0 -35 43
K 0 0 43
K 0 -35 60
K 0 -7 60
K 0 0 60
K 0 21 60
A D 2 8 0
A P 1 226 0
A P 2 197 0
H 24 S 0 0 -35 0 -35 0 0 0 0
J N 7 1226 14 10 3457 576 1 25
K 0 -28 45
K 0 -35 43
K 0 -28 45
K 1 -28 45
K 0 0 43
K 0 -35 60
K 0 -7 60
K 0 0 60
K 0 21 60
A D 2 8 0
A P 1 237 0
A P 2 209 0
J N 7 1279 28 7 5185 576 1 25
K 0 -35 43
K 0 0 43
K 0 -35 60
K 0 -7 60
K 0 0 60
K 0 21 60
A D 2 8 0
A P 1 226 0
A P 2 197 0
H 25 S 0 0 -35 0 -35 0 0 0 0
J B 21 1334 1 82 6913 576 0
J N 7 1355 28 7 1 0 1 26
K 0 -35 43
K 0 0 43
K 0 -35 60
K 0 -7 60
K 0 0 60
K 0 21 60
A D 2 8 0
A P 1 226 0
A P 2 197 0
J N 7 1408 35 7 1729 576 1 26
K 0 -35 43
K 0 0 43
K 0 -35 60
K 0 -7 60
K 0 0 60
K 0 14 60
A D 2 8 0
A P 1 220 0
A P 2 192 0
H 26 S 0 0 -35 0 -35 0 0 0 0
J N 7 1462 0 4 3457 576 1 27
K 0 0 43
K 0 0 59
K 0 -14 59
A D 2 8 0
A P 1 220 0
J N 8 1462 42 4 3457 0 0
K 0 0 42
K 0 0 60
K 0 14 60
A D 4 8 0
A P 2 186 0
J N 7 1518 7 4 5185 576 1 27
K 0 0 43
K 0 0 59
K 0 -14 59
A D 2 8 0
A P 1 215 0
H 27 S 0 14 0 0 0 0 0 0 0
J B 22 1573 1 82 6913 576 0
J N 8 1601 -35 8 1 0 1 28
K 1 21 45
K 1 7 45
K 0 0 42
K 0 7 45
K 1 7 45
K 0 0 59
K 0 -7 59
A D 4 8 0
A P 1 249 0
J N 8 1601 0 5 1 0 0
K 0 0 42
K 24 6 44
K 0 0 60
K 0 21 60
A D 6 8 0
A P 2 220 0
J N 8 1708 -28 8 3457 1152 2 29 28
K 1 14 45
K 1 0 45
K 0 0 42
K -1 0 45
K 2 0 45
K 0 0 59
K 0 -7 59
A D 4 8 1
A P 1 243 1
H 28 S 0 14 0 0 0 0 0 0 0
J N 7 1762 21 4 5185 576 0
K 0 0 43
K 0 0 60
K 0 21 60
A D 2 8 0
A P 2 203 0
J B 23 1815 1 82 6913 576 0
J N 7 1836 21 11 1 0 3 30 31 29
K 0 -35 45
K 0 -49 45
K 0 -49 43
K -1 -49 45
K 2 -49 45
K 0 0 43
K 0 -49 60
K 0 -21 60
K 0 0 60
K 0 21 60
A D 2 8 0
A P 1 243 0
A P 2 203 0
H 29 T -28 0 0 0 0 0 7 0
J N 7 1888 28 10 1729 576 2 30 31
K 0 -42 45
K 0 -49 43
K 0 -42 45
K 1 -42 45
K 0 0 43
K 0 -49 60
K 0 -21 60
K 0 0 60
K 0 21 60
A D 2 8 0
A P 1 237 0
A P 2 197 0
H 30 S 0 0 -49 0 -49 0 0 0 0
H 31 S 12 0 0 -14 0 0 0 0 0
J N 7 1940 -7 9 3457 576 2 32 33
K 0 -7 45
K 0 -14 43
K 0 -7 45
K 1 -7 45
K 0 0 43
K 0 -14 60
K 0 0 60
K 0 21 60
A D 2 8 0
A P 1 237 0
A P 2 226 0
J N 7 1993 0 9 5185 576 2 32 33
K 0 -14 45
K 0 -14 43
K -1 -14 45
K 2 -14 45
K 0 0 43
K 0 -14 60
K 0 0 60
K 0 21 60
A D 2 8 0
A P 1 232 0
A P 2 220 0
H 32 S 0 0 -14 0 -14 0 0 0 0
H 33 S 12 0 0 -14 0 0 0 0 0
J B 24 2050 1 82 6913 576 0
E *
L 535 0 0 330 330 * 0 14 0
J D 0 -130 42 1 6913 0 0
W 0 0 31 Fag 1-2
J C 22 5 14 36 6913 0 0
J K 2 57 0 2 6913 0 0
K 0 14 63
K 15 35 63
J D 0 71 -14 1 6913 0 0
W 0 0 0 \01\06
J N 7 130 -28 10 1 0 1 11
K 0 14 45
K 0 0 45
K 0 0 43
K -1 0 45
K 2 0 45
K 24 -6 44
K 2 88 110
K 0 0 60
K 0 28 60
A D 3 8 0
A P 3 175 0
J N 6 211 -35 8 2593 864 0
K 0 21 45
K 0 7 45
K 0 0 43
K 0 7 45
K 1 7 45
K 0 0 60
K 0 14 54
A D 1 8 0
A P 3 181 0
J N 7 243 -28 8 3457 288 0
K 0 14 45
K 0 0 45
K 0 0 43
K -1 0 45
K 2 0 45
K 0 0 60
K 0 28 60
A D 2 8 0
A P 3 175 0
J N 7 296 -21 7 5185 576 1 11
K 0 7 45
K 0 0 43
K 0 7 45
K 1 7 45
K 0 0 60
K 0 21 60
A D 2 8 0
A P 3 169 0
H 11 S 0 0 -7 0 -7 0 0 0 0
J B 17 351 1 82 6913 576 0
J N 7 372 -28 10 1 0 1 12
K 0 14 45
K 0 0 45
K 0 0 43
K -1 0 45
K 2 0 45
K 24 -6 44
K 2 88 110
K 0 0 60
K 0 28 60
A D 3 8 0
A P 3 175 0
J N 6 453 -35 8 2593 864 0
K 0 21 45
K 0 7 45
K 0 0 43
K 0 7 45
K 1 7 45
K 0 0 60
K 0 14 54
A D 1 8 0
A P 3 181 0
J N 7 493 -28 8 3457 288 0
K 0 14 45
K 0 0 45
K 0 0 43
K -1 0 45
K 2 0 45
K 0 0 60
K 0 28 60
A D 2 8 0
A P 3 175 0
J N 7 562 -21 7 5185 576 1 12
K 0 7 45
K 0 0 43
K 0 7 45
K 1 7 45
K 0 0 60
K 0 21 60
A D 2 8 0
A P 3 169 0
H 12 S 0 0 -7 0 -7 0 0 0 0
J B 18 622 1 82 6913 576 0
J N 7 643 -28 10 1 0 1 13
K 0 14 45
K 0 0 45
K 0 0 43
K -1 0 45
K 2 0 45
K 24 -6 44
K 2 88 110
K 0 0 60
K 0 28 60
A D 3 8 0
A P 3 175 0
J N 6 724 -35 8 2593 864 0
K 0 21 45
K 0 7 45
K 0 0 43
K 0 7 45
K 1 7 45
K 0 0 60
K 0 14 54
A D 1 8 0
A P 3 181 0
J N 7 751 -28 8 3457 288 0
K 0 14 45
K 0 0 45
K 0 0 43
K -1 0 45
K 2 0 45
K 0 0 60
K 0 28 60
A D 2 8 0
A P 3 175 0
J N 7 804 -21 7 5185 576 1 13
K 0 7 45
K 0 0 43
K 0 7 45
K 1 7 45
K 0 0 60
K 0 21 60
A D 2 8 0
A P 3 169 0
H 13 S 0 0 -7 0 -7 0 0 0 0
J B 19 859 1 82 6913 576 0
J N 7 880 0 4 1 0 1 14
K 0 0 43
K 0 0 59
K 0 -14 59
A D 2 8 0
A P 1 152 0
J N 7 880 0 4 1 0 0
K 0 0 43
K 0 0 60
K 0 21 60
A D 2 8 0
A P 2 152 0
J N 7 933 -14 13 1729 576 1 14
K 0 0 45
K 0 -14 45
K 0 -28 45
K 0 -28 43
K -1 -28 45
K 2 -28 45
K 0 0 43
K -1 0 45
K 2 0 45
K 0 -28 60
K 0 0 60
K 0 21 60
A D 2 8 0
A P 1 186 0
A P 2 164 0
H 14 S 0 6 -35 0 -28 0 0 0 0
J N 7 987 0 12 3457 576 1 15
K 0 -14 45
K 0 -28 45
K 0 -42 45
K 0 -42 43
K -1 -42 45
K 2 -42 45
K 0 0 43
K 0 -42 60
K 0 -14 60
K 0 0 60
K 0 21 60
A D 2 8 0
A P 1 186 0
A P 2 152 0
J N 7 1041 -21 12 5185 576 1 15
K 0 7 45
K 0 -7 45
K 0 -14 43
K 0 -7 45
K 1 -7 45
K 0 0 43
K 0 7 45
K 1 7 45
K 0 -14 60
K 0 0 60
K 0 21 60
A D 2 8 0
A P 1 181 0
A P 2 169 0
H 15 S 0 0 -42 0 -14 0 0 0 0
J B 20 1098 1 82 6913 576 0
J N 7 1119 0 11 1 0 1 16
K 0 -14 45
K 0 -28 45
K 0 -35 43
K 0 -28 45
K 1 -28 45
K 0 0 43
K 0 -35 60
K 0 -7 60
K 0 0 60
K 0 21 60
A D 2 8 0
A P 1 181 0
A P 2 152 0
J N 7 1172 7 11 1729 576 1 16
K 0 -21 45
K 0 -35 45
K 0 -35 43
K -1 -35 45
K 2 -35 45
K 0 0 43
K 0 -35 60
K 0 -7 60
K 0 0 60
K 0 21 60
A D 2 8 0
A P 1 175 0
A P 2 146 0
H 16 S 0 0 -35 0 -35 0 0 0 0
J N 7 1226 -7 12 3457 576 1 17
K 0 -7 45
K 0 -21 45
K 0 -35 45
K 0 -35 43
K -1 -35 45
K 2 -35 45
K 0 0 43
K 0 -35 60
K 0 -7 60
K 0 0 60
K 0 21 60
A D 2 8 0
A P 1 186 0
A P 2 158 0
J N 7 1279 7 11 5185 576 1 17
K 0 -21 45
K 0 -35 45
K 0 -35 43
K -1 -35 45
K 2 -35 45
K 0 0 43
K 0 -35 60
K 0 -7 60
K 0 0 60
K 0 21 60
A D 2 8 0
A P 1 175 0
A P 2 146 0
H 17 S 0 0 -35 0 -35 0 0 0 0
J B 21 1334 1 82 6913 576 0
J N 7 1355 7 11 1 0 1 18
K 0 -21 45
K 0 -35 45
K 0 -35 43
K -1 -35 45
K 2 -35 45
K 0 0 43
K 0 -35 60
K 0 -7 60
K 0 0 60
K 0 21 60
A D 2 8 0
A P 1 175 0
A P 2 146 0
J N 7 1408 14 10 1729 576 1 18
K 0 -28 45
K 0 -35 43
K 0 -28 45
K 1 -28 45
K 0 0 43
K 0 -35 60
K 0 -7 60
K 0 0 60
K 0 21 60
A D 2 8 0
A P 1 169 0
A P 2 141 0
H 18 S 0 0 -35 0 -35 0 0 0 0
J N 7 1462 -21 7 3457 576 1 19
K 1 7 45
K 0 0 43
K 0 7 45
K 1 7 45
K 0 0 59
K 0 -7 59
A D 2 8 0
A P 1 169 0
J N 7 1462 21 4 3457 0 0
K 0 0 43
K 0 0 60
K 0 21 60
A D 2 8 0
A P 2 135 0
J N 7 1518 -14 7 5185 576 1 19
K 1 0 45
K 0 0 43
K -1 0 45
K 2 0 45
K 0 0 59
K 0 -7 59
A D 2 8 0
A P 1 164 0
H 19 S 0 14 0 0 0 0 0 0 -13
J N 7 1508 -28 8 5185 0 0
K 0 14 45
K 0 0 45
K 0 0 43
K -1 0 45
K 2 0 45
K 0 0 60
K 0 28 60
A D 2 8 0
A P 2 175 0
J B 22 1573 1 82 6913 576 0
J N 9 1601 0 7 1 0 2 20 21
K 0 -14 45
K 6 -14 45
K 0 -21 41
K 0 -14 45
K 1 -14 45
K 0 0 41
A D 8 8 1
A P 1 169 1
A P 2 152 1
J B 23 1815 1 82 6913 2304 0
J N 7 1836 0 9 1 0 3 22 20 21
K 0 -14 45
K 0 -21 43
K 0 -14 45
K 1 -14 45
K 0 0 43
K 0 -21 60
K 0 0 60
K 0 21 60
A D 2 8 0
A P 1 169 0
A P 2 152 0
H 20 T -21 0 0 0 0 0 1 0
H 21 T 0 0 0 0 0 0 15 0
J N 7 1888 -14 12 1729 576 1 22
K 0 0 45
K 0 -14 45
K 0 -14 43
K -1 -14 45
K 2 -14 45
K 0 0 43
K -1 0 45
K 2 0 45
K 0 -14 60
K 0 0 60
K 0 21 60
A D 2 8 0
A P 1 175 0
A P 2 164 0
H 22 S 0 0 -21 0 -14 0 0 0 0
J N 7 1940 -28 13 3457 576 1 23
K 0 14 45
K 0 0 45
K 0 -14 45
K 0 -14 43
K -1 -14 45
K 2 -14 45
K 0 0 43
K -1 0 45
K 2 0 45
K 0 -14 60
K 0 0 60
K 0 28 60
A D 2 8 0
A P 1 186 0
A P 2 175 0
J N 7 1993 -21 12 5185 576 1 23
K 0 7 45
K 0 -7 45
K 0 -14 43
K 0 -7 45
K 1 -7 45
K 0 0 43
K 0 7 45
K 1 7 45
K 0 -14 60
K 0 0 60
K 0 21 60
A D 2 8 0
A P 1 181 0
A P 2 169 0
H 23 S 0 0 -14 0 -14 0 0 0 0
J B 24 2050 1 82 6913 576 0
E *
L 660 0 0 330 330 * 0 14 0
J D 0 -93 42 1 6913 0 0
W 0 0 31 Cfg.
J C 22 5 14 36 6913 0 0
J K 2 57 0 2 6913 0 0
K 0 14 63
K 15 35 63
J D 0 71 -14 1 6913 0 0
W 0 0 0 \01\06
J N 7 130 7 5 1 0 1 16
K 0 0 43
K 0 81 110
K 0 0 60
K 0 21 60
A D 2 8 0
A P 1 146 0
J N 7 184 0 4 1729 576 0
K 0 0 43
K 0 0 60
K 0 21 60
A D 2 8 0
A P 1 152 0
J N 7 243 7 4 3457 576 0
K 0 0 43
K 0 0 60
K 0 21 60
A D 2 8 0
A P 1 146 0
J N 7 296 14 4 5185 576 1 16
K 0 0 43
K 0 0 60
K 0 21 60
A D 2 8 0
A P 1 141 0
H 16 S 0 0 -7 0 -7 0 0 0 0
J B 17 351 1 82 6913 576 0
J N 7 372 7 5 1 0 1 17
K 0 0 43
K 0 81 110
K 0 0 60
K 0 21 60
A D 2 8 0
A P 1 146 0
J N 7 426 0 4 1729 576 0
K 0 0 43
K 0 0 60
K 0 21 60
A D 2 8 0
A P 1 152 0
J N 7 493 7 4 3457 576 0
K 0 0 43
K 0 0 60
K 0 21 60
A D 2 8 0
A P 1 146 0
J N 7 562 14 4 5185 576 1 17
K 0 0 43
K 0 0 60
K 0 21 60
A D 2 8 0
A P 1 141 0
H 17 S 0 0 -7 0 -7 0 0 0 0
J B 18 622 1 82 6913 576 0
J N 7 643 7 5 1 0 1 18
K 0 0 43
K 0 81 110
K 0 0 60
K 0 21 60
A D 2 8 0
A P 1 146 0
J N 7 697 0 4 1729 576 0
K 0 0 43
K 0 0 60
K 0 21 60
A D 2 8 0
A P 1 152 0
J N 7 751 7 4 3457 576 0
K 0 0 43
K 0 0 60
K 0 21 60
A D 2 8 0
A P 1 146 0
J N 7 804 14 4 5185 576 1 18
K 0 0 43
K 0 0 60
K 0 21 60
A D 2 8 0
A P 1 141 0
H 18 S 0 0 -7 0 -7 0 0 0 0
J B 19 859 1 82 6913 576 0
J N 7 880 21 4 1 0 0
K 0 0 43
K 0 0 60
K 0 21 60
A D 2 8 0
A P 1 135 0
J N 7 933 -28 8 1729 576 0
K 0 14 45
K 0 0 45
K 0 0 43
K -1 0 45
K 2 0 45
K 0 0 60
K 0 28 60
A D 2 8 0
A P 1 175 0
J N 7 987 28 4 3457 576 0
K 0 0 43
K 0 0 60
K 0 21 60
A D 2 8 0
A P 1 129 0
J N 7 1041 -21 7 5185 576 0
K 0 7 45
K 0 0 43
K 0 7 45
K 1 7 45
K 0 0 60
K 0 21 60
A D 2 8 0
A P 1 169 0
J B 20 1098 1 82 6913 576 0
J N 7 1119 7 4 1 0 0
K 0 0 43
K 0 0 60
K 0 21 60
A D 2 8 0
A P 1 146 0
J N 7 1172 7 4 1729 576 0
K 0 0 43
K 0 0 60
K 0 21 60
A D 2 8 0
A P 1 146 0
J N 7 1226 56 4 3457 576 0
K 0 0 43
K 0 0 59
K 0 -21 59
A D 2 8 0
A P 1 106 0
J N 7 1279 7 4 5185 576 0
K 0 0 43
K 0 0 60
K 0 21 60
A D 2 8 0
A P 1 146 0
J B 21 1334 1 82 6913 576 0
J N 7 1355 49 4 1 0 0
K 0 0 43
K 0 0 59
K 0 -21 59
A D 2 8 0
A P 1 112 0
J N 7 1408 0 4 1729 576 0
K 0 0 43
K 0 0 60
K 0 21 60
A D 2 8 0
A P 1 152 0
J N 7 1462 56 4 3457 576 0
K 0 0 43
K 0 0 59
K 0 -21 59
A D 2 8 0
A P 1 106 0
J N 7 1518 7 4 5185 576 0
K 0 0 43
K 0 0 60
K 0 21 60
A D 2 8 0
A P 1 146 0
J B 22 1573 1 82 6913 576 0
J N 7 1601 63 4 1 0 0
K 0 0 43
K 0 0 59
K 0 -21 59
A D 2 8 0
A P 1 101 0
J N 7 1655 14 4 1729 576 0
K 0 0 43
K 0 0 60
K 0 21 60
A D 2 8 0
A P 1 141 0
J N 7 1708 14 4 3457 576 0
K 0 0 43
K 0 0 60
K 0 21 60
A D 2 8 0
A P 1 141 0
J N 7 1762 -35 9 5185 576 0
K 0 21 45
K 0 7 45
K 0 0 43
K 0 7 45
K 1 7 45
K 0 0 60
K 0 28 60
K 0 35 60
A D 2 8 0
A P 1 181 0
J B 23 1815 1 82 6913 576 0
J N 7 1836 21 4 1 0 0
K 0 0 43
K 0 0 60
K 0 21 60
A D 2 8 0
A P 1 135 0
J N 7 1888 -28 8 1729 576 0
K 0 14 45
K 0 0 45
K 0 0 43
K -1 0 45
K 2 0 45
K 0 0 60
K 0 28 60
A D 2 8 0
A P 1 175 0
J N 7 1940 28 4 3457 576 0
K 0 0 43
K 0 0 60
K 0 21 60
A D 2 8 0
A P 1 129 0
J N 7 1993 -21 7 5185 576 0
K 0 7 45
K 0 0 43
K 0 7 45
K 1 7 45
K 0 0 60
K 0 21 60
A D 2 8 0
A P 1 169 0
J B 24 2050 1 82 6913 576 0
E *
L 790 0 0 330 330 * 0 14 0
J D 0 -146 42 1 6913 0 0
W 0 -21 31 Cor 1-2
J D 0 -146 42 1 6913 0 0
W 0 21 31 (D)
J C 4 5 42 2 6913 0 0
K 0 0 33
K 0 0 34
J K 0 57 0 0 6913 0 0
J D 0 71 -14 1 6913 0 0
W 0 0 0 \01\06
J N 9 130 42 3 1 0 4 11 12 9 10
K 0 -49 41
K 0 0 41
A D 8 8 1
A P 1 226 1
A P 2 186 1
J M 0 78 0 0 6913 0 1 9
H 9 T -7 0 0 0 0 0 1 0
J M 0 78 0 0 6913 0 1 10
H 10 T 42 0 0 0 0 0 15 0
J B 17 351 1 82 6913 2304 0
J N 9 372 42 3 1 0 4 13 14 11 12
K 0 -49 41
K 0 0 41
A D 8 8 1
A P 1 226 1
A P 2 186 1
H 11 T -7 0 0 0 0 0 1 0
H 12 T 42 0 0 0 0 0 15 0
J B 18 622 1 82 6913 2304 0
J N 9 643 42 3 1 0 2 13 14
K 0 -49 41
K 0 0 41
A D 8 8 0
A P 1 226 0
A P 2 186 0
H 13 T -7 0 0 0 0 0 1 0
H 14 T 42 0 0 0 0 0 15 0
J B 19 859 1 82 6913 2304 0
J N 8 880 42 7 1 0 0
K 0 -49 42
K 0 0 42
K 0 -49 60
K 0 -21 60
K 0 0 60
K 0 14 60
A D 4 8 0
A P 1 226 0
A P 2 186 0
J N 8 987 21 10 3457 1152 0
K 1 49 45
K 0 0 42
K 0 49 42
K -1 49 45
K 2 49 45
K 0 49 59
K 0 21 59
K 0 0 59
K 0 -14 59
A D 4 8 0
A P 1 203 0
A P 2 163 0
J B 20 1098 1 82 6913 1152 0
J N 9 1119 0 2 1 0 0
K 0 0 41
A D 8 8 0
A P 1 220 0
J N 9 1140 0 2 1 0 0
K 0 0 41
A D 8 8 0
A P 2 220 0
J B 21 1334 1 82 6913 2304 0
J N 7 1355 14 6 1 0 1 15
K 0 -14 43
K 0 0 43
K 0 -14 60
K 0 0 60
K 0 21 60
A D 2 8 0
A P 1 220 0
A P 2 209 0
J N 7 1408 21 6 1729 576 1 15
K 0 -14 43
K 0 0 43
K 0 -14 60
K 0 0 60
K 0 21 60
A D 2 8 0
A P 1 215 0
A P 2 203 0
H 15 S 0 0 -14 0 -14 0 0 0 0
J N 8 1462 42 6 3457 576 0
K 0 -28 42
K 0 0 42
K 0 -28 60
K 0 0 60
K 0 14 60
A D 4 8 0
A P 1 209 0
A P 2 186 0
J B 22 1573 1 82 6913 1152 0
J N 8 1601 21 10 1 0 0
K 1 49 45
K 0 0 42
K 0 49 42
K -1 49 45
K 2 49 45
K 0 49 59
K 0 21 59
K 0 0 59
K 0 -14 59
A D 4 8 0
A P 1 203 0
A P 2 163 0
J N 8 1708 42 7 3457 1152 2 16 17
K 0 -49 42
K 0 0 42
K 0 -49 60
K 0 -21 60
K 0 0 60
K 0 14 60
A D 4 8 1
A P 1 226 1
A P 2 186 1
J B 23 1815 1 82 6913 1152 0
J N 7 1836 42 7 1 0 2 16 17
K 0 -49 43
K 0 0 43
K 0 -49 60
K 0 -21 60
K 0 0 60
K 0 14 60
A D 2 8 0
A P 1 226 0
A P 2 186 0
H 16 T -7 0 0 0 0 0 1 0
H 17 T 42 0 0 0 0 0 15 0
J N 8 1888 42 7 1729 576 0
K 0 -49 42
K 0 0 42
K 0 -49 60
K 0 -21 60
K 0 0 60
K 0 14 60
A D 4 8 0
A P 1 226 0
A P 2 186 0
J N 7 1993 21 10 5185 1152 2 18 19
K 1 49 45
K 0 0 43
K 0 49 43
K -1 49 45
K 2 49 45
K 0 49 59
K 0 21 59
K 0 0 59
K 0 -14 59
A D 2 8 1
A P 1 203 1
A P 2 163 1
J B 24 2050 1 82 6913 576 0
J M 0 2050 0 0 6913 0 1 18
H 18 T 21 0 0 0 0 0 3 0
J M 0 2050 0 0 6913 0 1 19
H 19 T 70 0 0 0 0 0 7 0
E *
L 920 0 0 330 330 * 0 14 0
J D 0 -146 42 1 6913 0 0
W 0 -21 31 Cor 3-4
J D 0 -146 42 1 6913 0 0
W 0 21 31 (D)
J C 4 5 42 2 6913 0 0
K 0 0 33
K 0 0 34
J K 0 57 0 0 6913 0 0
J D 0 71 -14 1 6913 0 0
W 0 0 0 \01\06
J N 7 130 14 6 1 0 1 6
K 0 0 43
K 24 -6 44
K 2 60 110
K 0 0 60
K 0 21 60
A D 3 8 0
A P 3 209 0
J N 6 211 7 3 2593 864 0
K 0 0 43
K 0 0 54
A D 1 8 0
A P 3 215 0
J N 7 243 14 4 3457 288 0
K 0 0 43
K 0 0 60
K 0 21 60
A D 2 8 0
A P 3 209 0
J N 7 296 21 4 5185 576 1 6
K 0 0 43
K 0 0 60
K 0 21 60
A D 2 8 0
A P 3 203 0
H 6 S 0 0 -7 0 -7 0 0 0 0
J B 17 351 1 82 6913 576 0
J N 7 372 14 6 1 0 1 7
K 0 0 43
K 24 -6 44
K 2 60 110
K 0 0 60
K 0 21 60
A D 3 8 0
A P 3 209 0
J N 6 453 7 3 2593 864 0
K 0 0 43
K 0 0 54
A D 1 8 0
A P 3 215 0
J N 7 493 14 4 3457 288 0
K 0 0 43
K 0 0 60
K 0 21 60
A D 2 8 0
A P 3 209 0
J N 7 562 21 4 5185 576 1 7
K 0 0 43
K 0 0 60
K 0 21 60
A D 2 8 0
A P 3 203 0
H 7 S 0 0 -7 0 -7 0 0 0 0
J B 18 622 1 82 6913 576 0
J N 7 643 14 6 1 0 1 8
K 0 0 43
K 24 -6 44
K 2 60 110
K 0 0 60
K 0 21 60
A D 3 8 0
A P 3 209 0
J N 6 724 7 3 2593 864 0
K 0 0 43
K 0 0 54
A D 1 8 0
A P 3 215 0
J N 7 751 14 4 3457 288 0
K 0 0 43
K 0 0 60
K 0 21 60
A D 2 8 0
A P 3 209 0
J N 7 804 21 4 5185 576 1 8
K 0 0 43
K 0 0 60
K 0 21 60
A D 2 8 0
A P 3 203 0
H 8 S 0 0 -7 0 -7 0 0 0 0
J B 19 859 1 82 6913 576 0
J N 8 880 0 4 1 0 0
K 0 0 42
K 0 0 59
K 0 -14 59
A D 4 8 0
A P 1 220 0
J N 8 880 0 4 1 0 0
K 0 0 42
K 0 0 60
K 0 21 60
A D 4 8 0
A P 2 220 0
J N 7 987 14 6 3457 1152 1 9
K 0 -14 43
K 0 0 43
K 0 -14 60
K 0 0 60
K 0 21 60
A D 2 8 0
A P 1 220 0
A P 2 209 0
J N 7 1041 21 6 5185 576 1 9
K 0 -14 43
K 0 0 43
K 0 -14 60
K 0 0 60
K 0 21 60
A D 2 8 0
A P 1 215 0
A P 2 203 0
H 9 S 0 0 -14 0 -14 0 0 0 0
J B 20 1098 1 82 6913 576 0
J R 7 1119 28 2 1 0 0
K 0 0 48
A D 2 8 0
A P 1 0 0
J N 7 1172 14 6 1729 576 0
K 0 -14 43
K 0 0 43
K 0 -14 60
K 0 0 60
K 0 21 60
A D 2 8 0
A P 1 220 0
A P 2 209 0
J N 7 1226 14 6 3457 576 0
K 0 -14 43
K 0 0 43
K 0 -14 60
K 0 0 60
K 0 21 60
A D 2 8 0
A P 1 220 0
A P 2 209 0
J N 7 1279 14 6 5185 576 0
K 0 -14 43
K 0 0 43
K 0 -14 60
K 0 0 60
K 0 21 60
A D 2 8 0
A P 1 220 0
A P 2 209 0
J B 21 1334 1 82 6913 576 0
J N 7 1355 14 6 1 0 1 10
K 0 -14 43
K 0 0 43
K 0 -14 60
K 0 0 60
K 0 21 60
A D 2 8 0
A P 1 220 0
A P 2 209 0
J N 7 1408 21 6 1729 576 1 10
K 0 -14 43
K 0 0 43
K 0 -14 60
K 0 0 60
K 0 21 60
A D 2 8 0
A P 1 215 0
A P 2 203 0
H 10 S 0 0 -14 0 -14 0 0 0 0
J N 8 1462 42 6 3457 576 0
K 0 -28 42
K 0 0 42
K 0 -28 60
K 0 0 60
K 0 14 60
A D 4 8 0
A P 1 209 0
A P 2 186 0
J B 22 1573 1 82 6913 1152 0
J N 8 1601 21 10 1 0 0
K 1 49 45
K 0 0 42
K 0 49 42
K -1 49 45
K 2 49 45
K 0 49 59
K 0 21 59
K 0 0 59
K 0 -14 59
A D 4 8 0
A P 1 203 0
A P 2 163 0
J N 8 1708 7 4 3457 1152 1 11
K 0 0 42
K 0 0 59
K 0 -14 59
A D 4 8 0
A P 1 215 0
J N 8 1708 56 4 3457 0 1 12
K 0 0 42
K 0 0 60
K 0 14 60
A D 4 8 0
A P 2 175 0
J B 23 1815 1 82 6913 1152 0
J N 8 1836 0 4 1 0 1 11
K 0 0 42
K 0 0 59
K 0 -14 59
A D 4 8 0
A P 1 220 0
H 11 S 0 14 0 0 0 0 0 0 0
J N 7 1836 42 4 1 0 1 12
K 0 0 43
K 0 0 60
K 0 14 60
A D 2 8 0
A P 2 186 0
H 12 S 12 0 0 -14 0 0 0 0 0
J N 7 1888 42 4 1729 576 0
K 0 0 43
K 0 0 60
K 0 14 60
A D 2 8 0
A P 2 186 0
J N 7 1940 14 6 3457 576 2 13 14
K 0 -14 43
K 0 0 43
K 0 -14 60
K 0 0 60
K 0 21 60
A D 2 8 0
A P 1 220 0
A P 2 209 0
J N 7 1993 21 6 5185 576 2 13 14
K 0 -14 43
K 0 0 43
K 0 -14 60
K 0 0 60
K 0 21 60
A D 2 8 0
A P 1 215 0
A P 2 203 0
H 13 S 0 0 -14 0 -14 0 0 0 0
H 14 S 12 0 0 -14 0 0 0 0 0
J B 24 2050 1 82 6913 576 0
E *
L 1050 0 0 330 330 * 0 14 0
J D 0 -111 42 1 6913 0 0
W 0 -21 31 Tr 1-2
J D 0 -111 42 1 6913 0 0
W 0 21 31 (D)
J C 4 5 42 2 6913 0 0
K 0 0 33
K 0 0 34
J K 0 57 0 0 6913 0 0
J D 0 71 -14 1 6913 0 0
W 0 0 0 \01\06
J N 9 130 42 3 1 0 4 4 5 2 3
K 0 -49 41
K 0 0 41
A D 8 8 1
A P 1 226 1
A P 2 186 1
J M 0 78 0 0 6913 0 1 2
H 2 T -7 0 0 0 0 0 1 0
J M 0 78 0 0 6913 0 1 3
H 3 T 42 0 0 0 0 0 15 0
J B 17 351 1 82 6913 2304 0
J N 9 372 42 3 1 0 4 6 7 4 5
K 0 -49 41
K 0 0 41
A D 8 8 1
A P 1 226 1
A P 2 186 1
H 4 T -7 0 0 0 0 0 1 0
H 5 T 42 0 0 0 0 0 15 0
J B 18 622 1 82 6913 2304 0
J N 9 643 42 3 1 0 2 6 7
K 0 -49 41
K 0 0 41
A D 8 8 0
A P 1 226 0
A P 2 186 0
H 6 T -7 0 0 0 0 0 1 0
H 7 T 42 0 0 0 0 0 15 0
J B 19 859 1 82 6913 2304 0
J N 7 880 42 7 1 0 0
K 0 -49 43
K 0 0 43
K 0 -49 60
K 0 -21 60
K 0 0 60
K 0 14 60
A D 2 8 0
A P 1 226 0
A P 2 186 0
J R 7 933 28 2 1729 576 0
K 0 0 48
A D 2 8 0
A P 1 0 0
J N 7 987 21 10 3457 576 0
K 1 49 45
K 0 0 43
K 0 49 43
K -1 49 45
K 2 49 45
K 0 49 59
K 0 21 59
K 0 0 59
K 0 -14 59
A D 2 8 0
A P 1 203 0
A P 2 163 0
J R 7 1041 28 2 5185 576 0
K 0 0 48
A D 2 8 0
A P 1 0 0
J B 20 1098 1 82 6913 576 0
J N 7 1119 21 10 1 0 0
K 1 49 45
K 0 0 43
K 0 49 43
K -1 49 45
K 2 49 45
K 0 49 59
K 0 21 59
K 0 0 59
K 0 -14 59
A D 2 8 0
A P 1 203 0
A P 2 163 0
J R 7 1172 28 2 1729 576 0
K 0 0 48
A D 2 8 0
A P 1 0 0
J N 7 1226 21 10 3457 576 0
K 1 49 45
K 0 0 43
K 0 49 43
K -1 49 45
K 2 49 45
K 0 49 59
K 0 21 59
K 0 0 59
K 0 -14 59
A D 2 8 0
A P 1 203 0
A P 2 163 0
J R 7 1279 28 2 5185 576 0
K 0 0 48
A D 2 8 0
A P 1 0 0
J B 21 1334 1 82 6913 576 0
J N 7 1355 42 11 1 0 0
K 1 28 45
K 1 42 45
K 0 0 43
K 0 49 43
K 0 42 45
K 1 42 45
K 0 49 59
K 0 21 59
K 0 0 59
K 0 -21 59
A D 2 8 0
A P 1 186 0
A P 2 146 0
J R 7 1408 28 2 1729 576 0
K 0 0 48
A D 2 8 0
A P 1 0 0
J N 7 1462 42 11 3457 576 0
K 1 28 45
K 1 42 45
K 0 0 43
K 0 49 43
K 0 42 45
K 1 42 45
K 0 49 59
K 0 21 59
K 0 0 59
K 0 -21 59
A D 2 8 0
A P 1 186 0
A P 2 146 0
J R 7 1518 28 2 5185 576 0
K 0 0 48
A D 2 8 0
A P 1 0 0
J B 22 1573 1 82 6913 576 0
J N 8 1601 21 10 1 0 0
K 1 49 45
K 0 0 42
K 0 49 42
K -1 49 45
K 2 49 45
K 0 49 59
K 0 21 59
K 0 0 59
K 0 -14 59
A D 4 8 0
A P 1 203 0
A P 2 163 0
J N 8 1708 42 7 3457 1152 0
K 0 -49 42
K 0 0 42
K 0 -49 60
K 0 -21 60
K 0 0 60
K 0 14 60
A D 4 8 0
A P 1 226 0
A P 2 186 0
J B 23 1815 1 82 6913 1152 0
J N 7 1836 42 7 1 0 0
K 0 -49 43
K 0 0 43
K 0 -49 60
K 0 -21 60
K 0 0 60
K 0 14 60
A D 2 8 0
A P 1 226 0
A P 2 186 0
J R 7 1888 28 2 1729 576 0
K 0 0 48
A D 2 8 0
A P 1 0 0
J N 7 1940 21 10 3457 576 0
K 1 49 45
K 0 0 43
K 0 49 43
K -1 49 45
K 2 49 45
K 0 49 59
K 0 21 59
K 0 0 59
K 0 -14 59
A D 2 8 0
A P 1 203 0
A P 2 163 0
J R 7 1993 28 2 5185 576 0
K 0 0 48
A D 2 8 0
A P 1 0 0
J B 24 2050 1 82 6913 576 0
E *
L 1175 0 0 330 330 * 0 14 0
J D 0 -127 42 1 6913 0 0
W 0 -21 31 Tbni.
J D 0 -127 42 1 6913 0 0
W 0 21 31 A & T
J C 12 5 14 35 6913 0 0
J K 2 57 0 2 6913 0 0
K 0 42 63
K 15 14 63
J D 0 71 -14 1 6913 0 0
W 0 0 0 \01\06
J N 7 130 28 7 1 0 2 9 10
K 0 -28 43
K 0 0 43
K 2 60 110
K 0 -28 60
K 0 0 60
K 0 21 60
A D 1 4 0
A P 1 175 0
A P 2 152 0
J M 0 78 0 0 6913 0 1 9
H 9 T 28 0 0 0 0 0 15 0
J M 0 95 0 0 6913 0 1 10
H 10 S 0 0 3 0 -28 0 0 0
J R 7 184 28 2 1729 576 0
K 0 0 48
A D 1 4 1
A P 1 0 1
J R 7 243 28 2 3457 576 0
K 0 0 48
A D 1 4 0
A P 1 0 0
J N 7 296 28 6 5185 576 2 11 12
K 0 -21 43
K 0 0 43
K 0 -21 60
K 0 0 60
K 0 21 60
A D 1 4 2
A P 1 169 0
A P 2 152 1
J B 17 351 1 82 6913 576 0
J N 7 372 28 7 1 0 2 11 12
K 0 -28 43
K 0 0 43
K 2 60 110
K 0 -28 60
K 0 0 60
K 0 21 60
A D 1 4 0
A P 1 175 0
A P 2 152 0
H 11 T 28 0 0 0 0 0 15 0
H 12 S 0 0 -21 0 -28 0 0 0 0
J R 7 426 28 2 1729 576 0
K 0 0 48
A D 1 4 1
A P 1 0 1
J R 7 493 28 2 3457 576 0
K 0 0 48
A D 1 4 0
A P 1 0 0
J N 7 562 28 6 5185 576 2 13 14
K 0 -21 43
K 0 0 43
K 0 -21 60
K 0 0 60
K 0 21 60
A D 1 4 2
A P 1 169 0
A P 2 152 1
J B 18 622 1 82 6913 576 0
J N 7 643 28 7 1 0 2 13 14
K 0 -28 43
K 0 0 43
K 2 60 110
K 0 -28 60
K 0 0 60
K 0 21 60
A D 1 4 0
A P 1 175 0
A P 2 152 0
H 13 T 28 0 0 0 0 0 15 0
H 14 S 0 0 -21 0 -28 0 0 0 0
J R 7 697 28 2 1729 576 0
K 0 0 48
A D 1 4 1
A P 1 0 1
J R 7 751 28 2 3457 576 0
K 0 0 48
A D 1 4 0
A P 1 0 0
J N 7 804 28 6 5185 576 2 15 16
K 0 -21 43
K 0 0 43
K 0 -21 60
K 0 0 60
K 0 21 60
A D 1 4 2
A P 1 169 0
A P 2 152 1
J B 19 859 1 82 6913 576 0
J N 7 880 28 10 1 0 2 15 16
K 0 -42 45
K 0 -42 43
K -1 -42 45
K 2 -42 45
K 0 0 43
K 0 -42 60
K 0 -14 60
K 0 0 60
K 0 21 60
A D 1 4 0
A P 1 186 0
A P 2 152 0
H 15 T 28 0 0 0 0 0 15 0
H 16 S 0 0 -21 0 -42 0 0 0 0
J R 7 933 28 2 1729 576 0
K 0 0 48
A D 1 4 0
A P 1 0 0
J N 7 987 28 6 3457 576 0
K 0 -21 43
K 0 0 43
K 0 -21 60
K 0 0 60
K 0 21 60
A D 1 4 0
A P 1 169 0
A P 2 152 0
J R 7 1041 28 2 5185 576 0
K 0 0 48
A D 1 4 0
A P 1 0 0
J B 20 1098 1 82 6913 576 0
J N 7 1119 35 10 1 0 0
K 0 -49 45
K 0 -49 43
K -1 -49 45
K 2 -49 45
K 0 0 43
K 0 -49 60
K 0 -21 60
K 0 0 60
K 0 14 60
A D 1 4 0
A P 1 186 0
A P 2 146 0
J R 7 1172 28 2 1729 576 0
K 0 0 48
A D 1 4 0
A P 1 0 0
J N 7 1226 35 10 3457 576 0
K 0 -49 45
K 0 -49 43
K -1 -49 45
K 2 -49 45
K 0 0 43
K 0 -49 60
K 0 -21 60
K 0 0 60
K 0 14 60
A D 1 4 0
A P 1 186 0
A P 2 146 0
J R 7 1279 28 2 5185 576 0
K 0 0 48
A D 1 4 0
A P 1 0 0
J B 21 1334 1 82 6913 576 0
J R 8 1355 28 2 1 0 0
K 0 0 47
A D 2 4 0
A P 1 0 0
J N 7 1462 28 6 3457 1152 0
K 0 -28 43
K 0 0 43
K 0 -28 60
K 0 0 60
K 0 21 60
A D 1 4 0
A P 1 175 0
A P 2 152 0
J R 7 1518 28 2 5185 576 0
K 0 0 48
A D 1 4 0
A P 1 0 0
J B 22 1573 1 82 6913 576 0
J N 7 1601 7 4 1 0 0
K 0 0 43
K 0 0 59
K 0 -14 59
A D 1 4 0
A P 1 169 0
J N 7 1594 -7 4 1 0 0
K 0 0 43
K 0 0 60
K 0 21 60
A D 1 4 0
A P 2 181 0
J R 7 1655 28 2 1729 576 0
K 0 0 48
A D 1 4 0
A P 1 0 0
J N 7 1708 28 10 3457 576 0
K 0 -42 45
K 0 -49 43
K 0 -42 45
K 1 -42 45
K 0 0 43
K 0 -49 60
K 0 -21 60
K 0 0 60
K 0 21 60
A D 1 4 0
A P 1 192 0
A P 2 152 0
J R 7 1762 28 2 5185 576 0
K 0 0 48
A D 1 4 0
A P 1 0 0
J B 23 1815 1 82 6913 576 0
J N 7 1836 0 9 1 0 0
K 0 -14 45
K 0 -14 43
K -1 -14 45
K 2 -14 45
K 0 0 43
K 0 -14 60
K 0 0 60
K 0 21 60
A D 1 4 0
A P 1 186 0
A P 2 175 0
J R 7 1888 28 2 1729 576 0
K 0 0 48
A D 1 4 0
A P 1 0 0
J N 7 1940 7 4 3457 576 0
K 0 0 43
K 0 0 59
K 0 -14 59
A D 1 4 0
A P 1 169 0
J N 7 1940 7 4 3457 0 0
K 0 0 43
K 0 0 60
K 0 21 60
A D 1 4 0
A P 2 169 0
J R 7 1993 28 2 5185 576 0
K 0 0 48
A D 1 4 0
A P 1 0 0
J B 24 2050 1 82 6913 576 0
E *
L 1300 0 0 330 330 * 0 14 0
J D 0 -116 42 1 6913 0 0
W 0 -21 31 Tbn.
J D 0 -116 42 1 6913 0 0
W 0 21 31 Basso
J C 22 5 14 36 6913 0 0
J K 2 57 0 2 6913 0 0
K 0 14 63
K 15 35 63
J D 0 71 -14 1 6913 0 0
W 0 0 0 \01\06
J N 7 130 7 5 1 0 1 5
K 0 0 43
K 0 78 110
K 0 0 60
K 0 21 60
A D 1 4 0
A P 1 146 0
J M 0 95 0 0 6913 0 1 5
H 5 S 0 0 10 0 0 0 0 0
J R 7 184 28 2 1729 576 0
K 0 0 48
A D 1 4 1
A P 1 0 1
J R 7 243 28 2 3457 576 0
K 0 0 48
A D 1 4 0
A P 1 0 0
J N 7 296 14 4 5185 576 1 6
K 0 0 43
K 0 0 60
K 0 21 60
A D 1 4 0
A P 1 141 0
J B 17 351 1 82 6913 576 0
J N 7 372 7 5 1 0 1 6
K 0 0 43
K 0 78 110
K 0 0 60
K 0 21 60
A D 1 4 0
A P 1 146 0
H 6 S 0 0 0 0 0 0 0 0 0
J R 7 426 28 2 1729 576 0
K 0 0 48
A D 1 4 1
A P 1 0 1
J R 7 493 28 2 3457 576 0
K 0 0 48
A D 1 4 0
A P 1 0 0
J N 7 562 14 4 5185 576 1 7
K 0 0 43
K 0 0 60
K 0 21 60
A D 1 4 0
A P 1 141 0
J B 18 622 1 82 6913 576 0
J N 7 643 7 5 1 0 1 7
K 0 0 43
K 0 78 110
K 0 0 60
K 0 21 60
A D 1 4 0
A P 1 146 0
H 7 S 0 0 0 0 0 0 0 0 0
J R 7 697 28 2 1729 576 0
K 0 0 48
A D 1 4 1
A P 1 0 1
J R 7 751 28 2 3457 576 0
K 0 0 48
A D 1 4 0
A P 1 0 0
J N 7 804 14 4 5185 576 1 8
K 0 0 43
K 0 0 60
K 0 21 60
A D 1 4 0
A P 1 141 0
J B 19 859 1 82 6913 576 0
J N 7 880 21 4 1 0 1 8
K 0 0 43
K 0 0 60
K 0 21 60
A D 1 4 0
A P 1 135 0
H 8 S 0 0 0 0 0 0 0 0 0
J R 7 933 28 2 1729 576 0
K 0 0 48
A D 1 4 0
A P 1 0 0
J N 7 987 28 4 3457 576 0
K 0 0 43
K 0 0 60
K 0 21 60
A D 1 4 0
A P 1 129 0
J R 7 1041 28 2 5185 576 0
K 0 0 48
A D 1 4 0
A P 1 0 0
J B 20 1098 1 82 6913 576 0
J N 7 1119 7 4 1 0 0
K 0 0 43
K 0 0 60
K 0 21 60
A D 1 4 0
A P 1 146 0
J R 7 1172 28 2 1729 576 0
K 0 0 48
A D 1 4 0
A P 1 0 0
J N 7 1226 7 4 3457 576 0
K 0 0 43
K 0 0 60
K 0 21 60
A D 1 4 0
A P 1 146 0
J R 7 1279 28 2 5185 576 0
K 0 0 48
A D 1 4 0
A P 1 0 0
J B 21 1334 1 82 6913 576 0
J N 7 1355 0 4 1 0 0
K 0 0 43
K 0 0 60
K 0 21 60
A D 1 4 0
A P 1 152 0
J R 7 1408 28 2 1729 576 0
K 0 0 48
A D 1 4 0
A P 1 0 0
J N 7 1462 7 4 3457 576 0
K 0 0 43
K 0 0 60
K 0 21 60
A D 1 4 0
A P 1 146 0
J R 7 1518 28 2 5185 576 0
K 0 0 48
A D 1 4 0
A P 1 0 0
J B 22 1573 1 82 6913 576 0
J N 7 1601 14 4 1 0 0
K 0 0 43
K 0 0 60
K 0 21 60
A D 1 4 0
A P 1 141 0
J R 7 1655 28 2 1729 576 0
K 0 0 48
A D 1 4 0
A P 1 0 0
J N 7 1708 14 4 3457 576 0
K 0 0 43
K 0 0 60
K 0 21 60
A D 1 4 0
A P 1 141 0
J R 7 1762 28 2 5185 576 0
K 0 0 48
A D 1 4 0
A P 1 0 0
J B 23 1815 1 82 6913 576 0
J N 7 1836 21 4 1 0 0
K 0 0 43
K 0 0 60
K 0 21 60
A D 1 4 0
A P 1 135 0
J R 7 1888 28 2 1729 576 0
K 0 0 48
A D 1 4 0
A P 1 0 0
J N 7 1940 28 4 3457 576 0
K 0 0 43
K 0 0 60
K 0 21 60
A D 1 4 0
A P 1 129 0
J R 7 1993 28 2 5185 576 0
K 0 0 48
A D 1 4 0
A P 1 0 0
J B 24 2050 1 82 6913 576 0
E *
L 1420 0 0 330 330 * 0 14 0
J D 0 -109 42 1 6913 0 0
W 0 0 31 Timp.
J C 22 5 14 36 6913 0 0
J K 0 57 0 0 6913 0 0
J D 0 71 -14 1 6913 0 0
W 0 0 0 \01\06
J N 8 130 49 7 1 0 0
K 0 0 42
K -8 39 110
K 0 -17 59
K 0 0 59
K 0 -16 59
K 0 -35 125
A D 4 8 0
A P 1 112 0
J N 8 243 49 6 3457 1152 0
K 0 0 42
K 0 -17 59
K 0 0 59
K 0 -16 59
K 0 -35 125
A D 4 8 0
A P 1 112 0
J B 17 351 1 82 6913 1152 0
J N 8 372 49 7 1 0 0
K 0 0 42
K -8 39 110
K 0 -17 59
K 0 0 59
K 0 -16 59
K 0 -35 125
A D 4 8 0
A P 1 112 0
J N 8 493 49 6 3457 1152 0
K 0 0 42
K 0 -17 59
K 0 0 59
K 0 -16 59
K 0 -35 125
A D 4 8 0
A P 1 112 0
J B 18 622 1 82 6913 1152 0
J N 8 643 49 7 1 0 0
K 0 0 42
K -8 39 110
K 0 -17 59
K 0 0 59
K 0 -16 59
K 0 -35 125
A D 4 8 0
A P 1 112 0
J N 8 751 49 6 3457 1152 0
K 0 0 42
K 0 -17 59
K 0 0 59
K 0 -16 59
K 0 -35 125
A D 4 8 0
A P 1 112 0
J B 19 859 1 82 6913 1152 0
J N 7 880 49 4 1 0 0
K 0 0 43
K 0 0 59
K 0 -21 59
A D 2 8 0
A P 1 112 0
J R 7 933 28 2 1729 576 0
K 0 0 48
A D 2 8 0
A P 1 0 0
J N 7 987 28 4 3457 576 0
K 0 0 43
K 0 0 60
K 0 21 60
A D 2 8 0
A P 1 129 0
J R 7 1041 28 2 5185 576 0
K 0 0 48
A D 2 8 0
A P 1 0 0
J B 20 1098 1 82 6913 576 0
J N 7 1119 28 4 1 0 0
K 0 0 43
K 0 0 60
K 0 21 60
A D 2 8 0
A P 1 129 0
J R 7 1172 28 2 1729 576 0
K 0 0 48
A D 2 8 0
A P 1 0 0
J N 7 1226 28 4 3457 576 0
K 0 0 43
K 0 0 60
K 0 21 60
A D 2 8 0
A P 1 129 0
J R 7 1279 28 2 5185 576 0
K 0 0 48
A D 2 8 0
A P 1 0 0
J B 21 1334 1 82 6913 576 0
J N 7 1355 49 4 1 0 0
K 0 0 43
K 0 0 59
K 0 -21 59
A D 2 8 0
A P 1 112 0
J R 7 1408 28 2 1729 576 0
K 0 0 48
A D 2 8 0
A P 1 0 0
J N 7 1462 49 4 3457 576 0
K 0 0 43
K 0 0 59
K 0 -21 59
A D 2 8 0
A P 1 112 0
J R 7 1518 28 2 5185 576 0
K 0 0 48
A D 2 8 0
A P 1 0 0
J B 22 1573 1 82 6913 576 0
J N 8 1601 28 5 1 0 0
K 0 0 42
K 0 0 60
K 0 23 60
K -17 42 125
A D 4 8 0
A P 1 129 0
J N 8 1708 28 5 3457 1152 0
K 0 0 42
K 0 0 60
K 0 23 60
K -17 42 125
A D 4 8 0
A P 1 129 0
J B 23 1815 1 82 6913 1152 0
J N 7 1836 49 4 1 0 0
K 0 0 43
K 0 0 59
K 0 -21 59
A D 2 8 0
A P 1 112 0
J R 7 1888 28 2 1729 576 0
K 0 0 48
A D 2 8 0
A P 1 0 0
J N 7 1940 28 4 3457 576 0
K 0 0 43
K 0 0 60
K 0 21 60
A D 2 8 0
A P 1 129 0
J R 7 1993 28 2 5185 576 0
K 0 0 48
A D 2 8 0
A P 1 0 0
J B 24 2050 1 82 6913 576 0
E *
l 1520 0 0 330 330 * 0 14 0
J D 0 -95 42 1 6913 0 0
W 0 0 31 Trgl.
J K 0 57 0 0 6913 0 0
J D 0 71 -14 1 6913 0 0
W 0 0 0 \01\06
J N 7 130 28 4 1 0 0
K 0 0 43
K 0 0 59
K 0 -14 59
A D 1 4 0
A P 1 198 0
J N 7 184 28 4 1729 576 0
K 0 0 43
K 0 0 59
K 0 -14 59
A D 1 4 0
A P 1 198 0
J N 7 243 28 4 3457 576 0
K 0 0 43
K 0 0 59
K 0 -14 59
A D 1 4 0
A P 1 198 0
J N 7 296 28 4 5185 576 0
K 0 0 43
K 0 0 59
K 0 -14 59
A D 1 4 0
A P 1 198 0
J B 17 351 1 82 6913 576 0
J N 7 372 28 4 1 0 0
K 0 0 43
K 0 0 59
K 0 -14 59
A D 1 4 0
A P 1 198 0
J N 7 426 28 4 1729 576 0
K 0 0 43
K 0 0 59
K 0 -14 59
A D 1 4 0
A P 1 198 0
J N 7 493 28 4 3457 576 0
K 0 0 43
K 0 0 59
K 0 -14 59
A D 1 4 0
A P 1 198 0
J N 7 562 28 4 5185 576 0
K 0 0 43
K 0 0 59
K 0 -14 59
A D 1 4 0
A P 1 198 0
J B 18 622 1 82 6913 576 0
J N 7 643 28 4 1 0 0
K 0 0 43
K 0 0 59
K 0 -14 59
A D 1 4 0
A P 1 198 0
J N 7 697 28 4 1729 576 0
K 0 0 43
K 0 0 59
K 0 -14 59
A D 1 4 0
A P 1 198 0
J N 7 751 28 4 3457 576 0
K 0 0 43
K 0 0 59
K 0 -14 59
A D 1 4 0
A P 1 198 0
J N 7 804 28 4 5185 576 0
K 0 0 43
K 0 0 59
K 0 -14 59
A D 1 4 0
A P 1 198 0
J B 19 859 1 82 6913 576 0
J N 7 880 28 4 1 0 0
K 0 0 43
K 0 0 59
K 0 -14 59
A D 1 4 0
A P 1 198 0
J R 7 933 21 2 1729 576 0
K 0 0 48
A D 1 4 0
A P 1 0 0
J N 7 987 28 4 3457 576 0
K 0 0 43
K 0 0 59
K 0 -14 59
A D 1 4 0
A P 1 198 0
J R 7 1041 21 2 5185 576 0
K 0 0 48
A D 1 4 0
A P 1 0 0
J B 20 1098 1 82 6913 576 0
J N 7 1119 28 4 1 0 0
K 0 0 43
K 0 0 59
K 0 -14 59
A D 1 4 0
A P 1 198 0
J R 7 1172 21 2 1729 576 0
K 0 0 48
A D 1 4 1
A P 1 0 1
J R 8 1226 28 2 3457 576 0
K 0 0 47
A D 2 4 0
A P 1 0 0
J B 21 1334 1 82 6913 1152 0
J N 7 1355 28 4 1 0 0
K 0 0 43
K 0 0 59
K 0 -14 59
A D 1 4 0
A P 1 198 0
J R 7 1408 21 2 1729 576 0
K 0 0 48
A D 1 4 1
A P 1 0 1
J R 8 1462 28 2 3457 576 0
K 0 0 47
A D 2 4 0
A P 1 0 0
J B 22 1573 1 82 6913 1152 0
J N 7 1601 28 4 1 0 0
K 0 0 43
K 0 0 59
K 0 -14 59
A D 1 4 0
A P 1 198 0
J R 7 1655 21 2 1729 576 0
K 0 0 48
A D 1 4 1
A P 1 0 1
J R 8 1708 28 2 3457 576 0
K 0 0 47
A D 2 4 0
A P 1 0 0
J B 23 1815 1 82 6913 1152 0
J N 7 1836 28 4 1 0 0
K 0 0 43
K 0 0 59
K 0 -14 59
A D 1 4 0
A P 1 198 0
J R 7 1888 21 2 1729 576 0
K 0 0 48
A D 1 4 0
A P 1 0 0
J N 7 1940 28 4 3457 576 0
K 0 0 43
K 0 0 59
K 0 -14 59
A D 1 4 0
A P 1 198 0
J R 7 1993 21 2 5185 576 0
K 0 0 48
A D 1 4 0
A P 1 0 0
J B 24 2050 1 82 6913 576 0
E *
l 1590 0 0 330 330 * 0 14 0
J D 0 -105 42 1 6913 0 0
W 0 -21 31 Gr.C.
J D 0 -105 42 1 6913 0 0
W 0 21 31 Piatti
J K 0 57 0 0 6913 0 0
J D 0 71 -14 1 6913 0 0
W 0 0 0 \01\06
J N 7 130 28 4 1 0 0
K 0 0 43
K 0 0 59
K 0 -14 59
A D 1 4 0
A P 1 198 0
J N 7 130 28 4 1 0 0
K 0 0 43
K 0 0 60
K 0 21 60
A D 1 4 0
A P 2 198 0
J R 7 184 21 2 1729 576 0
K 0 0 48
A D 1 4 1
A P 1 0 1
J R 8 243 28 2 3457 576 0
K 0 0 47
A D 2 4 0
A P 1 0 0
J B 17 351 1 82 6913 1152 0
J N 7 372 28 4 1 0 0
K 0 0 43
K 0 0 59
K 0 -14 59
A D 1 4 0
A P 1 198 0
J N 7 372 28 4 1 0 0
K 0 0 43
K 0 0 60
K 0 21 60
A D 1 4 0
A P 2 198 0
J R 7 426 21 2 1729 576 0
K 0 0 48
A D 1 4 1
A P 1 0 1
J R 8 493 28 2 3457 576 0
K 0 0 47
A D 2 4 0
A P 1 0 0
J B 18 622 1 82 6913 1152 0
J N 7 643 28 4 1 0 0
K 0 0 43
K 0 0 59
K 0 -14 59
A D 1 4 0
A P 1 198 0
J N 7 643 28 4 1 0 0
K 0 0 43
K 0 0 60
K 0 21 60
A D 1 4 0
A P 2 198 0
J R 7 697 21 2 1729 576 0
K 0 0 48
A D 1 4 1
A P 1 0 1
J R 8 751 28 2 3457 576 0
K 0 0 47
A D 2 4 0
A P 1 0 0
J B 19 859 1 82 6913 1152 0
J N 7 880 28 4 1 0 0
K 0 0 43
K 0 0 59
K 0 -14 59
A D 1 4 0
A P 1 198 0
J N 7 880 28 4 1 0 0
K 0 0 43
K 0 0 60
K 0 21 60
A D 1 4 0
A P 2 198 0
J R 7 933 21 2 1729 576 0
K 0 0 48
A D 1 4 0
A P 1 0 0
J N 7 987 28 4 3457 576 0
K 0 0 43
K 0 0 59
K 0 -14 59
A D 1 4 0
A P 1 198 0
J N 7 987 28 4 3457 0 0
K 0 0 43
K 0 0 60
K 0 21 60
A D 1 4 0
A P 2 198 0
J R 7 1041 21 2 5185 576 0
K 0 0 48
A D 1 4 0
A P 1 0 0
J B 20 1098 1 82 6913 576 0
J N 7 1119 28 4 1 0 0
K 0 0 43
K 0 0 59
K 0 -14 59
A D 1 4 0
A P 1 198 0
J N 7 1119 28 4 1 0 0
K 0 0 43
K 0 0 60
K 0 21 60
A D 1 4 0
A P 2 198 0
J R 7 1172 21 2 1729 576 0
K 0 0 48
A D 1 4 1
A P 1 0 1
J R 8 1226 28 2 3457 576 0
K 0 0 47
A D 2 4 0
A P 1 0 0
J B 21 1334 1 82 6913 1152 0
J N 7 1355 28 4 1 0 0
K 0 0 43
K 0 0 59
K 0 -14 59
A D 1 4 0
A P 1 198 0
J N 7 1355 28 4 1 0 0
K 0 0 43
K 0 0 60
K 0 21 60
A D 1 4 0
A P 2 198 0
J R 7 1408 21 2 1729 576 0
K 0 0 48
A D 1 4 1
A P 1 0 1
J R 8 1462 28 2 3457 576 0
K 0 0 47
A D 2 4 0
A P 1 0 0
J B 22 1573 1 82 6913 1152 0
J N 7 1601 28 4 1 0 0
K 0 0 43
K 0 0 59
K 0 -14 59
A D 1 4 0
A P 1 198 0
J N 7 1601 28 4 1 0 0
K 0 0 43
K 0 0 60
K 0 21 60
A D 1 4 0
A P 2 198 0
J R 7 1655 21 2 1729 576 0
K 0 0 48
A D 1 4 1
A P 1 0 1
J R 8 1708 28 2 3457 576 0
K 0 0 47
A D 2 4 0
A P 1 0 0
J B 23 1815 1 82 6913 1152 0
J N 7 1836 28 4 1 0 0
K 0 0 43
K 0 0 59
K 0 -14 59
A D 1 4 0
A P 1 198 0
J N 7 1836 28 4 1 0 0
K 0 0 43
K 0 0 60
K 0 21 60
A D 1 4 0
A P 2 198 0
J R 7 1888 21 2 1729 576 0
K 0 0 48
A D 1 4 0
A P 1 0 0
J N 7 1940 28 4 3457 576 0
K 0 0 43
K 0 0 59
K 0 -14 59
A D 1 4 0
A P 1 198 0
J N 7 1940 28 4 3457 0 0
K 0 0 43
K 0 0 60
K 0 21 60
A D 1 4 0
A P 2 198 0
J R 7 1993 21 2 5185 576 0
K 0 0 48
A D 1 4 0
A P 1 0 0
J B 24 2050 1 82 6913 576 0
E *
L 1715 0 0 330 330 * 0 14 0
J D 0 -119 42 1 6913 0 0
W 0 0 31 Vln 1
J C 4 5 42 2 6913 0 0
K 0 0 33
K 0 0 34
J K 2 57 0 2 6913 0 0
K 0 0 63
K 15 21 63
J D 0 71 -14 1 6913 0 0
W 0 0 0 \01\06
J N 6 130 7 3 1 0 1 14
K 0 0 43
K 0 81 110
A D 2 16 0
A P 1 215 0
J N 6 157 7 2 865 288 1 14
K 0 0 43
A D 2 16 0
A P 1 215 0
J N 6 184 7 2 1729 288 1 14
K 0 0 43
A D 2 16 0
A P 1 215 0
J N 6 211 0 2 2593 288 1 14
K 0 0 43
A D 2 16 0
A P 1 221 0
H 14 B -42 0 108 4 2 1 1 3
J N 6 243 7 2 3457 288 1 15
K 0 0 43
A D 2 16 0
A P 1 215 0
J N 6 270 7 2 4321 288 1 15
K 0 0 43
A D 2 16 0
A P 1 215 0
J N 6 296 14 2 5185 288 1 15
K 0 0 43
A D 2 16 0
A P 1 209 0
J N 6 323 14 2 6049 288 1 15
K 0 0 43
A D 2 16 0
A P 1 209 0
H 15 B -53 0 108 4 2 1 1 3
J B 17 351 1 82 6913 288 0
J N 6 372 7 3 1 0 1 16
K 0 0 43
K 0 81 110
A D 2 16 0
A P 1 215 0
J N 6 399 7 2 865 288 1 16
K 0 0 43
A D 2 16 0
A P 1 215 0
J N 6 426 7 2 1729 288 1 16
K 0 0 43
A D 2 16 0
A P 1 215 0
J N 6 453 0 2 2593 288 1 16
K 0 0 43
A D 2 16 0
A P 1 221 0
H 16 B -42 0 108 4 2 1 1 3
J N 6 493 7 2 3457 288 1 17
K 0 0 43
A D 2 16 0
A P 1 215 0
J N 6 520 7 2 4321 288 1 17
K 0 0 43
A D 2 16 0
A P 1 215 0
J N 6 562 14 2 5185 288 1 17
K 0 0 43
A D 2 16 0
A P 1 209 0
J N 6 589 14 2 6049 288 1 17
K 0 0 43
A D 2 16 0
A P 1 209 0
H 17 B -53 0 108 4 2 1 1 3
J B 18 622 1 82 6913 288 0
J N 6 643 7 3 1 0 1 18
K 0 0 43
K 0 81 110
A D 2 16 0
A P 1 215 0
J N 6 670 7 2 865 288 1 18
K 0 0 43
A D 2 16 0
A P 1 215 0
J N 6 697 7 2 1729 288 1 18
K 0 0 43
A D 2 16 0
A P 1 215 0
J N 6 724 0 2 2593 288 1 18
K 0 0 43
A D 2 16 0
A P 1 221 0
H 18 B -42 0 108 4 2 1 1 3
J N 6 751 7 2 3457 288 1 19
K 0 0 43
A D 2 16 0
A P 1 215 0
J N 6 778 7 2 4321 288 1 19
K 0 0 43
A D 2 16 0
A P 1 215 0
J N 6 804 14 2 5185 288 1 19
K 0 0 43
A D 2 16 0
A P 1 209 0
J N 6 831 14 2 6049 288 1 19
K 0 0 43
A D 2 16 0
A P 1 209 0
H 19 B -53 0 108 4 2 1 1 3
J B 19 859 1 82 6913 288 0
J N 6 880 -14 5 1 0 1 20
K 0 0 45
K 0 0 43
K -1 0 45
K 2 0 45
A D 2 16 0
A P 1 232 0
J N 6 907 -14 5 865 288 1 20
K 0 0 45
K 0 0 43
K -1 0 45
K 2 0 45
A D 2 16 0
A P 1 232 0
J N 6 933 -7 2 1729 288 1 20
K 0 0 43
A D 2 16 0
A P 1 226 0
J N 6 960 -7 2 2593 288 1 20
K 0 0 43
A D 2 16 0
A P 1 226 0
H 20 B -56 0 108 4 2 1 1 3
J N 6 987 -7 2 3457 288 1 21
K 0 0 43
A D 2 16 0
A P 1 226 0
J N 6 1014 -7 2 4321 288 1 21
K 0 0 43
A D 2 16 0
A P 1 226 0
J N 6 1041 0 2 5185 288 1 21
K 0 0 43
A D 2 16 0
A P 1 221 0
J N 6 1068 0 2 6049 288 1 21
K 0 0 43
A D 2 16 0
A P 1 221 0
H 21 B -53 0 108 4 2 1 1 3
J B 20 1098 1 82 6913 288 0
J N 6 1119 0 2 1 0 1 22
K 0 0 43
A D 2 16 0
A P 1 221 0
J N 6 1146 0 2 865 288 1 22
K 0 0 43
A D 2 16 0
A P 1 221 0
J N 6 1172 7 2 1729 288 1 22
K 0 0 43
A D 2 16 0
A P 1 215 0
J N 6 1199 7 2 2593 288 1 22
K 0 0 43
A D 2 16 0
A P 1 215 0
H 22 B -56 0 108 4 2 1 1 3
J N 6 1226 -7 2 3457 288 1 23
K 0 0 43
A D 2 16 0
A P 1 226 0
J N 6 1253 -7 2 4321 288 1 23
K 0 0 43
A D 2 16 0
A P 1 226 0
J N 6 1279 7 2 5185 288 1 23
K 0 0 43
A D 2 16 0
A P 1 215 0
J N 6 1306 7 2 6049 288 1 23
K 0 0 43
A D 2 16 0
A P 1 215 0
H 23 B -53 1 108 4 2 1 1 3
J B 21 1334 1 82 6913 288 0
J N 6 1355 7 2 1 0 1 24
K 0 0 43
A D 2 16 0
A P 1 215 0
J N 6 1382 7 2 865 288 1 24
K 0 0 43
A D 2 16 0
A P 1 215 0
J N 6 1408 14 2 1729 288 1 24
K 0 0 43
A D 2 16 0
A P 1 209 0
J N 6 1435 14 2 2593 288 1 24
K 0 0 43
A D 2 16 0
A P 1 209 0
H 24 B -53 0 108 4 2 1 1 3
J N 6 1462 14 2 3457 288 1 25
K 0 0 43
A D 2 16 0
A P 1 209 0
J N 6 1489 14 2 4321 288 1 25
K 0 0 43
A D 2 16 0
A P 1 209 0
J N 6 1518 21 2 5185 288 1 25
K 0 0 43
A D 2 16 0
A P 1 204 0
J N 6 1545 21 2 6049 288 1 25
K 0 0 43
A D 2 16 0
A P 1 204 0
H 25 B -49 0 108 4 2 1 1 3
J B 22 1573 1 82 6913 288 0
J N 6 1601 -21 5 1 0 1 26
K 0 7 45
K 0 0 43
K 0 7 45
K 1 7 45
A D 2 16 0
A P 1 238 0
J N 6 1628 -21 5 865 288 1 26
K 0 7 45
K 0 0 43
K 0 7 45
K 1 7 45
A D 2 16 0
A P 1 238 0
J N 6 1655 -21 5 1729 288 1 26
K 0 7 45
K 0 0 43
K 0 7 45
K 1 7 45
A D 2 16 0
A P 1 238 0
J N 6 1682 -21 5 2593 288 1 26
K 0 7 45
K 0 0 43
K 0 7 45
K 1 7 45
A D 2 16 0
A P 1 238 0
H 26 B -49 0 108 4 2 1 1 3
J N 6 1708 -14 5 3457 288 1 27
K 0 0 45
K 0 0 43
K -1 0 45
K 2 0 45
A D 2 16 0
A P 1 232 0
J N 6 1735 -14 5 4321 288 1 27
K 0 0 45
K 0 0 43
K -1 0 45
K 2 0 45
A D 2 16 0
A P 1 232 0
J N 6 1762 -14 5 5185 288 1 27
K 0 0 45
K 0 0 43
K -1 0 45
K 2 0 45
A D 2 16 0
A P 1 232 0
J N 6 1788 -14 5 6049 288 1 27
K 0 0 45
K 0 0 43
K -1 0 45
K 2 0 45
A D 2 16 0
A P 1 232 0
H 27 B -46 0 108 4 2 1 1 3
J B 23 1815 1 82 6913 288 0
J N 6 1836 -14 5 1 0 1 28
K 0 0 45
K 0 0 43
K -1 0 45
K 2 0 45
A D 2 16 0
A P 1 232 0
J N 6 1862 -14 5 865 288 1 28
K 0 0 45
K 0 0 43
K -1 0 45
K 2 0 45
A D 2 16 0
A P 1 232 0
J N 6 1888 -7 2 1729 288 1 28
K 0 0 43
A D 2 16 0
A P 1 226 0
J N 6 1914 -7 2 2593 288 1 28
K 0 0 43
A D 2 16 0
A P 1 226 0
H 28 B -56 0 108 4 2 1 1 3
J N 6 1940 -7 2 3457 288 1 29
K 0 0 43
A D 2 16 0
A P 1 226 0
J N 6 1966 -7 2 4321 288 1 29
K 0 0 43
A D 2 16 0
A P 1 226 0
J N 6 1993 0 2 5185 288 1 29
K 0 0 43
A D 2 16 0
A P 1 221 0
J N 6 2019 0 2 6049 288 1 29
K 0 0 43
A D 2 16 0
A P 1 221 0
H 29 B -53 0 108 4 2 1 1 3
J B 24 2050 1 82 6913 288 0
E *
L 1840 0 0 330 330 * 0 14 0
J D 0 -119 42 1 6913 0 0
W 0 0 31 Vln 2
J C 4 5 42 2 6913 0 0
K 0 0 33
K 0 0 34
J K 2 57 0 2 6913 0 0
K 0 0 63
K 15 21 63
J D 0 71 -14 1 6913 0 0
W 0 0 0 \01\06
J N 8 130 35 13 1 0 0
K 0 -49 45
K 0 -49 42
K -1 -49 45
K 2 -49 45
K 0 0 42
K 4 58 110
K 0 -49 60
K 0 -21 60
K 0 17 60
K 0 0 60
K 0 16 60
K -17 35 125
A D 8 16 0
A P 1 232 0
A P 1 192 0
J N 8 243 35 12 3457 1152 0
K 0 -49 45
K 0 -49 42
K -1 -49 45
K 2 -49 45
K 0 0 42
K 0 -49 60
K 0 -21 60
K 0 17 60
K 0 0 60
K 0 16 60
K -17 35 125
A D 8 16 0
A P 1 232 0
A P 1 192 0
J B 17 351 1 82 6913 1152 0
J N 8 372 35 13 1 0 0
K 0 -49 45
K 0 -49 42
K -1 -49 45
K 2 -49 45
K 0 0 42
K 2 58 110
K 0 -49 60
K 0 -21 60
K 0 17 60
K 0 0 60
K 0 16 60
K -17 35 125
A D 8 16 0
A P 1 232 0
A P 1 192 0
J N 8 493 35 12 3457 1152 0
K 0 -49 45
K 0 -49 42
K -1 -49 45
K 2 -49 45
K 0 0 42
K 0 -49 60
K 0 -21 60
K 0 17 60
K 0 0 60
K 0 16 60
K -17 35 125
A D 8 16 0
A P 1 232 0
A P 1 192 0
J B 18 622 1 82 6913 1152 0
J N 8 643 35 13 1 0 0
K 0 -49 45
K 0 -49 42
K -1 -49 45
K 2 -49 45
K 0 0 42
K 4 58 110
K 0 -49 60
K 0 -21 60
K 0 17 60
K 0 0 60
K 0 16 60
K -17 35 125
A D 8 16 0
A P 1 232 0
A P 1 192 0
J N 8 751 35 12 3457 1152 0
K 0 -49 45
K 0 -49 42
K -1 -49 45
K 2 -49 45
K 0 0 42
K 0 -49 60
K 0 -21 60
K 0 17 60
K 0 0 60
K 0 16 60
K -17 35 125
A D 8 16 0
A P 1 232 0
A P 1 192 0
J B 19 859 1 82 6913 1152 0
J N 8 880 35 12 1 0 0
K 0 -49 45
K 0 -49 42
K -1 -49 45
K 2 -49 45
K 0 0 42
K 0 -49 60
K 0 -21 60
K 0 17 60
K 0 0 60
K 0 16 60
K -17 35 125
A D 8 16 0
A P 1 232 0
A P 1 192 0
J N 6 987 35 8 3457 1152 1 20
K 0 -49 45
K 0 -49 43
K -1 -49 45
K 2 -49 45
K 0 0 43
K 0 -49 60
K 0 -21 60
A D 2 16 0
A P 1 232 0
A P 1 192 0
J N 6 1014 35 8 4321 288 1 20
K 0 -49 45
K 0 -49 43
K -1 -49 45
K 2 -49 45
K 0 0 43
K 0 -49 60
K 0 -21 60
A D 2 16 0
A P 1 232 0
A P 1 192 0
J N 6 1041 35 2 5185 288 1 20
K 0 0 43
A D 2 16 0
A P 1 192 0
J N 6 1068 35 2 6049 288 1 20
K 0 0 43
A D 2 16 0
A P 1 192 0
H 20 B -42 0 108 4 2 1 1 3
J B 20 1098 1 82 6913 288 0
J N 6 1119 35 2 1 0 1 21
K 0 0 43
A D 2 16 0
A P 1 192 0
J N 6 1146 35 2 865 288 1 21
K 0 0 43
A D 2 16 0
A P 1 192 0
J N 6 1172 42 2 1729 288 1 21
K 0 0 43
A D 2 16 0
A P 1 186 0
J N 6 1199 42 2 2593 288 1 21
K 0 0 43
A D 2 16 0
A P 1 186 0
H 21 B 42 0 108 4 2 1 1 3
J N 6 1226 28 2 3457 288 1 22
K 0 0 43
A D 2 16 0
A P 1 198 0
J N 6 1253 28 2 4321 288 1 22
K 0 0 43
A D 2 16 0
A P 1 198 0
J N 6 1279 42 2 5185 288 1 22
K 0 0 43
A D 2 16 0
A P 1 186 0
J N 6 1306 42 2 6049 288 1 22
K 0 0 43
A D 2 16 0
A P 1 186 0
H 22 B 46 1 108 4 2 1 1 3
J B 21 1334 1 82 6913 288 0
J N 6 1355 42 2 1 0 1 23
K 0 0 43
A D 2 16 0
A P 1 186 0
J N 6 1382 42 2 865 288 1 23
K 0 0 43
A D 2 16 0
A P 1 186 0
J N 6 1408 49 2 1729 288 1 23
K 0 0 43
A D 2 16 0
A P 1 181 0
J N 6 1435 49 2 2593 288 1 23
K 0 0 43
A D 2 16 0
A P 1 181 0
H 23 B 46 0 108 4 2 1 1 3
J N 6 1462 56 2 3457 288 1 24
K 0 0 43
A D 2 16 0
A P 1 175 0
J N 6 1489 56 2 4321 288 1 24
K 0 0 43
A D 2 16 0
A P 1 175 0
J N 6 1518 56 2 5185 288 1 24
K 0 0 43
A D 2 16 0
A P 1 175 0
J N 6 1545 56 2 6049 288 1 24
K 0 0 43
A D 2 16 0
A P 1 175 0
H 24 B 46 0 108 4 2 1 1 3
J B 22 1573 1 82 6913 288 0
J N 6 1601 28 2 1 0 1 25
K 0 0 43
A D 2 16 0
A P 1 198 0
J N 6 1628 28 2 865 288 1 25
K 0 0 43
A D 2 16 0
A P 1 198 0
J N 6 1655 28 2 1729 288 1 25
K 0 0 43
A D 2 16 0
A P 1 198 0
J N 6 1682 28 2 2593 288 1 25
K 0 0 43
A D 2 16 0
A P 1 198 0
H 25 B -42 0 108 4 2 1 1 3
J N 6 1708 35 2 3457 288 1 26
K 0 0 43
A D 2 16 0
A P 1 192 0
J N 6 1735 35 2 4321 288 1 26
K 0 0 43
A D 2 16 0
A P 1 192 0
J N 6 1762 35 2 5185 288 1 26
K 0 0 43
A D 2 16 0
A P 1 192 0
J N 6 1788 35 2 6049 288 1 26
K 0 0 43
A D 2 16 0
A P 1 192 0
H 26 B 42 0 108 4 2 1 1 3
J B 23 1815 1 82 6913 288 0
J N 6 1836 28 2 1 0 1 27
K 0 0 43
A D 2 16 0
A P 1 198 0
J N 6 1862 28 2 865 288 1 27
K 0 0 43
A D 2 16 0
A P 1 198 0
J N 6 1888 21 2 1729 288 1 27
K 0 0 43
A D 2 16 0
A P 1 204 0
J N 6 1914 21 2 2593 288 1 27
K 0 0 43
A D 2 16 0
A P 1 204 0
H 27 B -42 0 108 4 2 1 1 3
J N 6 1940 7 2 3457 288 1 28
K 0 0 43
A D 2 16 0
A P 1 215 0
J N 6 1966 7 2 4321 288 1 28
K 0 0 43
A D 2 16 0
A P 1 215 0
J N 6 1993 14 2 5185 288 1 28
K 0 0 43
A D 2 16 0
A P 1 209 0
J N 6 2019 14 2 6049 288 1 28
K 0 0 43
A D 2 16 0
A P 1 209 0
H 28 B -53 0 108 4 2 1 1 3
J B 24 2050 1 82 6913 288 0
E *
L 1970 0 0 330 330 * 0 14 0
J D 0 -94 42 1 6913 0 0
W 0 0 31 Vla
J C 13 5 28 35 6913 0 0
J K 2 57 0 2 6913 0 0
K 0 7 63
K 15 28 63
J D 0 71 -14 1 6913 0 0
W 0 0 0 \01\06
J N 6 130 49 3 1 0 1 22
K 0 0 43
K 0 39 110
A D 1 8 0
A P 3 146 0
J N 6 157 49 2 865 288 1 22
K 0 0 43
A D 1 8 0
A P 3 146 0
J N 6 184 42 2 1729 288 1 22
K 0 0 43
A D 1 8 0
A P 3 152 0
J N 6 211 42 2 2593 288 1 22
K 0 0 43
A D 1 8 0
A P 3 152 0
H 22 B 53 0 108 4 2 1 1 3
J N 6 243 49 2 3457 288 1 23
K 0 0 43
A D 1 8 0
A P 3 146 0
J N 6 270 49 2 4321 288 1 23
K 0 0 43
A D 1 8 0
A P 3 146 0
J N 6 296 56 2 5185 288 1 23
K 0 0 43
A D 1 8 0
A P 3 141 0
J N 6 323 56 2 6049 288 1 23
K 0 0 43
A D 1 8 0
A P 3 141 0
H 23 B 49 0 108 4 2 1 1 3
J B 17 351 1 82 6913 288 0
J N 6 372 49 3 1 0 1 24
K 0 0 43
K 0 39 110
A D 1 8 0
A P 3 146 0
J N 6 399 49 2 865 288 1 24
K 0 0 43
A D 1 8 0
A P 3 146 0
J N 6 426 42 2 1729 288 1 24
K 0 0 43
A D 1 8 0
A P 3 152 0
J N 6 453 42 2 2593 288 1 24
K 0 0 43
A D 1 8 0
A P 3 152 0
H 24 B 53 0 108 4 2 1 1 3
J N 6 493 49 2 3457 288 1 25
K 0 0 43
A D 1 8 0
A P 3 146 0
J N 6 520 49 2 4321 288 1 25
K 0 0 43
A D 1 8 0
A P 3 146 0
J N 6 562 56 2 5185 288 1 25
K 0 0 43
A D 1 8 0
A P 3 141 0
J N 6 589 56 2 6049 288 1 25
K 0 0 43
A D 1 8 0
A P 3 141 0
H 25 B 49 0 108 4 2 1 1 3
J B 18 622 1 82 6913 288 0
J N 6 643 49 3 1 0 1 26
K 0 0 43
K 0 39 110
A D 1 8 0
A P 3 146 0
J N 6 670 49 2 865 288 1 26
K 0 0 43
A D 1 8 0
A P 3 146 0
J N 6 697 42 2 1729 288 1 26
K 0 0 43
A D 1 8 0
A P 3 152 0
J N 6 724 42 2 2593 288 1 26
K 0 0 43
A D 1 8 0
A P 3 152 0
H 26 B 53 0 108 4 2 1 1 3
J N 6 751 49 2 3457 288 1 27
K 0 0 43
A D 1 8 0
A P 3 146 0
J N 6 778 49 2 4321 288 1 27
K 0 0 43
A D 1 8 0
A P 3 146 0
J N 6 804 56 2 5185 288 1 27
K 0 0 43
A D 1 8 0
A P 3 141 0
J N 6 831 56 2 6049 288 1 27
K 0 0 43
A D 1 8 0
A P 3 141 0
H 27 B 49 0 108 4 2 1 1 3
J B 19 859 1 82 6913 288 0
J N 8 880 28 5 1 0 0
K 0 0 42
K 0 0 60
K 0 23 60
K -17 42 125
A D 4 8 0
A P 3 164 0
J N 8 987 21 6 3457 1152 0
K 0 0 42
K 0 17 60
K 0 0 60
K 0 16 60
K -17 35 125
A D 4 8 0
A P 3 169 0
J B 20 1098 1 82 6913 1152 0
J N 8 1119 35 6 1 0 0
K 0 0 42
K 0 -17 59
K 0 0 59
K 0 -16 59
K 0 -35 125
A D 4 8 0
A P 3 158 0
J N 8 1226 35 6 3457 1152 0
K 0 0 42
K 0 -17 59
K 0 0 59
K 0 -16 59
K 0 -35 125
A D 4 8 0
A P 3 158 0
J B 21 1334 1 82 6913 1152 0
J N 8 1355 42 5 1 0 0
K 0 0 42
K 0 0 59
K 0 -23 59
K 0 -42 125
A D 4 8 0
A P 3 152 0
J N 8 1462 42 7 3457 1152 0
K 0 0 42
K 0 21 42
K 0 21 59
K 0 0 59
K 0 -23 59
K 0 -42 125
A D 4 8 0
A P 3 152 0
A P 3 135 0
J B 22 1573 1 82 6913 1152 0
J N 8 1601 42 7 1 0 0
K 0 0 42
K 0 14 42
K 0 14 59
K 0 0 59
K 0 -23 59
K 0 -42 125
A D 4 8 0
A P 3 152 0
A P 3 141 0
J N 8 1708 42 7 3457 1152 0
K 0 0 42
K 0 14 42
K 0 14 59
K 0 0 59
K 0 -23 59
K 0 -42 125
A D 4 8 0
A P 3 152 0
A P 3 141 0
J B 23 1815 1 82 6913 1152 0
J N 6 1836 35 2 1 0 1 28
K 0 0 43
A D 1 8 0
A P 3 158 0
J N 6 1862 35 2 865 288 1 28
K 0 0 43
A D 1 8 0
A P 3 158 0
J N 6 1888 28 2 1729 288 1 28
K 0 0 43
A D 1 8 0
A P 3 164 0
J N 6 1914 28 2 2593 288 1 28
K 0 0 43
A D 1 8 0
A P 3 164 0
H 28 B 49 0 108 4 2 1 1 3
J N 6 1940 14 2 3457 288 1 29
K 0 0 43
A D 1 8 0
A P 3 175 0
J N 6 1966 14 2 4321 288 1 29
K 0 0 43
A D 1 8 0
A P 3 175 0
J N 6 1993 21 2 5185 288 1 29
K 0 0 43
A D 1 8 0
A P 3 169 0
J N 6 2019 21 2 6049 288 1 29
K 0 0 43
A D 1 8 0
A P 3 169 0
H 29 B -49 0 108 4 2 1 1 3
J B 24 2050 1 82 6913 288 0
E *
L 2100 91 0 330 330 * 0 14 0
J D 0 -70 42 1 6913 0 0
W 0 0 31 S.
J C 4 5 42 2 6913 0 0
K 0 0 33
K 0 0 34
J K 2 57 0 2 6913 0 0
K 0 0 63
K 15 21 63
J D 0 71 -14 1 6913 0 0
W 0 0 0 \01\06
J N 7 130 7 6 1 0 1 6
T -4 1 St\!er - 58
K 0 0 43
K 25 0 44
K 0 0 60
K 0 21 60
A D 3 8 0
A P 1 215 0
J N 6 211 0 3 2593 864 1 6
K 0 0 43
K 0 0 54
A D 1 8 0
A P 1 221 0
H 6 S 0 0 0 0 0 0 0 0 0
J N 7 243 7 5 3457 288 1 7
T -2 1 n\!en - 50
K 0 0 43
K 0 0 60
K 0 21 60
A D 2 8 0
A P 1 215 0
J N 7 296 14 4 5185 576 1 7
K 0 0 43
K 0 0 60
K 0 21 60
A D 2 8 0
A P 1 209 0
H 7 S 0 0 0 0 0 0 0 0 0
J B 17 351 1 82 6913 576 0
J N 7 372 7 6 1 0 1 8
T -2 1 ze\-l\-t _ 49
K 0 0 43
K 25 0 44
K 0 0 60
K 0 21 60
A D 3 8 0
A P 1 215 0
J N 6 453 0 3 2593 864 1 8
K 0 0 43
K 0 0 54
A D 1 8 0
A P 1 221 0
H 8 S 0 0 0 0 0 0 0 0 0
J N 7 493 7 5 3457 288 0
T -18 1 muss * 69
K 0 0 43
K 0 0 60
K 0 21 60
A D 2 8 0
A P 1 215 0
J N 7 562 14 5 5185 576 0
T -2 1 ein * 42
K 0 0 43
K 0 0 60
K 0 21 60
A D 2 8 0
A P 1 209 0
J B 18 622 1 82 6913 576 0
J N 7 643 7 6 1 0 1 9
T 0 1 lie - 35
K 0 0 43
K 25 0 44
K 0 0 60
K 0 21 60
A D 3 8 0
A P 1 215 0
J N 6 724 0 3 2593 864 1 9
K 0 0 43
K 0 0 54
A D 1 8 0
A P 1 221 0
H 9 S 0 0 0 0 0 0 0 0 0
J N 7 751 7 5 3457 288 1 10
T -2 1 b\!er _ 46
K 0 0 43
K 0 0 60
K 0 21 60
A D 2 8 0
A P 1 215 0
J N 7 804 14 4 5185 576 1 10
K 0 0 43
K 0 0 60
K 0 21 60
A D 2 8 0
A P 1 209 0
H 10 S 0 0 0 0 0 0 0 0 0
J B 19 859 1 82 6913 576 0
J N 7 880 -14 8 1 0 1 11
T 0 1 Va - 40
K 0 0 45
K 0 0 43
K -1 0 45
K 2 0 45
K 0 0 60
K 0 21 60
A D 2 8 0
A P 1 232 0
J N 7 933 -7 4 1729 576 1 11
K 0 0 43
K 0 0 60
K 0 21 60
A D 2 8 0
A P 1 226 0
H 11 S 0 0 0 0 0 0 0 0 0
J N 7 987 -7 5 3457 576 0
T -15 1 t\!er, * 48
K 0 0 43
K 0 0 60
K 0 21 60
A D 2 8 0
A P 1 226 0
J N 7 1041 0 5 5185 576 0
T -6 1 ein * 42
K 0 0 43
K 0 0 60
K 0 21 60
A D 2 8 0
A P 1 221 0
J B 20 1098 1 82 6913 576 0
J N 7 1119 0 5 1 0 1 12
T 0 1 lie - 35
K 0 0 43
K 0 0 60
K 0 21 60
A D 2 8 0
A P 1 221 0
J N 7 1172 7 4 1729 576 1 12
K 0 0 43
K 0 0 60
K 0 21 60
A D 2 8 0
A P 1 215 0
H 12 S 0 0 0 0 0 0 0 0 0
J N 7 1226 -7 5 3457 576 1 13
T -3 1 b\!er _ 46
K 0 0 43
K 0 0 60
K 0 21 60
A D 2 8 0
A P 1 226 0
J N 7 1279 7 4 5185 576 1 13
K 0 0 43
K 0 0 60
K 0 21 60
A D 2 8 0
A P 1 215 0
H 13 S 0 0 0 0 0 0 0 0 0
J B 21 1334 1 82 6913 576 0
J N 7 1355 7 5 1 0 1 14
T 0 1 Va - 40
K 0 0 43
K 0 0 60
K 0 21 60
A D 2 8 0
A P 1 215 0
J N 7 1408 14 4 1729 576 1 14
K 0 0 43
K 0 0 60
K 0 21 60
A D 2 8 0
A P 1 209 0
H 14 S 0 0 0 0 0 0 0 0 0
J N 7 1462 14 5 3457 576 1 15
T 3 1 t\!er _ 40
K 0 0 43
K 0 0 60
K 0 21 60
A D 2 8 0
A P 1 209 0
J N 7 1518 21 4 5185 576 1 15
K 0 0 43
K 0 0 60
K 0 14 60
A D 2 8 0
A P 1 204 0
H 15 S 0 0 0 0 0 0 0 0 0
J B 22 1573 1 82 6913 576 0
J N 8 1601 -21 8 1 0 1 16
T -3 1 wo\-h - 55
K 0 7 45
K 0 0 42
K 0 7 45
K 1 7 45
K 0 0 60
K 0 21 60
A D 4 8 0
A P 1 238 0
J N 8 1708 -14 7 3457 1152 2 17 16
K 0 0 45
K 0 0 42
K -1 0 45
K 2 0 45
K 0 0 60
K 0 21 60
A D 4 8 1
A P 1 232 1
H 16 S 0 0 0 0 0 0 0 0 0
J B 23 1815 1 82 6913 1152 0
J N 7 1836 -14 7 1 0 2 18 17
K 0 0 45
K 0 0 43
K -1 0 45
K 2 0 45
K 0 0 60
K 0 21 60
A D 2 8 0
A P 1 232 0
H 17 T -14 0 0 0 0 0 5 0
J N 7 1888 -7 4 1729 576 1 18
K 0 0 43
K 0 0 60
K 0 21 60
A D 2 8 0
A P 1 226 0
H 18 S 0 0 0 0 0 0 0 0 0
J N 7 1940 -7 5 3457 576 0
T -21 1 n\!en, * 58
K 0 0 43
K 0 0 60
K 0 21 60
A D 2 8 0
A P 1 226 0
J N 7 1993 0 5 5185 576 0
T -1 1 ein * 42
K 0 0 43
K 0 0 60
K 0 21 60
A D 2 8 0
A P 1 221 0
J B 24 2050 1 82 6913 576 0
E *
L 2230 91 0 330 330 * 0 14 0
J D 0 -74 42 1 6913 0 0
W 0 0 31 A.
J C 4 5 42 2 6913 0 0
K 0 0 33
K 0 0 34
J K 2 57 0 2 6913 0 0
K 0 0 63
K 15 21 63
J D 0 71 -14 1 6913 0 0
W 0 0 0 \01\06
J N 8 130 35 5 1 0 0
T -14 1 St\!er - 58
K 0 0 42
K 0 0 59
K 0 -21 59
A D 4 8 0
A P 1 192 0
J N 8 243 35 5 3457 1152 0
T -11 1 n\!en - 50
K 0 0 42
K 0 0 59
K 0 -21 59
A D 4 8 0
A P 1 192 0
J B 17 351 1 82 6913 1152 0
J N 8 372 35 5 1 0 0
T -12 1 ze\-l\-t * 49
K 0 0 42
K 0 0 59
K 0 -21 59
A D 4 8 0
A P 1 192 0
J N 7 493 35 5 3457 1152 0
T -36 1 muss * 69
K 0 0 43
K 0 0 59
K 0 -21 59
A D 2 8 0
A P 1 192 0
J N 7 562 35 5 5185 576 0
T -9 1 ein * 42
K 0 0 43
K 0 0 59
K 0 -21 59
A D 2 8 0
A P 1 192 0
J B 18 622 1 82 6913 576 0
J N 8 643 35 5 1 0 0
T -6 1 lie - 35
K 0 0 42
K 0 0 59
K 0 -21 59
A D 4 8 0
A P 1 192 0
J N 8 751 35 5 3457 1152 0
T -10 1 b\!er * 46
K 0 0 42
K 0 0 59
K 0 -21 59
A D 4 8 0
A P 1 192 0
J B 19 859 1 82 6913 1152 0
J N 8 880 35 5 1 0 0
T -8 1 Va - 40
K 0 0 42
K 0 0 59
K 0 -21 59
A D 4 8 0
A P 1 192 0
J N 7 987 35 5 3457 1152 0
T -20 1 t\!er, * 48
K 0 0 43
K 0 0 59
K 0 -21 59
A D 2 8 0
A P 1 192 0
J N 7 1041 35 5 5185 576 0
T -9 1 ein * 42
K 0 0 43
K 0 0 59
K 0 -21 59
A D 2 8 0
A P 1 192 0
J B 20 1098 1 82 6913 576 0
J N 7 1119 35 5 1 0 1 4
T 0 1 lie - 35
K 0 0 43
K 0 0 59
K 0 -21 59
A D 2 8 0
A P 1 192 0
J N 7 1172 42 4 1729 576 1 4
K 0 0 43
K 0 0 59
K 0 -21 59
A D 2 8 0
A P 1 186 0
H 4 S 12 0 0 0 0 0 0 0 0
J N 7 1226 28 5 3457 576 1 5
T -3 1 b\!er _ 46
K 0 0 43
K 0 0 60
K 0 14 60
A D 2 8 0
A P 1 198 0
J N 7 1279 42 4 5185 576 1 5
K 0 0 43
K 0 0 59
K 0 -21 59
A D 2 8 0
A P 1 186 0
H 5 S 0 0 0 0 0 0 0 0 0
J B 21 1334 1 82 6913 576 0
J N 7 1355 42 5 1 0 1 6
T 0 1 Va - 40
K 0 0 43
K 0 0 59
K 0 -21 59
A D 2 8 0
A P 1 186 0
J N 7 1408 49 4 1729 576 1 6
K 0 0 43
K 0 0 59
K 0 -21 59
A D 2 8 0
A P 1 181 0
H 6 S 12 0 0 0 0 0 0 0 0
J N 8 1462 56 5 3457 576 0
T -8 1 t\!er * 40
K 0 0 42
K 0 0 59
K 0 -21 59
A D 4 8 0
A P 1 175 0
J B 22 1573 1 82 6913 1152 0
J N 8 1601 63 6 1 0 0
T -1 1 wo\-h - 55
K 0 0 42
K 25 0 44
K 0 0 59
K 0 -21 59
A D 6 8 0
A P 1 169 0
J N 7 1762 35 4 5185 1728 1 7
K 0 0 43
K 0 0 59
K 0 -21 59
A D 2 8 0
A P 1 192 0
J B 23 1815 1 82 6913 576 0
J N 7 1836 28 4 1 0 0
K 0 0 43
K 0 0 60
K 0 14 60
A D 2 8 0
A P 1 198 0
J N 7 1888 21 4 1729 576 1 7
K 0 0 43
K 0 0 60
K 0 14 60
A D 2 8 0
A P 1 204 0
H 7 S 0 14 0 0 0 0 0 0 0
J N 7 1940 7 5 3457 576 0
T -21 1 n\!en, * 58
K 0 0 43
K 0 0 60
K 0 21 60
A D 2 8 0
A P 1 215 0
J N 7 1993 14 5 5185 576 0
T -1 1 ein * 42
K 0 0 43
K 0 0 60
K 0 21 60
A D 2 8 0
A P 1 209 0
J B 24 2050 1 82 6913 576 0
E *
L 2360 91 0 330 330 * 0 14 0
J D 0 -72 42 1 6913 0 0
W 0 0 31 T.
J C 34 5 42 3 6913 0 0
K 0 0 33
K 0 0 34
K 14 56 234
J K 2 57 0 2 6913 0 0
K 0 0 63
K 15 21 63
J D 0 71 -14 1 6913 0 0
W 0 0 0 \01\06
J N 7 130 7 6 1 0 1 6
T -4 1 St\!er - 58
K 0 0 43
K 25 0 44
K 0 0 60
K 0 21 60
A D 3 8 0
A P 1 175 0
J N 6 211 0 3 2593 864 1 6
K 0 0 43
K 0 0 54
A D 1 8 0
A P 1 181 0
H 6 S 0 0 0 0 0 0 0 0 0
J N 7 243 7 5 3457 288 1 7
T -2 1 n\!en - 50
K 0 0 43
K 0 0 60
K 0 21 60
A D 2 8 0
A P 1 175 0
J N 7 296 14 4 5185 576 1 7
K 0 0 43
K 0 0 60
K 0 21 60
A D 2 8 0
A P 1 169 0
H 7 S 0 0 0 0 0 0 0 0 0
J B 17 351 1 82 6913 576 0
J N 7 372 7 6 1 0 1 8
T -2 1 ze\-l\-t _ 49
K 0 0 43
K 25 0 44
K 0 0 60
K 0 21 60
A D 3 8 0
A P 1 175 0
J N 6 453 0 3 2593 864 1 8
K 0 0 43
K 0 0 54
A D 1 8 0
A P 1 181 0
H 8 S 0 0 0 0 0 0 0 0 0
J N 7 493 7 5 3457 288 0
T -18 1 muss * 69
K 0 0 43
K 0 0 60
K 0 21 60
A D 2 8 0
A P 1 175 0
J N 7 562 14 5 5185 576 0
T -2 1 ein * 42
K 0 0 43
K 0 0 60
K 0 21 60
A D 2 8 0
A P 1 169 0
J B 18 622 1 82 6913 576 0
J N 7 643 7 6 1 0 1 9
T 0 1 lie - 35
K 0 0 43
K 25 0 44
K 0 0 60
K 0 21 60
A D 3 8 0
A P 1 175 0
J N 6 724 0 3 2593 864 1 9
K 0 0 43
K 0 0 54
A D 1 8 0
A P 1 181 0
H 9 S 0 0 0 0 0 0 0 0 0
J N 7 751 7 5 3457 288 1 10
T -2 1 b\!er _ 46
K 0 0 43
K 0 0 60
K 0 21 60
A D 2 8 0
A P 1 175 0
J N 7 804 14 4 5185 576 1 10
K 0 0 43
K 0 0 60
K 0 21 60
A D 2 8 0
A P 1 169 0
H 10 S 0 0 0 0 0 0 0 0 0
J B 19 859 1 82 6913 576 0
J N 8 880 21 5 1 0 0
T -8 1 Va - 40
K 0 0 42
K 0 0 60
K 0 14 60
A D 4 8 0
A P 1 164 0
J N 7 987 14 5 3457 1152 0
T -20 1 t\!er, * 48
K 0 0 43
K 0 0 60
K 0 21 60
A D 2 8 0
A P 1 169 0
J N 7 1041 14 5 5185 576 0
T -9 1 ein * 42
K 0 0 43
K 0 0 60
K 0 21 60
A D 2 8 0
A P 1 169 0
J B 20 1098 1 82 6913 576 0
J N 8 1119 28 5 1 0 0
T -6 1 lie - 35
K 0 0 42
K 0 0 60
K 0 14 60
A D 4 8 0
A P 1 158 0
J N 8 1226 28 5 3457 1152 0
T -10 1 b\!er * 46
K 0 0 42
K 0 0 60
K 0 14 60
A D 4 8 0
A P 1 158 0
J B 21 1334 1 82 6913 1152 0
J N 8 1355 35 5 1 0 0
T -8 1 Va - 40
K 0 0 42
K 0 0 59
K 0 -21 59
A D 4 8 0
A P 1 152 0
J N 8 1462 35 5 3457 1152 0
T -8 1 t\!er * 40
K 0 0 42
K 0 0 59
K 0 -21 59
A D 4 8 0
A P 1 152 0
J B 22 1573 1 82 6913 1152 0
J N 9 1601 35 3 1 0 1 11
T -13 1 wo\-h - 55
K 0 0 41
A D 8 8 0
A P 1 152 0
J B 23 1815 1 82 6913 2304 0
J N 7 1836 28 4 1 0 0
K 0 0 43
K 0 0 60
K 0 14 60
A D 2 8 0
A P 1 158 0
J N 7 1888 21 4 1729 576 1 11
K 0 0 43
K 0 0 60
K 0 14 60
A D 2 8 0
A P 1 164 0
H 11 S 0 0 0 0 0 0 0 0 0
J N 7 1940 7 5 3457 576 0
T -21 1 n\!en, * 58
K 0 0 43
K 0 0 60
K 0 21 60
A D 2 8 0
A P 1 175 0
J N 7 1993 14 5 5185 576 0
T -1 1 ein * 42
K 0 0 43
K 0 0 60
K 0 21 60
A D 2 8 0
A P 1 169 0
J B 24 2050 1 82 6913 576 0
E *
L 2490 91 0 330 330 * 0 14 0
J D 0 -73 42 1 6913 0 0
W 0 0 31 B.
J C 22 5 14 36 6913 0 0
J K 2 57 0 2 6913 0 0
K 0 14 63
K 15 35 63
J D 0 71 -14 1 6913 0 0
W 0 0 0 \01\06
J N 7 130 7 5 1 0 1 6
T -6 1 St\!er - 58
K 0 0 43
K 0 0 60
K 0 21 60
A D 2 8 0
A P 1 146 0
J N 7 184 0 4 1729 576 1 6
K 0 0 43
K 0 0 60
K 0 21 60
A D 2 8 0
A P 1 152 0
H 6 S 0 0 0 0 0 0 0 0 0
J N 7 243 7 5 3457 576 1 7
T -3 1 n\!en - 50
K 0 0 43
K 0 0 60
K 0 21 60
A D 2 8 0
A P 1 146 0
J N 7 296 14 4 5185 576 1 7
K 0 0 43
K 0 0 60
K 0 21 60
A D 2 8 0
A P 1 141 0
H 7 S 0 0 0 0 0 0 0 0 0
J B 17 351 1 82 6913 576 0
J N 7 372 7 5 1 0 1 8
T -4 1 ze\-l\-t _ 49
K 0 0 43
K 0 0 60
K 0 21 60
A D 2 8 0
A P 1 146 0
J N 7 426 0 4 1729 576 1 8
K 0 0 43
K 0 0 60
K 0 21 60
A D 2 8 0
A P 1 152 0
H 8 S 0 0 0 0 0 0 0 0 0
J N 7 493 7 5 3457 576 0
T -27 1 muss * 69
K 0 0 43
K 0 0 60
K 0 21 60
A D 2 8 0
A P 1 146 0
J N 7 562 14 5 5185 576 0
T -9 1 ein * 42
K 0 0 43
K 0 0 60
K 0 21 60
A D 2 8 0
A P 1 141 0
J B 18 622 1 82 6913 576 0
J N 7 643 7 5 1 0 1 9
T 0 1 lie - 35
K 0 0 43
K 0 0 60
K 0 21 60
A D 2 8 0
A P 1 146 0
J N 7 697 0 4 1729 576 1 9
K 0 0 43
K 0 0 60
K 0 21 60
A D 2 8 0
A P 1 152 0
H 9 S 0 0 0 0 0 0 0 0 0
J N 7 751 7 5 3457 576 1 10
T -3 1 b\!er _ 46
K 0 0 43
K 0 0 60
K 0 21 60
A D 2 8 0
A P 1 146 0
J N 7 804 14 4 5185 576 1 10
K 0 0 43
K 0 0 60
K 0 21 60
A D 2 8 0
A P 1 141 0
H 10 S 0 0 0 0 0 0 0 0 0
J B 19 859 1 82 6913 576 0
J N 8 880 21 5 1 0 0
T -8 1 Va - 40
K 0 0 42
K 0 0 60
K 0 14 60
A D 4 8 0
A P 1 135 0
J N 7 987 28 5 3457 1152 0
T -20 1 t\!er, * 48
K 0 0 43
K 0 0 60
K 0 14 60
A D 2 8 0
A P 1 129 0
J N 7 1041 28 5 5185 576 0
T -9 1 ein * 42
K 0 0 43
K 0 0 60
K 0 14 60
A D 2 8 0
A P 1 129 0
J B 20 1098 1 82 6913 576 0
J N 8 1119 7 5 1 0 0
T -6 1 lie - 35
K 0 0 42
K 0 0 60
K 0 21 60
A D 4 8 0
A P 1 146 0
J N 8 1226 7 5 3457 1152 0
T -10 1 b\!er * 46
K 0 0 42
K 0 0 60
K 0 21 60
A D 4 8 0
A P 1 146 0
J B 21 1334 1 82 6913 1152 0
J N 8 1355 0 5 1 0 0
T -8 1 Va - 40
K 0 0 42
K 0 0 60
K 0 21 60
A D 4 8 0
A P 1 152 0
J N 8 1462 7 5 3457 1152 0
T -8 1 t\!er * 40
K 0 0 42
K 0 0 60
K 0 21 60
A D 4 8 0
A P 1 146 0
J B 22 1573 1 82 6913 1152 0
J N 9 1601 14 3 1 0 1 11
T -13 1 wo\-h - 55
K 0 0 41
A D 8 8 0
A P 1 141 0
J B 23 1815 1 82 6913 2304 0
J N 8 1836 21 4 1 0 1 11
K 0 0 42
K 0 0 60
K 0 14 60
A D 4 8 0
A P 1 135 0
H 11 S 0 0 0 0 0 0 0 0 0
J N 7 1940 28 5 3457 1152 0
T -28 1 n\!en, * 58
K 0 0 43
K 0 0 60
K 0 14 60
A D 2 8 0
A P 1 129 0
J N 7 1993 28 5 5185 576 0
T -8 1 ein * 42
K 0 0 43
K 0 0 60
K 0 14 60
A D 2 8 0
A P 1 129 0
J B 24 2050 1 82 6913 576 0
E *
L 2630 0 0 330 330 * 0 14 0
J D 0 -83 42 1 6913 0 0
W 0 -21 31 Vc.
J D 0 -83 42 1 6913 0 0
W 0 21 31 Cb.
J C 22 5 14 36 6913 0 0
J K 2 57 0 2 6913 0 0
K 0 14 63
K 15 35 63
J D 0 71 -14 1 6913 0 0
W 0 0 0 \01\06
J N 7 130 7 5 1 0 1 16
K 0 0 43
K 0 81 110
K 0 0 60
K 0 21 60
A D 2 8 0
A P 1 146 0
J N 7 184 0 4 1729 576 0
K 0 0 43
K 0 0 60
K 0 21 60
A D 2 8 0
A P 1 152 0
J N 7 243 7 4 3457 576 0
K 0 0 43
K 0 0 60
K 0 21 60
A D 2 8 0
A P 1 146 0
J N 7 296 14 4 5185 576 1 16
K 0 0 43
K 0 0 60
K 0 21 60
A D 2 8 0
A P 1 141 0
H 16 S 0 0 -7 0 -7 0 0 0 0
J B 17 351 1 82 6913 576 0
J N 7 372 7 5 1 0 1 17
K 0 0 43
K 0 81 110
K 0 0 60
K 0 21 60
A D 2 8 0
A P 1 146 0
J N 7 426 0 4 1729 576 0
K 0 0 43
K 0 0 60
K 0 21 60
A D 2 8 0
A P 1 152 0
J N 7 493 7 4 3457 576 0
K 0 0 43
K 0 0 60
K 0 21 60
A D 2 8 0
A P 1 146 0
J N 7 562 14 4 5185 576 1 17
K 0 0 43
K 0 0 60
K 0 21 60
A D 2 8 0
A P 1 141 0
H 17 S 0 0 -7 0 -7 0 0 0 0
J B 18 622 1 82 6913 576 0
J N 7 643 7 5 1 0 1 18
K 0 0 43
K 0 81 110
K 0 0 60
K 0 21 60
A D 2 8 0
A P 1 146 0
J N 7 697 0 4 1729 576 0
K 0 0 43
K 0 0 60
K 0 21 60
A D 2 8 0
A P 1 152 0
J N 7 751 7 4 3457 576 0
K 0 0 43
K 0 0 60
K 0 21 60
A D 2 8 0
A P 1 146 0
J N 7 804 14 4 5185 576 1 18
K 0 0 43
K 0 0 60
K 0 21 60
A D 2 8 0
A P 1 141 0
H 18 S 0 0 -7 0 -7 0 0 0 0
J B 19 859 1 82 6913 576 0
J N 7 880 21 4 1 0 0
K 0 0 43
K 0 0 60
K 0 21 60
A D 2 8 0
A P 1 135 0
J N 7 933 -28 8 1729 576 0
K 0 14 45
K 0 0 45
K 0 0 43
K -1 0 45
K 2 0 45
K 0 0 60
K 0 28 60
A D 2 8 0
A P 1 175 0
J N 7 987 28 4 3457 576 0
K 0 0 43
K 0 0 60
K 0 21 60
A D 2 8 0
A P 1 129 0
J N 7 1041 -21 7 5185 576 0
K 0 7 45
K 0 0 43
K 0 7 45
K 1 7 45
K 0 0 60
K 0 21 60
A D 2 8 0
A P 1 169 0
J B 20 1098 1 82 6913 576 0
J N 7 1119 7 4 1 0 0
K 0 0 43
K 0 0 60
K 0 21 60
A D 2 8 0
A P 1 146 0
J N 7 1172 -42 10 1729 576 0
K 0 28 45
K 0 14 45
K 0 0 45
K 0 0 43
K -1 0 45
K 2 0 45
K 0 0 60
K 0 28 60
K 0 42 60
A D 2 8 0
A P 1 186 0
J N 7 1226 56 4 3457 576 0
K 0 0 43
K 0 0 59
K 0 -21 59
A D 2 8 0
A P 1 106 0
J N 7 1279 7 4 5185 576 0
K 0 0 43
K 0 0 60
K 0 21 60
A D 2 8 0
A P 1 146 0
J B 21 1334 1 82 6913 576 0
J N 7 1355 49 4 1 0 0
K 0 0 43
K 0 0 59
K 0 -21 59
A D 2 8 0
A P 1 112 0
J N 7 1408 0 4 1729 576 0
K 0 0 43
K 0 0 60
K 0 21 60
A D 2 8 0
A P 1 152 0
J N 7 1462 56 4 3457 576 0
K 0 0 43
K 0 0 59
K 0 -21 59
A D 2 8 0
A P 1 106 0
J N 7 1518 7 4 5185 576 0
K 0 0 43
K 0 0 60
K 0 21 60
A D 2 8 0
A P 1 146 0
J B 22 1573 1 82 6913 576 0
J N 7 1601 63 4 1 0 0
K 0 0 43
K 0 0 59
K 0 -21 59
A D 2 8 0
A P 1 101 0
J N 7 1655 14 4 1729 576 0
K 0 0 43
K 0 0 60
K 0 21 60
A D 2 8 0
A P 1 141 0
J N 7 1708 14 4 3457 576 0
K 0 0 43
K 0 0 60
K 0 21 60
A D 2 8 0
A P 1 141 0
J N 7 1762 -35 9 5185 576 0
K 0 21 45
K 0 7 45
K 0 0 43
K 0 7 45
K 1 7 45
K 0 0 60
K 0 28 60
K 0 35 60
A D 2 8 0
A P 1 181 0
J B 23 1815 1 82 6913 576 0
J N 7 1836 21 4 1 0 0
K 0 0 43
K 0 0 60
K 0 21 60
A D 2 8 0
A P 1 135 0
J N 7 1888 -28 8 1729 576 0
K 0 14 45
K 0 0 45
K 0 0 43
K -1 0 45
K 2 0 45
K 0 0 60
K 0 28 60
A D 2 8 0
A P 1 175 0
J N 7 1940 28 4 3457 576 0
K 0 0 43
K 0 0 60
K 0 21 60
A D 2 8 0
A P 1 129 0
J N 7 1993 -21 7 5185 576 0
K 0 7 45
K 0 0 43
K 0 7 45
K 1 7 45
K 0 0 60
K 0 21 60
A D 2 8 0
A P 1 169 0
J B 24 2050 1 82 6913 576 0
E *
B 1 351 0
B 1 622 0
B 1 859 0
B 1 1098 0
B 1 1334 0
B 1 1573 0
B 1 1815 0
B 1 2050 0
