@ SOURCE: {beet/bhl/orch/sym9/stage2/04h/s11} DEC/30/2005 [md5sum:5bf4c65e9b026b8cfb79548d46dd9a14]
L 0 0 14 !39Alto Trombone e   Tenore Trombone
J D 4 500 -120 1 6913 0 0
W 0 0 44 Fourth Movement:  Part 8 (Chorus: Concluding Prestissimo)
J D 1 75 -37 1 6913 0 0
W 0 -56 44 Fourth Movement:  Part 8 (Chorus: Concluding Prestissimo):  Alto Trombone e   Tenore Trombone
J C 12 5 14 35 6913 0 0
J K 2 57 0 2 6913 0 0
K 0 42 63
K 15 14 63
J T 0 103 42 1 6913 0 0
K 0 0 38
Y P 31 Tbni._/A_&_T__
J D 0 151 0 1 1 0 0
W 0 -56 0 Prestissimo. (\0& = 132.)
J N 7 151 7 6 1 0 0
K 0 0 43
K -49 85 110
K -30 85 110
K 0 0 59
K 0 -14 59
A D 1 4 0
A P 1 169 0
J N 7 151 7 4 1 0 0
K 0 0 43
K 0 0 60
K 0 21 60
A D 1 4 0
A P 2 169 0
J R 7 177 28 2 1729 576 0
K 0 0 48
A D 1 4 1
A P 1 0 1
J R 8 200 28 2 3457 576 0
K 0 0 47
A D 2 4 0
A P 1 0 0
J B 2 235 1 82 6913 1152 0
J N 7 256 0 4 1 0 0
K 0 0 43
K 0 0 59
K 0 -14 59
A D 1 4 0
A P 1 175 0
J N 7 256 0 4 1 0 0
K 0 0 43
K 0 0 60
K 0 21 60
A D 1 4 0
A P 2 175 0
J R 7 282 28 2 1729 576 0
K 0 0 48
A D 1 4 1
A P 1 0 1
J R 8 305 28 2 3457 576 0
K 0 0 47
A D 2 4 0
A P 1 0 0
J B 3 340 1 82 6913 1152 0
J N 7 361 0 4 1 0 0
K 0 0 43
K 0 0 59
K 0 -14 59
A D 1 4 0
A P 1 175 0
J N 7 361 0 4 1 0 0
K 0 0 43
K 0 0 60
K 0 21 60
A D 1 4 0
A P 2 175 0
J R 7 387 28 2 1729 576 0
K 0 0 48
A D 1 4 1
A P 1 0 1
J R 8 410 28 2 3457 576 0
K 0 0 47
A D 2 4 0
A P 1 0 0
J B 4 445 1 82 6913 1152 0
J N 7 466 28 10 1 0 0
K 0 -42 45
K 0 -49 43
K 0 -42 45
K 1 -42 45
K 0 0 43
K 0 -49 60
K 0 -21 60
K 0 0 60
K 0 21 60
A D 1 4 0
A P 1 192 0
A P 2 152 0
J R 7 489 28 2 1729 576 0
K 0 0 48
A D 1 4 1
A P 1 0 1
J R 8 512 28 2 3457 576 0
K 0 0 47
A D 2 4 0
A P 1 0 0
J B 5 547 1 82 6913 1152 0
J N 7 568 7 4 1 0 0
K 0 0 43
K 0 0 59
K 0 -14 59
A D 1 4 0
A P 1 169 0
J N 7 568 7 4 1 0 0
K 0 0 43
K 0 0 60
K 0 21 60
A D 1 4 0
A P 2 169 0
J R 7 594 28 2 1729 576 0
K 0 0 48
A D 1 4 1
A P 1 0 1
J R 8 617 28 2 3457 576 0
K 0 0 47
A D 2 4 0
A P 1 0 0
J B 6 652 1 82 6913 1152 0
J N 7 673 0 4 1 0 0
K 0 0 43
K 0 0 59
K 0 -14 59
A D 1 4 0
A P 1 175 0
J N 7 673 0 4 1 0 0
K 0 0 43
K 0 0 60
K 0 21 60
A D 1 4 0
A P 2 175 0
J R 7 699 28 2 1729 576 0
K 0 0 48
A D 1 4 1
A P 1 0 1
J R 8 722 28 2 3457 576 0
K 0 0 47
A D 2 4 0
A P 1 0 0
J B 7 757 1 82 6913 1152 0
J N 7 778 0 4 1 0 0
K 0 0 43
K 0 0 59
K 0 -14 59
A D 1 4 0
A P 1 175 0
J N 7 778 0 4 1 0 0
K 0 0 43
K 0 0 60
K 0 21 60
A D 1 4 0
A P 2 175 0
J R 7 804 28 2 1729 576 0
K 0 0 48
A D 1 4 1
A P 1 0 1
J R 8 827 28 2 3457 576 0
K 0 0 47
A D 2 4 0
A P 1 0 0
J B 8 862 1 82 6913 1152 0
J N 7 883 28 10 1 0 0
K 0 -42 45
K 0 -49 43
K 0 -42 45
K 1 -42 45
K 0 0 43
K 0 -49 60
K 0 -21 60
K 0 0 60
K 0 21 60
A D 1 4 0
A P 1 192 0
A P 2 152 0
J R 7 906 28 2 1729 576 0
K 0 0 48
A D 1 4 1
A P 1 0 1
J R 8 929 28 2 3457 576 0
K 0 0 47
A D 2 4 0
A P 1 0 0
J B 9 964 1 82 6913 1152 0
J N 7 985 -14 7 1 0 0
K 1 0 45
K 0 0 43
K -1 0 45
K 2 0 45
K 0 0 59
K 0 -7 59
A D 1 4 0
A P 1 186 0
J N 7 985 35 4 1 0 0
K 0 0 43
K 0 0 60
K 0 14 60
A D 1 4 0
A P 2 146 0
J R 7 1011 28 2 1729 576 0
K 0 0 48
A D 1 4 0
A P 1 0 0
J N 7 1034 0 4 3457 576 0
K 0 0 43
K 0 0 59
K 0 -14 59
A D 1 4 0
A P 1 175 0
J N 7 1034 0 4 3457 0 0
K 0 0 43
K 0 0 60
K 0 21 60
A D 1 4 0
A P 2 175 0
J R 7 1060 28 2 5185 576 0
K 0 0 48
A D 1 4 0
A P 1 0 0
J B 10 1087 1 82 6913 576 0
J N 7 1108 14 4 1 0 0
K 0 0 43
K 0 0 59
K 0 -14 59
A D 1 4 0
A P 1 164 0
J N 7 1108 14 4 1 0 0
K 0 0 43
K 0 0 60
K 0 21 60
A D 1 4 0
A P 2 164 0
J R 7 1134 28 2 1729 576 0
K 0 0 48
A D 1 4 0
A P 1 0 0
J N 7 1157 28 4 3457 576 0
K 0 0 43
K 0 0 59
K 0 -14 59
A D 1 4 0
A P 1 152 0
J N 7 1157 28 4 3457 0 0
K 0 0 43
K 0 0 60
K 0 21 60
A D 1 4 0
A P 2 152 0
J R 7 1183 28 2 5185 576 0
K 0 0 48
A D 1 4 0
A P 1 0 0
J B 11 1210 1 82 6913 576 0
J R 8 1231 28 2 1 0 0
K 0 0 47
A D 2 4 1
A P 1 0 1
J R 7 1262 28 2 3457 1152 0
K 0 0 48
A D 1 4 0
A P 1 0 0
J N 7 1285 28 6 5185 576 2 1 2
K 0 -21 43
K 0 0 43
K 0 -21 60
K 0 0 60
K 0 21 60
A D 1 4 2
A P 1 169 0
A P 2 152 1
J B 12 1312 1 82 6913 576 0
J N 7 1333 28 7 1 0 2 1 2
K 0 -28 43
K 0 0 43
K 2 60 110
K 0 -28 60
K 0 0 60
K 0 21 60
A D 1 4 0
A P 1 175 0
A P 2 152 0
H 1 T 28 0 0 0 0 0 15 0
H 2 S 0 0 -21 0 -28 0 0 0 0
J R 7 1356 28 2 1729 576 0
K 0 0 48
A D 1 4 1
A P 1 0 1
J R 7 1379 28 2 3457 576 0
K 0 0 48
A D 1 4 0
A P 1 0 0
J N 7 1402 28 6 5185 576 2 3 4
K 0 -21 43
K 0 0 43
K 0 -21 60
K 0 0 60
K 0 21 60
A D 1 4 2
A P 1 169 0
A P 2 152 1
J B 13 1429 1 82 6913 576 0
J N 7 1450 28 7 1 0 2 3 4
K 0 -28 43
K 0 0 43
K 2 60 110
K 0 -28 60
K 0 0 60
K 0 21 60
A D 1 4 0
A P 1 175 0
A P 2 152 0
H 3 T 28 0 0 0 0 0 15 0
H 4 S 0 0 -21 0 -28 0 0 0 0
J R 7 1473 28 2 1729 576 0
K 0 0 48
A D 1 4 1
A P 1 0 1
J R 7 1496 28 2 3457 576 0
K 0 0 48
A D 1 4 0
A P 1 0 0
J N 7 1519 28 6 5185 576 2 5 6
K 0 -21 43
K 0 0 43
K 0 -21 60
K 0 0 60
K 0 21 60
A D 1 4 2
A P 1 169 0
A P 2 152 1
J B 14 1546 1 82 6913 576 0
J N 7 1567 28 7 1 0 2 5 6
K 0 -28 43
K 0 0 43
K 2 60 110
K 0 -28 60
K 0 0 60
K 0 21 60
A D 1 4 0
A P 1 175 0
A P 2 152 0
H 5 T 28 0 0 0 0 0 15 0
H 6 S 0 0 -21 0 -28 0 0 0 0
J R 7 1590 28 2 1729 576 0
K 0 0 48
A D 1 4 1
A P 1 0 1
J R 7 1613 28 2 3457 576 0
K 0 0 48
A D 1 4 0
A P 1 0 0
J N 7 1636 28 6 5185 576 2 7 8
K 0 -21 43
K 0 0 43
K 0 -21 60
K 0 0 60
K 0 21 60
A D 1 4 2
A P 1 169 0
A P 2 152 1
J B 15 1663 1 82 6913 576 0
J N 7 1684 28 7 1 0 2 7 8
K 0 -28 43
K 0 0 43
K 2 60 110
K 0 -28 60
K 0 0 60
K 0 21 60
A D 1 4 0
A P 1 175 0
A P 2 152 0
H 7 T 28 0 0 0 0 0 15 0
H 8 S 0 0 -21 0 -28 0 0 0 0
J R 7 1707 28 2 1729 576 0
K 0 0 48
A D 1 4 1
A P 1 0 1
J R 7 1730 28 2 3457 576 0
K 0 0 48
A D 1 4 0
A P 1 0 0
J N 7 1753 28 6 5185 576 2 9 10
K 0 -21 43
K 0 0 43
K 0 -21 60
K 0 0 60
K 0 21 60
A D 1 4 2
A P 1 169 0
A P 2 152 1
J B 16 1780 1 82 6913 576 0
J N 7 1801 28 7 1 0 2 9 10
K 0 -28 43
K 0 0 43
K 2 60 110
K 0 -28 60
K 0 0 60
K 0 21 60
A D 1 4 0
A P 1 175 0
A P 2 152 0
H 9 T 28 0 0 0 0 0 15 0
H 10 S 0 0 -21 0 -28 0 0 0 0
J R 7 1824 28 2 1729 576 0
K 0 0 48
A D 1 4 1
A P 1 0 1
J R 7 1847 28 2 3457 576 0
K 0 0 48
A D 1 4 0
A P 1 0 0
J N 7 1870 28 6 5185 576 2 11 12
K 0 -21 43
K 0 0 43
K 0 -21 60
K 0 0 60
K 0 21 60
A D 1 4 2
A P 1 169 0
A P 2 152 1
J B 17 1897 1 82 6913 576 0
J N 7 1918 28 7 1 0 2 11 12
K 0 -28 43
K 0 0 43
K 2 60 110
K 0 -28 60
K 0 0 60
K 0 21 60
A D 1 4 0
A P 1 175 0
A P 2 152 0
H 11 T 28 0 0 0 0 0 15 0
H 12 S 0 0 -21 0 -28 0 0 0 0
J R 7 1941 28 2 1729 576 0
K 0 0 48
A D 1 4 1
A P 1 0 1
J R 7 1964 28 2 3457 576 0
K 0 0 48
A D 1 4 0
A P 1 0 0
J N 7 1987 28 6 5185 576 2 13 14
K 0 -21 43
K 0 0 43
K 0 -21 60
K 0 0 60
K 0 21 60
A D 1 4 2
A P 1 169 0
A P 2 152 1
J B 18 2014 1 82 6913 576 0
J N 7 2035 28 7 1 0 2 13 14
K 0 -28 43
K 0 0 43
K 2 60 110
K 0 -28 60
K 0 0 60
K 0 21 60
A D 1 4 0
A P 1 175 0
A P 2 152 0
H 13 T 28 0 0 0 0 0 15 0
H 14 S 0 0 -21 0 -28 0 0 0 0
J R 7 2058 28 2 1729 576 0
K 0 0 48
A D 1 4 1
A P 1 0 1
J R 7 2081 28 2 3457 576 0
K 0 0 48
A D 1 4 0
A P 1 0 0
J N 7 2104 28 6 5185 576 2 15 16
K 0 -21 43
K 0 0 43
K 0 -21 60
K 0 0 60
K 0 21 60
A D 1 4 2
A P 1 169 0
A P 2 152 1
J B 19 2131 1 82 6913 576 0
J N 7 2152 28 10 1 0 2 15 16
K 0 -42 45
K 0 -42 43
K -1 -42 45
K 2 -42 45
K 0 0 43
K 0 -42 60
K 0 -14 60
K 0 0 60
K 0 21 60
A D 1 4 0
A P 1 186 0
A P 2 152 0
H 15 T 28 0 0 0 0 0 15 0
H 16 S 0 0 -21 0 -42 0 0 0 0
J R 7 2175 28 2 1729 576 0
K 0 0 48
A D 1 4 0
A P 1 0 0
J N 7 2198 28 6 3457 576 0
K 0 -21 43
K 0 0 43
K 0 -21 60
K 0 0 60
K 0 21 60
A D 1 4 0
A P 1 169 0
A P 2 152 0
J R 7 2221 28 2 5185 576 0
K 0 0 48
A D 1 4 0
A P 1 0 0
J B 20 2248 1 82 6913 576 0
J N 7 2269 35 10 1 0 0
K 0 -49 45
K 0 -49 43
K -1 -49 45
K 2 -49 45
K 0 0 43
K 0 -49 60
K 0 -21 60
K 0 0 60
K 0 14 60
A D 1 4 0
A P 1 186 0
A P 2 146 0
J R 7 2292 28 2 1729 576 0
K 0 0 48
A D 1 4 0
A P 1 0 0
J N 7 2315 35 10 3457 576 0
K 0 -49 45
K 0 -49 43
K -1 -49 45
K 2 -49 45
K 0 0 43
K 0 -49 60
K 0 -21 60
K 0 0 60
K 0 14 60
A D 1 4 0
A P 1 186 0
A P 2 146 0
J R 7 2338 28 2 5185 576 0
K 0 0 48
A D 1 4 0
A P 1 0 0
J B 21 2365 1 82 6913 576 0
J R 8 2386 28 2 1 0 0
K 0 0 47
A D 2 4 0
A P 1 0 0
J N 7 2420 28 6 3457 1152 0
K 0 -28 43
K 0 0 43
K 0 -28 60
K 0 0 60
K 0 21 60
A D 1 4 0
A P 1 175 0
A P 2 152 0
J R 7 2443 28 2 5185 576 0
K 0 0 48
A D 1 4 0
A P 1 0 0
J B 22 2470 1 82 6913 576 0
J N 7 2498 7 4 1 0 0
K 0 0 43
K 0 0 59
K 0 -14 59
A D 1 4 0
A P 1 169 0
J N 7 2491 -7 4 1 0 0
K 0 0 43
K 0 0 60
K 0 21 60
A D 1 4 0
A P 2 181 0
J R 7 2524 28 2 1729 576 0
K 0 0 48
A D 1 4 0
A P 1 0 0
J N 7 2547 28 10 3457 576 0
K 0 -42 45
K 0 -49 43
K 0 -42 45
K 1 -42 45
K 0 0 43
K 0 -49 60
K 0 -21 60
K 0 0 60
K 0 21 60
A D 1 4 0
A P 1 192 0
A P 2 152 0
J R 7 2573 28 2 5185 576 0
K 0 0 48
A D 1 4 0
A P 1 0 0
J B 23 2600 1 82 6913 576 0
J N 7 2621 0 9 1 0 0
K 0 -14 45
K 0 -14 43
K -1 -14 45
K 2 -14 45
K 0 0 43
K 0 -14 60
K 0 0 60
K 0 21 60
A D 1 4 0
A P 1 186 0
A P 2 175 0
J R 7 2647 28 2 1729 576 0
K 0 0 48
A D 1 4 0
A P 1 0 0
J N 7 2670 7 4 3457 576 0
K 0 0 43
K 0 0 59
K 0 -14 59
A D 1 4 0
A P 1 169 0
J N 7 2670 7 4 3457 0 0
K 0 0 43
K 0 0 60
K 0 21 60
A D 1 4 0
A P 2 169 0
J R 7 2696 28 2 5185 576 0
K 0 0 48
A D 1 4 0
A P 1 0 0
J B 24 2723 1 82 6913 576 0
J N 7 2744 21 11 1 0 0
K 0 -35 45
K 0 -49 45
K 0 -49 43
K -1 -49 45
K 2 -49 45
K 0 0 43
K 0 -49 60
K 0 -21 60
K 0 0 60
K 0 21 60
A D 1 4 0
A P 1 198 0
A P 2 158 0
J R 7 2767 28 2 1729 576 0
K 0 0 48
A D 1 4 0
A P 1 0 0
J N 7 2790 21 10 3457 576 0
K 0 -35 45
K 0 -35 43
K -1 -35 45
K 2 -35 45
K 0 0 43
K 0 -35 60
K 0 -7 60
K 0 0 60
K 0 21 60
A D 1 4 0
A P 1 186 0
A P 2 158 0
J R 7 2813 28 2 5185 576 0
K 0 0 48
A D 1 4 0
A P 1 0 0
J B 25 2840 1 82 6913 576 0
J N 7 2861 28 4 1 0 0
K 0 0 43
K 0 0 59
K 0 -14 59
A D 1 4 0
A P 1 152 0
J N 7 2861 28 4 1 0 0
K 0 0 43
K 0 0 60
K 0 21 60
A D 1 4 0
A P 2 152 0
J R 7 2887 28 2 1729 576 0
K 0 0 48
A D 1 4 0
A P 1 0 0
J N 7 2910 28 4 3457 576 0
K 0 0 43
K 0 0 59
K 0 -14 59
A D 1 4 0
A P 1 152 0
J N 7 2910 28 4 3457 0 0
K 0 0 43
K 0 0 60
K 0 21 60
A D 1 4 0
A P 2 152 0
J R 7 2936 28 2 5185 576 0
K 0 0 48
A D 1 4 0
A P 1 0 0
J B 26 2963 1 82 6913 576 0
J D 0 2977 0 1 1 0 0
W 0 -14 32 zu 2
J N 7 2984 7 4 1 0 0
K 0 0 43
K 0 0 60
K 0 21 60
A D 1 4 0
A P 3 169 0
J R 7 3007 28 2 1729 576 0
K 0 0 48
A D 1 4 1
A P 3 0 1
J R 8 3030 28 2 3457 576 0
K 0 0 47
A D 2 4 0
A P 3 0 0
J B 27 3065 1 82 6913 1152 0
J N 7 3086 7 4 1 0 0
K 0 0 43
K 0 0 60
K 0 21 60
A D 1 4 0
A P 3 169 0
J R 7 3109 28 2 1729 576 0
K 0 0 48
A D 1 4 1
A P 3 0 1
J R 8 3132 28 2 3457 576 0
K 0 0 47
A D 2 4 0
A P 3 0 0
J B 28 3167 1 82 6913 1152 0
J N 7 3188 0 4 1 0 0
K 0 0 43
K 0 0 60
K 0 21 60
A D 1 4 0
A P 3 175 0
J R 7 3211 28 2 1729 576 0
K 0 0 48
A D 1 4 1
A P 3 0 1
J R 8 3234 28 2 3457 576 0
K 0 0 47
A D 2 4 0
A P 3 0 0
J B 29 3269 1 82 6913 1152 0
J N 7 3290 0 4 1 0 0
K 0 0 43
K 0 0 60
K 0 21 60
A D 1 4 0
A P 3 175 0
J R 7 3313 28 2 1729 576 0
K 0 0 48
A D 1 4 1
A P 3 0 1
J R 8 3336 28 2 3457 576 0
K 0 0 47
A D 2 4 0
A P 3 0 0
J B 30 3371 1 82 6913 1152 0
J N 8 3392 -7 12 1 0 0
K 0 -7 45
K 0 -14 42
K 0 -7 45
K 1 -7 45
K 0 0 42
K 0 -31 96
K 4 81 110
K 23 81 110
K 0 -14 60
K 0 0 60
K 0 21 60
A D 2 4 0
A P 1 192 0
A P 2 181 0
J N 8 3422 -7 10 3457 1152 0
K 0 -7 45
K 0 -14 42
K 0 -7 45
K 1 -7 45
K 0 0 42
K 0 -31 96
K 0 -14 60
K 0 0 60
K 0 21 60
A D 2 4 0
A P 1 192 0
A P 2 181 0
J B 31 3456 1 82 6913 1152 0
J N 8 3477 -7 10 1 0 0
K 0 -7 45
K 0 -14 42
K 0 -7 45
K 1 -7 45
K 0 0 42
K 0 -31 96
K 0 -14 60
K 0 0 60
K 0 21 60
A D 2 4 0
A P 1 192 0
A P 2 181 0
J N 8 3507 -7 10 3457 1152 0
K 0 -7 45
K 0 -14 42
K 0 -7 45
K 1 -7 45
K 0 0 42
K 0 -31 96
K 0 -14 60
K 0 0 60
K 0 21 60
A D 2 4 0
A P 1 192 0
A P 2 181 0
J B 32 3541 1 82 6913 1152 0
J N 8 3562 -7 10 1 0 0
K 0 -7 45
K 0 -14 42
K 0 -7 45
K 1 -7 45
K 0 0 42
K 0 -31 96
K 0 -14 60
K 0 0 60
K 0 21 60
A D 2 4 0
A P 1 192 0
A P 2 181 0
J N 8 3592 -7 10 3457 1152 0
K 0 -7 45
K 0 -14 42
K 0 -7 45
K 1 -7 45
K 0 0 42
K 0 -31 96
K 0 -14 60
K 0 0 60
K 0 21 60
A D 2 4 0
A P 1 192 0
A P 2 181 0
J B 33 3626 1 82 6913 1152 0
J N 8 3647 0 10 1 0 0
K 0 -14 45
K 0 -14 42
K -1 -14 45
K 2 -14 45
K 0 0 42
K 0 -31 96
K 0 -14 60
K 0 0 60
K 0 21 60
A D 2 4 0
A P 1 186 0
A P 2 175 0
J N 8 3677 0 10 3457 1152 0
K 0 -14 45
K 0 -14 42
K -1 -14 45
K 2 -14 45
K 0 0 42
K 0 -31 96
K 0 -14 60
K 0 0 60
K 0 21 60
A D 2 4 0
A P 1 186 0
A P 2 175 0
J B 34 3711 1 82 6913 1152 0
J N 8 3732 0 10 1 0 0
K 0 -14 45
K 0 -14 42
K -1 -14 45
K 2 -14 45
K 0 0 42
K 0 -31 96
K 0 -14 60
K 0 0 60
K 0 21 60
A D 2 4 0
A P 1 186 0
A P 2 175 0
J N 8 3762 0 10 3457 1152 0
K 0 -14 45
K 0 -14 42
K -1 -14 45
K 2 -14 45
K 0 0 42
K 0 -31 96
K 0 -14 60
K 0 0 60
K 0 21 60
A D 2 4 0
A P 1 186 0
A P 2 175 0
J B 35 3796 1 82 6913 1152 0
J N 8 3819 -7 11 1 0 0
K 0 -7 45
K -14 0 64
K 0 -14 42
K 0 -7 45
K 1 -7 45
K 0 0 42
K 0 -31 96
K 0 -14 60
K 0 0 60
K 0 21 60
A D 2 4 0
A P 1 192 0
A P 2 180 0
J N 8 3849 7 10 3457 1152 0
K 0 -21 45
K 0 -28 42
K 0 -21 45
K 1 -21 45
K 0 0 42
K 0 -45 96
K 0 -28 60
K 0 0 60
K 0 21 60
A D 2 4 0
A P 1 192 0
A P 2 169 0
J B 36 3883 1 82 6913 1152 0
J N 8 3910 14 12 1 0 0
K 0 -28 45
K -18 0 63
K 0 -35 42
K 0 -28 45
K 1 -28 45
K 0 0 42
K 0 -52 96
K 0 -35 60
K 0 -7 60
K 0 0 60
K 0 21 60
A D 2 4 0
A P 1 192 0
A P 2 164 0
J N 8 3940 28 11 3457 1152 0
K 0 -42 45
K 0 -49 42
K 0 -42 45
K 1 -42 45
K 0 0 42
K 0 -66 96
K 0 -49 60
K 0 -21 60
K 0 0 60
K 0 21 60
A D 2 4 0
A P 1 192 0
A P 2 152 0
J B 37 3974 1 82 6913 1152 0
J N 7 4001 -7 12 1 0 0
K 0 -7 45
K -18 0 63
K 0 -14 43
K 0 -7 45
K 1 -7 45
K 0 0 43
K -4 81 110
K 15 81 110
K 0 -14 60
K 0 0 60
K 0 21 60
A D 1 4 0
A P 1 192 0
A P 2 181 0
J R 7 4024 28 2 1729 576 0
K 0 0 48
A D 1 4 0
A P 1 0 0
J N 8 4047 -7 11 3457 576 2 17 18
K 0 -7 45
K 0 -14 42
K 0 -7 45
K 1 -7 45
K 0 0 42
K -4 81 111
K 8 81 110
K 0 -14 60
K 0 0 60
K 0 21 60
A D 2 4 1
A P 1 192 1
A P 2 181 1
J B 38 4081 1 82 6913 1152 0
J N 8 4102 -7 9 1 0 2 17 18
K 0 -7 45
K 0 -14 42
K 0 -7 45
K 1 -7 45
K 0 0 42
K 0 -14 60
K 0 0 60
K 0 21 60
A D 2 4 0
A P 1 192 0
A P 2 181 0
H 17 T -21 0 0 0 0 0 1 0
H 18 T -7 0 0 0 0 0 11 0
J N 7 4132 -7 9 3457 1152 0
K 0 -7 45
K 0 -14 43
K 0 -7 45
K 1 -7 45
K 0 0 43
K 0 -14 60
K 0 0 60
K 0 21 60
A D 1 4 0
A P 1 192 0
A P 2 181 0
J R 7 4155 28 2 5185 576 0
K 0 0 48
A D 1 4 0
A P 1 0 0
J B 39 4182 1 82 6913 576 0
J N 7 4203 -7 9 1 0 0
K 0 -7 45
K 0 -14 43
K 0 -7 45
K 1 -7 45
K 0 0 43
K 0 -14 60
K 0 0 60
K 0 21 60
A D 1 4 0
A P 1 192 0
A P 2 181 0
J R 7 4226 28 2 1729 576 0
K 0 0 48
A D 1 4 0
A P 1 0 0
J N 7 4249 -7 9 3457 576 0
K 0 -7 45
K 0 -14 43
K 0 -7 45
K 1 -7 45
K 0 0 43
K 0 -14 60
K 0 0 60
K 0 21 60
A D 1 4 0
A P 1 192 0
A P 2 181 0
J R 7 4272 28 2 5185 576 0
K 0 0 48
A D 1 4 0
A P 1 0 0
J B 40 4299 1 82 6913 576 0
J N 7 4320 -7 9 1 0 0
K 0 -7 45
K 0 -14 43
K 0 -7 45
K 1 -7 45
K 0 0 43
K 0 -14 60
K 0 0 60
K 0 21 60
A D 1 4 0
A P 1 192 0
A P 2 181 0
J R 7 4343 28 2 1729 576 0
K 0 0 48
A D 1 4 0
A P 1 0 0
J N 7 4366 -7 9 3457 576 0
K 0 -7 45
K 0 -14 43
K 0 -7 45
K 1 -7 45
K 0 0 43
K 0 -14 60
K 0 0 60
K 0 21 60
A D 1 4 0
A P 1 192 0
A P 2 181 0
J R 7 4389 28 2 5185 576 0
K 0 0 48
A D 1 4 0
A P 1 0 0
J B 41 4416 1 82 6913 576 0
J N 7 4437 0 9 1 0 0
K 0 -14 45
K 0 -14 43
K -1 -14 45
K 2 -14 45
K 0 0 43
K 0 -14 60
K 0 0 60
K 0 21 60
A D 1 4 0
A P 1 186 0
A P 2 175 0
J R 7 4460 28 2 1729 576 0
K 0 0 48
A D 1 4 0
A P 1 0 0
J N 7 4483 0 9 3457 576 0
K 0 -14 45
K 0 -14 43
K -1 -14 45
K 2 -14 45
K 0 0 43
K 0 -14 60
K 0 0 60
K 0 21 60
A D 1 4 0
A P 1 186 0
A P 2 175 0
J R 7 4506 28 2 5185 576 0
K 0 0 48
A D 1 4 0
A P 1 0 0
J B 42 4533 1 82 6913 576 0
J N 7 4554 0 9 1 0 0
K 0 -14 45
K 0 -14 43
K -1 -14 45
K 2 -14 45
K 0 0 43
K 0 -14 60
K 0 0 60
K 0 21 60
A D 1 4 0
A P 1 186 0
A P 2 175 0
J R 7 4577 28 2 1729 576 0
K 0 0 48
A D 1 4 0
A P 1 0 0
J N 7 4600 0 9 3457 576 0
K 0 -14 45
K 0 -14 43
K -1 -14 45
K 2 -14 45
K 0 0 43
K 0 -14 60
K 0 0 60
K 0 21 60
A D 1 4 0
A P 1 186 0
A P 2 175 0
J R 7 4623 28 2 5185 576 0
K 0 0 48
A D 1 4 0
A P 1 0 0
J B 43 4650 1 82 6913 576 0
J N 7 4675 -7 10 1 0 0
K 0 -7 45
K -14 0 64
K 0 -14 43
K 0 -7 45
K 1 -7 45
K 0 0 43
K 0 -14 60
K 0 0 60
K 0 21 60
A D 1 4 0
A P 1 192 0
A P 2 180 0
J R 7 4698 28 2 1729 576 0
K 0 0 48
A D 1 4 0
A P 1 0 0
J N 7 4721 7 12 3457 576 0
K 0 -21 45
K 0 -35 45
K 0 -49 45
K 0 -49 43
K -1 -49 45
K 2 -49 45
K 0 0 43
K 0 -49 60
K 0 -21 60
K 0 0 60
K 0 21 60
A D 1 4 0
A P 1 209 0
A P 2 169 0
J R 7 4744 28 2 5185 576 0
K 0 0 48
A D 1 4 0
A P 1 0 0
J B 44 4771 1 82 6913 576 0
J N 7 4798 -21 13 1 0 0
K 0 7 45
K 0 -7 45
K -18 -14 63
K 0 -14 43
K 0 -7 45
K 1 -7 45
K 0 0 43
K 0 7 45
K 1 7 45
K 0 -14 60
K 0 0 60
K 0 21 60
A D 1 4 0
A P 1 204 0
A P 2 192 0
J R 7 4821 28 2 1729 576 0
K 0 0 48
A D 1 4 0
A P 1 0 0
J N 7 4844 -21 7 3457 576 0
K 1 7 45
K 0 0 43
K 0 7 45
K 1 7 45
K 0 0 59
K 0 -7 59
A D 1 4 0
A P 1 192 0
J N 7 4844 -21 7 3457 0 0
K 0 7 45
K 0 0 43
K 0 7 45
K 1 7 45
K 0 0 60
K 0 21 60
A D 1 4 0
A P 2 192 0
J R 7 4870 28 2 5185 576 0
K 0 0 48
A D 1 4 0
A P 1 0 0
J B 45 4897 1 82 6913 576 0
J N 8 4918 7 11 1 0 0
K 0 -21 45
K 0 -28 42
K 0 -21 45
K 1 -21 45
K 0 0 42
K 4 67 110
K 23 67 110
K 0 -28 60
K 0 0 60
K 0 21 60
A D 2 4 0
A P 1 192 0
A P 2 169 0
J N 7 4948 7 11 3457 1152 0
K 0 -21 45
K 0 -35 45
K 0 -35 43
K -1 -35 45
K 2 -35 45
K 0 0 43
K 0 -35 60
K 0 -7 60
K 0 0 60
K 0 21 60
A D 1 4 0
A P 1 198 0
A P 2 169 0
J R 7 4971 28 2 5185 576 0
K 0 0 48
A D 1 4 0
A P 1 0 0
J B 46 4998 1 82 6913 576 0
J N 9 5019 0 7 1 0 2 19 20
K 0 -14 45
K 6 -14 45
K 0 -14 41
K -1 -14 45
K 2 -14 45
K 0 0 41
A D 4 4 1
A P 1 186 1
A P 2 175 1
J B 47 5065 1 82 6913 2304 0
J N 9 5086 0 7 1 0 2 19 20
K 0 -14 45
K 6 -14 45
K 0 -14 41
K -1 -14 45
K 2 -14 45
K 0 0 41
A D 4 4 0
A P 1 186 0
A P 2 175 0
H 19 T -14 0 0 0 0 0 5 0
H 20 T 0 0 0 0 0 0 15 0
J B 48 5132 1 82 6913 2304 0
J N 7 5153 7 6 1 0 0
K 0 -14 43
K 0 0 43
K 0 -14 60
K 0 0 60
K 0 21 60
A D 1 4 0
A P 1 181 0
A P 2 169 0
J R 7 5176 28 2 1729 576 0
K 0 0 48
A D 1 4 0
A P 1 0 0
J N 7 5199 14 6 3457 576 0
K 0 -14 43
K 0 0 43
K 0 -14 60
K 0 0 60
K 0 21 60
A D 1 4 0
A P 1 175 0
A P 2 164 0
J R 7 5222 28 2 5185 576 0
K 0 0 48
A D 1 4 0
A P 1 0 0
J B 49 5249 1 82 6913 576 0
J N 8 5270 7 6 1 0 0
K 0 -14 42
K 0 0 42
K 0 -14 60
K 0 0 60
K 0 21 60
A D 2 4 0
A P 1 181 0
A P 2 169 0
J N 7 5300 7 11 3457 1152 0
K 0 -21 45
K 0 -21 43
K -1 -21 45
K 2 -21 45
K 0 0 43
K 4 67 110
K 23 67 110
K 0 -21 60
K 0 0 60
K 0 21 60
A D 1 4 0
A P 1 186 0
A P 2 169 0
J R 7 5323 28 2 5185 576 0
K 0 0 48
A D 1 4 0
A P 1 0 0
J B 50 5350 1 82 6913 576 0
J N 9 5371 0 7 1 0 2 21 22
K 0 -14 45
K 6 -14 45
K 0 -14 41
K -1 -14 45
K 2 -14 45
K 0 0 41
A D 4 4 1
A P 1 186 1
A P 2 175 1
J B 51 5417 1 82 6913 2304 0
J N 9 5438 0 7 1 0 2 21 22
K 0 -14 45
K 6 -14 45
K 0 -14 41
K -1 -14 45
K 2 -14 45
K 0 0 41
A D 4 4 0
A P 1 186 0
A P 2 175 0
H 21 T -14 0 0 0 0 0 5 0
H 22 T 0 0 0 0 0 0 15 0
J B 52 5484 1 82 6913 2304 0
J N 7 5505 7 6 1 0 0
K 0 -14 43
K 0 0 43
K 0 -14 60
K 0 0 60
K 0 21 60
A D 1 4 0
A P 1 181 0
A P 2 169 0
J R 7 5528 28 2 1729 576 0
K 0 0 48
A D 1 4 0
A P 1 0 0
J N 7 5551 14 6 3457 576 0
K 0 -14 43
K 0 0 43
K 0 -14 60
K 0 0 60
K 0 21 60
A D 1 4 0
A P 1 175 0
A P 2 164 0
J R 7 5574 28 2 5185 576 0
K 0 0 48
A D 1 4 0
A P 1 0 0
J B 53 5601 1 82 6913 576 0
J N 7 5622 7 4 1 0 0
K 0 0 43
K 0 0 59
K 0 -14 59
A D 1 4 0
A P 1 169 0
J N 7 5622 7 4 1 0 0
K 0 0 43
K 0 0 60
K 0 21 60
A D 1 4 0
A P 2 169 0
J R 7 5648 28 2 1729 576 0
K 0 0 48
A D 1 4 1
A P 1 0 1
J R 8 5671 28 2 3457 576 0
K 0 0 47
A D 2 4 0
A P 1 0 0
J B 54 5706 1 82 6913 1152 0
J N 7 5727 21 11 1 0 0
K 0 -35 45
K 0 -49 45
K 0 -49 43
K -1 -49 45
K 2 -49 45
K 0 0 43
K 0 -49 60
K 0 -21 60
K 0 0 60
K 0 21 60
A D 1 4 0
A P 1 198 0
A P 2 158 0
J R 7 5750 28 2 1729 576 0
K 0 0 48
A D 1 4 1
A P 1 0 1
J R 8 5773 28 2 3457 576 0
K 0 0 47
A D 2 4 0
A P 1 0 0
J B 55 5808 1 82 6913 1152 0
J N 7 5829 35 10 1 0 0
K 0 -49 45
K 0 -49 43
K -1 -49 45
K 2 -49 45
K 0 0 43
K 0 -49 60
K 0 -21 60
K 0 0 60
K 0 14 60
A D 1 4 0
A P 1 186 0
A P 2 146 0
J R 7 5852 28 2 1729 576 0
K 0 0 48
A D 1 4 0
A P 1 0 0
J D 0 5861 0 1 3457 576 0
W 0 -21 32 zu 2
J N 7 5875 0 5 3457 0 0
K 0 0 43
K 0 0 43
K 0 0 60
K 0 21 60
A D 1 4 0
A P 1 175 0
A P 2 175 0
J R 7 5898 28 2 5185 576 0
K 0 0 48
A D 1 4 0
A P 1 0 0
J B 56 5925 1 82 6913 576 0
J N 7 5946 -21 7 1 0 0
K 0 7 45
K 0 0 43
K 0 7 45
K 1 7 45
K 0 0 60
K 0 21 60
A D 1 4 0
A P 3 192 0
J R 7 5969 28 2 1729 576 0
K 0 0 48
A D 1 4 1
A P 3 0 1
J R 8 5992 28 2 3457 576 0
K 0 0 47
A D 2 4 0
A P 3 0 0
J B 57 6027 1 82 6913 1152 0
J R 8 6048 28 2 1 0 0
K 0 0 47
A D 2 4 0
A P 3 0 0
J N 7 6082 7 4 3457 1152 0
K 0 0 43
K 0 0 60
K 0 21 60
A D 1 4 0
A P 3 169 0
J R 7 6105 28 2 5185 576 0
K 0 0 48
A D 1 4 0
A P 3 0 0
J B 58 6132 1 82 6913 576 0
J N 7 6153 -21 7 1 0 0
K 0 7 45
K 0 0 43
K 0 7 45
K 1 7 45
K 0 0 60
K 0 21 60
A D 1 4 0
A P 3 192 0
J R 7 6176 28 2 1729 576 0
K 0 0 48
A D 1 4 1
A P 3 0 1
J R 8 6199 28 2 3457 576 0
K 0 0 47
A D 2 4 0
A P 3 0 0
J B 59 6234 1 82 6913 1152 0
J R 8 6255 28 2 1 0 0
K 0 0 47
A D 2 4 0
A P 3 0 0
J N 7 6289 7 4 3457 1152 0
K 0 0 43
K 0 0 60
K 0 21 60
A D 1 4 0
A P 3 169 0
J R 7 6312 28 2 5185 576 0
K 0 0 48
A D 1 4 0
A P 3 0 0
J B 60 6339 1 82 6913 576 0
J N 7 6360 -21 7 1 0 0
K 0 7 45
K 0 0 43
K 0 7 45
K 1 7 45
K 0 0 60
K 0 21 60
A D 1 4 0
A P 3 192 0
J R 7 6383 28 2 1729 576 0
K 0 0 48
A D 1 4 1
A P 3 0 1
J R 8 6406 28 2 3457 576 0
K 0 0 47
A D 2 4 0
A P 3 0 0
J B 61 6441 1 82 6913 1152 0
J R 9 6462 28 2 1 10001 0
K 0 0 46
A D 4 4 0
A P 3 0 0
J B 62 6567 1 82 6913 2304 0
J R 8 6588 28 2 1 0 0
K 0 0 47
A D 2 4 0
A P 3 0 0
J D 0 6604 0 1 3457 1152 0
W 0 -21 32 zu 2
J N 7 6618 7 4 3457 0 0
K 0 0 43
K 0 0 60
K 0 21 60
A D 1 4 0
A P 3 169 0
J N 7 6644 -7 4 5185 576 0
K 0 0 43
K 0 0 60
K 0 21 60
A D 1 4 0
A P 3 181 0
J B 63 6671 1 82 6913 576 0
J N 7 6692 -21 7 1 0 0
K 0 7 45
K 0 0 43
K 0 7 45
K 1 7 45
K 0 0 60
K 0 21 60
A D 1 4 0
A P 3 192 0
J R 7 6715 28 2 1729 576 0
K 0 0 48
A D 1 4 0
A P 3 0 0
J N 7 6738 -21 7 3457 576 0
K 0 7 45
K 0 0 43
K 0 7 45
K 1 7 45
K 0 0 60
K 0 21 60
A D 1 4 0
A P 3 192 0
J R 7 6761 28 2 5185 576 0
K 0 0 48
A D 1 4 0
A P 3 0 0
J B 64 6788 1 82 6913 576 0
J N 7 6809 -21 7 1 0 0
K 0 7 45
K 0 0 43
K 0 7 45
K 1 7 45
K 0 0 60
K 0 21 60
A D 1 4 0
A P 3 192 0
J R 7 6832 28 2 1729 576 0
K 0 0 48
A D 1 4 0
A P 3 0 0
J N 7 6855 -21 7 3457 576 0
K 0 7 45
K 0 0 43
K 0 7 45
K 1 7 45
K 0 0 60
K 0 21 60
A D 1 4 0
A P 3 192 0
J R 7 6878 28 2 5185 576 0
K 0 0 48
A D 1 4 0
A P 3 0 0
J B 65 6905 1 82 6913 576 0
J R 8 6926 28 2 1 0 0
K 0 0 47
A D 2 4 0
A P 1 0 0
J N 7 6960 0 9 3457 1152 0
K 0 -14 45
K 0 -14 43
K -1 -14 45
K 2 -14 45
K 0 0 43
K 0 -14 60
K 0 0 60
K 0 21 60
A D 1 4 0
A P 1 186 0
A P 2 175 0
J R 7 6983 28 2 5185 576 0
K 0 0 48
A D 1 4 0
A P 1 0 0
J B 66 7018 5 2 6913 576 0
K -8 0 82
K 0 0 82
J T 304 7048 0 2 6913 0 0
K -10 28 74
K -10 56 75
J D 0 7087 0 1 1 0 0
W 0 -49 0 Maestoso.  (\0& = 60.)
J R 9 7087 28 2 1 10001 0
K 0 0 46
A D 6 8 0
A P 3 0 0
J B 67 7192 1 82 6913 1728 0
J R 9 7213 28 2 1 10001 0
K 0 0 46
A D 6 8 0
A P 3 0 0
J B 68 7318 1 82 6913 1728 0
J N 6 7339 7 5 1 0 0
K 0 -14 43
K 0 0 43
K 0 -14 60
K 0 0 54
A D 1 8 0
A P 1 181 0
A P 2 169 0
J R 6 7362 28 2 1153 288 0
K 0 0 49
A D 1 8 0
A P 1 0 0
J N 6 7385 21 9 2305 288 0
K 0 -35 45
K 0 -35 43
K -1 -35 45
K 2 -35 45
K 0 0 43
K 0 -35 60
K 0 -7 60
K 0 0 54
A D 1 8 0
A P 1 186 0
A P 2 158 0
J R 6 7408 28 2 3457 288 0
K 0 0 49
A D 1 8 1
A P 1 0 1
J R 6 7431 28 2 4609 288 0
K 0 0 49
A D 1 8 0
A P 1 0 0
J N 6 7454 14 5 5761 288 0
K 0 -14 43
K 0 0 43
K 0 -14 60
K 0 0 54
A D 1 8 0
A P 1 175 0
A P 2 164 0
J B 69 7481 1 82 6913 288 0
J N 6 7502 28 11 1 0 0
K 0 -42 45
K 0 -49 43
K 0 -42 45
K 1 -42 45
K 0 0 43
K 2 60 111
K 14 60 110
K 0 -49 60
K 0 -21 60
K 0 0 54
A D 1 8 0
A P 1 192 0
A P 2 152 0
J R 6 7525 28 2 1153 288 0
K 0 0 49
A D 1 8 0
A P 1 0 0
J D 0 7534 0 1 2305 288 0
W 0 -33 32 zu 2
J N 6 7548 -21 8 2305 0 1 23
K 0 7 45
K 0 0 43
K 0 7 45
K 1 7 45
K 0 0 43
K 0 7 45
K 1 7 45
A D 1 8 0
A P 1 192 0
A P 2 192 0
J N 6 7571 7 3 3457 288 1 23
K 0 0 43
K 0 0 43
A D 1 8 0
A P 1 169 0
A P 2 169 0
H 23 B 1 0 108 2 2 3
J N 6 7597 -21 12 4609 288 0
K 0 7 45
K 0 0 43
K 0 7 45
K 1 7 45
K 0 0 43
K 0 7 45
K 1 7 45
K 0 109 111
K 12 109 110
K 0 0 60
K 0 0 54
A D 1 8 0
A P 1 192 0
A P 2 192 0
J R 6 7620 28 2 5761 288 0
K 0 0 49
A D 1 8 0
A P 1 0 0
J B 70 7655 5 2 6913 288 0
K -8 0 82
K 0 0 82
J T 0 7676 42 1 6913 0 0
K 0 0 38
J D 0 7724 0 1 1 0 0
W 0 -49 0 Prestissimo.
J N 7 7724 -21 8 1 0 0
K 0 7 45
K 0 0 43
K 0 7 45
K 1 7 45
K 0 109 110
K 0 0 60
K 0 21 60
A D 1 4 0
A P 3 192 0
J R 7 7747 28 2 1729 576 0
K 0 0 48
A D 1 4 0
A P 3 0 0
J N 7 7770 7 4 3457 576 0
K 0 0 43
K 0 0 60
K 0 21 60
A D 1 4 0
A P 3 169 0
J R 7 7793 28 2 5185 576 0
K 0 0 48
A D 1 4 0
A P 3 0 0
J B 71 7820 1 82 6913 576 0
J N 7 7841 7 4 1 0 0
K 0 0 43
K 0 0 60
K 0 21 60
A D 1 4 0
A P 3 169 0
J R 7 7864 28 2 1729 576 0
K 0 0 48
A D 1 4 1
A P 3 0 1
J R 8 7887 28 2 3457 576 0
K 0 0 47
A D 2 4 0
A P 3 0 0
J B 72 7922 1 82 6913 1152 0
J N 7 7943 7 4 1 0 0
K 0 0 43
K 0 0 60
K 0 21 60
A D 1 4 0
A P 3 169 0
J R 7 7966 28 2 1729 576 0
K 0 0 48
A D 1 4 1
A P 3 0 1
J R 8 7989 28 2 3457 576 0
K 0 0 47
A D 2 4 0
A P 3 0 0
J B 73 8024 1 82 6913 1152 0
J N 7 8045 7 4 1 0 0
K 0 0 43
K 0 0 60
K 0 21 60
A D 1 4 0
A P 3 169 0
J R 7 8068 28 2 1729 576 0
K 0 0 48
A D 1 4 1
A P 3 0 1
J R 8 8091 28 2 3457 576 0
K 0 0 47
A D 2 4 0
A P 3 0 0
J B 74 8126 1 82 6913 1152 0
J N 7 8147 7 4 1 0 0
K 0 0 43
K 0 0 60
K 0 21 60
A D 1 4 0
A P 3 169 0
J R 7 8170 28 2 1729 576 0
K 0 0 48
A D 1 4 1
A P 3 0 1
J R 8 8193 28 2 3457 576 0
K 0 0 47
A D 2 4 0
A P 3 0 0
J B 75 8228 1 82 6913 1152 0
J N 7 8249 7 4 1 0 0
K 0 0 43
K 0 0 60
K 0 21 60
A D 1 4 0
A P 3 169 0
J R 7 8272 28 2 1729 576 0
K 0 0 48
A D 1 4 1
A P 3 0 1
J R 8 8295 28 2 3457 576 0
K 0 0 47
A D 2 4 0
A P 3 0 0
J B 76 8330 1 82 6913 1152 0
J N 7 8351 7 4 1 0 0
K 0 0 43
K 0 0 60
K 0 21 60
A D 1 4 0
A P 3 169 0
J R 7 8374 28 2 1729 576 0
K 0 0 48
A D 1 4 1
A P 3 0 1
J R 8 8397 28 2 3457 576 0
K 0 0 47
A D 2 4 0
A P 3 0 0
J B 77 8432 1 82 6913 1152 0
J N 7 8453 7 4 1 0 0
K 0 0 43
K 0 0 60
K 0 21 60
A D 1 4 0
A P 3 169 0
J R 7 8476 28 2 1729 576 0
K 0 0 48
A D 1 4 1
A P 3 0 1
J R 8 8499 28 2 3457 576 0
K 0 0 47
A D 2 4 0
A P 3 0 0
J B 78 8534 1 82 6913 1152 0
J N 7 8555 -7 11 1 0 0
K 0 -7 45
K 0 -14 43
K 0 -7 45
K 1 -7 45
K 0 0 43
K 0 95 111
K 12 95 110
K 0 -14 60
K 0 0 60
K 0 21 60
A D 1 4 0
A P 1 192 0
A P 2 181 0
J R 7 8578 28 2 1729 576 0
K 0 0 48
A D 1 4 1
A P 1 0 1
J R 8 8601 28 2 3457 576 0
K 0 0 47
A D 2 4 0
A P 1 0 0
J B 79 8636 1 82 6913 1152 0
J N 7 8657 -7 10 1 0 0
K 0 -7 45
K 0 -14 43
K 0 -7 45
K 1 -7 45
K 0 0 43
K 0 93 110
K 0 -14 60
K 0 0 60
K 0 21 60
A D 1 4 0
A P 1 192 0
A P 2 181 0
J R 7 8680 28 2 1729 576 0
K 0 0 48
A D 1 4 1
A P 1 0 1
J R 8 8703 28 2 3457 576 0
K 0 0 47
A D 2 4 0
A P 1 0 0
J B 80 8738 1 82 6913 1152 0
J N 7 8759 -7 10 1 0 0
K 0 -7 45
K 0 -14 43
K 0 -7 45
K 1 -7 45
K 0 0 43
K 0 93 110
K 0 -14 60
K 0 0 60
K 0 21 60
A D 1 4 0
A P 1 192 0
A P 2 181 0
J R 7 8782 28 2 1729 576 0
K 0 0 48
A D 1 4 1
A P 1 0 1
J R 8 8805 28 2 3457 576 0
K 0 0 47
A D 2 4 0
A P 1 0 0
J B 81 8840 1 82 6913 1152 0
J N 7 8861 -7 10 1 0 0
K 0 -7 45
K 0 -14 43
K 0 -7 45
K 1 -7 45
K 0 0 43
K 0 93 110
K 0 -14 60
K 0 0 60
K 0 21 60
A D 1 4 0
A P 1 192 0
A P 2 181 0
J R 7 8884 28 2 1729 576 0
K 0 0 48
A D 1 4 1
A P 1 0 1
J R 8 8907 28 2 3457 576 0
K 0 0 47
A D 2 4 0
A P 1 0 0
J B 82 8942 1 82 6913 1152 0
J N 7 8963 -7 10 1 0 0
K 0 -7 45
K 0 -14 43
K 0 -7 45
K 1 -7 45
K 0 0 43
K 0 93 110
K 0 -14 60
K 0 0 60
K 0 21 60
A D 1 4 0
A P 1 192 0
A P 2 181 0
J R 7 8986 28 2 1729 576 0
K 0 0 48
A D 1 4 1
A P 1 0 1
J R 8 9009 28 2 3457 576 0
K 0 0 47
A D 2 4 0
A P 1 0 0
J B 83 9044 1 82 6913 1152 0
J N 7 9065 -7 10 1 0 0
K 0 -7 45
K 0 -14 43
K 0 -7 45
K 1 -7 45
K 0 0 43
K 0 93 110
K 0 -14 60
K 0 0 60
K 0 21 60
A D 1 4 0
A P 1 192 0
A P 2 181 0
J R 7 9088 28 2 1729 576 0
K 0 0 48
A D 1 4 1
A P 1 0 1
J R 8 9111 28 2 3457 576 0
K 0 0 47
A D 2 4 0
A P 1 0 0
J B 84 9146 1 82 6913 1152 0
J N 7 9167 -7 10 1 0 0
K 0 -7 45
K 0 -14 43
K 0 -7 45
K 1 -7 45
K 0 0 43
K 0 93 110
K 0 -14 60
K 0 0 60
K 0 21 60
A D 1 4 0
A P 1 192 0
A P 2 181 0
J R 7 9190 28 2 1729 576 0
K 0 0 48
A D 1 4 1
A P 1 0 1
J R 8 9213 28 2 3457 576 0
K 0 0 47
A D 2 4 0
A P 1 0 0
J B 85 9248 1 82 6913 1152 0
J N 7 9269 -7 10 1 0 0
K 0 -7 45
K 0 -14 43
K 0 -7 45
K 1 -7 45
K 0 0 43
K 0 93 110
K 0 -14 60
K 0 0 60
K 0 21 60
A D 1 4 0
A P 1 192 0
A P 2 181 0
J R 7 9292 28 2 1729 576 0
K 0 0 48
A D 1 4 1
A P 1 0 1
J R 8 9315 28 2 3457 576 0
K 0 0 47
A D 2 4 0
A P 1 0 0
J B 86 9350 1 82 6913 1152 0
J N 7 9371 -7 9 1 0 0
K 0 -7 45
K 0 -14 43
K 0 -7 45
K 1 -7 45
K 0 0 43
K 0 -14 60
K 0 0 60
K 0 21 60
A D 1 4 0
A P 1 192 0
A P 2 181 0
J R 7 9394 28 2 1729 576 0
K 0 0 48
A D 1 4 1
A P 1 0 1
J R 8 9417 28 2 3457 576 0
K 0 0 47
A D 2 4 0
A P 1 0 0
J B 87 9452 1 82 6913 1152 0
J R 9 9473 28 2 1 10001 0
K 0 0 46
A D 4 4 0
A P 1 0 0
J B 88 9578 1 82 6913 2304 0
J N 7 9599 7 4 1 0 0
K 0 0 43
K 0 0 59
K 0 -14 59
A D 1 4 0
A P 1 169 0
J N 7 9599 7 4 1 0 0
K 0 0 43
K 0 0 60
K 0 21 60
A D 1 4 0
A P 2 169 0
J R 7 9625 28 2 1729 576 0
K 0 0 48
A D 1 4 1
A P 1 0 1
J R 8 9648 28 2 3457 576 0
K 0 0 47
A D 2 4 0
A P 1 0 0
J B 89 9683 1 82 6913 1152 0
J N 7 9704 7 4 1 0 0
K 0 0 43
K 0 0 59
K 0 -14 59
A D 1 4 0
A P 1 169 0
J N 7 9704 7 4 1 0 0
K 0 0 43
K 0 0 60
K 0 21 60
A D 1 4 0
A P 2 169 0
J R 7 9730 28 2 1729 576 0
K 0 0 48
A D 1 4 1
A P 1 0 1
J R 8 9753 28 2 3457 576 0
K 0 0 47
A D 2 4 0
A P 1 0 0
J B 90 9788 1 82 6913 1152 0
J N 7 9809 7 4 1 0 0
K 0 0 43
K 0 0 59
K 0 -14 59
A D 1 4 0
A P 1 169 0
J N 7 9809 7 4 1 0 0
K 0 0 43
K 0 0 60
K 0 21 60
A D 1 4 0
A P 2 169 0
J R 7 9835 28 2 1729 576 0
K 0 0 48
A D 1 4 1
A P 1 0 1
J R 8 9858 28 3 3457 576 0
K 0 0 47
K 0 -35 101
A D 2 4 0
A P 1 0 0
J B 0 9906 6 2 6913 1152 0
K -13 0 82
K -6 0 84
J M 0 9906 0 0 10000 0 0
