@ SOURCE: {beet/bhl/orch/sym9/stage2/04h/s21} DEC/30/2005 [md5sum:415af3d8b9fc9a1078008bf810704acc]
L 0 91 14 !39Tenore
J D 4 500 -120 1 6913 0 0
W 0 0 44 Fourth Movement:  Part 8 (Chorus: Concluding Prestissimo)
J D 1 75 -37 1 6913 0 0
W 0 -56 44 Fourth Movement:  Part 8 (Chorus: Concluding Prestissimo):  Tenore
J C 34 5 42 3 6913 0 0
K 0 0 33
K 0 0 34
K 14 56 234
J K 2 57 0 2 6913 0 0
K 0 0 63
K 15 21 63
J T 0 103 42 1 6913 0 0
K 0 0 38
Y P 31 T.__
J D 0 151 0 1 1 0 0
W 0 -56 0 Prestissimo. (\0& = 132.)
J R 9 151 28 2 1 10000 0
K 0 0 46
A D 8 8 0
A P 1 0 0
J B 2 256 1 82 6913 2304 0
J R 9 277 28 2 1 10001 0
K 0 0 46
A D 8 8 0
A P 1 0 0
J B 3 382 1 82 6913 2304 0
J R 9 403 28 2 1 10001 0
K 0 0 46
A D 8 8 0
A P 1 0 0
J B 4 508 1 82 6913 2304 0
J R 9 529 28 2 1 10001 0
K 0 0 46
A D 8 8 0
A P 1 0 0
J B 5 634 1 82 6913 2304 0
J S 0 627 0 110 1 0 0
J N 7 655 14 5 1 0 0
T -15 1 Sei\-d * 59
K 0 0 43
K 0 0 60
K 0 21 60
A D 2 8 0
A P 1 169 0
J N 7 730 14 5 1729 576 0
T -14|-9 1 u\!m - 44
K 0 0 43
K 0 0 60
K 0 21 60
A D 2 8 0
A P 1 169 0
J N 7 805 21 5 3457 576 0
T -30|-24 1 schlun - 89
K 0 0 43
K 0 0 60
K 0 14 60
A D 2 8 0
A P 1 164 0
J N 7 880 35 5 5185 576 0
T 0|-13 1 gen, * 56
K 0 0 43
K 0 0 59
K 0 -21 59
A D 2 8 0
A P 1 152 0
J B 6 952 1 82 6913 576 0
J N 7 973 7 5 1 0 0
T -12 1 Mil - 51
K 0 0 43
K 0 0 60
K 0 21 60
A D 2 8 0
A P 1 175 0
J N 7 1028 7 5 1729 576 0
T 0|-1 1 li - 20
K 0 0 43
K 0 0 60
K 0 21 60
A D 2 8 0
A P 1 175 0
J N 7 1073 14 6 3457 576 0
T -9|-6 1 on - 34
K -18 0 63
K 0 0 43
K 0 0 60
K 0 21 60
A D 2 8 0
A P 1 170 0
J N 7 1121 28 5 5185 576 0
T -7|-9 1 en! * 43
K 0 0 43
K 0 0 60
K 0 14 60
A D 2 8 0
A P 1 158 0
J B 7 1173 1 82 6913 576 0
J N 7 1194 7 5 1 0 0
T -11 1 Die - 50
K 0 0 43
K 0 0 60
K 0 21 60
A D 2 8 0
A P 1 175 0
J N 7 1260 0 5 1729 576 0
T -11|-10 1 s\!en * 46
K 0 0 43
K 0 0 60
K 0 21 60
A D 2 8 0
A P 1 181 0
J N 7 1326 -7 5 3457 576 0
T -16|-17 1 Kuss * 67
K 0 0 43
K 0 0 60
K 0 21 60
A D 2 8 0
A P 1 186 0
J N 7 1393 42 6 5185 576 0
T 0|-10 1 d\!er * 46
K -18 0 63
K 0 0 43
K 0 0 59
K 0 -21 59
A D 2 8 0
A P 1 147 0
J B 8 1454 1 82 6913 576 0
J N 7 1475 35 5 1 0 0
T -11 1 gan - 49
K 0 0 43
K 0 0 59
K 0 -21 59
A D 2 8 0
A P 1 152 0
J N 7 1533 42 6 1729 576 0
T -4|-10 1 zen * 47
K -18 0 63
K 0 0 43
K 0 0 59
K 0 -21 59
A D 2 8 0
A P 1 147 0
J N 7 1592 35 5 3457 576 0
T 0|-20 1 We\-l\-t! * 75
K 0 0 43
K 0 0 59
K 0 -21 59
A D 2 8 0
A P 1 152 0
J R 7 1636 28 2 5185 576 0
K 0 0 48
A D 2 8 0
A P 1 0 0
J B 9 1685 1 82 6913 576 0
J R 8 1706 28 2 1 0 0
K 0 0 47
A D 4 8 1
A P 1 0 1
J R 7 1737 28 2 3457 1152 0
K 0 0 48
A D 2 8 0
A P 1 0 0
J N 7 1777 42 6 5185 576 0
T -15|-10 1 d\!er * 46
K -18 0 63
K 0 0 43
K 0 0 59
K 0 -21 59
A D 2 8 0
A P 1 147 0
J B 10 1823 1 82 6913 576 0
J N 7 1844 35 5 1 0 0
T -11 1 gan - 49
K 0 0 43
K 0 0 59
K 0 -21 59
A D 2 8 0
A P 1 152 0
J N 7 1907 42 6 1729 576 0
T -9|-10 1 zen * 47
K -18 0 63
K 0 0 43
K 0 0 59
K 0 -21 59
A D 2 8 0
A P 1 147 0
J N 8 1971 35 5 3457 576 1 1
T -10 1 We\-l\-t ! 64
K 0 0 42
K 0 0 59
K 0 -21 59
A D 4 8 1
A P 1 152 1
J B 11 2054 1 82 6913 1152 0
J N 9 2075 35 2 1 0 2 2 1
K 0 0 41
A D 8 8 1
A P 1 152 1
H 1 T 35 0 0 0 0 0 3 0
J B 12 2121 1 82 6913 2304 0
J N 9 2142 35 2 1 0 2 3 2
K 0 0 41
A D 8 8 1
A P 1 152 1
H 2 T 35 0 0 0 0 0 1 0
J B 13 2188 1 82 6913 2304 0
J N 9 2209 35 2 1 0 1 3
K 0 0 41
A D 8 8 0
A P 1 152 0
H 3 T 35 0 0 0 0 0 1 0
J B 14 2255 1 82 6913 2304 0
J N 7 2276 7 5 1 0 0
T -12 1 Br\u3 - 51
K 0 0 43
K 0 0 60
K 0 21 60
A D 2 8 0
A P 1 175 0
J N 7 2331 7 5 1729 576 0
T 0|-13 1 d\!er! * 57
K 0 0 43
K 0 0 60
K 0 21 60
A D 2 8 0
A P 1 175 0
J R 8 2367 28 2 3457 576 0
K 0 0 47
A D 4 8 0
A P 1 0 0
J B 15 2403 1 82 6913 1152 0
J N 7 2424 7 6 1 0 1 4
T 0 1 \u3 - 17
K 0 0 43
K 25 0 44
K 0 0 60
K 0 21 60
A D 3 8 0
A P 1 175 0
J N 6 2462 0 3 2593 864 1 4
K 0 0 43
K 0 0 54
A D 1 8 0
A P 1 181 0
H 4 S 0 0 0 0 0 0 0 0 0
J N 7 2485 7 5 3457 288 1 5
T -13 1 b\!er'm _ 80
K 0 0 43
K 0 0 60
K 0 21 60
A D 2 8 0
A P 1 175 0
J N 7 2524 14 4 5185 576 1 5
K 0 0 43
K 0 0 60
K 0 21 60
A D 2 8 0
A P 1 169 0
H 5 S 0 0 0 0 0 0 0 0 0
J B 16 2567 1 82 6913 576 0
J N 7 2588 7 6 1 0 1 6
T -4 1 St\!er - 58
K 0 0 43
K 25 0 44
K 0 0 60
K 0 21 60
A D 3 8 0
A P 1 175 0
J N 6 2626 0 3 2593 864 1 6
K 0 0 43
K 0 0 54
A D 1 8 0
A P 1 181 0
H 6 S 0 0 0 0 0 0 0 0 0
J N 7 2657 7 5 3457 288 1 7
T -1|-3 1 n\!en - 50
K 0 0 43
K 0 0 60
K 0 21 60
A D 2 8 0
A P 1 175 0
J N 7 2687 14 4 5185 576 1 7
K 0 0 43
K 0 0 60
K 0 21 60
A D 2 8 0
A P 1 169 0
H 7 S 0 0 0 0 0 0 0 0 0
J B 17 2721 1 82 6913 576 0
J N 7 2742 7 6 1 0 1 8
T -2 1 ze\-l\-t _ 49
K 0 0 43
K 25 0 44
K 0 0 60
K 0 21 60
A D 3 8 0
A P 1 175 0
J N 6 2786 0 3 2593 864 1 8
K 0 0 43
K 0 0 54
A D 1 8 0
A P 1 181 0
H 8 S 0 0 0 0 0 0 0 0 0
J N 7 2825 7 5 3457 288 0
T -18 1 muss * 69
K 0 0 43
K 0 0 60
K 0 21 60
A D 2 8 0
A P 1 175 0
J N 7 2892 14 5 5185 576 0
T 0|-9 1 ein * 42
K 0 0 43
K 0 0 60
K 0 21 60
A D 2 8 0
A P 1 169 0
J B 18 2950 1 82 6913 576 0
J N 7 2971 7 6 1 0 1 9
T 0 1 lie - 35
K 0 0 43
K 25 0 44
K 0 0 60
K 0 21 60
A D 3 8 0
A P 1 175 0
J N 6 3009 0 3 2593 864 1 9
K 0 0 43
K 0 0 54
A D 1 8 0
A P 1 181 0
H 9 S 0 0 0 0 0 0 0 0 0
J N 7 3033 7 5 3457 288 1 10
T -2 1 b\!er _ 46
K 0 0 43
K 0 0 60
K 0 21 60
A D 2 8 0
A P 1 175 0
J N 7 3061 14 4 5185 576 1 10
K 0 0 43
K 0 0 60
K 0 21 60
A D 2 8 0
A P 1 169 0
H 10 S 0 0 0 0 0 0 0 0 0
J B 19 3092 1 82 6913 576 0
J N 8 3113 21 5 1 0 0
T -8 1 Va - 40
K 0 0 42
K 0 0 60
K 0 14 60
A D 4 8 0
A P 1 164 0
J N 7 3181 14 5 3457 1152 0
T -20|-10 1 t\!er, * 48
K 0 0 43
K 0 0 60
K 0 21 60
A D 2 8 0
A P 1 169 0
J N 7 3229 14 5 5185 576 0
T -5|-9 1 ein * 42
K 0 0 43
K 0 0 60
K 0 21 60
A D 2 8 0
A P 1 169 0
J B 20 3282 1 82 6913 576 0
J N 8 3303 28 5 1 0 0
T -6 1 lie - 35
K 0 0 42
K 0 0 60
K 0 14 60
A D 4 8 0
A P 1 158 0
J N 8 3354 28 5 3457 1152 0
T -6|-10 1 b\!er * 46
K 0 0 42
K 0 0 60
K 0 14 60
A D 4 8 0
A P 1 158 0
J B 21 3409 1 82 6913 1152 0
J N 8 3430 35 5 1 0 0
T -8 1 Va - 40
K 0 0 42
K 0 0 59
K 0 -21 59
A D 4 8 0
A P 1 152 0
J N 8 3479 35 5 3457 1152 0
T -1|-8 1 t\!er * 40
K 0 0 42
K 0 0 59
K 0 -21 59
A D 4 8 0
A P 1 152 0
J B 22 3533 1 82 6913 1152 0
J N 9 3554 35 3 1 0 1 11
T -13 1 wo\-h - 55
K 0 0 41
A D 8 8 0
A P 1 152 0
J B 23 3613 1 82 6913 2304 0
J N 7 3634 28 4 1 0 0
K 0 0 43
K 0 0 60
K 0 14 60
A D 2 8 0
A P 1 158 0
J N 7 3661 21 4 1729 576 1 11
K 0 0 43
K 0 0 60
K 0 14 60
A D 2 8 0
A P 1 164 0
H 11 S 0 0 0 0 0 0 0 0 0
J N 7 3687 7 5 3457 576 0
T -21|-14 1 n\!en, * 58
K 0 0 43
K 0 0 60
K 0 21 60
A D 2 8 0
A P 1 175 0
J N 7 3740 14 5 5185 576 0
T -1|-9 1 ein * 42
K 0 0 43
K 0 0 60
K 0 21 60
A D 2 8 0
A P 1 169 0
J B 24 3797 1 82 6913 576 0
J N 8 3818 28 5 1 0 0
T -6 1 lie - 35
K 0 0 42
K 0 0 60
K 0 14 60
A D 4 8 0
A P 1 158 0
J N 8 3869 28 5 3457 1152 0
T -6|-10 1 b\!er * 46
K 0 0 42
K 0 0 60
K 0 14 60
A D 4 8 0
A P 1 158 0
J B 25 3924 1 82 6913 1152 0
J N 8 3945 35 5 1 0 0
T -8 1 Va - 40
K 0 0 42
K 0 0 59
K 0 -21 59
A D 4 8 0
A P 1 152 0
J N 8 3994 35 5 3457 1152 0
T -1|-8 1 t\!er * 40
K 0 0 42
K 0 0 59
K 0 -21 59
A D 4 8 0
A P 1 152 0
J B 26 4048 1 82 6913 1152 0
J N 7 4069 14 5 1 0 0
T -13 1 wo\-h - 55
K 0 0 43
K 0 0 60
K 0 21 60
A D 2 8 0
A P 1 169 0
J N 7 4128 14 5 1729 576 0
T 0|-14 1 n\!en. * 58
K 0 0 43
K 0 0 60
K 0 21 60
A D 2 8 0
A P 1 169 0
J R 8 4165 28 2 3457 576 0
K 0 0 47
A D 4 8 0
A P 1 0 0
J B 27 4201 1 82 6913 1152 0
J N 7 4222 0 5 1 0 0
T -15 1 Sei\-d * 59
K 0 0 43
K 0 0 60
K 0 21 60
A D 2 8 0
A P 1 181 0
J N 7 4297 0 5 1729 576 0
T -14|-9 1 u\!m - 44
K 0 0 43
K 0 0 60
K 0 21 60
A D 2 8 0
A P 1 181 0
J N 7 4372 7 5 3457 576 0
T -30|-24 1 schlun - 89
K 0 0 43
K 0 0 60
K 0 21 60
A D 2 8 0
A P 1 175 0
J N 7 4447 21 5 5185 576 0
T 0|-14 1 gen! * 59
K 0 0 43
K 0 0 60
K 0 14 60
A D 2 8 0
A P 1 164 0
J B 28 4522 1 82 6913 576 0
J R 9 4543 28 2 1 10001 0
K 0 0 46
A D 8 8 0
A P 1 0 0
J B 29 4648 1 82 6913 2304 0
J N 7 4669 7 5 1 0 0
T -13 1 s\!ei\-d * 55
K 0 0 43
K 0 0 60
K 0 21 60
A D 2 8 0
A P 1 175 0
J N 7 4741 7 5 1729 576 0
T -14|-9 1 u\!m - 44
K 0 0 43
K 0 0 60
K 0 21 60
A D 2 8 0
A P 1 175 0
J N 7 4816 14 6 3457 576 0
T -30|-24 1 schlun - 89
K -18 0 63
K 0 0 43
K 0 0 60
K 0 21 60
A D 2 8 0
A P 1 170 0
J N 7 4891 28 5 5185 576 0
T 0|-14 1 gen! * 59
K 0 0 43
K 0 0 60
K 0 14 60
A D 2 8 0
A P 1 158 0
J B 30 4966 1 82 6913 576 0
J S 0 4943 0 2 1 0 0
K 0 0 110
K 19 0 110
J N 8 4987 0 5 1 0 0
T -11 1 Die - 50
K 0 0 42
K 0 0 60
K 0 21 60
A D 4 8 0
A P 1 181 0
J N 8 5043 0 5 3457 1152 0
T -1|-10 1 s\!en * 46
K 0 0 42
K 0 0 60
K 0 21 60
A D 4 8 0
A P 1 181 0
J B 31 5103 1 82 6913 1152 0
J N 8 5124 0 5 1 0 0
T -17 1 Kuss * 67
K 0 0 42
K 0 0 60
K 0 21 60
A D 4 8 0
A P 1 181 0
J N 8 5190 0 5 3457 1152 0
T 0|-10 1 d\!er * 46
K 0 0 42
K 0 0 60
K 0 21 60
A D 4 8 0
A P 1 181 0
J B 32 5251 1 82 6913 1152 0
J N 8 5272 0 5 1 0 0
T -11 1 gan - 49
K 0 0 42
K 0 0 60
K 0 21 60
A D 4 8 0
A P 1 181 0
J N 8 5328 0 5 3457 1152 0
T -2|-10 1 zen * 47
K 0 0 42
K 0 0 60
K 0 21 60
A D 4 8 0
A P 1 181 0
J B 33 5389 1 82 6913 1152 0
J N 8 5410 7 5 1 0 0
T -20 1 We\-l\-t! * 75
K 0 0 42
K 0 0 60
K 0 21 60
A D 4 8 0
A P 1 175 0
J N 8 5483 7 5 3457 1152 0
T 0|-10 1 d\!er * 46
K 0 0 42
K 0 0 60
K 0 21 60
A D 4 8 0
A P 1 175 0
J B 34 5544 1 82 6913 1152 0
J N 8 5565 7 5 1 0 0
T -11 1 gan - 49
K 0 0 42
K 0 0 60
K 0 21 60
A D 4 8 0
A P 1 175 0
J N 8 5621 7 5 3457 1152 0
T -2|-10 1 zen * 47
K 0 0 42
K 0 0 60
K 0 21 60
A D 4 8 0
A P 1 175 0
J B 35 5682 1 82 6913 1152 0
J N 8 5705 0 6 1 0 0
T -20 1 We\-l\-t! * 75
K -14 0 64
K 0 0 42
K 0 0 60
K 0 21 60
A D 4 8 0
A P 1 180 0
J N 8 5778 14 5 3457 1152 0
T 0|-10 1 d\!er * 46
K 0 0 42
K 0 0 60
K 0 21 60
A D 4 8 0
A P 1 169 0
J B 36 5839 1 82 6913 1152 0
J N 8 5866 21 6 1 0 0
T -11 1 gan - 49
K -18 0 63
K 0 0 42
K 0 0 60
K 0 14 60
A D 4 8 0
A P 1 164 0
J N 8 5922 35 5 3457 1152 0
T -2|-10 1 zen * 47
K 0 0 42
K 0 0 59
K 0 -21 59
A D 4 8 0
A P 1 152 0
J B 37 5983 1 82 6913 1152 0
J S 0 5955 -7 2 1 0 0
K 0 0 110
K 19 0 110
J N 8 6006 0 6 1 0 0
T -20 1 We\-l\-t! * 75
K -18 0 63
K 0 0 42
K 0 0 60
K 0 21 60
A D 4 8 0
A P 1 181 0
J S 0 6035 -7 2 3457 1152 0
K 0 0 111
K 12 0 110
J N 8 6079 0 5 3457 0 1 12
T 0|-1 1 Die - 50
K 0 0 42
K 0 0 60
K 0 21 60
A D 4 8 1
A P 1 181 1
J B 38 6145 1 82 6913 1152 0
J N 8 6166 0 4 1 0 1 12
K 0 0 42
K 0 0 60
K 0 21 60
A D 4 8 0
A P 1 181 0
H 12 T 0 0 0 0 0 0 5 0
J N 8 6201 0 5 3457 1152 0
T -15|-10 1 s\!en * 46
K 0 0 42
K 0 0 60
K 0 21 60
A D 4 8 0
A P 1 181 0
J B 39 6247 1 82 6913 1152 0
J N 8 6268 0 5 1 0 0
T -17 1 Kuss * 67
K 0 0 42
K 0 0 60
K 0 21 60
A D 4 8 0
A P 1 181 0
J N 8 6334 0 5 3457 1152 0
T 0|-10 1 d\!er * 46
K 0 0 42
K 0 0 60
K 0 21 60
A D 4 8 0
A P 1 181 0
J B 40 6395 1 82 6913 1152 0
J N 8 6416 0 5 1 0 0
T -11 1 gan - 49
K 0 0 42
K 0 0 60
K 0 21 60
A D 4 8 0
A P 1 181 0
J N 8 6472 0 5 3457 1152 0
T -2|-10 1 zen * 47
K 0 0 42
K 0 0 60
K 0 21 60
A D 4 8 0
A P 1 181 0
J B 41 6533 1 82 6913 1152 0
J S 0 6507 -2 2 1 0 0
K 0 0 110
K 19 0 110
J N 8 6554 7 5 1 0 0
T -20 1 We\-l\-t! * 75
K 0 0 42
K 0 0 60
K 0 21 60
A D 4 8 0
A P 1 175 0
J S 0 6599 -2 110 3457 1152 0
J N 8 6627 7 5 3457 0 0
T 0|-10 1 d\!er * 46
K 0 0 42
K 0 0 60
K 0 21 60
A D 4 8 0
A P 1 175 0
J B 42 6688 1 82 6913 1152 0
J N 8 6709 7 5 1 0 0
T -11 1 gan - 49
K 0 0 42
K 0 0 60
K 0 21 60
A D 4 8 0
A P 1 175 0
J N 8 6765 7 5 3457 1152 0
T -2|-10 1 zen * 47
K 0 0 42
K 0 0 60
K 0 21 60
A D 4 8 0
A P 1 175 0
J B 43 6826 1 82 6913 1152 0
J S 0 6789 -2 2 1 0 0
K 0 0 110
K 19 0 110
J N 8 6847 0 6 1 0 0
T -20 1 We\-l\-t! * 75
K -14 0 64
K 0 0 42
K 0 0 60
K 0 21 60
A D 4 8 0
A P 1 180 0
J N 8 6920 14 5 3457 1152 0
T 0|-10 1 d\!er * 46
K 0 0 42
K 0 0 60
K 0 21 60
A D 4 8 0
A P 1 169 0
J B 44 6981 1 82 6913 1152 0
J N 8 7002 -14 8 1 0 0
T -11 1 gan - 49
K 0 0 45
K 0 0 42
K -1 0 45
K 2 0 45
K 0 0 60
K 0 21 60
A D 4 8 0
A P 1 192 0
J N 8 7062 7 5 3457 1152 0
T -6|-13 1 zen, * 55
K 0 0 42
K 0 0 60
K 0 21 60
A D 4 8 0
A P 1 175 0
J B 45 7127 1 82 6913 1152 0
J S 0 7101 12 2 1 0 0
K 0 0 110
K 19 0 110
J N 8 7148 14 5 1 0 1 13
T -1 1 gan - 49
K 0 0 42
K 0 0 60
K 0 21 60
A D 4 8 0
A P 1 169 0
J N 7 7178 28 4 3457 1152 0
K 0 0 43
K 0 0 60
K 0 14 60
A D 2 8 0
A P 1 158 0
J N 7 7204 -7 4 5185 576 1 13
K 0 0 43
K 0 0 60
K 0 21 60
A D 2 8 0
A P 1 186 0
H 13 S 0 0 0 0 0 0 0 0 0
J B 46 7231 1 82 6913 576 0
J N 7 7252 7 4 1 0 0
K 0 0 43
K 0 0 60
K 0 21 60
A D 2 8 0
A P 1 175 0
J N 7 7295 21 5 1729 576 0
K -18 0 63
K 0 0 43
K 0 0 60
K 0 14 60
A D 2 8 0
A P 1 164 0
J N 7 7318 35 4 3457 576 0
K 0 0 43
K 0 0 59
K 0 -21 59
A D 2 8 0
A P 1 152 0
J N 7 7341 42 4 5185 576 0
K 0 0 43
K 0 0 59
K 0 -21 59
A D 2 8 0
A P 1 146 0
J B 47 7368 1 82 6913 576 0
J N 7 7389 56 4 1 0 0
K 0 0 43
K 0 0 59
K 0 -21 59
A D 2 8 0
A P 1 135 0
J N 7 7415 21 4 1729 576 0
K 0 0 43
K 0 0 60
K 0 14 60
A D 2 8 0
A P 1 164 0
J N 7 7438 35 4 3457 576 0
K 0 0 43
K 0 0 59
K 0 -21 59
A D 2 8 0
A P 1 152 0
J N 7 7464 7 4 5185 576 0
K 0 0 43
K 0 0 60
K 0 21 60
A D 2 8 0
A P 1 175 0
J B 48 7491 1 82 6913 576 0
J N 8 7518 0 5 1 0 0
K -18 0 63
K 0 0 42
K 0 0 60
K 0 21 60
A D 4 8 0
A P 1 181 0
J N 8 7553 35 5 3457 1152 0
T -15|-10 1 zen * 47
K 0 0 42
K 0 0 59
K 0 -21 59
A D 4 8 0
A P 1 152 0
J B 49 7601 1 82 6913 1152 0
J N 7 7622 14 5 1 0 0
T -19 1 We\-l\-t, * 72
K 0 0 43
K 0 0 60
K 0 21 60
A D 2 8 0
A P 1 169 0
J N 7 7693 14 5 1729 576 0
T 0|-10 1 d\!er * 46
K 0 0 43
K 0 0 60
K 0 21 60
A D 2 8 0
A P 1 169 0
J S 0 7719 12 2 3457 576 0
K 0 0 110
K 19 0 110
J N 7 7754 28 5 3457 0 0
T 0|-3 1 gan - 49
K 0 0 43
K 0 0 60
K 0 14 60
A D 2 8 0
A P 1 158 0
J N 7 7784 -7 4 5185 576 0
K 0 0 43
K 0 0 60
K 0 21 60
A D 2 8 0
A P 1 186 0
J B 50 7819 1 82 6913 576 0
J N 7 7840 7 4 1 0 0
K 0 0 43
K 0 0 60
K 0 21 60
A D 2 8 0
A P 1 175 0
J N 7 7863 21 4 1729 576 0
K 0 0 43
K 0 0 60
K 0 14 60
A D 2 8 0
A P 1 164 0
J N 7 7886 35 4 3457 576 0
K 0 0 43
K 0 0 59
K 0 -21 59
A D 2 8 0
A P 1 152 0
J N 7 7909 42 4 5185 576 0
K 0 0 43
K 0 0 59
K 0 -21 59
A D 2 8 0
A P 1 146 0
J B 51 7936 1 82 6913 576 0
J N 7 7957 56 4 1 0 0
K 0 0 43
K 0 0 59
K 0 -21 59
A D 2 8 0
A P 1 135 0
J N 7 7983 21 4 1729 576 0
K 0 0 43
K 0 0 60
K 0 14 60
A D 2 8 0
A P 1 164 0
J N 7 8006 35 4 3457 576 0
K 0 0 43
K 0 0 59
K 0 -21 59
A D 2 8 0
A P 1 152 0
J N 7 8032 -7 4 5185 576 0
K 0 0 43
K 0 0 60
K 0 21 60
A D 2 8 0
A P 1 186 0
J B 52 8059 1 82 6913 576 0
J N 8 8080 -14 7 1 0 0
K 0 0 45
K 0 0 42
K -1 0 45
K 2 0 45
K 0 0 60
K 0 21 60
A D 4 8 0
A P 1 192 0
J N 8 8115 35 5 3457 1152 0
T -15|-10 1 zen * 47
K 0 0 42
K 0 0 59
K 0 -21 59
A D 4 8 0
A P 1 152 0
J B 53 8163 1 82 6913 1152 0
J N 8 8184 14 5 1 0 0
T -20 1 We\-l\-t! * 75
K 0 0 42
K 0 0 60
K 0 21 60
A D 4 8 0
A P 1 169 0
J R 8 8219 28 2 3457 1152 0
K 0 0 47
A D 4 8 0
A P 1 0 0
J B 54 8257 1 82 6913 1152 0
J N 7 8278 28 5 1 0 0
T -16 1 Fr\!eu - 66
K 0 0 43
K 0 0 60
K 0 14 60
A D 2 8 0
A P 1 158 0
J N 7 8343 28 5 1729 576 0
T 0|-8 1 d\!e, * 41
K 0 0 43
K 0 0 60
K 0 14 60
A D 2 8 0
A P 1 158 0
J R 8 8374 28 2 3457 576 0
K 0 0 47
A D 4 8 0
A P 1 0 0
J B 55 8409 1 82 6913 1152 0
J N 7 8430 -7 5 1 0 0
T -16 1 Fr\!eu - 66
K 0 0 43
K 0 0 60
K 0 21 60
A D 2 8 0
A P 1 186 0
J N 7 8496 -7 5 1729 576 0
T -1|-8 1 d\!e, * 41
K 0 0 43
K 0 0 60
K 0 21 60
A D 2 8 0
A P 1 186 0
J N 7 8562 7 5 3457 576 0
T -11|-15 1 sch\o3 - 62
K 0 0 43
K 0 0 60
K 0 21 60
A D 2 8 0
A P 1 175 0
J N 7 8629 7 5 5185 576 0
T 0|-10 1 n\!er * 46
K 0 0 43
K 0 0 60
K 0 21 60
A D 2 8 0
A P 1 175 0
J B 56 8690 1 82 6913 576 0
J N 8 8711 -14 9 1 0 0
T -13 1 G\o3t - 54
K 0 0 45
K 0 0 42
K -1 0 45
K 2 0 45
K 24 -6 44
K 0 0 60
K 0 21 60
A D 6 8 0
A P 1 192 0
J N 7 8776 -14 8 5185 1728 0
T -8 1 t\!er - 40
K 0 0 45
K 0 0 43
K -1 0 45
K 2 0 45
K 0 0 60
K 0 21 60
A D 2 8 0
A P 1 192 0
J B 57 8823 1 82 6913 576 0
J N 7 8844 -14 8 1 0 0
T -10 1 fun - 45
K 0 0 45
K 0 0 43
K -1 0 45
K 2 0 45
K 0 0 60
K 0 21 60
A D 2 8 0
A P 1 192 0
J N 7 8895 14 5 1729 576 0
T 0|-15 1 ken! * 60
K 0 0 43
K 0 0 60
K 0 21 60
A D 2 8 0
A P 1 169 0
J R 8 8933 28 2 3457 576 0
K 0 0 47
A D 4 8 0
A P 1 0 0
J B 58 8971 1 82 6913 1152 0
J R 9 8992 28 2 1 10001 0
K 0 0 46
A D 8 8 0
A P 1 0 0
J B 59 9097 1 82 6913 2304 0
J R 8 9118 28 2 1 0 0
K 0 0 47
A D 4 8 0
A P 1 0 0
J N 7 9163 -14 8 3457 1152 0
T -30|-15 1 sch\o3 - 62
K 0 0 45
K 0 0 43
K -1 0 45
K 2 0 45
K 0 0 60
K 0 21 60
A D 2 8 0
A P 1 192 0
J N 7 9215 -14 8 5185 576 0
T -4|-10 1 n\!er * 46
K 0 0 45
K 0 0 43
K -1 0 45
K 2 0 45
K 0 0 60
K 0 21 60
A D 2 8 0
A P 1 192 0
J B 60 9272 1 82 6913 576 0
J S 0 9246 0 2 1 0 0
K 0 0 110
K 19 0 110
J N 9 9293 -14 7 1 0 1 14
T 0 1 G\o3t - 54
K 0 0 45
K 6 0 45
K 0 0 41
K -1 0 45
K 2 0 45
A D 8 8 1
A P 1 192 1
J B 61 9363 1 82 6913 2304 0
J N 8 9384 -14 8 1 0 1 14
K 0 0 45
K 0 0 42
K -1 0 45
K 2 0 45
K 24 -6 44
K 0 0 60
K 0 21 60
A D 6 8 0
A P 1 192 0
H 14 T -14 0 0 0 0 0 5 0
J N 7 9424 -14 8 5185 1728 0
T -11|-8 1 t\!er - 40
K 0 0 45
K 0 0 43
K -1 0 45
K 2 0 45
K 0 0 60
K 0 21 60
A D 2 8 0
A P 1 192 0
J B 62 9468 1 82 6913 576 0
J N 7 9489 -14 8 1 0 0
T -10 1 fun - 45
K 0 0 45
K 0 0 43
K -1 0 45
K 2 0 45
K 0 0 60
K 0 21 60
A D 2 8 0
A P 1 192 0
J N 7 9540 14 5 1729 576 0
T 0|-15 1 ken! * 60
K 0 0 43
K 0 0 60
K 0 21 60
A D 2 8 0
A P 1 169 0
J R 8 9578 28 2 3457 576 0
K 0 0 47
A D 4 8 0
A P 1 0 0
J B 63 9616 1 82 6913 1152 0
J R 9 9637 28 2 1 10001 0
K 0 0 46
A D 8 8 0
A P 1 0 0
J B 64 9742 1 82 6913 2304 0
J R 9 9763 28 2 1 10001 0
K 0 0 46
A D 8 8 0
A P 1 0 0
J B 65 9868 1 82 6913 2304 0
J R 8 9889 28 2 1 0 0
K 0 0 47
A D 8 16 0
A P 1 0 0
J S 0 9873 9 2 3457 1152 0
K 0 0 110
K 19 0 110
J N 8 9923 7 5 3457 0 1 15
T -11|-7 1 To\-ch - 68
K 0 0 42
K 0 0 60
K 0 21 60
A D 8 16 1
A P 1 175 1
J B 66 10005 5 2 6913 1152 0
K -8 0 82
K 0 0 82
J T 304 10035 0 2 6913 0 0
K -10 28 74
K -10 56 75
J D 0 10074 0 1 1 0 0
W 0 -49 0 Maestoso.  (\0& = 60.)
J N 7 10074 7 5 1 0 1 15
K 0 0 43
K 25 0 44
K 0 0 60
K 0 21 60
A D 6 16 0
A P 1 175 0
H 15 T 7 0 0 0 0 0 1 0
J N 6 10131 7 4 3457 864 0
T -11|-8 1 t\!er * 40
K 0 0 43
K 0 0 54
A D 2 16 0
A P 1 175 0
J N 6 10185 7 5 4609 288 0
T -10 1 a\-us * 45
K 0 0 43
K 25 0 44
K 0 0 54
A D 3 16 0
A P 1 175 0
J S 0 10218 -7 108 6337 432 0
J N 5 10239 7 4 6337 0 0
T -2 1 E - 22
K 0 0 43
K 0 0 56
A D 1 16 0
A P 1 175 0
J B 67 10275 1 82 6913 144 0
J N 6 10296 7 5 1 0 0
T -1 1 li - 20
K 0 0 43
K 25 0 44
K 0 0 54
A D 3 16 0
A P 1 175 0
J N 5 10335 7 4 1729 432 0
T -4|-2 1 si - 23
K 0 0 43
K 0 0 56
A D 1 16 0
A P 1 175 0
J N 7 10379 7 5 2305 144 0
T -9|-13 1 u\!m! * 55
K 0 0 43
K 0 0 60
K 0 21 60
A D 4 16 0
A P 1 175 0
J R 7 10423 28 2 4609 576 0
K 0 0 48
A D 4 16 0
A P 1 0 0
J B 68 10471 1 82 6913 576 0
J S 0 10459 -2 110 1 0 0
J N 6 10492 14 5 1 0 0
T -16 1 Fr\!eu - 66
K 0 0 43
K 24 -6 44
K 0 0 54
A D 3 16 0
A P 1 169 0
J N 5 10565 14 4 1729 432 0
T -8 1 d\!e, * 41
K 0 0 43
K 0 0 56
A D 1 16 0
A P 1 169 0
J S 0 10589 -2 2 2305 144 0
K 0 0 111
K 12 0 110
J N 7 10628 14 6 2305 0 0
T -15 1 sch\o3 - 62
K 0 0 43
K 24 -6 44
K 0 0 60
K 0 21 60
A D 6 16 0
A P 1 169 0
J N 6 10701 21 4 5761 864 0
T -10 1 n\!er * 46
K 0 0 43
K 0 0 54
A D 2 16 0
A P 1 164 0
J B 69 10752 1 82 6913 288 0
J S 0 10729 -5 2 1 0 0
K 0 0 110
K 19 0 110
J N 6 10773 -14 8 1 0 0
T -13 1 G\o3t - 54
K 0 0 45
K 0 0 43
K -1 0 45
K 2 0 45
K 24 -6 44
K 0 0 54
A D 3 16 0
A P 1 192 0
J N 5 10838 -14 7 1729 432 0
T -8 1 t\!er * 40
K 0 0 45
K 0 0 43
K -1 0 45
K 2 0 45
K 0 0 56
A D 1 16 0
A P 1 192 0
J N 6 10895 -14 7 2305 144 0
T -10 1 fun - 45
K 0 0 45
K 0 0 43
K -1 0 45
K 2 0 45
K 0 0 54
A D 2 16 0
A P 1 192 0
J N 6 10963 14 4 3457 288 0
T -17|-15 1 ken! * 60
K 0 0 43
K 0 0 54
A D 2 16 0
A P 1 169 0
J N 6 11031 -14 8 4609 288 0
T -9|-13 1 G\o3t - 54
K 0 0 45
K 0 0 43
K -1 0 45
K 2 0 45
K 24 -6 44
K 0 0 54
A D 3 16 0
A P 1 192 0
J N 5 11100 -14 7 6337 432 0
T -8 1 t\!er - 40
K 0 0 45
K 0 0 43
K -1 0 45
K 2 0 45
K 0 0 56
A D 1 16 0
A P 1 192 0
J B 70 11155 5 2 6913 144 0
K -8 0 82
K 0 0 82
J T 0 11176 42 1 6913 0 0
K 0 0 38
J D 0 11224 0 1 1 0 0
W 0 -49 0 Prestissimo.
J S 0 11180 -8 2 1 0 0
K 0 0 110
K 19 0 110
J N 8 11224 -14 8 1 0 0
T -10 1 fun - 45
K 0 0 45
K 0 0 42
K -1 0 45
K 2 0 45
K 0 0 60
K 0 21 60
A D 2 4 0
A P 1 192 0
J N 7 11290 14 5 3457 1152 0
T -15 1 ken! * 60
K 0 0 43
K 0 0 60
K 0 21 60
A D 1 4 0
A P 1 169 0
J R 7 11319 28 2 5185 576 0
K 0 0 48
A D 1 4 0
A P 1 0 0
J B 71 11351 1 82 6913 576 0
J R 9 11372 28 2 1 10001 0
K 0 0 46
A D 4 4 0
A P 1 0 0
J B 72 11477 1 82 6913 2304 0
J R 9 11498 28 2 1 10001 0
K 0 0 46
A D 4 4 0
A P 1 0 0
J B 73 11603 1 82 6913 2304 0
J R 9 11624 28 2 1 10001 0
K 0 0 46
A D 4 4 0
A P 1 0 0
J B 74 11729 1 82 6913 2304 0
J R 9 11750 28 2 1 10001 0
K 0 0 46
A D 4 4 0
A P 1 0 0
J B 75 11855 1 82 6913 2304 0
J R 9 11876 28 2 1 10001 0
K 0 0 46
A D 4 4 0
A P 1 0 0
J B 76 11981 1 82 6913 2304 0
J R 9 12002 28 2 1 10001 0
K 0 0 46
A D 4 4 0
A P 1 0 0
J B 77 12107 1 82 6913 2304 0
J R 9 12128 28 2 1 10001 0
K 0 0 46
A D 4 4 0
A P 1 0 0
J B 78 12233 1 82 6913 2304 0
J R 9 12254 28 2 1 10001 0
K 0 0 46
A D 4 4 0
A P 1 0 0
J B 79 12359 1 82 6913 2304 0
J R 9 12380 28 2 1 10001 0
K 0 0 46
A D 4 4 0
A P 1 0 0
J B 80 12485 1 82 6913 2304 0
J R 9 12506 28 2 1 10001 0
K 0 0 46
A D 4 4 0
A P 1 0 0
J B 81 12611 1 82 6913 2304 0
J R 9 12632 28 2 1 10001 0
K 0 0 46
A D 4 4 0
A P 1 0 0
J B 82 12737 1 82 6913 2304 0
J R 9 12758 28 2 1 10001 0
K 0 0 46
A D 4 4 0
A P 1 0 0
J B 83 12863 1 82 6913 2304 0
J R 9 12884 28 2 1 10001 0
K 0 0 46
A D 4 4 0
A P 1 0 0
J B 84 12989 1 82 6913 2304 0
J R 9 13010 28 2 1 10001 0
K 0 0 46
A D 4 4 0
A P 1 0 0
J B 85 13115 1 82 6913 2304 0
J R 9 13136 28 2 1 10001 0
K 0 0 46
A D 4 4 0
A P 1 0 0
J B 86 13241 1 82 6913 2304 0
J R 9 13262 28 2 1 10001 0
K 0 0 46
A D 4 4 0
A P 1 0 0
J B 87 13367 1 82 6913 2304 0
J R 9 13388 28 2 1 10001 0
K 0 0 46
A D 4 4 0
A P 1 0 0
J B 88 13493 1 82 6913 2304 0
J R 9 13514 28 2 1 10001 0
K 0 0 46
A D 4 4 0
A P 1 0 0
J B 89 13619 1 82 6913 2304 0
J R 9 13640 28 2 1 10001 0
K 0 0 46
A D 4 4 0
A P 1 0 0
J B 90 13745 1 82 6913 2304 0
J R 9 13766 28 3 1 10001 0
K 0 0 46
K 0 -35 101
A D 4 4 0
A P 1 0 0
J B 0 13884 6 2 6913 2304 0
K -13 0 82
K -6 0 84
J M 0 13884 0 0 10000 0 0
