L 0 0 21 !39Trombone basso
J D 4 500 -120 1 6913 0 0
W 0 0 44 
J D 1 112 -56 1 6913 0 0
W 0 -84 44 :  Trombone basso
J C 22 7 21 36 6913 0 0
J D 5 85 -60 1 6913 0 0
W 0 0 37 Allegro
J T 101 85 63 1 6913 0 0
K 0 0 37
J N 8 157 52 6 1 0 0
K 0 0 42
K 0 73 110
K 30 73 110
K 0 0 59
K 0 -31 59
A D 4 8
J N 8 202 52 4 3457 1152 0
K 0 0 42
K 0 0 59
K 0 -31 59
A D 4 8
J B 2 253 9 4 6913 1152 0
K 0 0 84
K 19 0 82
K 29 31 44
K 29 52 44
J N 8 319 52 5 1 0 0
K 0 0 42
K 38 0 44
K 0 0 59
K 0 -31 59
A D 6 8
J N 6 374 84 3 5185 1728 0
K 0 0 43
K 0 0 53
A D 1 8
J R 6 426 42 2 6049 288 0
K 0 0 49
A D 1 8
J B 3 467 1 82 6913 288 0
J N 6 499 52 3 1 0 0
K 0 0 43
K 0 0 53
A D 1 8
J R 6 551 42 2 865 288 0
K 0 0 49
A D 1 8
J N 6 586 84 3 1729 288 0
K 0 0 43
K 0 0 53
A D 1 8
J R 6 638 42 2 2593 288 0
K 0 0 49
A D 1 8
J N 6 673 52 3 3457 288 0
K 0 0 43
K 0 0 53
A D 1 8
J R 6 725 42 2 4321 288 0
K 0 0 49
A D 1 8
J N 6 760 84 3 5185 288 0
K 0 0 43
K 0 0 53
A D 1 8
J R 6 812 42 2 6049 288 0
K 0 0 49
A D 1 8
J B 4 853 1 82 6913 288 0
J N 8 885 52 5 1 0 0
K 0 0 42
K 38 0 44
K 0 0 59
K 0 -31 59
A D 6 8
J R 7 940 42 2 5185 1728 0
K 0 0 48
A D 2 8
J B 5 981 1 82 6913 576 0
J N 8 1013 84 5 1 0 0
K 0 0 42
K 36 -9 44
K 0 0 59
K 0 -32 59
A D 6 8
J R 7 1068 42 2 5185 1728 0
K 0 0 48
A D 2 8
J B 6 1109 1 82 6913 576 0
J N 8 1141 52 5 1 0 0
K 0 0 42
K 38 0 44
K 0 0 59
K 0 -31 59
A D 6 8
J R 7 1196 42 2 5185 1728 0
K 0 0 48
A D 2 8
J B 7 1237 1 82 6913 576 0
J N 7 1269 73 5 1 0 0
K 0 0 43
K 38 0 44
K 0 0 59
K 0 -31 59
A D 3 8
J R 6 1322 42 2 2593 864 0
K 0 0 49
A D 1 8
J N 7 1357 94 5 3457 288 0
K 0 0 43
K 38 0 44
K 0 0 59
K 0 -31 59
A D 3 8
J R 6 1410 42 2 6049 864 0
K 0 0 49
A D 1 8
J B 8 1451 1 82 6913 288 0
J N 8 1483 31 4 1 0 1 1
K 0 0 42
K 0 0 60
K 0 32 60
A D 4 8
J N 6 1528 52 3 3457 1152 1 1
K 0 0 43
K 0 0 53
A D 1 8
H 1 S 0 0 0 0 0 0 0 0 0
J R 6 1580 42 2 4321 288 0
K 0 0 49
A D 1 8
J R 7 1615 42 2 5185 288 0
K 0 0 48
A D 2 8
J B 9 1656 1 82 6913 576 0
J N 8 1688 73 4 1 0 0
K 0 0 42
K 0 0 59
K 0 -31 59
A D 4 8
J N 8 1733 94 4 3457 1152 0
K 0 0 42
K 0 0 59
K 0 -31 59
A D 4 8
J B 10 1784 1 82 6913 1152 0
J N 7 1816 31 5 1 0 0
K 0 0 43
K 38 0 44
K 0 0 60
K 0 32 60
A D 3 8
J R 6 1869 42 2 2593 864 0
K 0 0 49
A D 1 8
J R 8 1904 42 2 3457 288 0
K 0 0 47
A D 4 8
J B 11 1957 1 82 6913 1152 0
J N 7 1989 73 5 1 0 0
K 0 0 43
K 38 0 44
K 0 0 59
K 0 -31 59
A D 3 8
J R 6 2042 42 2 2593 864 0
K 0 0 49
A D 1 8
J N 7 2077 94 5 3457 288 0
K 0 0 43
K 38 0 44
K 0 0 59
K 0 -31 59
A D 3 8
J R 6 2130 42 2 6049 864 0
K 0 0 49
A D 1 8
J B 12 2171 1 82 6913 288 0
J N 8 2203 31 4 1 0 0
K 0 0 42
K 0 0 60
K 0 32 60
A D 4 8
J N 7 2248 52 4 3457 1152 0
K 0 0 43
K 0 0 59
K 0 -31 59
A D 2 8
J N 7 2288 52 4 5185 576 0
K 0 0 43
K 0 0 59
K 0 -31 59
A D 2 8
J B 13 2329 1 82 6913 576 0
J N 8 2361 63 4 1 0 0
K 0 0 42
K 0 0 59
K 0 -32 59
A D 4 8
J N 8 2406 52 4 3457 1152 0
K 0 0 42
K 0 0 59
K 0 -31 59
A D 4 8
J B 14 2457 1 82 6913 1152 0
J N 7 2489 84 4 1 0 0
K 0 0 43
K 0 0 59
K 0 -32 59
A D 2 8
J N 7 2529 84 4 1729 576 0
K 0 0 43
K 0 0 59
K 0 -32 59
A D 2 8
J R 7 2564 42 2 3457 576 0
K 0 0 48
A D 2 8
J N 7 2599 52 4 5185 576 0
K 0 0 43
K 0 0 59
K 0 -31 59
A D 2 8
J B 15 2640 1 82 6913 576 0
J N 8 2672 63 4 1 0 0
K 0 0 42
K 0 0 59
K 0 -32 59
A D 4 8
J N 8 2717 52 4 3457 1152 0
K 0 0 42
K 0 0 59
K 0 -31 59
A D 4 8
J B 16 2768 1 82 6913 1152 0
J N 7 2800 84 4 1 0 0
K 0 0 43
K 0 0 59
K 0 -32 59
A D 2 8
J N 7 2840 84 4 1729 576 0
K 0 0 43
K 0 0 59
K 0 -32 59
A D 2 8
J R 7 2875 42 2 3457 576 0
K 0 0 48
A D 2 8
J N 7 2910 52 4 5185 576 0
K 0 0 43
K 0 0 59
K 0 -31 59
A D 2 8
J B 17 2951 1 82 6913 576 0
J N 7 2983 63 4 1 0 0
K 0 0 43
K 0 0 59
K 0 -32 59
A D 2 8
J N 7 3018 84 4 1729 576 0
K 0 0 43
K 0 0 59
K 0 -32 59
A D 2 8
J N 7 3058 52 4 3457 576 0
K 0 0 43
K 0 0 59
K 0 -31 59
A D 2 8
J N 7 3098 31 4 5185 576 0
K 0 0 43
K 0 0 60
K 0 32 60
A D 2 8
J B 18 3139 1 82 6913 576 0
J N 7 3171 84 4 1 0 0
K 0 0 43
K 0 0 59
K 0 -32 59
A D 2 8
J R 7 3206 42 2 1729 576 0
K 0 0 48
A D 2 8
J R 8 3241 42 2 3457 576 0
K 0 0 47
A D 4 8
J B 19 3294 1 82 6913 1152 0
J N 7 3326 84 4 1 0 0
K 0 0 43
K 0 0 59
K 0 -32 59
A D 2 8
J R 7 3361 42 2 1729 576 0
K 0 0 48
A D 2 8
J R 8 3396 42 2 3457 576 0
K 0 0 47
A D 4 8
J B 20 3449 1 82 6913 1152 0
J N 7 3481 84 4 1 0 0
K 0 0 43
K 0 0 59
K 0 -32 59
A D 2 8
J R 7 3516 42 2 1729 576 0
K 0 0 48
A D 2 8
J N 7 3551 84 4 3457 576 0
K 0 0 43
K 0 0 59
K 0 -32 59
A D 2 8
J R 7 3586 42 2 5185 576 0
K 0 0 48
A D 2 8
J B 21 3627 1 82 6913 576 0
J N 7 3659 84 4 1 0 0
K 0 0 43
K 0 0 59
K 0 -32 59
A D 2 8
J R 7 3694 42 2 1729 576 0
K 0 0 48
A D 2 8
J N 7 3729 84 4 3457 576 0
K 0 0 43
K 0 0 59
K 0 -32 59
A D 2 8
J R 7 3764 42 2 5185 576 0
K 0 0 48
A D 2 8
J B 22 3805 1 82 6913 576 0
J N 7 3837 84 4 1 0 0
K 0 0 43
K 0 0 59
K 0 -32 59
A D 2 8
J R 7 3872 42 2 1729 576 0
K 0 0 48
A D 2 8
J R 8 3907 42 2 3457 576 0
K 0 0 47
A D 4 8
J B 23 3960 1 82 6913 1152 0
J S 4 4005 31 8 5 1152 0
K 0 0 62
K 0 5 62
K 0 11 92
K 30 11 92
K 60 11 92
K 90 0 62
K 90 5 62
K 30 11 76
J B 28 4140 1 82 6913 1 0
J N 7 4172 42 4 1 0 0
K 0 0 43
K 0 0 60
K 0 31 60
A D 2 8
J R 7 4207 42 2 1729 576 0
K 0 0 48
A D 2 8
J N 7 4242 42 4 3457 576 0
K 0 0 43
K 0 0 60
K 0 31 60
A D 2 8
J R 7 4277 42 2 5185 576 0
K 0 0 48
A D 2 8
J B 29 4318 1 82 6913 576 0
J N 7 4350 42 4 1 0 0
K 0 0 43
K 0 0 60
K 0 31 60
A D 2 8
J R 7 4385 42 2 1729 576 0
K 0 0 48
A D 2 8
J N 7 4420 42 4 3457 576 0
K 0 0 43
K 0 0 60
K 0 31 60
A D 2 8
J R 7 4455 42 2 5185 576 0
K 0 0 48
A D 2 8
J B 30 4496 1 82 6913 576 0
J N 7 4528 10 4 1 0 0
K 0 0 43
K 0 0 60
K 0 32 60
A D 2 8
J R 7 4563 42 2 1729 576 0
K 0 0 48
A D 2 8
J R 8 4598 42 2 3457 576 0
K 0 0 47
A D 4 8
J B 31 4651 1 82 6913 1152 0
J S 6 4722 42 46 0 0 0
J B 32 4833 1 82 6913 1 0
J N 7 4865 52 4 1 0 0
K 0 0 43
K 0 0 59
K 0 -31 59
A D 2 8
J R 7 4900 42 2 1729 576 0
K 0 0 48
A D 2 8
J N 7 4935 52 4 3457 576 0
K 0 0 43
K 0 0 59
K 0 -31 59
A D 2 8
J R 7 4970 42 2 5185 576 0
K 0 0 48
A D 2 8
J B 33 5011 1 82 6913 576 0
J N 7 5043 52 4 1 0 0
K 0 0 43
K 0 0 59
K 0 -31 59
A D 2 8
J R 7 5078 42 2 1729 576 0
K 0 0 48
A D 2 8
J N 7 5113 52 4 3457 576 0
K 0 0 43
K 0 0 59
K 0 -31 59
A D 2 8
J R 7 5148 42 2 5185 576 0
K 0 0 48
A D 2 8
J B 34 5189 1 82 6913 576 0
J N 7 5221 52 4 1 0 0
K 0 0 43
K 0 0 59
K 0 -31 59
A D 2 8
J R 7 5256 42 2 1729 576 0
K 0 0 48
A D 2 8
J R 8 5291 42 2 3457 576 0
K 0 0 47
A D 4 8
J B 35 5344 1 82 6913 1152 0
J N 7 5376 52 4 1 0 0
K 0 0 43
K 0 0 59
K 0 -31 59
A D 2 8
J R 7 5411 42 2 1729 576 0
K 0 0 48
A D 2 8
J R 8 5446 42 2 3457 576 0
K 0 0 47
A D 4 8
J B 36 5499 1 82 6913 1152 0
J N 7 5531 42 4 1 0 0
K 0 0 43
K 0 0 60
K 0 31 60
A D 2 8
J R 7 5566 42 2 1729 576 0
K 0 0 48
A D 2 8
J R 8 5601 42 2 3457 576 0
K 0 0 47
A D 4 8
J B 37 5654 1 82 6913 1152 0
J N 7 5686 42 4 1 0 0
K 0 0 43
K 0 0 60
K 0 31 60
A D 2 8
J R 7 5721 42 2 1729 576 0
K 0 0 48
A D 2 8
J R 8 5756 42 2 3457 576 0
K 0 0 47
A D 4 8
J B 38 5809 1 82 6913 1152 0
J N 7 5841 42 4 1 0 0
K 0 0 43
K 0 0 60
K 0 31 60
A D 2 8
J R 7 5876 42 2 1729 576 0
K 0 0 48
A D 2 8
J R 8 5911 42 2 3457 576 0
K 0 0 47
A D 4 8
J B 39 5964 1 82 6913 1152 0
J N 7 5996 42 4 1 0 0
K 0 0 43
K 0 0 60
K 0 31 60
A D 2 8
J R 7 6031 42 2 1729 576 0
K 0 0 48
A D 2 8
J N 7 6066 42 4 3457 576 0
K 0 0 43
K 0 0 60
K 0 31 60
A D 2 8
J R 7 6101 42 2 5185 576 0
K 0 0 48
A D 2 8
J B 40 6142 1 82 6913 576 0
J N 7 6174 42 4 1 0 0
K 0 0 43
K 0 0 60
K 0 31 60
A D 2 8
J R 7 6209 42 2 1729 576 0
K 0 0 48
A D 2 8
J N 7 6244 42 4 3457 576 0
K 0 0 43
K 0 0 60
K 0 31 60
A D 2 8
J R 7 6279 42 2 5185 576 0
K 0 0 48
A D 2 8
J B 41 6320 1 82 6913 576 0
J N 9 6352 42 4 1 0 1 2
K 0 0 41
K 0 105 110
K 30 105 110
A D 8 8
J B 42 6421 1 82 6913 2304 0
J N 8 6453 42 4 1 0 2 3 2
K 0 0 42
K 0 0 60
K 0 31 60
A D 4 8
H 2 T 42 0 0 0 0 0 5 0
J N 6 6498 42 3 3457 1152 1 3
K 0 0 43
K 0 0 54
A D 1 8
H 3 T 42 0 0 0 0 0 5 0
J R 6 6533 42 2 4321 288 0
K 0 0 49
A D 1 8
J R 7 6568 42 2 5185 288 0
K 0 0 48
A D 2 8
J B 43 6609 1 82 6913 576 0
J S 4 6654 31 8 6 576 0
K 0 0 62
K 0 5 62
K 0 11 92
K 30 11 92
K 60 11 92
K 90 0 62
K 90 5 62
K 30 11 77
J B 49 6789 1 82 6913 1 0
J N 7 6821 84 5 1 0 0
K 0 0 43
K 0 52 110
K 0 0 59
K 0 -32 59
A D 2 8
J R 7 6856 42 2 1729 576 0
K 0 0 48
A D 2 8
J N 7 6891 84 4 3457 576 0
K 0 0 43
K 0 0 59
K 0 -32 59
A D 2 8
J R 7 6926 42 2 5185 576 0
K 0 0 48
A D 2 8
J B 50 6967 1 82 6913 576 0
J N 8 6999 84 5 1 0 0
K 0 0 42
K 36 -9 44
K 0 0 59
K 0 -32 59
A D 6 8
J R 7 7054 42 2 5185 1728 0
K 0 0 48
A D 2 8
J B 51 7095 1 82 6913 576 0
J S 4 7140 31 8 7 576 0
K 0 0 62
K 0 5 62
K 0 11 92
K 30 11 92
K 60 11 92
K 90 0 62
K 90 5 62
K 30 11 78
J B 58 7275 1 82 6913 1 0
J N 9 7307 -21 7 1 0 1 4
K 0 0 45
K 7 0 45
K 0 0 41
K -1 0 45
K 6 0 45
K 0 157 110
A D 8 8
J B 59 7376 1 82 6913 2304 0
J N 9 7408 -21 6 1 0 2 5 4
K 0 0 45
K 7 0 45
K 0 0 41
K -1 0 45
K 6 0 45
A D 8 8
H 4 T -21 0 0 0 0 0 5 0
J B 60 7477 1 82 6913 2304 0
J N 7 7509 -21 7 1 0 1 5
K 0 0 45
K 0 0 43
K -1 0 45
K 6 0 45
K 0 0 60
K 0 31 60
A D 2 8
H 5 T -21 0 0 0 0 0 5 0
J R 7 7544 42 2 1729 576 0
K 0 0 48
A D 2 8
J R 8 7579 42 2 3457 576 0
K 0 0 47
A D 4 8
J B 61 7632 1 82 6913 1152 0
J S 6 7703 42 46 0 0 0
J B 62 7814 1 82 6913 1 0
J N 7 7846 52 5 1 0 0
K 0 0 43
K 0 21 96
K 0 0 59
K 0 -31 59
A D 2 8
J R 7 7881 42 2 1729 576 0
K 0 0 48
A D 2 8
J R 8 7916 42 2 3457 576 0
K 0 0 47
A D 4 8
J B 63 7969 1 82 6913 1152 0
J N 7 8001 42 5 1 0 0
K 0 0 43
K 0 -32 96
K 0 0 60
K 0 31 60
A D 2 8
J R 7 8036 42 2 1729 576 0
K 0 0 48
A D 2 8
J R 8 8071 42 2 3457 576 0
K 0 0 47
A D 4 8
J B 64 8124 1 82 6913 1152 0
J S 4 8169 31 8 5 1152 0
K 0 0 62
K 0 5 62
K 0 11 92
K 30 11 92
K 60 11 92
K 90 0 62
K 90 5 62
K 30 11 76
J B 69 8304 1 82 6913 1 0
J R 7 8336 42 2 1 0 0
K 0 0 48
A D 2 8
J N 7 8371 63 5 1729 576 0
K 0 0 43
K 0 62 108
K 0 0 59
K 0 -32 59
A D 2 8
J N 7 8411 63 4 3457 576 0
K 0 0 43
K 0 0 59
K 0 -32 59
A D 2 8
J N 7 8451 63 4 5185 576 0
K 0 0 43
K 0 0 59
K 0 -32 59
A D 2 8
J B 70 8492 1 82 6913 576 0
J N 7 8524 52 4 1 0 0
K 0 0 43
K 0 0 59
K 0 -31 59
A D 2 8
J R 7 8559 42 2 1729 576 0
K 0 0 48
A D 2 8
J N 7 8594 73 4 3457 576 0
K 0 0 43
K 0 0 59
K 0 -31 59
A D 2 8
J R 7 8629 42 2 5185 576 0
K 0 0 48
A D 2 8
J B 71 8670 1 82 6913 576 0
J N 7 8702 42 4 1 0 0
K 0 0 43
K 0 0 60
K 0 31 60
A D 2 8
J R 7 8737 42 2 1729 576 0
K 0 0 48
A D 2 8
J N 7 8772 42 4 3457 576 0
K 0 0 43
K 0 0 60
K 0 31 60
A D 2 8
J R 7 8807 42 2 5185 576 0
K 0 0 48
A D 2 8
J B 72 8848 1 82 6913 576 0
J N 8 8880 -11 6 1 0 0
K 0 0 42
K 38 0 44
K 0 147 110
K 0 0 60
K 0 32 60
A D 6 8
J N 7 8938 0 4 5185 1728 0
K 0 0 43
K 0 0 60
K 0 31 60
A D 2 8
J B 73 8979 1 82 6913 576 0
J N 7 9011 10 4 1 0 0
K 0 0 43
K 0 0 60
K 0 32 60
A D 2 8
J N 7 9076 21 5 1729 576 0
K -25 0 63
K 0 0 43
K 0 0 60
K 0 31 60
A D 2 8
J N 7 9116 21 4 3457 576 0
K 0 0 43
K 0 0 60
K 0 31 60
A D 2 8
J N 7 9156 21 4 5185 576 0
K 0 0 43
K 0 0 60
K 0 31 60
A D 2 8
J B 74 9197 1 82 6913 576 0
J N 8 9229 -11 7 1 0 0
K 0 0 42
K 38 0 44
K 0 147 111
K 18 147 110
K 0 0 60
K 0 32 60
A D 6 8
J N 7 9287 0 4 5185 1728 0
K 0 0 43
K 0 0 60
K 0 31 60
A D 2 8
J B 75 9328 1 82 6913 576 0
J N 7 9360 10 4 1 0 0
K 0 0 43
K 0 0 60
K 0 32 60
A D 2 8
J N 7 9425 21 5 1729 576 0
K -25 0 63
K 0 0 43
K 0 0 60
K 0 31 60
A D 2 8
J N 7 9465 21 4 3457 576 0
K 0 0 43
K 0 0 60
K 0 31 60
A D 2 8
J N 7 9505 21 4 5185 576 0
K 0 0 43
K 0 0 60
K 0 31 60
A D 2 8
J B 76 9546 1 82 6913 576 0
J N 8 9586 21 8 1 0 0
K -25 0 63
K 0 0 42
K 36 -9 44
K 0 115 111
K 18 115 110
K 0 0 60
K 0 31 60
A D 6 8
J N 7 9642 10 4 5185 1728 0
K 0 0 43
K 0 0 60
K 0 32 60
A D 2 8
J B 77 9683 1 82 6913 576 0
J N 7 9715 52 4 1 0 0
K 0 0 43
K 0 0 59
K 0 -31 59
A D 2 8
J R 7 9750 42 2 1729 576 0
K 0 0 48
A D 2 8
J R 8 9785 42 2 3457 576 0
K 0 0 47
A D 4 8
J B 78 9838 1 82 6913 1152 0
J S 4 9883 31 8 2 1152 0
K 0 0 62
K 0 5 62
K 0 11 92
K 30 11 92
K 60 11 92
K 90 0 62
K 90 5 62
K 30 11 73
J B 80 10018 1 82 6913 1 0
J N 9 10050 94 4 1 0 1 6
K 0 0 41
K 0 52 110
K 30 52 110
A D 8 8
J B 81 10119 1 82 6913 2304 0
J N 9 10151 94 2 1 0 1 6
K 0 0 41
A D 8 8
H 6 T 94 0 0 0 0 0 9 0
J B 82 10220 1 82 6913 2304 0
J N 7 10252 84 4 1 0 0
K 0 0 43
K 0 0 59
K 0 -32 59
A D 2 8
J R 7 10287 42 2 1729 576 0
K 0 0 48
A D 2 8
J R 8 10322 42 2 3457 576 0
K 0 0 47
A D 4 8
J B 83 10375 1 82 6913 1152 0
J N 7 10407 84 4 1 0 0
K 0 0 43
K 0 0 59
K 0 -32 59
A D 2 8
J R 7 10442 42 2 1729 576 0
K 0 0 48
A D 2 8
J R 8 10477 42 2 3457 576 0
K 0 0 47
A D 4 8
J B 84 10530 1 82 6913 1152 0
J N 7 10562 84 4 1 0 0
K 0 0 43
K 0 0 59
K 0 -32 59
A D 2 8
J R 7 10597 42 2 1729 576 0
K 0 0 48
A D 2 8
J N 7 10632 84 4 3457 576 0
K 0 0 43
K 0 0 59
K 0 -32 59
A D 2 8
J R 7 10667 42 2 5185 576 0
K 0 0 48
A D 2 8
J B 85 10708 1 82 6913 576 1 7
J N 7 10740 84 4 1 0 0
K 0 0 43
K 0 0 59
K 0 -32 59
A D 2 8
J R 7 10775 42 2 1729 576 0
K 0 0 48
A D 2 8
J N 7 10810 84 4 3457 576 0
K 0 0 43
K 0 0 59
K 0 -32 59
A D 2 8
J R 7 10845 42 2 5185 576 0
K 0 0 48
A D 2 8
J B 86 10886 1 82 6913 576 0
J N 8 10918 52 4 1 0 0
K 0 0 42
K 0 0 59
K 0 -31 59
A D 4 8
J N 8 10963 52 4 3457 1152 0
K 0 0 42
K 0 0 59
K 0 -31 59
A D 4 8
J B 87 11049 6 4 6913 1152 2 7 8
K -35 31 44
K -35 52 44
K -20 0 82
K -9 0 84
H 7 E 1 0 -13 -63 31 31
J N 7 11081 84 4 1 0 0
K 0 0 43
K 0 0 59
K 0 -32 59
A D 2 8
J N 8 11121 84 5 1729 576 0
K 0 0 42
K 36 -9 44
K 0 0 59
K 0 -32 59
A D 6 8
J B 88 11182 1 82 6913 1728 1 8
H 8 E 2 0 0 -63 31 0
J N 9 11214 31 2 1 0 1 9
K 0 0 41
A D 8 8
J B 89 11283 1 82 6913 2304 0
J N 9 11315 31 2 1 0 2 10 9
K 0 0 41
A D 8 8
H 9 T 31 0 0 0 0 0 1 0
J B 90 11384 1 82 6913 2304 0
J N 9 11416 31 2 1 0 2 11 10
K 0 0 41
A D 8 8
H 10 T 31 0 0 0 0 0 1 0
J B 91 11485 1 82 6913 2304 0
J N 9 11517 31 2 1 0 1 11
K 0 0 41
A D 8 8
H 11 T 31 0 0 0 0 0 1 0
J B 92 11586 1 82 6913 2304 0
J N 7 11618 73 4 1 0 0
K 0 0 43
K 0 0 59
K 0 -31 59
A D 2 8
J R 7 11653 42 2 1729 576 0
K 0 0 48
A D 2 8
J R 8 11688 42 2 3457 576 0
K 0 0 47
A D 4 8
J B 93 11741 1 82 6913 1152 0
J S 4 11786 31 9 23 1152 0
K 0 0 62
K 0 5 62
K 0 11 92
K 30 11 92
K 60 11 92
K 90 0 62
K 90 5 62
K 45 11 74
K 14 11 73
J B 116 11921 1 82 6913 1 0
J N 9 11955 0 4 1 0 1 12
K -23 0 65
K 0 0 41
K 0 136 110
A D 8 8
J B 117 12024 1 82 6913 2304 0
J N 8 12062 0 6 1 0 1 12
k -23 0 65
K 0 0 42
K 36 -9 44
K 0 0 60
K 0 31 60
A D 6 8
H 12 T 0 0 0 0 0 0 5 0
J R 7 12117 42 2 5185 1728 0
K 0 0 48
A D 2 8
J B 118 12158 1 82 6913 576 0
J S 6 12229 42 46 0 0 0
J B 119 12340 1 82 6913 1 0
J N 9 12372 94 2 1 0 1 13
K 0 0 41
A D 8 8
J B 120 12441 1 82 6913 2304 0
J N 8 12473 94 5 1 0 1 13
K 0 0 42
K 38 0 44
K 0 0 59
K 0 -31 59
A D 6 8
H 13 T 94 0 0 0 0 0 9 0
J R 7 12528 42 2 5185 1728 0
K 0 0 48
A D 2 8
J B 121 12569 1 82 6913 576 0
J S 6 12640 42 46 0 0 0
J B 122 12751 1 82 6913 1 0
J N 9 12783 52 2 1 0 1 14
K 0 0 41
A D 8 8
J B 123 12852 1 82 6913 2304 0
J N 9 12884 52 2 1 0 2 15 14
K 0 0 41
A D 8 8
H 14 T 52 0 0 0 0 0 9 0
J B 124 12953 1 82 6913 2304 0
J N 7 12985 52 4 1 0 1 15
K 0 0 43
K 0 0 59
K 0 -31 59
A D 2 8
H 15 T 52 0 0 0 0 0 9 0
J R 7 13020 42 2 1729 576 0
K 0 0 48
A D 2 8
J R 8 13055 42 2 3457 576 0
K 0 0 47
A D 4 8
J B 125 13108 1 82 6913 1152 0
J D 0 13140 0 1 1 0 0
W 0 131 33 pi\u8 !1f
J N 7 13140 52 4 1 0 0
K 0 0 43
K 0 0 59
K 0 -31 59
A D 2 8
J R 7 13175 42 2 1729 576 0
K 0 0 48
A D 2 8
J R 8 13210 42 2 3457 576 0
K 0 0 47
A D 4 8
J B 126 13263 1 82 6913 1152 0
J N 7 13301 31 5 1 0 0
K -23 0 65
K 0 0 43
K 0 0 60
K 0 32 60
A D 2 8
J R 7 13336 42 2 1729 576 0
K 0 0 48
A D 2 8
J R 8 13371 42 2 3457 576 0
K 0 0 47
A D 4 8
J B 127 13424 1 82 6913 1152 0
J N 7 13462 31 5 1 0 0
K -23 0 65
K 0 0 43
K 0 0 60
K 0 32 60
A D 2 8
J R 7 13497 42 2 1729 576 0
K 0 0 48
A D 2 8
J R 8 13532 42 2 3457 576 0
K 0 0 47
A D 4 8
J B 128 13585 1 82 6913 1152 0
J N 7 13617 10 4 1 0 0
K 0 0 43
K 0 0 60
K 0 32 60
A D 2 8
J R 7 13652 42 2 1729 576 0
K 0 0 48
A D 2 8
J R 8 13687 42 2 3457 576 0
K 0 0 47
A D 4 8
J B 129 13740 1 82 6913 1152 0
J N 7 13772 10 4 1 0 0
K 0 0 43
K 0 0 60
K 0 32 60
A D 2 8
J R 7 13807 42 2 1729 576 0
K 0 0 48
A D 2 8
J R 8 13842 42 2 3457 576 0
K 0 0 47
A D 4 8
J B 130 13895 1 82 6913 1152 0
J N 7 13933 -11 5 1 0 0
K -23 0 65
K 0 0 43
K 0 0 60
K 0 32 60
A D 2 8
J R 7 13968 42 2 1729 576 0
K 0 0 48
A D 2 8
J R 8 14003 42 2 3457 576 0
K 0 0 47
A D 4 8
J B 131 14056 1 82 6913 1152 0
J N 7 14094 -11 5 1 0 0
K -23 0 65
K 0 0 43
K 0 0 60
K 0 32 60
A D 2 8
J R 7 14129 42 2 1729 576 0
K 0 0 48
A D 2 8
J R 8 14164 42 2 3457 576 0
K 0 0 47
A D 4 8
J B 132 14217 1 82 6913 1152 0
J S 4 14262 31 8 2 1152 0
K 0 0 62
K 0 5 62
K 0 11 92
K 30 11 92
K 60 11 92
K 90 0 62
K 90 5 62
K 30 11 73
J B 134 14397 1 82 6913 1 0
J N 7 14429 84 6 1 0 0
K 0 0 43
K 0 52 110
K 30 52 110
K 0 0 59
K 0 -32 59
A D 2 8
J R 7 14464 42 2 1729 576 0
K 0 0 48
A D 2 8
J R 8 14499 42 2 3457 576 0
K 0 0 47
A D 4 8
J B 135 14552 1 82 6913 1152 0
J S 6 14623 42 46 0 0 0
J B 136 14734 1 82 6913 1 0
J N 7 14766 10 4 1 0 0
K 0 0 43
K 0 0 60
K 0 32 60
A D 2 8
J R 7 14801 42 2 1729 576 0
K 0 0 48
A D 2 8
J R 8 14836 42 2 3457 576 0
K 0 0 47
A D 4 8
J B 137 14889 1 82 6913 1152 0
J S 6 14960 42 46 0 0 0
J B 138 15071 1 82 6913 1 0
J N 7 15103 10 4 1 0 0
K 0 0 43
K 0 0 60
K 0 32 60
A D 2 8
J R 7 15138 42 2 1729 576 0
K 0 0 48
A D 2 8
J R 8 15173 42 2 3457 576 0
K 0 0 47
A D 4 8
J B 139 15226 1 82 6913 1152 0
J S 6 15297 42 46 0 0 0
J B 140 15408 1 82 6913 1 0
J N 7 15440 10 4 1 0 0
K 0 0 43
K 0 0 60
K 0 32 60
A D 2 8
J R 7 15475 42 2 1729 576 0
K 0 0 48
A D 2 8
J R 8 15510 42 2 3457 576 0
K 0 0 47
A D 4 8
J B 141 15563 1 82 6913 1152 0
J S 6 15634 42 46 0 0 0
J B 142 15745 1 82 6913 1 0
J N 7 15777 10 4 1 0 0
K 0 0 43
K 0 0 60
K 0 32 60
A D 2 8
J R 7 15812 42 2 1729 576 0
K 0 0 48
A D 2 8
J R 8 15847 42 2 3457 576 0
K 0 0 47
A D 4 8
J B 143 15900 1 82 6913 1152 0
J S 6 15971 42 46 0 0 0
J B 144 16082 1 82 6913 1 0
J D 0 16114 0 1 1 0 0
W 0 147 33 sempre !1ff
J N 9 16114 84 2 1 0 1 16
K 0 0 41
A D 8 8
J B 145 16183 1 82 6913 2304 0
J N 9 16215 84 2 1 0 1 16
K 0 0 41
A D 8 8
H 16 T 84 0 0 0 0 0 13 0
J B 146 16284 1 82 6913 2304 0
J N 8 16316 84 4 1 0 1 17
K 0 0 42
K 0 0 59
K 0 -32 59
A D 4 8
J N 6 16361 84 3 3457 1152 1 17
K 0 0 43
K 0 0 53
A D 1 8
H 17 T 84 0 0 0 0 0 13 0
J R 6 16413 42 2 4321 288 0
K 0 0 49
A D 1 8
J R 7 16448 42 2 5185 288 0
K 0 0 48
A D 2 8
J B 147 16489 1 82 6913 576 0
J N 8 16521 84 4 1 0 1 18
K 0 0 42
K 0 0 59
K 0 -32 59
A D 4 8
J N 6 16566 84 3 3457 1152 1 18
K 0 0 43
K 0 0 53
A D 1 8
H 18 T 84 0 0 0 0 0 13 0
J R 6 16618 42 2 4321 288 0
K 0 0 49
A D 1 8
J R 7 16653 42 2 5185 288 0
K 0 0 48
A D 2 8
J B 148 16694 1 82 6913 576 0
J N 7 16726 84 4 1 0 0
K 0 0 43
K 0 0 59
K 0 -32 59
A D 2 8
J R 7 16761 42 2 1729 576 0
K 0 0 48
A D 2 8
J N 7 16796 84 4 3457 576 0
K 0 0 43
K 0 0 59
K 0 -32 59
A D 2 8
J R 7 16831 42 2 5185 576 0
K 0 0 48
A D 2 8
J B 149 16872 1 82 6913 576 0
J N 7 16904 84 4 1 0 0
K 0 0 43
K 0 0 59
K 0 -32 59
A D 2 8
J R 7 16939 42 2 1729 576 0
K 0 0 48
A D 2 8
J N 7 16974 84 4 3457 576 0
K 0 0 43
K 0 0 59
K 0 -32 59
A D 2 8
J R 7 17009 42 2 5185 576 0
K 0 0 48
A D 2 8
J B 150 17050 1 82 6913 576 0
J N 7 17082 84 4 1 0 0
K 0 0 43
K 0 0 59
K 0 -32 59
A D 2 8
J R 7 17117 42 2 1729 576 0
K 0 0 48
A D 2 8
J N 7 17152 84 4 3457 576 0
K 0 0 43
K 0 0 59
K 0 -32 59
A D 2 8
J R 7 17187 42 2 5185 576 0
K 0 0 48
A D 2 8
J B 151 17228 1 82 6913 576 0
J N 7 17260 84 4 1 0 0
K 0 0 43
K 0 0 59
K 0 -32 59
A D 2 8
J R 7 17295 42 2 1729 576 0
K 0 0 48
A D 2 8
J N 7 17330 84 4 3457 576 0
K 0 0 43
K 0 0 59
K 0 -32 59
A D 2 8
J R 7 17365 42 2 5185 576 0
K 0 0 48
A D 2 8
J B 152 17406 1 82 6913 576 0
J N 9 17438 84 2 1 0 1 19
K 0 0 41
A D 8 8
J B 153 17507 1 82 6913 2304 0
J N 9 17539 84 2 1 0 2 20 19
K 0 0 41
A D 8 8
H 19 T 84 0 0 0 0 0 13 0
J B 154 17608 1 82 6913 2304 0
J N 9 17640 84 2 1 0 1 20
K 0 0 41
A D 8 8
H 20 T 84 0 0 0 0 0 13 0
J B 155 17722 5 2 6913 2304 0
K -13 0 82
K 0 0 82
J D 5 17754 -60 1 6913 0 0
W 0 0 37 Tempo I
J T 304 17768 0 2 6913 0 0
K -15 42 74
K -15 84 75
J N 7 17827 84 4 1 0 0
K 0 0 43
K 0 0 59
K 0 -32 59
A D 1 4
J R 7 17862 42 2 2305 576 0
K 0 0 48
A D 1 4
J R 7 17897 42 2 4609 576 0
K 0 0 48
A D 1 4
J B 156 17938 1 82 6913 576 0
J S 4 17983 31 9 52 576 0
K 0 0 62
K 0 5 62
K 0 11 92
K 30 11 92
K 60 11 92
K 90 0 62
K 90 5 62
K 45 11 73
K 14 11 76
J B 208 18118 1 82 6913 1 0
J R 9 18150 42 2 1 10000 0
K 0 0 46
A D 3 4
J B 209 18320 5 2 6913 1728 0
K -13 0 82
K 0 0 82
J D 5 18352 -60 1 6913 0 0
W 0 0 37 Allegro
J T 101 18352 63 1 6913 0 0
K 0 0 37
J N 8 18424 52 6 1 0 0
K 0 0 42
K 0 73 110
K 30 73 110
K 0 0 59
K 0 -31 59
A D 4 8
J N 8 18469 52 4 3457 1152 0
K 0 0 42
K 0 0 59
K 0 -31 59
A D 4 8
J B 210 18520 1 82 6913 1152 0
J N 8 18552 52 5 1 0 0
K 0 0 42
K 38 0 44
K 0 0 59
K 0 -31 59
A D 6 8
J N 6 18607 84 3 5185 1728 0
K 0 0 43
K 0 0 53
A D 1 8
J R 6 18659 42 2 6049 288 0
K 0 0 49
A D 1 8
J B 211 18700 1 82 6913 288 0
J N 6 18732 52 3 1 0 0
K 0 0 43
K 0 0 53
A D 1 8
J R 6 18784 42 2 865 288 0
K 0 0 49
A D 1 8
J N 6 18819 84 3 1729 288 0
K 0 0 43
K 0 0 53
A D 1 8
J R 6 18871 42 2 2593 288 0
K 0 0 49
A D 1 8
J N 6 18906 52 3 3457 288 0
K 0 0 43
K 0 0 53
A D 1 8
J R 6 18958 42 2 4321 288 0
K 0 0 49
A D 1 8
J N 6 18993 84 3 5185 288 0
K 0 0 43
K 0 0 53
A D 1 8
J R 6 19045 42 2 6049 288 0
K 0 0 49
A D 1 8
J B 212 19086 1 82 6913 288 0
J N 8 19118 52 5 1 0 0
K 0 0 42
K 38 0 44
K 0 0 59
K 0 -31 59
A D 6 8
J R 7 19173 42 2 5185 1728 0
K 0 0 48
A D 2 8
J B 213 19214 1 82 6913 576 0
J N 8 19246 84 5 1 0 0
K 0 0 42
K 36 -9 44
K 0 0 59
K 0 -32 59
A D 6 8
J R 7 19301 42 2 5185 1728 0
K 0 0 48
A D 2 8
J B 214 19342 1 82 6913 576 0
J N 8 19374 52 5 1 0 0
K 0 0 42
K 38 0 44
K 0 0 59
K 0 -31 59
A D 6 8
J R 7 19429 42 2 5185 1728 0
K 0 0 48
A D 2 8
J B 215 19470 1 82 6913 576 0
J N 7 19502 73 5 1 0 0
K 0 0 43
K 38 0 44
K 0 0 59
K 0 -31 59
A D 3 8
J R 6 19555 42 2 2593 864 0
K 0 0 49
A D 1 8
J N 7 19590 94 5 3457 288 0
K 0 0 43
K 38 0 44
K 0 0 59
K 0 -31 59
A D 3 8
J R 6 19643 42 2 6049 864 0
K 0 0 49
A D 1 8
J B 216 19684 1 82 6913 288 0
J N 8 19716 31 4 1 0 1 21
K 0 0 42
K 0 0 60
K 0 32 60
A D 4 8
J N 6 19761 52 3 3457 1152 1 21
K 0 0 43
K 0 0 53
A D 1 8
H 21 S 0 0 0 0 0 0 0 0 0
J R 6 19813 42 2 4321 288 0
K 0 0 49
A D 1 8
J R 7 19848 42 2 5185 288 0
K 0 0 48
A D 2 8
J B 217 19889 1 82 6913 576 0
J N 8 19921 73 4 1 0 0
K 0 0 42
K 0 0 59
K 0 -31 59
A D 4 8
J N 8 19966 94 4 3457 1152 0
K 0 0 42
K 0 0 59
K 0 -31 59
A D 4 8
J B 218 20017 1 82 6913 1152 0
J N 7 20049 31 5 1 0 0
K 0 0 43
K 38 0 44
K 0 0 60
K 0 32 60
A D 3 8
J R 6 20102 42 2 2593 864 0
K 0 0 49
A D 1 8
J R 8 20137 42 2 3457 288 0
K 0 0 47
A D 4 8
J B 219 20190 1 82 6913 1152 0
J N 7 20222 73 5 1 0 0
K 0 0 43
K 38 0 44
K 0 0 59
K 0 -31 59
A D 3 8
J R 6 20275 42 2 2593 864 0
K 0 0 49
A D 1 8
J N 7 20310 94 5 3457 288 0
K 0 0 43
K 38 0 44
K 0 0 59
K 0 -31 59
A D 3 8
J R 6 20363 42 2 6049 864 0
K 0 0 49
A D 1 8
J B 220 20404 1 82 6913 288 0
J N 8 20436 31 4 1 0 0
K 0 0 42
K 0 0 60
K 0 32 60
A D 4 8
J N 7 20481 52 4 3457 1152 0
K 0 0 43
K 0 0 59
K 0 -31 59
A D 2 8
J N 7 20521 52 4 5185 576 0
K 0 0 43
K 0 0 59
K 0 -31 59
A D 2 8
J B 221 20562 1 82 6913 576 0
J N 8 20594 63 4 1 0 0
K 0 0 42
K 0 0 59
K 0 -32 59
A D 4 8
J N 8 20639 52 4 3457 1152 0
K 0 0 42
K 0 0 59
K 0 -31 59
A D 4 8
J B 222 20690 1 82 6913 1152 0
J N 7 20722 84 4 1 0 0
K 0 0 43
K 0 0 59
K 0 -32 59
A D 2 8
J N 7 20762 84 4 1729 576 0
K 0 0 43
K 0 0 59
K 0 -32 59
A D 2 8
J R 7 20797 42 2 3457 576 0
K 0 0 48
A D 2 8
J N 7 20832 52 4 5185 576 0
K 0 0 43
K 0 0 59
K 0 -31 59
A D 2 8
J B 223 20873 1 82 6913 576 0
J N 8 20905 63 4 1 0 0
K 0 0 42
K 0 0 59
K 0 -32 59
A D 4 8
J N 8 20950 52 4 3457 1152 0
K 0 0 42
K 0 0 59
K 0 -31 59
A D 4 8
J B 224 21001 1 82 6913 1152 0
J N 7 21033 84 4 1 0 0
K 0 0 43
K 0 0 59
K 0 -32 59
A D 2 8
J N 7 21073 84 4 1729 576 0
K 0 0 43
K 0 0 59
K 0 -32 59
A D 2 8
J R 7 21108 42 2 3457 576 0
K 0 0 48
A D 2 8
J N 7 21143 52 4 5185 576 0
K 0 0 43
K 0 0 59
K 0 -31 59
A D 2 8
J B 225 21184 1 82 6913 576 0
J N 7 21216 63 4 1 0 0
K 0 0 43
K 0 0 59
K 0 -32 59
A D 2 8
J N 7 21251 84 4 1729 576 0
K 0 0 43
K 0 0 59
K 0 -32 59
A D 2 8
J N 7 21291 52 4 3457 576 0
K 0 0 43
K 0 0 59
K 0 -31 59
A D 2 8
J N 7 21331 31 4 5185 576 0
K 0 0 43
K 0 0 60
K 0 32 60
A D 2 8
J B 226 21372 1 82 6913 576 0
J N 7 21404 84 4 1 0 0
K 0 0 43
K 0 0 59
K 0 -32 59
A D 2 8
J R 7 21439 42 2 1729 576 0
K 0 0 48
A D 2 8
J R 8 21474 42 2 3457 576 0
K 0 0 47
A D 4 8
J B 227 21527 1 82 6913 1152 0
J N 7 21559 84 4 1 0 0
K 0 0 43
K 0 0 59
K 0 -32 59
A D 2 8
J R 7 21594 42 2 1729 576 0
K 0 0 48
A D 2 8
J R 8 21629 42 2 3457 576 0
K 0 0 47
A D 4 8
J B 228 21682 1 82 6913 1152 0
J N 7 21714 84 4 1 0 0
K 0 0 43
K 0 0 59
K 0 -32 59
A D 2 8
J R 7 21749 42 2 1729 576 0
K 0 0 48
A D 2 8
J N 7 21784 84 4 3457 576 0
K 0 0 43
K 0 0 59
K 0 -32 59
A D 2 8
J R 7 21819 42 2 5185 576 0
K 0 0 48
A D 2 8
J B 229 21860 1 82 6913 576 0
J N 7 21892 84 4 1 0 0
K 0 0 43
K 0 0 59
K 0 -32 59
A D 2 8
J R 7 21927 42 2 1729 576 0
K 0 0 48
A D 2 8
J N 7 21962 84 4 3457 576 0
K 0 0 43
K 0 0 59
K 0 -32 59
A D 2 8
J R 7 21997 42 2 5185 576 0
K 0 0 48
A D 2 8
J B 230 22038 1 82 6913 576 0
J N 7 22070 84 4 1 0 0
K 0 0 43
K 0 0 59
K 0 -32 59
A D 2 8
J R 7 22105 42 2 1729 576 0
K 0 0 48
A D 2 8
J R 8 22140 42 2 3457 576 0
K 0 0 47
A D 4 8
J B 231 22193 1 82 6913 1152 0
J S 4 22238 31 8 5 1152 0
K 0 0 62
K 0 5 62
K 0 11 92
K 30 11 92
K 60 11 92
K 90 0 62
K 90 5 62
K 30 11 76
J B 236 22373 1 82 6913 1 0
J N 7 22405 42 4 1 0 0
K 0 0 43
K 0 0 60
K 0 31 60
A D 2 8
J R 7 22440 42 2 1729 576 0
K 0 0 48
A D 2 8
J N 7 22475 42 4 3457 576 0
K 0 0 43
K 0 0 60
K 0 31 60
A D 2 8
J R 7 22510 42 2 5185 576 0
K 0 0 48
A D 2 8
J B 237 22551 1 82 6913 576 0
J N 7 22583 42 4 1 0 0
K 0 0 43
K 0 0 60
K 0 31 60
A D 2 8
J R 7 22618 42 2 1729 576 0
K 0 0 48
A D 2 8
J N 7 22653 42 4 3457 576 0
K 0 0 43
K 0 0 60
K 0 31 60
A D 2 8
J R 7 22688 42 2 5185 576 0
K 0 0 48
A D 2 8
J B 238 22729 1 82 6913 576 0
J N 7 22761 10 4 1 0 0
K 0 0 43
K 0 0 60
K 0 32 60
A D 2 8
J R 7 22796 42 2 1729 576 0
K 0 0 48
A D 2 8
J R 8 22831 42 2 3457 576 0
K 0 0 47
A D 4 8
J B 239 22884 1 82 6913 1152 0
J S 6 22955 42 46 0 0 0
J B 240 23066 1 82 6913 1 0
J N 7 23098 10 4 1 0 0
K 0 0 43
K 0 0 60
K 0 32 60
A D 2 8
J R 7 23133 42 2 1729 576 0
K 0 0 48
A D 2 8
J N 7 23168 10 4 3457 576 0
K 0 0 43
K 0 0 60
K 0 32 60
A D 2 8
J R 7 23203 42 2 5185 576 0
K 0 0 48
A D 2 8
J B 241 23244 1 82 6913 576 0
J N 7 23276 10 4 1 0 0
K 0 0 43
K 0 0 60
K 0 32 60
A D 2 8
J R 7 23311 42 2 1729 576 0
K 0 0 48
A D 2 8
J N 7 23346 10 4 3457 576 0
K 0 0 43
K 0 0 60
K 0 32 60
A D 2 8
J R 7 23381 42 2 5185 576 0
K 0 0 48
A D 2 8
J B 242 23422 1 82 6913 576 0
J N 7 23454 10 4 1 0 0
K 0 0 43
K 0 0 60
K 0 32 60
A D 2 8
J R 7 23489 42 2 1729 576 0
K 0 0 48
A D 2 8
J R 8 23524 42 2 3457 576 0
K 0 0 47
A D 4 8
J B 243 23577 1 82 6913 1152 0
J N 7 23609 10 4 1 0 0
K 0 0 43
K 0 0 60
K 0 32 60
A D 2 8
J R 7 23644 42 2 1729 576 0
K 0 0 48
A D 2 8
J R 8 23679 42 2 3457 576 0
K 0 0 47
A D 4 8
J B 244 23732 1 82 6913 1152 0
J N 7 23764 0 4 1 0 0
K 0 0 43
K 0 0 60
K 0 31 60
A D 2 8
J R 7 23799 42 2 1729 576 0
K 0 0 48
A D 2 8
J R 8 23834 42 2 3457 576 0
K 0 0 47
A D 4 8
J B 245 23887 1 82 6913 1152 0
J N 7 23919 0 4 1 0 0
K 0 0 43
K 0 0 60
K 0 31 60
A D 2 8
J R 7 23954 42 2 1729 576 0
K 0 0 48
A D 2 8
J R 8 23989 42 2 3457 576 0
K 0 0 47
A D 4 8
J B 246 24042 1 82 6913 1152 0
J N 8 24074 10 4 1 0 0
K 0 0 42
K 0 0 60
K 0 32 60
A D 4 8
J R 8 24119 42 2 3457 1152 0
K 0 0 47
A D 4 8
J B 247 24172 1 82 6913 1152 0
J S 6 24243 42 46 0 0 0
J B 248 24354 1 82 6913 1 0
J N 8 24386 10 4 1 0 0
K 0 0 42
K 0 0 60
K 0 32 60
A D 4 8
J R 8 24431 42 2 3457 1152 0
K 0 0 47
A D 4 8
J B 249 24484 1 82 6913 1152 0
J S 6 24555 42 46 0 0 0
J B 250 24666 1 82 6913 1 0
J N 8 24698 10 4 1 0 0
K 0 0 42
K 0 0 60
K 0 32 60
A D 4 8
J R 8 24743 42 2 3457 1152 0
K 0 0 47
A D 4 8
J B 251 24796 1 82 6913 1152 0
J N 8 24828 10 4 1 0 0
K 0 0 42
K 0 0 60
K 0 32 60
A D 4 8
J R 8 24873 42 2 3457 1152 0
K 0 0 47
A D 4 8
J B 252 24926 1 82 6913 1152 0
J N 7 24958 10 4 1 0 0
K 0 0 43
K 0 0 60
K 0 32 60
A D 2 8
J R 7 24993 42 2 1729 576 0
K 0 0 48
A D 2 8
J R 8 25028 42 2 3457 576 0
K 0 0 47
A D 4 8
J B 253 25081 1 82 6913 1152 0
J S 6 25152 42 46 0 0 0
J B 254 25263 1 82 6913 1 0
J N 7 25295 10 4 1 0 0
K 0 0 43
K 0 0 60
K 0 32 60
A D 2 8
J R 7 25330 42 2 1729 576 0
K 0 0 48
A D 2 8
J R 8 25365 42 2 3457 576 0
K 0 0 47
A D 4 8
J B 255 25418 1 82 6913 1152 0
J S 4 25463 31 8 5 1152 0
K 0 0 62
K 0 5 62
K 0 11 92
K 30 11 92
K 60 11 92
K 90 0 62
K 90 5 62
K 30 11 76
J B 260 25598 1 82 6913 1 0
J N 7 25630 -21 8 1 0 0
K 0 0 45
K 0 0 43
K -1 0 45
K 6 0 45
K 0 157 110
K 0 0 60
K 0 31 60
A D 2 8
J R 7 25665 42 2 1729 576 0
K 0 0 48
A D 2 8
J N 7 25700 -21 7 3457 576 0
K 0 0 45
K 0 0 43
K -1 0 45
K 6 0 45
K 0 0 60
K 0 31 60
A D 2 8
J R 7 25735 42 2 5185 576 0
K 0 0 48
A D 2 8
J B 261 25776 1 82 6913 576 0
J N 8 25808 -21 8 1 0 0
K 0 0 45
K 0 0 42
K -1 0 45
K 6 0 45
K 36 -9 44
K 0 0 60
K 0 31 60
A D 6 8
J R 7 25863 42 2 5185 1728 0
K 0 0 48
A D 2 8
J B 262 25904 1 82 6913 576 0
J S 4 25949 31 8 7 576 0
K 0 0 62
K 0 5 62
K 0 11 92
K 30 11 92
K 60 11 92
K 90 0 62
K 90 5 62
K 30 11 78
J B 269 26084 1 82 6913 1 0
J N 9 26116 21 4 1 0 1 22
K 0 0 41
K 0 115 110
K 30 115 110
A D 8 8
J B 270 26185 1 82 6913 2304 0
J N 9 26217 21 2 1 0 1 22
K 0 0 41
A D 8 8
H 22 T 21 0 0 0 0 0 5 0
J B 271 26286 1 82 6913 2304 0
J N 7 26318 21 4 1 0 0
K 0 0 43
K 0 0 60
K 0 31 60
A D 2 8
J R 7 26353 42 2 1729 576 0
K 0 0 48
A D 2 8
J R 8 26388 42 2 3457 576 0
K 0 0 47
A D 4 8
J B 272 26441 1 82 6913 1152 0
J S 4 26486 31 9 11 1152 0
K 0 0 62
K 0 5 62
K 0 11 92
K 30 11 92
K 60 11 92
K 90 0 62
K 90 5 62
K 45 11 72
K 14 11 72
J B 283 26621 1 82 6913 1 0
J N 8 26653 31 6 1 0 0
K 0 0 42
K 38 0 44
K 0 115 110
K 0 0 60
K 0 32 60
A D 6 8
J N 7 26711 42 4 5185 1728 0
K 0 0 43
K 0 0 60
K 0 31 60
A D 2 8
J B 284 26752 1 82 6913 576 0
J N 7 26784 52 4 1 0 0
K 0 0 43
K 0 0 59
K 0 -31 59
A D 2 8
J N 7 26819 63 4 1729 576 0
K 0 0 43
K 0 0 59
K 0 -32 59
A D 2 8
J N 7 26859 63 4 3457 576 0
K 0 0 43
K 0 0 59
K 0 -32 59
A D 2 8
J N 7 26899 63 4 5185 576 0
K 0 0 43
K 0 0 59
K 0 -32 59
A D 2 8
J B 285 26940 1 82 6913 576 0
J N 8 26972 31 5 1 0 0
K 0 0 42
K 38 0 44
K 0 0 60
K 0 32 60
A D 6 8
J N 7 27030 42 4 5185 1728 0
K 0 0 43
K 0 0 60
K 0 31 60
A D 2 8
J B 286 27071 1 82 6913 576 0
J N 7 27103 52 4 1 0 0
K 0 0 43
K 0 0 59
K 0 -31 59
A D 2 8
J N 7 27138 63 4 1729 576 0
K 0 0 43
K 0 0 59
K 0 -32 59
A D 2 8
J N 7 27178 63 4 3457 576 0
K 0 0 43
K 0 0 59
K 0 -32 59
A D 2 8
J N 7 27218 63 4 5185 576 0
K 0 0 43
K 0 0 59
K 0 -32 59
A D 2 8
J B 287 27259 1 82 6913 576 0
J N 8 27291 63 5 1 0 0
K 0 0 42
K 36 -9 44
K 0 0 59
K 0 -32 59
A D 6 8
J N 7 27346 52 4 5185 1728 0
K 0 0 43
K 0 0 59
K 0 -31 59
A D 2 8
J B 288 27387 1 82 6913 576 0
J N 7 27419 21 4 1 0 0
K 0 0 43
K 0 0 60
K 0 31 60
A D 2 8
J D 0 27454 0 1 1729 576 0
W 0 147 33 pi\u8 !1f
J N 7 27454 31 4 1729 0 0
K 0 0 43
K 0 0 60
K 0 32 60
A D 2 8
J N 7 27494 31 4 3457 576 0
K 0 0 43
K 0 0 60
K 0 32 60
A D 2 8
J N 7 27534 31 4 5185 576 0
K 0 0 43
K 0 0 60
K 0 32 60
A D 2 8
J B 289 27575 1 82 6913 576 0
J N 7 27607 31 4 1 0 0
K 0 0 43
K 0 0 60
K 0 32 60
A D 2 8
J N 7 27647 31 4 1729 576 0
K 0 0 43
K 0 0 60
K 0 32 60
A D 2 8
J N 7 27687 31 4 3457 576 0
K 0 0 43
K 0 0 60
K 0 32 60
A D 2 8
J N 7 27727 31 4 5185 576 0
K 0 0 43
K 0 0 60
K 0 32 60
A D 2 8
J B 290 27768 1 82 6913 576 0
J N 7 27800 31 4 1 0 0
K 0 0 43
K 0 0 60
K 0 32 60
A D 2 8
J N 7 27840 31 4 1729 576 0
K 0 0 43
K 0 0 60
K 0 32 60
A D 2 8
J N 7 27880 31 4 3457 576 0
K 0 0 43
K 0 0 60
K 0 32 60
A D 2 8
J N 7 27920 31 4 5185 576 0
K 0 0 43
K 0 0 60
K 0 32 60
A D 2 8
J B 291 27961 1 82 6913 576 0
J N 9 27993 21 4 1 0 0
K 0 0 41
K 0 115 110
K 30 115 110
A D 8 8
J B 292 28062 1 82 6913 2304 0
J N 9 28094 21 2 1 0 0
K 0 0 41
A D 8 8
J B 293 28163 1 82 6913 2304 0
J N 9 28195 21 2 1 0 0
K 0 0 41
A D 8 8
J B 294 28264 1 82 6913 2304 0
J N 9 28304 21 3 1 0 1 23
K -25 0 63
K 0 0 41
A D 8 8
J B 295 28373 1 82 6913 2304 0
J N 9 28413 21 3 1 0 1 23
k -25 0 63
K 0 0 41
A D 8 8
H 23 T 21 0 0 0 0 0 5 0
J B 296 28482 1 82 6913 2304 0
J N 8 28514 10 7 1 0 0
K 0 0 42
K 38 0 44
K 0 126 111
K 18 126 110
K 0 0 60
K 0 32 60
A D 6 8
J R 7 28569 42 2 5185 1728 0
K 0 0 48
A D 2 8
J B 297 28610 1 82 6913 576 0
J S 4 28655 31 8 5 576 0
K 0 0 62
K 0 5 62
K 0 11 92
K 30 11 92
K 60 11 92
K 90 0 62
K 90 5 62
K 30 11 76
J B 302 28790 1 82 6913 1 0
J N 7 28822 10 4 1 0 0
K 0 0 43
K 0 0 60
K 0 32 60
A D 2 8
J R 7 28857 42 2 1729 576 0
K 0 0 48
A D 2 8
J R 8 28892 42 2 3457 576 0
K 0 0 47
A D 4 8
J B 303 28945 1 82 6913 1152 0
J S 6 29016 42 46 0 0 0
J B 304 29127 1 82 6913 1 0
J N 7 29159 10 4 1 0 0
K 0 0 43
K 0 0 60
K 0 32 60
A D 2 8
J R 7 29194 42 2 1729 576 0
K 0 0 48
A D 2 8
J R 7 29229 42 2 3457 576 0
K 0 0 48
A D 2 8
J D 0 29264 0 1 5185 576 0
W 0 137 33 pi\u8 !1f
J N 7 29264 52 4 5185 0 0
K 0 0 43
K 0 0 59
K 0 -31 59
A D 2 8
J B 305 29305 1 82 6913 576 0
J N 8 29337 84 4 1 0 0
K 0 0 42
K 0 0 59
K 0 -32 59
A D 4 8
J N 8 29382 52 4 3457 1152 0
K 0 0 42
K 0 0 59
K 0 -31 59
A D 4 8
J B 306 29433 1 82 6913 1152 0
J N 8 29465 42 5 1 0 0
K 0 0 42
K 36 -9 44
K 0 0 60
K 0 31 60
A D 6 8
J N 7 29521 42 4 5185 1728 0
K 0 0 43
K 0 0 60
K 0 31 60
A D 2 8
J B 307 29562 1 82 6913 576 0
J N 8 29602 52 5 1 0 0
K -25 0 63
K 0 0 42
K 0 0 59
K 0 -31 59
A D 4 8
J N 8 29647 42 4 3457 1152 0
K 0 0 42
K 0 0 60
K 0 31 60
A D 4 8
J B 308 29698 1 82 6913 1152 0
J N 9 29730 31 4 1 0 1 24
K 0 0 41
K 0 115 110
K 30 115 110
A D 8 8
J B 309 29799 1 82 6913 2304 0
J N 9 29831 31 2 1 0 1 24
K 0 0 41
A D 8 8
H 24 T 31 0 0 0 0 0 1 0
J B 310 29900 1 82 6913 2304 0
J N 9 29932 21 2 1 0 0
K 0 0 41
A D 8 8
J B 311 30001 1 82 6913 2304 0
J N 9 30033 21 2 1 0 0
K 0 0 41
A D 8 8
J B 312 30102 1 82 6913 2304 0
J N 8 30134 21 4 1 0 0
K 0 0 42
K 0 0 60
K 0 31 60
A D 4 8
J N 8 30179 21 4 3457 1152 0
K 0 0 42
K 0 0 60
K 0 31 60
A D 4 8
J B 313 30230 1 82 6913 1152 0
J N 8 30262 21 4 1 0 0
K 0 0 42
K 0 0 60
K 0 31 60
A D 4 8
J N 8 30307 21 4 3457 1152 0
K 0 0 42
K 0 0 60
K 0 31 60
A D 4 8
J B 314 30358 1 82 6913 1152 0
J N 7 30390 84 5 1 0 0
K 0 0 43
K 0 26 96
K 0 0 59
K 0 -32 59
A D 2 8
J R 7 30425 42 2 1729 576 0
K 0 0 48
A D 2 8
J R 8 30460 42 2 3457 576 0
K 0 0 47
A D 4 8
J B 315 30513 1 82 6913 1152 0
J N 7 30545 84 5 1 0 0
K 0 0 43
K 0 26 96
K 0 0 59
K 0 -32 59
A D 2 8
J R 7 30580 42 2 1729 576 0
K 0 0 48
A D 2 8
J R 8 30615 42 2 3457 576 0
K 0 0 47
A D 4 8
J B 316 30668 1 82 6913 1152 0
J N 7 30700 52 5 1 0 0
K 0 0 43
K 0 21 96
K 0 0 59
K 0 -31 59
A D 2 8
J R 7 30735 42 2 1729 576 0
K 0 0 48
A D 2 8
J R 8 30770 42 2 3457 576 0
K 0 0 47
A D 4 8
J B 317 30823 1 82 6913 1152 0
J N 7 30855 84 5 1 0 0
K 0 0 43
K 0 26 96
K 0 0 59
K 0 -32 59
A D 2 8
J R 7 30890 42 2 1729 576 0
K 0 0 48
A D 2 8
J R 8 30925 42 2 3457 576 0
K 0 0 47
A D 4 8
J B 318 30978 1 82 6913 1152 0
J N 7 31010 52 5 1 0 0
K 0 0 43
K 0 21 96
K 0 0 59
K 0 -31 59
A D 2 8
J R 7 31045 42 2 1729 576 0
K 0 0 48
A D 2 8
J R 8 31080 42 2 3457 576 0
K 0 0 47
A D 4 8
J B 319 31133 1 82 6913 1152 0
J N 7 31165 84 5 1 0 0
K 0 0 43
K 0 26 96
K 0 0 59
K 0 -32 59
A D 2 8
J R 7 31200 42 2 1729 576 0
K 0 0 48
A D 2 8
J R 8 31235 42 2 3457 576 0
K 0 0 47
A D 4 8
J B 320 31288 1 82 6913 1152 0
J S 4 31333 31 9 11 1152 0
K 0 0 62
K 0 5 62
K 0 11 92
K 30 11 92
K 60 11 92
K 90 0 62
K 90 5 62
K 45 11 72
K 14 11 72
J B 331 31468 1 82 6913 1 0
J N 7 31500 21 5 1 0 0
K 0 0 43
K 0 115 110
K 0 0 60
K 0 31 60
A D 2 8
J R 7 31535 42 2 1729 576 0
K 0 0 48
A D 2 8
J R 8 31570 42 2 3457 576 0
K 0 0 47
A D 4 8
J B 332 31623 1 82 6913 1152 0
J N 7 31655 0 4 1 0 0
K 0 0 43
K 0 0 60
K 0 31 60
A D 2 8
J R 7 31690 42 2 1729 576 0
K 0 0 48
A D 2 8
J R 8 31725 42 2 3457 576 0
K 0 0 47
A D 4 8
J B 333 31778 1 82 6913 1152 0
J N 7 31818 21 5 1 0 0
K -25 0 63
K 0 0 43
K 0 0 60
K 0 31 60
A D 2 8
J R 7 31853 42 2 1729 576 0
K 0 0 48
A D 2 8
J R 8 31888 42 2 3457 576 0
K 0 0 47
A D 4 8
J B 334 31941 1 82 6913 1152 0
J N 7 31979 0 5 1 0 0
K -23 0 65
K 0 0 43
K 0 0 60
K 0 31 60
A D 2 8
J R 7 32014 42 2 1729 576 0
K 0 0 48
A D 2 8
J R 7 32049 42 2 3457 576 0
K 0 0 48
A D 2 8
J N 7 32105 0 6 5185 576 0
K -22 0 64
K 0 0 43
K 0 -26 96
K 0 0 60
K 0 31 60
A D 2 8
J B 335 32146 1 82 6913 576 0
J N 7 32178 -11 4 1 0 0
K 0 0 43
K 0 0 60
K 0 32 60
A D 2 8
J R 7 32213 42 2 1729 576 0
K 0 0 48
A D 2 8
J R 8 32248 42 2 3457 576 0
K 0 0 47
A D 4 8
J B 336 32301 1 82 6913 1152 0
J S 4 32346 31 9 12 1152 0
K 0 0 62
K 0 5 62
K 0 11 92
K 30 11 92
K 60 11 92
K 90 0 62
K 90 5 62
K 45 11 73
K 14 11 72
J B 348 32481 1 82 6913 1 0
J N 7 32513 21 5 1 0 0
K 0 0 43
K 0 115 110
K 0 0 60
K 0 31 60
A D 2 8
J R 7 32548 42 2 1729 576 0
K 0 0 48
A D 2 8
J R 8 32583 42 2 3457 576 0
K 0 0 47
A D 4 8
J B 349 32636 1 82 6913 1152 0
J N 7 32668 0 4 1 0 0
K 0 0 43
K 0 0 60
K 0 31 60
A D 2 8
J R 7 32703 42 2 1729 576 0
K 0 0 48
A D 2 8
J R 8 32738 42 2 3457 576 0
K 0 0 47
A D 4 8
J B 350 32791 1 82 6913 1152 0
J N 7 32831 21 5 1 0 0
K -25 0 63
K 0 0 43
K 0 0 60
K 0 31 60
A D 2 8
J R 7 32866 42 2 1729 576 0
K 0 0 48
A D 2 8
J R 8 32901 42 2 3457 576 0
K 0 0 47
A D 4 8
J B 351 32954 1 82 6913 1152 0
J N 7 32992 0 5 1 0 0
K -23 0 65
K 0 0 43
K 0 0 60
K 0 31 60
A D 2 8
J R 7 33027 42 2 1729 576 0
K 0 0 48
A D 2 8
J R 8 33062 42 2 3457 576 0
K 0 0 47
A D 4 8
J B 352 33115 1 82 6913 1152 0
J S 4 33160 31 8 3 1152 0
K 0 0 62
K 0 5 62
K 0 11 92
K 30 11 92
K 60 11 92
K 90 0 62
K 90 5 62
K 30 11 74
J B 355 33295 1 82 6913 1 0
J D 5 33327 -60 1 1 0 0
W 0 0 37 sempre pi\u8 Allegro
J R 9 33327 42 2 1 10000 0
K 0 0 46
A D 8 8
J B 356 33484 1 82 6913 2304 0
J S 4 33529 31 8 7 2304 0
K 0 0 62
K 0 5 62
K 0 11 92
K 30 11 92
K 60 11 92
K 90 0 62
K 90 5 62
K 30 11 78
J B 363 33664 1 82 6913 1 0
J R 9 33696 42 2 1 10000 0
K 0 0 46
A D 8 8
J B 364 33866 5 2 6913 2304 0
K -13 0 82
K 0 0 82
J D 5 33898 -60 1 6913 0 0
W 0 0 37 Presto
J T 0 33898 63 1 6913 0 0
K 0 0 38
J S 4 33983 31 9 24 2304 0
K 0 0 62
K 0 5 62
K 0 11 92
K 30 11 92
K 60 11 92
K 90 0 62
K 90 5 62
K 45 11 75
K 14 11 73
J B 388 34118 1 82 6913 1 0
J N 9 34152 -11 4 1 0 0
K -23 0 65
K 0 0 41
K 0 147 110
A D 8 8
J B 389 34221 1 82 6913 2304 0
J N 9 34259 0 3 1 0 0
K -23 0 65
K 0 0 41
A D 8 8
J B 390 34328 1 82 6913 2304 0
J N 9 34360 10 2 1 0 0
K 0 0 41
A D 8 8
J B 391 34429 1 82 6913 2304 0
J N 9 34461 84 2 1 0 0
K 0 0 41
A D 8 8
J B 392 34530 1 82 6913 2304 0
J N 7 34562 52 6 1 0 0
K 0 0 43
K 0 73 110
K 30 73 110
K 0 0 59
K 0 -31 59
A D 2 8
J R 7 34597 42 2 1729 576 0
K 0 0 48
A D 2 8
J R 8 34632 42 2 3457 576 0
K 0 0 47
A D 4 8
J B 393 34685 1 82 6913 1152 0
J S 4 34730 31 9 20 1152 0
K 0 0 62
K 0 5 62
K 0 11 92
K 30 11 92
K 60 11 92
K 90 0 62
K 90 5 62
K 45 11 71
K 14 11 73
J B 413 34865 1 82 6913 1 0
J D 0 34897 0 1 1 0 0
W 0 137 33 sempre !1ff
J N 7 34897 84 4 1 0 0
K 0 0 43
K 0 0 59
K 0 -32 59
A D 2 8
J R 7 34932 42 2 1729 576 0
K 0 0 48
A D 2 8
J R 8 34967 42 2 3457 576 0
K 0 0 47
A D 4 8
J B 414 35020 1 82 6913 1152 0
J N 7 35052 52 4 1 0 0
K 0 0 43
K 0 0 59
K 0 -31 59
A D 2 8
J R 7 35087 42 2 1729 576 0
K 0 0 48
A D 2 8
J R 8 35122 42 2 3457 576 0
K 0 0 47
A D 4 8
J B 415 35175 1 82 6913 1152 0
J N 7 35207 84 4 1 0 0
K 0 0 43
K 0 0 59
K 0 -32 59
A D 2 8
J R 7 35242 42 2 1729 576 0
K 0 0 48
A D 2 8
J R 8 35277 42 2 3457 576 0
K 0 0 47
A D 4 8
J B 416 35330 1 82 6913 1152 0
J N 7 35362 52 4 1 0 0
K 0 0 43
K 0 0 59
K 0 -31 59
A D 2 8
J R 7 35397 42 2 1729 576 0
K 0 0 48
A D 2 8
J R 8 35432 42 2 3457 576 0
K 0 0 47
A D 4 8
J B 417 35485 1 82 6913 1152 0
J N 7 35517 84 4 1 0 0
K 0 0 43
K 0 0 59
K 0 -32 59
A D 2 8
J R 7 35552 42 2 1729 576 0
K 0 0 48
A D 2 8
J R 8 35587 42 2 3457 576 0
K 0 0 47
A D 4 8
J B 418 35640 1 82 6913 1152 0
J N 9 35672 -21 6 1 0 1 25
K 0 0 45
K 7 0 45
K 0 0 41
K -1 0 45
K 6 0 45
A D 8 8
J B 419 35741 1 82 6913 2304 0
J N 9 35773 -21 6 1 0 1 25
K 0 0 45
K 7 0 45
K 0 0 41
K -1 0 45
K 6 0 45
A D 8 8
H 25 T -21 0 0 0 0 0 5 0
J B 420 35842 1 82 6913 2304 0
J N 9 35874 -21 6 1 0 1 26
K 0 0 45
K 7 0 45
K 0 0 41
K -1 0 45
K 6 0 45
A D 8 8
J B 421 35943 1 82 6913 2304 0
J N 9 35975 -21 6 1 0 1 26
K 0 0 45
K 7 0 45
K 0 0 41
K -1 0 45
K 6 0 45
A D 8 8
H 26 T -21 0 0 0 0 0 5 0
J B 422 36044 1 82 6913 2304 0
J N 7 36076 -21 7 1 0 0
K 0 0 45
K 0 0 43
K -1 0 45
K 6 0 45
K 0 0 60
K 0 31 60
A D 2 8
J R 7 36111 42 2 1729 576 0
K 0 0 48
A D 2 8
J R 8 36146 42 2 3457 576 0
K 0 0 47
A D 4 8
J B 423 36199 1 82 6913 1152 0
J S 6 36270 42 46 0 0 0
J B 424 36381 1 82 6913 1 0
J N 7 36413 52 4 1 0 0
K 0 0 43
K 0 0 59
K 0 -31 59
A D 2 8
J R 7 36448 42 2 1729 576 0
K 0 0 48
A D 2 8
J R 8 36483 42 2 3457 576 0
K 0 0 47
A D 4 8
J B 425 36536 1 82 6913 1152 0
J S 6 36607 42 46 0 0 0
J B 426 36718 1 82 6913 1 0
J N 7 36750 52 4 1 0 0
K 0 0 43
K 0 0 59
K 0 -31 59
A D 2 8
J R 7 36785 42 2 1729 576 0
K 0 0 48
A D 2 8
J R 8 36820 42 2 3457 576 0
K 0 0 47
A D 4 8
J B 427 36873 1 82 6913 1152 0
J N 7 36905 52 4 1 0 0
K 0 0 43
K 0 0 59
K 0 -31 59
A D 2 8
J R 7 36940 42 2 1729 576 0
K 0 0 48
A D 2 8
J R 8 36975 42 2 3457 576 0
K 0 0 47
A D 4 8
J B 428 37028 1 82 6913 1152 0
J N 7 37060 52 4 1 0 0
K 0 0 43
K 0 0 59
K 0 -31 59
A D 2 8
J R 7 37095 42 2 1729 576 0
K 0 0 48
A D 2 8
J R 8 37130 42 2 3457 576 0
K 0 0 47
A D 4 8
J B 429 37183 1 82 6913 1152 0
J N 7 37215 52 4 1 0 0
K 0 0 43
K 0 0 59
K 0 -31 59
A D 2 8
J R 7 37250 42 2 1729 576 0
K 0 0 48
A D 2 8
J R 8 37285 42 2 3457 576 0
K 0 0 47
A D 4 8
J B 430 37338 1 82 6913 1152 0
J N 9 37370 -21 6 1 0 1 27
K 0 0 45
K 7 0 45
K 0 0 41
K -1 0 45
K 6 0 45
A D 8 8
J B 431 37439 1 82 6913 2304 0
J N 9 37471 -21 6 1 0 1 27
K 0 0 45
K 7 0 45
K 0 0 41
K -1 0 45
K 6 0 45
A D 8 8
H 27 T -21 0 0 0 0 0 5 0
J B 432 37540 1 82 6913 2304 0
J N 9 37572 -21 6 1 0 1 28
K 0 0 45
K 7 0 45
K 0 0 41
K -1 0 45
K 6 0 45
A D 8 8
J B 433 37641 1 82 6913 2304 0
J N 9 37673 -21 6 1 0 1 28
K 0 0 45
K 7 0 45
K 0 0 41
K -1 0 45
K 6 0 45
A D 8 8
H 28 T -21 0 0 0 0 0 5 0
J B 434 37742 1 82 6913 2304 0
J N 7 37774 -21 7 1 0 0
K 0 0 45
K 0 0 43
K -1 0 45
K 6 0 45
K 0 0 60
K 0 31 60
A D 2 8
J R 7 37809 42 2 1729 576 0
K 0 0 48
A D 2 8
J R 8 37844 42 2 3457 576 0
K 0 0 47
A D 4 8
J B 435 37897 1 82 6913 1152 0
J S 6 37968 42 46 0 0 0
J B 436 38079 1 82 6913 1 0
J N 7 38111 52 4 1 0 0
K 0 0 43
K 0 0 59
K 0 -31 59
A D 2 8
J R 7 38146 42 2 1729 576 0
K 0 0 48
A D 2 8
J R 8 38181 42 2 3457 576 0
K 0 0 47
A D 4 8
J B 437 38234 1 82 6913 1152 0
J S 6 38305 42 46 0 0 0
J B 438 38416 1 82 6913 1 0
J N 7 38448 52 4 1 0 0
K 0 0 43
K 0 0 59
K 0 -31 59
A D 2 8
J R 7 38483 42 2 1729 576 0
K 0 0 48
A D 2 8
J R 8 38518 42 2 3457 576 0
K 0 0 47
A D 4 8
J B 439 38571 1 82 6913 1152 0
J S 6 38642 42 46 0 0 0
J B 440 38753 1 82 6913 1 0
J N 7 38785 52 4 1 0 0
K 0 0 43
K 0 0 59
K 0 -31 59
A D 2 8
J R 7 38820 42 2 1729 576 0
K 0 0 48
A D 2 8
J R 8 38855 42 2 3457 576 0
K 0 0 47
A D 4 8
J B 441 38908 1 82 6913 1152 0
J N 7 38940 52 4 1 0 0
K 0 0 43
K 0 0 59
K 0 -31 59
A D 2 8
J R 7 38975 42 2 1729 576 0
K 0 0 48
A D 2 8
J R 8 39010 42 2 3457 576 0
K 0 0 47
A D 4 8
J B 442 39063 1 82 6913 1152 0
J N 7 39095 52 4 1 0 0
K 0 0 43
K 0 0 59
K 0 -31 59
A D 2 8
J R 7 39130 42 2 1729 576 0
K 0 0 48
A D 2 8
J R 8 39165 42 2 3457 576 0
K 0 0 47
A D 4 8
J B 443 39218 1 82 6913 1152 0
J S 6 39289 42 46 0 0 0
J B 444 39400 1 82 6913 1 0
J N 7 39432 52 4 1 0 0
K 0 0 43
K 0 0 59
K 0 -31 59
A D 2 8
J R 7 39467 42 2 1729 576 0
K 0 0 48
A D 2 8
J R 8 39502 42 2 3457 576 0
K 0 0 47
A D 4 8
J B 445 39555 1 82 6913 1152 0
J S 6 39626 42 46 0 0 0
J B 446 39737 1 82 6913 1 0
J N 7 39769 52 4 1 0 0
K 0 0 43
K 0 0 59
K 0 -31 59
A D 2 8
J R 7 39804 42 2 1729 576 0
K 0 0 48
A D 2 8
J R 8 39839 42 3 3457 576 0
K 0 0 47
K 0 -52 101
A D 4 8
J B 0 39912 6 2 6913 1152 0
K -20 0 82
K -9 0 84
J M 0 39912 0 0 10000 0 0
