@ SOURCE: {beet/bhl/orch/sym9/stage2/04h/s03} DEC/30/2005 [md5sum:2d3c293532c167ea588736cc9684c011]
L 0 0 14 !39Oboi 1, 2
J D 4 500 -120 1 6913 0 0
W 0 0 44 Fourth Movement:  Part 8 (Chorus: Concluding Prestissimo)
J D 1 75 -37 1 6913 0 0
W 0 -56 44 Fourth Movement:  Part 8 (Chorus: Concluding Prestissimo):  Oboi 1, 2
J C 4 5 42 2 6913 0 0
K 0 0 33
K 0 0 34
J K 2 57 0 2 6913 0 0
K 0 0 63
K 15 21 63
J T 0 103 42 1 6913 0 0
K 0 0 38
Y P 31 Ob_1-2
J D 0 151 0 1 1 0 0
W 0 -56 0 Prestissimo. (\0& = 132.)
J N 7 151 14 13 1 0 0
K 0 -28 45
K 0 -42 45
K 0 -49 43
K 0 -42 45
K 1 -42 45
K 0 0 43
K 0 74 110
K 19 74 110
K 0 -49 60
K 0 -21 60
K 0 0 60
K 0 21 60
A D 2 8 0
A P 1 249 0
A P 2 209 0
J N 7 181 14 11 1729 576 0
K 0 -28 45
K 0 -42 45
K 0 -49 43
K 0 -42 45
K 1 -42 45
K 0 0 43
K 0 -49 60
K 0 -21 60
K 0 0 60
K 0 21 60
A D 2 8 0
A P 1 249 0
A P 2 209 0
J N 7 211 21 11 3457 576 0
K 0 -35 45
K 0 -49 45
K 0 -49 43
K -1 -49 45
K 2 -49 45
K 0 0 43
K 0 -49 60
K 0 -21 60
K 0 0 60
K 0 21 60
A D 2 8 0
A P 1 244 0
A P 2 204 0
J N 7 241 35 10 5185 576 0
K 0 -49 45
K 0 -49 43
K -1 -49 45
K 2 -49 45
K 0 0 43
K 0 -49 60
K 0 -21 60
K 0 0 60
K 0 14 60
A D 2 8 0
A P 1 232 0
A P 2 192 0
J B 2 275 1 82 6913 576 0
J D 0 289 0 1 1 0 0
W 0 -14 32 zu 2
J N 7 296 7 5 1 0 0
K 0 0 43
K 0 81 110
K 0 0 60
K 0 21 60
A D 2 8 0
A P 3 215 0
J N 7 326 7 4 1729 576 0
K 0 0 43
K 0 0 60
K 0 21 60
A D 2 8 0
A P 3 215 0
J N 7 370 14 5 3457 576 0
K -18 0 63
K 0 0 43
K 0 0 60
K 0 21 60
A D 2 8 0
A P 3 210 0
J N 7 400 28 4 5185 576 0
K 0 0 43
K 0 0 60
K 0 21 60
A D 2 8 0
A P 3 198 0
J B 3 434 1 82 6913 576 0
J N 7 455 7 5 1 0 0
K 0 0 43
K 0 81 110
K 0 0 60
K 0 21 60
A D 2 8 0
A P 3 215 0
J N 7 485 0 4 1729 576 0
K 0 0 43
K 0 0 60
K 0 21 60
A D 2 8 0
A P 3 221 0
J N 7 515 -7 4 3457 576 0
K 0 0 43
K 0 0 60
K 0 21 60
A D 2 8 0
A P 3 226 0
J N 7 559 -7 5 5185 576 0
K -18 0 63
K 0 0 43
K 0 0 60
K 0 21 60
A D 2 8 0
A P 3 227 0
J B 4 593 1 82 6913 576 0
J N 7 614 -14 8 1 0 0
K 0 0 45
K 0 0 43
K -1 0 45
K 2 0 45
K 0 88 110
K 0 0 60
K 0 21 60
A D 2 8 0
A P 3 232 0
J N 7 658 -7 5 1729 576 0
K -18 0 63
K 0 0 43
K 0 0 60
K 0 21 60
A D 2 8 0
A P 3 227 0
J N 7 688 -14 7 3457 576 0
K 0 0 45
K 0 0 43
K -1 0 45
K 2 0 45
K 0 0 60
K 0 21 60
A D 2 8 0
A P 3 232 0
J N 7 728 -7 5 5185 576 0
K -14 0 64
K 0 0 43
K 0 0 60
K 0 21 60
A D 2 8 0
A P 3 226 0
J B 5 762 1 82 6913 576 0
J N 7 783 49 8 1 0 0
K 0 -49 43
K 0 0 43
K 0 -66 96
K 0 -49 60
K 0 -21 60
K 0 0 60
K 0 14 60
A D 2 8 0
A P 1 221 0
A P 2 181 0
J N 6 813 49 5 1729 576 2 1 2
K 0 -49 43
K 0 0 43
K 0 -49 60
K 0 -21 60
A D 1 8 0
A P 1 221 0
A P 2 181 0
J N 6 839 42 5 2593 288 2 2 1
K 0 -49 43
K 0 0 43
K 0 -49 60
K 0 -21 60
A D 1 8 0
A P 1 226 0
A P 2 186 0
H 2 B 1 0 108 2 2 3
H 1 S 0 0 -49 0 -49 0 0 0 0
J N 7 865 35 11 3457 288 0
K 0 -49 45
K 0 -49 43
K -1 -49 45
K 2 -49 45
K 0 0 43
K 0 -66 96
K 0 -49 60
K 0 -21 60
K 0 0 60
K 0 14 60
A D 2 8 0
A P 1 232 0
A P 2 192 0
J R 7 895 28 2 5185 576 0
K 0 0 48
A D 2 8 0
A P 1 0 0
J B 6 929 1 82 6913 576 0
J N 7 950 42 8 1 0 0
K 0 -49 43
K 0 0 43
K 0 -66 96
K 0 -49 60
K 0 -21 60
K 0 0 60
K 0 14 60
A D 2 8 0
A P 1 226 0
A P 2 186 0
J N 6 980 42 5 1729 576 2 3 4
K 0 -49 43
K 0 0 43
K 0 -49 60
K 0 -21 60
A D 1 8 0
A P 1 226 0
A P 2 186 0
J N 6 1006 35 8 2593 288 2 4 3
K 0 -49 45
K 0 -49 43
K -1 -49 45
K 2 -49 45
K 0 0 43
K 0 -49 60
K 0 -21 60
A D 1 8 0
A P 1 232 0
A P 2 192 0
H 4 B 1 0 108 2 2 3
H 3 S 0 0 -49 0 -49 0 0 0 0
J N 7 1032 28 11 3457 288 0
K 0 -42 45
K 0 -49 43
K 0 -42 45
K 1 -42 45
K 0 0 43
K 0 -66 96
K 0 -49 60
K 0 -21 60
K 0 0 60
K 0 21 60
A D 2 8 0
A P 1 238 0
A P 2 198 0
J N 6 1062 28 8 5185 576 2 5 6
K 0 -42 45
K 0 -49 43
K 0 -42 45
K 1 -42 45
K 0 0 43
K 0 -49 60
K 0 -21 60
A D 1 8 0
A P 1 238 0
A P 2 198 0
J N 6 1088 35 8 6049 288 2 6 5
K 0 -49 45
K 0 -49 43
K -1 -49 45
K 2 -49 45
K 0 0 43
K 0 -49 60
K 0 -21 60
A D 1 8 0
A P 1 232 0
A P 2 192 0
H 6 B 1 0 108 2 2 3
H 5 S 0 0 -49 0 -49 0 0 0 0
J B 7 1115 1 82 6913 288 0
J N 7 1136 42 8 1 0 0
K 0 -49 43
K 0 0 43
K 0 -66 96
K 0 -49 60
K 0 -21 60
K 0 0 60
K 0 14 60
A D 2 8 0
A P 1 226 0
A P 2 186 0
J N 6 1166 42 5 1729 576 2 7 8
K 0 -49 43
K 0 0 43
K 0 -49 60
K 0 -21 60
A D 1 8 0
A P 1 226 0
A P 2 186 0
J N 6 1192 49 5 2593 288 2 8 7
K 0 -49 43
K 0 0 43
K 0 -49 60
K 0 -21 60
A D 1 8 0
A P 1 221 0
A P 2 181 0
H 8 B 1 0 108 2 2 3
H 7 S 0 0 -49 0 -49 0 0 0 0
J N 7 1218 7 8 3457 288 0
K 0 0 43
K 0 49 43
K 0 66 96
K 0 49 59
K 0 21 59
K 0 0 59
K 0 -14 59
A D 2 8 0
A P 1 215 0
A P 2 175 0
J N 6 1248 7 5 5185 576 2 9 10
K 0 0 43
K 0 49 43
K 0 49 59
K 0 21 59
A D 1 8 0
A P 1 215 0
A P 2 175 0
J N 6 1274 14 5 6049 288 2 10 9
K 0 0 43
K 0 49 43
K 0 49 59
K 0 21 59
A D 1 8 0
A P 1 209 0
A P 2 169 0
H 10 B 0 0 108 2 2 3
H 9 S 0 6 -35 6 -38 0 0 0 0
J B 8 1301 1 82 6913 288 0
J N 7 1322 21 5 1 0 0
K 0 0 43
K 7 -52 96
K 0 0 59
K 0 -14 59
A D 2 8 0
A P 1 204 0
J N 7 1322 21 4 1 0 0
K 0 0 43
K 0 0 60
K 0 21 60
A D 2 8 0
A P 2 204 0
J N 6 1352 21 2 1729 576 2 11 12
K 0 0 43
A D 1 8 0
A P 1 204 0
J N 6 1352 21 2 1729 0 1 13
K 0 0 43
A D 1 8 0
A P 2 204 0
J N 6 1378 28 2 2593 288 2 12 11
K 0 0 43
A D 1 8 0
A P 1 198 0
H 12 B 0 0 108 2 2 3
H 11 S 0 6 -35 6 -38 0 0 0 0
J N 6 1378 28 2 2593 0 1 13
K 0 0 43
A D 1 8 0
A P 2 198 0
H 13 B 1 0 108 2 2 3
J N 7 1404 35 5 3457 288 0
K 0 0 43
K 7 -59 96
K 0 0 59
K 0 -21 59
A D 2 8 0
A P 1 192 0
J N 7 1404 35 4 3457 0 0
K 0 0 43
K 0 0 60
K 0 14 60
A D 2 8 0
A P 2 192 0
J N 7 1448 14 9 5185 576 0
K -18 0 63
K -18 49 63
K 0 0 43
K 0 49 43
K 0 49 59
K 0 21 59
K 0 0 59
K 0 -14 59
A D 2 8 0
A P 1 210 0
A P 2 170 0
J B 9 1482 1 82 6913 576 0
J N 7 1503 7 7 1 0 0
K 0 0 43
K 0 49 43
K 0 49 59
K 0 21 59
K 0 0 59
K 0 -14 59
A D 2 8 0
A P 1 215 0
A P 2 175 0
J N 7 1533 49 7 1729 576 0
K 0 -49 43
K 0 0 43
K 0 -49 60
K 0 -21 60
K 0 0 60
K 0 14 60
A D 2 8 0
A P 1 221 0
A P 2 181 0
J N 7 1563 42 7 3457 576 0
K 0 -49 43
K 0 0 43
K 0 -49 60
K 0 -21 60
K 0 0 60
K 0 14 60
A D 2 8 0
A P 1 226 0
A P 2 186 0
J N 7 1607 42 9 5185 576 0
K -18 -49 63
K -18 0 63
K 0 -49 43
K 0 0 43
K 0 -49 60
K 0 -21 60
K 0 0 60
K 0 14 60
A D 2 8 0
A P 1 227 0
A P 2 187 0
J B 10 1641 1 82 6913 576 0
J N 7 1662 35 10 1 0 0
K 0 -49 45
K 0 -49 43
K -1 -49 45
K 2 -49 45
K 0 0 43
K 0 -49 60
K 0 -21 60
K 0 0 60
K 0 14 60
A D 2 8 0
A P 1 232 0
A P 2 192 0
J N 7 1706 42 9 1729 576 0
K -18 -49 63
K -18 0 63
K 0 -49 43
K 0 0 43
K 0 -49 60
K 0 -21 60
K 0 0 60
K 0 14 60
A D 2 8 0
A P 1 227 0
A P 2 187 0
J N 6 1736 35 8 3457 576 1 14
K 0 -49 45
K 0 -49 43
K -1 -49 45
K 2 -49 45
K 0 0 43
K 0 -49 60
K 0 -21 60
A D 1 8 0
A P 1 232 0
A P 2 192 0
J N 6 1762 28 8 4321 288 1 14
K 0 -42 45
K 0 -49 43
K 0 -42 45
K 1 -42 45
K 0 0 43
K 0 -49 60
K 0 -21 60
A D 1 8 0
A P 1 238 0
A P 2 198 0
J N 6 1788 21 9 5185 288 1 14
K 0 -35 45
K 0 -49 45
K 0 -49 43
K -1 -49 45
K 2 -49 45
K 0 0 43
K 0 -49 60
K 0 -21 60
A D 1 8 0
A P 1 244 0
A P 2 204 0
J N 6 1814 14 9 6049 288 1 14
K 0 -28 45
K 0 -42 45
K 0 -49 43
K 0 -42 45
K 1 -42 45
K 0 0 43
K 0 -49 60
K 0 -21 60
A D 1 8 0
A P 1 249 0
A P 2 209 0
H 14 B 1 0 108 4 2 1 1 3
J B 11 1841 1 82 6913 288 0
J D 0 1844 0 1 1 0 0
W 0 -26 32 zu 2
J N 7 1862 7 7 1 0 1 15
K 0 0 43
K 25 0 44
K -4 78 111
K 8 78 110
K 0 0 60
K 0 21 60
A D 3 8 0
A P 3 215 0
J N 6 1900 0 3 2593 864 0
K 0 0 43
K 0 0 54
A D 1 8 0
A P 3 221 0
J N 7 1923 7 4 3457 288 0
K 0 0 43
K 0 0 60
K 0 21 60
A D 2 8 0
A P 3 215 0
J N 7 1953 14 4 5185 576 1 15
K 0 0 43
K 0 0 60
K 0 21 60
A D 2 8 0
A P 3 209 0
H 15 S 0 0 -7 0 -7 0 0 0 6
J B 12 1987 1 82 6913 576 0
J N 7 2008 7 6 1 0 1 16
K 0 0 43
K 25 0 44
K 0 78 110
K 0 0 60
K 0 21 60
A D 3 8 0
A P 3 215 0
J N 6 2046 0 3 2593 864 0
K 0 0 43
K 0 0 54
A D 1 8 0
A P 3 221 0
J N 7 2069 7 4 3457 288 0
K 0 0 43
K 0 0 60
K 0 21 60
A D 2 8 0
A P 3 215 0
J N 7 2099 14 4 5185 576 1 16
K 0 0 43
K 0 0 60
K 0 21 60
A D 2 8 0
A P 3 209 0
H 16 S 0 0 -7 0 -7 0 0 0 0
J B 13 2133 1 82 6913 576 0
J N 7 2154 7 6 1 0 1 17
K 0 0 43
K 25 0 44
K 0 78 110
K 0 0 60
K 0 21 60
A D 3 8 0
A P 3 215 0
J N 6 2192 0 3 2593 864 0
K 0 0 43
K 0 0 54
A D 1 8 0
A P 3 221 0
J N 7 2215 7 4 3457 288 0
K 0 0 43
K 0 0 60
K 0 21 60
A D 2 8 0
A P 3 215 0
J N 7 2245 14 4 5185 576 1 17
K 0 0 43
K 0 0 60
K 0 21 60
A D 2 8 0
A P 3 209 0
H 17 S 0 0 -7 0 -7 0 0 0 0
J B 14 2279 1 82 6913 576 0
J N 7 2300 7 6 1 0 1 18
K 0 0 43
K 25 0 44
K 0 78 110
K 0 0 60
K 0 21 60
A D 3 8 0
A P 3 215 0
J N 6 2338 0 3 2593 864 0
K 0 0 43
K 0 0 54
A D 1 8 0
A P 3 221 0
J N 7 2361 7 4 3457 288 0
K 0 0 43
K 0 0 60
K 0 21 60
A D 2 8 0
A P 3 215 0
J N 7 2391 14 4 5185 576 1 18
K 0 0 43
K 0 0 60
K 0 21 60
A D 2 8 0
A P 3 209 0
H 18 S 0 0 -7 0 -7 0 0 0 0
J B 15 2425 1 82 6913 576 0
J N 7 2446 7 6 1 0 1 19
K 0 0 43
K 25 0 44
K 0 78 110
K 0 0 60
K 0 21 60
A D 3 8 0
A P 3 215 0
J N 6 2484 0 3 2593 864 0
K 0 0 43
K 0 0 54
A D 1 8 0
A P 3 221 0
J N 7 2507 7 4 3457 288 0
K 0 0 43
K 0 0 60
K 0 21 60
A D 2 8 0
A P 3 215 0
J N 7 2537 14 4 5185 576 1 19
K 0 0 43
K 0 0 60
K 0 21 60
A D 2 8 0
A P 3 209 0
H 19 S 0 0 -7 0 -7 0 0 0 0
J B 16 2571 1 82 6913 576 0
J N 7 2592 7 6 1 0 1 20
K 0 0 43
K 25 0 44
K 0 78 110
K 0 0 60
K 0 21 60
A D 3 8 0
A P 3 215 0
J N 6 2630 0 3 2593 864 0
K 0 0 43
K 0 0 54
A D 1 8 0
A P 3 221 0
J N 7 2653 7 4 3457 288 0
K 0 0 43
K 0 0 60
K 0 21 60
A D 2 8 0
A P 3 215 0
J N 7 2683 14 4 5185 576 1 20
K 0 0 43
K 0 0 60
K 0 21 60
A D 2 8 0
A P 3 209 0
H 20 S 0 0 -7 0 -7 0 0 0 0
J B 17 2717 1 82 6913 576 0
J N 7 2738 7 6 1 0 1 21
K 0 0 43
K 25 0 44
K 0 78 110
K 0 0 60
K 0 21 60
A D 3 8 0
A P 3 215 0
J N 6 2776 0 3 2593 864 0
K 0 0 43
K 0 0 54
A D 1 8 0
A P 3 221 0
J N 7 2799 7 4 3457 288 0
K 0 0 43
K 0 0 60
K 0 21 60
A D 2 8 0
A P 3 215 0
J N 7 2829 14 4 5185 576 1 21
K 0 0 43
K 0 0 60
K 0 21 60
A D 2 8 0
A P 3 209 0
H 21 S 0 0 -7 0 -7 0 0 0 0
J B 18 2863 1 82 6913 576 0
J N 7 2884 7 6 1 0 1 22
K 0 0 43
K 25 0 44
K 0 78 110
K 0 0 60
K 0 21 60
A D 3 8 0
A P 3 215 0
J N 6 2922 0 3 2593 864 0
K 0 0 43
K 0 0 54
A D 1 8 0
A P 3 221 0
J N 7 2945 7 4 3457 288 0
K 0 0 43
K 0 0 60
K 0 21 60
A D 2 8 0
A P 3 215 0
J N 7 2975 14 4 5185 576 1 22
K 0 0 43
K 0 0 60
K 0 21 60
A D 2 8 0
A P 3 209 0
H 22 S 0 0 -7 0 -7 0 0 0 0
J B 19 3009 1 82 6913 576 0
J N 7 3030 35 10 1 0 1 23
K 0 -49 45
K 0 -49 43
K -1 -49 45
K 2 -49 45
K 0 0 43
K 0 -49 60
K 0 -21 60
K 0 0 60
K 0 14 60
A D 2 8 0
A P 1 232 0
A P 2 192 0
J N 7 3060 21 6 1729 576 1 23
K 0 -28 43
K 0 0 43
K 0 -28 60
K 0 0 60
K 0 21 60
A D 2 8 0
A P 1 226 0
A P 2 204 0
H 23 S 0 0 -49 0 -28 0 0 0 0
J N 7 3090 7 6 3457 576 1 24
K 0 -14 43
K 0 0 43
K 0 -14 60
K 0 0 60
K 0 21 60
A D 2 8 0
A P 1 226 0
A P 2 215 0
J N 7 3120 14 6 5185 576 1 24
K 0 -14 43
K 0 0 43
K 0 -14 60
K 0 0 60
K 0 21 60
A D 2 8 0
A P 1 221 0
A P 2 209 0
H 24 S 0 0 -14 0 -14 0 0 0 0
J B 20 3154 1 82 6913 576 0
J N 7 3175 35 7 1 0 1 25
K 0 -35 43
K 0 0 43
K 0 -35 60
K 0 -7 60
K 0 0 60
K 0 14 60
A D 2 8 0
A P 1 221 0
A P 2 192 0
J N 7 3205 42 7 1729 576 1 25
K 0 -35 43
K 0 0 43
K 0 -35 60
K 0 -7 60
K 0 0 60
K 0 14 60
A D 2 8 0
A P 1 215 0
A P 2 186 0
H 25 S 0 0 -35 0 -35 0 0 0 0
J N 7 3235 28 7 3457 576 1 26
K 0 -35 43
K 0 0 43
K 0 -35 60
K 0 -7 60
K 0 0 60
K 0 21 60
A D 2 8 0
A P 1 226 0
A P 2 198 0
J N 7 3265 42 7 5185 576 1 26
K 0 -35 43
K 0 0 43
K 0 -35 60
K 0 -7 60
K 0 0 60
K 0 14 60
A D 2 8 0
A P 1 215 0
A P 2 186 0
H 26 S 0 0 -35 0 -35 0 0 0 0
J B 21 3299 1 82 6913 576 0
J N 7 3320 42 7 1 0 1 27
K 0 -35 43
K 0 0 43
K 0 -35 60
K 0 -7 60
K 0 0 60
K 0 14 60
A D 2 8 0
A P 1 215 0
A P 2 186 0
J N 7 3350 14 7 1729 576 1 27
K 0 0 43
K 0 35 43
K 0 35 59
K 0 7 59
K 0 0 59
K 0 -14 59
A D 2 8 0
A P 1 209 0
A P 2 181 0
H 27 S 0 0 -35 0 0 0 0 0 0
J N 7 3380 14 7 3457 576 1 28
K 0 0 43
K 0 42 43
K 0 42 59
K 0 14 59
K 0 0 59
K 0 -14 59
A D 2 8 0
A P 1 209 0
A P 2 175 0
J N 7 3410 21 6 5185 576 1 28
K 0 0 43
K 0 14 43
K 0 14 59
K 0 0 59
K 0 -14 59
A D 2 8 0
A P 1 204 0
A P 2 192 0
H 28 S 12 0 42 0 14 0 0 0 0
J B 22 3444 1 82 6913 576 0
J N 8 3465 -21 7 1 0 1 29
K 1 7 45
K 0 0 42
K 0 7 45
K 1 7 45
K 0 0 59
K 0 -7 59
A D 4 8 0
A P 1 238 0
J N 8 3465 14 5 1 0 0
K 0 0 42
K 24 6 44
K 0 0 60
K 0 21 60
A D 6 8 0
A P 2 209 0
J N 8 3507 -14 7 3457 1152 2 30 29
K 1 0 45
K 0 0 42
K -1 0 45
K 2 0 45
K 0 0 59
K 0 -7 59
A D 4 8 1
A P 1 232 1
H 29 S 0 14 0 0 0 0 0 0 0
J N 7 3528 35 4 5185 576 0
K 0 0 43
K 0 0 60
K 0 14 60
A D 2 8 0
A P 2 192 0
J B 23 3562 1 82 6913 576 0
J N 7 3583 -14 7 1 0 2 31 30
K 1 0 45
K 0 0 43
K -1 0 45
K 2 0 45
K 0 0 59
K 0 -7 59
A D 2 8 0
A P 1 232 0
H 30 T -14 0 0 0 0 0 7 0
J N 7 3583 28 4 1 0 1 32
K 0 0 43
K 0 0 60
K 0 21 60
A D 2 8 0
A P 2 198 0
J N 7 3613 -7 4 1729 576 1 31
K 0 0 43
K 0 0 59
K 0 -14 59
A D 2 8 0
A P 1 226 0
H 31 S 0 14 0 0 0 0 0 0 0
J N 7 3613 21 4 1729 0 1 32
K 0 0 43
K 0 0 60
K 0 21 60
A D 2 8 0
A P 2 204 0
H 32 S 12 0 0 -14 0 0 0 0 0
J N 7 3643 7 6 3457 576 2 33 34
K 0 -14 43
K 0 0 43
K 0 -14 60
K 0 0 60
K 0 21 60
A D 2 8 0
A P 1 226 0
A P 2 215 0
J N 7 3673 14 6 5185 576 2 33 34
K 0 -14 43
K 0 0 43
K 0 -14 60
K 0 0 60
K 0 21 60
A D 2 8 0
A P 1 221 0
A P 2 209 0
H 33 S 0 0 -14 0 -14 0 0 0 0
H 34 S 12 0 0 -14 0 0 0 0 0
J B 24 3707 1 82 6913 576 0
J N 7 3728 35 7 1 0 1 35
K 0 -35 43
K 0 0 43
K 0 -35 60
K 0 -7 60
K 0 0 60
K 0 14 60
A D 2 8 0
A P 1 221 0
A P 2 192 0
J N 7 3758 42 7 1729 576 1 35
K 0 -35 43
K 0 0 43
K 0 -35 60
K 0 -7 60
K 0 0 60
K 0 14 60
A D 2 8 0
A P 1 215 0
A P 2 186 0
H 35 S 0 0 -35 0 -35 0 0 0 0
J N 7 3788 28 7 3457 576 1 36
K 0 -35 43
K 0 0 43
K 0 -35 60
K 0 -7 60
K 0 0 60
K 0 21 60
A D 2 8 0
A P 1 226 0
A P 2 198 0
J N 7 3818 42 7 5185 576 1 36
K 0 -35 43
K 0 0 43
K 0 -35 60
K 0 -7 60
K 0 0 60
K 0 14 60
A D 2 8 0
A P 1 215 0
A P 2 186 0
H 36 S 0 0 -35 0 -35 0 0 0 0
J B 25 3852 1 82 6913 576 0
J N 7 3873 42 7 1 0 1 37
K 0 -35 43
K 0 0 43
K 0 -35 60
K 0 -7 60
K 0 0 60
K 0 14 60
A D 2 8 0
A P 1 215 0
A P 2 186 0
J N 7 3903 14 7 1729 576 1 37
K 0 0 43
K 0 35 43
K 0 35 59
K 0 7 59
K 0 0 59
K 0 -14 59
A D 2 8 0
A P 1 209 0
A P 2 181 0
H 37 S 0 0 -35 0 0 0 0 0 0
J N 7 3933 14 7 3457 576 1 38
K 0 0 43
K 0 35 43
K 0 35 59
K 0 7 59
K 0 0 59
K 0 -14 59
A D 2 8 0
A P 1 209 0
A P 2 181 0
J N 7 3963 21 7 5185 576 1 38
K 0 0 43
K 0 35 43
K 0 35 59
K 0 7 59
K 0 0 59
K 0 -14 59
A D 2 8 0
A P 1 204 0
A P 2 175 0
H 38 S 12 0 35 0 35 0 0 0 0
J B 26 3997 1 82 6913 576 0
J N 7 4018 14 7 1 0 0
K 0 0 43
K 0 49 43
K 0 49 59
K 0 21 59
K 0 0 59
K 0 -14 59
A D 2 8 0
A P 1 209 0
A P 2 169 0
J N 6 4048 49 5 1729 576 2 39 40
K 0 -49 43
K 0 0 43
K 0 -49 60
K 0 -21 60
A D 1 8 0
A P 1 221 0
A P 2 181 0
J N 6 4074 42 5 2593 288 2 40 39
K 0 -49 43
K 0 0 43
K 0 -49 60
K 0 -21 60
A D 1 8 0
A P 1 226 0
A P 2 186 0
H 40 B 1 0 108 2 2 3
H 39 S 0 0 -49 0 -49 0 0 0 0
J N 7 4100 35 11 3457 288 0
K 0 -49 45
K 0 -49 43
K -1 -49 45
K 2 -49 45
K 0 0 43
K 0 -66 96
K 0 -49 60
K 0 -21 60
K 0 0 60
K 0 14 60
A D 2 8 0
A P 1 232 0
A P 2 192 0
J R 7 4130 28 2 5185 576 0
K 0 0 48
A D 2 8 0
A P 1 0 0
J B 27 4164 1 82 6913 576 0
J N 7 4185 49 7 1 0 0
K 0 -49 43
K 0 0 43
K 0 -49 60
K 0 -21 60
K 0 0 60
K 0 14 60
A D 2 8 0
A P 1 221 0
A P 2 181 0
J N 7 4215 49 7 1729 576 0
K 0 -49 43
K 0 0 43
K 0 -49 60
K 0 -21 60
K 0 0 60
K 0 14 60
A D 2 8 0
A P 1 221 0
A P 2 181 0
J N 7 4245 7 7 3457 576 0
K 0 0 43
K 0 49 43
K 0 49 59
K 0 21 59
K 0 0 59
K 0 -14 59
A D 2 8 0
A P 1 215 0
A P 2 175 0
J N 7 4275 21 10 5185 576 0
K 1 49 45
K 0 0 43
K 0 49 43
K -1 49 45
K 2 49 45
K 0 49 59
K 0 21 59
K 0 0 59
K 0 -14 59
A D 2 8 0
A P 1 204 0
A P 2 164 0
J B 28 4309 1 82 6913 576 0
J N 7 4330 42 7 1 0 0
K 0 -49 43
K 0 0 43
K 0 -49 60
K 0 -21 60
K 0 0 60
K 0 14 60
A D 2 8 0
A P 1 226 0
A P 2 186 0
J N 6 4360 42 5 1729 576 2 41 42
K 0 -49 43
K 0 0 43
K 0 -49 60
K 0 -21 60
A D 1 8 0
A P 1 226 0
A P 2 186 0
J N 6 4386 35 8 2593 288 2 42 41
K 0 -49 45
K 0 -49 43
K -1 -49 45
K 2 -49 45
K 0 0 43
K 0 -49 60
K 0 -21 60
A D 1 8 0
A P 1 232 0
A P 2 192 0
H 42 B 1 0 108 2 2 3
H 41 S 0 0 -49 0 -49 0 0 0 0
J N 7 4412 28 11 3457 288 0
K 0 -42 45
K 0 -49 43
K 0 -42 45
K 1 -42 45
K 0 0 43
K 0 -66 96
K 0 -49 60
K 0 -21 60
K 0 0 60
K 0 21 60
A D 2 8 0
A P 1 238 0
A P 2 198 0
J R 7 4442 28 2 5185 576 0
K 0 0 48
A D 2 8 0
A P 1 0 0
J B 29 4476 1 82 6913 576 0
J N 7 4497 42 7 1 0 0
K 0 -49 43
K 0 0 43
K 0 -49 60
K 0 -21 60
K 0 0 60
K 0 14 60
A D 2 8 0
A P 1 226 0
A P 2 186 0
J N 7 4527 42 7 1729 576 0
K 0 -49 43
K 0 0 43
K 0 -49 60
K 0 -21 60
K 0 0 60
K 0 14 60
A D 2 8 0
A P 1 226 0
A P 2 186 0
J N 7 4557 49 7 3457 576 0
K 0 -49 43
K 0 0 43
K 0 -49 60
K 0 -21 60
K 0 0 60
K 0 14 60
A D 2 8 0
A P 1 221 0
A P 2 181 0
J N 7 4601 14 9 5185 576 0
K -18 0 63
K -18 49 63
K 0 0 43
K 0 49 43
K 0 49 59
K 0 21 59
K 0 0 59
K 0 -14 59
A D 2 8 0
A P 1 210 0
A P 2 170 0
J B 30 4635 1 82 6913 576 0
J N 8 4656 0 12 1 0 0
K 0 -14 45
K 0 -14 42
K -1 -14 45
K 2 -14 45
K 0 0 42
K 0 -31 96
K 0 88 110
K 19 88 110
K 0 -14 60
K 0 0 60
K 0 21 60
A D 4 8 0
A P 1 232 0
A P 2 221 0
J N 8 4698 0 10 3457 1152 0
K 0 -14 45
K 0 -14 42
K -1 -14 45
K 2 -14 45
K 0 0 42
K 0 -31 96
K 0 -14 60
K 0 0 60
K 0 21 60
A D 4 8 0
A P 1 232 0
A P 2 221 0
J B 31 4744 1 82 6913 1152 0
J N 8 4765 0 10 1 0 0
K 0 -14 45
K 0 -14 42
K -1 -14 45
K 2 -14 45
K 0 0 42
K 0 -31 96
K 0 -14 60
K 0 0 60
K 0 21 60
A D 4 8 0
A P 1 232 0
A P 2 221 0
J N 8 4807 0 10 3457 1152 0
K 0 -14 45
K 0 -14 42
K -1 -14 45
K 2 -14 45
K 0 0 42
K 0 -31 96
K 0 -14 60
K 0 0 60
K 0 21 60
A D 4 8 0
A P 1 232 0
A P 2 221 0
J B 32 4853 1 82 6913 1152 0
J N 8 4874 0 10 1 0 0
K 0 -14 45
K 0 -14 42
K -1 -14 45
K 2 -14 45
K 0 0 42
K 0 -31 96
K 0 -14 60
K 0 0 60
K 0 21 60
A D 4 8 0
A P 1 232 0
A P 2 221 0
J N 8 4916 0 10 3457 1152 0
K 0 -14 45
K 0 -14 42
K -1 -14 45
K 2 -14 45
K 0 0 42
K 0 -31 96
K 0 -14 60
K 0 0 60
K 0 21 60
A D 4 8 0
A P 1 232 0
A P 2 221 0
J B 33 4962 1 82 6913 1152 0
J N 8 4983 7 7 1 0 0
K 0 -14 42
K 0 0 42
K 0 -31 96
K 0 -14 60
K 0 0 60
K 0 21 60
A D 4 8 0
A P 1 226 0
A P 2 215 0
J N 8 5025 7 7 3457 1152 0
K 0 -14 42
K 0 0 42
K 0 -31 96
K 0 -14 60
K 0 0 60
K 0 21 60
A D 4 8 0
A P 1 226 0
A P 2 215 0
J B 34 5071 1 82 6913 1152 0
J N 8 5092 7 7 1 0 0
K 0 -14 42
K 0 0 42
K 0 -31 96
K 0 -14 60
K 0 0 60
K 0 21 60
A D 4 8 0
A P 1 226 0
A P 2 215 0
J N 8 5134 7 7 3457 1152 0
K 0 -14 42
K 0 0 42
K 0 -31 96
K 0 -14 60
K 0 0 60
K 0 21 60
A D 4 8 0
A P 1 226 0
A P 2 215 0
J B 35 5180 1 82 6913 1152 0
J N 8 5203 35 9 1 0 0
K -14 -35 64
K 0 -35 42
K 0 0 42
K 0 -52 96
K 0 -35 60
K 0 -7 60
K 0 0 60
K 0 14 60
A D 4 8 0
A P 1 220 0
A P 2 192 0
J N 8 5245 14 7 3457 1152 0
K 0 -14 42
K 0 0 42
K 0 -31 96
K 0 -14 60
K 0 0 60
K 0 21 60
A D 4 8 0
A P 1 220 0
A P 2 209 0
J B 36 5291 1 82 6913 1152 0
J N 8 5312 21 7 1 0 0
K 0 -14 42
K 0 0 42
K 0 -31 96
K 0 -14 60
K 0 0 60
K 0 21 60
A D 4 8 0
A P 1 215 0
A P 2 204 0
J N 7 5354 35 4 3457 1152 0
K 0 0 43
K 0 0 59
K 0 -21 59
A D 2 8 0
A P 1 192 0
J N 7 5354 35 4 3457 0 0
K 0 0 43
K 0 0 60
K 0 14 60
A D 2 8 0
A P 2 192 0
J N 7 5384 -14 7 5185 576 0
K 1 0 45
K 0 0 43
K -1 0 45
K 2 0 45
K 0 0 59
K 0 -7 59
A D 2 8 0
A P 1 232 0
J N 7 5384 -14 7 5185 0 0
K 0 0 45
K 0 0 43
K -1 0 45
K 2 0 45
K 0 0 60
K 0 21 60
A D 2 8 0
A P 2 232 0
J B 37 5418 1 82 6913 576 0
J N 8 5445 0 12 1 0 0
K 0 -14 45
K -18 0 63
K 0 -14 42
K -1 -14 45
K 2 -14 45
K 0 0 42
K 7 60 110
K 26 60 110
K 0 -14 60
K 0 0 60
K 0 21 60
A D 4 8 0
A P 1 232 0
A P 2 221 0
J N 8 5487 0 11 3457 1152 2 43 44
K 0 -14 45
K 0 -14 42
K -1 -14 45
K 2 -14 45
K 0 0 42
K 0 74 111
K 12 74 110
K 0 -14 60
K 0 0 60
K 0 21 60
A D 4 8 1
A P 1 232 1
A P 2 221 1
J B 38 5533 1 82 6913 1152 0
J N 8 5554 0 9 1 0 2 43 44
K 0 -14 45
K 0 -14 42
K -1 -14 45
K 2 -14 45
K 0 0 42
K 0 -14 60
K 0 0 60
K 0 21 60
A D 4 8 0
A P 1 232 0
A P 2 221 0
H 43 T -14 0 0 0 0 0 5 0
H 44 T 0 0 0 0 0 0 15 0
J N 8 5596 0 10 3457 1152 0
K 0 -14 45
K 0 -14 42
K -1 -14 45
K 2 -14 45
K 0 0 42
K 0 -31 96
K 0 -14 60
K 0 0 60
K 0 21 60
A D 4 8 0
A P 1 232 0
A P 2 221 0
J B 39 5642 1 82 6913 1152 0
J N 8 5663 0 11 1 0 0
K 0 -14 45
K 0 -14 42
K -1 -14 45
K 2 -14 45
K 0 0 42
K 0 -31 96
K 2 74 110
K 0 -14 60
K 0 0 60
K 0 21 60
A D 4 8 0
A P 1 232 0
A P 2 221 0
J N 8 5705 0 11 3457 1152 0
K 0 -14 45
K 0 -14 42
K -1 -14 45
K 2 -14 45
K 0 0 42
K 0 -31 96
K 2 74 110
K 0 -14 60
K 0 0 60
K 0 21 60
A D 4 8 0
A P 1 232 0
A P 2 221 0
J B 40 5751 1 82 6913 1152 0
J N 8 5772 0 11 1 0 0
K 0 -14 45
K 0 -14 42
K -1 -14 45
K 2 -14 45
K 0 0 42
K 0 -31 96
K 2 74 110
K 0 -14 60
K 0 0 60
K 0 21 60
A D 4 8 0
A P 1 232 0
A P 2 221 0
J N 8 5814 0 11 3457 1152 0
K 0 -14 45
K 0 -14 42
K -1 -14 45
K 2 -14 45
K 0 0 42
K 0 -31 96
K 2 74 110
K 0 -14 60
K 0 0 60
K 0 21 60
A D 4 8 0
A P 1 232 0
A P 2 221 0
J B 41 5860 1 82 6913 1152 0
J N 8 5881 7 9 1 0 0
K 0 -14 42
K 0 0 42
K 0 -31 96
K 2 67 110
K 21 67 110
K 0 -14 60
K 0 0 60
K 0 21 60
A D 4 8 0
A P 1 226 0
A P 2 215 0
J N 8 5923 7 8 3457 1152 0
K 0 -14 42
K 0 0 42
K 0 -31 96
K 2 67 110
K 0 -14 60
K 0 0 60
K 0 21 60
A D 4 8 0
A P 1 226 0
A P 2 215 0
J B 42 5969 1 82 6913 1152 0
J N 8 5990 7 8 1 0 0
K 0 -14 42
K 0 0 42
K 0 -31 96
K 2 67 110
K 0 -14 60
K 0 0 60
K 0 21 60
A D 4 8 0
A P 1 226 0
A P 2 215 0
J N 8 6032 7 8 3457 1152 0
K 0 -14 42
K 0 0 42
K 0 -31 96
K 2 67 110
K 0 -14 60
K 0 0 60
K 0 21 60
A D 4 8 0
A P 1 226 0
A P 2 215 0
J B 43 6078 1 82 6913 1152 0
J N 8 6101 35 11 1 0 0
K -14 -35 64
K 0 -35 42
K 0 0 42
K 0 -52 96
K 4 47 110
K 23 47 110
K 0 -35 60
K 0 -7 60
K 0 0 60
K 0 14 60
A D 4 8 0
A P 1 220 0
A P 2 192 0
J N 8 6143 14 7 3457 1152 0
K 0 -14 42
K 0 0 42
K 0 -31 96
K 0 -14 60
K 0 0 60
K 0 21 60
A D 4 8 0
A P 1 220 0
A P 2 209 0
J B 44 6189 1 82 6913 1152 0
J N 8 6210 21 7 1 0 0
K 0 -14 42
K 0 0 42
K 0 -31 96
K 0 -14 60
K 0 0 60
K 0 21 60
A D 4 8 0
A P 1 215 0
A P 2 204 0
J N 8 6252 35 7 3457 1152 0
K 0 -28 42
K 0 0 42
K 0 -45 96
K 0 -28 60
K 0 0 60
K 0 14 60
A D 4 8 0
A P 1 215 0
A P 2 192 0
J B 45 6298 1 82 6913 1152 0
J N 8 6325 35 10 1 0 0
K -18 -35 63
K 0 -35 42
K 0 0 42
K 2 53 110
K 21 53 110
K 0 -35 60
K 0 -7 60
K 0 0 60
K 0 14 60
A D 4 8 0
A P 1 221 0
A P 2 192 0
J N 6 6367 -7 2 3457 1152 1 45
K 0 0 43
A D 1 8 0
A P 1 226 0
J N 6 6367 14 2 3457 0 1 46
K 0 0 43
A D 1 8 0
A P 2 209 0
J N 6 6390 63 2 4321 288 1 45
K 0 0 43
A D 1 8 0
A P 1 169 0
J N 6 6390 63 2 4321 0 1 46
K 0 0 43
A D 1 8 0
A P 2 169 0
J N 6 6416 56 2 5185 288 1 45
K 0 0 43
A D 1 8 0
A P 1 175 0
J N 6 6416 56 2 5185 0 1 46
K 0 0 43
A D 1 8 0
A P 2 175 0
J N 6 6442 49 2 6049 288 1 45
K 0 0 43
A D 1 8 0
A P 1 181 0
H 45 B 40000 0 108 4 2 1 1 3
J N 6 6442 49 2 6049 0 1 46
K 0 0 43
A D 1 8 0
A P 2 181 0
H 46 B 80001 0 108 4 2 1 1 3
J B 46 6469 1 82 6913 288 0
J N 6 6490 42 2 1 0 1 47
K 0 0 43
A D 1 8 0
A P 1 186 0
J N 6 6490 42 2 1 0 1 48
K 0 0 43
A D 1 8 0
A P 2 186 0
J N 6 6516 42 2 865 288 1 47
K 0 0 43
A D 1 8 0
A P 1 186 0
J N 6 6516 42 2 865 0 1 48
K 0 0 43
A D 1 8 0
A P 2 186 0
J N 6 6542 35 2 1729 288 1 47
K 0 0 43
A D 1 8 0
A P 1 192 0
J N 6 6542 35 2 1729 0 1 48
K 0 0 43
A D 1 8 0
A P 2 192 0
J N 6 6568 28 2 2593 288 1 47
K 0 0 43
A D 1 8 0
A P 1 198 0
H 47 B 0 0 108 4 2 1 1 3
J N 6 6568 28 2 2593 0 1 48
K 0 0 43
A D 1 8 0
A P 2 198 0
H 48 B 1 0 108 4 2 1 1 3
J N 6 6594 21 2 3457 288 1 49
K 0 0 43
A D 1 8 0
A P 1 204 0
J N 6 6594 21 2 3457 0 1 50
K 0 0 43
A D 1 8 0
A P 2 204 0
J N 6 6620 14 2 4321 288 1 49
K 0 0 43
A D 1 8 0
A P 1 209 0
J N 6 6620 14 2 4321 0 1 50
K 0 0 43
A D 1 8 0
A P 2 209 0
J N 6 6646 7 2 5185 288 1 49
K 0 0 43
A D 1 8 0
A P 1 215 0
J N 6 6646 21 2 5185 0 1 50
K 0 0 43
A D 1 8 0
A P 2 204 0
J N 6 6672 0 2 6049 288 1 49
K 0 0 43
A D 1 8 0
A P 1 221 0
H 49 B 60000 0 108 4 2 1 1 3
J N 6 6672 14 2 6049 0 1 50
K 0 0 43
A D 1 8 0
A P 2 209 0
H 50 B 1 0 108 4 2 1 1 3
J B 47 6699 1 82 6913 288 0
J N 6 6720 7 4 1 0 1 51
K 0 -14 43
K 0 0 43
K 0 -14 60
A D 1 8 0
A P 1 226 0
A P 2 215 0
J N 6 6746 0 7 865 288 1 51
K 0 -14 45
K 0 -14 43
K -1 -14 45
K 2 -14 45
K 0 0 43
K 0 -14 60
A D 1 8 0
A P 1 232 0
A P 2 221 0
J N 6 6772 -7 7 1729 288 1 51
K 0 -7 45
K 0 -14 43
K 0 -7 45
K 1 -7 45
K 0 0 43
K 0 -14 60
A D 1 8 0
A P 1 238 0
A P 2 226 0
J N 6 6798 -14 10 2593 288 1 51
K 0 0 45
K 0 -14 45
K 0 -14 43
K -1 -14 45
K 2 -14 45
K 0 0 43
K -1 0 45
K 2 0 45
K 0 -14 60
A D 1 8 0
A P 1 244 0
A P 2 232 0
H 51 B 1 0 108 4 2 1 1 3
J N 6 6824 -21 10 3457 288 1 52
K 0 7 45
K 0 -7 45
K 0 -14 43
K 0 -7 45
K 1 -7 45
K 0 0 43
K 0 7 45
K 1 7 45
K 0 -14 60
A D 1 8 0
A P 1 249 0
A P 2 238 0
J N 6 6847 21 4 4321 288 1 52
K 0 -14 43
K 0 0 43
K 0 -14 60
A D 1 8 0
A P 1 215 0
A P 2 204 0
J N 6 6873 14 4 5185 288 1 52
K 0 -14 43
K 0 0 43
K 0 -14 60
A D 1 8 0
A P 1 221 0
A P 2 209 0
J N 6 6899 7 4 6049 288 1 52
K 0 -14 43
K 0 0 43
K 0 -14 60
A D 1 8 0
A P 1 226 0
A P 2 215 0
H 52 B 1 0 108 4 2 1 1 3
J B 48 6926 1 82 6913 288 0
J N 8 6947 0 4 1 0 0
K 0 0 42
K 0 0 59
K 0 -14 59
A D 4 8 0
A P 1 221 0
J N 8 6947 14 4 1 0 0
K 0 0 42
K 0 0 60
K 0 21 60
A D 4 8 0
A P 2 209 0
J N 8 6989 7 4 3457 1152 0
K 0 0 42
K 0 0 59
K 0 -14 59
A D 4 8 0
A P 1 215 0
J N 7 6989 21 4 3457 0 0
K 0 0 43
K 0 0 60
K 0 21 60
A D 2 8 0
A P 2 204 0
J N 7 7019 35 4 5185 576 0
K 0 0 43
K 0 0 60
K 0 14 60
A D 2 8 0
A P 2 192 0
J B 49 7053 1 82 6913 576 0
J N 8 7074 35 7 1 0 0
K 0 -35 42
K 0 0 42
K 0 -35 60
K 0 -7 60
K 0 0 60
K 0 14 60
A D 4 8 0
A P 1 221 0
A P 2 192 0
J N 6 7116 -7 4 3457 1152 1 53
K 0 0 43
K -49 95 110
K -30 95 110
A D 1 8 0
A P 1 226 0
J N 6 7116 28 2 3457 0 1 54
K 0 0 43
A D 1 8 0
A P 2 198 0
J N 6 7139 63 2 4321 288 1 53
K 0 0 43
A D 1 8 0
A P 1 169 0
J N 6 7139 63 2 4321 0 1 54
K 0 0 43
A D 1 8 0
A P 2 169 0
J N 6 7165 56 2 5185 288 1 53
K 0 0 43
A D 1 8 0
A P 1 175 0
J N 6 7165 56 2 5185 0 1 54
K 0 0 43
A D 1 8 0
A P 2 175 0
J N 6 7191 49 2 6049 288 1 53
K 0 0 43
A D 1 8 0
A P 1 181 0
H 53 B 0 0 108 4 2 1 1 3
J N 6 7191 49 2 6049 0 1 54
K 0 0 43
A D 1 8 0
A P 2 181 0
H 54 B 90001 0 108 4 2 1 1 3
J B 50 7218 1 82 6913 288 0
J N 6 7239 42 2 1 0 1 55
K 0 0 43
A D 1 8 0
A P 1 186 0
J N 6 7239 42 2 1 0 1 56
K 0 0 43
A D 1 8 0
A P 2 186 0
J N 6 7265 42 2 865 288 1 55
K 0 0 43
A D 1 8 0
A P 1 186 0
J N 6 7265 42 2 865 0 1 56
K 0 0 43
A D 1 8 0
A P 2 186 0
J N 6 7291 35 2 1729 288 1 55
K 0 0 43
A D 1 8 0
A P 1 192 0
J N 6 7291 35 2 1729 0 1 56
K 0 0 43
A D 1 8 0
A P 2 192 0
J N 6 7317 28 2 2593 288 1 55
K 0 0 43
A D 1 8 0
A P 1 198 0
H 55 B 0 0 108 4 2 1 1 3
J N 6 7317 28 2 2593 0 1 56
K 0 0 43
A D 1 8 0
A P 2 198 0
H 56 B 60001 0 108 4 2 1 1 3
J N 6 7343 21 2 3457 288 1 57
K 0 0 43
A D 1 8 0
A P 1 204 0
J N 6 7343 21 2 3457 0 1 58
K 0 0 43
A D 1 8 0
A P 2 204 0
J N 6 7369 14 2 4321 288 1 57
K 0 0 43
A D 1 8 0
A P 1 209 0
J N 6 7369 14 2 4321 0 1 58
K 0 0 43
A D 1 8 0
A P 2 209 0
J N 6 7395 7 2 5185 288 1 57
K 0 0 43
A D 1 8 0
A P 1 215 0
J N 6 7395 21 2 5185 0 1 58
K 0 0 43
A D 1 8 0
A P 2 204 0
J N 6 7421 0 2 6049 288 1 57
K 0 0 43
A D 1 8 0
A P 1 221 0
H 57 B 60000 0 108 4 2 1 1 3
J N 6 7421 14 2 6049 0 1 58
K 0 0 43
A D 1 8 0
A P 2 209 0
H 58 B 1 0 108 4 2 1 1 3
J B 51 7448 1 82 6913 288 0
J N 6 7469 7 4 1 0 1 59
K 0 -14 43
K 0 0 43
K 0 -14 60
A D 1 8 0
A P 1 226 0
A P 2 215 0
J N 6 7495 0 7 865 288 1 59
K 0 -14 45
K 0 -14 43
K -1 -14 45
K 2 -14 45
K 0 0 43
K 0 -14 60
A D 1 8 0
A P 1 232 0
A P 2 221 0
J N 6 7521 -7 7 1729 288 1 59
K 0 -7 45
K 0 -14 43
K 0 -7 45
K 1 -7 45
K 0 0 43
K 0 -14 60
A D 1 8 0
A P 1 238 0
A P 2 226 0
J N 6 7547 -14 10 2593 288 1 59
K 0 0 45
K 0 -14 45
K 0 -14 43
K -1 -14 45
K 2 -14 45
K 0 0 43
K -1 0 45
K 2 0 45
K 0 -14 60
A D 1 8 0
A P 1 244 0
A P 2 232 0
H 59 B 1 0 108 4 2 1 1 3
J N 6 7573 -21 10 3457 288 1 60
K 0 7 45
K 0 -7 45
K 0 -14 43
K 0 -7 45
K 1 -7 45
K 0 0 43
K 0 7 45
K 1 7 45
K 0 -14 60
A D 1 8 0
A P 1 249 0
A P 2 238 0
J N 6 7596 21 4 4321 288 1 60
K 0 -14 43
K 0 0 43
K 0 -14 60
A D 1 8 0
A P 1 215 0
A P 2 204 0
J N 6 7622 14 4 5185 288 1 60
K 0 -14 43
K 0 0 43
K 0 -14 60
A D 1 8 0
A P 1 221 0
A P 2 209 0
J N 6 7648 7 4 6049 288 1 60
K 0 -14 43
K 0 0 43
K 0 -14 60
A D 1 8 0
A P 1 226 0
A P 2 215 0
H 60 B 1 0 108 4 2 1 1 3
J B 52 7675 1 82 6913 288 0
J N 8 7696 14 6 1 0 0
K 0 -14 42
K 0 0 42
K 0 -14 60
K 0 0 60
K 0 21 60
A D 4 8 0
A P 1 221 0
A P 2 209 0
J N 8 7738 21 6 3457 1152 0
K 0 -14 42
K 0 0 42
K 0 -14 60
K 0 0 60
K 0 21 60
A D 4 8 0
A P 1 215 0
A P 2 204 0
J B 53 7784 1 82 6913 1152 0
J N 7 7805 14 4 1 0 0
K 0 0 43
K 0 0 59
K 0 -14 59
A D 2 8 0
A P 1 209 0
J N 7 7805 14 4 1 0 0
K 0 0 43
K 0 0 60
K 0 21 60
A D 2 8 0
A P 2 209 0
J R 7 7835 28 2 1729 576 0
K 0 0 48
A D 2 8 0
A P 1 0 0
J N 7 7865 49 7 3457 576 0
K 0 -49 43
K 0 0 43
K 0 -49 60
K 0 -21 60
K 0 0 60
K 0 14 60
A D 2 8 0
A P 1 221 0
A P 2 181 0
J N 6 7895 42 5 5185 576 1 61
K 0 -49 43
K 0 0 43
K 0 -49 60
K 0 -21 60
A D 1 8 0
A P 1 226 0
A P 2 186 0
J N 6 7921 35 8 6049 288 1 61
K 0 -49 45
K 0 -49 43
K -1 -49 45
K 2 -49 45
K 0 0 43
K 0 -49 60
K 0 -21 60
A D 1 8 0
A P 1 232 0
A P 2 192 0
H 61 B 1 0 108 2 2 3
J B 54 7948 1 82 6913 288 0
J N 7 7969 28 10 1 0 0
K 0 -42 45
K 0 -49 43
K 0 -42 45
K 1 -42 45
K 0 0 43
K 0 -49 60
K 0 -21 60
K 0 0 60
K 0 21 60
A D 2 8 0
A P 1 238 0
A P 2 198 0
J R 7 7999 28 2 1729 576 0
K 0 0 48
A D 2 8 0
A P 1 0 0
J D 0 8022 0 1 3457 576 0
W 0 -14 32 zu 2
J N 7 8029 14 5 3457 0 0
K 0 0 43
K 0 0 43
K 0 0 60
K 0 21 60
A D 2 8 0
A P 1 209 0
A P 2 209 0
J N 6 8059 7 3 5185 576 1 62
K 0 0 43
K 0 0 43
A D 1 8 0
A P 1 215 0
A P 2 215 0
J N 6 8085 0 3 6049 288 1 62
K 0 0 43
K 0 0 43
A D 1 8 0
A P 1 221 0
A P 2 221 0
H 62 B 1 0 108 2 2 3
J B 55 8112 1 82 6913 288 0
J N 7 8133 -7 4 1 0 0
K 0 0 43
K 0 0 60
K 0 21 60
A D 2 8 0
A P 3 226 0
J R 7 8163 28 2 1729 576 0
K 0 0 48
A D 2 8 0
A P 3 0 0
J N 7 8193 7 4 3457 576 0
K 0 0 43
K 0 0 60
K 0 21 60
A D 2 8 0
A P 3 215 0
J N 6 8223 0 2 5185 576 1 63
K 0 0 43
A D 1 8 0
A P 3 221 0
J N 6 8249 -7 2 6049 288 1 63
K 0 0 43
A D 1 8 0
A P 3 226 0
H 63 B 1 0 108 2 2 3
J B 56 8276 1 82 6913 288 0
J N 7 8297 -14 10 1 0 0
K 0 0 45
K 0 0 43
K -1 0 45
K 2 0 45
K 0 0 43
K -1 0 45
K 2 0 45
K 0 0 60
K 0 21 60
A D 2 8 0
A P 1 232 0
A P 2 232 0
J R 7 8327 28 2 1729 576 0
K 0 0 48
A D 2 8 0
A P 1 0 0
J N 7 8357 35 10 3457 576 0
K 0 -49 45
K 0 -49 43
K -1 -49 45
K 2 -49 45
K 0 0 43
K 0 -49 60
K 0 -21 60
K 0 0 60
K 0 14 60
A D 2 8 0
A P 1 232 0
A P 2 192 0
J N 6 8387 28 8 5185 576 1 64
K 0 -42 45
K 0 -49 43
K 0 -42 45
K 1 -42 45
K 0 0 43
K 0 -49 60
K 0 -21 60
A D 1 8 0
A P 1 238 0
A P 2 198 0
J N 6 8413 21 9 6049 288 1 64
K 0 -35 45
K 0 -49 45
K 0 -49 43
K -1 -49 45
K 2 -49 45
K 0 0 43
K 0 -49 60
K 0 -21 60
A D 1 8 0
A P 1 244 0
A P 2 204 0
H 64 B 1 0 108 2 2 3
J B 57 8440 1 82 6913 288 0
J N 6 8461 14 9 1 0 1 65
K 0 -28 45
K 0 -42 45
K 0 -49 43
K 0 -42 45
K 1 -42 45
K 0 0 43
K 0 -49 60
K 0 -21 60
A D 1 8 0
A P 1 249 0
A P 2 209 0
J N 6 8487 35 8 865 288 1 65
K 0 -49 45
K 0 -49 43
K -1 -49 45
K 2 -49 45
K 0 0 43
K 0 -49 60
K 0 -21 60
A D 1 8 0
A P 1 232 0
A P 2 192 0
J N 6 8513 28 8 1729 288 1 65
K 0 -42 45
K 0 -49 43
K 0 -42 45
K 1 -42 45
K 0 0 43
K 0 -49 60
K 0 -21 60
A D 1 8 0
A P 1 238 0
A P 2 198 0
J N 6 8539 21 9 2593 288 1 65
K 0 -35 45
K 0 -49 45
K 0 -49 43
K -1 -49 45
K 2 -49 45
K 0 0 43
K 0 -49 60
K 0 -21 60
A D 1 8 0
A P 1 244 0
A P 2 204 0
H 65 B 40001 0 108 4 2 1 1 3
J N 6 8565 -35 6 3457 288 1 66
K 1 21 45
K 1 7 45
K 0 0 43
K 0 7 45
K 1 7 45
A D 1 8 0
A P 1 249 0
J N 6 8565 14 2 3457 0 1 67
K 0 0 43
A D 1 8 0
A P 2 209 0
J N 6 8591 7 2 4321 288 1 66
K 0 0 43
A D 1 8 0
A P 1 215 0
J N 6 8591 7 2 4321 0 1 67
K 0 0 43
A D 1 8 0
A P 2 215 0
J N 6 8617 0 2 5185 288 1 66
K 0 0 43
A D 1 8 0
A P 1 221 0
J N 6 8617 0 2 5185 0 1 67
K 0 0 43
A D 1 8 0
A P 2 221 0
J N 6 8643 14 2 6049 288 1 66
K 0 0 43
A D 1 8 0
A P 1 209 0
H 66 B 90000 0 108 4 2 1 1 3
J N 6 8643 14 2 6049 0 1 67
K 0 0 43
A D 1 8 0
A P 2 209 0
H 67 B 1 0 108 4 2 1 1 3
J B 58 8670 1 82 6913 288 0
J D 0 8677 0 1 1 0 0
W 0 -35 32 zu 2
J N 8 8691 -14 10 1 0 0
K 0 0 45
K 0 0 42
K -1 0 45
K 2 0 45
K 24 -6 44
K 2 88 110
K 21 88 110
K 0 0 60
K 0 21 60
A D 6 8 0
A P 3 232 0
J N 7 8745 -14 7 5185 1728 0
K 0 0 45
K 0 0 43
K -1 0 45
K 2 0 45
K 0 0 60
K 0 21 60
A D 2 8 0
A P 3 232 0
J B 59 8779 1 82 6913 576 0
J N 7 8800 -14 7 1 0 0
K 0 0 45
K 0 0 43
K -1 0 45
K 2 0 45
K 0 0 60
K 0 21 60
A D 2 8 0
A P 3 232 0
J N 7 8830 14 4 1729 576 0
K 0 0 43
K 0 0 60
K 0 21 60
A D 2 8 0
A P 3 209 0
J R 8 8860 28 2 3457 576 0
K 0 0 47
A D 4 8 0
A P 3 0 0
J B 60 8906 1 82 6913 1152 0
J R 9 8927 28 2 1 10001 0
K 0 0 46
A D 8 8 0
A P 3 0 0
J B 61 9032 1 82 6913 2304 0
J R 9 9053 28 2 1 10001 0
K 0 0 46
A D 8 8 0
A P 3 0 0
J B 62 9158 1 82 6913 2304 0
J R 8 9179 28 2 1 0 0
K 0 0 47
A D 4 8 0
A P 3 0 0
J D 0 9207 0 1 3457 1152 0
W 0 -35 32 zu 2
J N 7 9221 -14 7 3457 0 0
K 0 0 45
K 0 0 43
K -1 0 45
K 2 0 45
K 0 0 60
K 0 21 60
A D 2 8 0
A P 3 232 0
J N 7 9251 -14 7 5185 576 0
K 0 0 45
K 0 0 43
K -1 0 45
K 2 0 45
K 0 0 60
K 0 21 60
A D 2 8 0
A P 3 232 0
J B 63 9285 1 82 6913 576 0
J N 9 9306 -14 8 1 0 1 68
K 0 0 45
K 6 0 45
K 0 0 41
K -1 0 45
K 2 0 45
K 0 74 110
K 19 74 110
A D 8 8 1
A P 3 232 1
J B 64 9373 1 82 6913 2304 0
J N 8 9394 -14 8 1 0 1 68
K 0 0 45
K 0 0 42
K -1 0 45
K 2 0 45
K 24 -6 44
K 0 0 60
K 0 21 60
A D 6 8 0
A P 3 232 0
H 68 T -14 0 0 0 0 0 5 0
J N 7 9448 -14 7 5185 1728 0
K 0 0 45
K 0 0 43
K -1 0 45
K 2 0 45
K 0 0 60
K 0 21 60
A D 2 8 0
A P 3 232 0
J B 65 9482 1 82 6913 576 0
J N 7 9503 -14 10 1 0 0
K 0 0 45
K 0 0 43
K -1 0 45
K 2 0 45
K 0 0 43
K -1 0 45
K 2 0 45
K 0 0 60
K 0 21 60
A D 4 16 0
A P 1 232 0
A P 2 232 0
J N 7 9533 14 5 1729 576 0
K 0 0 43
K 0 0 43
K 0 0 60
K 0 21 60
A D 4 16 0
A P 1 209 0
A P 2 209 0
J N 8 9563 7 8 3457 576 2 69 70
K 0 -14 42
K 0 0 42
K 2 67 110
K 21 67 110
K 0 -14 60
K 0 0 60
K 0 21 60
A D 8 16 1
A P 1 226 1
A P 2 215 1
J B 66 9617 5 2 6913 1152 0
K -8 0 82
K 0 0 82
J T 304 9647 0 2 6913 0 0
K -10 28 74
K -10 56 75
J D 0 9686 0 1 1 0 0
W 0 -49 0 Maestoso.  (\0& = 60.)
J N 7 9686 7 8 1 0 2 69 70
K 0 -14 43
K 25 -14 44
K 0 0 43
K 25 0 44
K 0 -14 60
K 0 0 60
K 0 21 60
A D 6 16 0
A P 1 226 0
A P 2 215 0
H 69 T -7 0 0 0 0 0 1 0
H 70 T 7 0 0 0 0 0 11 0
J N 6 9740 7 5 3457 864 0
K 0 -14 43
K 0 0 43
K 0 -14 60
K 0 0 54
A D 2 16 0
A P 1 226 0
A P 2 215 0
J N 6 9770 7 6 4609 288 1 71
K 0 -14 43
K 25 -14 44
K 0 0 43
K 25 0 44
K 0 -14 60
A D 3 16 0
A P 1 226 0
A P 2 215 0
J N 5 9808 7 5 6337 432 1 71
K 0 -14 43
K 0 0 43
K 0 72 108
K 0 -14 60
A D 1 16 0
A P 1 226 0
A P 2 215 0
H 71 B 1 0 108 2 2 53
J B 67 9835 1 82 6913 144 0
J N 6 9856 7 6 1 0 1 72
K 0 -14 43
K 25 -14 44
K 0 0 43
K 25 0 44
K 0 -14 60
A D 3 16 0
A P 1 226 0
A P 2 215 0
J N 5 9894 7 4 1729 432 1 72
K 0 -14 43
K 0 0 43
K 0 -14 60
A D 1 16 0
A P 1 226 0
A P 2 215 0
H 72 B 1 0 108 2 2 53
J D 0 9917 0 1 2305 144 0
W 0 89 36 cresc.
J N 6 9920 7 4 2305 0 2 73 74
K 0 -14 43
K 0 0 43
K 0 -14 60
A D 2 16 0
A P 1 226 0
A P 2 215 0
J N 6 9950 21 4 3457 288 3 75 74 73
K 0 -14 43
K 0 0 43
K 0 -14 60
A D 2 16 2
A P 1 215 1
A P 2 204 0
H 74 B 1 0 108 2 2 3
H 73 S 0 0 -14 0 -14 0 0 0 0
J N 6 9980 21 4 4609 288 3 76 77 75
K 0 -14 43
K 0 0 43
K 0 -14 60
A D 2 16 0
A P 1 215 0
A P 2 204 0
H 75 T 7 0 0 0 0 0 1 0
J N 5 10010 14 4 5761 288 1 77
K 0 -14 43
K 0 0 43
K 0 -14 60
A D 1 16 0
A P 1 221 0
A P 2 209 0
J N 5 10036 7 4 6337 144 2 77 76
K 0 -14 43
K 0 0 43
K 0 -14 60
A D 1 16 0
A P 1 226 0
A P 2 215 0
H 77 B 1 0 108 3 2 21 33
H 76 S 0 0 -14 0 -14 0 0 0 0
J B 68 10063 1 82 6913 144 0
J N 6 10084 35 8 1 0 1 78
K 0 -35 43
K 24 -41 44
K 0 0 43
K 25 0 44
K -30 53 110
K 0 -35 60
K 0 -7 60
A D 3 16 0
A P 1 221 0
A P 2 192 0
J N 5 10122 14 4 1729 432 1 78
K 0 -14 43
K 0 0 43
K 0 -14 60
A D 1 16 0
A P 1 221 0
A P 2 209 0
H 78 B 1 0 108 2 2 53
J N 7 10148 28 9 2305 144 0
K 0 -35 43
K 25 -35 44
K 0 0 43
K 24 -6 44
K 0 -35 60
K 0 -7 60
K 0 0 60
K 0 21 60
A D 6 16 0
A P 1 226 0
A P 2 198 0
J N 6 10202 21 5 5761 864 0
K 0 -14 43
K 0 0 43
K 0 -14 60
K 0 0 54
A D 2 16 0
A P 1 215 0
A P 2 204 0
J B 69 10236 1 82 6913 288 0
J D 0 10243 0 1 1 0 0
W 0 -30 32 zu 2
J N 6 10257 -14 8 1 0 1 79
K 0 0 45
K 0 0 43
K -1 0 45
K 2 0 45
K 24 -6 44
K -5 88 111
K 7 88 110
A D 3 16 0
A P 3 232 0
J N 5 10294 -14 5 1729 432 1 79
K 0 0 45
K 0 0 43
K -1 0 45
K 2 0 45
A D 1 16 0
A P 3 232 0
H 79 B 1 0 108 2 2 53
J N 6 10320 -14 5 2305 144 1 80
K 0 0 45
K 0 0 43
K -1 0 45
K 2 0 45
A D 2 16 0
A P 3 232 0
J N 6 10350 14 2 3457 288 1 80
K 0 0 43
A D 2 16 0
A P 3 209 0
H 80 B 1 0 108 2 2 3
J N 6 10380 -14 8 4609 288 1 81
K 0 0 45
K 0 0 43
K -1 0 45
K 2 0 45
K 24 -6 44
K -5 88 111
K 7 88 110
A D 3 16 0
A P 3 232 0
J N 5 10417 -14 5 6337 432 1 81
K 0 0 45
K 0 0 43
K -1 0 45
K 2 0 45
A D 1 16 0
A P 3 232 0
H 81 B 1 0 108 2 2 53
J B 70 10452 5 2 6913 144 0
K -8 0 82
K 0 0 82
J T 0 10473 42 1 6913 0 0
K 0 0 38
J D 0 10521 0 1 1 0 0
W 0 -49 0 Prestissimo.
J N 8 10521 -14 9 1 0 0
K 1 0 45
K 0 0 42
K -1 0 45
K 2 0 45
K 0 74 110
K 19 74 110
K 0 0 59
K 0 -7 59
A D 12 24 0
A P 1 232 0
J N 8 10521 -14 7 1 0 0
K 0 0 45
K 0 0 42
K -1 0 45
K 2 0 45
K 0 0 60
K 0 21 60
A D 12 24 0
A P 2 232 0
J N 7 10563 14 4 3457 1152 0
K 0 0 43
K 0 0 59
K 0 -14 59
A D 6 24 0
A P 1 209 0
J N 7 10563 14 4 3457 0 0
K 0 0 43
K 0 0 60
K 0 21 60
A D 6 24 0
A P 2 209 0
J N 7 10593 35 10 5185 576 0
K 0 -49 45
K 0 -49 43
K -1 -49 45
K 2 -49 45
K 0 0 43
K 0 -49 60
K 0 -21 60
K 0 0 60
K 0 14 60
A D 6 24 0
A P 1 232 0
A P 2 192 0
J B 71 10627 1 82 6913 576 0
J N 7 10648 0 9 1 0 0
K 0 -14 45
K 0 -14 43
K -1 -14 45
K 2 -14 45
K 0 0 43
K 0 -14 60
K 0 0 60
K 0 21 60
A D 6 24 0
A P 1 232 0
A P 2 221 0
J N 7 10678 7 6 1729 576 0
K 0 -14 43
K 0 0 43
K 0 -14 60
K 0 0 60
K 0 21 60
A D 6 24 0
A P 1 226 0
A P 2 215 0
J N 7 10708 14 6 3457 576 0
K 0 -14 43
K 0 0 43
K 0 -14 60
K 0 0 60
K 0 21 60
A D 6 24 0
A P 1 221 0
A P 2 209 0
J N 6 10738 14 4 5185 576 1 82
K 0 -14 43
K 0 0 43
K 0 -14 60
A D 3 24 0
A P 1 221 0
A P 2 209 0
J N 6 10764 21 4 6049 288 1 82
K 0 -14 43
K 0 0 43
K 0 -14 60
A D 3 24 0
A P 1 215 0
A P 2 204 0
H 82 B 1 0 108 2 2 3
J B 72 10791 1 82 6913 288 0
J N 7 10812 14 6 1 0 0
K 0 -14 43
K 0 0 43
K 0 -14 60
K 0 0 60
K 0 21 60
A D 6 24 0
A P 1 221 0
A P 2 209 0
J N 7 10842 14 6 1729 576 0
K 0 -14 43
K 0 0 43
K 0 -14 60
K 0 0 60
K 0 21 60
A D 6 24 0
A P 1 221 0
A P 2 209 0
J N 7 10872 7 6 3457 576 0
K 0 -14 43
K 0 0 43
K 0 -14 60
K 0 0 60
K 0 21 60
A D 6 24 0
A P 1 226 0
A P 2 215 0
J N 7 10902 0 9 5185 576 0
K 0 -14 45
K 0 -14 43
K -1 -14 45
K 2 -14 45
K 0 0 43
K 0 -14 60
K 0 0 60
K 0 21 60
A D 6 24 0
A P 1 232 0
A P 2 221 0
J B 73 10936 1 82 6913 576 0
J N 7 10957 0 9 1 0 0
K 0 -14 45
K 0 -14 43
K -1 -14 45
K 2 -14 45
K 0 0 43
K 0 -14 60
K 0 0 60
K 0 21 60
A D 6 24 0
A P 1 232 0
A P 2 221 0
J N 7 10987 7 6 1729 576 0
K 0 -14 43
K 0 0 43
K 0 -14 60
K 0 0 60
K 0 21 60
A D 6 24 0
A P 1 226 0
A P 2 215 0
J N 7 11017 14 6 3457 576 0
K 0 -14 43
K 0 0 43
K 0 -14 60
K 0 0 60
K 0 21 60
A D 6 24 0
A P 1 221 0
A P 2 209 0
J N 6 11047 14 4 5185 576 1 83
K 0 -14 43
K 0 0 43
K 0 -14 60
A D 3 24 0
A P 1 221 0
A P 2 209 0
J N 6 11073 21 4 6049 288 1 83
K 0 -14 43
K 0 0 43
K 0 -14 60
A D 3 24 0
A P 1 215 0
A P 2 204 0
H 83 B 1 0 108 2 2 3
J B 74 11100 1 82 6913 288 0
J N 7 11121 14 6 1 0 0
K 0 -14 43
K 0 0 43
K 0 -14 60
K 0 0 60
K 0 21 60
A D 6 24 0
A P 1 221 0
A P 2 209 0
J N 7 11151 21 6 1729 576 0
K 0 -14 43
K 0 0 43
K 0 -14 60
K 0 0 60
K 0 21 60
A D 6 24 0
A P 1 215 0
A P 2 204 0
J N 7 11181 14 6 3457 576 0
K 0 -14 43
K 0 0 43
K 0 -14 60
K 0 0 60
K 0 21 60
A D 6 24 0
A P 1 221 0
A P 2 209 0
J N 7 11211 7 11 5185 576 0
K 0 -21 45
K 0 -35 45
K 0 -35 43
K -1 -35 45
K 2 -35 45
K 0 0 43
K 0 -35 60
K 0 -7 60
K 0 0 60
K 0 21 60
A D 6 24 0
A P 1 244 0
A P 2 215 0
J B 75 11245 1 82 6913 576 0
J N 7 11266 0 11 1 0 0
K 0 -14 45
K 0 -28 45
K 0 -35 43
K 0 -28 45
K 1 -28 45
K 0 0 43
K 0 -35 60
K 0 -7 60
K 0 0 60
K 0 21 60
A D 6 24 0
A P 1 249 0
A P 2 221 0
J N 7 11296 7 11 1729 576 0
K 0 -21 45
K 0 -35 45
K 0 -35 43
K -1 -35 45
K 2 -35 45
K 0 0 43
K 0 -35 60
K 0 -7 60
K 0 0 60
K 0 21 60
A D 6 24 0
A P 1 244 0
A P 2 215 0
J N 7 11326 0 11 3457 576 0
K 0 -14 45
K 0 -28 45
K 0 -35 43
K 0 -28 45
K 1 -28 45
K 0 0 43
K 0 -35 60
K 0 -7 60
K 0 0 60
K 0 21 60
A D 6 24 0
A P 1 249 0
A P 2 221 0
J N 7 11356 7 11 5185 576 0
K 0 -21 45
K 0 -35 45
K 0 -35 43
K -1 -35 45
K 2 -35 45
K 0 0 43
K 0 -35 60
K 0 -7 60
K 0 0 60
K 0 21 60
A D 6 24 0
A P 1 244 0
A P 2 215 0
J B 76 11390 1 82 6913 576 0
J N 7 11411 0 11 1 0 0
K 0 -14 45
K 0 -28 45
K 0 -35 43
K 0 -28 45
K 1 -28 45
K 0 0 43
K 0 -35 60
K 0 -7 60
K 0 0 60
K 0 21 60
A D 6 24 0
A P 1 249 0
A P 2 221 0
J N 7 11441 7 11 1729 576 0
K 0 -21 45
K 0 -35 45
K 0 -35 43
K -1 -35 45
K 2 -35 45
K 0 0 43
K 0 -35 60
K 0 -7 60
K 0 0 60
K 0 21 60
A D 6 24 0
A P 1 244 0
A P 2 215 0
J N 7 11471 0 11 3457 576 0
K 0 -14 45
K 0 -28 45
K 0 -35 43
K 0 -28 45
K 1 -28 45
K 0 0 43
K 0 -35 60
K 0 -7 60
K 0 0 60
K 0 21 60
A D 6 24 0
A P 1 249 0
A P 2 221 0
J N 7 11501 7 6 5185 576 0
K 0 -14 43
K 0 0 43
K 0 -14 60
K 0 0 60
K 0 21 60
A D 6 24 0
A P 1 226 0
A P 2 215 0
J B 77 11535 1 82 6913 576 0
J N 7 11556 7 6 1 0 0
K 0 -14 43
K 0 0 43
K 0 -14 60
K 0 0 60
K 0 21 60
A D 6 24 0
A P 1 226 0
A P 2 215 0
J N 7 11586 14 6 1729 576 0
K 0 -14 43
K 0 0 43
K 0 -14 60
K 0 0 60
K 0 21 60
A D 6 24 0
A P 1 221 0
A P 2 209 0
J N 7 11616 7 6 3457 576 0
K 0 -14 43
K 0 0 43
K 0 -14 60
K 0 0 60
K 0 21 60
A D 6 24 0
A P 1 226 0
A P 2 215 0
J N 7 11646 0 9 5185 576 0
K 0 -14 45
K 0 -14 43
K -1 -14 45
K 2 -14 45
K 0 0 43
K 0 -14 60
K 0 0 60
K 0 21 60
A D 6 24 0
A P 1 232 0
A P 2 221 0
J B 78 11680 1 82 6913 576 0
J N 7 11701 0 11 1 0 1 84
K 0 -14 45
K 0 -14 43
K -1 -14 45
K 2 -14 45
K 0 0 43
K 0 86 111
K 12 86 110
K 0 -14 60
K 0 0 60
K 0 21 60
A D 6 24 0
A P 1 232 0
A P 2 221 0
J N 6 11731 35 6 1729 576 1 84
K 0 -35 43
K 0 0 43
K 0 -35 60
K 0 -7 60
K 0 0 52
A D 3 24 0
A P 1 221 0
A P 2 192 0
H 84 S 0 0 -14 0 -35 0 0 0 0
J R 6 11754 28 2 2593 288 0
K 0 0 49
A D 3 24 0
A P 1 0 0
J N 7 11777 0 10 3457 288 1 85
K 0 -14 45
K 0 -14 43
K -1 -14 45
K 2 -14 45
K 0 0 43
K 0 86 110
K 0 -14 60
K 0 0 60
K 0 21 60
A D 6 24 0
A P 1 232 0
A P 2 221 0
J N 6 11807 35 6 5185 576 1 85
K 0 -35 43
K 0 0 43
K 0 -35 60
K 0 -7 60
K 0 0 52
A D 3 24 0
A P 1 221 0
A P 2 192 0
H 85 S 0 0 -14 0 -35 0 0 0 0
J R 6 11830 28 2 6049 288 0
K 0 0 49
A D 3 24 0
A P 1 0 0
J B 79 11857 1 82 6913 288 0
J N 7 11878 0 10 1 0 1 86
K 0 -14 45
K 0 -14 43
K -1 -14 45
K 2 -14 45
K 0 0 43
K 0 86 110
K 0 -14 60
K 0 0 60
K 0 21 60
A D 6 24 0
A P 1 232 0
A P 2 221 0
J N 6 11908 35 6 1729 576 1 86
K 0 -35 43
K 0 0 43
K 0 -35 60
K 0 -7 60
K 0 0 52
A D 3 24 0
A P 1 221 0
A P 2 192 0
H 86 S 0 0 -14 0 -35 0 0 0 0
J R 6 11931 28 2 2593 288 0
K 0 0 49
A D 3 24 0
A P 1 0 0
J N 7 11954 0 10 3457 288 1 87
K 0 -14 45
K 0 -14 43
K -1 -14 45
K 2 -14 45
K 0 0 43
K 0 86 110
K 0 -14 60
K 0 0 60
K 0 21 60
A D 6 24 0
A P 1 232 0
A P 2 221 0
J N 6 11984 35 6 5185 576 1 87
K 0 -35 43
K 0 0 43
K 0 -35 60
K 0 -7 60
K 0 0 52
A D 3 24 0
A P 1 221 0
A P 2 192 0
H 87 S 0 0 -14 0 -35 0 0 0 0
J R 6 12007 28 2 6049 288 0
K 0 0 49
A D 3 24 0
A P 1 0 0
J B 80 12034 1 82 6913 288 0
J N 7 12055 0 10 1 0 1 88
K 0 -14 45
K 0 -14 43
K -1 -14 45
K 2 -14 45
K 0 0 43
K 0 86 110
K 0 -14 60
K 0 0 60
K 0 21 60
A D 6 24 0
A P 1 232 0
A P 2 221 0
J N 6 12085 35 6 1729 576 1 88
K 0 -35 43
K 0 0 43
K 0 -35 60
K 0 -7 60
K 0 0 52
A D 3 24 0
A P 1 221 0
A P 2 192 0
H 88 S 0 0 -14 0 -35 0 0 0 0
J R 6 12108 28 2 2593 288 0
K 0 0 49
A D 3 24 0
A P 1 0 0
J N 7 12131 0 10 3457 288 1 89
K 0 -14 45
K 0 -14 43
K -1 -14 45
K 2 -14 45
K 0 0 43
K 0 86 110
K 0 -14 60
K 0 0 60
K 0 21 60
A D 6 24 0
A P 1 232 0
A P 2 221 0
J N 6 12161 35 6 5185 576 1 89
K 0 -35 43
K 0 0 43
K 0 -35 60
K 0 -7 60
K 0 0 52
A D 3 24 0
A P 1 221 0
A P 2 192 0
H 89 S 0 0 -14 0 -35 0 0 0 0
J R 6 12184 28 2 6049 288 0
K 0 0 49
A D 3 24 0
A P 1 0 0
J B 81 12211 1 82 6913 288 0
J N 7 12232 0 10 1 0 1 90
K 0 -14 45
K 0 -14 43
K -1 -14 45
K 2 -14 45
K 0 0 43
K 0 86 110
K 0 -14 60
K 0 0 60
K 0 21 60
A D 6 24 0
A P 1 232 0
A P 2 221 0
J N 6 12262 35 6 1729 576 1 90
K 0 -35 43
K 0 0 43
K 0 -35 60
K 0 -7 60
K 0 0 52
A D 3 24 0
A P 1 221 0
A P 2 192 0
H 90 S 0 0 -14 0 -35 0 0 0 0
J R 6 12285 28 2 2593 288 0
K 0 0 49
A D 3 24 0
A P 1 0 0
J N 7 12308 0 10 3457 288 1 91
K 0 -14 45
K 0 -14 43
K -1 -14 45
K 2 -14 45
K 0 0 43
K 0 86 110
K 0 -14 60
K 0 0 60
K 0 21 60
A D 6 24 0
A P 1 232 0
A P 2 221 0
J N 6 12338 35 6 5185 576 1 91
K 0 -35 43
K 0 0 43
K 0 -35 60
K 0 -7 60
K 0 0 52
A D 3 24 0
A P 1 221 0
A P 2 192 0
H 91 S 0 0 -14 0 -35 0 0 0 0
J R 6 12361 28 2 6049 288 0
K 0 0 49
A D 3 24 0
A P 1 0 0
J B 82 12388 1 82 6913 288 0
J N 7 12409 0 10 1 0 1 92
K 0 -14 45
K 0 -14 43
K -1 -14 45
K 2 -14 45
K 0 0 43
K 0 86 110
K 0 -14 60
K 0 0 60
K 0 21 60
A D 6 24 0
A P 1 232 0
A P 2 221 0
J N 6 12439 35 6 1729 576 1 92
K 0 -35 43
K 0 0 43
K 0 -35 60
K 0 -7 60
K 0 0 52
A D 3 24 0
A P 1 221 0
A P 2 192 0
H 92 S 0 0 -14 0 -35 0 0 0 0
J R 6 12462 28 2 2593 288 0
K 0 0 49
A D 3 24 0
A P 1 0 0
J N 7 12485 0 10 3457 288 1 93
K 0 -14 45
K 0 -14 43
K -1 -14 45
K 2 -14 45
K 0 0 43
K 0 86 110
K 0 -14 60
K 0 0 60
K 0 21 60
A D 6 24 0
A P 1 232 0
A P 2 221 0
J N 6 12515 35 6 5185 576 1 93
K 0 -35 43
K 0 0 43
K 0 -35 60
K 0 -7 60
K 0 0 52
A D 3 24 0
A P 1 221 0
A P 2 192 0
H 93 S 0 0 -14 0 -35 0 0 0 0
J R 6 12538 28 2 6049 288 0
K 0 0 49
A D 3 24 0
A P 1 0 0
J B 83 12565 1 82 6913 288 0
J N 7 12586 0 10 1 0 1 94
K 0 -14 45
K 0 -14 43
K -1 -14 45
K 2 -14 45
K 0 0 43
K 0 86 110
K 0 -14 60
K 0 0 60
K 0 21 60
A D 6 24 0
A P 1 232 0
A P 2 221 0
J N 6 12616 35 6 1729 576 1 94
K 0 -35 43
K 0 0 43
K 0 -35 60
K 0 -7 60
K 0 0 52
A D 3 24 0
A P 1 221 0
A P 2 192 0
H 94 S 0 0 -14 0 -35 0 0 0 0
J R 6 12639 28 2 2593 288 0
K 0 0 49
A D 3 24 0
A P 1 0 0
J N 7 12662 0 10 3457 288 1 95
K 0 -14 45
K 0 -14 43
K -1 -14 45
K 2 -14 45
K 0 0 43
K 0 86 110
K 0 -14 60
K 0 0 60
K 0 21 60
A D 6 24 0
A P 1 232 0
A P 2 221 0
J N 6 12692 35 6 5185 576 1 95
K 0 -35 43
K 0 0 43
K 0 -35 60
K 0 -7 60
K 0 0 52
A D 3 24 0
A P 1 221 0
A P 2 192 0
H 95 S 0 0 -14 0 -35 0 0 0 0
J R 6 12715 28 2 6049 288 0
K 0 0 49
A D 3 24 0
A P 1 0 0
J B 84 12742 1 82 6913 288 0
J N 7 12763 0 10 1 0 1 96
K 0 -14 45
K 0 -14 43
K -1 -14 45
K 2 -14 45
K 0 0 43
K 0 86 110
K 0 -14 60
K 0 0 60
K 0 21 60
A D 6 24 0
A P 1 232 0
A P 2 221 0
J N 6 12793 35 6 1729 576 1 96
K 0 -35 43
K 0 0 43
K 0 -35 60
K 0 -7 60
K 0 0 52
A D 3 24 0
A P 1 221 0
A P 2 192 0
H 96 S 0 0 -14 0 -35 0 0 0 0
J R 6 12816 28 2 2593 288 0
K 0 0 49
A D 3 24 0
A P 1 0 0
J N 7 12839 0 10 3457 288 1 97
K 0 -14 45
K 0 -14 43
K -1 -14 45
K 2 -14 45
K 0 0 43
K 0 86 110
K 0 -14 60
K 0 0 60
K 0 21 60
A D 6 24 0
A P 1 232 0
A P 2 221 0
J N 6 12869 35 6 5185 576 1 97
K 0 -35 43
K 0 0 43
K 0 -35 60
K 0 -7 60
K 0 0 52
A D 3 24 0
A P 1 221 0
A P 2 192 0
H 97 S 0 0 -14 0 -35 0 0 0 0
J R 6 12892 28 2 6049 288 0
K 0 0 49
A D 3 24 0
A P 1 0 0
J B 85 12919 1 82 6913 288 0
J N 7 12940 0 10 1 0 1 98
K 0 -14 45
K 0 -14 43
K -1 -14 45
K 2 -14 45
K 0 0 43
K 0 86 110
K 0 -14 60
K 0 0 60
K 0 21 60
A D 6 24 0
A P 1 232 0
A P 2 221 0
J N 6 12970 35 6 1729 576 1 98
K 0 -35 43
K 0 0 43
K 0 -35 60
K 0 -7 60
K 0 0 52
A D 3 24 0
A P 1 221 0
A P 2 192 0
H 98 S 0 0 -14 0 -35 0 0 0 0
J R 6 12993 28 2 2593 288 0
K 0 0 49
A D 3 24 0
A P 1 0 0
J N 7 13016 0 10 3457 288 1 99
K 0 -14 45
K 0 -14 43
K -1 -14 45
K 2 -14 45
K 0 0 43
K 0 86 110
K 0 -14 60
K 0 0 60
K 0 21 60
A D 6 24 0
A P 1 232 0
A P 2 221 0
J N 6 13046 35 6 5185 576 1 99
K 0 -35 43
K 0 0 43
K 0 -35 60
K 0 -7 60
K 0 0 52
A D 3 24 0
A P 1 221 0
A P 2 192 0
H 99 S 0 0 -14 0 -35 0 0 0 0
J R 6 13069 28 2 6049 288 0
K 0 0 49
A D 3 24 0
A P 1 0 0
J B 86 13096 1 82 6913 288 0
J N 7 13117 35 12 1 0 2 100 101
K 0 -49 45
K 0 -49 43
K -1 -49 45
K 2 -49 45
K 0 0 43
K -7 70 110
K 12 70 110
K 0 -49 60
K 0 -21 60
K 0 0 60
K 0 14 60
A D 4 24 0
A P 1 232 0
A P 2 192 0
J N 7 13144 28 10 1153 384 0
K 0 -42 45
K 0 -49 43
K 0 -42 45
K 1 -42 45
K 0 0 43
K 0 -49 60
K 0 -21 60
K 0 0 60
K 0 21 60
A D 4 24 0
A P 1 238 0
A P 2 198 0
J N 7 13171 21 11 2305 384 0
K 0 -35 45
K 0 -49 45
K 0 -49 43
K -1 -49 45
K 2 -49 45
K 0 0 43
K 0 -49 60
K 0 -21 60
K 0 0 60
K 0 21 60
A D 4 24 0
A P 1 244 0
A P 2 204 0
J N 7 13198 14 11 3457 384 0
K 0 -28 45
K 0 -42 45
K 0 -49 43
K 0 -42 45
K 1 -42 45
K 0 0 43
K 0 -49 60
K 0 -21 60
K 0 0 60
K 0 21 60
A D 4 24 0
A P 1 249 0
A P 2 209 0
J N 7 13225 7 4 4609 384 0
K 0 0 43
K 0 0 59
K 0 -14 59
A D 4 24 0
A P 1 215 0
J N 7 13225 7 4 4609 0 0
K 0 0 43
K 0 0 60
K 0 21 60
A D 4 24 0
A P 2 215 0
J N 7 13252 0 4 5761 384 2 100 101
K 0 0 43
K 0 0 59
K 0 -14 59
A D 4 24 0
A P 1 221 0
H 101 X 1 6 0 -82 0 -33 0
H 100 S 0 0 -70 0 -28 2 0 0 0
J N 7 13252 0 4 5761 0 0
K 0 0 43
K 0 0 60
K 0 21 60
A D 4 24 0
A P 2 221 0
J B 87 13283 1 82 6913 384 0
J N 7 13304 -7 4 1 0 2 102 103
K 0 0 43
K 0 0 59
K 0 -14 59
A D 4 24 0
A P 1 226 0
J N 7 13304 -7 4 1 0 0
K 0 0 43
K 0 0 60
K 0 21 60
A D 4 24 0
A P 2 226 0
J N 7 13331 49 7 1153 384 0
K 0 -49 43
K 0 0 43
K 0 -49 60
K 0 -21 60
K 0 0 60
K 0 14 60
A D 4 24 0
A P 1 221 0
A P 2 181 0
J N 7 13358 42 7 2305 384 0
K 0 -49 43
K 0 0 43
K 0 -49 60
K 0 -21 60
K 0 0 60
K 0 14 60
A D 4 24 0
A P 1 226 0
A P 2 186 0
J N 7 13385 35 10 3457 384 0
K 0 -49 45
K 0 -49 43
K -1 -49 45
K 2 -49 45
K 0 0 43
K 0 -49 60
K 0 -21 60
K 0 0 60
K 0 14 60
A D 4 24 0
A P 1 232 0
A P 2 192 0
J N 7 13412 28 10 4609 384 0
K 0 -42 45
K 0 -49 43
K 0 -42 45
K 1 -42 45
K 0 0 43
K 0 -49 60
K 0 -21 60
K 0 0 60
K 0 21 60
A D 4 24 0
A P 1 238 0
A P 2 198 0
J N 7 13439 21 11 5761 384 2 102 103
K 0 -35 45
K 0 -49 45
K 0 -49 43
K -1 -49 45
K 2 -49 45
K 0 0 43
K 0 -49 60
K 0 -21 60
K 0 0 60
K 0 21 60
A D 4 24 0
A P 1 244 0
A P 2 204 0
H 103 X 1 6 0 -19 0 -33 0
H 102 S 0 10 -14 0 -63 0 0 0 14
J B 88 13470 1 82 6913 384 0
J N 7 13491 14 11 1 0 2 104 105
K 0 -28 45
K 0 -42 45
K 0 -49 43
K 0 -42 45
K 1 -42 45
K 0 0 43
K 0 -49 60
K 0 -21 60
K 0 0 60
K 0 21 60
A D 4 24 0
A P 1 249 0
A P 2 209 0
J N 7 13518 21 4 1153 384 0
K 0 0 43
K 0 0 59
K 0 -14 59
A D 4 24 0
A P 1 204 0
J N 7 13518 21 4 1153 0 0
K 0 0 43
K 0 0 60
K 0 21 60
A D 4 24 0
A P 2 204 0
J N 7 13545 14 4 2305 384 0
K 0 0 43
K 0 0 59
K 0 -14 59
A D 4 24 0
A P 1 209 0
J N 7 13545 14 4 2305 0 0
K 0 0 43
K 0 0 60
K 0 21 60
A D 4 24 0
A P 2 209 0
J N 7 13572 7 4 3457 384 0
K 0 0 43
K 0 0 59
K 0 -14 59
A D 4 24 0
A P 1 215 0
J N 7 13572 7 4 3457 0 0
K 0 0 43
K 0 0 60
K 0 21 60
A D 4 24 0
A P 2 215 0
J N 7 13599 0 4 4609 384 0
K 0 0 43
K 0 0 59
K 0 -14 59
A D 4 24 0
A P 1 221 0
J N 7 13599 0 4 4609 0 0
K 0 0 43
K 0 0 60
K 0 21 60
A D 4 24 0
A P 2 221 0
J N 7 13626 -7 4 5761 384 2 104 105
K 0 0 43
K 0 0 59
K 0 -14 59
A D 4 24 0
A P 1 226 0
H 105 X 1 6 0 -63 0 -14 0
H 104 S 0 0 -70 0 -35 0 0 0 21
J N 7 13626 -7 4 5761 0 0
K 0 0 43
K 0 0 60
K 0 21 60
A D 4 24 0
A P 2 226 0
J B 89 13657 1 82 6913 384 0
J N 7 13678 -14 7 1 0 0
K 1 0 45
K 0 0 43
K -1 0 45
K 2 0 45
K 0 0 59
K 0 -7 59
A D 6 24 0
A P 1 232 0
J N 7 13678 -14 7 1 0 0
K 0 0 45
K 0 0 43
K -1 0 45
K 2 0 45
K 0 0 60
K 0 21 60
A D 6 24 0
A P 2 232 0
J N 7 13708 -14 7 1729 576 0
K 1 0 45
K 0 0 43
K -1 0 45
K 2 0 45
K 0 0 59
K 0 -7 59
A D 6 24 0
A P 1 232 0
J N 7 13708 -14 7 1729 0 0
K 0 0 45
K 0 0 43
K -1 0 45
K 2 0 45
K 0 0 60
K 0 21 60
A D 6 24 0
A P 2 232 0
J N 7 13738 -14 7 3457 576 0
K 1 0 45
K 0 0 43
K -1 0 45
K 2 0 45
K 0 0 59
K 0 -7 59
A D 6 24 0
A P 1 232 0
J N 7 13738 -14 7 3457 0 0
K 0 0 45
K 0 0 43
K -1 0 45
K 2 0 45
K 0 0 60
K 0 21 60
A D 6 24 0
A P 2 232 0
J N 7 13768 -14 7 5185 576 0
K 1 0 45
K 0 0 43
K -1 0 45
K 2 0 45
K 0 0 59
K 0 -7 59
A D 6 24 0
A P 1 232 0
J N 7 13768 -14 7 5185 0 0
K 0 0 45
K 0 0 43
K -1 0 45
K 2 0 45
K 0 0 60
K 0 21 60
A D 6 24 0
A P 2 232 0
J B 90 13802 1 82 6913 576 0
J N 7 13823 14 4 1 0 0
K 0 0 43
K 0 0 59
K 0 -14 59
A D 6 24 0
A P 1 209 0
J N 7 13823 14 4 1 0 0
K 0 0 43
K 0 0 60
K 0 21 60
A D 6 24 0
A P 2 209 0
J R 7 13853 28 2 1729 576 0
K 0 0 48
A D 6 24 1
A P 1 0 1
J R 8 13883 28 3 3457 576 0
K 0 0 47
K 0 -35 101
A D 12 24 0
A P 1 0 0
J B 0 13942 6 2 6913 1152 0
K -13 0 82
K -6 0 84
J M 0 13942 0 0 10000 0 0
