@ SOURCE: {beet/bhl/orch/sym9/stage2/04h/s06} DEC/30/2005 [md5sum:299aeb71113c7e68aa610dc444f4a32f]
L 0 0 14 !39Contrafagotto
J D 4 500 -120 1 6913 0 0
W 0 0 44 Fourth Movement:  Part 8 (Chorus: Concluding Prestissimo)
J D 1 75 -37 1 6913 0 0
W 0 -56 44 Fourth Movement:  Part 8 (Chorus: Concluding Prestissimo):  Contrafagotto
J C 22 5 14 36 6913 0 0
J K 2 57 0 2 6913 0 0
K 0 14 63
K 15 35 63
J T 0 103 42 1 6913 0 0
K 0 0 38
Y P 31 Cfg._
J D 0 151 0 1 1 0 0
W 0 -56 0 Prestissimo. (\0& = 132.)
J N 7 151 28 6 1 0 0
K 0 0 43
K -47 63 110
K -28 63 110
K 0 0 60
K 0 21 60
A D 2 8 0
A P 1 129 0
J N 7 181 28 4 1729 576 0
K 0 0 43
K 0 0 60
K 0 21 60
A D 2 8 0
A P 1 129 0
J N 7 211 35 4 3457 576 0
K 0 0 43
K 0 0 59
K 0 -21 59
A D 2 8 0
A P 1 124 0
J N 7 241 49 4 5185 576 0
K 0 0 43
K 0 0 59
K 0 -21 59
A D 2 8 0
A P 1 112 0
J B 2 275 1 82 6913 576 0
J N 7 296 21 5 1 0 0
K 0 0 43
K 0 71 110
K 0 0 60
K 0 21 60
A D 2 8 0
A P 1 135 0
J N 7 326 21 4 1729 576 0
K 0 0 43
K 0 0 60
K 0 21 60
A D 2 8 0
A P 1 135 0
J N 7 370 28 5 3457 576 0
K -18 0 63
K 0 0 43
K 0 0 60
K 0 21 60
A D 2 8 0
A P 1 130 0
J N 7 400 42 4 5185 576 0
K 0 0 43
K 0 0 59
K 0 -21 59
A D 2 8 0
A P 1 118 0
J B 3 434 1 82 6913 576 0
J N 7 455 21 5 1 0 0
K 0 0 43
K 0 71 110
K 0 0 60
K 0 21 60
A D 2 8 0
A P 1 135 0
J N 7 485 63 4 1729 576 0
K 0 0 43
K 0 0 59
K 0 -21 59
A D 2 8 0
A P 1 101 0
J N 7 515 56 4 3457 576 0
K 0 0 43
K 0 0 59
K 0 -21 59
A D 2 8 0
A P 1 106 0
J N 7 559 56 5 5185 576 0
K -18 0 63
K 0 0 43
K 0 0 59
K 0 -21 59
A D 2 8 0
A P 1 107 0
J B 4 593 1 82 6913 576 0
J N 7 614 49 5 1 0 0
K 0 0 43
K 0 39 110
K 0 0 59
K 0 -21 59
A D 2 8 0
A P 1 112 0
J N 7 658 56 5 1729 576 0
K -18 0 63
K 0 0 43
K 0 0 59
K 0 -21 59
A D 2 8 0
A P 1 107 0
J N 7 688 49 4 3457 576 1 1
K 0 0 43
K 0 0 59
K 0 -21 59
A D 2 8 0
A P 1 112 0
J N 6 718 42 2 5185 576 1 2
K 0 0 43
A D 1 8 0
A P 1 118 0
J N 6 744 35 2 6049 288 2 2 1
K 0 0 43
A D 1 8 0
A P 1 124 0
H 2 B 0 0 108 2 2 3
H 1 S 12 0 0 0 0 0 0 0 0
J B 5 771 1 82 6913 288 0
J N 7 792 28 5 1 0 0
K 0 0 43
K 0 -21 96
K 0 0 60
K 0 21 60
A D 2 8 0
A P 1 129 0
J N 7 822 28 5 1729 576 0
K 0 0 43
K 0 -21 96
K 0 0 60
K 0 21 60
A D 2 8 0
A P 1 129 0
J N 7 852 35 5 3457 576 0
K 0 0 43
K 0 14 96
K 0 0 59
K 0 -21 59
A D 2 8 0
A P 1 124 0
J N 7 882 49 5 5185 576 0
K 0 0 43
K 0 17 96
K 0 0 59
K 0 -21 59
A D 2 8 0
A P 1 112 0
J B 6 916 1 82 6913 576 0
J N 7 937 21 4 1 0 0
K 0 0 43
K 0 0 60
K 0 21 60
A D 2 8 0
A P 1 135 0
J N 7 967 21 4 1729 576 0
K 0 0 43
K 0 0 60
K 0 21 60
A D 2 8 0
A P 1 135 0
J N 7 1011 28 5 3457 576 0
K -18 0 63
K 0 0 43
K 0 0 60
K 0 21 60
A D 2 8 0
A P 1 130 0
J N 7 1041 42 4 5185 576 0
K 0 0 43
K 0 0 59
K 0 -21 59
A D 2 8 0
A P 1 118 0
J B 7 1075 1 82 6913 576 0
J N 7 1096 21 4 1 0 0
K 0 0 43
K 0 0 60
K 0 21 60
A D 2 8 0
A P 1 135 0
J N 7 1126 14 4 1729 576 0
K 0 0 43
K 0 0 60
K 0 21 60
A D 2 8 0
A P 1 141 0
J N 7 1156 7 4 3457 576 0
K 0 0 43
K 0 0 60
K 0 21 60
A D 2 8 0
A P 1 146 0
J N 7 1200 7 5 5185 576 0
K -18 0 63
K 0 0 43
K 0 0 60
K 0 21 60
A D 2 8 0
A P 1 147 0
J B 8 1234 1 82 6913 576 0
J N 7 1255 0 4 1 0 0
K 0 0 43
K 0 0 60
K 0 21 60
A D 2 8 0
A P 1 152 0
J N 7 1299 7 5 1729 576 0
K -18 0 63
K 0 0 43
K 0 0 60
K 0 21 60
A D 2 8 0
A P 1 147 0
J N 7 1329 0 4 3457 576 0
K 0 0 43
K 0 0 60
K 0 21 60
A D 2 8 0
A P 1 152 0
J N 6 1359 -7 2 5185 576 2 3 4
K 0 0 43
A D 1 8 0
A P 1 158 0
J N 6 1382 0 2 6049 288 2 4 3
K 0 0 43
A D 1 8 0
A P 1 152 0
H 4 B 1 0 108 2 2 3
H 3 S 0 0 0 0 0 0 0 0 0
J B 9 1409 1 82 6913 288 0
J N 7 1432 7 6 1 0 0
K -14 0 64
K 0 0 43
K 0 -17 96
K 0 0 60
K 0 21 60
A D 2 8 0
A P 1 146 0
J N 6 1462 7 2 1729 576 2 5 6
K 0 0 43
A D 1 8 0
A P 1 146 0
J N 6 1485 14 2 2593 288 2 6 5
K 0 0 43
A D 1 8 0
A P 1 141 0
H 6 B 1 0 108 2 2 3
H 5 S 0 0 0 0 0 0 0 0 0
J N 7 1508 21 5 3457 288 0
K 0 0 43
K 0 -14 96
K 0 0 60
K 0 21 60
A D 2 8 0
A P 1 135 0
J N 6 1538 21 2 5185 576 2 7 8
K 0 0 43
A D 1 8 0
A P 1 135 0
J N 6 1578 28 3 6049 288 2 8 7
K -14 0 64
K 0 0 43
A D 1 8 0
A P 1 129 0
H 8 B 1 0 108 2 2 3
H 7 S 0 0 0 0 0 0 0 0 0
J B 10 1605 1 82 6913 288 0
J N 7 1626 35 5 1 0 0
K 0 0 43
K 0 14 96
K 0 0 59
K 0 -21 59
A D 2 8 0
A P 1 124 0
J N 6 1656 35 2 1729 576 2 9 10
K 0 0 43
A D 1 8 0
A P 1 124 0
J N 6 1679 42 2 2593 288 2 10 9
K 0 0 43
A D 1 8 0
A P 1 118 0
H 10 B 0 0 108 2 2 3
H 9 S 12 0 0 0 0 0 0 0 0
J N 7 1702 49 5 3457 288 0
K 0 0 43
K 0 17 96
K 0 0 59
K 0 -21 59
A D 2 8 0
A P 1 112 0
J N 7 1732 0 4 5185 576 0
K 0 0 43
K 0 0 60
K 0 21 60
A D 2 8 0
A P 1 152 0
J B 11 1766 1 82 6913 576 0
J N 7 1787 7 6 1 0 1 11
K 0 0 43
K 0 81 111
K 12 81 110
K 0 0 60
K 0 21 60
A D 2 8 0
A P 1 146 0
J N 7 1817 0 4 1729 576 0
K 0 0 43
K 0 0 60
K 0 21 60
A D 2 8 0
A P 1 152 0
J N 7 1847 7 4 3457 576 0
K 0 0 43
K 0 0 60
K 0 21 60
A D 2 8 0
A P 1 146 0
J N 7 1877 14 4 5185 576 1 11
K 0 0 43
K 0 0 60
K 0 21 60
A D 2 8 0
A P 1 141 0
H 11 S 0 0 -7 0 -7 0 0 0 0
J B 12 1911 1 82 6913 576 0
J N 7 1932 7 5 1 0 1 12
K 0 0 43
K 0 81 110
K 0 0 60
K 0 21 60
A D 2 8 0
A P 1 146 0
J N 7 1962 0 4 1729 576 0
K 0 0 43
K 0 0 60
K 0 21 60
A D 2 8 0
A P 1 152 0
J N 7 1992 7 4 3457 576 0
K 0 0 43
K 0 0 60
K 0 21 60
A D 2 8 0
A P 1 146 0
J N 7 2022 14 4 5185 576 1 12
K 0 0 43
K 0 0 60
K 0 21 60
A D 2 8 0
A P 1 141 0
H 12 S 0 0 -7 0 -7 0 0 0 0
J B 13 2056 1 82 6913 576 0
J N 7 2077 7 5 1 0 1 13
K 0 0 43
K 0 81 110
K 0 0 60
K 0 21 60
A D 2 8 0
A P 1 146 0
J N 7 2107 0 4 1729 576 0
K 0 0 43
K 0 0 60
K 0 21 60
A D 2 8 0
A P 1 152 0
J N 7 2137 7 4 3457 576 0
K 0 0 43
K 0 0 60
K 0 21 60
A D 2 8 0
A P 1 146 0
J N 7 2167 14 4 5185 576 1 13
K 0 0 43
K 0 0 60
K 0 21 60
A D 2 8 0
A P 1 141 0
H 13 S 0 0 -7 0 -7 0 0 0 0
J B 14 2201 1 82 6913 576 0
J N 7 2222 7 5 1 0 1 14
K 0 0 43
K 0 81 110
K 0 0 60
K 0 21 60
A D 2 8 0
A P 1 146 0
J N 7 2252 0 4 1729 576 0
K 0 0 43
K 0 0 60
K 0 21 60
A D 2 8 0
A P 1 152 0
J N 7 2282 7 4 3457 576 0
K 0 0 43
K 0 0 60
K 0 21 60
A D 2 8 0
A P 1 146 0
J N 7 2312 14 4 5185 576 1 14
K 0 0 43
K 0 0 60
K 0 21 60
A D 2 8 0
A P 1 141 0
H 14 S 0 0 -7 0 -7 0 0 0 0
J B 15 2346 1 82 6913 576 0
J N 7 2367 7 5 1 0 1 15
K 0 0 43
K 0 81 110
K 0 0 60
K 0 21 60
A D 2 8 0
A P 1 146 0
J N 7 2397 0 4 1729 576 0
K 0 0 43
K 0 0 60
K 0 21 60
A D 2 8 0
A P 1 152 0
J N 7 2427 7 4 3457 576 0
K 0 0 43
K 0 0 60
K 0 21 60
A D 2 8 0
A P 1 146 0
J N 7 2457 14 4 5185 576 1 15
K 0 0 43
K 0 0 60
K 0 21 60
A D 2 8 0
A P 1 141 0
H 15 S 0 0 -7 0 -7 0 0 0 0
J B 16 2491 1 82 6913 576 0
J N 7 2512 7 5 1 0 1 16
K 0 0 43
K 0 81 110
K 0 0 60
K 0 21 60
A D 2 8 0
A P 1 146 0
J N 7 2542 0 4 1729 576 0
K 0 0 43
K 0 0 60
K 0 21 60
A D 2 8 0
A P 1 152 0
J N 7 2572 7 4 3457 576 0
K 0 0 43
K 0 0 60
K 0 21 60
A D 2 8 0
A P 1 146 0
J N 7 2602 14 4 5185 576 1 16
K 0 0 43
K 0 0 60
K 0 21 60
A D 2 8 0
A P 1 141 0
H 16 S 0 0 -7 0 -7 0 0 0 0
J B 17 2636 1 82 6913 576 0
J N 7 2657 7 5 1 0 1 17
K 0 0 43
K 0 81 110
K 0 0 60
K 0 21 60
A D 2 8 0
A P 1 146 0
J N 7 2687 0 4 1729 576 0
K 0 0 43
K 0 0 60
K 0 21 60
A D 2 8 0
A P 1 152 0
J N 7 2717 7 4 3457 576 0
K 0 0 43
K 0 0 60
K 0 21 60
A D 2 8 0
A P 1 146 0
J N 7 2747 14 4 5185 576 1 17
K 0 0 43
K 0 0 60
K 0 21 60
A D 2 8 0
A P 1 141 0
H 17 S 0 0 -7 0 -7 0 0 0 0
J B 18 2781 1 82 6913 576 0
J N 7 2802 7 5 1 0 1 18
K 0 0 43
K 0 81 110
K 0 0 60
K 0 21 60
A D 2 8 0
A P 1 146 0
J N 7 2832 0 4 1729 576 0
K 0 0 43
K 0 0 60
K 0 21 60
A D 2 8 0
A P 1 152 0
J N 7 2862 7 4 3457 576 0
K 0 0 43
K 0 0 60
K 0 21 60
A D 2 8 0
A P 1 146 0
J N 7 2892 14 4 5185 576 1 18
K 0 0 43
K 0 0 60
K 0 21 60
A D 2 8 0
A P 1 141 0
H 18 S 0 0 -7 0 -7 0 0 0 0
J B 19 2926 1 82 6913 576 0
J N 7 2947 21 4 1 0 0
K 0 0 43
K 0 0 60
K 0 21 60
A D 2 8 0
A P 1 135 0
J N 7 2977 -28 8 1729 576 0
K 0 14 45
K 0 0 45
K 0 0 43
K -1 0 45
K 2 0 45
K 0 0 60
K 0 28 60
A D 2 8 0
A P 1 175 0
J N 7 3007 28 4 3457 576 0
K 0 0 43
K 0 0 60
K 0 21 60
A D 2 8 0
A P 1 129 0
J N 7 3037 -21 7 5185 576 0
K 0 7 45
K 0 0 43
K 0 7 45
K 1 7 45
K 0 0 60
K 0 21 60
A D 2 8 0
A P 1 169 0
J B 20 3071 1 82 6913 576 0
J N 7 3092 7 4 1 0 0
K 0 0 43
K 0 0 60
K 0 21 60
A D 2 8 0
A P 1 146 0
J N 7 3122 7 4 1729 576 0
K 0 0 43
K 0 0 60
K 0 21 60
A D 2 8 0
A P 1 146 0
J N 7 3152 56 4 3457 576 0
K 0 0 43
K 0 0 59
K 0 -21 59
A D 2 8 0
A P 1 106 0
J N 7 3182 7 4 5185 576 0
K 0 0 43
K 0 0 60
K 0 21 60
A D 2 8 0
A P 1 146 0
J B 21 3216 1 82 6913 576 0
J N 7 3237 49 4 1 0 0
K 0 0 43
K 0 0 59
K 0 -21 59
A D 2 8 0
A P 1 112 0
J N 7 3267 0 4 1729 576 0
K 0 0 43
K 0 0 60
K 0 21 60
A D 2 8 0
A P 1 152 0
J N 7 3297 56 4 3457 576 0
K 0 0 43
K 0 0 59
K 0 -21 59
A D 2 8 0
A P 1 106 0
J N 7 3327 7 4 5185 576 0
K 0 0 43
K 0 0 60
K 0 21 60
A D 2 8 0
A P 1 146 0
J B 22 3361 1 82 6913 576 0
J N 7 3382 63 4 1 0 0
K 0 0 43
K 0 0 59
K 0 -21 59
A D 2 8 0
A P 1 101 0
J N 7 3412 14 4 1729 576 0
K 0 0 43
K 0 0 60
K 0 21 60
A D 2 8 0
A P 1 141 0
J N 7 3442 14 4 3457 576 0
K 0 0 43
K 0 0 60
K 0 21 60
A D 2 8 0
A P 1 141 0
J N 7 3472 -35 9 5185 576 0
K 0 21 45
K 0 7 45
K 0 0 43
K 0 7 45
K 1 7 45
K 0 0 60
K 0 28 60
K 0 35 60
A D 2 8 0
A P 1 181 0
J B 23 3506 1 82 6913 576 0
J N 7 3527 21 4 1 0 0
K 0 0 43
K 0 0 60
K 0 21 60
A D 2 8 0
A P 1 135 0
J N 7 3557 -28 8 1729 576 0
K 0 14 45
K 0 0 45
K 0 0 43
K -1 0 45
K 2 0 45
K 0 0 60
K 0 28 60
A D 2 8 0
A P 1 175 0
J N 7 3587 28 4 3457 576 0
K 0 0 43
K 0 0 60
K 0 21 60
A D 2 8 0
A P 1 129 0
J N 7 3617 -21 7 5185 576 0
K 0 7 45
K 0 0 43
K 0 7 45
K 1 7 45
K 0 0 60
K 0 21 60
A D 2 8 0
A P 1 169 0
J B 24 3651 1 82 6913 576 0
J N 7 3672 7 4 1 0 0
K 0 0 43
K 0 0 60
K 0 21 60
A D 2 8 0
A P 1 146 0
J N 7 3702 7 4 1729 576 0
K 0 0 43
K 0 0 60
K 0 21 60
A D 2 8 0
A P 1 146 0
J N 7 3732 56 4 3457 576 0
K 0 0 43
K 0 0 59
K 0 -21 59
A D 2 8 0
A P 1 106 0
J N 7 3762 7 4 5185 576 0
K 0 0 43
K 0 0 60
K 0 21 60
A D 2 8 0
A P 1 146 0
J B 25 3796 1 82 6913 576 0
J N 7 3817 49 4 1 0 0
K 0 0 43
K 0 0 59
K 0 -21 59
A D 2 8 0
A P 1 112 0
J N 7 3847 0 4 1729 576 0
K 0 0 43
K 0 0 60
K 0 21 60
A D 2 8 0
A P 1 152 0
J N 7 3877 49 4 3457 576 0
K 0 0 43
K 0 0 59
K 0 -21 59
A D 2 8 0
A P 1 112 0
J N 7 3907 0 4 5185 576 0
K 0 0 43
K 0 0 60
K 0 21 60
A D 2 8 0
A P 1 152 0
J B 26 3941 1 82 6913 576 0
J N 7 3962 -21 7 1 0 0
K 0 7 45
K 0 0 43
K 0 7 45
K 1 7 45
K 0 0 60
K 0 21 60
A D 2 8 0
A P 1 169 0
J N 7 3992 -21 7 1729 576 0
K 0 7 45
K 0 0 43
K 0 7 45
K 1 7 45
K 0 0 60
K 0 21 60
A D 2 8 0
A P 1 169 0
J N 7 4022 -14 7 3457 576 0
K 0 0 45
K 0 0 43
K -1 0 45
K 2 0 45
K 0 0 60
K 0 21 60
A D 2 8 0
A P 1 164 0
J N 7 4052 0 4 5185 576 0
K 0 0 43
K 0 0 60
K 0 21 60
A D 2 8 0
A P 1 152 0
J B 27 4086 1 82 6913 576 0
J N 7 4107 28 4 1 0 0
K 0 0 43
K 0 0 60
K 0 21 60
A D 2 8 0
A P 1 129 0
J N 7 4137 28 4 1729 576 0
K 0 0 43
K 0 0 60
K 0 21 60
A D 2 8 0
A P 1 129 0
J N 7 4167 35 4 3457 576 0
K 0 0 43
K 0 0 59
K 0 -21 59
A D 2 8 0
A P 1 124 0
J N 7 4197 49 4 5185 576 0
K 0 0 43
K 0 0 59
K 0 -21 59
A D 2 8 0
A P 1 112 0
J B 28 4231 1 82 6913 576 0
J N 7 4252 -28 8 1 0 0
K 0 14 45
K 0 0 45
K 0 0 43
K -1 0 45
K 2 0 45
K 0 0 60
K 0 28 60
A D 2 8 0
A P 1 175 0
J N 7 4282 -28 8 1729 576 0
K 0 14 45
K 0 0 45
K 0 0 43
K -1 0 45
K 2 0 45
K 0 0 60
K 0 28 60
A D 2 8 0
A P 1 175 0
J N 7 4326 -21 8 3457 576 0
K 0 7 45
K -18 0 63
K 0 0 43
K 0 7 45
K 1 7 45
K 0 0 60
K 0 21 60
A D 2 8 0
A P 1 170 0
J N 7 4356 -7 4 5185 576 0
K 0 0 43
K 0 0 60
K 0 21 60
A D 2 8 0
A P 1 158 0
J B 29 4390 1 82 6913 576 0
J N 7 4411 21 4 1 0 0
K 0 0 43
K 0 0 60
K 0 21 60
A D 2 8 0
A P 1 135 0
J N 7 4441 21 4 1729 576 0
K 0 0 43
K 0 0 60
K 0 21 60
A D 2 8 0
A P 1 135 0
J N 7 4485 28 5 3457 576 0
K -18 0 63
K 0 0 43
K 0 0 60
K 0 21 60
A D 2 8 0
A P 1 130 0
J N 7 4515 42 4 5185 576 0
K 0 0 43
K 0 0 59
K 0 -21 59
A D 2 8 0
A P 1 118 0
J B 30 4549 1 82 6913 576 0
J N 8 4570 42 7 1 0 0
K 0 0 42
K 0 21 96
K 0 53 110
K 19 53 110
K 0 0 59
K 0 -21 59
A D 4 8 0
A P 1 118 0
J N 8 4612 42 5 3457 1152 0
K 0 0 42
K 0 21 96
K 0 0 59
K 0 -21 59
A D 4 8 0
A P 1 118 0
J B 31 4658 1 82 6913 1152 0
J N 8 4679 42 5 1 0 0
K 0 0 42
K 0 21 96
K 0 0 59
K 0 -21 59
A D 4 8 0
A P 1 118 0
J N 8 4721 42 5 3457 1152 0
K 0 0 42
K 0 21 96
K 0 0 59
K 0 -21 59
A D 4 8 0
A P 1 118 0
J B 32 4767 1 82 6913 1152 0
J N 8 4788 42 5 1 0 0
K 0 0 42
K 0 21 96
K 0 0 59
K 0 -21 59
A D 4 8 0
A P 1 118 0
J N 8 4830 42 5 3457 1152 0
K 0 0 42
K 0 21 96
K 0 0 59
K 0 -21 59
A D 4 8 0
A P 1 118 0
J B 33 4876 1 82 6913 1152 0
J N 8 4899 35 6 1 0 0
K -14 0 64
K 0 0 42
K 0 14 96
K 0 0 59
K 0 -21 59
A D 4 8 0
A P 1 123 0
J N 8 4941 35 5 3457 1152 0
K 0 0 42
K 0 14 96
K 0 0 59
K 0 -21 59
A D 4 8 0
A P 1 123 0
J B 34 4987 1 82 6913 1152 0
J N 8 5010 35 6 1 0 0
K -14 0 64
K 0 0 42
K 0 14 96
K 0 0 59
K 0 -21 59
A D 4 8 0
A P 1 123 0
J N 8 5052 35 5 3457 1152 0
K 0 0 42
K 0 14 96
K 0 0 59
K 0 -21 59
A D 4 8 0
A P 1 123 0
J B 35 5098 1 82 6913 1152 0
J N 8 5121 14 6 1 0 0
K -14 0 64
K 0 0 42
K 0 -21 96
K 0 0 60
K 0 21 60
A D 4 8 0
A P 1 140 0
J N 8 5163 28 5 3457 1152 0
K 0 0 42
K 0 -21 96
K 0 0 60
K 0 21 60
A D 4 8 0
A P 1 129 0
J B 36 5209 1 82 6913 1152 0
J N 8 5230 49 4 1 0 0
K 0 0 42
K 0 0 59
K 0 -21 59
A D 4 8 0
A P 1 112 0
J N 7 5272 0 4 3457 1152 0
K 0 0 43
K 0 0 60
K 0 21 60
A D 2 8 0
A P 1 152 0
J N 7 5302 49 4 5185 576 0
K 0 0 43
K 0 0 59
K 0 -21 59
A D 2 8 0
A P 1 112 0
J B 37 5336 1 82 6913 576 0
J N 8 5357 42 6 1 0 0
K 0 0 42
K 0 46 110
K 19 46 110
K 0 0 59
K 0 -21 59
A D 4 8 0
A P 1 118 0
J N 8 5399 42 6 3457 1152 1 19
K 0 0 42
K -8 46 111
K 4 46 110
K 0 0 59
K 0 -21 59
A D 4 8 1
A P 1 118 1
J B 38 5445 1 82 6913 1152 0
J N 8 5466 42 4 1 0 1 19
K 0 0 42
K 0 0 59
K 0 -21 59
A D 4 8 0
A P 1 118 0
H 19 T 42 0 0 0 0 0 13 0
J N 8 5508 42 5 3457 1152 0
K 0 0 42
K 0 21 96
K 0 0 59
K 0 -21 59
A D 4 8 0
A P 1 118 0
J B 39 5554 1 82 6913 1152 0
J N 8 5575 42 6 1 0 0
K 0 0 42
K 0 21 96
K 0 53 110
K 0 0 59
K 0 -21 59
A D 4 8 0
A P 1 118 0
J N 8 5617 42 6 3457 1152 0
K 0 0 42
K 0 21 96
K 0 53 110
K 0 0 59
K 0 -21 59
A D 4 8 0
A P 1 118 0
J B 40 5663 1 82 6913 1152 0
J N 8 5684 42 6 1 0 0
K 0 0 42
K 0 21 96
K 0 53 110
K 0 0 59
K 0 -21 59
A D 4 8 0
A P 1 118 0
J N 8 5726 42 6 3457 1152 0
K 0 0 42
K 0 21 96
K 0 53 110
K 0 0 59
K 0 -21 59
A D 4 8 0
A P 1 118 0
J B 41 5772 1 82 6913 1152 0
J N 8 5795 35 8 1 0 0
K -14 0 64
K 0 0 42
K 0 14 96
K 0 53 110
K 19 53 110
K 0 0 59
K 0 -21 59
A D 4 8 0
A P 1 123 0
J N 8 5837 35 6 3457 1152 0
K 0 0 42
K 0 14 96
K 0 53 110
K 0 0 59
K 0 -21 59
A D 4 8 0
A P 1 123 0
J B 42 5883 1 82 6913 1152 0
J N 8 5906 35 7 1 0 0
K -14 0 64
K 0 0 42
K 0 14 96
K 0 53 110
K 0 0 59
K 0 -21 59
A D 4 8 0
A P 1 123 0
J N 8 5948 35 6 3457 1152 0
K 0 0 42
K 0 14 96
K 0 53 110
K 0 0 59
K 0 -21 59
A D 4 8 0
A P 1 123 0
J B 43 5994 1 82 6913 1152 0
J N 8 6017 14 8 1 0 0
K -14 0 64
K 0 0 42
K 0 -21 96
K 4 53 110
K 23 53 110
K 0 0 60
K 0 21 60
A D 4 8 0
A P 1 140 0
J N 8 6059 28 5 3457 1152 0
K 0 0 42
K 0 -21 96
K 0 0 60
K 0 21 60
A D 4 8 0
A P 1 129 0
J B 44 6105 1 82 6913 1152 0
J N 8 6126 49 4 1 0 0
K 0 0 42
K 0 0 59
K 0 -21 59
A D 4 8 0
A P 1 112 0
J N 7 6168 49 4 3457 1152 0
K 0 0 43
K 0 0 59
K 0 -21 59
A D 2 8 0
A P 1 112 0
J N 7 6208 35 5 5185 576 1 20
K -14 0 64
K 0 0 43
K 0 0 59
K 0 -21 59
A D 2 8 1
A P 1 123 1
J B 45 6242 1 82 6913 576 0
J N 8 6265 35 7 1 0 1 20
k -14 0 64
K 0 0 42
K 0 53 110
K 19 53 110
K 0 0 59
K 0 -21 59
A D 4 8 0
A P 1 123 0
H 20 T 35 0 0 0 0 0 9 0
J N 7 6307 42 4 3457 1152 0
K 0 0 43
K 0 0 59
K 0 -21 59
A D 2 8 0
A P 1 118 0
J N 7 6337 7 4 5185 576 0
K 0 0 43
K 0 0 60
K 0 21 60
A D 2 8 0
A P 1 146 0
J B 46 6371 1 82 6913 576 0
J N 7 6392 -28 8 1 0 0
K 0 14 45
K 0 0 45
K 0 0 43
K -1 0 45
K 2 0 45
K 0 0 60
K 0 28 60
A D 2 8 0
A P 1 175 0
J N 7 6435 -14 8 1729 576 0
K 0 0 45
K -18 0 63
K 0 0 43
K -1 0 45
K 2 0 45
K 0 0 60
K 0 21 60
A D 2 8 0
A P 1 164 0
J N 7 6465 0 4 3457 576 0
K 0 0 43
K 0 0 60
K 0 21 60
A D 2 8 0
A P 1 152 0
J N 7 6495 7 4 5185 576 0
K 0 0 43
K 0 0 60
K 0 21 60
A D 2 8 0
A P 1 146 0
J B 47 6529 1 82 6913 576 0
J N 7 6550 21 4 1 0 0
K 0 0 43
K 0 0 60
K 0 21 60
A D 2 8 0
A P 1 135 0
J N 7 6580 35 4 1729 576 0
K 0 0 43
K 0 0 59
K 0 -21 59
A D 2 8 0
A P 1 124 0
J N 7 6610 49 4 3457 576 0
K 0 0 43
K 0 0 59
K 0 -21 59
A D 2 8 0
A P 1 112 0
J N 7 6640 0 4 5185 576 0
K 0 0 43
K 0 0 60
K 0 21 60
A D 2 8 0
A P 1 152 0
J B 48 6674 1 82 6913 576 0
J N 8 6695 0 5 1 0 0
K 0 0 42
K 24 -6 44
K 0 0 60
K 0 21 60
A D 6 8 0
A P 1 152 0
J N 7 6749 35 5 5185 1728 1 21
K -14 0 64
K 0 0 43
K 0 0 59
K 0 -21 59
A D 2 8 1
A P 1 123 1
J B 49 6783 1 82 6913 576 0
J N 8 6806 35 5 1 0 1 21
k -14 0 64
K 0 0 42
K 0 0 59
K 0 -21 59
A D 4 8 0
A P 1 123 0
H 21 T 35 0 0 0 0 0 9 0
J N 7 6848 42 6 3457 1152 0
K 0 0 43
K 0 46 110
K 19 46 110
K 0 0 59
K 0 -21 59
A D 2 8 0
A P 1 118 0
J N 7 6878 7 4 5185 576 0
K 0 0 43
K 0 0 60
K 0 21 60
A D 2 8 0
A P 1 146 0
J B 50 6912 1 82 6913 576 0
J N 7 6933 -28 8 1 0 0
K 0 14 45
K 0 0 45
K 0 0 43
K -1 0 45
K 2 0 45
K 0 0 60
K 0 28 60
A D 2 8 0
A P 1 175 0
J N 7 6976 -14 8 1729 576 0
K 0 0 45
K -18 0 63
K 0 0 43
K -1 0 45
K 2 0 45
K 0 0 60
K 0 21 60
A D 2 8 0
A P 1 164 0
J N 7 7006 0 4 3457 576 0
K 0 0 43
K 0 0 60
K 0 21 60
A D 2 8 0
A P 1 152 0
J N 7 7036 7 4 5185 576 0
K 0 0 43
K 0 0 60
K 0 21 60
A D 2 8 0
A P 1 146 0
J B 51 7070 1 82 6913 576 0
J N 7 7091 21 4 1 0 0
K 0 0 43
K 0 0 60
K 0 21 60
A D 2 8 0
A P 1 135 0
J N 7 7121 35 4 1729 576 0
K 0 0 43
K 0 0 59
K 0 -21 59
A D 2 8 0
A P 1 124 0
J N 7 7151 49 4 3457 576 0
K 0 0 43
K 0 0 59
K 0 -21 59
A D 2 8 0
A P 1 112 0
J N 7 7181 0 4 5185 576 0
K 0 0 43
K 0 0 60
K 0 21 60
A D 2 8 0
A P 1 152 0
J B 52 7215 1 82 6913 576 0
J N 8 7236 0 4 1 0 0
K 0 0 42
K 0 0 60
K 0 21 60
A D 4 8 0
A P 1 152 0
J N 8 7278 49 4 3457 1152 0
K 0 0 42
K 0 0 59
K 0 -21 59
A D 4 8 0
A P 1 112 0
J B 53 7324 1 82 6913 1152 0
J N 6 7345 28 3 1 0 1 22
K 0 0 43
K 0 77 110
A D 1 8 0
A P 1 129 0
J N 6 7371 28 2 865 288 1 22
K 0 0 43
A D 1 8 0
A P 1 129 0
J N 6 7397 21 2 1729 288 1 22
K 0 0 43
A D 1 8 0
A P 1 135 0
J N 6 7423 14 2 2593 288 1 22
K 0 0 43
A D 1 8 0
A P 1 141 0
H 22 B 1 0 108 4 2 1 1 3
J N 6 7449 14 2 3457 288 1 23
K 0 0 43
A D 1 8 0
A P 1 141 0
J N 6 7472 21 2 4321 288 1 23
K 0 0 43
A D 1 8 0
A P 1 135 0
J N 6 7495 28 2 5185 288 1 23
K 0 0 43
A D 1 8 0
A P 1 129 0
J N 6 7518 35 2 6049 288 1 23
K 0 0 43
A D 1 8 0
A P 1 124 0
H 23 B 1 0 108 4 2 1 1 3
J B 54 7545 1 82 6913 288 0
J N 6 7566 42 2 1 0 1 24
K 0 0 43
A D 1 8 0
A P 1 118 0
J N 6 7592 42 2 865 288 1 24
K 0 0 43
A D 1 8 0
A P 1 118 0
J N 6 7632 35 3 1729 288 1 24
K -14 0 64
K 0 0 43
A D 1 8 0
A P 1 123 0
J N 6 7658 28 2 2593 288 1 24
K 0 0 43
A D 1 8 0
A P 1 129 0
H 24 B 0 0 108 4 2 1 1 3
J N 6 7684 28 2 3457 288 1 25
K 0 0 43
A D 1 8 0
A P 1 129 0
J N 6 7707 35 2 4321 288 1 25
K 0 0 43
A D 1 8 0
A P 1 123 0
J N 6 7730 42 2 5185 288 1 25
K 0 0 43
A D 1 8 0
A P 1 118 0
J N 6 7753 49 2 6049 288 1 25
K 0 0 43
A D 1 8 0
A P 1 112 0
H 25 B 0 0 108 4 2 1 1 3
J B 55 7780 1 82 6913 288 0
J N 6 7801 56 2 1 0 1 26
K 0 0 43
A D 1 8 0
A P 1 106 0
J N 6 7827 56 2 865 288 1 26
K 0 0 43
A D 1 8 0
A P 1 106 0
J N 6 7853 49 2 1729 288 1 26
K 0 0 43
A D 1 8 0
A P 1 112 0
J N 6 7879 42 2 2593 288 1 26
K 0 0 43
A D 1 8 0
A P 1 118 0
H 26 B 0 0 108 4 2 1 1 3
J N 6 7902 70 5 3457 288 1 27
K 1 0 45
K 0 0 43
K -1 0 45
K 2 0 45
A D 1 8 0
A P 1 95 0
J N 6 7928 70 5 4321 288 1 27
K 1 0 45
K 0 0 43
K -1 0 45
K 2 0 45
A D 1 8 0
A P 1 95 0
J N 6 7954 63 2 5185 288 1 27
K 0 0 43
A D 1 8 0
A P 1 101 0
J N 6 7980 56 2 6049 288 1 27
K 0 0 43
A D 1 8 0
A P 1 106 0
H 27 B 0 0 108 4 2 1 1 3
J B 56 8007 1 82 6913 288 0
J N 6 8028 49 2 1 0 1 28
K 0 0 43
A D 1 8 0
A P 1 112 0
J N 6 8054 42 2 865 288 1 28
K 0 0 43
A D 1 8 0
A P 1 118 0
J N 6 8098 35 3 1729 288 1 28
K -18 0 63
K 0 0 43
A D 1 8 0
A P 1 124 0
J N 6 8124 28 2 2593 288 1 28
K 0 0 43
A D 1 8 0
A P 1 129 0
H 28 B 0 0 108 4 2 1 1 3
J N 6 8150 21 2 3457 288 1 29
K 0 0 43
A D 1 8 0
A P 1 135 0
J N 6 8176 14 2 4321 288 1 29
K 0 0 43
A D 1 8 0
A P 1 141 0
J N 6 8202 7 2 5185 288 1 29
K 0 0 43
A D 1 8 0
A P 1 146 0
J N 6 8228 0 2 6049 288 1 29
K 0 0 43
A D 1 8 0
A P 1 152 0
H 29 B 1 0 108 4 2 1 1 3
J B 57 8255 1 82 6913 288 0
J N 6 8276 0 2 1 0 1 30
K 0 0 43
A D 1 8 0
A P 1 152 0
J N 6 8299 49 2 865 288 1 30
K 0 0 43
A D 1 8 0
A P 1 112 0
J N 6 8325 42 2 1729 288 1 30
K 0 0 43
A D 1 8 0
A P 1 118 0
J N 6 8351 35 2 2593 288 1 30
K 0 0 43
A D 1 8 0
A P 1 124 0
H 30 B 1 0 108 4 2 1 1 3
J N 6 8377 28 2 3457 288 1 31
K 0 0 43
A D 1 8 0
A P 1 129 0
J N 6 8403 21 2 4321 288 1 31
K 0 0 43
A D 1 8 0
A P 1 135 0
J N 6 8429 14 2 5185 288 1 31
K 0 0 43
A D 1 8 0
A P 1 141 0
J N 6 8452 28 2 6049 288 1 31
K 0 0 43
A D 1 8 0
A P 1 129 0
H 31 B 1 0 108 4 2 1 1 3
J B 58 8479 1 82 6913 288 0
J N 6 8500 49 4 1 0 1 32
K 0 0 43
K 0 39 110
K 19 39 110
A D 1 8 0
A P 1 112 0
J N 6 8526 42 2 865 288 1 32
K 0 0 43
A D 1 8 0
A P 1 118 0
J N 6 8552 35 2 1729 288 1 32
K 0 0 43
A D 1 8 0
A P 1 124 0
J N 6 8578 28 2 2593 288 1 32
K 0 0 43
A D 1 8 0
A P 1 129 0
H 32 B 0 0 108 4 2 1 1 3
J N 6 8604 21 2 3457 288 1 33
K 0 0 43
A D 1 8 0
A P 1 135 0
J N 6 8630 14 2 4321 288 1 33
K 0 0 43
A D 1 8 0
A P 1 141 0
J N 6 8656 7 2 5185 288 1 33
K 0 0 43
A D 1 8 0
A P 1 146 0
J N 6 8682 0 2 6049 288 1 33
K 0 0 43
A D 1 8 0
A P 1 152 0
H 33 B 1 0 108 4 2 1 1 3
J B 59 8709 1 82 6913 288 0
J N 6 8730 49 2 1 0 1 34
K 0 0 43
A D 1 8 0
A P 1 112 0
J N 6 8756 49 2 865 288 1 34
K 0 0 43
A D 1 8 0
A P 1 112 0
J N 6 8782 42 2 1729 288 1 34
K 0 0 43
A D 1 8 0
A P 1 118 0
J N 6 8808 35 2 2593 288 1 34
K 0 0 43
A D 1 8 0
A P 1 124 0
H 34 B 0 0 108 4 2 1 1 3
J N 6 8834 28 2 3457 288 1 35
K 0 0 43
A D 1 8 0
A P 1 129 0
J N 6 8860 21 2 4321 288 1 35
K 0 0 43
A D 1 8 0
A P 1 135 0
J N 6 8886 14 2 5185 288 1 35
K 0 0 43
A D 1 8 0
A P 1 141 0
J N 6 8909 28 2 6049 288 1 35
K 0 0 43
A D 1 8 0
A P 1 129 0
H 35 B 1 0 108 4 2 1 1 3
J B 60 8936 1 82 6913 288 0
J N 6 8957 49 4 1 0 1 36
K 0 0 43
K 0 39 110
K 19 39 110
A D 1 8 0
A P 1 112 0
J N 6 8983 35 2 865 288 1 36
K 0 0 43
A D 1 8 0
A P 1 124 0
J N 6 9009 28 2 1729 288 1 36
K 0 0 43
A D 1 8 0
A P 1 129 0
J N 6 9035 21 2 2593 288 1 36
K 0 0 43
A D 1 8 0
A P 1 135 0
H 36 B 0 0 108 4 2 1 1 3
J N 6 9061 0 2 3457 288 1 37
K 0 0 43
A D 1 8 0
A P 1 152 0
J N 6 9084 28 2 4321 288 1 37
K 0 0 43
A D 1 8 0
A P 1 129 0
J N 6 9110 21 2 5185 288 1 37
K 0 0 43
A D 1 8 0
A P 1 135 0
J N 6 9136 14 2 6049 288 1 37
K 0 0 43
A D 1 8 0
A P 1 141 0
H 37 B 1 0 108 4 2 1 1 3
J B 61 9163 1 82 6913 288 0
J N 6 9184 0 2 1 0 1 38
K 0 0 43
A D 1 8 0
A P 1 152 0
J N 6 9211 28 3 865 288 1 38
K -18 0 63
K 0 0 43
A D 1 8 0
A P 1 130 0
J N 6 9237 21 2 1729 288 1 38
K 0 0 43
A D 1 8 0
A P 1 135 0
J N 6 9263 14 2 2593 288 1 38
K 0 0 43
A D 1 8 0
A P 1 141 0
H 38 B 1 0 108 4 2 1 1 3
J N 6 9289 7 2 3457 288 1 39
K 0 0 43
A D 1 8 0
A P 1 146 0
J N 6 9312 49 2 4321 288 1 39
K 0 0 43
A D 1 8 0
A P 1 112 0
J N 6 9338 42 2 5185 288 1 39
K 0 0 43
A D 1 8 0
A P 1 118 0
J N 6 9364 35 2 6049 288 1 39
K 0 0 43
A D 1 8 0
A P 1 124 0
H 39 B 1 0 108 4 2 1 1 3
J B 62 9391 1 82 6913 288 0
J N 6 9416 28 3 1 0 1 40
K -14 0 64
K 0 0 43
A D 1 8 0
A P 1 129 0
J N 6 9442 21 2 865 288 1 40
K 0 0 43
A D 1 8 0
A P 1 135 0
J N 6 9468 14 2 1729 288 1 40
K 0 0 43
A D 1 8 0
A P 1 141 0
J N 6 9494 7 2 2593 288 1 40
K 0 0 43
A D 1 8 0
A P 1 146 0
H 40 B 1 0 108 4 2 1 1 3
J N 6 9520 0 2 3457 288 1 41
K 0 0 43
A D 1 8 0
A P 1 152 0
J N 6 9543 28 2 4321 288 1 41
K 0 0 43
A D 1 8 0
A P 1 129 0
J N 6 9569 21 2 5185 288 1 41
K 0 0 43
A D 1 8 0
A P 1 135 0
J N 6 9595 14 2 6049 288 1 41
K 0 0 43
A D 1 8 0
A P 1 141 0
H 41 B 1 0 108 4 2 1 1 3
J B 63 9622 1 82 6913 288 0
J N 6 9643 0 4 1 0 1 42
K 0 0 43
K 0 98 110
K 19 98 110
A D 1 8 0
A P 1 152 0
J N 6 9666 35 2 865 288 1 42
K 0 0 43
A D 1 8 0
A P 1 124 0
J N 6 9692 28 2 1729 288 1 42
K 0 0 43
A D 1 8 0
A P 1 129 0
J N 6 9718 21 2 2593 288 1 42
K 0 0 43
A D 1 8 0
A P 1 135 0
H 42 B 50001 0 108 4 2 1 1 3
J N 6 9744 0 2 3457 288 1 43
K 0 0 43
A D 1 8 0
A P 1 152 0
J N 6 9767 28 2 4321 288 1 43
K 0 0 43
A D 1 8 0
A P 1 129 0
J N 6 9793 21 2 5185 288 1 43
K 0 0 43
A D 1 8 0
A P 1 135 0
J N 6 9819 14 2 6049 288 1 43
K 0 0 43
A D 1 8 0
A P 1 141 0
H 43 B 1 0 108 4 2 1 1 3
J B 64 9846 1 82 6913 288 0
J N 6 9867 0 2 1 0 1 44
K 0 0 43
A D 1 8 0
A P 1 152 0
J N 6 9894 28 3 865 288 1 44
K -18 0 63
K 0 0 43
A D 1 8 0
A P 1 130 0
J N 6 9920 21 2 1729 288 1 44
K 0 0 43
A D 1 8 0
A P 1 135 0
J N 6 9946 14 2 2593 288 1 44
K 0 0 43
A D 1 8 0
A P 1 141 0
H 44 B 1 0 108 4 2 1 1 3
J N 6 9972 7 2 3457 288 1 45
K 0 0 43
A D 1 8 0
A P 1 146 0
J N 6 9995 49 2 4321 288 1 45
K 0 0 43
A D 1 8 0
A P 1 112 0
J N 6 10021 42 2 5185 288 1 45
K 0 0 43
A D 1 8 0
A P 1 118 0
J N 6 10047 35 2 6049 288 1 45
K 0 0 43
A D 1 8 0
A P 1 124 0
H 45 B 1 0 108 4 2 1 1 3
J B 65 10074 1 82 6913 288 0
J N 6 10099 28 3 1 0 1 46
K -14 0 64
K 0 0 43
A D 2 16 0
A P 1 129 0
J N 6 10125 21 2 865 288 1 46
K 0 0 43
A D 2 16 0
A P 1 135 0
J N 6 10151 14 2 1729 288 1 46
K 0 0 43
A D 2 16 0
A P 1 141 0
J N 6 10177 7 2 2593 288 1 46
K 0 0 43
A D 2 16 0
A P 1 146 0
H 46 B 1 0 108 4 2 1 1 3
J N 8 10203 0 6 3457 288 1 47
K 0 0 42
K 0 88 110
K 19 88 110
K 0 0 60
K 0 21 60
A D 8 16 1
A P 1 152 1
J B 66 10257 5 2 6913 1152 0
K -8 0 82
K 0 0 82
J T 304 10287 0 2 6913 0 0
K -10 28 74
K -10 56 75
J D 0 10326 0 1 1 0 0
W 0 -49 0 Maestoso.  (\0& = 60.)
J N 7 10326 0 4 1 0 1 47
K 0 0 43
K 0 0 60
K 0 21 60
A D 4 16 0
A P 1 152 0
H 47 T 0 0 0 0 0 0 5 0
J R 7 10368 28 2 2305 576 0
K 0 0 48
A D 4 16 1
A P 1 0 1
J R 7 10410 28 2 4609 576 0
K 0 0 48
A D 4 16 0
A P 1 0 0
J B 67 10456 1 82 6913 576 0
J R 9 10477 28 2 1 10001 0
K 0 0 46
A D 12 16 0
A P 1 0 0
J B 68 10582 1 82 6913 1728 0
J N 6 10603 28 4 1 0 1 48
K 0 0 43
K 24 -6 44
K -25 57 110
A D 3 16 0
A P 1 129 0
J N 5 10640 28 2 1729 432 1 48
K 0 0 43
A D 1 16 0
A P 1 129 0
H 48 B 1 0 108 2 2 53
J N 7 10663 56 5 2305 144 0
K 0 0 43
K 24 -6 44
K 0 0 59
K 0 -21 59
A D 6 16 0
A P 1 106 0
J N 6 10717 49 3 5761 864 0
K 0 0 43
K 0 0 53
A D 2 16 0
A P 1 112 0
J B 69 10755 1 82 6913 288 0
J N 6 10776 49 5 1 0 1 49
K 0 0 43
K 25 0 44
K 0 39 111
K 12 39 110
A D 3 16 0
A P 1 112 0
J N 5 10814 49 2 1729 432 1 49
K 0 0 43
A D 1 16 0
A P 1 112 0
H 49 B 0 0 108 2 2 53
J N 6 10840 49 2 2305 144 1 50
K 0 0 43
A D 2 16 0
A P 1 112 0
J N 6 10870 77 5 3457 288 1 50
K 1 -7 45
K 0 0 43
K 0 -7 45
K 1 -7 45
A D 2 16 0
A P 1 89 0
H 50 B 0 0 108 2 2 3
J N 6 10900 49 5 4609 288 1 51
K 0 0 43
K 25 0 44
K 0 39 111
K 12 39 110
A D 3 16 0
A P 1 112 0
J N 5 10938 49 2 6337 432 1 51
K 0 0 43
A D 1 16 0
A P 1 112 0
H 51 B 0 0 108 2 2 53
J B 70 10973 5 2 6913 144 0
K -8 0 82
K 0 0 82
J T 0 10994 42 1 6913 0 0
K 0 0 38
J D 0 11042 0 1 1 0 0
W 0 -49 0 Prestissimo.
J D 0 11042 0 1 1 0 0
W 0 100 33 sempre !1|ff
J N 8 11042 28 4 1 0 0
K 0 0 42
K 0 0 60
K 0 21 60
A D 12 24 0
A P 1 129 0
J N 7 11084 28 4 3457 1152 0
K 0 0 43
K 0 0 60
K 0 21 60
A D 6 24 0
A P 1 129 0
J N 7 11114 49 4 5185 576 0
K 0 0 43
K 0 0 59
K 0 -21 59
A D 6 24 0
A P 1 112 0
J B 71 11148 1 82 6913 576 0
J N 8 11169 28 4 1 0 0
K 0 0 42
K 0 0 60
K 0 21 60
A D 12 24 0
A P 1 129 0
J N 7 11211 28 4 3457 1152 0
K 0 0 43
K 0 0 60
K 0 21 60
A D 6 24 0
A P 1 129 0
J N 7 11241 49 4 5185 576 0
K 0 0 43
K 0 0 59
K 0 -21 59
A D 6 24 0
A P 1 112 0
J B 72 11275 1 82 6913 576 0
J N 8 11296 28 4 1 0 0
K 0 0 42
K 0 0 60
K 0 21 60
A D 12 24 0
A P 1 129 0
J N 7 11338 28 4 3457 1152 0
K 0 0 43
K 0 0 60
K 0 21 60
A D 6 24 0
A P 1 129 0
J N 7 11368 49 4 5185 576 0
K 0 0 43
K 0 0 59
K 0 -21 59
A D 6 24 0
A P 1 112 0
J B 73 11402 1 82 6913 576 0
J N 8 11423 28 4 1 0 0
K 0 0 42
K 0 0 60
K 0 21 60
A D 12 24 0
A P 1 129 0
J N 7 11465 28 4 3457 1152 0
K 0 0 43
K 0 0 60
K 0 21 60
A D 6 24 0
A P 1 129 0
J N 7 11495 49 4 5185 576 0
K 0 0 43
K 0 0 59
K 0 -21 59
A D 6 24 0
A P 1 112 0
J B 74 11529 1 82 6913 576 0
J N 7 11550 28 4 1 0 0
K 0 0 43
K 0 0 60
K 0 21 60
A D 6 24 0
A P 1 129 0
J N 7 11580 49 4 1729 576 0
K 0 0 43
K 0 0 59
K 0 -21 59
A D 6 24 0
A P 1 112 0
J N 7 11610 28 4 3457 576 0
K 0 0 43
K 0 0 60
K 0 21 60
A D 6 24 0
A P 1 129 0
J N 7 11640 49 4 5185 576 0
K 0 0 43
K 0 0 59
K 0 -21 59
A D 6 24 0
A P 1 112 0
J B 75 11674 1 82 6913 576 0
J N 7 11695 28 4 1 0 0
K 0 0 43
K 0 0 60
K 0 21 60
A D 6 24 0
A P 1 129 0
J N 7 11725 49 4 1729 576 0
K 0 0 43
K 0 0 59
K 0 -21 59
A D 6 24 0
A P 1 112 0
J N 7 11755 28 4 3457 576 0
K 0 0 43
K 0 0 60
K 0 21 60
A D 6 24 0
A P 1 129 0
J N 7 11785 0 4 5185 576 0
K 0 0 43
K 0 0 60
K 0 21 60
A D 6 24 0
A P 1 152 0
J B 76 11819 1 82 6913 576 0
J N 7 11840 -21 7 1 0 0
K 0 7 45
K 0 0 43
K 0 7 45
K 1 7 45
K 0 0 60
K 0 21 60
A D 6 24 0
A P 1 169 0
J N 7 11870 0 4 1729 576 0
K 0 0 43
K 0 0 60
K 0 21 60
A D 6 24 0
A P 1 152 0
J N 7 11900 -21 7 3457 576 0
K 0 7 45
K 0 0 43
K 0 7 45
K 1 7 45
K 0 0 60
K 0 21 60
A D 6 24 0
A P 1 169 0
J N 7 11930 0 4 5185 576 0
K 0 0 43
K 0 0 60
K 0 21 60
A D 6 24 0
A P 1 152 0
J B 77 11964 1 82 6913 576 0
J N 7 11985 -21 7 1 0 0
K 0 7 45
K 0 0 43
K 0 7 45
K 1 7 45
K 0 0 60
K 0 21 60
A D 6 24 0
A P 1 169 0
J N 7 12015 -21 7 1729 576 0
K 0 7 45
K 0 0 43
K 0 7 45
K 1 7 45
K 0 0 60
K 0 21 60
A D 6 24 0
A P 1 169 0
J N 7 12045 -21 7 3457 576 0
K 0 7 45
K 0 0 43
K 0 7 45
K 1 7 45
K 0 0 60
K 0 21 60
A D 6 24 0
A P 1 169 0
J N 7 12075 -21 7 5185 576 0
K 0 7 45
K 0 0 43
K 0 7 45
K 1 7 45
K 0 0 60
K 0 21 60
A D 6 24 0
A P 1 169 0
J B 78 12109 1 82 6913 576 0
J N 7 12130 -21 9 1 0 1 52
K 0 7 45
K 0 0 43
K 0 7 45
K 1 7 45
K -8 109 111
K 4 109 110
K 0 0 60
K 0 21 60
A D 6 24 0
A P 1 169 0
J N 6 12160 28 3 1729 576 1 52
K 0 0 43
K 0 0 54
A D 3 24 0
A P 1 129 0
H 52 S 0 0 0 0 0 0 0 0 0
J R 6 12183 28 2 2593 288 0
K 0 0 49
A D 3 24 0
A P 1 0 0
J N 7 12206 -21 8 3457 288 1 53
K 0 7 45
K 0 0 43
K 0 7 45
K 1 7 45
K 0 109 110
K 0 0 60
K 0 21 60
A D 6 24 0
A P 1 169 0
J N 6 12236 28 3 5185 576 1 53
K 0 0 43
K 0 0 54
A D 3 24 0
A P 1 129 0
H 53 S 0 0 0 0 0 0 0 0 0
J R 6 12259 28 2 6049 288 0
K 0 0 49
A D 3 24 0
A P 1 0 0
J B 79 12286 1 82 6913 288 0
J N 7 12307 -21 8 1 0 1 54
K 0 7 45
K 0 0 43
K 0 7 45
K 1 7 45
K 0 109 110
K 0 0 60
K 0 21 60
A D 6 24 0
A P 1 169 0
J N 6 12337 28 3 1729 576 1 54
K 0 0 43
K 0 0 54
A D 3 24 0
A P 1 129 0
H 54 S 0 0 0 0 0 0 0 0 0
J R 6 12360 28 2 2593 288 0
K 0 0 49
A D 3 24 0
A P 1 0 0
J N 7 12383 -21 8 3457 288 1 55
K 0 7 45
K 0 0 43
K 0 7 45
K 1 7 45
K 0 109 110
K 0 0 60
K 0 21 60
A D 6 24 0
A P 1 169 0
J N 6 12413 28 3 5185 576 1 55
K 0 0 43
K 0 0 54
A D 3 24 0
A P 1 129 0
H 55 S 0 0 0 0 0 0 0 0 0
J R 6 12436 28 2 6049 288 0
K 0 0 49
A D 3 24 0
A P 1 0 0
J B 80 12463 1 82 6913 288 0
J N 7 12484 -21 8 1 0 1 56
K 0 7 45
K 0 0 43
K 0 7 45
K 1 7 45
K 0 109 110
K 0 0 60
K 0 21 60
A D 6 24 0
A P 1 169 0
J N 6 12514 28 3 1729 576 1 56
K 0 0 43
K 0 0 54
A D 3 24 0
A P 1 129 0
H 56 S 0 0 0 0 0 0 0 0 0
J R 6 12537 28 2 2593 288 0
K 0 0 49
A D 3 24 0
A P 1 0 0
J N 7 12560 -21 8 3457 288 1 57
K 0 7 45
K 0 0 43
K 0 7 45
K 1 7 45
K 0 109 110
K 0 0 60
K 0 21 60
A D 6 24 0
A P 1 169 0
J N 6 12590 28 3 5185 576 1 57
K 0 0 43
K 0 0 54
A D 3 24 0
A P 1 129 0
H 57 S 0 0 0 0 0 0 0 0 0
J R 6 12613 28 2 6049 288 0
K 0 0 49
A D 3 24 0
A P 1 0 0
J B 81 12640 1 82 6913 288 0
J N 7 12661 -21 8 1 0 1 58
K 0 7 45
K 0 0 43
K 0 7 45
K 1 7 45
K 0 109 110
K 0 0 60
K 0 21 60
A D 6 24 0
A P 1 169 0
J N 6 12691 28 3 1729 576 1 58
K 0 0 43
K 0 0 54
A D 3 24 0
A P 1 129 0
H 58 S 0 0 0 0 0 0 0 0 0
J R 6 12714 28 2 2593 288 0
K 0 0 49
A D 3 24 0
A P 1 0 0
J N 7 12737 -21 8 3457 288 1 59
K 0 7 45
K 0 0 43
K 0 7 45
K 1 7 45
K 0 109 110
K 0 0 60
K 0 21 60
A D 6 24 0
A P 1 169 0
J N 6 12767 28 3 5185 576 1 59
K 0 0 43
K 0 0 54
A D 3 24 0
A P 1 129 0
H 59 S 0 0 0 0 0 0 0 0 0
J R 6 12790 28 2 6049 288 0
K 0 0 49
A D 3 24 0
A P 1 0 0
J B 82 12817 1 82 6913 288 0
J D 0 12838 0 1 1 0 0
W 0 105 33 sempre !1|ff
J N 7 12838 -21 7 1 0 0
K 0 7 45
K 0 0 43
K 0 7 45
K 1 7 45
K 0 0 60
K 0 21 60
A D 6 24 0
A P 1 169 0
J N 7 12868 28 4 1729 576 0
K 0 0 43
K 0 0 60
K 0 21 60
A D 6 24 0
A P 1 129 0
J N 7 12898 -21 7 3457 576 0
K 0 7 45
K 0 0 43
K 0 7 45
K 1 7 45
K 0 0 60
K 0 21 60
A D 6 24 0
A P 1 169 0
J N 7 12928 28 4 5185 576 0
K 0 0 43
K 0 0 60
K 0 21 60
A D 6 24 0
A P 1 129 0
J B 83 12962 1 82 6913 576 0
J N 7 12983 -21 7 1 0 0
K 0 7 45
K 0 0 43
K 0 7 45
K 1 7 45
K 0 0 60
K 0 21 60
A D 6 24 0
A P 1 169 0
J N 7 13013 28 4 1729 576 0
K 0 0 43
K 0 0 60
K 0 21 60
A D 6 24 0
A P 1 129 0
J N 7 13043 -21 7 3457 576 0
K 0 7 45
K 0 0 43
K 0 7 45
K 1 7 45
K 0 0 60
K 0 21 60
A D 6 24 0
A P 1 169 0
J N 7 13073 28 4 5185 576 0
K 0 0 43
K 0 0 60
K 0 21 60
A D 6 24 0
A P 1 129 0
J B 84 13107 1 82 6913 576 0
J N 7 13128 -21 7 1 0 0
K 0 7 45
K 0 0 43
K 0 7 45
K 1 7 45
K 0 0 60
K 0 21 60
A D 6 24 0
A P 1 169 0
J N 7 13158 28 4 1729 576 0
K 0 0 43
K 0 0 60
K 0 21 60
A D 6 24 0
A P 1 129 0
J N 7 13188 -21 7 3457 576 0
K 0 7 45
K 0 0 43
K 0 7 45
K 1 7 45
K 0 0 60
K 0 21 60
A D 6 24 0
A P 1 169 0
J N 7 13218 28 4 5185 576 0
K 0 0 43
K 0 0 60
K 0 21 60
A D 6 24 0
A P 1 129 0
J B 85 13252 1 82 6913 576 0
J N 7 13273 -21 7 1 0 0
K 0 7 45
K 0 0 43
K 0 7 45
K 1 7 45
K 0 0 60
K 0 21 60
A D 6 24 0
A P 1 169 0
J N 7 13303 28 4 1729 576 0
K 0 0 43
K 0 0 60
K 0 21 60
A D 6 24 0
A P 1 129 0
J N 7 13333 -21 7 3457 576 0
K 0 7 45
K 0 0 43
K 0 7 45
K 1 7 45
K 0 0 60
K 0 21 60
A D 6 24 0
A P 1 169 0
J N 7 13363 28 4 5185 576 0
K 0 0 43
K 0 0 60
K 0 21 60
A D 6 24 0
A P 1 129 0
J B 86 13397 1 82 6913 576 0
J N 7 13418 28 4 1 0 0
K 0 0 43
K 0 0 60
K 0 21 60
A D 6 24 0
A P 1 129 0
J R 7 13448 28 2 1729 576 0
K 0 0 48
A D 6 24 1
A P 1 0 1
J R 8 13478 28 2 3457 576 0
K 0 0 47
A D 12 24 0
A P 1 0 0
J B 87 13524 1 82 6913 1152 0
J R 9 13545 28 2 1 10001 0
K 0 0 46
A D 24 24 0
A P 1 0 0
J B 88 13650 1 82 6913 2304 0
J N 7 13671 28 4 1 0 0
K 0 0 43
K 0 0 60
K 0 21 60
A D 6 24 0
A P 1 129 0
J R 7 13701 28 2 1729 576 0
K 0 0 48
A D 6 24 1
A P 1 0 1
J R 8 13731 28 2 3457 576 0
K 0 0 47
A D 12 24 0
A P 1 0 0
J B 89 13777 1 82 6913 1152 0
J N 7 13798 28 4 1 0 0
K 0 0 43
K 0 0 60
K 0 21 60
A D 6 24 0
A P 1 129 0
J R 7 13828 28 2 1729 576 0
K 0 0 48
A D 6 24 1
A P 1 0 1
J R 8 13858 28 2 3457 576 0
K 0 0 47
A D 12 24 0
A P 1 0 0
J B 90 13904 1 82 6913 1152 0
J N 7 13925 28 4 1 0 0
K 0 0 43
K 0 0 60
K 0 21 60
A D 6 24 0
A P 1 129 0
J R 7 13955 28 2 1729 576 0
K 0 0 48
A D 6 24 1
A P 1 0 1
J R 8 13985 28 3 3457 576 0
K 0 0 47
K 0 -35 101
A D 12 24 0
A P 1 0 0
J B 0 14044 6 2 6913 1152 0
K -13 0 82
K -6 0 84
J M 0 14044 0 0 10000 0 0
