@ SOURCE: {beet/bhl/orch/sym9/stage2/04h/s08} DEC/30/2005 [md5sum:bdf5bf05fdb572ea4235b5d7796f8cfa]
L 0 0 14 !39Corni 3, 4        in D
J D 4 500 -120 1 6913 0 0
W 0 0 44 Fourth Movement:  Part 8 (Chorus: Concluding Prestissimo)
Y U 0
J D 1 75 -37 1 6913 0 0
W 0 -56 44 Fourth Movement:  Part 8 (Chorus: Concluding Prestissimo):  Corni 3, 4        in D
J C 4 5 42 2 6913 0 0
K 0 0 33
K 0 0 34
J K 0 57 0 0 6913 0 0
J T 0 57 42 1 6913 0 0
K 0 0 38
Y U 0
Y P 31 Cor_3-4__/(D)
J D 0 105 0 1 1 0 0
W 0 -56 0 Prestissimo. (\0& = 132.)
J N 7 105 21 12 1 0 0
K 1 49 45
K 0 0 43
K 0 49 43
K -1 49 45
K 2 49 45
K -49 71 110
K -30 71 110
K 0 49 59
K 0 21 59
K 0 0 59
K 0 -14 59
A D 2 8 0
A P 1 203 0
A P 2 163 0
J N 7 135 21 10 1729 576 0
K 1 49 45
K 0 0 43
K 0 49 43
K -1 49 45
K 2 49 45
K 0 49 59
K 0 21 59
K 0 0 59
K 0 -14 59
A D 2 8 0
A P 1 203 0
A P 2 163 0
J N 7 165 42 7 3457 576 0
K 0 -49 43
K 0 0 43
K 0 -49 60
K 0 -21 60
K 0 0 60
K 0 14 60
A D 2 8 0
A P 1 226 0
A P 2 186 0
J N 7 195 42 7 5185 576 0
K 0 -49 43
K 0 0 43
K 0 -49 60
K 0 -21 60
K 0 0 60
K 0 14 60
A D 2 8 0
A P 1 226 0
A P 2 186 0
J B 2 229 1 82 6913 576 0
J N 7 250 14 5 1 0 0
K 0 0 43
K 0 0 43
K 0 0 60
K 0 21 60
A D 2 8 0
A P 1 209 0
A P 2 209 0
J N 7 280 14 5 1729 576 0
K 0 0 43
K 0 0 43
K 0 0 60
K 0 21 60
A D 2 8 0
A P 1 209 0
A P 2 209 0
J R 8 310 28 2 3457 576 0
K 0 0 47
A D 4 8 0
A P 1 0 0
J B 3 356 1 82 6913 1152 0
J N 7 377 14 4 1 0 0
K 0 0 43
K 0 0 59
K 0 -14 59
A D 2 8 0
A P 1 209 0
J N 7 377 14 4 1 0 0
K 0 0 43
K 0 0 60
K 0 21 60
A D 2 8 0
A P 2 209 0
J N 7 407 14 4 1729 576 0
K 0 0 43
K 0 0 59
K 0 -14 59
A D 2 8 0
A P 1 209 0
J N 7 407 14 4 1729 0 0
K 0 0 43
K 0 0 60
K 0 21 60
A D 2 8 0
A P 2 209 0
J N 7 437 14 4 3457 576 0
K 0 0 43
K 0 0 59
K 0 -14 59
A D 2 8 0
A P 1 209 0
J N 7 437 14 4 3457 0 0
K 0 0 43
K 0 0 60
K 0 21 60
A D 2 8 0
A P 2 209 0
J N 7 467 14 4 5185 576 0
K 0 0 43
K 0 0 59
K 0 -14 59
A D 2 8 0
A P 1 209 0
J N 7 467 14 4 5185 0 0
K 0 0 43
K 0 0 60
K 0 21 60
A D 2 8 0
A P 2 209 0
J B 4 501 1 82 6913 576 0
J N 7 522 14 4 1 0 0
K 0 0 43
K 0 0 59
K 0 -14 59
A D 2 8 0
A P 1 209 0
J N 7 522 42 4 1 0 0
K 0 0 43
K 0 0 60
K 0 14 60
A D 2 8 0
A P 2 186 0
J N 7 552 14 4 1729 576 0
K 0 0 43
K 0 0 59
K 0 -14 59
A D 2 8 0
A P 1 209 0
J N 7 552 14 4 1729 0 0
K 0 0 43
K 0 0 60
K 0 21 60
A D 2 8 0
A P 2 209 0
J N 7 582 42 4 3457 576 0
K 0 0 43
K 0 0 59
K 0 -21 59
A D 2 8 0
A P 1 186 0
J N 7 582 42 4 3457 0 0
K 0 0 43
K 0 0 60
K 0 14 60
A D 2 8 0
A P 2 186 0
J N 7 612 -7 4 5185 576 0
K 0 0 43
K 0 0 59
K 0 -14 59
A D 2 8 0
A P 1 226 0
J N 7 612 42 4 5185 0 0
K 0 0 43
K 0 0 60
K 0 14 60
A D 2 8 0
A P 2 186 0
J B 5 646 1 82 6913 576 0
J N 7 667 21 11 1 0 0
K 1 49 45
K 0 0 43
K 0 49 43
K -1 49 45
K 2 49 45
K 0 66 96
K 0 49 59
K 0 21 59
K 0 0 59
K 0 -14 59
A D 2 8 0
A P 1 203 0
A P 2 163 0
J N 7 697 21 11 1729 576 0
K 1 49 45
K 0 0 43
K 0 49 43
K -1 49 45
K 2 49 45
K 0 66 96
K 0 49 59
K 0 21 59
K 0 0 59
K 0 -14 59
A D 2 8 0
A P 1 203 0
A P 2 163 0
J N 7 727 42 8 3457 576 0
K 0 -49 43
K 0 0 43
K 0 -66 96
K 0 -49 60
K 0 -21 60
K 0 0 60
K 0 14 60
A D 2 8 0
A P 1 226 0
A P 2 186 0
J N 7 757 42 8 5185 576 0
K 0 -49 43
K 0 0 43
K 0 -66 96
K 0 -49 60
K 0 -21 60
K 0 0 60
K 0 14 60
A D 2 8 0
A P 1 226 0
A P 2 186 0
J B 6 791 1 82 6913 576 0
J D 0 798 0 1 1 0 0
W 0 -14 32 zu 2
J N 7 812 14 4 1 0 0
K 0 0 43
K 0 0 60
K 0 21 60
A D 2 8 0
A P 3 209 0
J N 7 842 14 4 1729 576 0
K 0 0 43
K 0 0 60
K 0 21 60
A D 2 8 0
A P 3 209 0
J R 8 872 28 2 3457 576 0
K 0 0 47
A D 4 8 0
A P 3 0 0
J B 7 918 1 82 6913 1152 0
J N 7 939 14 4 1 0 0
K 0 0 43
K 0 0 60
K 0 21 60
A D 2 8 0
A P 3 209 0
J N 7 969 14 4 1729 576 0
K 0 0 43
K 0 0 60
K 0 21 60
A D 2 8 0
A P 3 209 0
J N 7 999 14 4 3457 576 0
K 0 0 43
K 0 0 60
K 0 21 60
A D 2 8 0
A P 3 209 0
J N 7 1029 14 4 5185 576 0
K 0 0 43
K 0 0 60
K 0 21 60
A D 2 8 0
A P 3 209 0
J B 8 1063 1 82 6913 576 0
J N 7 1084 42 6 1 0 0
K 0 -28 43
K 0 0 43
K 0 -28 60
K 0 0 60
K 0 14 60
A D 2 8 0
A P 1 209 0
A P 2 186 0
J D 0 1100 0 1 1729 576 0
W 0 -14 32 zu 2
J N 7 1114 14 5 1729 0 0
K 0 0 43
K 0 0 43
K 0 0 60
K 0 21 60
A D 2 8 0
A P 1 209 0
A P 2 209 0
J N 7 1144 42 5 3457 576 0
K 0 0 43
K 0 0 43
K 0 0 59
K 0 -21 59
A D 2 8 0
A P 1 186 0
A P 2 186 0
J R 7 1174 28 2 5185 576 0
K 0 0 48
A D 2 8 0
A P 1 0 0
J B 9 1208 1 82 6913 576 0
J N 7 1229 0 4 1 0 0
K 0 0 43
K 0 0 60
K 0 21 60
A D 2 8 0
A P 3 220 0
J N 7 1259 14 4 1729 576 0
K 0 0 43
K 0 0 60
K 0 21 60
A D 2 8 0
A P 3 209 0
J N 7 1289 14 4 3457 576 0
K 0 0 43
K 0 0 60
K 0 21 60
A D 2 8 0
A P 3 209 0
J N 7 1319 14 4 5185 576 0
K 0 0 43
K 0 0 60
K 0 21 60
A D 2 8 0
A P 3 209 0
J B 10 1353 1 82 6913 576 0
J N 7 1374 14 4 1 0 0
K 0 0 43
K 0 0 59
K 0 -14 59
A D 2 8 0
A P 1 209 0
J N 7 1374 42 4 1 0 0
K 0 0 43
K 0 0 60
K 0 14 60
A D 2 8 0
A P 2 186 0
J N 7 1404 14 4 1729 576 0
K 0 0 43
K 0 0 59
K 0 -14 59
A D 2 8 0
A P 1 209 0
J N 7 1404 14 4 1729 0 0
K 0 0 43
K 0 0 60
K 0 21 60
A D 2 8 0
A P 2 209 0
J N 7 1434 42 4 3457 576 0
K 0 0 43
K 0 0 59
K 0 -21 59
A D 2 8 0
A P 1 186 0
J N 8 1454 42 4 3457 0 0
K 0 0 42
K 0 0 60
K 0 14 60
A D 4 8 0
A P 2 186 0
J N 7 1464 -7 4 5185 576 0
K 0 0 43
K 0 0 59
K 0 -14 59
A D 2 8 0
A P 1 226 0
J B 11 1498 1 82 6913 576 0
J D 0 1505 0 1 1 0 0
W 0 -28 32 zu 2
J N 7 1519 14 7 1 0 1 1
K 0 0 43
K 24 -6 44
K -4 71 111
K 8 71 110
K 0 0 60
K 0 21 60
A D 3 8 0
A P 3 209 0
J N 6 1556 7 3 2593 864 0
K 0 0 43
K 0 0 54
A D 1 8 0
A P 3 215 0
J N 7 1579 14 4 3457 288 0
K 0 0 43
K 0 0 60
K 0 21 60
A D 2 8 0
A P 3 209 0
J N 7 1609 21 4 5185 576 1 1
K 0 0 43
K 0 0 60
K 0 21 60
A D 2 8 0
A P 3 203 0
H 1 S 0 0 -7 0 -7 0 0 0 0
J B 12 1643 1 82 6913 576 0
J N 7 1664 14 6 1 0 1 2
K 0 0 43
K 24 -6 44
K 0 71 110
K 0 0 60
K 0 21 60
A D 3 8 0
A P 3 209 0
J N 6 1701 7 3 2593 864 0
K 0 0 43
K 0 0 54
A D 1 8 0
A P 3 215 0
J N 7 1724 14 4 3457 288 0
K 0 0 43
K 0 0 60
K 0 21 60
A D 2 8 0
A P 3 209 0
J N 7 1754 21 4 5185 576 1 2
K 0 0 43
K 0 0 60
K 0 21 60
A D 2 8 0
A P 3 203 0
H 2 S 0 0 -7 0 -7 0 0 0 0
J B 13 1788 1 82 6913 576 0
J N 7 1809 14 6 1 0 1 3
K 0 0 43
K 24 -6 44
K 0 71 110
K 0 0 60
K 0 21 60
A D 3 8 0
A P 3 209 0
J N 6 1846 7 3 2593 864 0
K 0 0 43
K 0 0 54
A D 1 8 0
A P 3 215 0
J N 7 1869 14 4 3457 288 0
K 0 0 43
K 0 0 60
K 0 21 60
A D 2 8 0
A P 3 209 0
J N 7 1899 21 4 5185 576 1 3
K 0 0 43
K 0 0 60
K 0 21 60
A D 2 8 0
A P 3 203 0
H 3 S 0 0 -7 0 -7 0 0 0 0
J B 14 1933 1 82 6913 576 0
J N 7 1954 14 6 1 0 1 4
K 0 0 43
K 24 -6 44
K 0 71 110
K 0 0 60
K 0 21 60
A D 3 8 0
A P 3 209 0
J N 6 1991 7 3 2593 864 0
K 0 0 43
K 0 0 54
A D 1 8 0
A P 3 215 0
J N 7 2014 14 4 3457 288 0
K 0 0 43
K 0 0 60
K 0 21 60
A D 2 8 0
A P 3 209 0
J N 7 2044 21 4 5185 576 1 4
K 0 0 43
K 0 0 60
K 0 21 60
A D 2 8 0
A P 3 203 0
H 4 S 0 0 -7 0 -7 0 0 0 0
J B 15 2078 1 82 6913 576 0
J N 7 2099 14 6 1 0 1 5
K 0 0 43
K 24 -6 44
K 2 60 110
K 0 0 60
K 0 21 60
A D 3 8 0
A P 3 209 0
J N 6 2136 7 3 2593 864 0
K 0 0 43
K 0 0 54
A D 1 8 0
A P 3 215 0
J N 7 2159 14 4 3457 288 0
K 0 0 43
K 0 0 60
K 0 21 60
A D 2 8 0
A P 3 209 0
J N 7 2189 21 4 5185 576 1 5
K 0 0 43
K 0 0 60
K 0 21 60
A D 2 8 0
A P 3 203 0
H 5 S 0 0 -7 0 -7 0 0 0 0
J B 16 2223 1 82 6913 576 0
J N 7 2244 14 6 1 0 1 6
K 0 0 43
K 24 -6 44
K 2 60 110
K 0 0 60
K 0 21 60
A D 3 8 0
A P 3 209 0
J N 6 2281 7 3 2593 864 0
K 0 0 43
K 0 0 54
A D 1 8 0
A P 3 215 0
J N 7 2304 14 4 3457 288 0
K 0 0 43
K 0 0 60
K 0 21 60
A D 2 8 0
A P 3 209 0
J N 7 2334 21 4 5185 576 1 6
K 0 0 43
K 0 0 60
K 0 21 60
A D 2 8 0
A P 3 203 0
H 6 S 0 0 -7 0 -7 0 0 0 0
J B 17 2368 1 82 6913 576 0
J N 7 2389 14 6 1 0 1 7
K 0 0 43
K 24 -6 44
K 2 60 110
K 0 0 60
K 0 21 60
A D 3 8 0
A P 3 209 0
J N 6 2426 7 3 2593 864 0
K 0 0 43
K 0 0 54
A D 1 8 0
A P 3 215 0
J N 7 2449 14 4 3457 288 0
K 0 0 43
K 0 0 60
K 0 21 60
A D 2 8 0
A P 3 209 0
J N 7 2479 21 4 5185 576 1 7
K 0 0 43
K 0 0 60
K 0 21 60
A D 2 8 0
A P 3 203 0
H 7 S 0 0 -7 0 -7 0 0 0 0
J B 18 2513 1 82 6913 576 0
J N 7 2534 14 6 1 0 1 8
K 0 0 43
K 24 -6 44
K 2 60 110
K 0 0 60
K 0 21 60
A D 3 8 0
A P 3 209 0
J N 6 2571 7 3 2593 864 0
K 0 0 43
K 0 0 54
A D 1 8 0
A P 3 215 0
J N 7 2594 14 4 3457 288 0
K 0 0 43
K 0 0 60
K 0 21 60
A D 2 8 0
A P 3 209 0
J N 7 2624 21 4 5185 576 1 8
K 0 0 43
K 0 0 60
K 0 21 60
A D 2 8 0
A P 3 203 0
H 8 S 0 0 -7 0 -7 0 0 0 0
J B 19 2658 1 82 6913 576 0
J N 8 2679 0 4 1 0 0
K 0 0 42
K 0 0 59
K 0 -14 59
A D 4 8 0
A P 1 220 0
J N 8 2679 0 4 1 0 0
K 0 0 42
K 0 0 60
K 0 21 60
A D 4 8 0
A P 2 220 0
J N 7 2721 14 6 3457 1152 1 9
K 0 -14 43
K 0 0 43
K 0 -14 60
K 0 0 60
K 0 21 60
A D 2 8 0
A P 1 220 0
A P 2 209 0
J N 7 2751 21 6 5185 576 1 9
K 0 -14 43
K 0 0 43
K 0 -14 60
K 0 0 60
K 0 21 60
A D 2 8 0
A P 1 215 0
A P 2 203 0
H 9 S 0 0 -14 0 -14 0 0 0 0
J B 20 2785 1 82 6913 576 0
J R 7 2806 28 2 1 0 0
K 0 0 48
A D 2 8 0
A P 1 0 0
J N 7 2836 14 6 1729 576 0
K 0 -14 43
K 0 0 43
K 0 -14 60
K 0 0 60
K 0 21 60
A D 2 8 0
A P 1 220 0
A P 2 209 0
J N 7 2866 14 6 3457 576 0
K 0 -14 43
K 0 0 43
K 0 -14 60
K 0 0 60
K 0 21 60
A D 2 8 0
A P 1 220 0
A P 2 209 0
J N 7 2896 14 6 5185 576 0
K 0 -14 43
K 0 0 43
K 0 -14 60
K 0 0 60
K 0 21 60
A D 2 8 0
A P 1 220 0
A P 2 209 0
J B 21 2930 1 82 6913 576 0
J N 7 2951 14 6 1 0 1 10
K 0 -14 43
K 0 0 43
K 0 -14 60
K 0 0 60
K 0 21 60
A D 2 8 0
A P 1 220 0
A P 2 209 0
J N 7 2981 21 6 1729 576 1 10
K 0 -14 43
K 0 0 43
K 0 -14 60
K 0 0 60
K 0 21 60
A D 2 8 0
A P 1 215 0
A P 2 203 0
H 10 S 0 0 -14 0 -14 0 0 0 0
J N 8 3011 42 6 3457 576 0
K 0 -28 42
K 0 0 42
K 0 -28 60
K 0 0 60
K 0 14 60
A D 4 8 0
A P 1 209 0
A P 2 186 0
J B 22 3057 1 82 6913 1152 0
J N 8 3078 21 10 1 0 0
K 1 49 45
K 0 0 42
K 0 49 42
K -1 49 45
K 2 49 45
K 0 49 59
K 0 21 59
K 0 0 59
K 0 -14 59
A D 4 8 0
A P 1 203 0
A P 2 163 0
J N 8 3120 7 4 3457 1152 1 11
K 0 0 42
K 0 0 59
K 0 -14 59
A D 4 8 0
A P 1 215 0
J N 8 3120 56 4 3457 0 1 12
K 0 0 42
K 0 0 60
K 0 14 60
A D 4 8 0
A P 2 175 0
J B 23 3166 1 82 6913 1152 0
J N 8 3187 0 4 1 0 1 11
K 0 0 42
K 0 0 59
K 0 -14 59
A D 4 8 0
A P 1 220 0
H 11 S 0 14 0 0 0 0 0 0 0
J N 7 3187 42 4 1 0 1 12
K 0 0 43
K 0 0 60
K 0 14 60
A D 2 8 0
A P 2 186 0
H 12 S 12 0 0 -14 0 0 0 0 0
J N 7 3217 42 4 1729 576 0
K 0 0 43
K 0 0 60
K 0 14 60
A D 2 8 0
A P 2 186 0
J N 7 3247 14 6 3457 576 2 13 14
K 0 -14 43
K 0 0 43
K 0 -14 60
K 0 0 60
K 0 21 60
A D 2 8 0
A P 1 220 0
A P 2 209 0
J N 7 3277 21 6 5185 576 2 13 14
K 0 -14 43
K 0 0 43
K 0 -14 60
K 0 0 60
K 0 21 60
A D 2 8 0
A P 1 215 0
A P 2 203 0
H 13 S 0 0 -14 0 -14 0 0 0 0
H 14 S 12 0 0 -14 0 0 0 0 0
J B 24 3311 1 82 6913 576 0
J R 7 3332 28 2 1 0 0
K 0 0 48
A D 2 8 0
A P 1 0 0
J N 7 3362 14 6 1729 576 0
K 0 -14 43
K 0 0 43
K 0 -14 60
K 0 0 60
K 0 21 60
A D 2 8 0
A P 1 220 0
A P 2 209 0
J N 7 3392 14 6 3457 576 0
K 0 -14 43
K 0 0 43
K 0 -14 60
K 0 0 60
K 0 21 60
A D 2 8 0
A P 1 220 0
A P 2 209 0
J N 7 3422 14 6 5185 576 0
K 0 -14 43
K 0 0 43
K 0 -14 60
K 0 0 60
K 0 21 60
A D 2 8 0
A P 1 220 0
A P 2 209 0
J B 25 3456 1 82 6913 576 0
J N 7 3477 14 6 1 0 1 15
K 0 -14 43
K 0 0 43
K 0 -14 60
K 0 0 60
K 0 21 60
A D 2 8 0
A P 1 220 0
A P 2 209 0
J N 7 3507 21 6 1729 576 1 15
K 0 -14 43
K 0 0 43
K 0 -14 60
K 0 0 60
K 0 21 60
A D 2 8 0
A P 1 215 0
A P 2 203 0
H 15 S 0 0 -14 0 -14 0 0 0 0
J N 7 3537 21 6 3457 576 1 16
K 0 -14 43
K 0 0 43
K 0 -14 60
K 0 0 60
K 0 21 60
A D 2 8 0
A P 1 215 0
A P 2 203 0
J N 7 3567 42 6 5185 576 1 16
K 0 -28 43
K 0 0 43
K 0 -28 60
K 0 0 60
K 0 14 60
A D 2 8 0
A P 1 209 0
A P 2 186 0
H 16 S 0 0 -14 0 -28 0 0 0 0
J B 26 3601 1 82 6913 576 0
J N 7 3622 42 6 1 0 1 17
K 0 -28 43
K 0 0 43
K 0 -28 60
K 0 0 60
K 0 14 60
A D 2 8 0
A P 1 209 0
A P 2 186 0
J N 7 3652 56 7 1729 576 1 17
K 0 -35 43
K 0 0 43
K 0 -35 60
K 0 -7 60
K 0 0 60
K 0 14 60
A D 2 8 0
A P 1 203 0
A P 2 175 0
H 17 S 0 0 -28 0 -35 0 0 0 0
J N 7 3682 42 6 3457 576 1 18
K 0 -28 43
K 0 0 43
K 0 -28 60
K 0 0 60
K 0 14 60
A D 2 8 0
A P 1 209 0
A P 2 186 0
J N 7 3712 42 7 5185 576 1 18
K 0 -49 43
K 0 0 43
K 0 -49 60
K 0 -21 60
K 0 0 60
K 0 14 60
A D 2 8 0
A P 1 226 0
A P 2 186 0
H 18 S 0 0 -28 0 -49 0 0 0 0
J B 27 3746 1 82 6913 576 0
J N 7 3767 21 7 1 0 0
K 0 0 43
K 0 35 43
K 0 35 59
K 0 7 59
K 0 0 59
K 0 -14 59
A D 2 8 0
A P 1 203 0
A P 2 175 0
J N 7 3797 21 7 1729 576 0
K 0 0 43
K 0 35 43
K 0 35 59
K 0 7 59
K 0 0 59
K 0 -14 59
A D 2 8 0
A P 1 203 0
A P 2 175 0
J N 7 3827 42 6 3457 576 0
K 0 -28 43
K 0 0 43
K 0 -28 60
K 0 0 60
K 0 14 60
A D 2 8 0
A P 1 209 0
A P 2 186 0
J N 7 3857 42 6 5185 576 0
K 0 -28 43
K 0 0 43
K 0 -28 60
K 0 0 60
K 0 14 60
A D 2 8 0
A P 1 209 0
A P 2 186 0
J B 28 3891 1 82 6913 576 0
J N 7 3912 0 4 1 0 0
K 0 0 43
K 0 0 59
K 0 -14 59
A D 2 8 0
A P 1 220 0
J N 7 3912 0 4 1 0 0
K 0 0 43
K 0 0 60
K 0 21 60
A D 2 8 0
A P 2 220 0
J N 7 3942 0 4 1729 576 0
K 0 0 43
K 0 0 59
K 0 -14 59
A D 2 8 0
A P 1 220 0
J N 7 3942 0 4 1729 0 0
K 0 0 43
K 0 0 60
K 0 21 60
A D 2 8 0
A P 2 220 0
J N 7 3972 7 7 3457 576 0
K 0 0 43
K 0 49 43
K 0 49 59
K 0 21 59
K 0 0 59
K 0 -14 59
A D 2 8 0
A P 1 215 0
A P 2 175 0
J N 7 4002 7 7 5185 576 0
K 0 0 43
K 0 49 43
K 0 49 59
K 0 21 59
K 0 0 59
K 0 -14 59
A D 2 8 0
A P 1 215 0
A P 2 175 0
J B 29 4036 1 82 6913 576 0
J N 7 4057 0 4 1 0 0
K 0 0 43
K 0 0 59
K 0 -14 59
A D 2 8 0
A P 1 220 0
J N 7 4057 0 4 1 0 0
K 0 0 43
K 0 0 60
K 0 21 60
A D 2 8 0
A P 2 220 0
J N 7 4087 0 4 1729 576 0
K 0 0 43
K 0 0 59
K 0 -14 59
A D 2 8 0
A P 1 220 0
J N 7 4087 0 4 1729 0 0
K 0 0 43
K 0 0 60
K 0 21 60
A D 2 8 0
A P 2 220 0
J N 7 4117 7 7 3457 576 0
K 0 0 43
K 0 49 43
K 0 49 59
K 0 21 59
K 0 0 59
K 0 -14 59
A D 2 8 0
A P 1 215 0
A P 2 175 0
J N 7 4147 7 7 5185 576 0
K 0 0 43
K 0 49 43
K 0 49 59
K 0 21 59
K 0 0 59
K 0 -14 59
A D 2 8 0
A P 1 215 0
A P 2 175 0
J B 30 4181 1 82 6913 576 0
J N 8 4202 56 11 1 0 0
K 0 -63 42
K 0 0 42
K 0 -80 96
K 11 32 110
K 30 32 110
K 0 -63 60
K 0 -35 60
K 0 -7 60
K 0 0 60
K 0 14 60
A D 4 8 0
A P 1 226 0
A P 2 175 0
J N 8 4244 56 9 3457 1152 0
K 0 -63 42
K 0 0 42
K 0 -80 96
K 0 -63 60
K 0 -35 60
K 0 -7 60
K 0 0 60
K 0 14 60
A D 4 8 0
A P 1 226 0
A P 2 175 0
J B 31 4290 1 82 6913 1152 0
J N 8 4311 56 9 1 0 0
K 0 -63 42
K 0 0 42
K 0 -80 96
K 0 -63 60
K 0 -35 60
K 0 -7 60
K 0 0 60
K 0 14 60
A D 4 8 0
A P 1 226 0
A P 2 175 0
J N 8 4353 56 9 3457 1152 0
K 0 -63 42
K 0 0 42
K 0 -80 96
K 0 -63 60
K 0 -35 60
K 0 -7 60
K 0 0 60
K 0 14 60
A D 4 8 0
A P 1 226 0
A P 2 175 0
J B 32 4399 1 82 6913 1152 0
J N 8 4420 56 9 1 0 0
K 0 -63 42
K 0 0 42
K 0 -80 96
K 0 -63 60
K 0 -35 60
K 0 -7 60
K 0 0 60
K 0 14 60
A D 4 8 0
A P 1 226 0
A P 2 175 0
J N 8 4462 7 7 3457 1152 0
K 0 -14 42
K 0 0 42
K 0 -31 96
K 0 -14 60
K 0 0 60
K 0 21 60
A D 4 8 0
A P 1 226 0
A P 2 215 0
J B 33 4508 1 82 6913 1152 0
J N 8 4529 14 7 1 0 0
K 0 -14 42
K 0 0 42
K 0 -31 96
K 0 -14 60
K 0 0 60
K 0 21 60
A D 4 8 0
A P 1 220 0
A P 2 209 0
J N 8 4571 14 7 3457 1152 0
K 0 -14 42
K 0 0 42
K 0 -31 96
K 0 -14 60
K 0 0 60
K 0 21 60
A D 4 8 0
A P 1 220 0
A P 2 209 0
J B 34 4617 1 82 6913 1152 0
J N 8 4638 14 7 1 0 0
K 0 -14 42
K 0 0 42
K 0 -31 96
K 0 -14 60
K 0 0 60
K 0 21 60
A D 4 8 0
A P 1 220 0
A P 2 209 0
J N 8 4680 14 7 3457 1152 0
K 0 -14 42
K 0 0 42
K 0 -31 96
K 0 -14 60
K 0 0 60
K 0 21 60
A D 4 8 0
A P 1 220 0
A P 2 209 0
J B 35 4726 1 82 6913 1152 0
J N 8 4750 7 6 1 0 0
K -15 0 65
K 0 0 42
K 7 -52 96
K 0 0 59
K 0 -14 59
A D 4 8 0
A P 1 214 0
J N 8 4750 7 4 1 0 0
K 0 0 42
K 0 0 60
K 0 21 60
A D 4 8 0
A P 2 214 0
J N 8 4792 21 11 3457 1152 0
K 1 49 45
K 0 0 42
K 0 49 42
K -1 49 45
K 2 49 45
K 7 -52 96
K 0 49 59
K 0 21 59
K 0 0 59
K 0 -14 59
A D 4 8 0
A P 1 203 0
A P 2 163 0
J B 36 4838 1 82 6913 1152 0
J N 8 4859 42 12 1 0 0
K 1 28 45
K 1 42 45
K 0 0 42
K 0 49 42
K 0 42 45
K 1 42 45
K 0 66 96
K 0 49 59
K 0 21 59
K 0 0 59
K 0 -21 59
A D 4 8 0
A P 1 186 0
A P 2 146 0
J N 7 4901 42 11 3457 1152 0
K 1 28 45
K 1 42 45
K 0 0 43
K 0 49 43
K 0 42 45
K 1 42 45
K 0 49 59
K 0 21 59
K 0 0 59
K 0 -21 59
A D 2 8 0
A P 1 186 0
A P 2 146 0
J N 7 4931 42 7 5185 576 0
K 0 -49 43
K 0 0 43
K 0 -49 60
K 0 -21 60
K 0 0 60
K 0 14 60
A D 2 8 0
A P 1 226 0
A P 2 186 0
J B 37 4965 1 82 6913 576 0
J N 8 4988 7 9 1 0 0
K -14 0 64
K 0 -14 42
K 0 0 42
K 0 81 110
K 19 81 110
K 0 -14 60
K 0 0 60
K 0 21 60
A D 4 8 0
A P 1 226 0
A P 2 215 0
J N 8 5030 7 8 3457 1152 2 19 20
K 0 -14 42
K 0 0 42
K 0 81 111
K 12 81 110
K 0 -14 60
K 0 0 60
K 0 21 60
A D 4 8 1
A P 1 226 1
A P 2 215 1
J B 38 5076 1 82 6913 1152 0
J N 8 5097 7 6 1 0 2 19 20
K 0 -14 42
K 0 0 42
K 0 -14 60
K 0 0 60
K 0 21 60
A D 4 8 0
A P 1 226 0
A P 2 215 0
H 19 T -7 0 0 0 0 0 1 0
H 20 T 7 0 0 0 0 0 11 0
J N 8 5139 7 7 3457 1152 0
K 0 -14 42
K 0 0 42
K 0 -31 96
K 0 -14 60
K 0 0 60
K 0 21 60
A D 4 8 0
A P 1 226 0
A P 2 215 0
J B 39 5185 1 82 6913 1152 0
J N 8 5206 7 8 1 0 0
K 0 -14 42
K 0 0 42
K 0 -31 96
K 0 81 110
K 0 -14 60
K 0 0 60
K 0 21 60
A D 4 8 0
A P 1 226 0
A P 2 215 0
J N 8 5248 7 8 3457 1152 0
K 0 -14 42
K 0 0 42
K 0 -31 96
K 0 81 110
K 0 -14 60
K 0 0 60
K 0 21 60
A D 4 8 0
A P 1 226 0
A P 2 215 0
J B 40 5294 1 82 6913 1152 0
J N 8 5315 7 8 1 0 0
K 0 -14 42
K 0 0 42
K 0 -31 96
K 0 81 110
K 0 -14 60
K 0 0 60
K 0 21 60
A D 4 8 0
A P 1 226 0
A P 2 215 0
J N 8 5357 7 8 3457 1152 0
K 0 -14 42
K 0 0 42
K 0 -31 96
K 0 81 110
K 0 -14 60
K 0 0 60
K 0 21 60
A D 4 8 0
A P 1 226 0
A P 2 215 0
J B 41 5403 1 82 6913 1152 0
J N 8 5424 14 9 1 0 0
K 0 -14 42
K 0 0 42
K 0 -31 96
K 0 74 110
K 19 74 110
K 0 -14 60
K 0 0 60
K 0 21 60
A D 4 8 0
A P 1 220 0
A P 2 209 0
J N 8 5466 14 8 3457 1152 0
K 0 -14 42
K 0 0 42
K 0 -31 96
K 0 74 110
K 0 -14 60
K 0 0 60
K 0 21 60
A D 4 8 0
A P 1 220 0
A P 2 209 0
J B 42 5512 1 82 6913 1152 0
J N 8 5533 14 8 1 0 0
K 0 -14 42
K 0 0 42
K 0 -31 96
K 0 74 110
K 0 -14 60
K 0 0 60
K 0 21 60
A D 4 8 0
A P 1 220 0
A P 2 209 0
J N 8 5575 14 8 3457 1152 0
K 0 -14 42
K 0 0 42
K 0 -31 96
K 0 74 110
K 0 -14 60
K 0 0 60
K 0 21 60
A D 4 8 0
A P 1 220 0
A P 2 209 0
J B 43 5621 1 82 6913 1152 0
J N 8 5645 7 12 1 0 0
K -15 0 65
K -15 49 65
K 0 0 42
K 0 49 42
K 7 -52 96
K 5 75 110
K 24 75 110
K 0 49 59
K 0 21 59
K 0 0 59
K 0 -14 59
A D 4 8 0
A P 1 214 0
A P 2 174 0
J N 8 5687 21 11 3457 1152 0
K 1 49 45
K 0 0 42
K 0 49 42
K -1 49 45
K 2 49 45
K 7 -52 96
K 0 49 59
K 0 21 59
K 0 0 59
K 0 -14 59
A D 4 8 0
A P 1 203 0
A P 2 163 0
J B 44 5733 1 82 6913 1152 0
J N 8 5754 42 11 1 0 0
K 1 28 45
K 1 42 45
K 0 0 42
K 0 49 42
K 0 42 45
K 1 42 45
K 0 49 59
K 0 21 59
K 0 0 59
K 0 -21 59
A D 4 8 0
A P 1 186 0
A P 2 146 0
J N 8 5796 42 7 3457 1152 1 21
K 0 -49 42
K 0 0 42
K 0 -49 60
K 0 -21 60
K 0 0 60
K 0 14 60
A D 4 8 2
A P 1 226 1
A P 2 186 0
J B 45 5842 1 82 6913 1152 0
J N 8 5863 -7 4 1 0 1 21
K 0 0 42
K 0 0 59
K 0 -14 59
A D 4 8 0
A P 1 226 0
H 21 T -7 0 0 0 0 0 3 0
J N 8 5863 21 7 1 0 0
K 0 0 42
K 25 0 44
K 2 53 110
K 21 53 110
K 0 0 60
K 0 21 60
A D 6 8 0
A P 2 203 0
J N 8 5905 0 4 3457 1152 0
K 0 0 42
K 0 0 59
K 0 -14 59
A D 4 8 0
A P 1 220 0
J N 7 5931 0 4 5185 576 0
K 0 0 43
K 0 0 60
K 0 21 60
A D 2 8 0
A P 2 220 0
J B 46 5965 1 82 6913 576 0
J N 9 5986 14 3 1 0 2 22 23
K 0 -14 41
K 0 0 41
A D 8 8 1
A P 1 220 1
A P 2 209 1
J B 47 6053 1 82 6913 2304 0
J N 9 6074 14 3 1 0 2 22 23
K 0 -14 41
K 0 0 41
A D 8 8 0
A P 1 220 0
A P 2 209 0
H 22 T 0 0 0 0 0 0 5 0
H 23 T 14 0 0 0 0 0 15 0
J B 48 6141 1 82 6913 2304 0
J N 8 6164 21 7 1 0 0
K -14 -14 64
K 0 -14 42
K 0 0 42
K 0 -14 60
K 0 0 60
K 0 21 60
A D 4 8 0
A P 1 215 0
A P 2 203 0
J N 8 6206 42 6 3457 1152 0
K 0 -28 42
K 0 0 42
K 0 -28 60
K 0 0 60
K 0 14 60
A D 4 8 0
A P 1 209 0
A P 2 186 0
J B 49 6252 1 82 6913 1152 0
J N 7 6273 21 6 1 0 0
K 0 -14 43
K 0 0 43
K 0 -14 60
K 0 0 60
K 0 21 60
A D 2 8 0
A P 1 215 0
A P 2 203 0
J N 7 6303 21 6 1729 576 0
K 0 -14 43
K 0 0 43
K 0 -14 60
K 0 0 60
K 0 21 60
A D 2 8 0
A P 1 215 0
A P 2 203 0
J N 8 6333 0 6 3457 576 0
K 0 0 42
K -47 74 110
K -28 74 110
K 0 0 59
K 0 -14 59
A D 4 8 0
A P 1 220 0
J N 7 6333 21 4 3457 0 0
K 0 0 43
K 0 0 60
K 0 21 60
A D 2 8 0
A P 2 203 0
J N 7 6363 0 4 5185 576 0
K 0 0 43
K 0 0 60
K 0 21 60
A D 2 8 0
A P 2 220 0
J B 50 6397 1 82 6913 576 0
Y U 1
J N 9 6418 14 3 1 0 2 24 25
K 0 -14 41
K 0 0 41
A D 8 8 1
A P 1 220 1
A P 2 209 1
J B 51 6485 1 82 6913 2304 0
J N 9 6506 14 3 1 0 2 24 25
K 0 -14 41
K 0 0 41
A D 8 8 0
A P 1 220 0
A P 2 209 0
H 24 T 0 0 0 0 0 0 5 0
H 25 T 14 0 0 0 0 0 15 0
J B 52 6573 1 82 6913 2304 0
J N 8 6594 21 6 1 0 0
K 0 -14 42
K 0 0 42
K 0 -14 60
K 0 0 60
K 0 21 60
A D 4 8 0
A P 1 215 0
A P 2 203 0
J N 8 6636 42 6 3457 1152 0
K 0 -28 42
K 0 0 42
K 0 -28 60
K 0 0 60
K 0 14 60
A D 4 8 0
A P 1 209 0
A P 2 186 0
J B 53 6682 1 82 6913 1152 0
J N 7 6703 21 4 1 0 0
K 0 0 43
K 0 0 59
K 0 -14 59
A D 2 8 0
A P 1 203 0
J N 7 6703 56 4 1 0 0
K 0 0 43
K 0 0 60
K 0 14 60
A D 2 8 0
A P 2 175 0
J R 7 6733 28 2 1729 576 0
K 0 0 48
A D 2 8 0
A P 1 0 0
J N 7 6763 7 4 3457 576 0
K 0 0 43
K 0 0 59
K 0 -14 59
A D 2 8 0
A P 1 215 0
J N 7 6763 7 4 3457 0 0
K 0 0 43
K 0 0 60
K 0 21 60
A D 2 8 0
A P 2 215 0
J N 6 6793 7 2 5185 576 1 26
K 0 0 43
A D 1 8 0
A P 1 215 0
J N 6 6793 7 2 5185 0 1 27
K 0 0 43
A D 1 8 0
A P 2 215 0
J N 6 6819 14 2 6049 288 1 26
K 0 0 43
A D 1 8 0
A P 1 209 0
H 26 B 0 0 108 2 2 3
J N 6 6819 14 2 6049 0 1 27
K 0 0 43
A D 1 8 0
A P 2 209 0
H 27 B 1 0 108 2 2 3
J B 54 6846 1 82 6913 288 0
J N 7 6867 21 4 1 0 0
K 0 0 43
K 0 0 59
K 0 -14 59
A D 2 8 0
A P 1 203 0
J N 7 6867 21 4 1 0 0
K 0 0 43
K 0 0 60
K 0 21 60
A D 2 8 0
A P 2 203 0
J R 7 6897 28 2 1729 576 0
K 0 0 48
A D 2 8 0
A P 1 0 0
J N 7 6927 21 10 3457 576 0
K 1 49 45
K 0 0 43
K 0 49 43
K -1 49 45
K 2 49 45
K 0 49 59
K 0 21 59
K 0 0 59
K 0 -14 59
A D 2 8 0
A P 1 203 0
A P 2 163 0
J N 7 6957 21 10 5185 576 0
K 1 49 45
K 0 0 43
K 0 49 43
K -1 49 45
K 2 49 45
K 0 49 59
K 0 21 59
K 0 0 59
K 0 -14 59
A D 2 8 0
A P 1 203 0
A P 2 163 0
J B 55 6991 1 82 6913 576 0
J N 7 7012 0 4 1 0 0
K 0 0 43
K 0 0 59
K 0 -14 59
A D 2 8 0
A P 1 220 0
J N 7 7012 0 4 1 0 0
K 0 0 43
K 0 0 60
K 0 21 60
A D 2 8 0
A P 2 220 0
J R 7 7042 28 2 1729 576 0
K 0 0 48
A D 2 8 0
A P 1 0 0
J N 7 7072 14 4 3457 576 0
K 0 0 43
K 0 0 59
K 0 -14 59
A D 2 8 0
A P 1 209 0
J N 7 7072 14 4 3457 0 0
K 0 0 43
K 0 0 60
K 0 21 60
A D 2 8 0
A P 2 209 0
J N 7 7102 14 4 5185 576 0
K 0 0 43
K 0 0 59
K 0 -14 59
A D 2 8 0
A P 1 209 0
J N 7 7102 14 4 5185 0 0
K 0 0 43
K 0 0 60
K 0 21 60
A D 2 8 0
A P 2 209 0
J B 56 7136 1 82 6913 576 0
J N 7 7157 42 7 1 0 0
K 0 -49 43
K 0 0 43
K 0 -49 60
K 0 -21 60
K 0 0 60
K 0 14 60
A D 2 8 0
A P 1 226 0
A P 2 186 0
J R 7 7187 28 2 1729 576 0
K 0 0 48
A D 2 8 1
A P 1 0 1
J R 8 7217 28 2 3457 576 0
K 0 0 47
A D 4 8 0
A P 1 0 0
J B 57 7263 1 82 6913 1152 0
J R 8 7284 28 2 1 0 0
K 0 0 47
A D 4 8 0
A P 1 0 0
J N 7 7326 21 10 3457 1152 0
K 1 49 45
K 0 0 43
K 0 49 43
K -1 49 45
K 2 49 45
K 0 49 59
K 0 21 59
K 0 0 59
K 0 -14 59
A D 2 8 0
A P 1 203 0
A P 2 163 0
J N 7 7356 7 7 5185 576 0
K 0 0 43
K 0 49 43
K 0 49 59
K 0 21 59
K 0 0 59
K 0 -14 59
A D 2 8 0
A P 1 215 0
A P 2 175 0
J B 58 7390 1 82 6913 576 0
J N 8 7411 42 11 1 0 0
K 0 -49 42
K 25 -49 44
K 0 0 42
K 24 -6 44
K 0 46 110
K 19 46 110
K 0 -49 60
K 0 -21 60
K 0 0 60
K 0 14 60
A D 6 8 0
A P 1 226 0
A P 2 186 0
J N 7 7465 42 7 5185 1728 0
K 0 -49 43
K 0 0 43
K 0 -49 60
K 0 -21 60
K 0 0 60
K 0 14 60
A D 2 8 0
A P 1 226 0
A P 2 186 0
J B 59 7499 1 82 6913 576 0
J N 7 7520 42 7 1 0 0
K 0 -49 43
K 0 0 43
K 0 -49 60
K 0 -21 60
K 0 0 60
K 0 14 60
A D 2 8 0
A P 1 226 0
A P 2 186 0
J N 7 7550 21 10 1729 576 0
K 1 49 45
K 0 0 43
K 0 49 43
K -1 49 45
K 2 49 45
K 0 49 59
K 0 21 59
K 0 0 59
K 0 -14 59
A D 2 8 0
A P 1 203 0
A P 2 163 0
J R 8 7580 28 2 3457 576 0
K 0 0 47
A D 4 8 0
A P 1 0 0
J B 60 7626 1 82 6913 1152 0
J R 9 7647 28 2 1 10001 0
K 0 0 46
A D 8 8 0
A P 3 0 0
J B 61 7752 1 82 6913 2304 0
J R 9 7773 28 2 1 10001 0
K 0 0 46
A D 8 8 0
A P 3 0 0
J B 62 7878 1 82 6913 2304 0
J R 8 7899 28 2 1 0 0
K 0 0 47
A D 4 8 0
A P 1 0 0
J N 7 7941 42 7 3457 1152 0
K 0 -49 43
K 0 0 43
K 0 -49 60
K 0 -21 60
K 0 0 60
K 0 14 60
A D 2 8 0
A P 1 226 0
A P 2 186 0
J N 7 7971 42 7 5185 576 0
K 0 -49 43
K 0 0 43
K 0 -49 60
K 0 -21 60
K 0 0 60
K 0 14 60
A D 2 8 0
A P 1 226 0
A P 2 186 0
J B 63 8005 1 82 6913 576 0
J N 9 8026 42 5 1 0 2 28 29
K 0 -49 41
K 0 0 41
K -28 46 110
K -9 46 110
A D 8 8 1
A P 1 226 1
A P 2 186 1
J B 64 8093 1 82 6913 2304 0
J N 8 8114 42 9 1 0 2 28 29
K 0 -49 42
K 25 -49 44
K 0 0 42
K 24 -6 44
K 0 -49 60
K 0 -21 60
K 0 0 60
K 0 14 60
A D 6 8 0
A P 1 226 0
A P 2 186 0
H 28 T -7 0 0 0 0 0 1 0
H 29 T 42 0 0 0 0 0 15 0
J N 7 8168 42 7 5185 1728 0
K 0 -49 43
K 0 0 43
K 0 -49 60
K 0 -21 60
K 0 0 60
K 0 14 60
A D 2 8 0
A P 1 226 0
A P 2 186 0
J B 65 8202 1 82 6913 576 0
J N 7 8223 42 7 1 0 0
K 0 -49 43
K 0 0 43
K 0 -49 60
K 0 -21 60
K 0 0 60
K 0 14 60
A D 4 16 0
A P 1 226 0
A P 2 186 0
J N 7 8253 21 10 1729 576 0
K 1 49 45
K 0 0 43
K 0 49 43
K -1 49 45
K 2 49 45
K 0 49 59
K 0 21 59
K 0 0 59
K 0 -14 59
A D 4 16 0
A P 1 203 0
A P 2 163 0
J N 8 8283 14 8 3457 576 2 30 31
K 0 -14 42
K 0 0 42
K 0 74 110
K 19 74 110
K 0 -14 60
K 0 0 60
K 0 21 60
A D 8 16 1
A P 1 220 1
A P 2 209 1
J B 66 8337 5 2 6913 1152 0
K -8 0 82
K 0 0 82
J T 304 8367 0 2 6913 0 0
K -10 28 74
K -10 56 75
J D 0 8406 0 1 1 0 0
W 0 -49 0 Maestoso.  (\0& = 60.)
J N 7 8406 14 8 1 0 2 30 31
K 0 -14 43
K 24 -20 44
K 0 0 43
K 24 -6 44
K 0 -14 60
K 0 0 60
K 0 21 60
A D 6 16 0
A P 1 220 0
A P 2 209 0
H 30 T 0 0 0 0 0 0 5 0
H 31 T 14 0 0 0 0 0 15 0
J N 6 8460 14 5 3457 864 0
K 0 -14 43
K 0 0 43
K 0 -14 60
K 0 0 54
A D 2 16 0
A P 1 220 0
A P 2 209 0
J N 6 8490 14 6 4609 288 1 32
K 0 -14 43
K 24 -20 44
K 0 0 43
K 24 -6 44
K 0 -14 60
A D 3 16 0
A P 1 220 0
A P 2 209 0
J N 5 8527 14 5 6337 432 1 32
K 0 -14 43
K 0 0 43
K 7 67 108
K 0 -14 60
A D 1 16 0
A P 1 220 0
A P 2 209 0
H 32 B 1 0 108 2 2 53
J B 67 8554 1 82 6913 144 0
J N 6 8575 14 6 1 0 1 33
K 0 -14 43
K 24 -20 44
K 0 0 43
K 24 -6 44
K 0 -14 60
A D 3 16 0
A P 1 220 0
A P 2 209 0
J N 5 8612 14 4 1729 432 1 33
K 0 -14 43
K 0 0 43
K 0 -14 60
A D 1 16 0
A P 1 220 0
A P 2 209 0
H 33 B 1 0 108 2 2 53
J D 0 8635 0 1 2305 144 0
W 0 -28 36 cresc.
J N 6 8638 14 4 2305 0 2 34 35
K 0 -14 43
K 0 0 43
K 0 -14 60
A D 2 16 0
A P 1 220 0
A P 2 209 0
J N 6 8668 42 4 3457 288 4 36 37 35 34
K 0 -28 43
K 0 0 43
K 0 -28 60
A D 2 16 1
A P 1 209 1
A P 2 186 1
H 35 B 1 0 108 2 2 3
H 34 S 0 0 -14 0 -28 0 0 0 0
J N 6 8698 42 4 4609 288 4 38 39 36 37
K 0 -28 43
K 0 0 43
K 0 -28 60
A D 2 16 0
A P 1 209 0
A P 2 186 0
H 36 T 14 0 0 0 0 0 5 0
H 37 T 42 0 0 0 0 0 15 0
J N 5 8728 21 4 5761 288 1 39
K 0 -14 43
K 0 0 43
K 0 -14 60
A D 1 16 0
A P 1 215 0
A P 2 203 0
J N 5 8754 14 4 6337 144 2 39 38
K 0 -14 43
K 0 0 43
K 0 -14 60
A D 1 16 0
A P 1 220 0
A P 2 209 0
H 39 B 1 0 108 3 2 21 33
H 38 S 0 0 -28 0 -14 0 0 0 0
J B 68 8781 1 82 6913 144 0
J N 6 8802 21 7 1 0 1 40
K 0 -14 43
K 25 -14 44
K 0 0 43
K 25 0 44
K -18 67 110
K 0 -14 60
A D 3 16 0
A P 1 215 0
A P 2 203 0
J N 5 8840 21 4 1729 432 1 40
K 0 -14 43
K 0 0 43
K 0 -14 60
A D 1 16 0
A P 1 215 0
A P 2 203 0
H 40 B 80001 0 108 2 2 53
J N 7 8866 0 5 2305 144 0
K 0 0 43
K 24 -6 44
K 0 0 59
K 0 -14 59
A D 6 16 0
A P 1 220 0
J N 7 8866 21 4 2305 0 0
K 0 0 43
K 0 0 60
K 0 21 60
A D 4 16 0
A P 2 203 0
J N 6 8908 70 5 4609 576 1 41
K 0 0 45
K 0 0 43
K -1 0 45
K 2 0 45
A D 2 16 0
A P 2 163 0
J N 6 8938 14 3 5761 288 0
K 0 0 43
K 0 0 51
A D 2 16 0
A P 1 209 0
J N 6 8938 42 2 5761 0 1 41
K 0 0 43
A D 2 16 0
A P 2 186 0
H 41 B 1 0 108 2 2 3
J B 69 8976 1 82 6913 288 0
J N 6 8997 42 9 1 0 1 42
K 0 -49 43
K 25 -49 44
K 0 0 43
K 24 -6 44
K -39 46 111
K -27 46 110
K 0 -49 60
K 0 -21 60
A D 3 16 0
A P 1 226 0
A P 2 186 0
J N 5 9034 42 5 1729 432 1 42
K 0 -49 43
K 0 0 43
K 0 -49 60
K 0 -21 60
A D 1 16 0
A P 1 226 0
A P 2 186 0
H 42 B 1 0 108 2 2 53
J N 6 9060 -7 5 2305 144 1 43
K 0 0 43
K 0 49 43
K 0 49 59
K 0 21 59
A D 2 16 0
A P 1 226 0
A P 2 186 0
J N 6 9090 21 8 3457 288 1 43
K 1 49 45
K 0 0 43
K 0 49 43
K -1 49 45
K 2 49 45
K 0 49 59
K 0 21 59
A D 2 16 0
A P 1 203 0
A P 2 163 0
H 43 B 0 0 108 2 2 3
J N 6 9120 42 9 4609 288 1 44
K 0 -49 43
K 25 -49 44
K 0 0 43
K 24 -6 44
K -39 46 111
K -27 46 110
K 0 -49 60
K 0 -21 60
A D 3 16 0
A P 1 226 0
A P 2 186 0
J N 5 9157 42 5 6337 432 1 44
K 0 -49 43
K 0 0 43
K 0 -49 60
K 0 -21 60
A D 1 16 0
A P 1 226 0
A P 2 186 0
H 44 B 1 0 108 2 2 53
J B 70 9192 5 2 6913 144 0
K -8 0 82
K 0 0 82
J T 0 9213 42 1 6913 0 0
K 0 0 38
J D 0 9261 0 1 1 0 0
W 0 -49 0 Prestissimo.
J N 8 9261 42 8 1 0 0
K 0 -49 42
K 0 0 42
K 2 46 110
K 0 -49 60
K 0 -21 60
K 0 0 60
K 0 14 60
A D 4 8 0
A P 1 226 0
A P 2 186 0
J N 7 9303 21 10 3457 1152 0
K 1 49 45
K 0 0 43
K 0 49 43
K -1 49 45
K 2 49 45
K 0 49 59
K 0 21 59
K 0 0 59
K 0 -14 59
A D 2 8 0
A P 1 203 0
A P 2 163 0
J N 7 9333 7 6 5185 576 0
K 0 -14 43
K 0 0 43
K 0 -14 60
K 0 0 60
K 0 21 60
A D 2 8 0
A P 1 226 0
A P 2 215 0
J B 71 9367 1 82 6913 576 0
J N 7 9388 7 6 1 0 0
K 0 -14 43
K 0 0 43
K 0 -14 60
K 0 0 60
K 0 21 60
A D 2 8 0
A P 1 226 0
A P 2 215 0
J N 7 9418 14 6 1729 576 0
K 0 -14 43
K 0 0 43
K 0 -14 60
K 0 0 60
K 0 21 60
A D 2 8 0
A P 1 220 0
A P 2 209 0
J N 7 9448 21 6 3457 576 0
K 0 -14 43
K 0 0 43
K 0 -14 60
K 0 0 60
K 0 21 60
A D 2 8 0
A P 1 215 0
A P 2 203 0
J N 6 9478 21 4 5185 576 1 45
K 0 -14 43
K 0 0 43
K 0 -14 60
A D 1 8 0
A P 1 215 0
A P 2 203 0
J N 6 9504 42 4 6049 288 1 45
K 0 -28 43
K 0 0 43
K 0 -28 60
A D 1 8 0
A P 1 209 0
A P 2 186 0
H 45 B 1 0 108 2 2 3
J B 72 9531 1 82 6913 288 0
J N 7 9552 21 6 1 0 0
K 0 -14 43
K 0 0 43
K 0 -14 60
K 0 0 60
K 0 21 60
A D 2 8 0
A P 1 215 0
A P 2 203 0
J N 7 9582 21 6 1729 576 0
K 0 -14 43
K 0 0 43
K 0 -14 60
K 0 0 60
K 0 21 60
A D 2 8 0
A P 1 215 0
A P 2 203 0
J N 7 9612 14 6 3457 576 0
K 0 -14 43
K 0 0 43
K 0 -14 60
K 0 0 60
K 0 21 60
A D 2 8 0
A P 1 220 0
A P 2 209 0
J N 7 9642 7 6 5185 576 0
K 0 -14 43
K 0 0 43
K 0 -14 60
K 0 0 60
K 0 21 60
A D 2 8 0
A P 1 226 0
A P 2 215 0
J B 73 9676 1 82 6913 576 0
J N 7 9697 7 6 1 0 0
K 0 -14 43
K 0 0 43
K 0 -14 60
K 0 0 60
K 0 21 60
A D 2 8 0
A P 1 226 0
A P 2 215 0
J N 7 9727 14 6 1729 576 0
K 0 -14 43
K 0 0 43
K 0 -14 60
K 0 0 60
K 0 21 60
A D 2 8 0
A P 1 220 0
A P 2 209 0
J N 7 9757 21 6 3457 576 0
K 0 -14 43
K 0 0 43
K 0 -14 60
K 0 0 60
K 0 21 60
A D 2 8 0
A P 1 215 0
A P 2 203 0
J N 6 9787 21 4 5185 576 1 46
K 0 -14 43
K 0 0 43
K 0 -14 60
A D 1 8 0
A P 1 215 0
A P 2 203 0
J N 6 9813 42 4 6049 288 1 46
K 0 -28 43
K 0 0 43
K 0 -28 60
A D 1 8 0
A P 1 209 0
A P 2 186 0
H 46 B 1 0 108 2 2 3
J B 74 9840 1 82 6913 288 0
J N 7 9861 21 6 1 0 0
K 0 -14 43
K 0 0 43
K 0 -14 60
K 0 0 60
K 0 21 60
A D 2 8 0
A P 1 215 0
A P 2 203 0
J N 7 9891 42 6 1729 576 0
K 0 -28 43
K 0 0 43
K 0 -28 60
K 0 0 60
K 0 14 60
A D 2 8 0
A P 1 209 0
A P 2 186 0
J N 7 9921 21 6 3457 576 0
K 0 -14 43
K 0 0 43
K 0 -14 60
K 0 0 60
K 0 21 60
A D 2 8 0
A P 1 215 0
A P 2 203 0
J N 7 9951 42 6 5185 576 0
K 0 -28 43
K 0 0 43
K 0 -28 60
K 0 0 60
K 0 14 60
A D 2 8 0
A P 1 209 0
A P 2 186 0
J B 75 9985 1 82 6913 576 0
J N 7 10006 21 7 1 0 0
K 0 0 43
K 0 35 43
K 0 35 59
K 0 7 59
K 0 0 59
K 0 -14 59
A D 2 8 0
A P 1 203 0
A P 2 175 0
J N 7 10036 42 11 1729 576 0
K 1 28 45
K 1 42 45
K 0 0 43
K 0 49 43
K 0 42 45
K 1 42 45
K 0 49 59
K 0 21 59
K 0 0 59
K 0 -21 59
A D 2 8 0
A P 1 186 0
A P 2 146 0
J N 7 10066 21 7 3457 576 0
K 0 0 43
K 0 35 43
K 0 35 59
K 0 7 59
K 0 0 59
K 0 -14 59
A D 2 8 0
A P 1 203 0
A P 2 175 0
J N 7 10096 42 6 5185 576 0
K 0 -28 43
K 0 0 43
K 0 -28 60
K 0 0 60
K 0 14 60
A D 2 8 0
A P 1 209 0
A P 2 186 0
J B 76 10130 1 82 6913 576 0
J N 7 10151 21 6 1 0 0
K 0 -14 43
K 0 0 43
K 0 -14 60
K 0 0 60
K 0 21 60
A D 2 8 0
A P 1 215 0
A P 2 203 0
J N 7 10181 42 6 1729 576 0
K 0 -28 43
K 0 0 43
K 0 -28 60
K 0 0 60
K 0 14 60
A D 2 8 0
A P 1 209 0
A P 2 186 0
J N 7 10211 21 6 3457 576 0
K 0 -14 43
K 0 0 43
K 0 -14 60
K 0 0 60
K 0 21 60
A D 2 8 0
A P 1 215 0
A P 2 203 0
J N 7 10241 14 6 5185 576 0
K 0 -14 43
K 0 0 43
K 0 -14 60
K 0 0 60
K 0 21 60
A D 2 8 0
A P 1 220 0
A P 2 209 0
J B 77 10275 1 82 6913 576 0
J N 7 10296 14 6 1 0 0
K 0 -14 43
K 0 0 43
K 0 -14 60
K 0 0 60
K 0 21 60
A D 2 8 0
A P 1 220 0
A P 2 209 0
J N 7 10326 21 6 1729 576 0
K 0 -14 43
K 0 0 43
K 0 -14 60
K 0 0 60
K 0 21 60
A D 2 8 0
A P 1 215 0
A P 2 203 0
J N 7 10356 14 6 3457 576 0
K 0 -14 43
K 0 0 43
K 0 -14 60
K 0 0 60
K 0 21 60
A D 2 8 0
A P 1 220 0
A P 2 209 0
J N 7 10386 7 6 5185 576 0
K 0 -14 43
K 0 0 43
K 0 -14 60
K 0 0 60
K 0 21 60
A D 2 8 0
A P 1 226 0
A P 2 215 0
J B 78 10420 1 82 6913 576 0
J N 7 10441 7 8 1 0 1 47
K 0 -14 43
K 0 0 43
K -4 81 111
K 8 81 110
K 0 -14 60
K 0 0 60
K 0 21 60
A D 2 8 0
A P 1 226 0
A P 2 215 0
J N 6 10471 21 5 1729 576 1 47
K 0 -14 43
K 0 0 43
K 0 -14 60
K 0 0 54
A D 1 8 0
A P 1 215 0
A P 2 203 0
H 47 S 0 0 -14 0 -14 0 0 0 0
J R 6 10494 28 2 2593 288 0
K 0 0 49
A D 1 8 0
A P 1 0 0
J N 7 10517 7 7 3457 288 1 48
K 0 -14 43
K 0 0 43
K 0 81 110
K 0 -14 60
K 0 0 60
K 0 21 60
A D 2 8 0
A P 1 226 0
A P 2 215 0
J N 6 10547 21 5 5185 576 1 48
K 0 -14 43
K 0 0 43
K 0 -14 60
K 0 0 54
A D 1 8 0
A P 1 215 0
A P 2 203 0
H 48 S 0 0 -14 0 -14 0 0 0 0
J R 6 10570 28 2 6049 288 0
K 0 0 49
A D 1 8 0
A P 1 0 0
J B 79 10597 1 82 6913 288 0
J N 7 10618 7 7 1 0 1 49
K 0 -14 43
K 0 0 43
K 0 81 110
K 0 -14 60
K 0 0 60
K 0 21 60
A D 2 8 0
A P 1 226 0
A P 2 215 0
J N 6 10648 21 5 1729 576 1 49
K 0 -14 43
K 0 0 43
K 0 -14 60
K 0 0 54
A D 1 8 0
A P 1 215 0
A P 2 203 0
H 49 S 0 0 -14 0 -14 0 0 0 0
J R 6 10671 28 2 2593 288 0
K 0 0 49
A D 1 8 0
A P 1 0 0
J N 7 10694 7 7 3457 288 1 50
K 0 -14 43
K 0 0 43
K 0 81 110
K 0 -14 60
K 0 0 60
K 0 21 60
A D 2 8 0
A P 1 226 0
A P 2 215 0
J N 6 10724 21 5 5185 576 1 50
K 0 -14 43
K 0 0 43
K 0 -14 60
K 0 0 54
A D 1 8 0
A P 1 215 0
A P 2 203 0
H 50 S 0 0 -14 0 -14 0 0 0 0
J R 6 10747 28 2 6049 288 0
K 0 0 49
A D 1 8 0
A P 1 0 0
J B 80 10774 1 82 6913 288 0
J N 7 10795 7 7 1 0 1 51
K 0 -14 43
K 0 0 43
K 0 81 110
K 0 -14 60
K 0 0 60
K 0 21 60
A D 2 8 0
A P 1 226 0
A P 2 215 0
J N 6 10825 21 5 1729 576 1 51
K 0 -14 43
K 0 0 43
K 0 -14 60
K 0 0 54
A D 1 8 0
A P 1 215 0
A P 2 203 0
H 51 S 0 0 -14 0 -14 0 0 0 0
J R 6 10848 28 2 2593 288 0
K 0 0 49
A D 1 8 0
A P 1 0 0
J N 7 10871 7 7 3457 288 1 52
K 0 -14 43
K 0 0 43
K 0 81 110
K 0 -14 60
K 0 0 60
K 0 21 60
A D 2 8 0
A P 1 226 0
A P 2 215 0
J N 6 10901 21 5 5185 576 1 52
K 0 -14 43
K 0 0 43
K 0 -14 60
K 0 0 54
A D 1 8 0
A P 1 215 0
A P 2 203 0
H 52 S 0 0 -14 0 -14 0 0 0 0
J R 6 10924 28 2 6049 288 0
K 0 0 49
A D 1 8 0
A P 1 0 0
J B 81 10951 1 82 6913 288 0
J N 7 10972 7 7 1 0 1 53
K 0 -14 43
K 0 0 43
K 0 81 110
K 0 -14 60
K 0 0 60
K 0 21 60
A D 2 8 0
A P 1 226 0
A P 2 215 0
J N 6 11002 21 5 1729 576 1 53
K 0 -14 43
K 0 0 43
K 0 -14 60
K 0 0 54
A D 1 8 0
A P 1 215 0
A P 2 203 0
H 53 S 0 0 -14 0 -14 0 0 0 0
J R 6 11025 28 2 2593 288 0
K 0 0 49
A D 1 8 0
A P 1 0 0
J N 7 11048 7 7 3457 288 1 54
K 0 -14 43
K 0 0 43
K 0 81 110
K 0 -14 60
K 0 0 60
K 0 21 60
A D 2 8 0
A P 1 226 0
A P 2 215 0
J N 6 11078 21 5 5185 576 1 54
K 0 -14 43
K 0 0 43
K 0 -14 60
K 0 0 54
A D 1 8 0
A P 1 215 0
A P 2 203 0
H 54 S 0 0 -14 0 -14 0 0 0 0
J R 6 11101 28 2 6049 288 0
K 0 0 49
A D 1 8 0
A P 1 0 0
J B 82 11128 1 82 6913 288 0
J N 7 11149 7 7 1 0 1 55
K 0 -14 43
K 0 0 43
K 0 81 110
K 0 -14 60
K 0 0 60
K 0 21 60
A D 2 8 0
A P 1 226 0
A P 2 215 0
J N 6 11179 21 5 1729 576 1 55
K 0 -14 43
K 0 0 43
K 0 -14 60
K 0 0 54
A D 1 8 0
A P 1 215 0
A P 2 203 0
H 55 S 0 0 -14 0 -14 0 0 0 0
J R 6 11202 28 2 2593 288 0
K 0 0 49
A D 1 8 0
A P 1 0 0
J N 7 11225 7 7 3457 288 1 56
K 0 -14 43
K 0 0 43
K 0 81 110
K 0 -14 60
K 0 0 60
K 0 21 60
A D 2 8 0
A P 1 226 0
A P 2 215 0
J N 6 11255 21 5 5185 576 1 56
K 0 -14 43
K 0 0 43
K 0 -14 60
K 0 0 54
A D 1 8 0
A P 1 215 0
A P 2 203 0
H 56 S 0 0 -14 0 -14 0 0 0 0
J R 6 11278 28 2 6049 288 0
K 0 0 49
A D 1 8 0
A P 1 0 0
J B 83 11305 1 82 6913 288 0
J N 7 11326 7 7 1 0 1 57
K 0 -14 43
K 0 0 43
K 0 81 110
K 0 -14 60
K 0 0 60
K 0 21 60
A D 2 8 0
A P 1 226 0
A P 2 215 0
J N 6 11356 21 5 1729 576 1 57
K 0 -14 43
K 0 0 43
K 0 -14 60
K 0 0 54
A D 1 8 0
A P 1 215 0
A P 2 203 0
H 57 S 0 0 -14 0 -14 0 0 0 0
J R 6 11379 28 2 2593 288 0
K 0 0 49
A D 1 8 0
A P 1 0 0
J N 7 11402 7 7 3457 288 1 58
K 0 -14 43
K 0 0 43
K 0 81 110
K 0 -14 60
K 0 0 60
K 0 21 60
A D 2 8 0
A P 1 226 0
A P 2 215 0
J N 6 11432 21 5 5185 576 1 58
K 0 -14 43
K 0 0 43
K 0 -14 60
K 0 0 54
A D 1 8 0
A P 1 215 0
A P 2 203 0
H 58 S 0 0 -14 0 -14 0 0 0 0
J R 6 11455 28 2 6049 288 0
K 0 0 49
A D 1 8 0
A P 1 0 0
J B 84 11482 1 82 6913 288 0
J N 7 11503 7 7 1 0 1 59
K 0 -14 43
K 0 0 43
K 0 81 110
K 0 -14 60
K 0 0 60
K 0 21 60
A D 2 8 0
A P 1 226 0
A P 2 215 0
J N 6 11533 21 5 1729 576 1 59
K 0 -14 43
K 0 0 43
K 0 -14 60
K 0 0 54
A D 1 8 0
A P 1 215 0
A P 2 203 0
H 59 S 0 0 -14 0 -14 0 0 0 0
J R 6 11556 28 2 2593 288 0
K 0 0 49
A D 1 8 0
A P 1 0 0
J N 7 11579 7 7 3457 288 1 60
K 0 -14 43
K 0 0 43
K 0 81 110
K 0 -14 60
K 0 0 60
K 0 21 60
A D 2 8 0
A P 1 226 0
A P 2 215 0
J N 6 11609 21 5 5185 576 1 60
K 0 -14 43
K 0 0 43
K 0 -14 60
K 0 0 54
A D 1 8 0
A P 1 215 0
A P 2 203 0
H 60 S 0 0 -14 0 -14 0 0 0 0
J R 6 11632 28 2 6049 288 0
K 0 0 49
A D 1 8 0
A P 1 0 0
J B 85 11659 1 82 6913 288 0
J N 7 11680 7 7 1 0 1 61
K 0 -14 43
K 0 0 43
K 0 81 110
K 0 -14 60
K 0 0 60
K 0 21 60
A D 2 8 0
A P 1 226 0
A P 2 215 0
J N 6 11710 21 5 1729 576 1 61
K 0 -14 43
K 0 0 43
K 0 -14 60
K 0 0 54
A D 1 8 0
A P 1 215 0
A P 2 203 0
H 61 S 0 0 -14 0 -14 0 0 0 0
J R 6 11733 28 2 2593 288 0
K 0 0 49
A D 1 8 0
A P 1 0 0
J N 7 11756 7 7 3457 288 1 62
K 0 -14 43
K 0 0 43
K 0 81 110
K 0 -14 60
K 0 0 60
K 0 21 60
A D 2 8 0
A P 1 226 0
A P 2 215 0
J N 6 11786 21 5 5185 576 1 62
K 0 -14 43
K 0 0 43
K 0 -14 60
K 0 0 54
A D 1 8 0
A P 1 215 0
A P 2 203 0
H 62 S 0 0 -14 0 -14 0 0 0 0
J R 6 11809 28 2 6049 288 0
K 0 0 49
A D 1 8 0
A P 1 0 0
J B 86 11836 1 82 6913 288 0
J N 7 11857 7 6 1 0 0
K 0 -14 43
K 0 0 43
K 0 -14 60
K 0 0 60
K 0 21 60
A D 2 8 0
A P 1 226 0
A P 2 215 0
J N 8 11887 21 12 1729 576 2 63 64
K 1 49 45
K 0 0 42
K 25 0 44
K 0 49 42
K -1 49 45
K 2 49 45
K 24 43 44
K 0 49 59
K 0 21 59
K 0 0 59
K 0 -14 59
A D 6 8 1
A P 1 203 1
A P 2 163 1
J B 87 11945 1 82 6913 1728 0
J N 9 11966 21 7 1 0 2 63 64
K 1 49 45
K 7 49 45
K 0 0 41
K 0 49 41
K -1 49 45
K 2 49 45
A D 8 8 0
A P 1 203 0
A P 2 163 0
H 63 T 21 0 0 0 0 0 3 0
H 64 T 70 0 0 0 0 0 13 0
J B 88 12033 1 82 6913 2304 0
J N 7 12054 21 10 1 0 0
K 1 49 45
K 0 0 43
K 0 49 43
K -1 49 45
K 2 49 45
K 0 49 59
K 0 21 59
K 0 0 59
K 0 -14 59
A D 2 8 0
A P 1 203 0
A P 2 163 0
J R 7 12084 28 2 1729 576 0
K 0 0 48
A D 2 8 1
A P 1 0 1
J R 8 12114 28 2 3457 576 0
K 0 0 47
A D 4 8 0
A P 1 0 0
J B 89 12160 1 82 6913 1152 0
J N 7 12181 21 10 1 0 0
K 1 49 45
K 0 0 43
K 0 49 43
K -1 49 45
K 2 49 45
K 0 49 59
K 0 21 59
K 0 0 59
K 0 -14 59
A D 2 8 0
A P 1 203 0
A P 2 163 0
J R 7 12211 28 2 1729 576 0
K 0 0 48
A D 2 8 1
A P 1 0 1
J R 8 12241 28 2 3457 576 0
K 0 0 47
A D 4 8 0
A P 1 0 0
J B 90 12287 1 82 6913 1152 0
J N 7 12308 21 10 1 0 0
K 1 49 45
K 0 0 43
K 0 49 43
K -1 49 45
K 2 49 45
K 0 49 59
K 0 21 59
K 0 0 59
K 0 -14 59
A D 2 8 0
A P 1 203 0
A P 2 163 0
J R 7 12338 28 2 1729 576 0
K 0 0 48
A D 2 8 1
A P 1 0 1
J R 8 12368 28 3 3457 576 0
K 0 0 47
K 0 -35 101
A D 4 8 0
A P 1 0 0
J B 0 12427 6 2 6913 1152 0
K -13 0 82
K -6 0 84
J M 0 12427 0 0 10000 0 0
