X 46 1200C 120 III.  Lustiges Zusammensein der Landleute.
S 0 500 240 1750 1428 11 "[(....)][(..)][({..}.{..})]"
L 0 0 0 0 0 * 0 14 0
J D 0 -300 42 1 6913 0 0
W 0 0 39 Flauti 1, 2
J D 1 75 -37 1 6913 0 0
W 0 -56 0 (44) Third Movement: Lustiges Zusammensein der Landleute:  Flauti 1, 2
J C 4 5 42 2 6913 0 0
K 0 0 33
K 0 0 34
J K -1 57 0 1 6913 0 0
K 0 28 65
J D 5 88 -35 1 6913 0 0
W 0 0 40 Allegro.  (\0*\0& = 108)
J T 304 97 0 2 6913 0 0
K -10 28 74
K -10 56 75
J B 0 140 9 4 6913 0 0
K 0 0 84
K 12 0 82
K 18 21 44
K 18 35 44
J R 7 183 28 2 1 0 0
K 0 0 48
A D 2 8 0
A P 3 0 0
J B 1 217 1 82 6913 576 0
J R 9 261 28 2 1 0 0
K 0 0 46
A D 6 8 0
A P 3 0 0
J B 2 334 1 82 6913 1728 0
J R 9 378 28 2 1 0 0
K 0 0 46
A D 6 8 0
A P 3 0 0
J B 3 451 1 82 6913 1728 0
J R 9 495 28 2 1 0 0
K 0 0 46
A D 6 8 0
A P 3 0 0
J B 4 568 1 82 6913 1728 0
J R 9 612 28 2 1 0 0
K 0 0 46
A D 6 8 0
A P 3 0 0
J B 5 685 1 82 6913 1728 0
J R 9 742 28 2 1 0 0
K 0 0 46
A D 6 8 0
A P 3 0 0
J B 6 828 1 82 6913 1728 0
J R 9 885 28 2 1 0 0
K 0 0 46
A D 6 8 0
A P 3 0 0
J B 7 971 1 82 6913 1728 0
J R 9 1028 28 2 1 0 0
K 0 0 46
A D 6 8 0
A P 3 0 0
J B 8 1114 1 82 6913 1728 0
J R 7 1135 28 2 1 0 0
K 0 0 48
A D 2 8 1
A P 1 0 1
J R 7 1166 28 2 2305 576 0
K 0 0 48
A D 2 8 0
A P 1 0 0
J D 0 1189 0 1 4609 576 0
W 0 -28 32 1.
J D 0 1154 0 1 4609 0 0
W 0 95 36 dolce
J N 7 1196 35 4 4609 0 1 1
K 0 0 43
K 0 0 59
K 0 -21 59
A D 2 8 0
A P 1 192 0
J B 9 1229 1 82 6913 576 0
J N 8 1250 14 4 1 0 0
K 0 0 42
K 0 0 60
K 0 21 60
A D 4 8 0
A P 1 209 0
J N 7 1310 0 5 4609 1152 0
K -18 0 63
K 0 0 43
K 0 0 60
K 0 21 60
A D 2 8 0
A P 1 221 0
J B 10 1343 1 82 6913 576 0
J N 7 1364 -14 7 1 0 0
K 0 0 45
K 0 0 43
K -1 0 45
K 2 0 45
K 0 0 60
K 0 21 60
A D 2 8 0
A P 1 232 0
J N 7 1407 0 5 2305 576 1 1
K -18 0 63
K 0 0 43
K 0 0 60
K 0 21 60
A D 2 8 0
A P 1 221 0
H 1 S 0 14 0 0 -14 1 0 0 0
J N 7 1437 0 4 4609 576 1 2
K 0 0 43
K 0 0 60
K 0 21 60
A D 2 8 0
A P 1 221 0
J B 11 1470 1 82 6913 576 0
J N 7 1491 -14 7 1 0 0
K 0 0 45
K 0 0 43
K -1 0 45
K 2 0 45
K 0 0 60
K 0 21 60
A D 2 8 0
A P 1 232 0
J N 7 1535 -28 9 2305 576 0
K 0 14 45
K 0 0 45
K -18 0 63
K 0 0 43
K -1 0 45
K 2 0 45
K 0 0 60
K 0 28 60
A D 2 8 0
A P 1 244 0
J N 6 1565 -35 6 4609 576 1 3
K 0 21 45
K 0 7 45
K 0 0 43
K 0 7 45
K 1 7 45
A D 1 8 0
A P 1 249 0
J N 6 1605 -21 6 5761 288 1 3
K 0 7 45
K -14 0 64
K 0 0 43
K 0 7 45
K 1 7 45
A D 1 8 0
A P 1 238 0
H 3 B -63 3 108 2 2 3
J B 12 1636 1 82 6913 288 0
J N 8 1657 -14 7 1 0 1 2
K 0 0 45
K 0 0 42
K -1 0 45
K 2 0 45
K 0 0 60
K 0 21 60
A D 4 8 0
A P 1 232 0
H 2 S 0 0 0 0 -14 2 0 0 0
J N 7 1717 -28 9 4609 1152 1 4
K 0 14 45
K 0 0 45
K -18 0 63
K 0 0 43
K -1 0 45
K 2 0 45
K 0 0 60
K 0 28 60
A D 2 8 0
A P 1 244 0
J B 13 1750 1 82 6913 576 0
J M 0 1750 -33 0 6913 0 1 4
H 4 S 0 0 -7 0 0 0 0 0
E *
L 132 0 0 0 0 * 0 14 0
J D 0 -300 42 1 6913 0 0
W 0 0 39 Oboi 1, 2
J D 1 75 -37 1 6913 0 0
W 0 -56 0 (44) Third Movement: Lustiges Zusammensein der Landleute:  Oboi 1, 2
J C 4 5 42 2 6913 0 0
K 0 0 33
K 0 0 34
J K -1 57 0 1 6913 0 0
K 0 28 65
J T 304 97 0 2 6913 0 0
K -10 28 74
K -10 56 75
J B 0 140 9 4 6913 0 0
K 0 0 84
K 12 0 82
K 18 21 44
K 18 35 44
J R 7 183 28 2 1 0 0
K 0 0 48
A D 2 8 0
A P 3 0 0
J B 1 217 1 82 6913 576 0
J R 9 261 28 2 1 0 0
K 0 0 46
A D 6 8 0
A P 3 0 0
J B 2 334 1 82 6913 1728 0
J R 9 378 28 2 1 0 0
K 0 0 46
A D 6 8 0
A P 3 0 0
J B 3 451 1 82 6913 1728 0
J R 9 495 28 2 1 0 0
K 0 0 46
A D 6 8 0
A P 3 0 0
J B 4 568 1 82 6913 1728 0
J R 9 612 28 2 1 0 0
K 0 0 46
A D 6 8 0
A P 3 0 0
J B 5 685 1 82 6913 1728 0
J R 9 742 28 2 1 0 0
K 0 0 46
A D 6 8 0
A P 3 0 0
J B 6 828 1 82 6913 1728 0
J R 9 885 28 2 1 0 0
K 0 0 46
A D 6 8 0
A P 3 0 0
J B 7 971 1 82 6913 1728 0
J R 9 1028 28 2 1 0 0
K 0 0 46
A D 6 8 0
A P 3 0 0
J B 8 1114 1 82 6913 1728 0
J R 9 1157 28 2 1 0 0
K 0 0 46
A D 6 8 0
A P 3 0 0
J B 9 1229 1 82 6913 1728 0
J R 9 1272 28 2 1 0 0
K 0 0 46
A D 6 8 0
A P 3 0 0
J B 10 1343 1 82 6913 1728 0
J R 9 1392 28 2 1 0 0
K 0 0 46
A D 6 8 0
A P 3 0 0
J B 11 1470 1 82 6913 1728 0
J R 9 1539 28 2 1 0 0
K 0 0 46
A D 6 8 0
A P 3 0 0
J B 12 1636 1 82 6913 1728 0
J R 9 1679 28 2 1 0 0
K 0 0 46
A D 6 8 0
A P 3 0 0
J B 13 1750 1 82 6913 1728 0
E *
L 264 0 0 0 0 * 0 14 0
J D 0 -300 21 2 6913 0 0
W 0 0 39 Clarinetti 1, 2
W 0 42 39 in B\0.
J D 1 75 -37 1 6913 0 0
W 0 -56 0 (44) Third Movement: Lustiges Zusammensein der Landleute:  Clarinetti 1, 2   in B\0.
J C 4 5 42 2 6913 0 0
K 0 0 33
K 0 0 34
J K 1 57 0 1 6913 0 0
K 0 0 63
J T 304 97 0 2 6913 0 0
K -10 28 74
K -10 56 75
J B 0 140 9 4 6913 0 0
K 0 0 84
K 12 0 82
K 18 21 44
K 18 35 44
J R 7 183 28 2 1 0 0
K 0 0 48
A D 2 8 0
A P 3 0 0
J B 1 217 1 82 6913 576 0
J R 9 261 28 2 1 10000 0
K 0 0 46
A D 6 8 0
A P 3 0 0
J B 2 334 1 82 6913 1728 0
J R 9 378 28 2 1 10000 0
K 0 0 46
A D 6 8 0
A P 3 0 0
J B 3 451 1 82 6913 1728 0
J R 9 495 28 2 1 10000 0
K 0 0 46
A D 6 8 0
A P 3 0 0
J B 4 568 1 82 6913 1728 0
J R 9 612 28 2 1 10000 0
K 0 0 46
A D 6 8 0
A P 3 0 0
J B 5 685 1 82 6913 1728 0
J R 9 742 28 2 1 10000 0
K 0 0 46
A D 6 8 0
A P 3 0 0
J B 6 828 1 82 6913 1728 0
J R 9 885 28 2 1 10000 0
K 0 0 46
A D 6 8 0
A P 3 0 0
J B 7 971 1 82 6913 1728 0
J R 9 1028 28 2 1 10000 0
K 0 0 46
A D 6 8 0
A P 3 0 0
J B 8 1114 1 82 6913 1728 0
J R 9 1157 28 2 1 10000 0
K 0 0 46
A D 6 8 0
A P 3 0 0
J B 9 1229 1 82 6913 1728 0
J R 9 1272 28 2 1 10000 0
K 0 0 46
A D 6 8 0
A P 3 0 0
J B 10 1343 1 82 6913 1728 0
J R 9 1392 28 2 1 10000 0
K 0 0 46
A D 6 8 0
A P 3 0 0
J B 11 1470 1 82 6913 1728 0
J R 9 1539 28 2 1 10000 0
K 0 0 46
A D 6 8 0
A P 3 0 0
J B 12 1636 1 82 6913 1728 0
J R 9 1679 28 2 1 10000 0
K 0 0 46
A D 6 8 0
A P 3 0 0
J B 13 1750 1 82 6913 1728 0
E *
L 396 0 0 0 0 * 0 14 0
J D 0 -300 42 1 6913 0 0
W 0 0 39 Fagotti 1, 2
J D 1 75 -37 1 6913 0 0
W 0 -56 0 (44) Third Movement: Lustiges Zusammensein der Landleute:  Fagotti 1, 2
J C 22 5 14 36 6913 0 0
J K -1 57 0 1 6913 0 0
K 0 42 65
J T 304 97 0 2 6913 0 0
K -10 28 74
K -10 56 75
J B 0 140 9 4 6913 0 0
K 0 0 84
K 12 0 82
K 18 21 44
K 18 35 44
J R 7 183 28 2 1 0 0
K 0 0 48
A D 2 8 0
A P 3 0 0
J B 1 217 1 82 6913 576 0
J R 9 261 28 2 1 0 0
K 0 0 46
A D 6 8 0
A P 3 0 0
J B 2 334 1 82 6913 1728 0
J R 9 378 28 2 1 0 0
K 0 0 46
A D 6 8 0
A P 3 0 0
J B 3 451 1 82 6913 1728 0
J R 9 495 28 2 1 0 0
K 0 0 46
A D 6 8 0
A P 3 0 0
J B 4 568 1 82 6913 1728 0
J R 9 612 28 2 1 0 0
K 0 0 46
A D 6 8 0
A P 3 0 0
J B 5 685 1 82 6913 1728 0
J R 9 742 28 2 1 0 0
K 0 0 46
A D 6 8 0
A P 3 0 0
J B 6 828 1 82 6913 1728 0
J R 9 885 28 2 1 0 0
K 0 0 46
A D 6 8 0
A P 3 0 0
J B 7 971 1 82 6913 1728 0
J R 9 1028 28 2 1 0 0
K 0 0 46
A D 6 8 0
A P 3 0 0
J B 8 1114 1 82 6913 1728 0
J R 7 1135 28 2 1 0 0
K 0 0 48
A D 2 8 1
A P 1 0 1
J R 7 1166 28 2 2305 576 0
K 0 0 48
A D 2 8 0
A P 1 0 0
J N 7 1196 49 9 4609 576 1 1
K 0 -49 43
K 0 0 43
K -12 63 108
K 11 63 108
K 0 -49 60
K 0 -28 60
K 0 0 60
K 0 14 60
A D 2 8 0
A P 1 152 0
A P 2 112 0
J B 9 1229 1 82 6913 576 0
J N 8 1250 28 10 1 0 1 1
K 0 -42 45
K 0 -49 42
K 0 -42 45
K 1 -42 45
K 0 0 42
K 0 -49 60
K 0 -28 60
K 0 0 60
K 0 21 60
A D 4 8 0
A P 1 169 0
A P 2 129 0
H 1 S 0 0 -49 0 -49 0 0 0 0
J N 7 1310 28 10 4609 1152 2 2 3
K 0 -42 45
K 0 -49 43
K 0 -42 45
K 1 -42 45
K 0 0 43
K 0 -49 60
K 0 -28 60
K 0 0 60
K 0 21 60
A D 2 8 1
A P 1 169 1
A P 2 129 1
J B 10 1343 1 82 6913 576 0
J N 8 1364 28 10 1 0 2 2 3
K 0 -42 45
K 0 -49 42
K 0 -42 45
K 1 -42 45
K 0 0 42
K 0 -49 60
K 0 -28 60
K 0 0 60
K 0 21 60
A D 4 8 0
A P 1 169 0
A P 2 129 0
H 2 T -21 0 0 0 0 0 1 0
H 3 T 28 0 0 0 0 0 15 0
J N 7 1437 28 10 4609 1152 2 4 5
K 0 -42 45
K 0 -49 43
K 0 -42 45
K 1 -42 45
K 0 0 43
K 0 -49 60
K 0 -28 60
K 0 0 60
K 0 21 60
A D 2 8 1
A P 1 169 1
A P 2 129 1
J B 11 1470 1 82 6913 576 0
J N 8 1491 28 10 1 0 2 4 5
K 0 -42 45
K 0 -49 42
K 0 -42 45
K 1 -42 45
K 0 0 42
K 0 -49 60
K 0 -28 60
K 0 0 60
K 0 21 60
A D 4 8 0
A P 1 169 0
A P 2 129 0
H 4 T -21 0 0 0 0 0 1 0
H 5 T 28 0 0 0 0 0 15 0
J N 7 1565 28 10 4609 1152 2 6 7
K 0 -42 45
K 0 -49 43
K 0 -42 45
K 1 -42 45
K 0 0 43
K 0 -49 60
K 0 -28 60
K 0 0 60
K 0 21 60
A D 2 8 1
A P 1 169 1
A P 2 129 1
J B 12 1636 1 82 6913 576 0
J N 8 1657 28 10 1 0 2 6 7
K 0 -42 45
K 0 -49 42
K 0 -42 45
K 1 -42 45
K 0 0 42
K 0 -49 60
K 0 -28 60
K 0 0 60
K 0 21 60
A D 4 8 0
A P 1 169 0
A P 2 129 0
H 6 T -21 0 0 0 0 0 1 0
H 7 T 28 0 0 0 0 0 15 0
J N 7 1717 28 10 4609 1152 2 8 9
K 0 -42 45
K 0 -49 43
K 0 -42 45
K 1 -42 45
K 0 0 43
K 0 -49 60
K 0 -28 60
K 0 0 60
K 0 21 60
A D 2 8 1
A P 1 169 1
A P 2 129 1
J B 13 1750 1 82 6913 576 0
J M 0 1750 0 0 6913 0 1 8
H 8 T -21 0 0 0 0 0 1 0
J M 0 1750 0 0 6913 0 1 9
H 9 T 28 0 0 0 0 0 15 0
E *
L 551 0 0 0 0 * 0 14 0
J D 0 -300 21 2 6913 0 0
W 0 0 39 Corni 1, 2
W 0 42 39 in F
J D 1 75 -37 1 6913 0 0
W 0 -56 0 (44) Third Movement: Lustiges Zusammensein der Landleute:  Corni 1, 2        in F
J C 4 5 42 2 6913 0 0
K 0 0 33
K 0 0 34
J K 0 57 0 0 6913 0 0
J T 304 97 0 2 6913 0 0
K -10 28 74
K -10 56 75
J B 0 140 9 4 6913 0 0
K 0 0 84
K 12 0 82
K 18 21 44
K 18 35 44
J R 7 183 28 2 1 0 0
K 0 0 48
A D 1 4 0
A P 3 0 0
J B 1 217 1 82 6913 576 0
J R 9 261 28 2 1 0 0
K 0 0 46
A D 3 4 0
A P 3 0 0
J B 2 334 1 82 6913 1728 0
J R 9 378 28 2 1 0 0
K 0 0 46
A D 3 4 0
A P 3 0 0
J B 3 451 1 82 6913 1728 0
J R 9 495 28 2 1 0 0
K 0 0 46
A D 3 4 0
A P 3 0 0
J B 4 568 1 82 6913 1728 0
J R 9 612 28 2 1 0 0
K 0 0 46
A D 3 4 0
A P 3 0 0
J B 5 685 1 82 6913 1728 0
J R 9 742 28 2 1 0 0
K 0 0 46
A D 3 4 0
A P 3 0 0
J B 6 828 1 82 6913 1728 0
J R 9 885 28 2 1 0 0
K 0 0 46
A D 3 4 0
A P 3 0 0
J B 7 971 1 82 6913 1728 0
J R 9 1028 28 2 1 0 0
K 0 0 46
A D 3 4 0
A P 3 0 0
J B 8 1114 1 82 6913 1728 0
J R 9 1157 28 2 1 0 0
K 0 0 46
A D 3 4 0
A P 3 0 0
J B 9 1229 1 82 6913 1728 0
J R 9 1272 28 2 1 0 0
K 0 0 46
A D 3 4 0
A P 3 0 0
J B 10 1343 1 82 6913 1728 0
J R 9 1392 28 2 1 0 0
K 0 0 46
A D 3 4 0
A P 3 0 0
J B 11 1470 1 82 6913 1728 0
J R 9 1539 28 2 1 0 0
K 0 0 46
A D 3 4 0
A P 3 0 0
J B 12 1636 1 82 6913 1728 0
J R 9 1679 28 2 1 0 0
K 0 0 46
A D 3 4 0
A P 3 0 0
J B 13 1750 1 82 6913 1728 0
E *
L 691 0 0 0 0 * 0 14 0
J D 0 -300 21 2 6913 0 0
W 0 0 39 Trombe 1, 2
W 0 42 39 in C
J D 1 75 -37 1 6913 0 0
W 0 -56 0 (44) Third Movement: Lustiges Zusammensein der Landleute:  Trombe 1, 2       in C
J C 4 5 42 2 6913 0 0
K 0 0 33
K 0 0 34
J K 0 57 0 0 6913 0 0
J T 304 97 0 2 6913 0 0
K -10 28 74
K -10 56 75
J B 0 140 9 4 6913 0 0
K 0 0 84
K 12 0 82
K 18 21 44
K 18 35 44
J R 7 183 28 2 1 0 0
K 0 0 48
A D 1 4 0
A P 3 0 0
J B 1 217 1 82 6913 576 0
J R 9 261 28 2 1 0 0
K 0 0 46
A D 3 4 0
A P 3 0 0
J B 2 334 1 82 6913 1728 0
J R 9 378 28 2 1 0 0
K 0 0 46
A D 3 4 0
A P 3 0 0
J B 3 451 1 82 6913 1728 0
J R 9 495 28 2 1 0 0
K 0 0 46
A D 3 4 0
A P 3 0 0
J B 4 568 1 82 6913 1728 0
J R 9 612 28 2 1 0 0
K 0 0 46
A D 3 4 0
A P 3 0 0
J B 5 685 1 82 6913 1728 0
J R 9 742 28 2 1 0 0
K 0 0 46
A D 3 4 0
A P 3 0 0
J B 6 828 1 82 6913 1728 0
J R 9 885 28 2 1 0 0
K 0 0 46
A D 3 4 0
A P 3 0 0
J B 7 971 1 82 6913 1728 0
J R 9 1028 28 2 1 0 0
K 0 0 46
A D 3 4 0
A P 3 0 0
J B 8 1114 1 82 6913 1728 0
J R 9 1157 28 2 1 0 0
K 0 0 46
A D 3 4 0
A P 3 0 0
J B 9 1229 1 82 6913 1728 0
J R 9 1272 28 2 1 0 0
K 0 0 46
A D 3 4 0
A P 3 0 0
J B 10 1343 1 82 6913 1728 0
J R 9 1392 28 2 1 0 0
K 0 0 46
A D 3 4 0
A P 3 0 0
J B 11 1470 1 82 6913 1728 0
J R 9 1539 28 2 1 0 0
K 0 0 46
A D 3 4 0
A P 3 0 0
J B 12 1636 1 82 6913 1728 0
J R 9 1679 28 2 1 0 0
K 0 0 46
A D 3 4 0
A P 3 0 0
J B 13 1750 1 82 6913 1728 0
E *
L 843 0 0 0 0 * 0 14 0
J D 0 -300 42 1 6913 0 0
W 0 0 39 Violino I
J D 1 75 -37 1 6913 0 0
W 0 -56 0 (44) Third Movement: Lustiges Zusammensein der Landleute:  Violino I
J C 4 5 42 2 6913 0 0
K 0 0 33
K 0 0 34
J K -1 57 0 1 6913 0 0
K 0 28 65
J T 304 97 0 2 6913 0 0
K -10 28 74
K -10 56 75
J D 0 94 0 1 6913 0 0
W 0 -35 40 Allegro.  (\0*\0& = 108)
J B 0 140 9 4 6913 0 0
K 0 0 84
K 12 0 82
K 18 21 44
K 18 35 44
J N 7 183 21 7 1 0 0
K 0 0 43
K 0 -14 96
K -19 72 108
K 4 72 108
K 0 0 60
K 0 21 60
A D 2 8 0
A P 1 203 0
J B 1 217 1 82 6913 576 0
J N 7 238 0 5 1 0 0
K 0 0 43
K 0 -17 96
K 0 0 60
K 0 21 60
A D 2 8 0
A P 1 220 0
J N 7 269 21 5 2305 576 0
K 0 0 43
K 0 -14 96
K 0 0 60
K 0 21 60
A D 2 8 0
A P 1 203 0
J N 7 300 14 5 4609 576 0
K 0 0 43
K 0 -21 96
K 0 0 60
K 0 21 60
A D 2 8 0
A P 1 209 0
J B 2 334 1 82 6913 576 0
J N 7 355 21 4 1 0 0
K 0 0 43
K 0 0 60
K 0 21 60
A D 2 8 0
A P 1 203 0
J N 7 386 35 4 2305 576 0
K 0 0 43
K 0 0 59
K 0 -21 59
A D 2 8 0
A P 1 192 0
J N 7 417 28 4 4609 576 0
K 0 0 43
K 0 0 60
K 0 21 60
A D 2 8 0
A P 1 197 0
J B 3 451 1 82 6913 576 0
J N 7 472 35 4 1 0 0
K 0 0 43
K 0 0 59
K 0 -21 59
A D 2 8 0
A P 1 192 0
J N 7 503 49 4 2305 576 0
K 0 0 43
K 0 0 59
K 0 -21 59
A D 2 8 0
A P 1 180 0
J N 7 534 42 4 4609 576 0
K 0 0 43
K 0 0 59
K 0 -21 59
A D 2 8 0
A P 1 186 0
J B 4 568 1 82 6913 576 0
J N 7 589 35 4 1 0 0
K 0 0 43
K 0 0 59
K 0 -21 59
A D 2 8 0
A P 1 192 0
J N 7 620 49 4 2305 576 0
K 0 0 43
K 0 0 59
K 0 -21 59
A D 2 8 0
A P 1 180 0
J N 7 651 42 4 4609 576 0
K 0 0 43
K 0 0 59
K 0 -21 59
A D 2 8 0
A P 1 186 0
J B 5 685 1 82 6913 576 0
J G 5 706 49 3 1 0 0
K 0 0 171
K 0 0 183
A D 0 8 0
A P 1 180 0
J N 7 732 35 4 1 0 0
K 0 0 43
K 0 0 59
K 0 -21 59
A D 2 8 0
A P 1 192 0
J N 7 763 49 4 2305 576 0
K 0 0 43
K 0 0 59
K 0 -21 59
A D 2 8 0
A P 1 180 0
J N 7 794 42 4 4609 576 0
K 0 0 43
K 0 0 59
K 0 -21 59
A D 2 8 0
A P 1 186 0
J B 6 828 1 82 6913 576 0
J G 5 849 63 3 1 0 0
K 0 0 171
K 0 0 183
A D 0 8 0
A P 1 169 0
J N 7 875 49 4 1 0 0
K 0 0 43
K 0 0 59
K 0 -21 59
A D 2 8 0
A P 1 180 0
J N 7 906 63 4 2305 576 0
K 0 0 43
K 0 0 59
K 0 -21 59
A D 2 8 0
A P 1 169 0
J N 7 937 56 4 4609 576 0
K 0 0 43
K 0 0 59
K 0 -21 59
A D 2 8 0
A P 1 175 0
J B 7 971 1 82 6913 576 0
J G 5 992 84 7 1 0 0
K 1 -14 173
K 1 0 173
K 0 0 171
K -1 0 173
K 0 0 187
K 0 -14 183
A D 0 8 0
A P 1 152 0
J N 7 1018 63 4 1 0 0
K 0 0 43
K 0 0 59
K 0 -21 59
A D 2 8 0
A P 1 169 0
J N 7 1049 84 8 2305 576 0
K 1 -14 45
K 1 0 45
K 0 0 43
K -1 0 45
K 2 0 45
K 0 0 59
K 0 -28 59
A D 2 8 0
A P 1 152 0
J N 7 1080 84 8 4609 576 0
K 1 -14 45
K 1 0 45
K 0 0 43
K -1 0 45
K 2 0 45
K 0 0 59
K 0 -28 59
A D 2 8 0
A P 1 152 0
J B 8 1114 1 82 6913 576 0
J N 7 1135 84 8 1 0 0
K 1 -14 45
K 1 0 45
K 0 0 43
K -1 0 45
K 2 0 45
K 0 0 59
K 0 -28 59
A D 2 8 0
A P 1 152 0
J R 7 1166 28 2 2305 576 0
K 0 0 48
A D 2 8 0
A P 1 0 0
J D 0 1168 0 1 4609 576 0
W 0 91 36 dolce
J N 7 1196 35 4 4609 0 1 1
K 0 0 43
K 0 0 59
K 0 -21 59
A D 2 8 0
A P 1 192 0
J B 9 1229 1 82 6913 576 0
J N 8 1250 14 4 1 0 0
K 0 0 42
K 0 0 60
K 0 21 60
A D 4 8 0
A P 1 209 0
J N 7 1310 0 5 4609 1152 0
K -18 0 63
K 0 0 43
K 0 0 60
K 0 21 60
A D 2 8 0
A P 1 221 0
J B 10 1343 1 82 6913 576 0
J N 7 1364 -14 7 1 0 0
K 0 0 45
K 0 0 43
K -1 0 45
K 2 0 45
K 0 0 60
K 0 21 60
A D 2 8 0
A P 1 232 0
J N 7 1407 0 5 2305 576 1 1
K -18 0 63
K 0 0 43
K 0 0 60
K 0 21 60
A D 2 8 0
A P 1 221 0
H 1 S 0 14 0 0 -14 1 0 0 0
J N 7 1437 0 4 4609 576 1 2
K 0 0 43
K 0 0 60
K 0 21 60
A D 2 8 0
A P 1 221 0
J B 11 1470 1 82 6913 576 0
J N 7 1491 -14 7 1 0 0
K 0 0 45
K 0 0 43
K -1 0 45
K 2 0 45
K 0 0 60
K 0 21 60
A D 2 8 0
A P 1 232 0
J N 7 1535 -28 9 2305 576 0
K 0 14 45
K 0 0 45
K -18 0 63
K 0 0 43
K -1 0 45
K 2 0 45
K 0 0 60
K 0 28 60
A D 2 8 0
A P 1 244 0
J N 6 1565 -35 6 4609 576 1 3
K 0 21 45
K 0 7 45
K 0 0 43
K 0 7 45
K 1 7 45
A D 1 8 0
A P 1 249 0
J N 6 1605 -21 6 5761 288 1 3
K 0 7 45
K -14 0 64
K 0 0 43
K 0 7 45
K 1 7 45
A D 1 8 0
A P 1 238 0
H 3 B -63 3 108 2 2 3
J B 12 1636 1 82 6913 288 0
J N 8 1657 -14 7 1 0 1 2
K 0 0 45
K 0 0 42
K -1 0 45
K 2 0 45
K 0 0 60
K 0 21 60
A D 4 8 0
A P 1 232 0
H 2 S 0 0 0 0 -14 2 0 0 0
J N 7 1717 -28 9 4609 1152 1 4
K 0 14 45
K 0 0 45
K -18 0 63
K 0 0 43
K -1 0 45
K 2 0 45
K 0 0 60
K 0 28 60
A D 2 8 0
A P 1 244 0
J B 13 1750 1 82 6913 576 0
J M 0 1750 -33 0 6913 0 1 4
H 4 S 0 0 -7 0 0 0 0 0
E *
L 975 0 0 0 0 * 0 14 0
J D 0 -300 42 1 6913 0 0
W 0 0 39 Violino II
J D 1 75 -37 1 6913 0 0
W 0 -56 0 (44) Third Movement: Lustiges Zusammensein der Landleute:  Violino II
J C 4 5 42 2 6913 0 0
K 0 0 33
K 0 0 34
J K -1 57 0 1 6913 0 0
K 0 28 65
J D 5 88 -35 1 6913 0 0
W 0 0 0 (37) Allegro
J T 304 97 0 2 6913 0 0
K -10 28 74
K -10 56 75
J B 0 140 9 4 6913 0 0
K 0 0 84
K 12 0 82
K 18 21 44
K 18 35 44
J N 7 183 21 7 1 0 0
K 0 0 43
K 0 -14 96
K -19 72 108
K 4 72 108
K 0 0 60
K 0 21 60
A D 2 8 0
A P 1 203 0
J B 1 217 1 82 6913 576 0
J N 7 238 0 5 1 0 0
K 0 0 43
K 0 -17 96
K 0 0 60
K 0 21 60
A D 2 8 0
A P 1 220 0
J N 7 269 21 5 2305 576 0
K 0 0 43
K 0 -14 96
K 0 0 60
K 0 21 60
A D 2 8 0
A P 1 203 0
J N 7 300 14 5 4609 576 0
K 0 0 43
K 0 -21 96
K 0 0 60
K 0 21 60
A D 2 8 0
A P 1 209 0
J B 2 334 1 82 6913 576 0
J N 7 355 21 4 1 0 0
K 0 0 43
K 0 0 60
K 0 21 60
A D 2 8 0
A P 1 203 0
J N 7 386 35 4 2305 576 0
K 0 0 43
K 0 0 59
K 0 -21 59
A D 2 8 0
A P 1 192 0
J N 7 417 28 4 4609 576 0
K 0 0 43
K 0 0 60
K 0 21 60
A D 2 8 0
A P 1 197 0
J B 3 451 1 82 6913 576 0
J N 7 472 35 4 1 0 0
K 0 0 43
K 0 0 59
K 0 -21 59
A D 2 8 0
A P 1 192 0
J N 7 503 49 4 2305 576 0
K 0 0 43
K 0 0 59
K 0 -21 59
A D 2 8 0
A P 1 180 0
J N 7 534 42 4 4609 576 0
K 0 0 43
K 0 0 59
K 0 -21 59
A D 2 8 0
A P 1 186 0
J B 4 568 1 82 6913 576 0
J N 7 589 35 4 1 0 0
K 0 0 43
K 0 0 59
K 0 -21 59
A D 2 8 0
A P 1 192 0
J N 7 620 49 4 2305 576 0
K 0 0 43
K 0 0 59
K 0 -21 59
A D 2 8 0
A P 1 180 0
J N 7 651 42 4 4609 576 0
K 0 0 43
K 0 0 59
K 0 -21 59
A D 2 8 0
A P 1 186 0
J B 5 685 1 82 6913 576 0
J G 5 706 49 3 1 0 0
K 0 0 171
K 0 0 183
A D 0 8 0
A P 1 180 0
J N 7 732 35 4 1 0 0
K 0 0 43
K 0 0 59
K 0 -21 59
A D 2 8 0
A P 1 192 0
J N 7 763 49 4 2305 576 0
K 0 0 43
K 0 0 59
K 0 -21 59
A D 2 8 0
A P 1 180 0
J N 7 794 42 4 4609 576 0
K 0 0 43
K 0 0 59
K 0 -21 59
A D 2 8 0
A P 1 186 0
J B 6 828 1 82 6913 576 0
J G 5 849 63 3 1 0 0
K 0 0 171
K 0 0 183
A D 0 8 0
A P 1 169 0
J N 7 875 49 4 1 0 0
K 0 0 43
K 0 0 59
K 0 -21 59
A D 2 8 0
A P 1 180 0
J N 7 906 63 4 2305 576 0
K 0 0 43
K 0 0 59
K 0 -21 59
A D 2 8 0
A P 1 169 0
J N 7 937 56 4 4609 576 0
K 0 0 43
K 0 0 59
K 0 -21 59
A D 2 8 0
A P 1 175 0
J B 7 971 1 82 6913 576 0
J G 5 992 84 7 1 0 0
K 1 -14 173
K 1 0 173
K 0 0 171
K -1 0 173
K 0 0 187
K 0 -14 183
A D 0 8 0
A P 1 152 0
J N 7 1018 63 4 1 0 0
K 0 0 43
K 0 0 59
K 0 -21 59
A D 2 8 0
A P 1 169 0
J N 7 1049 84 8 2305 576 0
K 1 -14 45
K 1 0 45
K 0 0 43
K -1 0 45
K 2 0 45
K 0 0 59
K 0 -28 59
A D 2 8 0
A P 1 152 0
J N 7 1080 84 8 4609 576 0
K 1 -14 45
K 1 0 45
K 0 0 43
K -1 0 45
K 2 0 45
K 0 0 59
K 0 -28 59
A D 2 8 0
A P 1 152 0
J B 8 1114 1 82 6913 576 0
J N 7 1135 84 8 1 0 0
K 1 -14 45
K 1 0 45
K 0 0 43
K -1 0 45
K 2 0 45
K 0 0 59
K 0 -28 59
A D 2 8 0
A P 1 152 0
J R 7 1166 28 2 2305 576 0
K 0 0 48
A D 2 8 0
A P 1 0 0
J D 0 1168 0 1 4609 576 0
W 0 133 36 dolce
J N 7 1196 84 8 4609 0 1 1
K 1 -14 45
K 1 0 45
K 0 0 43
K -1 0 45
K 2 0 45
K 0 0 59
K 0 -28 59
A D 2 8 0
A P 1 152 0
J B 9 1229 1 82 6913 576 0
J N 8 1250 63 4 1 0 0
K 0 0 42
K 0 0 59
K 0 -21 59
A D 4 8 0
A P 1 169 0
J N 7 1310 49 5 4609 1152 0
K -18 0 63
K 0 0 43
K 0 0 59
K 0 -21 59
A D 2 8 0
A P 1 181 0
J B 10 1343 1 82 6913 576 0
J N 7 1364 35 4 1 0 0
K 0 0 43
K 0 0 59
K 0 -21 59
A D 2 8 0
A P 1 192 0
J N 7 1407 49 5 2305 576 1 1
K -18 0 63
K 0 0 43
K 0 0 59
K 0 -21 59
A D 2 8 0
A P 1 181 0
H 1 S 12 0 0 0 0 0 0 0 0
J N 7 1437 49 4 4609 576 1 2
K 0 0 43
K 0 0 59
K 0 -21 59
A D 2 8 0
A P 1 181 0
J B 11 1470 1 82 6913 576 0
J N 7 1491 35 4 1 0 0
K 0 0 43
K 0 0 59
K 0 -21 59
A D 2 8 0
A P 1 192 0
J N 7 1535 21 5 2305 576 0
K -18 0 63
K 0 0 43
K 0 0 60
K 0 21 60
A D 2 8 0
A P 1 204 0
J N 6 1565 14 2 4609 576 1 3
K 0 0 43
A D 1 8 0
A P 1 209 0
J N 6 1605 28 3 5761 288 1 3
K -14 0 64
K 0 0 43
A D 1 8 0
A P 1 198 0
H 3 B -56 4 108 2 2 3
J B 12 1636 1 82 6913 288 0
J N 8 1657 35 4 1 0 1 2
K 0 0 42
K 0 0 59
K 0 -21 59
A D 4 8 0
A P 1 192 0
H 2 S 0 6 -49 6 -42 0 0 0 0
J N 7 1717 21 5 4609 1152 1 4
K -18 0 63
K 0 0 43
K 0 0 60
K 0 21 60
A D 2 8 0
A P 1 204 0
J B 13 1750 1 82 6913 576 0
J M 0 1750 8 0 6913 0 1 4
H 4 S 0 0 -14 0 0 0 0 0
E *
L 1107 0 0 0 0 * 0 14 0
J D 0 -300 42 1 6913 0 0
W 0 0 39 Viola
J D 1 75 -37 1 6913 0 0
W 0 -56 0 (44) Third Movement: Lustiges Zusammensein der Landleute:  Viola
J C 13 5 28 35 6913 0 0
J K -1 57 0 1 6913 0 0
K 0 35 65
J D 5 88 -35 1 6913 0 0
W 0 0 0 (37) Allegro
J T 304 97 0 2 6913 0 0
K -10 28 74
K -10 56 75
J B 0 140 9 4 6913 0 0
K 0 0 84
K 12 0 82
K 18 21 44
K 18 35 44
J N 7 183 28 7 1 0 0
K 0 0 43
K 0 -21 96
K -19 71 108
K 4 71 108
K 0 0 60
K 0 21 60
A D 2 8 0
A P 3 163 0
J B 1 217 1 82 6913 576 0
J N 7 238 7 5 1 0 0
K 0 0 43
K 0 -17 96
K 0 0 60
K 0 21 60
A D 2 8 0
A P 3 180 0
J N 7 269 28 5 2305 576 0
K 0 0 43
K 0 -21 96
K 0 0 60
K 0 21 60
A D 2 8 0
A P 3 163 0
J N 7 300 21 5 4609 576 0
K 0 0 43
K 0 -14 96
K 0 0 60
K 0 21 60
A D 2 8 0
A P 3 169 0
J B 2 334 1 82 6913 576 0
J N 7 355 28 4 1 0 0
K 0 0 43
K 0 0 60
K 0 21 60
A D 2 8 0
A P 3 163 0
J N 7 386 42 4 2305 576 0
K 0 0 43
K 0 0 59
K 0 -21 59
A D 2 8 0
A P 3 152 0
J N 7 417 35 4 4609 576 0
K 0 0 43
K 0 0 59
K 0 -21 59
A D 2 8 0
A P 3 157 0
J B 3 451 1 82 6913 576 0
J N 7 472 42 4 1 0 0
K 0 0 43
K 0 0 59
K 0 -21 59
A D 2 8 0
A P 3 152 0
J N 7 503 56 4 2305 576 0
K 0 0 43
K 0 0 59
K 0 -21 59
A D 2 8 0
A P 3 140 0
J N 7 534 49 4 4609 576 0
K 0 0 43
K 0 0 59
K 0 -21 59
A D 2 8 0
A P 3 146 0
J B 4 568 1 82 6913 576 0
J N 7 589 42 4 1 0 0
K 0 0 43
K 0 0 59
K 0 -21 59
A D 2 8 0
A P 3 152 0
J N 7 620 56 4 2305 576 0
K 0 0 43
K 0 0 59
K 0 -21 59
A D 2 8 0
A P 3 140 0
J N 7 651 49 4 4609 576 0
K 0 0 43
K 0 0 59
K 0 -21 59
A D 2 8 0
A P 3 146 0
J B 5 685 1 82 6913 576 0
J N 7 732 42 4 1 0 0
K 0 0 43
K 0 0 59
K 0 -21 59
A D 2 8 0
A P 3 152 0
J N 7 763 7 4 2305 576 0
K 0 0 43
K 0 0 60
K 0 21 60
A D 2 8 0
A P 3 180 0
J N 7 794 0 4 4609 576 0
K 0 0 43
K 0 0 60
K 0 21 60
A D 2 8 0
A P 3 186 0
J B 6 828 1 82 6913 576 0
J N 7 875 7 4 1 0 0
K 0 0 43
K 0 0 60
K 0 21 60
A D 2 8 0
A P 3 180 0
J N 7 906 21 4 2305 576 0
K 0 0 43
K 0 0 60
K 0 21 60
A D 2 8 0
A P 3 169 0
J N 7 937 14 4 4609 576 0
K 0 0 43
K 0 0 60
K 0 21 60
A D 2 8 0
A P 3 175 0
J B 7 971 1 82 6913 576 0
J N 7 1018 21 4 1 0 0
K 0 0 43
K 0 0 60
K 0 21 60
A D 2 8 0
A P 3 169 0
J N 7 1049 42 4 2305 576 0
K 0 0 43
K 0 0 59
K 0 -21 59
A D 2 8 0
A P 3 152 0
J N 7 1080 42 4 4609 576 0
K 0 0 43
K 0 0 59
K 0 -21 59
A D 2 8 0
A P 3 152 0
J B 8 1114 1 82 6913 576 0
J N 7 1135 42 4 1 0 0
K 0 0 43
K 0 0 59
K 0 -21 59
A D 2 8 0
A P 3 152 0
J R 7 1166 28 2 2305 576 0
K 0 0 48
A D 2 8 0
A P 3 0 0
J D 0 1168 0 1 4609 576 0
W 0 116 36 dolce
J N 7 1196 42 4 4609 0 1 1
K 0 0 43
K 0 0 59
K 0 -21 59
A D 2 8 0
A P 3 152 0
J B 9 1229 1 82 6913 576 0
J N 8 1250 70 7 1 0 0
K 1 0 45
K 0 0 42
K -1 0 45
K 2 0 45
K 0 0 59
K 0 -21 59
A D 4 8 0
A P 3 129 0
J N 7 1310 56 5 4609 1152 0
K -18 0 63
K 0 0 43
K 0 0 59
K 0 -21 59
A D 2 8 0
A P 3 141 0
J B 10 1343 1 82 6913 576 0
J N 7 1364 42 4 1 0 0
K 0 0 43
K 0 0 59
K 0 -21 59
A D 2 8 0
A P 3 152 0
J N 7 1407 56 5 2305 576 1 1
K -18 0 63
K 0 0 43
K 0 0 59
K 0 -21 59
A D 2 8 0
A P 3 141 0
H 1 S 12 0 14 0 0 2 0 0 0
J N 7 1437 56 4 4609 576 1 2
K 0 0 43
K 0 0 59
K 0 -21 59
A D 2 8 0
A P 3 141 0
J B 11 1470 1 82 6913 576 0
J N 7 1491 42 4 1 0 0
K 0 0 43
K 0 0 59
K 0 -21 59
A D 2 8 0
A P 3 152 0
J N 7 1535 28 5 2305 576 0
K -18 0 63
K 0 0 43
K 0 0 60
K 0 21 60
A D 2 8 0
A P 3 164 0
J N 6 1565 21 2 4609 576 1 3
K 0 0 43
A D 1 8 0
A P 3 169 0
J N 6 1605 35 3 5761 288 1 3
K -14 0 64
K 0 0 43
A D 1 8 0
A P 3 158 0
H 3 B -51 4 108 2 2 3
J B 12 1636 1 82 6913 288 0
J N 8 1657 42 4 1 0 1 2
K 0 0 42
K 0 0 59
K 0 -21 59
A D 4 8 0
A P 3 152 0
H 2 S 12 0 7 0 28 0 0 0 0
J N 7 1717 28 5 4609 1152 1 4
K -18 0 63
K 0 0 43
K 0 0 59
K 0 -14 59
A D 2 8 0
A P 1 164 0
J N 7 1717 63 4 4609 0 0
K 0 0 43
K 0 0 60
K 0 14 60
A D 2 8 0
A P 2 135 0
J B 13 1750 1 82 6913 576 0
J M 0 1750 -14 0 6913 0 1 4
H 4 S 0 6 -42 0 0 0 0 0
E *
L 1242 0 0 0 0 * 0 14 0
J D 0 -300 42 1 6913 0 0
W 0 0 39 Violoncello
J D 1 75 -37 1 6913 0 0
W 0 -56 0 (44) Third Movement: Lustiges Zusammensein der Landleute:  Violoncello
J C 22 5 14 36 6913 0 0
J K -1 57 0 1 6913 0 0
K 0 42 65
J D 5 88 -35 1 6913 0 0
W 0 0 0 (37) Allegro
J T 304 97 0 2 6913 0 0
K -10 28 74
K -10 56 75
J B 0 140 9 4 6913 0 0
K 0 0 84
K 12 0 82
K 18 21 44
K 18 35 44
J R 7 183 28 2 1 0 0
K 0 0 48
A D 1 4 0
A P 1 0 0
J B 1 217 1 82 6913 576 0
J R 9 261 28 2 1 10000 0
K 0 0 46
A D 3 4 0
A P 1 0 0
J B 2 334 1 82 6913 1728 0
J R 9 378 28 2 1 10000 0
K 0 0 46
A D 3 4 0
A P 1 0 0
J B 3 451 1 82 6913 1728 0
J R 9 495 28 2 1 10000 0
K 0 0 46
A D 3 4 0
A P 1 0 0
J B 4 568 1 82 6913 1728 0
J R 7 589 28 2 1 0 0
K 0 0 48
A D 1 4 1
A P 1 0 1
J R 7 620 28 2 2305 576 0
K 0 0 48
A D 1 4 0
A P 1 0 0
J N 7 651 7 7 4609 576 0
K 0 0 43
K 0 -17 96
K -12 74 108
K 11 74 108
K 0 0 60
K 0 21 60
A D 1 4 0
A P 1 146 0
J B 5 685 1 82 6913 576 0
J N 7 732 0 5 1 0 0
K 0 0 43
K 0 -17 96
K 0 0 60
K 0 21 60
A D 1 4 0
A P 1 152 0
J N 7 763 14 5 2305 576 0
K 0 0 43
K 0 -21 96
K 0 0 60
K 0 21 60
A D 1 4 0
A P 1 140 0
J N 7 794 7 5 4609 576 0
K 0 0 43
K 0 -17 96
K 0 0 60
K 0 21 60
A D 1 4 0
A P 1 146 0
J B 6 828 1 82 6913 576 0
J N 7 875 14 4 1 0 0
K 0 0 43
K 0 0 60
K 0 21 60
A D 1 4 0
A P 1 140 0
J N 7 906 28 4 2305 576 0
K 0 0 43
K 0 0 60
K 0 21 60
A D 1 4 0
A P 1 129 0
J N 7 937 21 4 4609 576 0
K 0 0 43
K 0 0 60
K 0 21 60
A D 1 4 0
A P 1 135 0
J B 7 971 1 82 6913 576 0
J N 7 1018 28 4 1 0 0
K 0 0 43
K 0 0 60
K 0 21 60
A D 1 4 0
A P 1 129 0
J N 7 1049 49 4 2305 576 0
K 0 0 43
K 0 0 59
K 0 -21 59
A D 1 4 0
A P 1 112 0
J N 7 1080 49 4 4609 576 0
K 0 0 43
K 0 0 59
K 0 -21 59
A D 1 4 0
A P 1 112 0
J B 8 1114 1 82 6913 576 0
J N 7 1135 49 4 1 0 0
K 0 0 43
K 0 0 59
K 0 -21 59
A D 1 4 0
A P 1 112 0
J R 7 1166 28 2 2305 576 0
K 0 0 48
A D 1 4 0
A P 1 0 0
J N 7 1196 49 4 4609 576 0
K 0 0 43
K 0 0 59
K 0 -21 59
A D 1 4 0
A P 1 112 0
J B 9 1229 1 82 6913 576 0
J N 7 1250 28 4 1 0 0
K 0 0 43
K 0 0 60
K 0 21 60
A D 1 4 0
A P 1 129 0
J R 7 1280 28 2 2305 576 0
K 0 0 48
A D 1 4 1
A P 1 0 1
J R 7 1310 28 2 4609 576 0
K 0 0 48
A D 1 4 0
A P 1 0 0
J B 10 1343 1 82 6913 576 0
J N 7 1364 28 4 1 0 0
K 0 0 43
K 0 0 60
K 0 21 60
A D 1 4 0
A P 1 129 0
J R 7 1407 28 2 2305 576 0
K 0 0 48
A D 1 4 1
A P 1 0 1
J R 7 1437 28 2 4609 576 0
K 0 0 48
A D 1 4 0
A P 1 0 0
J B 11 1470 1 82 6913 576 0
J N 7 1491 28 4 1 0 0
K 0 0 43
K 0 0 60
K 0 21 60
A D 1 4 0
A P 1 129 0
J R 7 1535 28 2 2305 576 0
K 0 0 48
A D 1 4 1
A P 1 0 1
J R 7 1565 28 2 4609 576 0
K 0 0 48
A D 1 4 0
A P 1 0 0
J B 12 1636 1 82 6913 576 0
J N 7 1657 28 4 1 0 0
K 0 0 43
K 0 0 60
K 0 21 60
A D 1 4 0
A P 1 129 0
J R 7 1687 28 2 2305 576 0
K 0 0 48
A D 1 4 1
A P 1 0 1
J R 7 1717 28 2 4609 576 0
K 0 0 48
A D 1 4 0
A P 1 0 0
J B 13 1750 1 82 6913 576 0
E *
L 1372 0 0 0 0 * 0 14 0
J D 0 -300 42 1 6913 0 0
W 0 0 39 Contrabasso
J D 1 75 -37 1 6913 0 0
W 0 -56 0 (44) Third Movement: Lustiges Zusammensein der Landleute:  Contrabasso
J C 22 5 14 36 6913 0 0
J K -1 57 0 1 6913 0 0
K 0 42 65
J D 5 88 -35 1 6913 0 0
W 0 0 0 (37) Allegro
J T 304 97 0 2 6913 0 0
K -10 28 74
K -10 56 75
J B 0 140 9 4 6913 0 0
K 0 0 84
K 12 0 82
K 18 21 44
K 18 35 44
J R 7 183 28 2 1 0 0
K 0 0 48
A D 1 4 0
A P 1 0 0
J B 1 217 1 82 6913 576 0
J R 9 261 28 2 1 10000 0
K 0 0 46
A D 3 4 0
A P 1 0 0
J B 2 334 1 82 6913 1728 0
J R 9 378 28 2 1 10000 0
K 0 0 46
A D 3 4 0
A P 1 0 0
J B 3 451 1 82 6913 1728 0
J R 9 495 28 2 1 10000 0
K 0 0 46
A D 3 4 0
A P 1 0 0
J B 4 568 1 82 6913 1728 0
J R 9 612 28 2 1 10000 0
K 0 0 46
A D 3 4 0
A P 1 0 0
J B 5 685 1 82 6913 1728 0
J R 9 742 28 2 1 10000 0
K 0 0 46
A D 3 4 0
A P 1 0 0
J B 6 828 1 82 6913 1728 0
J R 7 875 28 2 1 0 0
K 0 0 48
A D 1 4 1
A P 1 0 1
J R 7 906 28 2 2305 576 0
K 0 0 48
A D 1 4 0
A P 1 0 0
J N 7 937 21 6 4609 576 0
K 0 0 43
K -12 74 108
K 11 74 108
K 0 0 60
K 0 21 60
A D 1 4 0
A P 1 135 0
J B 7 971 1 82 6913 576 0
J N 7 1018 28 4 1 0 0
K 0 0 43
K 0 0 60
K 0 21 60
A D 1 4 0
A P 1 129 0
J N 7 1049 49 4 2305 576 0
K 0 0 43
K 0 0 59
K 0 -21 59
A D 1 4 0
A P 1 112 0
J N 7 1080 49 4 4609 576 0
K 0 0 43
K 0 0 59
K 0 -21 59
A D 1 4 0
A P 1 112 0
J B 8 1114 1 82 6913 576 0
J N 7 1135 49 4 1 0 0
K 0 0 43
K 0 0 59
K 0 -21 59
A D 1 4 0
A P 1 112 0
J R 7 1166 28 2 2305 576 0
K 0 0 48
A D 1 4 0
A P 1 0 0
J N 7 1196 49 4 4609 576 0
K 0 0 43
K 0 0 59
K 0 -21 59
A D 1 4 0
A P 1 112 0
J B 9 1229 1 82 6913 576 0
J N 7 1250 28 4 1 0 0
K 0 0 43
K 0 0 60
K 0 21 60
A D 1 4 0
A P 1 129 0
J R 7 1280 28 2 2305 576 0
K 0 0 48
A D 1 4 1
A P 1 0 1
J R 7 1310 28 2 4609 576 0
K 0 0 48
A D 1 4 0
A P 1 0 0
J B 10 1343 1 82 6913 576 0
J N 7 1364 28 4 1 0 0
K 0 0 43
K 0 0 60
K 0 21 60
A D 1 4 0
A P 1 129 0
J R 7 1407 28 2 2305 576 0
K 0 0 48
A D 1 4 1
A P 1 0 1
J R 7 1437 28 2 4609 576 0
K 0 0 48
A D 1 4 0
A P 1 0 0
J B 11 1470 1 82 6913 576 0
J N 7 1491 28 4 1 0 0
K 0 0 43
K 0 0 60
K 0 21 60
A D 1 4 0
A P 1 129 0
J R 7 1535 28 2 2305 576 0
K 0 0 48
A D 1 4 1
A P 1 0 1
J R 7 1565 28 2 4609 576 0
K 0 0 48
A D 1 4 0
A P 1 0 0
J B 12 1636 1 82 6913 576 0
J N 7 1657 28 4 1 0 0
K 0 0 43
K 0 0 60
K 0 21 60
A D 1 4 0
A P 1 129 0
J R 7 1687 28 2 2305 576 0
K 0 0 48
A D 1 4 1
A P 1 0 1
J R 7 1717 28 2 4609 576 0
K 0 0 48
A D 1 4 0
A P 1 0 0
J B 13 1750 1 82 6913 576 0
E *
B 9 140 0
B 1 217 0
B 1 334 0
B 1 451 0
B 1 568 0
B 1 685 0
B 1 828 0
B 1 971 0
B 1 1114 0
B 1 1229 0
B 1 1343 0
B 1 1470 0
B 1 1636 0
B 1 1750 0
