S 0 200 140 2050 1588 12 "[(....)][({..}.)](.)[({..}..)]"
L 0 0 0 315 315 * 0 14 0
J D 0 -108 42 1 6913 0 0
W 0 0 31 Fl 1-2
J C 4 5 42 2 6913 0 0
K 0 0 33
K 0 0 34
J K -1 57 0 1 6913 0 0
K 0 28 65
J D 0 56 -14 1 6913 0 0
W 0 0 37 \06\03
J N 8 115 -14 17 1 0 2 66 67
K 0 0 45
K 0 -14 45
K 0 -28 45
K 0 -42 45
K 0 -49 42
K 0 -42 45
K 1 -42 45
K 0 0 42
K -1 0 45
K 2 0 45
K 0 102 111
K 12 102 110
K 0 -49 60
K 0 -21 60
K 0 0 60
K 0 21 60
A D 48 96 1
A P 1 272 1
A P 2 232 1
J B 64 342 1 82 6913 1152 0
J N 8 365 -14 15 1 0 2 66 67
K 0 0 45
K 0 -14 45
K 0 -28 45
K 0 -42 45
K 0 -49 42
K 0 -42 45
K 1 -42 45
K 0 0 42
K -1 0 45
K 2 0 45
K 0 -49 60
K 0 -21 60
K 0 0 60
K 0 21 60
A D 48 96 0
A P 1 272 0
A P 2 232 0
H 66 T -63 0 0 0 0 0 1 0
H 67 T -14 0 0 0 0 0 15 0
J B 65 575 1 82 6913 1152 0
J D 0 596 0 1 1 0 0
W 0 93 36 ben marcato
J N 6 634 -21 13 1 0 1 68
K 0 7 45
K 0 -7 45
K -35 -7 63
K -50 0 65
K 0 -7 43
K -1 -7 45
K 2 -7 45
K -18 0 43
K -18 7 45
K -17 7 45
K 0 -24 96
K 0 -7 60
A D 12 96 0
A P 1 244 0
A P 2 237 0
J N 6 686 -14 11 1729 288 1 68
K 0 0 45
K 0 -14 45
K 0 -21 43
K 0 -14 45
K 1 -14 45
K 0 0 43
K -1 0 45
K 2 0 45
K 0 -38 96
K 0 -21 60
A D 12 96 0
A P 1 249 0
A P 2 232 0
J N 6 738 -28 13 3457 288 1 68
K 0 14 45
K 0 0 45
K 0 -14 45
K -18 0 63
K 0 -14 43
K -1 -14 45
K 2 -14 45
K 0 0 43
K -1 0 45
K 2 0 45
K 0 -31 96
K 0 -14 60
A D 12 96 0
A P 1 255 0
A P 2 244 0
J N 6 790 -35 12 5185 288 1 68
K 0 21 45
K 0 7 45
K 0 -7 45
K 0 -14 43
K 0 -7 45
K 1 -7 45
K 0 0 43
K 0 7 45
K 1 7 45
K 0 -31 96
K 0 -14 60
A D 12 96 0
A P 1 260 0
A P 2 249 0
H 68 B -53 0 108 4 2 1 1 3
J B 66 844 1 82 6913 288 0
J N 6 871 -42 18 1 0 0
K 0 28 45
K 0 14 45
K 0 0 45
K 0 -14 45
K 0 -14 43
K -1 -14 45
K 2 -14 45
K 24 -20 44
K 0 0 43
K -1 0 45
K 2 0 45
K 24 -6 44
K 0 130 111
K 12 130 110
K 0 -14 60
K 0 0 60
K 0 21 54
A D 18 96 0
A P 1 266 0
A P 2 255 0
J R 5 949 28 3 2593 432 0
K 0 14 49
K 4 0 50
A D 6 96 0
A P 1 0 0
J N 6 990 -35 17 3457 144 0
K 0 21 45
K 0 7 45
K 0 -7 45
K 0 -14 43
K 0 -7 45
K 1 -7 45
K 25 -14 44
K 0 0 43
K 0 7 45
K 1 7 45
K 25 0 44
K 0 123 111
K 12 123 110
K 0 -14 60
K 0 0 60
K 0 14 54
A D 18 96 0
A P 1 260 0
A P 2 249 0
J R 5 1068 28 3 6049 432 0
K 0 14 49
K 4 0 50
A D 6 96 0
A P 1 0 0
J B 67 1100 1 82 6913 144 0
J N 6 1127 -28 18 1 0 0
K 0 14 45
K 0 0 45
K 0 -14 45
K -18 0 63
K 0 -14 43
K -1 -14 45
K 2 -14 45
K 24 -20 44
K 0 0 43
K -1 0 45
K 2 0 45
K 24 -6 44
K 0 116 111
K 12 116 110
K 0 -14 60
K 0 0 60
K 0 7 54
A D 18 96 0
A P 1 255 0
A P 2 244 0
J R 5 1205 28 3 2593 432 0
K 0 14 49
K 4 0 50
A D 6 96 1
A P 1 0 1
J R 7 1233 28 2 3457 144 0
K 0 0 48
A D 24 96 0
A P 1 0 0
J B 68 1339 1 82 6913 576 0
J N 8 1360 -14 17 1 0 0
K 0 0 45
K 0 -14 45
K 0 -28 45
K 0 -42 45
K 0 -49 42
K 0 -42 45
K 1 -42 45
K 0 0 42
K -1 0 45
K 2 0 45
K 0 102 111
K 12 102 110
K 0 -49 60
K 0 -21 60
K 0 0 60
K 0 21 60
A D 48 96 0
A P 1 272 0
A P 2 232 0
J B 69 1570 1 82 6913 1152 0
J N 6 1597 -7 12 1 0 1 69
K 0 -7 45
K 0 -21 45
K 0 -35 45
K 0 -49 45
K 0 -49 43
K -1 -49 45
K 2 -49 45
K 0 0 43
K 0 -66 96
K 0 -49 60
K 0 -21 60
A D 12 96 0
A P 1 266 0
A P 2 226 0
J N 6 1649 0 11 1729 288 1 69
K 0 -14 45
K 0 -28 45
K 0 -42 45
K 0 -49 43
K 0 -42 45
K 1 -42 45
K 0 0 43
K 0 -66 96
K 0 -49 60
K 0 -21 60
A D 12 96 0
A P 1 260 0
A P 2 220 0
J N 6 1701 7 11 3457 288 1 69
K 0 -21 45
K 0 -35 45
K 0 -49 45
K 0 -49 43
K -1 -49 45
K 2 -49 45
K 0 0 43
K 0 -66 96
K 0 -49 60
K 0 -21 60
A D 12 96 0
A P 1 255 0
A P 2 215 0
J N 6 1753 14 10 5185 288 1 69
K 0 -28 45
K 0 -42 45
K 0 -49 43
K 0 -42 45
K 1 -42 45
K 0 0 43
K 0 -66 96
K 0 -49 60
K 0 -21 60
A D 12 96 0
A P 1 249 0
A P 2 209 0
H 69 B -63 1 108 4 2 1 1 3
J B 70 1807 1 82 6913 288 0
J N 6 1834 21 12 1 0 1 70
K 0 -35 45
K 0 -49 45
K -18 -49 63
K -18 0 63
K 0 -49 43
K -1 -49 45
K 2 -49 45
K 0 0 43
K 0 -66 96
K 0 -49 60
K 0 -21 60
A D 12 96 0
A P 1 244 0
A P 2 204 0
J N 6 1886 14 10 1729 288 1 70
K 0 -28 45
K 0 -42 45
K 0 -49 43
K 0 -42 45
K 1 -42 45
K 0 0 43
K 0 -66 96
K 0 -49 60
K 0 -21 60
A D 12 96 0
A P 1 249 0
A P 2 209 0
J N 6 1940 7 11 3457 288 1 70
K 0 -21 45
K 0 -35 45
K 0 -49 45
K 0 -49 43
K -1 -49 45
K 2 -49 45
K 0 0 43
K 0 -66 96
K 0 -49 60
K 0 -21 60
A D 12 96 0
A P 1 255 0
A P 2 215 0
J N 6 1992 0 11 5185 288 1 70
K 0 -14 45
K 0 -28 45
K 0 -42 45
K 0 -49 43
K 0 -42 45
K 1 -42 45
K 0 0 43
K 0 -66 96
K 0 -49 60
K 0 -21 60
A D 12 96 0
A P 1 260 0
A P 2 220 0
H 70 B -42 -1 108 4 2 1 1 3
J B 71 2050 1 82 6913 288 0
E *
L 132 0 0 315 315 * 0 14 0
J D 0 -119 42 1 6913 0 0
W 0 0 31 Ob 1-2
J C 4 5 42 2 6913 0 0
K 0 0 33
K 0 0 34
J K -1 57 0 1 6913 0 0
K 0 28 65
J D 0 56 -14 1 6913 0 0
W 0 0 0 \06\03
J N 8 115 35 12 1 0 2 69 70
K 0 -49 45
K 0 -49 42
K -1 -49 45
K 2 -49 45
K 0 0 42
K 0 68 111
K 12 68 110
K 0 -49 60
K 0 -21 60
K 0 0 60
K 0 14 60
A D 48 96 1
A P 1 232 1
A P 2 192 1
J B 64 342 1 82 6913 1152 0
J N 8 365 35 10 1 0 2 69 70
K 0 -49 45
K 0 -49 42
K -1 -49 45
K 2 -49 45
K 0 0 42
K 0 -49 60
K 0 -21 60
K 0 0 60
K 0 14 60
A D 48 96 0
A P 1 232 0
A P 2 192 0
H 69 T -14 0 0 0 0 0 5 0
H 70 T 35 0 0 0 0 0 11 0
J B 65 575 1 82 6913 1152 0
J D 0 631 0 1 1 0 0
W 0 113 36 ben marcato
J N 6 634 28 11 1 0 1 71
K 0 -42 45
K -15 -49 65
K -15 0 65
K 0 -49 43
K 0 -42 45
K 1 -42 45
K 0 0 43
K 0 -66 96
K 0 -49 60
K 0 -21 60
A D 12 96 0
A P 1 237 0
A P 2 197 0
J N 6 686 35 9 1729 288 1 71
K 0 -49 45
K 0 -49 43
K -1 -49 45
K 2 -49 45
K 0 0 43
K 0 -66 96
K 0 -49 60
K 0 -21 60
A D 12 96 0
A P 1 232 0
A P 2 192 0
J N 6 738 35 9 3457 288 1 71
K 0 -49 45
K 0 -49 43
K -1 -49 45
K 2 -49 45
K 0 0 43
K 0 -66 96
K 0 -49 60
K 0 -21 60
A D 12 96 0
A P 1 232 0
A P 2 192 0
J N 6 790 35 9 5185 288 1 71
K 0 -49 45
K 0 -49 43
K -1 -49 45
K 2 -49 45
K 0 0 43
K 0 -66 96
K 0 -49 60
K 0 -21 60
A D 12 96 0
A P 1 232 0
A P 2 192 0
H 71 B -49 0 108 4 2 1 1 3
J B 66 844 1 82 6913 288 0
J N 6 871 35 13 1 0 0
K 0 -49 45
K 0 -49 43
K -1 -49 45
K 2 -49 45
K 24 -55 44
K 0 0 43
K 25 0 44
K 0 67 111
K 12 67 110
K 0 -49 60
K 0 -21 60
K 0 0 52
A D 18 96 0
A P 1 232 0
A P 2 192 0
J R 5 949 28 3 2593 432 0
K 0 14 49
K 4 0 50
A D 6 96 0
A P 1 0 0
J N 6 990 35 13 3457 144 0
K 0 -49 45
K 0 -49 43
K -1 -49 45
K 2 -49 45
K 24 -55 44
K 0 0 43
K 25 0 44
K 0 67 111
K 12 67 110
K 0 -49 60
K 0 -21 60
K 0 0 52
A D 18 96 0
A P 1 232 0
A P 2 192 0
J R 5 1068 28 3 6049 432 0
K 0 14 49
K 4 0 50
A D 6 96 0
A P 1 0 0
J B 67 1100 1 82 6913 144 0
J N 6 1127 35 13 1 0 0
K 0 -49 45
K 0 -49 43
K -1 -49 45
K 2 -49 45
K 24 -55 44
K 0 0 43
K 25 0 44
K 0 67 111
K 12 67 110
K 0 -49 60
K 0 -21 60
K 0 0 52
A D 18 96 0
A P 1 232 0
A P 2 192 0
J R 5 1205 28 3 2593 432 0
K 0 14 49
K 4 0 50
A D 6 96 1
A P 1 0 1
J R 7 1233 28 2 3457 144 0
K 0 0 48
A D 24 96 0
A P 1 0 0
J B 68 1339 1 82 6913 576 0
J D 0 1346 0 1 1 0 0
W 0 -35 32 zu 2
J N 8 1360 -14 9 1 0 0
K 0 0 45
K 0 0 42
K -1 0 45
K 2 0 45
K 0 102 111
K 12 102 110
K 0 0 60
K 0 21 60
A D 48 96 0
A P 3 232 0
J B 69 1570 1 82 6913 1152 0
J N 6 1597 -7 3 1 0 1 72
K 0 0 43
K 0 -17 96
A D 12 96 0
A P 3 226 0
J N 6 1649 0 3 1729 288 1 72
K 0 0 43
K 0 -17 96
A D 12 96 0
A P 3 220 0
J N 6 1701 7 3 3457 288 1 72
K 0 0 43
K 0 -17 96
A D 12 96 0
A P 3 215 0
J N 6 1753 14 3 5185 288 1 72
K 0 0 43
K 0 -21 96
A D 12 96 0
A P 3 209 0
H 72 B -63 1 108 4 2 1 1 3
J B 70 1807 1 82 6913 288 0
J N 6 1834 21 4 1 0 1 73
K -18 0 63
K 0 0 43
K 0 -14 96
A D 12 96 0
A P 3 204 0
J N 6 1886 14 3 1729 288 1 73
K 0 0 43
K 0 -21 96
A D 12 96 0
A P 3 209 0
J N 6 1940 7 3 3457 288 1 73
K 0 0 43
K 0 -17 96
A D 12 96 0
A P 3 215 0
J N 6 1992 0 3 5185 288 1 73
K 0 0 43
K 0 -17 96
A D 12 96 0
A P 3 220 0
H 73 B -42 -1 108 4 2 1 1 3
J B 71 2050 1 82 6913 288 0
E *
L 264 0 0 315 315 * 0 14 0
J D 0 -110 42 1 6913 0 0
W 0 -21 31 Cl 1-2
J D 0 -110 42 1 6913 0 0
W 0 21 31 (B\0.)
J C 4 5 42 2 6913 0 0
K 0 0 33
K 0 0 34
J K 1 57 0 1 6913 0 0
K 0 0 63
J D 0 56 -14 1 6913 0 0
W 0 0 0 \06\03
J N 8 115 28 12 1 0 2 94 95
K 1 42 45
K 0 0 42
K 0 49 42
K 0 42 45
K 1 42 45
K 0 96 111
K 12 96 110
K 0 49 59
K 0 21 59
K 0 0 59
K 0 -14 59
A D 48 96 1
A P 1 198 1
A P 2 158 1
J B 64 342 1 82 6913 1152 0
J N 8 365 28 10 1 0 2 94 95
K 1 42 45
K 0 0 42
K 0 49 42
K 0 42 45
K 1 42 45
K 0 49 59
K 0 21 59
K 0 0 59
K 0 -14 59
A D 48 96 0
A P 1 198 0
A P 2 158 0
H 94 T 28 0 0 0 0 0 7 0
H 95 T 77 0 0 0 0 0 9 0
J B 65 575 1 82 6913 1152 0
J D 0 628 0 1 1 0 0
W 0 116 36 ben marcato
J N 6 634 14 8 1 0 1 96
K -18 0 63
K -18 49 63
K 0 0 43
K 0 49 43
K 0 66 96
K 0 49 59
K 0 21 59
A D 12 96 0
A P 1 210 0
A P 2 170 0
J N 6 686 7 6 1729 288 1 96
K 0 0 43
K 0 49 43
K 0 66 96
K 0 49 59
K 0 21 59
A D 12 96 0
A P 1 215 0
A P 2 175 0
J N 6 738 0 6 3457 288 1 96
K -18 14 63
K 0 0 43
K 0 14 43
K 0 35 96
K 0 14 59
A D 12 96 0
A P 1 221 0
A P 2 210 0
J N 6 790 -7 5 5185 288 1 96
K 0 0 43
K 0 14 43
K 0 28 96
K 0 14 59
A D 12 96 0
A P 1 226 0
A P 2 215 0
H 96 B 52 -2 108 4 2 1 1 3
J B 66 844 1 82 6913 288 0
J N 6 871 0 12 1 0 0
K 0 -14 45
K 0 -14 43
K -1 -14 45
K 2 -14 45
K 24 -20 44
K 0 0 43
K 24 -6 44
K 0 88 111
K 12 88 110
K 0 -14 60
K 0 0 54
A D 18 96 0
A P 1 232 0
A P 2 221 0
J R 5 949 28 3 2593 432 0
K 0 14 49
K 4 0 50
A D 6 96 0
A P 1 0 0
J N 6 990 7 9 3457 144 0
K 0 -14 43
K 25 -14 44
K 0 0 43
K 25 0 44
K 0 81 111
K 12 81 110
K 0 -14 60
K 0 0 54
A D 18 96 0
A P 1 226 0
A P 2 215 0
J R 5 1068 28 3 6049 432 0
K 0 14 49
K 4 0 50
A D 6 96 0
A P 1 0 0
J B 67 1100 1 82 6913 144 0
J N 6 1127 14 10 1 0 0
K -18 0 63
K 0 -14 43
K 24 -20 44
K 0 0 43
K 24 -6 44
K 0 74 111
K 12 74 110
K 0 -14 60
K 0 0 54
A D 18 96 0
A P 1 221 0
A P 2 210 0
J R 5 1205 28 3 2593 432 0
K 0 14 49
K 4 0 50
A D 6 96 1
A P 1 0 1
J R 7 1233 28 2 3457 144 0
K 0 0 48
A D 24 96 0
A P 1 0 0
J B 68 1339 1 82 6913 576 0
J D 0 1346 0 1 1 0 0
W 0 -14 32 zu 2
J N 8 1360 28 6 1 0 0
K 0 0 42
K 0 68 111
K 12 68 110
K 0 0 60
K 0 21 60
A D 48 96 0
A P 3 198 0
J B 69 1570 1 82 6913 1152 0
J N 6 1597 35 3 1 0 1 97
K 0 0 43
K 0 14 96
A D 12 96 0
A P 3 192 0
J N 6 1649 42 3 1729 288 1 97
K 0 0 43
K 0 21 96
A D 12 96 0
A P 3 186 0
J N 6 1701 49 3 3457 288 1 97
K 0 0 43
K 0 17 96
A D 12 96 0
A P 3 181 0
J N 6 1753 56 3 5185 288 1 97
K 0 0 43
K 0 17 96
A D 12 96 0
A P 3 175 0
H 97 B 43 1 108 4 2 1 1 3
J B 70 1807 1 82 6913 288 0
J N 6 1834 63 4 1 0 1 98
K -18 0 63
K 0 0 43
K 0 17 96
A D 12 96 0
A P 3 170 0
J N 6 1886 56 3 1729 288 1 98
K 0 0 43
K 0 17 96
A D 12 96 0
A P 3 175 0
J N 6 1940 49 3 3457 288 1 98
K 0 0 43
K 0 17 96
A D 12 96 0
A P 3 181 0
J N 6 1992 42 3 5185 288 1 98
K 0 0 43
K 0 21 96
A D 12 96 0
A P 3 186 0
H 98 B 63 -1 108 4 2 1 1 3
J B 71 2050 1 82 6913 288 0
E *
L 396 0 0 315 315 * 0 14 0
J D 0 -130 42 1 6913 0 0
W 0 0 31 Fag 1-2
J C 22 5 14 36 6913 0 0
J K -1 57 0 1 6913 0 0
K 0 42 65
J D 0 56 -14 1 6913 0 0
W 0 0 0 \06\03
J N 8 115 49 9 1 0 2 53 54
K 0 -49 42
K 0 0 42
K 0 67 111
K 12 67 110
K 0 -49 60
K 0 -21 60
K 0 0 60
K 0 14 60
A D 48 96 1
A P 1 152 1
A P 2 112 1
J B 64 342 1 82 6913 1152 0
J N 8 365 49 7 1 0 4 55 56 53 54
K 0 -49 42
K 0 0 42
K 0 -49 60
K 0 -21 60
K 0 0 60
K 0 14 60
A D 48 96 1
A P 1 152 1
A P 2 112 1
H 53 T 0 0 0 0 0 0 5 0
H 54 T 49 0 0 0 0 0 11 0
J B 65 575 1 82 6913 1152 0
J D 0 634 0 1 1 0 0
W 0 128 36 ben marcato
J N 6 634 49 5 1 0 3 57 55 56
K 0 -49 43
K 0 0 43
K 0 -49 60
K 0 -21 60
A D 12 96 0
A P 1 152 0
A P 2 112 0
H 55 T 0 0 0 0 0 0 5 0
H 56 T 49 0 0 0 0 0 11 0
J N 6 686 49 6 1729 288 1 57
K 0 -49 43
K 0 0 43
K 0 -66 96
K 0 -49 60
K 0 -21 60
A D 12 96 0
A P 1 152 0
A P 2 112 0
J N 6 738 49 6 3457 288 1 57
K 0 -49 43
K 0 0 43
K 0 -66 96
K 0 -49 60
K 0 -21 60
A D 12 96 0
A P 1 152 0
A P 2 112 0
J N 6 790 49 6 5185 288 1 57
K 0 -49 43
K 0 0 43
K 0 -66 96
K 0 -49 60
K 0 -21 60
A D 12 96 0
A P 1 152 0
A P 2 112 0
H 57 B -42 0 108 4 2 1 1 3
J B 66 844 1 82 6913 288 0
J N 6 871 49 10 1 0 0
K 0 -49 43
K 24 -55 44
K 0 0 43
K 25 0 44
K 0 64 111
K 12 64 110
K 0 -49 60
K 0 -21 60
K 0 0 52
A D 18 96 0
A P 1 152 0
A P 2 112 0
J R 5 949 28 3 2593 432 0
K 0 14 49
K 4 0 50
A D 6 96 0
A P 1 0 0
J N 6 990 49 10 3457 144 0
K 0 -49 43
K 24 -55 44
K 0 0 43
K 25 0 44
K 0 64 111
K 12 64 110
K 0 -49 60
K 0 -21 60
K 0 0 52
A D 18 96 0
A P 1 152 0
A P 2 112 0
J R 5 1068 28 3 6049 432 0
K 0 14 49
K 4 0 50
A D 6 96 0
A P 1 0 0
J B 67 1100 1 82 6913 144 0
J N 8 1127 49 9 1 0 0
K 0 -49 42
K 0 0 42
K 0 64 111
K 12 64 110
K 0 -49 60
K 0 -21 60
K 0 0 60
K 0 14 60
A D 48 96 0
A P 1 152 0
A P 2 112 0
J B 68 1339 1 82 6913 1152 0
J N 6 1360 7 6 1 0 1 58
K 0 0 43
K 0 49 43
K 0 66 96
K 0 49 59
K 0 21 59
A D 12 96 0
A P 1 146 0
A P 2 106 0
J N 6 1412 14 6 1729 288 1 58
K 0 0 43
K 0 49 43
K 0 66 96
K 0 49 59
K 0 21 59
A D 12 96 0
A P 1 140 0
A P 2 100 0
J N 6 1464 21 9 3457 288 1 58
K 1 49 45
K 0 0 43
K 0 49 43
K -1 49 45
K 2 49 45
K 0 66 96
K 0 49 59
K 0 21 59
A D 12 96 0
A P 1 135 0
A P 2 95 0
J N 6 1516 28 9 5185 288 1 58
K 1 42 45
K 0 0 43
K 0 49 43
K 0 42 45
K 1 42 45
K 0 66 96
K 0 49 59
K 0 21 59
A D 12 96 0
A P 1 129 0
A P 2 89 0
H 58 B 42 2 108 4 2 1 1 3
J B 69 1570 1 82 6913 288 0
J N 6 1597 35 4 1 0 1 59
K -18 0 63
K 0 0 43
K 7 -60 96
A D 12 96 0
A P 1 124 0
J N 6 1597 35 3 1 0 1 60
K 0 0 43
K -7 94 96
A D 12 96 0
A P 2 124 0
J N 6 1649 28 3 1729 288 1 59
K 0 0 43
K 7 -57 96
A D 12 96 0
A P 1 129 0
J N 6 1649 77 6 1729 0 1 60
K 0 -7 45
K 0 0 43
K 0 -7 45
K 1 -7 45
K -7 52 96
A D 12 96 0
A P 2 89 0
J N 6 1701 21 3 3457 288 1 59
K 0 0 43
K 7 -54 96
A D 12 96 0
A P 1 135 0
J N 6 1701 70 6 3457 0 1 60
K 0 0 45
K 0 0 43
K -1 0 45
K 2 0 45
K -7 59 96
A D 12 96 0
A P 2 95 0
J N 6 1753 14 3 5185 288 1 59
K 0 0 43
K 7 -51 96
A D 12 96 0
A P 1 140 0
H 59 B 52 -2 108 4 2 1 1 3
J N 6 1753 63 3 5185 0 1 60
K 0 0 43
K -7 66 96
A D 12 96 0
A P 2 100 0
H 60 B -77 0 108 4 2 1 1 3
J B 70 1807 1 82 6913 288 0
J N 6 1834 7 10 1 0 0
K 0 0 43
K 34 0 44
K 0 49 43
K 24 43 44
K 0 85 111
K 12 85 110
K 0 49 59
K 0 21 59
K 0 0 51
A D 18 96 0
A P 1 146 0
A P 2 106 0
J R 5 1912 28 3 2593 432 0
K 0 14 49
K 4 0 50
A D 6 96 0
A P 1 0 0
J N 6 1940 14 10 3457 144 0
K 0 0 43
K 34 -6 44
K 0 49 43
K 25 49 44
K 0 85 111
K 12 85 110
K 0 49 59
K 0 21 59
K 0 0 51
A D 18 96 0
A P 1 140 0
A P 2 100 0
J R 5 2018 28 3 6049 432 0
K 0 14 49
K 4 0 50
A D 6 96 0
A P 1 0 0
J B 71 2050 1 82 6913 144 0
E *
L 551 0 0 315 315 * 0 14 0
J D 0 -130 42 1 6913 0 0
W 0 -21 31 Cor 1-2
J D 0 -130 42 1 6913 0 0
W 0 21 31 (D)
J C 4 5 42 2 6913 0 0
K 0 0 33
K 0 0 34
J K 0 57 0 0 6913 0 0
J D 0 56 -14 1 6913 0 0
W 0 0 0 \06\03
J N 8 115 42 13 1 0 0
K 1 28 45
K 1 42 45
K 0 0 42
K 0 49 42
K 0 42 45
K 1 42 45
K 0 85 111
K 12 85 110
K 0 49 59
K 0 21 59
K 0 0 59
K 0 -21 59
A D 16 32 0
A P 1 186 0
A P 2 146 0
J B 64 342 1 82 6913 1152 0
J D 0 351 0 1 1 0 0
W 0 -35 32 zu 2
J N 8 365 -7 6 1 0 0
K 0 0 42
K 0 95 111
K 12 95 110
K 0 0 60
K 0 21 60
A D 16 32 0
A P 3 226 0
J B 65 575 1 82 6913 1152 0
J D 0 634 0 1 1 0 0
W 0 112 36 ben marcato
J N 6 634 0 3 1 0 1 98
K 0 0 43
K 0 -17 96
A D 4 32 0
A P 3 220 0
J N 6 686 7 4 1729 288 1 98
K -15 0 65
K 0 0 43
K 0 -17 96
A D 4 32 0
A P 3 214 0
J N 6 738 14 3 3457 288 1 98
K 0 0 43
K 0 -21 96
A D 4 32 0
A P 3 209 0
J N 6 790 21 3 5185 288 1 98
K 0 0 43
K 0 -14 96
A D 4 32 0
A P 3 203 0
H 98 B -58 1 108 4 2 1 1 3
J B 66 844 1 82 6913 288 0
J N 6 871 42 9 1 0 0
K 0 -28 43
K 24 -34 44
K 0 0 43
K 24 -6 44
K 0 58 111
K 12 58 110
K 0 -28 60
K 0 0 52
A D 6 32 0
A P 1 209 0
A P 2 186 0
J R 5 949 28 3 2593 432 0
K 0 14 49
K 4 0 50
A D 2 32 0
A P 1 0 0
J N 6 990 21 10 3457 144 0
K -15 -14 65
K 0 -14 43
K 25 -14 44
K 0 0 43
K 25 0 44
K 0 70 111
K 12 70 110
K 0 -14 60
K 0 0 54
A D 6 32 0
A P 1 214 0
A P 2 203 0
J R 5 1068 28 3 6049 432 0
K 0 14 49
K 4 0 50
A D 2 32 0
A P 1 0 0
J B 67 1100 1 82 6913 144 0
J N 6 1127 42 9 1 0 0
K 0 -28 43
K 24 -34 44
K 0 0 43
K 24 -6 44
K 0 58 111
K 12 58 110
K 0 -28 60
K 0 0 52
A D 6 32 0
A P 1 209 0
A P 2 186 0
J R 5 1205 28 3 2593 432 0
K 0 14 49
K 4 0 50
A D 2 32 1
A P 1 0 1
J R 7 1233 28 2 3457 144 0
K 0 0 48
A D 8 32 0
A P 1 0 0
J B 68 1339 1 82 6913 576 0
J N 8 1360 42 13 1 0 0
K 1 28 45
K 1 42 45
K 0 0 42
K 0 49 42
K 0 42 45
K 1 42 45
K 0 85 111
K 12 85 110
K 0 49 59
K 0 21 59
K 0 0 59
K 0 -21 59
A D 16 32 0
A P 1 186 0
A P 2 146 0
J B 69 1570 1 82 6913 1152 0
J N 6 1597 42 9 1 0 1 99
K 1 28 45
K 1 42 45
K 0 0 43
K 0 49 43
K 0 42 45
K 1 42 45
K 0 49 59
K 0 21 59
A D 4 32 0
A P 1 186 0
A P 2 146 0
J N 6 1649 42 9 1729 288 1 99
K 1 28 45
K 1 42 45
K 0 0 43
K 0 49 43
K 0 42 45
K 1 42 45
K 0 49 59
K 0 21 59
A D 4 32 0
A P 1 186 0
A P 2 146 0
J N 6 1701 42 9 3457 288 1 99
K 1 28 45
K 1 42 45
K 0 0 43
K 0 49 43
K 0 42 45
K 1 42 45
K 0 49 59
K 0 21 59
A D 4 32 0
A P 1 186 0
A P 2 146 0
J N 6 1753 21 8 5185 288 1 99
K 1 49 45
K 0 0 43
K 0 49 43
K -1 49 45
K 2 49 45
K 0 49 59
K 0 21 59
A D 4 32 0
A P 1 203 0
A P 2 163 0
H 99 B 52 -2 108 4 2 1 1 3
J B 70 1807 1 82 6913 288 0
J R 9 1914 28 2 1 10000 0
K 0 0 46
A D 16 32 0
A P 3 0 0
J B 71 2050 1 82 6913 1152 0
E *
L 691 0 0 315 315 * 0 14 0
J D 0 -130 42 1 6913 0 0
W 0 -21 31 Cor 3-4
J D 0 -130 42 1 6913 0 0
W 0 21 31 (B\0.)
J C 4 5 42 2 6913 0 0
K 0 0 33
K 0 0 34
J K 0 57 0 0 6913 0 0
J D 0 56 -14 1 6913 0 0
W 0 0 0 \06\03
J R 9 204 28 2 1 10000 0
K 0 0 46
A D 16 32 0
A P 3 0 0
J B 64 342 1 82 6913 1152 0
J R 9 444 28 2 1 10000 0
K 0 0 46
A D 16 32 0
A P 3 0 0
J B 65 575 1 82 6913 1152 0
J R 9 695 28 2 1 10000 0
K 0 0 46
A D 16 32 0
A P 3 0 0
J B 66 844 1 82 6913 1152 0
J R 9 958 28 2 1 10000 0
K 0 0 46
A D 16 32 0
A P 3 0 0
J B 67 1100 1 82 6913 1152 0
J R 9 1205 28 2 1 10000 0
K 0 0 46
A D 16 32 0
A P 3 0 0
J B 68 1339 1 82 6913 1152 0
J R 9 1440 28 2 1 10000 0
K 0 0 46
A D 16 32 0
A P 3 0 0
J B 69 1570 1 82 6913 1152 0
J R 7 1597 28 2 1 0 0
K 0 0 48
A D 8 32 1
A P 1 0 1
J R 6 1701 28 2 3457 576 0
K 0 0 49
A D 4 32 0
A P 1 0 0
J N 6 1753 7 6 5185 288 0
K 0 0 43
K 0 49 43
K 0 49 59
K 0 21 59
K 0 0 51
A D 4 32 0
A P 1 215 0
A P 2 175 0
J B 70 1807 1 82 6913 288 0
J N 6 1834 21 8 1 0 1 44
K 1 49 45
K 0 0 43
K 0 49 43
K -1 49 45
K 2 49 45
K 0 49 59
K 0 21 59
A D 4 32 0
A P 1 203 0
A P 2 163 0
J N 6 1886 21 8 1729 288 1 44
K 1 49 45
K 0 0 43
K 0 49 43
K -1 49 45
K 2 49 45
K 0 49 59
K 0 21 59
A D 4 32 0
A P 1 203 0
A P 2 163 0
J N 6 1940 21 8 3457 288 1 44
K 1 49 45
K 0 0 43
K 0 49 43
K -1 49 45
K 2 49 45
K 0 49 59
K 0 21 59
A D 4 32 0
A P 1 203 0
A P 2 163 0
J N 6 1992 21 8 5185 288 1 44
K 1 49 45
K 0 0 43
K 0 49 43
K -1 49 45
K 2 49 45
K 0 49 59
K 0 21 59
A D 4 32 0
A P 1 203 0
A P 2 163 0
H 44 B 42 0 108 4 2 1 1 3
J B 71 2050 1 82 6913 288 0
E *
L 836 0 0 315 315 * 0 14 0
J D 0 -111 42 1 6913 0 0
W 0 -21 31 Tr 1-2
J D 0 -111 42 1 6913 0 0
W 0 21 31 (D)
J C 4 5 42 2 6913 0 0
K 0 0 33
K 0 0 34
J K 0 57 0 0 6913 0 0
J D 0 56 -14 1 6913 0 0
W 0 0 0 \06\03
J N 6 115 42 10 1 0 0
K 1 28 45
K 1 42 45
K 0 0 43
K 0 49 43
K 0 42 45
K 1 42 45
K 0 49 59
K 0 21 59
K 0 0 53
A D 4 32 0
A P 1 186 0
A P 2 146 0
J R 6 184 28 2 1729 288 0
K 0 0 49
A D 4 32 1
A P 1 0 1
J R 7 236 28 2 3457 288 0
K 0 0 48
A D 8 32 0
A P 1 0 0
J B 64 342 1 82 6913 576 0
J D 0 414 0 1 1 0 0
W 0 130 36 ben marcato
J N 6 365 42 11 1 0 1 24
K 1 28 45
K 1 42 45
K 0 0 43
K 0 49 43
K 0 42 45
K 1 42 45
K 0 85 111
K 12 85 110
K 0 49 59
K 0 21 59
A D 4 32 0
A P 1 186 0
A P 2 146 0
J N 6 417 42 9 1729 288 1 24
K 1 28 45
K 1 42 45
K 0 0 43
K 0 49 43
K 0 42 45
K 1 42 45
K 0 49 59
K 0 21 59
A D 4 32 0
A P 1 186 0
A P 2 146 0
J N 6 469 42 9 3457 288 1 24
K 1 28 45
K 1 42 45
K 0 0 43
K 0 49 43
K 0 42 45
K 1 42 45
K 0 49 59
K 0 21 59
A D 4 32 0
A P 1 186 0
A P 2 146 0
J N 6 521 42 9 5185 288 1 24
K 1 28 45
K 1 42 45
K 0 0 43
K 0 49 43
K 0 42 45
K 1 42 45
K 0 49 59
K 0 21 59
A D 4 32 0
A P 1 186 0
A P 2 146 0
H 24 B 46 0 108 4 2 1 1 3
J B 65 575 1 82 6913 288 0
J N 6 634 42 9 1 0 1 25
K 1 28 45
K 1 42 45
K 0 0 43
K 0 49 43
K 0 42 45
K 1 42 45
K 0 49 59
K 0 21 59
A D 4 32 0
A P 1 186 0
A P 2 146 0
J N 6 686 42 9 1729 288 1 25
K 1 28 45
K 1 42 45
K 0 0 43
K 0 49 43
K 0 42 45
K 1 42 45
K 0 49 59
K 0 21 59
A D 4 32 0
A P 1 186 0
A P 2 146 0
J N 6 738 42 9 3457 288 1 25
K 1 28 45
K 1 42 45
K 0 0 43
K 0 49 43
K 0 42 45
K 1 42 45
K 0 49 59
K 0 21 59
A D 4 32 0
A P 1 186 0
A P 2 146 0
J N 6 790 42 9 5185 288 1 25
K 1 28 45
K 1 42 45
K 0 0 43
K 0 49 43
K 0 42 45
K 1 42 45
K 0 49 59
K 0 21 59
A D 4 32 0
A P 1 186 0
A P 2 146 0
H 25 B 46 0 108 4 2 1 1 3
J B 66 844 1 82 6913 288 0
J N 6 871 42 9 1 0 0
K 0 -28 43
K 24 -34 44
K 0 0 43
K 24 -6 44
K 0 64 111
K 12 64 110
K 0 -28 60
K 0 0 52
A D 6 32 0
A P 1 209 0
A P 2 186 0
J R 5 949 28 3 2593 432 0
K 0 14 49
K 4 0 50
A D 2 32 0
A P 1 0 0
J N 6 990 21 13 3457 144 0
K 1 49 45
K 0 0 43
K 34 0 44
K 0 49 43
K -1 49 45
K 2 49 45
K 24 43 44
K 0 85 111
K 12 85 110
K 0 49 59
K 0 21 59
K 0 0 51
A D 6 32 0
A P 1 203 0
A P 2 163 0
J R 5 1068 28 3 6049 432 0
K 0 14 49
K 4 0 50
A D 2 32 0
A P 1 0 0
J B 67 1100 1 82 6913 144 0
J N 6 1127 42 14 1 0 0
K 1 28 45
K 1 42 45
K 0 0 43
K 34 -6 44
K 0 49 43
K 0 42 45
K 1 42 45
K 25 49 44
K 0 85 111
K 12 85 110
K 0 49 59
K 0 21 59
K 0 0 53
A D 6 32 0
A P 1 186 0
A P 2 146 0
J R 5 1205 28 3 2593 432 0
K 0 14 49
K 4 0 50
A D 2 32 1
A P 1 0 1
J R 7 1233 28 2 3457 144 0
K 0 0 48
A D 8 32 0
A P 1 0 0
J B 68 1339 1 82 6913 576 0
J N 6 1360 42 9 1 0 1 26
K 1 28 45
K 1 42 45
K 0 0 43
K 0 49 43
K 0 42 45
K 1 42 45
K 0 49 59
K 0 21 59
A D 4 32 0
A P 1 186 0
A P 2 146 0
J N 6 1412 42 9 1729 288 1 26
K 1 28 45
K 1 42 45
K 0 0 43
K 0 49 43
K 0 42 45
K 1 42 45
K 0 49 59
K 0 21 59
A D 4 32 0
A P 1 186 0
A P 2 146 0
J N 6 1464 42 9 3457 288 1 26
K 1 28 45
K 1 42 45
K 0 0 43
K 0 49 43
K 0 42 45
K 1 42 45
K 0 49 59
K 0 21 59
A D 4 32 0
A P 1 186 0
A P 2 146 0
J N 6 1516 42 9 5185 288 1 26
K 1 28 45
K 1 42 45
K 0 0 43
K 0 49 43
K 0 42 45
K 1 42 45
K 0 49 59
K 0 21 59
A D 4 32 0
A P 1 186 0
A P 2 146 0
H 26 B 46 0 108 4 2 1 1 3
J B 69 1570 1 82 6913 288 0
J N 6 1597 42 9 1 0 1 27
K 1 28 45
K 1 42 45
K 0 0 43
K 0 49 43
K 0 42 45
K 1 42 45
K 0 49 59
K 0 21 59
A D 4 32 0
A P 1 186 0
A P 2 146 0
J N 6 1649 42 9 1729 288 1 27
K 1 28 45
K 1 42 45
K 0 0 43
K 0 49 43
K 0 42 45
K 1 42 45
K 0 49 59
K 0 21 59
A D 4 32 0
A P 1 186 0
A P 2 146 0
J N 6 1701 42 9 3457 288 1 27
K 1 28 45
K 1 42 45
K 0 0 43
K 0 49 43
K 0 42 45
K 1 42 45
K 0 49 59
K 0 21 59
A D 4 32 0
A P 1 186 0
A P 2 146 0
J N 6 1753 21 8 5185 288 1 27
K 1 49 45
K 0 0 43
K 0 49 43
K -1 49 45
K 2 49 45
K 0 49 59
K 0 21 59
A D 4 32 0
A P 1 203 0
A P 2 163 0
H 27 B 52 -2 108 4 2 1 1 3
J B 70 1807 1 82 6913 288 0
J R 9 1914 28 2 1 10000 0
K 0 0 46
A D 16 32 0
A P 3 0 0
J B 71 2050 1 82 6913 1152 0
E *
L 981 0 0 315 315 * 0 14 0
J D 0 -109 42 1 6913 0 0
W 0 -21 31 Timp.
J D 0 -109 42 1 6913 0 0
W 0 21 31 (D-A)
J C 22 5 14 36 6913 0 0
J K 0 57 0 0 6913 0 0
J D 0 56 -14 1 6913 0 0
W 0 0 0 \06\03
J N 6 115 49 3 1 0 0
K 0 0 43
K 0 0 53
A D 4 32 0
A P 1 112 0
J R 6 184 28 2 1729 288 0
K 0 0 49
A D 4 32 1
A P 1 0 1
J R 7 236 28 2 3457 288 0
K 0 0 48
A D 8 32 0
A P 1 0 0
J B 64 342 1 82 6913 576 0
J D 0 414 0 1 1 0 0
W 0 93 36 ben marcato
J N 6 365 49 4 1 0 1 22
K 0 0 43
K 0 39 111
K 12 39 110
A D 4 32 0
A P 1 112 0
J N 6 417 49 2 1729 288 1 22
K 0 0 43
A D 4 32 0
A P 1 112 0
J N 6 469 49 2 3457 288 1 22
K 0 0 43
A D 4 32 0
A P 1 112 0
J N 6 521 49 2 5185 288 1 22
K 0 0 43
A D 4 32 0
A P 1 112 0
H 22 B 49 0 108 4 2 1 1 3
J B 65 575 1 82 6913 288 0
J N 6 634 49 2 1 0 1 23
K 0 0 43
A D 4 32 0
A P 1 112 0
J N 6 686 49 2 1729 288 1 23
K 0 0 43
A D 4 32 0
A P 1 112 0
J N 6 738 49 2 3457 288 1 23
K 0 0 43
A D 4 32 0
A P 1 112 0
J N 6 790 49 2 5185 288 1 23
K 0 0 43
A D 4 32 0
A P 1 112 0
H 23 B 49 0 108 4 2 1 1 3
J B 66 844 1 82 6913 288 0
J N 6 871 49 6 1 0 0
K 0 0 43
K 34 0 44
K 0 39 111
K 12 39 110
K 0 0 53
A D 6 32 0
A P 1 112 0
J R 5 949 28 3 2593 432 0
K 0 14 49
K 4 0 50
A D 2 32 0
A P 1 0 0
J N 6 990 28 6 3457 144 0
K 0 0 43
K 24 -6 44
K 0 68 111
K 12 68 110
K 0 0 54
A D 6 32 0
A P 1 129 0
J R 5 1068 28 3 6049 432 0
K 0 14 49
K 4 0 50
A D 2 32 0
A P 1 0 0
J B 67 1100 1 82 6913 144 0
J N 6 1127 49 6 1 0 0
K 0 0 43
K 34 0 44
K 0 39 111
K 12 39 110
K 0 0 53
A D 6 32 0
A P 1 112 0
J R 5 1205 28 3 2593 432 0
K 0 14 49
K 4 0 50
A D 2 32 1
A P 1 0 1
J R 7 1233 28 2 3457 144 0
K 0 0 48
A D 8 32 0
A P 1 0 0
J B 68 1339 1 82 6913 576 0
J N 6 1360 49 2 1 0 1 24
K 0 0 43
A D 4 32 0
A P 1 112 0
J N 6 1412 49 2 1729 288 1 24
K 0 0 43
A D 4 32 0
A P 1 112 0
J N 6 1464 49 2 3457 288 1 24
K 0 0 43
A D 4 32 0
A P 1 112 0
J N 6 1516 49 2 5185 288 1 24
K 0 0 43
A D 4 32 0
A P 1 112 0
H 24 B 49 0 108 4 2 1 1 3
J B 69 1570 1 82 6913 288 0
J N 6 1597 49 2 1 0 1 25
K 0 0 43
A D 4 32 0
A P 1 112 0
J N 6 1649 49 2 1729 288 1 25
K 0 0 43
A D 4 32 0
A P 1 112 0
J N 6 1701 49 2 3457 288 1 25
K 0 0 43
A D 4 32 0
A P 1 112 0
J N 6 1753 28 2 5185 288 1 25
K 0 0 43
A D 4 32 0
A P 1 129 0
H 25 B 63 -1 108 4 2 1 1 3
J B 70 1807 1 82 6913 288 0
J R 9 1914 28 2 1 10000 0
K 0 0 46
A D 16 32 0
A P 1 0 0
J B 71 2050 1 82 6913 1152 0
E *
L 1133 0 0 315 315 * 0 14 0
J D 0 -119 42 1 6913 0 0
W 0 0 31 Vln 1
J C 4 5 42 2 6913 0 0
K 0 0 33
K 0 0 34
J K -1 57 0 1 6913 0 0
K 0 28 65
J D 0 56 -14 1 6913 0 0
W 0 0 0 \06\03
J N 8 115 -14 9 1 0 0
K 0 0 45
K 0 0 42
K -1 0 45
K 2 0 45
K 0 102 111
K 12 102 110
K 0 0 60
K 0 21 60
A D 48 96 0
A P 3 232 0
J B 64 342 1 82 6913 1152 0
J D 0 365 0 1 1 0 0
W 0 95 36 ben marcato
J N 6 365 -7 3 1 0 1 68
K 0 0 43
K 0 -17 96
A D 12 96 0
A P 3 226 0
J N 6 417 0 3 1729 288 1 68
K 0 0 43
K 0 -17 96
A D 12 96 0
A P 3 220 0
J N 6 469 7 3 3457 288 1 68
K 0 0 43
K 0 -17 96
A D 12 96 0
A P 3 215 0
J N 6 521 14 3 5185 288 1 68
K 0 0 43
K 0 -21 96
A D 12 96 0
A P 3 209 0
H 68 B -63 1 108 4 2 1 1 3
J B 65 575 1 82 6913 288 0
J N 6 634 21 4 1 0 1 69
K -18 0 63
K 0 0 43
K 0 -14 96
A D 12 96 0
A P 3 204 0
J N 6 686 14 3 1729 288 1 69
K 0 0 43
K 0 -21 96
A D 12 96 0
A P 3 209 0
J N 6 738 7 3 3457 288 1 69
K 0 0 43
K 0 -17 96
A D 12 96 0
A P 3 215 0
J N 6 790 0 3 5185 288 1 69
K 0 0 43
K 0 -17 96
A D 12 96 0
A P 3 220 0
H 69 B -42 -1 108 4 2 1 1 3
J B 66 844 1 82 6913 288 0
J N 6 871 35 10 1 0 0
K 0 -42 43
K 25 -42 44
K 0 0 43
K 25 0 44
K 0 70 111
K 12 70 110
K 0 -42 60
K 0 -14 60
K 0 0 52
A D 18 96 0
A P 3 226 0
A P 3 192 0
J R 5 949 28 3 2593 432 0
K 0 14 49
K 4 0 50
A D 6 96 0
A P 3 0 0
J N 6 990 35 10 3457 144 0
K 0 -35 43
K 24 -41 44
K 0 0 43
K 25 0 44
K 0 70 111
K 12 70 110
K 0 -35 60
K 0 -7 60
K 0 0 52
A D 18 96 0
A P 3 220 0
A P 3 192 0
J R 5 1068 28 3 6049 432 0
K 0 14 49
K 4 0 50
A D 6 96 0
A P 3 0 0
J B 67 1100 1 82 6913 144 0
J N 6 1127 35 9 1 0 0
K 0 -28 43
K 25 -28 44
K 0 0 43
K 25 0 44
K 0 63 111
K 12 63 110
K 0 -28 60
K 0 0 52
A D 18 96 0
A P 3 215 0
A P 3 192 0
J R 5 1205 28 3 2593 432 0
K 0 14 49
K 4 0 50
A D 6 96 1
A P 3 0 1
J R 7 1233 28 2 3457 144 0
K 0 0 48
A D 24 96 0
A P 3 0 0
J B 68 1339 1 82 6913 576 0
J N 5 1360 35 2 1 0 1 70
K 0 0 43
A D 6 96 0
A P 3 192 0
J N 5 1386 -14 5 865 144 2 71 70
K 0 0 45
K 0 0 43
K -1 0 45
K 2 0 45
A D 6 96 0
A P 3 232 0
J N 5 1412 -21 5 1729 144 2 70 71
K 0 7 45
K 0 0 43
K 0 7 45
K 1 7 45
A D 6 96 0
A P 3 237 0
H 71 S 0 0 0 0 0 0 0 0 0
J N 5 1438 -14 5 2593 144 2 72 70
K 0 0 45
K 0 0 43
K -1 0 45
K 2 0 45
A D 6 96 0
A P 3 232 0
H 70 B -54 -7 108 4 22 11 11 33
J N 5 1464 -21 5 3457 144 2 73 72
K 0 7 45
K 0 0 43
K 0 7 45
K 1 7 45
A D 6 96 0
A P 3 237 0
H 72 S 0 0 0 0 0 0 0 0 0
J N 5 1490 -14 5 4321 144 2 74 73
K 0 0 45
K 0 0 43
K -1 0 45
K 2 0 45
A D 6 96 0
A P 3 232 0
J N 5 1516 -21 5 5185 144 2 73 74
K 0 7 45
K 0 0 43
K 0 7 45
K 1 7 45
A D 6 96 0
A P 3 237 0
H 74 S 0 0 0 0 0 0 0 0 0
J N 5 1542 -14 5 6049 144 2 75 73
K 0 0 45
K 0 0 43
K -1 0 45
K 2 0 45
A D 6 96 0
A P 3 232 0
H 73 B -53 0 108 4 22 11 11 33
J B 69 1570 1 82 6913 144 0
J N 5 1597 -7 2 1 0 2 76 75
K 0 0 43
A D 6 96 0
A P 3 226 0
H 75 S 0 0 0 0 0 0 0 0 0
J N 5 1623 -14 5 865 144 2 77 76
K 0 0 45
K 0 0 43
K -1 0 45
K 2 0 45
A D 6 96 0
A P 3 232 0
J N 5 1649 0 2 1729 144 2 76 77
K 0 0 43
A D 6 96 0
A P 3 220 0
H 77 S 0 0 0 0 0 0 0 0 0
J N 5 1675 -14 5 2593 144 2 78 76
K 0 0 45
K 0 0 43
K -1 0 45
K 2 0 45
A D 6 96 0
A P 3 232 0
H 76 B -53 0 108 4 22 11 11 33
J N 5 1701 7 2 3457 144 2 79 78
K 0 0 43
A D 6 96 0
A P 3 215 0
H 78 S 0 0 0 0 0 0 0 0 0
J N 5 1727 -14 5 4321 144 2 80 79
K 0 0 45
K 0 0 43
K -1 0 45
K 2 0 45
A D 6 96 0
A P 3 232 0
J N 5 1753 14 2 5185 144 2 79 80
K 0 0 43
A D 6 96 0
A P 3 209 0
H 80 S 0 0 0 0 0 0 0 0 0
J N 5 1779 -14 5 6049 144 2 81 79
K 0 0 45
K 0 0 43
K -1 0 45
K 2 0 45
A D 6 96 0
A P 3 232 0
H 79 B -53 0 108 4 22 11 11 33
J B 70 1807 1 82 6913 144 0
J N 5 1834 21 3 1 0 2 82 81
K -18 0 63
K 0 0 43
A D 6 96 0
A P 3 204 0
H 81 S 0 0 0 0 0 0 0 0 0
J N 5 1860 -21 5 865 144 2 83 82
K 0 7 45
K 0 0 43
K 0 7 45
K 1 7 45
A D 6 96 0
A P 3 237 0
J N 5 1886 28 2 1729 144 2 82 83
K 0 0 43
A D 6 96 0
A P 3 197 0
H 83 S 0 0 0 0 0 0 0 0 0
J N 5 1912 -21 5 2593 144 2 84 82
K 0 7 45
K 0 0 43
K 0 7 45
K 1 7 45
A D 6 96 0
A P 3 237 0
H 82 B -52 0 108 4 22 11 11 33
J N 5 1940 28 2 3457 144 2 85 84
K 0 0 43
A D 6 96 0
A P 3 197 0
H 84 S 0 0 0 0 0 0 0 0 0
J N 5 1966 -21 5 4321 144 2 86 85
K 0 7 45
K 0 0 43
K 0 7 45
K 1 7 45
A D 6 96 0
A P 3 237 0
J N 5 1992 28 2 5185 144 2 85 86
K 0 0 43
A D 6 96 0
A P 3 197 0
H 86 S 0 0 0 0 0 0 0 0 0
J N 5 2018 -21 5 6049 144 2 87 85
K 0 7 45
K 0 0 43
K 0 7 45
K 1 7 45
A D 6 96 0
A P 3 237 0
H 85 B -45 0 108 4 22 11 11 33
J B 71 2050 1 82 6913 144 0
J M 0 2050 8 0 6913 0 1 87
H 87 S 0 0 0 0 0 0 0 0
E *
L 1265 0 0 315 315 * 0 14 0
J D 0 -119 42 1 6913 0 0
W 0 0 31 Vln 2
J C 4 5 42 2 6913 0 0
K 0 0 33
K 0 0 34
J K -1 57 0 1 6913 0 0
K 0 28 65
J D 0 56 -14 1 6913 0 0
W 0 0 0 \06\03
J N 5 115 -14 8 1 0 1 51
K 1 0 45
K 0 0 43
K -1 0 45
K 2 0 45
K 0 49 43
K 0 49 59
K 0 21 59
A D 6 96 0
A P 3 232 0
A P 3 192 0
J N 5 142 84 6 865 144 2 52 51
K 1 -14 45
K 1 0 45
K 0 0 43
K -1 0 45
K 2 0 45
A D 6 96 0
A P 3 152 0
J N 5 184 77 5 1729 144 2 51 52
K 1 -7 45
K 0 0 43
K 0 -7 45
K 1 -7 45
A D 6 96 0
A P 3 157 0
H 52 S 12 0 0 0 0 0 0 0 0
J N 5 210 84 6 2593 144 2 53 51
K 1 -14 45
K 1 0 45
K 0 0 43
K -1 0 45
K 2 0 45
A D 6 96 0
A P 3 152 0
H 51 B 39 0 108 4 22 11 11 33
J N 5 236 77 5 3457 144 2 54 53
K 1 -7 45
K 0 0 43
K 0 -7 45
K 1 -7 45
A D 6 96 0
A P 3 157 0
H 53 S 12 0 0 0 0 0 0 0 0
J N 5 262 84 6 4321 144 2 55 54
K 1 -14 45
K 1 0 45
K 0 0 43
K -1 0 45
K 2 0 45
A D 6 96 0
A P 3 152 0
J N 5 288 77 5 5185 144 2 54 55
K 1 -7 45
K 0 0 43
K 0 -7 45
K 1 -7 45
A D 6 96 0
A P 3 157 0
H 55 S 12 0 0 0 0 0 0 0 0
J N 5 314 84 6 6049 144 2 56 54
K 1 -14 45
K 1 0 45
K 0 0 43
K -1 0 45
K 2 0 45
A D 6 96 0
A P 3 152 0
H 54 B 50 0 108 4 22 11 11 33
J B 64 342 1 82 6913 144 0
J N 5 365 56 2 1 0 2 57 56
K 0 0 43
A D 6 96 0
A P 3 175 0
H 56 S 12 0 0 0 0 0 0 0 0
J N 5 391 84 6 865 144 2 58 57
K 1 -14 45
K 1 0 45
K 0 0 43
K -1 0 45
K 2 0 45
A D 6 96 0
A P 3 152 0
J N 5 417 49 2 1729 144 2 57 58
K 0 0 43
A D 6 96 0
A P 3 180 0
H 58 S 12 0 0 0 0 0 0 0 0
J N 5 443 84 6 2593 144 2 59 57
K 1 -14 45
K 1 0 45
K 0 0 43
K -1 0 45
K 2 0 45
A D 6 96 0
A P 3 152 0
H 57 B 57 0 108 4 22 11 11 33
J N 5 469 42 2 3457 144 2 60 59
K 0 0 43
A D 6 96 0
A P 3 186 0
H 59 S 12 0 0 0 0 0 0 0 0
J N 5 495 84 6 4321 144 2 61 60
K 1 -14 45
K 1 0 45
K 0 0 43
K -1 0 45
K 2 0 45
A D 6 96 0
A P 3 152 0
J N 5 521 35 2 5185 144 2 60 61
K 0 0 43
A D 6 96 0
A P 3 192 0
H 61 S 12 0 0 0 0 0 0 0 0
J N 5 547 84 6 6049 144 2 62 60
K 1 -14 45
K 1 0 45
K 0 0 43
K -1 0 45
K 2 0 45
A D 6 96 0
A P 3 152 0
H 60 B 57 0 108 4 22 11 11 33
J B 65 575 1 82 6913 144 0
J N 5 634 28 2 1 0 2 63 62
K 0 0 43
A D 6 96 0
A P 3 197 0
H 62 S 12 0 0 0 0 0 0 0 0
J N 5 660 84 6 865 144 2 64 63
K 1 -14 45
K 1 0 45
K 0 0 43
K -1 0 45
K 2 0 45
A D 6 96 0
A P 3 152 0
J N 5 686 35 2 1729 144 2 63 64
K 0 0 43
A D 6 96 0
A P 3 192 0
H 64 S 12 0 0 0 0 0 0 0 0
J N 5 712 84 6 2593 144 2 65 63
K 1 -14 45
K 1 0 45
K 0 0 43
K -1 0 45
K 2 0 45
A D 6 96 0
A P 3 152 0
H 63 B 45 0 108 4 22 11 11 33
J N 5 738 42 2 3457 144 2 66 65
K 0 0 43
A D 6 96 0
A P 3 186 0
H 65 S 12 0 0 0 0 0 0 0 0
J N 5 764 84 6 4321 144 2 67 66
K 1 -14 45
K 1 0 45
K 0 0 43
K -1 0 45
K 2 0 45
A D 6 96 0
A P 3 152 0
J N 5 790 49 2 5185 144 2 66 67
K 0 0 43
A D 6 96 0
A P 3 180 0
H 67 S 12 0 0 0 0 0 0 0 0
J N 5 816 84 6 6049 144 2 68 66
K 1 -14 45
K 1 0 45
K 0 0 43
K -1 0 45
K 2 0 45
A D 6 96 0
A P 3 152 0
H 66 B 46 0 108 4 22 11 11 33
J B 66 844 1 82 6913 144 0
J N 5 871 56 2 1 0 2 69 68
K 0 0 43
A D 6 96 0
A P 3 175 0
H 68 S 12 0 0 0 0 0 0 0 0
J N 5 897 84 6 865 144 2 70 69
K 1 -14 45
K 1 0 45
K 0 0 43
K -1 0 45
K 2 0 45
A D 6 96 0
A P 3 152 0
J N 5 923 77 5 1729 144 2 69 70
K 1 -7 45
K 0 0 43
K 0 -7 45
K 1 -7 45
A D 6 96 0
A P 3 157 0
H 70 S 12 0 0 0 0 0 0 0 0
J N 5 949 84 6 2593 144 2 71 69
K 1 -14 45
K 1 0 45
K 0 0 43
K -1 0 45
K 2 0 45
A D 6 96 0
A P 3 152 0
H 69 B 47 7 108 4 22 11 11 33
J N 5 990 63 2 3457 144 2 72 71
K 0 0 43
A D 6 96 0
A P 3 169 0
H 71 S 12 0 0 0 0 0 0 0 0
J N 5 1016 84 6 4321 144 2 73 72
K 1 -14 45
K 1 0 45
K 0 0 43
K -1 0 45
K 2 0 45
A D 6 96 0
A P 3 152 0
J N 5 1042 77 5 5185 144 2 72 73
K 1 -7 45
K 0 0 43
K 0 -7 45
K 1 -7 45
A D 6 96 0
A P 3 157 0
H 73 S 12 0 0 0 0 0 0 0 0
J N 5 1068 84 6 6049 144 1 72
K 1 -14 45
K 1 0 45
K 0 0 43
K -1 0 45
K 2 0 45
A D 6 96 0
A P 3 152 0
H 72 B 51 5 108 4 22 11 11 33
J B 67 1100 1 82 6913 144 0
J N 6 1127 21 10 1 0 0
K -18 0 63
K 0 -14 43
K 25 -14 44
K 0 0 43
K 25 0 44
K 0 75 111
K 12 75 110
K 0 -14 60
K 0 0 54
A D 18 96 0
A P 3 215 0
A P 3 204 0
J R 5 1205 28 3 2593 432 0
K 0 14 49
K 4 0 50
A D 6 96 1
A P 3 0 1
J R 7 1233 28 2 3457 144 0
K 0 0 48
A D 24 96 0
A P 3 0 0
J B 68 1339 1 82 6913 576 0
J N 5 1360 84 6 1 0 1 74
K 1 -14 45
K 1 0 45
K 0 0 43
K -1 0 45
K 2 0 45
A D 6 96 0
A P 3 152 0
J N 5 1386 35 2 865 144 2 75 74
K 0 0 43
A D 6 96 0
A P 3 192 0
J N 5 1412 28 2 1729 144 2 74 75
K 0 0 43
A D 6 96 0
A P 3 197 0
H 75 S 12 0 0 0 0 0 0 0 0
J N 5 1438 35 2 2593 144 2 76 74
K 0 0 43
A D 6 96 0
A P 3 192 0
H 74 B 98 -7 108 4 22 11 11 33
J N 5 1464 28 2 3457 144 2 77 76
K 0 0 43
A D 6 96 0
A P 3 197 0
H 76 S 12 0 0 0 0 0 0 0 0
J N 5 1490 35 2 4321 144 2 78 77
K 0 0 43
A D 6 96 0
A P 3 192 0
J N 5 1516 28 2 5185 144 2 77 78
K 0 0 43
A D 6 96 0
A P 3 197 0
H 78 S 12 0 0 0 0 0 0 0 0
J N 5 1542 35 2 6049 144 2 79 77
K 0 0 43
A D 6 96 0
A P 3 192 0
H 77 B 45 0 108 4 22 11 11 33
J B 69 1570 1 82 6913 144 0
J N 5 1597 42 2 1 0 2 80 79
K 0 0 43
A D 6 96 0
A P 3 186 0
H 79 S 12 0 0 0 0 0 0 0 0
J N 5 1623 35 2 865 144 2 81 80
K 0 0 43
A D 6 96 0
A P 3 192 0
J N 5 1649 49 2 1729 144 2 80 81
K 0 0 43
A D 6 96 0
A P 3 180 0
H 81 S 12 0 0 0 0 0 0 0 0
J N 5 1675 35 2 2593 144 2 82 80
K 0 0 43
A D 6 96 0
A P 3 192 0
H 80 B 57 0 108 4 22 11 11 33
J N 5 1701 56 2 3457 144 2 83 82
K 0 0 43
A D 6 96 0
A P 3 175 0
H 82 S 12 0 0 0 0 0 0 0 0
J N 5 1727 35 2 4321 144 2 84 83
K 0 0 43
A D 6 96 0
A P 3 192 0
J N 5 1753 63 2 5185 144 2 83 84
K 0 0 43
A D 6 96 0
A P 3 169 0
H 84 S 12 0 0 0 0 0 0 0 0
J N 5 1779 35 2 6049 144 2 85 83
K 0 0 43
A D 6 96 0
A P 3 192 0
H 83 B 71 0 108 4 22 11 11 33
J B 70 1807 1 82 6913 144 0
J N 5 1834 70 6 1 0 2 86 85
K 1 0 45
K -18 0 63
K 0 0 43
K -1 0 45
K 2 0 45
A D 6 96 0
A P 3 164 0
H 85 S 12 0 0 0 0 0 0 0 0
J N 5 1860 77 5 865 144 2 87 86
K 1 -7 45
K 0 0 43
K 0 -7 45
K 1 -7 45
A D 6 96 0
A P 3 157 0
J N 5 1886 91 6 1729 144 2 86 87
K 1 -21 45
K 1 -7 45
K 0 0 43
K 0 -7 45
K 1 -7 45
A D 6 96 0
A P 3 146 0
H 87 S 12 0 0 0 0 0 0 0 0
J N 5 1912 77 5 2593 144 2 88 86
K 1 -7 45
K 0 0 43
K 0 -7 45
K 1 -7 45
A D 6 96 0
A P 3 157 0
H 86 B 47 1 108 4 22 11 11 33
J N 5 1940 91 6 3457 144 2 89 88
K 1 -21 45
K 1 -7 45
K 0 0 43
K 0 -7 45
K 1 -7 45
A D 6 96 0
A P 3 146 0
H 88 S 12 0 0 0 0 0 0 0 0
J N 5 1966 77 5 4321 144 2 90 89
K 1 -7 45
K 0 0 43
K 0 -7 45
K 1 -7 45
A D 6 96 0
A P 3 157 0
J N 5 1992 91 6 5185 144 2 89 90
K 1 -21 45
K 1 -7 45
K 0 0 43
K 0 -7 45
K 1 -7 45
A D 6 96 0
A P 3 146 0
H 90 S 12 0 0 0 0 0 0 0 0
J N 5 2018 77 5 6049 144 2 91 89
K 1 -7 45
K 0 0 43
K 0 -7 45
K 1 -7 45
A D 6 96 0
A P 3 157 0
H 89 B 65 -1 108 4 22 11 11 33
J B 71 2050 1 82 6913 144 0
J M 0 2050 56 0 6913 0 1 91
H 91 S 12 0 0 0 0 0 0 0
E *
L 1397 0 0 315 315 * 0 14 0
J D 0 -94 42 1 6913 0 0
W 0 0 31 Vla
J C 13 5 28 35 6913 0 0
J K -1 57 0 1 6913 0 0
K 0 35 65
J D 0 56 -14 1 6913 0 0
W 0 0 0 \06\03
J N 5 115 42 5 1 0 1 58
K 0 -49 43
K 0 0 43
K 0 -49 60
K 0 -21 60
A D 6 96 0
A P 3 192 0
A P 3 152 0
J N 5 142 42 2 865 144 2 59 58
K 0 0 43
A D 6 96 0
A P 3 152 0
J N 5 184 35 3 1729 144 2 58 59
K -15 0 65
K 0 0 43
A D 6 96 0
A P 3 157 0
H 59 S 0 0 0 0 0 0 0 0 0
J N 5 210 42 2 2593 144 2 60 58
K 0 0 43
A D 6 96 0
A P 3 152 0
H 58 B -45 0 108 4 22 11 11 33
J N 5 236 35 2 3457 144 2 61 60
K 0 0 43
A D 6 96 0
A P 3 157 0
H 60 S 0 0 0 0 0 0 0 0 0
J N 5 262 42 2 4321 144 2 62 61
K 0 0 43
A D 6 96 0
A P 3 152 0
J N 5 288 35 2 5185 144 2 61 62
K 0 0 43
A D 6 96 0
A P 3 157 0
H 62 S 12 0 0 0 0 0 0 0 0
J N 5 314 42 2 6049 144 2 63 61
K 0 0 43
A D 6 96 0
A P 3 152 0
H 61 B 50 0 108 4 22 11 11 33
J B 64 342 1 82 6913 144 0
J D 0 365 0 1 1 0 0
W 0 93 36 ben marcato
J N 6 365 -7 3 1 0 2 64 63
K 0 0 43
K 0 -17 96
A D 12 96 0
A P 3 192 0
H 63 S 0 14 -14 0 -14 0 0 0 0
J N 6 417 -14 6 1729 288 1 64
K 0 0 45
K 0 0 43
K -1 0 45
K 2 0 45
K 0 -17 96
A D 12 96 0
A P 3 197 0
J N 6 469 -21 7 3457 288 1 64
K 0 7 45
K -18 0 63
K 0 0 43
K 0 7 45
K 1 7 45
K 0 -17 96
A D 12 96 0
A P 3 204 0
J N 6 521 -28 7 5185 288 1 64
K 0 14 45
K 0 0 45
K 0 0 43
K -1 0 45
K 2 0 45
K 0 -17 96
A D 12 96 0
A P 3 209 0
H 64 B -42 -1 108 4 2 1 1 3
J B 65 575 1 82 6913 288 0
J N 6 634 -35 7 1 0 1 65
K 0 21 45
K 0 7 45
K 0 0 43
K 0 7 45
K 1 7 45
K 0 -17 96
A D 12 96 0
A P 3 215 0
J N 6 686 -28 7 1729 288 1 65
K 0 14 45
K 0 0 45
K 0 0 43
K -1 0 45
K 2 0 45
K 0 -17 96
A D 12 96 0
A P 3 209 0
J N 6 738 -21 7 3457 288 1 65
K 0 7 45
K -18 0 63
K 0 0 43
K 0 7 45
K 1 7 45
K 0 -17 96
A D 12 96 0
A P 3 204 0
J N 6 790 -28 7 5185 288 1 65
K 0 14 45
K 0 0 45
K 0 0 43
K -1 0 45
K 2 0 45
K 0 -17 96
A D 12 96 0
A P 3 209 0
H 65 B -63 0 108 4 2 1 1 3
J B 66 844 1 82 6913 288 0
J N 6 871 42 15 1 0 0
K 0 -56 45
K 0 -70 45
K 0 -77 43
K 0 -70 45
K 1 -70 45
K 25 -77 44
K 0 -42 43
K 0 0 43
K 0 61 111
K 12 61 110
K 0 -77 60
K 0 -49 60
K 0 -21 60
K 0 0 52
A D 18 96 0
A P 3 215 0
A P 3 186 0
A P 3 152 0
J R 5 949 28 3 2593 432 0
K 0 14 49
K 4 0 50
A D 6 96 0
A P 3 0 0
J N 6 990 42 15 3457 144 0
K 0 -56 45
K 0 -70 45
K 0 -70 43
K -1 -70 45
K 2 -70 45
K 24 -76 44
K 0 -35 43
K 0 0 43
K 0 61 111
K 12 61 110
K 0 -70 60
K 0 -42 60
K 0 -14 60
K 0 0 52
A D 18 96 0
A P 3 209 0
A P 3 180 0
A P 3 152 0
J R 5 1068 28 3 6049 432 0
K 0 14 49
K 4 0 50
A D 6 96 0
A P 3 0 0
J B 67 1100 1 82 6913 144 0
J N 8 1127 42 6 1 0 0
K 0 0 42
K 0 46 111
K 12 46 110
K 0 0 59
K 0 -21 59
A D 48 96 0
A P 3 152 0
J B 68 1339 1 82 6913 1152 0
J N 6 1360 49 3 1 0 1 66
K 0 0 43
K 0 17 96
A D 12 96 0
A P 3 146 0
J N 6 1412 56 3 1729 288 1 66
K 0 0 43
K 0 17 96
A D 12 96 0
A P 3 140 0
J N 6 1464 63 3 3457 288 1 66
K 0 0 43
K 0 17 96
A D 12 96 0
A P 3 135 0
J N 6 1516 70 6 5185 288 1 66
K 1 0 45
K 0 0 43
K -1 0 45
K 2 0 45
K 0 17 96
A D 12 96 0
A P 3 129 0
H 66 B 42 1 108 4 2 1 1 3
J B 69 1570 1 82 6913 288 0
J N 6 1597 77 7 1 0 1 67
K 1 -7 45
K -18 0 63
K 0 0 43
K 0 -7 45
K 1 -7 45
K 0 17 96
A D 12 96 0
A P 3 124 0
J N 6 1649 70 6 1729 288 1 67
K 1 0 45
K 0 0 43
K -1 0 45
K 2 0 45
K 0 17 96
A D 12 96 0
A P 3 129 0
J N 6 1701 63 3 3457 288 1 67
K 0 0 43
K 0 17 96
A D 12 96 0
A P 3 135 0
J N 6 1753 56 3 5185 288 1 67
K 0 0 43
K 0 17 96
A D 12 96 0
A P 3 140 0
H 67 B 63 -1 108 4 2 1 1 3
J B 70 1807 1 82 6913 288 0
J N 6 1834 49 6 1 0 0
K 0 0 43
K 34 0 44
K 0 39 111
K 12 39 110
K 0 0 53
A D 18 96 0
A P 3 146 0
J R 5 1912 28 3 2593 432 0
K 0 14 49
K 4 0 50
A D 6 96 0
A P 3 0 0
J N 6 1940 49 10 3457 144 0
K 0 -49 43
K 24 -55 44
K 0 0 43
K 25 0 44
K 0 64 111
K 12 64 110
K 0 -49 60
K 0 -21 60
K 0 0 52
A D 18 96 0
A P 3 186 0
A P 3 146 0
J R 5 2018 28 3 6049 432 0
K 0 14 49
K 4 0 50
A D 6 96 0
A P 3 0 0
J B 71 2050 1 82 6913 144 0
E *
L 1532 0 0 315 315 * 0 14 0
J D 0 -75 42 1 6913 0 0
W 0 -21 31 Vc
J D 0 -75 42 1 6913 0 0
W 0 21 31 Cb
J C 22 5 14 36 6913 0 0
J K -1 57 0 1 6913 0 0
K 0 42 65
J D 0 56 -14 1 6913 0 0
W 0 0 0 \06\03
J N 8 115 49 6 1 0 0
K 0 0 42
K 0 39 111
K 12 39 110
K 0 0 59
K 0 -21 59
A D 48 96 0
A P 1 112 0
J B 64 342 1 82 6913 1152 0
J D 0 363 0 1 1 0 0
W 0 105 36 ben marcato
J N 6 365 35 4 1 0 1 36
K -18 0 63
K 0 0 43
K 0 -14 96
A D 12 96 0
A P 1 124 0
J N 6 417 28 3 1729 288 1 36
K 0 0 43
K 0 -21 96
A D 12 96 0
A P 1 129 0
J N 6 469 21 3 3457 288 1 36
K 0 0 43
K 0 -14 96
A D 12 96 0
A P 1 135 0
J N 6 521 14 3 5185 288 1 36
K 0 0 43
K 0 -21 96
A D 12 96 0
A P 1 140 0
H 36 B -42 -2 108 4 2 1 1 3
J B 65 575 1 82 6913 288 0
J N 6 634 7 4 1 0 1 37
K -14 0 64
K 0 0 43
K 0 -17 96
A D 12 96 0
A P 1 146 0
J N 6 686 14 3 1729 288 1 37
K 0 0 43
K 0 -21 96
A D 12 96 0
A P 1 140 0
J N 6 738 21 3 3457 288 1 37
K 0 0 43
K 0 -14 96
A D 12 96 0
A P 1 135 0
J N 6 790 28 3 5185 288 1 37
K 0 0 43
K 0 -21 96
A D 12 96 0
A P 1 129 0
H 37 B -63 1 108 4 2 1 1 3
J B 66 844 1 82 6913 288 0
J N 6 871 35 7 1 0 0
K -18 0 63
K 0 0 43
K 34 0 44
K 0 53 111
K 12 53 110
K 0 0 53
A D 18 96 0
A P 1 124 0
J R 5 949 28 3 2593 432 0
K 0 14 49
K 4 0 50
A D 6 96 0
A P 1 0 0
J N 6 990 28 6 3457 144 0
K 0 0 43
K 34 -6 44
K 0 60 111
K 12 60 110
K 0 0 51
A D 18 96 0
A P 1 129 0
J R 5 1068 28 3 6049 432 0
K 0 14 49
K 4 0 50
A D 6 96 0
A P 1 0 0
J B 67 1100 1 82 6913 144 0
J N 5 1127 49 4 1 0 1 38
K 0 0 43
K 0 74 111
K 12 74 110
A D 6 96 0
A P 1 112 0
J N 5 1153 0 2 865 144 2 39 38
K 0 0 43
A D 6 96 0
A P 1 152 0
J N 5 1179 -7 2 1729 144 2 38 39
K 0 0 43
A D 6 96 0
A P 1 157 0
H 39 S 0 0 0 0 0 0 0 0 0
J N 5 1205 0 2 2593 144 2 40 38
K 0 0 43
A D 6 96 0
A P 1 152 0
H 38 B -45 -9 108 4 22 11 11 33
J N 5 1233 -7 2 3457 144 2 41 40
K 0 0 43
A D 6 96 0
A P 1 157 0
H 40 S 0 0 0 0 0 0 0 0 0
J N 5 1259 0 2 4321 144 2 42 41
K 0 0 43
A D 6 96 0
A P 1 152 0
J N 5 1285 -7 2 5185 144 2 41 42
K 0 0 43
A D 6 96 0
A P 1 157 0
H 42 S 0 0 0 0 0 0 0 0 0
J N 5 1311 0 2 6049 144 2 43 41
K 0 0 43
A D 6 96 0
A P 1 152 0
H 41 B -53 0 108 4 22 11 11 33
J B 68 1339 1 82 6913 144 0
J N 5 1360 7 2 1 0 2 44 43
K 0 0 43
A D 6 96 0
A P 1 146 0
H 43 S 0 0 0 0 0 0 0 0 0
J N 5 1386 49 2 865 144 2 45 44
K 0 0 43
A D 6 96 0
A P 1 112 0
J N 5 1412 14 2 1729 144 2 44 45
K 0 0 43
A D 6 96 0
A P 1 140 0
H 45 S 12 0 0 0 0 0 0 0 0
J N 5 1438 49 2 2593 144 2 46 44
K 0 0 43
A D 6 96 0
A P 1 112 0
H 44 B 45 0 108 4 22 11 11 33
J N 5 1464 21 2 3457 144 2 47 46
K 0 0 43
A D 6 96 0
A P 1 135 0
H 46 S 12 0 0 0 0 0 0 0 0
J N 5 1490 49 2 4321 144 2 48 47
K 0 0 43
A D 6 96 0
A P 1 112 0
J N 5 1516 28 2 5185 144 2 47 48
K 0 0 43
A D 6 96 0
A P 1 129 0
H 48 S 12 0 0 0 0 0 0 0 0
J N 5 1542 49 2 6049 144 2 49 47
K 0 0 43
A D 6 96 0
A P 1 112 0
H 47 B 41 2 108 4 22 11 11 33
J B 69 1570 1 82 6913 144 0
J N 5 1597 35 3 1 0 2 50 49
K -18 0 63
K 0 0 43
A D 6 96 0
A P 1 124 0
H 49 S 12 0 0 0 0 0 0 0 0
J N 5 1623 49 2 865 144 2 51 50
K 0 0 43
A D 6 96 0
A P 1 112 0
J N 5 1649 28 2 1729 144 2 50 51
K 0 0 43
A D 6 96 0
A P 1 129 0
H 51 S 12 0 0 0 0 0 0 0 0
J N 5 1675 49 2 2593 144 2 52 50
K 0 0 43
A D 6 96 0
A P 1 112 0
H 50 B 52 0 108 4 22 11 11 33
J N 5 1701 21 2 3457 144 2 53 52
K 0 0 43
A D 6 96 0
A P 1 135 0
H 52 S 12 0 0 0 0 0 0 0 0
J N 5 1727 49 2 4321 144 2 54 53
K 0 0 43
A D 6 96 0
A P 1 112 0
J N 5 1753 14 2 5185 144 2 53 54
K 0 0 43
A D 6 96 0
A P 1 140 0
H 54 S 12 0 0 0 0 0 0 0 0
J N 5 1779 49 2 6049 144 2 55 53
K 0 0 43
A D 6 96 0
A P 1 112 0
H 53 B 52 0 108 4 22 11 11 33
J B 70 1807 1 82 6913 144 0
J N 6 1834 7 6 1 0 1 55
K 0 0 43
K 25 0 44
K 0 81 111
K 12 81 110
K 0 0 54
A D 18 96 0
A P 1 146 0
H 55 S 0 14 0 0 0 0 0 0 0
J R 5 1912 28 3 2593 432 0
K 0 14 49
K 4 0 50
A D 6 96 0
A P 1 0 0
J N 6 1940 14 6 3457 144 0
K 0 0 43
K 24 -6 44
K 0 74 111
K 12 74 110
K 0 0 54
A D 18 96 0
A P 1 140 0
J R 5 2018 28 3 6049 432 0
K 0 14 49
K 4 0 50
A D 6 96 0
A P 1 0 0
J B 71 2050 1 82 6913 144 0
E *
B 1 342 0
B 1 575 0
B 1 844 0
B 1 1100 0
B 1 1339 0
B 1 1570 0
B 1 1807 0
B 1 2050 0
