S 0 200 140 2050 1176 9 "[....{..}.{..}]"
L 0 0 0 326 326 * 0 14 0
J C 4 5 42 2 6913 0 0
K 0 0 33
K 0 0 34
J K -2 57 0 2 6913 0 0
K 0 28 65
K 13 7 65
J D 0 -11 -14 1 6913 0 0
W 0 0 37 \02\09
J R 9 239 28 2 1 10000 0
K 0 0 46
A D 16 16
J B 30 402 1 82 6913 2304 0
J R 9 543 28 2 1 10000 0
K 0 0 46
A D 16 16
J B 31 712 1 82 6913 2304 0
J N 9 735 -28 10 1 0 1 6
K 0 14 45
K 6 14 45
K 0 0 45
K 6 0 45
K 0 0 41
K -1 0 45
K 2 0 45
K 4 0 45
K 7 0 45
A D 16 16
J B 32 1082 1 82 6913 2304 0
J N 9 1106 -28 10 1 0 2 7 6
K 0 14 45
K 6 14 45
K 0 0 45
K 6 0 45
K 0 0 41
K -1 0 45
K 2 0 45
K 4 0 45
K 7 0 45
A D 16 16
H 6 T -28 0 0 0 0 0 5 0
J B 33 1451 1 82 6913 2304 0
J N 7 1474 -28 8 1 0 1 7
K 0 14 45
K 0 0 45
K 0 0 43
K -1 0 45
K 2 0 45
K 0 0 60
K 0 28 60
A D 4 16
H 7 T -28 0 0 0 0 0 5 0
J N 7 1546 -28 8 1729 576 0
K 0 14 45
K 0 0 45
K 0 0 43
K -1 0 45
K 2 0 45
K 0 0 60
K 0 28 60
A D 4 16
J R 7 1610 28 2 3457 576 0
K 0 0 48
A D 4 16
J N 7 1683 -28 8 5185 576 0
K 0 14 45
K 0 0 45
K 0 0 43
K -1 0 45
K 2 0 45
K 0 0 60
K 0 28 60
A D 4 16
J B 34 1750 1 82 6913 576 0
J R 7 1775 28 2 1 0 0
K 0 0 48
A D 4 16
J N 7 1847 -28 8 1729 576 0
K 0 14 45
K 0 0 45
K 0 0 43
K -1 0 45
K 2 0 45
K 0 0 60
K 0 28 60
A D 4 16
J R 8 1911 28 2 3457 576 0
K 0 0 47
A D 8 16
J B 35 2050 1 82 6913 1152 0
E *
L 140 0 0 326 326 * 0 14 0
J D 0 -119 42 1 6913 0 0
W 0 0 31 Ob 1-2
J C 4 5 42 2 6913 0 0
K 0 0 33
K 0 0 34
J K -2 57 0 2 6913 0 0
K 0 28 65
K 13 7 65
J D 0 -11 -14 1 6913 0 0
W 0 0 0 \02\09
J R 9 239 28 2 1 10000 0
K 0 0 46
A D 16 16 0
A P 1 0 0
J B 30 402 1 82 6913 2304 0
J R 9 543 28 2 1 10000 0
K 0 0 46
A D 16 16 0
A P 1 0 0
J B 31 712 1 82 6913 2304 0
J D 0 728 0 1 1 0 0
W 0 -16 32 zu 2
J N 9 735 21 2 1 0 1 14
K 0 0 41
A D 16 16 1
A P 3 203 1
J B 32 1082 1 82 6913 2304 0
J N 9 1106 21 2 1 0 2 15 14
K 0 0 41
A D 16 16 1
A P 3 203 1
H 14 T 21 0 0 0 0 0 1 0
J B 33 1451 1 82 6913 2304 0
J N 7 1474 21 4 1 0 1 15
K 0 0 43
K 0 0 60
K 0 21 60
A D 4 16 0
A P 3 203 0
H 15 T 21 0 0 0 0 0 1 0
J N 7 1546 21 4 1729 576 0
K 0 0 43
K 0 0 60
K 0 21 60
A D 4 16 0
A P 3 203 0
J R 7 1610 28 2 3457 576 0
K 0 0 48
A D 4 16 0
A P 3 0 0
J N 7 1683 21 4 5185 576 0
K 0 0 43
K 0 0 60
K 0 21 60
A D 4 16 0
A P 3 203 0
J B 34 1750 1 82 6913 576 0
J R 7 1775 28 2 1 0 0
K 0 0 48
A D 4 16 0
A P 3 0 0
J N 7 1847 21 4 1729 576 0
K 0 0 43
K 0 0 60
K 0 21 60
A D 4 16 0
A P 3 203 0
J R 8 1911 28 2 3457 576 0
K 0 0 47
A D 8 16 0
A P 3 0 0
J B 35 2050 1 82 6913 1152 0
E *
L 280 0 0 326 326 * 0 14 0
J D 0 -130 42 1 6913 0 0
W 0 0 31 Fag 1-2
J C 22 5 14 36 6913 0 0
J K -2 57 0 2 6913 0 0
K 0 42 65
K 13 21 65
J D 0 -11 -14 1 6913 0 0
W 0 0 0 \02\09
J R 9 239 28 2 1 10000 0
K 0 0 46
A D 16 16 0
A P 1 0 0
J B 30 402 1 82 6913 2304 0
J R 9 543 28 2 1 10000 0
K 0 0 46
A D 16 16 0
A P 1 0 0
J B 31 712 1 82 6913 2304 0
J N 9 735 35 9 1 0 2 13 14
K 0 -49 45
K 6 -49 45
K 0 -49 41
K -1 -49 45
K 2 -49 45
K 4 -49 45
K 7 -49 45
K 0 0 41
A D 16 16 1
A P 1 163 1
A P 2 123 1
J B 32 1082 1 82 6913 2304 0
J N 9 1106 35 9 1 0 4 15 16 13 14
K 0 -49 45
K 6 -49 45
K 0 -49 41
K -1 -49 45
K 2 -49 45
K 4 -49 45
K 7 -49 45
K 0 0 41
A D 16 16 1
A P 1 163 1
A P 2 123 1
H 13 T -14 0 0 0 0 0 5 0
H 14 T 35 0 0 0 0 0 11 0
J B 33 1451 1 82 6913 2304 0
J N 7 1474 35 10 1 0 2 15 16
K 0 -49 45
K 0 -49 43
K -1 -49 45
K 2 -49 45
K 0 0 43
K 0 -49 60
K 0 -28 60
K 0 0 60
K 0 14 60
A D 4 16 0
A P 1 163 0
A P 2 123 0
H 15 T -14 0 0 0 0 0 5 0
H 16 T 35 0 0 0 0 0 11 0
J N 7 1546 35 10 1729 576 0
K 0 -49 45
K 0 -49 43
K -1 -49 45
K 2 -49 45
K 0 0 43
K 0 -49 60
K 0 -28 60
K 0 0 60
K 0 14 60
A D 4 16 0
A P 1 163 0
A P 2 123 0
J R 7 1610 28 2 3457 576 0
K 0 0 48
A D 4 16 0
A P 1 0 0
J N 7 1683 35 10 5185 576 0
K 0 -49 45
K 0 -49 43
K -1 -49 45
K 2 -49 45
K 0 0 43
K 0 -49 60
K 0 -28 60
K 0 0 60
K 0 14 60
A D 4 16 0
A P 1 163 0
A P 2 123 0
J B 34 1750 1 82 6913 576 0
J R 7 1775 28 2 1 0 0
K 0 0 48
A D 4 16 0
A P 1 0 0
J N 7 1847 35 10 1729 576 0
K 0 -49 45
K 0 -49 43
K -1 -49 45
K 2 -49 45
K 0 0 43
K 0 -49 60
K 0 -28 60
K 0 0 60
K 0 14 60
A D 4 16 0
A P 1 163 0
A P 2 123 0
J R 8 1911 28 2 3457 576 0
K 0 0 47
A D 8 16 0
A P 1 0 0
J B 35 2050 1 82 6913 1152 0
E *
L 420 0 0 326 326 * 0 14 0
J D 0 -130 42 1 6913 0 0
W 0 0 31 Cor 1-2
J C 4 5 42 2 6913 0 0
K 0 0 33
K 0 0 34
J K 0 57 0 0 6913 0 0
J D 0 -11 -14 1 6913 0 0
W 0 0 0 \02\09
J R 9 239 28 2 1 10000 0
K 0 0 46
A D 16 16 0
A P 1 0 0
J B 30 402 1 82 6913 2304 0
J R 9 543 28 2 1 10000 0
K 0 0 46
A D 16 16 0
A P 1 0 0
J B 31 712 1 82 6913 2304 0
J D 0 728 0 1 1 0 0
W 0 -16 32 zu 2
J N 9 735 14 2 1 0 1 11
K 0 0 41
A D 16 16 1
A P 3 209 1
J B 32 1082 1 82 6913 2304 0
J N 9 1106 14 2 1 0 2 12 11
K 0 0 41
A D 16 16 1
A P 3 209 1
H 11 T 14 0 0 0 0 0 5 0
J B 33 1451 1 82 6913 2304 0
J N 7 1474 14 4 1 0 1 12
K 0 0 43
K 0 0 60
K 0 21 60
A D 4 16 0
A P 3 209 0
H 12 T 14 0 0 0 0 0 5 0
J N 7 1546 14 4 1729 576 0
K 0 0 43
K 0 0 60
K 0 21 60
A D 4 16 0
A P 3 209 0
J R 7 1610 28 2 3457 576 0
K 0 0 48
A D 4 16 0
A P 3 0 0
J N 7 1683 14 4 5185 576 0
K 0 0 43
K 0 0 60
K 0 21 60
A D 4 16 0
A P 3 209 0
J B 34 1750 1 82 6913 576 0
J R 7 1775 28 2 1 0 0
K 0 0 48
A D 4 16 0
A P 3 0 0
J N 7 1847 14 4 1729 576 0
K 0 0 43
K 0 0 60
K 0 21 60
A D 4 16 0
A P 3 209 0
J R 8 1911 28 2 3457 576 0
K 0 0 47
A D 8 16 0
A P 3 0 0
J B 35 2050 1 82 6913 1152 0
E *
L 560 0 0 326 326 * 0 14 0
J C 4 5 42 2 6913 0 0
K 0 0 33
K 0 0 34
J K -2 57 0 2 6913 0 0
K 0 28 65
K 13 7 65
J D 0 -11 -14 1 6913 0 0
W 0 0 0 \02\09
J N 7 126 0 4 1 0 0
K 0 0 43
K 0 0 60
K 0 21 60
A D 4 16
J R 7 192 28 2 1729 576 0
K 0 0 48
A D 4 16
J N 7 267 -7 6 3457 576 0
K -15 0 65
K 0 0 43
K 25 0 44
K 0 0 60
K 0 21 60
A D 6 16
J N 6 366 7 4 6049 864 0
K -14 0 64
K 0 0 43
K 0 0 54
A D 2 16
J B 30 402 1 82 6913 288 0
J N 7 427 0 4 1 0 0
K 0 0 43
K 0 0 60
K 0 21 60
A D 4 16
J N 7 502 14 5 1729 576 0
K -15 0 65
K 0 0 43
K 0 0 60
K 0 21 60
A D 4 16
J N 7 568 21 4 3457 576 0
K 0 0 43
K 0 0 60
K 0 21 60
A D 4 16
J N 7 643 28 5 5185 576 0
K -14 0 64
K 0 0 43
K 0 0 60
K 0 21 60
A D 4 16
J B 31 712 1 82 6913 576 0
J N 7 735 21 5 1 0 0
K 0 0 43
K 25 0 44
K 0 0 60
K 0 21 60
A D 6 16
J R 5 841 28 3 2593 864 0
K 0 14 49
K 4 0 50
A D 1 16
J N 5 874 21 3 3025 144 0
K 0 0 43
K 0 0 56
A D 1 16
J N 6 911 -7 3 3457 144 1 22
K 0 0 43
K 25 0 44
A D 3 16
J N 5 965 -7 2 4753 432 1 22
K 0 0 43
A D 1 16
H 22 B -50 0 108 2 2 53
J N 6 1005 7 4 5185 144 1 23
K -14 0 64
K 0 0 43
K 25 0 44
A D 3 16
J N 5 1049 7 2 6481 432 1 23
K 0 0 43
A D 1 16
H 23 B -50 0 108 2 2 53
J B 32 1082 1 82 6913 144 0
J N 7 1106 0 5 1 0 0
K 0 0 43
K 24 -6 44
K 0 0 60
K 0 21 60
A D 6 16
J R 5 1211 28 3 2593 864 0
K 0 14 49
K 4 0 50
A D 1 16
J N 5 1244 0 3 3025 144 0
K 0 0 43
K 0 0 56
A D 1 16
J N 6 1281 -28 7 3457 144 1 24
K 0 14 45
K 0 0 45
K 0 0 43
K -1 0 45
K 2 0 45
K 24 -6 44
A D 3 16
J N 5 1333 -28 6 4753 432 1 24
K 0 14 45
K 0 0 45
K 0 0 43
K -1 0 45
K 2 0 45
A D 1 16
H 24 B -56 0 108 2 2 53
J N 6 1374 -14 7 5185 144 1 25
K 0 0 45
K -15 0 65
K 0 0 43
K -1 0 45
K 2 0 45
K 24 -6 44
A D 3 16
J N 5 1418 -14 5 6481 432 1 25
K 0 0 45
K 0 0 43
K -1 0 45
K 2 0 45
A D 1 16
H 25 B -46 0 108 2 2 53
J B 33 1451 1 82 6913 144 0
J N 7 1474 56 13 1 0 0
K 0 -70 45
K -14 0 64
K 0 -77 43
K 0 -70 45
K 1 -70 45
K 0 -35 43
K 0 0 43
K 0 -77 60
K 0 -49 60
K 0 -28 60
K 0 0 60
K 0 14 60
A D 4 16
J R 7 1546 28 2 1729 576 0
K 0 0 48
A D 4 16
J N 7 1610 49 13 3457 576 0
K 0 -63 45
K -15 -63 65
K 0 -63 43
K -1 -63 45
K 2 -63 45
K 0 -28 43
K 0 0 43
K 0 -63 60
K 0 -35 60
K 0 -28 60
K 0 0 60
K 0 14 60
A D 4 16
J R 7 1683 28 2 5185 576 0
K 0 0 48
A D 4 16
J B 34 1750 1 82 6913 576 0
J N 6 1775 56 8 1 0 1 26
K -14 0 64
K 0 -63 43
K 0 -35 43
K 0 0 43
K 0 -63 60
K 0 -35 60
K 0 -28 60
A D 2 16
J N 6 1807 -28 6 865 288 1 26
K 0 14 45
K 0 0 45
K 0 0 43
K -1 0 45
K 2 0 45
A D 2 16
J N 6 1847 -21 6 1729 288 1 26
K 0 7 45
K -14 0 64
K 0 0 43
K 0 7 45
K 1 7 45
A D 2 16
J N 6 1879 -28 6 2593 288 1 26
K 0 14 45
K 0 0 45
K 0 0 43
K -1 0 45
K 2 0 45
A D 2 16
H 26 B -42 -7 108 4 2 1 1 3
J N 6 1911 -21 5 3457 288 1 27
K 0 7 45
K 0 0 43
K 0 7 45
K 1 7 45
A D 2 16
J N 6 1943 -28 6 4321 288 1 27
K 0 14 45
K 0 0 45
K 0 0 43
K -1 0 45
K 2 0 45
A D 2 16
J N 6 1975 -7 2 5185 288 1 27
K 0 0 43
A D 2 16
J N 6 2015 7 3 6049 288 1 27
K -14 0 64
K 0 0 43
A D 2 16
H 27 B -51 5 108 4 2 1 1 3
J B 35 2050 1 82 6913 288 0
E *
L 700 0 0 326 326 * 0 14 0
J C 4 5 42 2 6913 0 0
K 0 0 33
K 0 0 34
J K -2 57 0 2 6913 0 0
K 0 28 65
K 13 7 65
J D 0 -11 -14 1 6913 0 0
W 0 0 0 \02\09
J N 6 126 21 2 1 0 1 25
K 0 0 43
A D 2 16
J N 6 159 21 2 865 288 1 25
K 0 0 43
A D 2 16
J N 6 192 21 2 1729 288 1 25
K 0 0 43
A D 2 16
J N 6 225 21 2 2593 288 1 25
K 0 0 43
A D 2 16
H 25 B -42 0 108 4 2 1 1 3
J N 6 267 14 3 3457 288 1 26
K -15 0 65
K 0 0 43
A D 2 16
J N 6 300 14 2 4321 288 1 26
K 0 0 43
A D 2 16
J N 6 333 14 2 5185 288 1 26
K 0 0 43
A D 2 16
J N 6 366 14 2 6049 288 1 26
K 0 0 43
A D 2 16
H 26 B -46 0 108 4 2 1 1 3
J B 30 402 1 82 6913 288 0
J N 6 427 21 2 1 0 1 27
K 0 0 43
A D 2 16
J N 6 460 21 2 865 288 1 27
K 0 0 43
A D 2 16
J N 6 502 35 3 1729 288 1 27
K -15 0 65
K 0 0 43
A D 2 16
J N 6 535 35 2 2593 288 1 27
K 0 0 43
A D 2 16
H 27 B -54 1 108 4 2 1 1 3
J N 6 568 42 2 3457 288 1 28
K 0 0 43
A D 2 16
J N 6 601 42 2 4321 288 1 28
K 0 0 43
A D 2 16
J N 6 643 49 2 5185 288 1 28
K 0 0 43
A D 2 16
J N 6 676 49 2 6049 288 1 28
K 0 0 43
A D 2 16
H 28 B 46 0 108 4 2 1 1 3
J B 31 712 1 82 6913 288 0
J N 7 735 56 6 1 0 0
K -14 0 64
K 0 0 43
K 24 -6 44
K 0 0 59
K 0 -21 59
A D 6 16
J R 5 841 28 3 2593 864 0
K 0 14 49
K 4 0 50
A D 1 16
J N 5 874 70 6 3025 144 0
K 1 0 45
K 0 0 43
K -1 0 45
K 2 0 45
K 0 0 55
A D 1 16
J N 6 911 42 3 3457 144 1 29
K 0 0 43
K 24 -6 44
A D 3 16
J N 5 965 42 2 4753 432 1 29
K 0 0 43
A D 1 16
H 29 B 46 0 108 2 2 53
J N 6 1005 56 3 5185 144 1 30
K 0 0 43
K 24 -6 44
A D 3 16
J N 5 1049 56 2 6481 432 1 30
K 0 0 43
A D 1 16
H 30 B 46 0 108 2 2 53
J B 32 1082 1 82 6913 144 0
J N 7 1106 49 5 1 0 0
K 0 0 43
K 25 0 44
K 0 0 59
K 0 -21 59
A D 6 16
J R 5 1211 28 3 2593 864 0
K 0 14 49
K 4 0 50
A D 1 16
J N 5 1244 49 3 3025 144 0
K 0 0 43
K 0 0 55
A D 1 16
J N 6 1281 21 3 3457 144 1 31
K 0 0 43
K 25 0 44
A D 3 16
J N 5 1333 21 2 4753 432 1 31
K 0 0 43
A D 1 16
H 31 B -50 0 108 2 2 53
J N 6 1374 35 4 5185 144 1 32
K -15 0 65
K 0 0 43
K 25 0 44
A D 3 16
J N 5 1418 35 2 6481 432 1 32
K 0 0 43
A D 1 16
H 32 B 50 0 108 2 2 53
J B 33 1451 1 82 6913 144 0
J N 7 1474 56 10 1 0 0
K -14 0 64
K 0 -63 43
K 0 -35 43
K 0 0 43
K 0 -63 60
K 0 -35 60
K 0 -28 60
K 0 0 60
K 0 14 60
A D 4 16
J R 7 1546 28 2 1729 576 0
K 0 0 48
A D 4 16
J N 7 1610 49 8 3457 576 0
K 0 -49 43
K 0 -28 43
K 0 0 43
K 0 -49 60
K 0 -28 60
K 0 0 60
K 0 14 60
A D 4 16
J R 7 1683 28 2 5185 576 0
K 0 0 48
A D 4 16
J B 34 1750 1 82 6913 576 0
J N 6 1775 42 7 1 0 1 33
K -14 -35 64
K 0 -35 43
K 0 -21 43
K 0 0 43
K 0 -35 60
K 0 -28 60
A D 2 16
J N 6 1807 21 2 865 288 1 33
K 0 0 43
A D 2 16
J N 6 1847 28 3 1729 288 1 33
K -14 0 64
K 0 0 43
A D 2 16
J N 6 1879 21 2 2593 288 1 33
K 0 0 43
A D 2 16
H 33 B -42 -3 108 4 2 1 1 3
J N 6 1911 28 2 3457 288 1 34
K 0 0 43
A D 2 16
J N 6 1943 21 2 4321 288 1 34
K 0 0 43
A D 2 16
J N 6 1975 42 2 5185 288 1 34
K 0 0 43
A D 2 16
J N 6 2015 56 3 6049 288 1 34
K -14 0 64
K 0 0 43
A D 2 16
H 34 B 49 0 108 4 2 1 1 3
J B 35 2050 1 82 6913 288 0
E *
L 840 0 0 326 326 * 0 14 0
J C 13 5 28 35 6913 0 0
J K -2 57 0 2 6913 0 0
K 0 35 65
K 13 14 65
J D 0 -11 -14 1 6913 0 0
W 0 0 0 \02\09
J N 6 126 -7 2 1 0 1 28
K 0 0 43
A D 2 16
J N 6 159 -7 2 865 288 1 28
K 0 0 43
A D 2 16
J N 6 192 -7 2 1729 288 1 28
K 0 0 43
A D 2 16
J N 6 225 -7 2 2593 288 1 28
K 0 0 43
A D 2 16
H 28 B -49 0 108 4 2 1 1 3
J N 6 267 -14 5 3457 288 1 29
K 0 0 45
K 0 0 43
K -1 0 45
K 2 0 45
A D 2 16
J N 6 300 -14 5 4321 288 1 29
K 0 0 45
K 0 0 43
K -1 0 45
K 2 0 45
A D 2 16
J N 6 333 -14 5 5185 288 1 29
K 0 0 45
K 0 0 43
K -1 0 45
K 2 0 45
A D 2 16
J N 6 366 -14 5 6049 288 1 29
K 0 0 45
K 0 0 43
K -1 0 45
K 2 0 45
A D 2 16
H 29 B -46 0 108 4 2 1 1 3
J B 30 402 1 82 6913 288 0
J N 6 427 -7 3 1 0 1 30
K -15 0 65
K 0 0 43
A D 2 16
J N 6 460 -7 2 865 288 1 30
K 0 0 43
A D 2 16
J N 6 502 7 2 1729 288 1 30
K 0 0 43
A D 2 16
J N 6 535 7 2 2593 288 1 30
K 0 0 43
A D 2 16
H 30 B -52 1 108 4 2 1 1 3
J N 6 568 14 2 3457 288 1 31
K 0 0 43
A D 2 16
J N 6 601 14 2 4321 288 1 31
K 0 0 43
A D 2 16
J N 6 643 21 3 5185 288 1 31
K -15 0 65
K 0 0 43
A D 2 16
J N 6 676 21 2 6049 288 1 31
K 0 0 43
A D 2 16
H 31 B -49 0 108 4 2 1 1 3
J B 31 712 1 82 6913 288 0
J N 6 735 28 2 1 0 1 32
K 0 0 43
A D 2 16
J N 6 768 77 5 865 288 1 32
K 1 -7 45
K 0 0 43
K 0 -7 45
K 1 -7 45
A D 2 16
J N 6 809 63 3 1729 288 1 32
K -14 0 64
K 0 0 43
A D 2 16
J N 6 841 49 2 2593 288 1 32
K 0 0 43
A D 2 16
H 32 B 47 1 108 4 2 1 1 3
J N 6 911 28 2 3457 288 1 33
K 0 0 43
A D 2 16
J N 6 951 14 3 4321 288 1 33
K -14 0 64
K 0 0 43
A D 2 16
J N 6 1005 0 2 5185 288 1 33
K 0 0 43
A D 2 16
J N 6 1037 -21 5 6049 288 1 33
K 0 7 45
K 0 0 43
K 0 7 45
K 1 7 45
A D 2 16
H 33 B -44 -6 108 4 2 1 1 3
J B 32 1082 1 82 6913 288 0
J R 6 1106 28 2 1 0 0
K 0 0 49
A D 2 16
J N 6 1138 77 5 865 288 1 34
K 1 -7 45
K 0 0 43
K 0 -7 45
K 1 -7 45
A D 2 16
J N 6 1170 56 2 1729 288 1 34
K 0 0 43
A D 2 16
J N 6 1211 42 3 2593 288 1 34
K -15 0 65
K 0 0 43
A D 2 16
H 34 B 65 -7 108 3 2 1 3
J N 6 1281 28 2 3457 288 1 35
K 0 0 43
A D 2 16
J N 6 1313 7 2 4321 288 1 35
K 0 0 43
A D 2 16
J N 6 1374 -7 3 5185 288 1 35
K -15 0 65
K 0 0 43
A D 2 16
J N 6 1406 -21 5 6049 288 1 35
K 0 7 45
K 0 0 43
K 0 7 45
K 1 7 45
A D 2 16
H 35 B -44 -6 108 4 2 1 1 3
J B 33 1451 1 82 6913 288 0
J N 6 1474 -21 5 1 0 1 36
K 0 7 45
K 0 0 43
K 0 7 45
K 1 7 45
A D 2 16
J N 6 1506 0 2 865 288 1 36
K 0 0 43
A D 2 16
J N 6 1546 14 3 1729 288 1 36
K -14 0 64
K 0 0 43
A D 2 16
J N 6 1578 28 2 2593 288 1 36
K 0 0 43
A D 2 16
H 36 B -69 7 108 4 2 1 1 3
J N 6 1610 -21 5 3457 288 1 37
K 0 7 45
K 0 0 43
K 0 7 45
K 1 7 45
A D 2 16
J N 6 1651 -7 3 4321 288 1 37
K -15 0 65
K 0 0 43
A D 2 16
J N 6 1683 7 2 5185 288 1 37
K 0 0 43
A D 2 16
J N 6 1715 28 2 6049 288 1 37
K 0 0 43
A D 2 16
H 37 B -69 7 108 4 2 1 1 3
J B 34 1750 1 82 6913 288 0
J N 7 1775 -21 7 1 0 0
K 0 7 45
K 0 0 43
K 0 7 45
K 1 7 45
K 0 0 60
K 0 21 60
A D 4 16
J R 7 1847 28 2 1729 576 0
K 0 0 48
A D 4 16
J R 8 1911 28 2 3457 576 0
K 0 0 47
A D 8 16
J B 35 2050 1 82 6913 1152 0
E *
L 980 0 0 326 326 * 0 14 0
J C 22 5 14 36 6913 0 0
J K -2 57 0 2 6913 0 0
K 0 42 65
K 13 21 65
J D 0 -11 -14 1 6913 0 0
W 0 0 0 \02\09
J N 7 126 -35 9 1 0 0
K 0 21 45
K 0 7 45
K 0 0 43
K 0 7 45
K 1 7 45
K 0 0 60
K 0 28 60
K 0 35 60
A D 4 16
J N 7 192 -35 9 1729 576 0
K 0 21 45
K 0 7 45
K 0 0 43
K 0 7 45
K 1 7 45
K 0 0 60
K 0 28 60
K 0 35 60
A D 4 16
J R 7 267 28 2 3457 576 0
K 0 0 48
A D 4 16
J N 7 333 14 4 5185 576 0
K 0 0 43
K 0 0 60
K 0 21 60
A D 4 16
J B 30 402 1 82 6913 576 0
J N 7 427 -35 9 1 0 0
K 0 21 45
K 0 7 45
K 0 0 43
K 0 7 45
K 1 7 45
K 0 0 60
K 0 28 60
K 0 35 60
A D 4 16
J N 7 502 14 4 1729 576 0
K 0 0 43
K 0 0 60
K 0 21 60
A D 4 16
J N 7 568 21 4 3457 576 0
K 0 0 43
K 0 0 60
K 0 21 60
A D 4 16
J N 7 643 28 5 5185 576 0
K -15 0 65
K 0 0 43
K 0 0 60
K 0 21 60
A D 4 16
J B 31 712 1 82 6913 576 0
J N 7 735 35 4 1 0 0
K 0 0 43
K 0 0 59
K 0 -21 59
A D 4 16
J N 7 809 -14 7 1729 576 0
K 0 0 45
K 0 0 43
K -1 0 45
K 2 0 45
K 0 0 60
K 0 21 60
A D 4 16
J R 7 911 28 2 3457 576 0
K 0 0 48
A D 4 16
J N 7 1005 -7 4 5185 576 0
K 0 0 43
K 0 0 60
K 0 21 60
A D 4 16
J B 32 1082 1 82 6913 576 0
J N 7 1106 0 5 1 0 0
K -15 0 65
K 0 0 43
K 0 0 60
K 0 21 60
A D 4 16
J N 7 1170 14 4 1729 576 0
K 0 0 43
K 0 0 60
K 0 21 60
A D 4 16
J R 7 1281 28 2 3457 576 0
K 0 0 48
A D 4 16
J N 7 1374 14 4 5185 576 0
K 0 0 43
K 0 0 60
K 0 21 60
A D 4 16
J B 33 1451 1 82 6913 576 0
J N 7 1474 21 5 1 0 0
K -14 0 64
K 0 0 43
K 0 0 60
K 0 21 60
A D 4 16
J N 7 1546 35 4 1729 576 0
K 0 0 43
K 0 0 59
K 0 -21 59
A D 4 16
J N 7 1610 14 4 3457 576 0
K 0 0 43
K 0 0 60
K 0 21 60
A D 4 16
J N 7 1683 0 5 5185 576 0
K -15 0 65
K 0 0 43
K 0 0 60
K 0 21 60
A D 4 16
J B 34 1750 1 82 6913 576 0
J N 7 1775 -14 7 1 0 0
K 0 0 45
K 0 0 43
K -1 0 45
K 2 0 45
K 0 0 60
K 0 21 60
A D 4 16
J R 7 1847 28 2 1729 576 0
K 0 0 48
A D 4 16
J R 8 1911 28 2 3457 576 0
K 0 0 47
A D 8 16
J B 35 2050 1 82 6913 1152 0
E *
L 1120 0 0 326 326 * 0 14 0
J C 22 5 14 36 6913 0 0
J K -2 57 0 2 6913 0 0
K 0 42 65
K 13 21 65
J D 0 -11 -14 1 6913 0 0
W 0 0 0 \02\09
J N 7 126 -35 9 1 0 0
K 0 21 45
K 0 7 45
K 0 0 43
K 0 7 45
K 1 7 45
K 0 0 60
K 0 28 60
K 0 35 60
A D 4 16
J N 7 192 -35 9 1729 576 0
K 0 21 45
K 0 7 45
K 0 0 43
K 0 7 45
K 1 7 45
K 0 0 60
K 0 28 60
K 0 35 60
A D 4 16
J R 7 267 28 2 3457 576 0
K 0 0 48
A D 4 16
J N 7 333 14 4 5185 576 0
K 0 0 43
K 0 0 60
K 0 21 60
A D 4 16
J B 30 402 1 82 6913 576 0
J N 7 427 -35 9 1 0 0
K 0 21 45
K 0 7 45
K 0 0 43
K 0 7 45
K 1 7 45
K 0 0 60
K 0 28 60
K 0 35 60
A D 4 16
J N 7 502 14 4 1729 576 0
K 0 0 43
K 0 0 60
K 0 21 60
A D 4 16
J N 7 568 21 4 3457 576 0
K 0 0 43
K 0 0 60
K 0 21 60
A D 4 16
J N 7 643 28 5 5185 576 0
K -15 0 65
K 0 0 43
K 0 0 60
K 0 21 60
A D 4 16
J B 31 712 1 82 6913 576 0
J N 7 735 35 4 1 0 0
K 0 0 43
K 0 0 59
K 0 -21 59
A D 4 16
J N 7 809 -14 7 1729 576 0
K 0 0 45
K 0 0 43
K -1 0 45
K 2 0 45
K 0 0 60
K 0 21 60
A D 4 16
J R 7 911 28 2 3457 576 0
K 0 0 48
A D 4 16
J N 7 1005 -7 4 5185 576 0
K 0 0 43
K 0 0 60
K 0 21 60
A D 4 16
J B 32 1082 1 82 6913 576 0
J N 7 1106 0 5 1 0 0
K -15 0 65
K 0 0 43
K 0 0 60
K 0 21 60
A D 4 16
J N 7 1170 14 4 1729 576 0
K 0 0 43
K 0 0 60
K 0 21 60
A D 4 16
J R 7 1281 28 2 3457 576 0
K 0 0 48
A D 4 16
J N 7 1374 14 4 5185 576 0
K 0 0 43
K 0 0 60
K 0 21 60
A D 4 16
J B 33 1451 1 82 6913 576 0
J N 7 1474 21 5 1 0 0
K -14 0 64
K 0 0 43
K 0 0 60
K 0 21 60
A D 4 16
J N 7 1546 35 4 1729 576 0
K 0 0 43
K 0 0 59
K 0 -21 59
A D 4 16
J N 7 1610 14 4 3457 576 0
K 0 0 43
K 0 0 60
K 0 21 60
A D 4 16
J N 7 1683 0 5 5185 576 0
K -15 0 65
K 0 0 43
K 0 0 60
K 0 21 60
A D 4 16
J B 34 1750 1 82 6913 576 0
J N 7 1775 -14 7 1 0 0
K 0 0 45
K 0 0 43
K -1 0 45
K 2 0 45
K 0 0 60
K 0 21 60
A D 4 16
J R 7 1847 28 2 1729 576 0
K 0 0 48
A D 4 16
J R 8 1911 28 2 3457 576 0
K 0 0 47
A D 8 16
J B 35 2050 1 82 6913 1152 0
E *
B 1 402 0
B 1 712 0
B 1 1082 0
B 1 1451 0
B 1 1750 0
B 1 2050 0
S 0 200 1470 2050 1176 9 "[....{..}.{..}]"
L 0 0 0 326 326 * 0 14 0
J C 4 5 42 2 6913 0 0
K 0 0 33
K 0 0 34
J K -2 57 0 2 6913 0 0
K 0 28 65
K 13 7 65
J D 0 -11 -14 1 6913 0 0
W 0 0 37 \03\05
J R 7 126 28 2 1 0 0
K 0 0 48
A D 4 16
J N 6 238 -7 3 1729 576 1 8
K 0 0 43
K 25 0 44
A D 3 16
J N 5 322 -7 2 3025 432 1 8
K 0 0 43
A D 1 16
H 8 B -50 0 108 2 2 53
J N 7 362 7 5 3457 144 0
K -14 0 64
K 0 0 43
K 0 0 60
K 0 21 60
A D 4 16
J N 7 474 21 4 5185 576 0
K 0 0 43
K 0 0 60
K 0 21 60
A D 4 16
J B 36 591 1 82 6913 576 0
J R 7 615 28 2 1 0 0
K 0 0 48
A D 4 16
J N 6 727 -28 7 1729 576 1 9
K 0 14 45
K 0 0 45
K 0 0 43
K -1 0 45
K 2 0 45
K 24 -6 44
A D 3 16
J N 5 811 -28 6 3025 432 1 9
K 0 14 45
K 0 0 45
K 0 0 43
K -1 0 45
K 2 0 45
A D 1 16
H 9 B -56 0 108 2 2 53
J N 7 852 -14 8 3457 144 0
K 0 0 45
K -15 0 65
K 0 0 43
K -1 0 45
K 2 0 45
K 0 0 60
K 0 21 60
A D 4 16
J N 7 964 0 4 5185 576 0
K 0 0 43
K 0 0 60
K 0 21 60
A D 4 16
J B 37 1081 1 82 6913 576 0
J R 7 1104 28 2 1 0 0
K 0 0 48
A D 4 16
J N 7 1216 -28 8 1729 576 0
K 0 14 45
K 0 0 45
K 0 0 43
K -1 0 45
K 2 0 45
K 0 0 60
K 0 28 60
A D 4 16
J R 7 1328 28 2 3457 576 0
K 0 0 48
A D 4 16
J N 7 1443 -28 8 5185 576 0
K 0 14 45
K 0 0 45
K 0 0 43
K -1 0 45
K 2 0 45
K 0 0 60
K 0 28 60
A D 4 16
J B 38 1563 1 82 6913 576 0
J R 7 1586 28 2 1 0 0
K 0 0 48
A D 4 16
J N 7 1624 -28 8 1729 576 0
K 0 14 45
K 0 0 45
K 0 0 43
K -1 0 45
K 2 0 45
K 0 0 60
K 0 28 60
A D 4 16
J R 8 1662 28 2 3457 576 0
K 0 0 47
A D 8 16
J B 39 1719 1 82 6913 1152 0
J N 7 1740 21 4 1 0 0
K 0 0 43
K 0 0 60
K 0 21 60
A D 4 16
J R 7 1778 28 2 1729 576 0
K 0 0 48
A D 4 16
J N 7 1816 21 4 3457 576 0
K 0 0 43
K 0 0 60
K 0 21 60
A D 4 16
J R 7 1854 28 2 5185 576 0
K 0 0 48
A D 4 16
J B 40 1896 1 82 6913 576 0
J N 7 1917 21 4 1 0 0
K 0 0 43
K 0 0 60
K 0 21 60
A D 4 16
J R 7 1955 28 2 1729 576 0
K 0 0 48
A D 4 16
J R 8 1993 28 2 3457 576 0
K 0 0 47
A D 8 16
J B 41 2050 1 82 6913 1152 0
E *
L 140 0 0 326 326 * 0 14 0
J D 0 -119 42 1 6913 0 0
W 0 0 31 Ob 1-2
J C 4 5 42 2 6913 0 0
K 0 0 33
K 0 0 34
J K -2 57 0 2 6913 0 0
K 0 28 65
K 13 7 65
J D 0 -11 -14 1 6913 0 0
W 0 0 0 \03\05
J R 7 126 28 2 1 0 0
K 0 0 48
A D 4 16 0
A P 1 0 0
J N 6 238 42 7 1729 576 1 16
K 0 -49 43
K 25 -49 44
K 0 0 43
K 24 -6 44
K 0 -49 60
K 0 -28 60
A D 3 16 0
A P 1 226 0
A P 2 186 0
J N 5 322 42 5 3025 432 1 16
K 0 -49 43
K 0 0 43
K 0 -49 60
K 0 -28 60
A D 1 16 0
A P 1 226 0
A P 2 186 0
H 16 B -45 0 108 2 2 53
J N 7 362 56 9 3457 144 0
K -14 -49 64
K -14 0 64
K 0 -49 43
K 0 0 43
K 0 -49 60
K 0 -28 60
K 0 0 60
K 0 14 60
A D 4 16 0
A P 1 215 0
A P 2 175 0
J N 7 474 21 10 5185 576 0
K 1 49 45
K 0 0 43
K 0 49 43
K -1 49 45
K 2 49 45
K 0 49 59
K 0 28 59
K 0 0 59
K 0 -14 59
A D 4 16 0
A P 1 203 0
A P 2 163 0
J B 36 591 1 82 6913 576 0
J R 7 615 28 2 1 0 0
K 0 0 48
A D 4 16 0
A P 1 0 0
J N 6 727 21 11 1729 576 1 17
K 0 -35 45
K 0 -49 45
K 0 -49 43
K -1 -49 45
K 2 -49 45
K 24 -55 44
K 0 0 43
K 25 0 44
K 0 -49 60
K 0 -28 60
A D 3 16 0
A P 1 243 0
A P 2 203 0
J N 5 811 21 9 3025 432 1 17
K 0 -35 45
K 0 -49 45
K 0 -49 43
K -1 -49 45
K 2 -49 45
K 0 0 43
K 0 -49 60
K 0 -28 60
A D 1 16 0
A P 1 243 0
A P 2 203 0
H 17 B -50 0 108 2 2 53
J N 7 852 35 12 3457 144 0
K 0 -49 45
K -15 -49 65
K -15 0 65
K 0 -49 43
K -1 -49 45
K 2 -49 45
K 0 0 43
K 0 -49 60
K 0 -28 60
K 0 0 60
K 0 14 60
A D 4 16 0
A P 1 231 0
A P 2 191 0
J N 7 964 49 7 5185 576 0
K 0 -49 43
K 0 0 43
K 0 -49 60
K 0 -28 60
K 0 0 60
K 0 14 60
A D 4 16 0
A P 1 220 0
A P 2 180 0
J B 37 1081 1 82 6913 576 0
J R 7 1104 28 2 1 0 0
K 0 0 48
A D 4 16 0
A P 1 0 0
J N 7 1216 21 4 1729 576 0
K 0 0 43
K 0 0 59
K 0 -14 59
A D 4 16 0
A P 1 203 0
J N 7 1216 21 4 1729 0 0
K 0 0 43
K 0 0 60
K 0 21 60
A D 4 16 0
A P 2 203 0
J R 7 1328 28 2 3457 576 0
K 0 0 48
A D 4 16 0
A P 1 0 0
J N 7 1443 21 4 5185 576 0
K 0 0 43
K 0 0 59
K 0 -14 59
A D 4 16 0
A P 1 203 0
J N 7 1443 21 4 5185 0 0
K 0 0 43
K 0 0 60
K 0 21 60
A D 4 16 0
A P 2 203 0
J B 38 1563 1 82 6913 576 0
J R 7 1586 28 2 1 0 0
K 0 0 48
A D 4 16 0
A P 1 0 0
J N 7 1624 21 4 1729 576 0
K 0 0 43
K 0 0 59
K 0 -14 59
A D 4 16 0
A P 1 203 0
J N 7 1624 21 4 1729 0 0
K 0 0 43
K 0 0 60
K 0 21 60
A D 4 16 0
A P 2 203 0
J R 8 1662 28 2 3457 576 0
K 0 0 47
A D 8 16 0
A P 1 0 0
J B 39 1719 1 82 6913 1152 0
J N 7 1740 21 4 1 0 0
K 0 0 43
K 0 0 59
K 0 -14 59
A D 4 16 0
A P 1 203 0
J N 7 1740 21 4 1 0 0
K 0 0 43
K 0 0 60
K 0 21 60
A D 4 16 0
A P 2 203 0
J R 7 1778 28 2 1729 576 0
K 0 0 48
A D 4 16 0
A P 1 0 0
J N 7 1816 21 4 3457 576 0
K 0 0 43
K 0 0 59
K 0 -14 59
A D 4 16 0
A P 1 203 0
J N 7 1816 21 4 3457 0 0
K 0 0 43
K 0 0 60
K 0 21 60
A D 4 16 0
A P 2 203 0
J R 7 1854 28 2 5185 576 0
K 0 0 48
A D 4 16 0
A P 1 0 0
J B 40 1896 1 82 6913 576 0
J N 7 1917 21 4 1 0 0
K 0 0 43
K 0 0 59
K 0 -14 59
A D 4 16 0
A P 1 203 0
J N 7 1917 21 4 1 0 0
K 0 0 43
K 0 0 60
K 0 21 60
A D 4 16 0
A P 2 203 0
J R 7 1955 28 2 1729 576 0
K 0 0 48
A D 4 16 1
A P 1 0 1
J R 8 1993 28 2 3457 576 0
K 0 0 47
A D 8 16 0
A P 1 0 0
J B 41 2050 1 82 6913 1152 0
E *
L 280 0 0 326 326 * 0 14 0
J D 0 -130 42 1 6913 0 0
W 0 0 31 Fag 1-2
J C 22 5 14 36 6913 0 0
J K -2 57 0 2 6913 0 0
K 0 42 65
K 13 21 65
J D 0 -11 -14 1 6913 0 0
W 0 0 0 \03\05
J R 7 126 -14 2 1 0 0
K 0 0 48
A D 4 16 0
A P 1 0 0
J N 7 126 35 4 1 0 0
K 0 0 43
K 0 0 60
K 0 14 60
A D 4 16 0
A P 2 123 0
J N 6 238 7 3 1729 576 1 17
K 0 0 43
K 25 0 44
A D 3 16 0
A P 1 146 0
J R 7 238 56 2 1729 0 0
K 0 0 48
A D 4 16 1
A P 2 0 1
J N 5 322 7 2 3025 432 1 17
K 0 0 43
A D 1 16 0
A P 1 146 0
H 17 B 45 0 108 2 2 53
J N 7 362 21 5 3457 144 0
K -14 0 64
K 0 0 43
K 0 0 59
K 0 -14 59
A D 4 16 0
A P 1 135 0
J R 7 362 56 2 3457 0 0
K 0 0 48
A D 4 16 0
A P 2 0 0
J N 7 474 35 4 5185 576 0
K 0 0 43
K 0 0 59
K 0 -21 59
A D 4 16 0
A P 1 123 0
J N 7 470 -7 4 5185 0 0
K 0 0 43
K 0 0 60
K 0 21 60
A D 4 16 0
A P 2 157 0
J B 36 591 1 82 6913 576 0
J R 7 615 -28 2 1 0 0
K 0 0 48
A D 4 16 0
A P 1 0 0
J N 7 615 0 5 1 0 0
K -15 0 65
K 0 0 43
K 0 0 60
K 0 21 60
A D 4 16 0
A P 2 151 0
J N 6 727 -14 6 1729 576 1 18
K 1 0 45
K 0 0 43
K -1 0 45
K 2 0 45
K 24 -6 44
A D 3 16 0
A P 1 163 0
J N 7 727 14 4 1729 0 0
K 0 0 43
K 0 0 60
K 0 21 60
A D 4 16 0
A P 2 140 0
J N 5 811 -14 5 3025 432 1 18
K 1 0 45
K 0 0 43
K -1 0 45
K 2 0 45
A D 1 16 0
A P 1 163 0
H 18 B 45 0 108 2 2 53
J N 7 852 0 5 3457 144 0
K -15 0 65
K 0 0 43
K 0 0 59
K 0 -14 59
A D 4 16 0
A P 1 151 0
J R 7 852 56 2 3457 0 0
K 0 0 48
A D 4 16 0
A P 2 0 0
J N 7 964 14 4 5185 576 0
K 0 0 43
K 0 0 59
K 0 -14 59
A D 4 16 0
A P 1 140 0
J N 7 964 14 4 5185 0 0
K 0 0 43
K 0 0 60
K 0 21 60
A D 4 16 0
A P 2 140 0
J B 37 1081 1 82 6913 576 0
J R 7 1104 28 2 1 0 0
K 0 0 48
A D 4 16 0
A P 1 0 0
J N 7 1216 35 10 1729 576 0
K 0 -49 45
K 0 -49 43
K -1 -49 45
K 2 -49 45
K 0 0 43
K 0 -49 60
K 0 -28 60
K 0 0 60
K 0 14 60
A D 4 16 0
A P 1 163 0
A P 2 123 0
J R 7 1328 28 2 3457 576 0
K 0 0 48
A D 4 16 0
A P 1 0 0
J N 7 1443 35 10 5185 576 0
K 0 -49 45
K 0 -49 43
K -1 -49 45
K 2 -49 45
K 0 0 43
K 0 -49 60
K 0 -28 60
K 0 0 60
K 0 14 60
A D 4 16 0
A P 1 163 0
A P 2 123 0
J B 38 1563 1 82 6913 576 0
J R 7 1586 28 2 1 0 0
K 0 0 48
A D 4 16 0
A P 1 0 0
J N 7 1624 35 10 1729 576 0
K 0 -49 45
K 0 -49 43
K -1 -49 45
K 2 -49 45
K 0 0 43
K 0 -49 60
K 0 -28 60
K 0 0 60
K 0 14 60
A D 4 16 0
A P 1 163 0
A P 2 123 0
J R 8 1662 28 2 3457 576 0
K 0 0 47
A D 8 16 0
A P 1 0 0
J B 39 1719 1 82 6913 1152 0
J N 7 1740 35 11 1 0 0
K 1 35 45
K 1 49 45
K 0 0 43
K 0 49 43
K -1 49 45
K 2 49 45
K 0 49 59
K 0 28 59
K 0 0 59
K 0 -21 59
A D 4 16 0
A P 1 123 0
A P 2 83 0
J R 7 1778 28 2 1729 576 0
K 0 0 48
A D 4 16 0
A P 1 0 0
J N 7 1816 35 11 3457 576 0
K 1 35 45
K 1 49 45
K 0 0 43
K 0 49 43
K -1 49 45
K 2 49 45
K 0 49 59
K 0 28 59
K 0 0 59
K 0 -21 59
A D 4 16 0
A P 1 123 0
A P 2 83 0
J R 7 1854 28 2 5185 576 0
K 0 0 48
A D 4 16 0
A P 1 0 0
J B 40 1896 1 82 6913 576 0
J N 7 1917 35 11 1 0 0
K 1 35 45
K 1 49 45
K 0 0 43
K 0 49 43
K -1 49 45
K 2 49 45
K 0 49 59
K 0 28 59
K 0 0 59
K 0 -21 59
A D 4 16 0
A P 1 123 0
A P 2 83 0
J R 7 1955 28 2 1729 576 0
K 0 0 48
A D 4 16 1
A P 1 0 1
J R 8 1993 28 2 3457 576 0
K 0 0 47
A D 8 16 0
A P 1 0 0
J B 41 2050 1 82 6913 1152 0
E *
L 420 0 0 326 326 * 0 14 0
J D 0 -130 42 1 6913 0 0
W 0 0 31 Cor 1-2
J C 4 5 42 2 6913 0 0
K 0 0 33
K 0 0 34
J K 0 57 0 0 6913 0 0
J D 0 -11 -14 1 6913 0 0
W 0 0 0 \03\05
J N 8 126 14 5 1 0 0
K 0 0 42
K 24 -6 44
K 0 0 60
K 0 21 60
A D 12 16 0
A P 3 209 0
J N 6 474 14 3 5185 1728 1 13
K 0 0 43
K 24 -6 44
A D 3 16 0
A P 3 209 0
J N 5 558 14 2 6481 432 1 13
K 0 0 43
A D 1 16 0
A P 3 209 0
H 13 B -46 0 108 2 2 53
J B 36 591 1 82 6913 144 0
J N 8 615 14 5 1 0 0
K 0 0 42
K 24 -6 44
K 0 0 60
K 0 21 60
A D 12 16 0
A P 3 209 0
J N 6 964 14 3 5185 1728 1 14
K 0 0 43
K 24 -6 44
A D 3 16 0
A P 3 209 0
J N 5 1048 14 2 6481 432 1 14
K 0 0 43
A D 1 16 0
A P 3 209 0
H 14 B -46 0 108 2 2 53
J B 37 1081 1 82 6913 144 0
J R 7 1104 28 2 1 0 0
K 0 0 48
A D 4 16 0
A P 3 0 0
J N 7 1216 14 4 1729 576 0
K 0 0 43
K 0 0 60
K 0 21 60
A D 4 16 0
A P 3 209 0
J R 7 1328 28 2 3457 576 0
K 0 0 48
A D 4 16 0
A P 3 0 0
J N 7 1443 14 4 5185 576 0
K 0 0 43
K 0 0 60
K 0 21 60
A D 4 16 0
A P 3 209 0
J B 38 1563 1 82 6913 576 0
J R 7 1586 28 2 1 0 0
K 0 0 48
A D 4 16 0
A P 3 0 0
J N 7 1624 14 4 1729 576 0
K 0 0 43
K 0 0 60
K 0 21 60
A D 4 16 0
A P 3 209 0
J R 8 1662 28 2 3457 576 0
K 0 0 47
A D 8 16 0
A P 3 0 0
J B 39 1719 1 82 6913 1152 0
J R 9 1793 28 2 1 10000 0
K 0 0 46
A D 16 16 0
A P 3 0 0
J B 40 1896 1 82 6913 2304 0
J R 9 1959 28 2 1 10000 0
K 0 0 46
A D 16 16 0
A P 3 0 0
J B 41 2050 1 82 6913 2304 0
E *
L 560 0 0 326 326 * 0 14 0
J C 4 5 42 2 6913 0 0
K 0 0 33
K 0 0 34
J K -2 57 0 2 6913 0 0
K 0 28 65
K 13 7 65
J D 0 -11 -14 1 6913 0 0
W 0 0 0 \03\05
J N 7 126 21 5 1 0 0
K 0 0 43
K 25 0 44
K 0 0 60
K 0 21 60
A D 6 16
J N 6 294 14 3 2593 864 0
K 0 0 43
K 0 0 54
A D 2 16
J N 6 362 7 3 3457 288 1 28
K -14 0 64
K 0 0 43
A D 2 16
J N 6 418 0 2 4321 288 1 28
K 0 0 43
A D 2 16
J N 6 474 -7 2 5185 288 1 28
K 0 0 43
A D 2 16
J N 6 530 7 2 6049 288 1 28
K 0 0 43
A D 2 16
H 28 B -49 0 108 4 2 1 1 3
J B 36 591 1 82 6913 288 0
J N 7 615 0 5 1 0 0
K 0 0 43
K 24 -6 44
K 0 0 60
K 0 21 60
A D 6 16
J N 6 783 -7 3 2593 864 0
K 0 0 43
K 0 0 54
A D 2 16
J N 6 852 -14 6 3457 288 1 29
K 0 0 45
K -15 0 65
K 0 0 43
K -1 0 45
K 2 0 45
A D 2 16
J N 6 908 -21 5 4321 288 1 29
K 0 7 45
K 0 0 43
K 0 7 45
K 1 7 45
A D 2 16
J N 6 964 -28 6 5185 288 1 29
K 0 14 45
K 0 0 45
K 0 0 43
K -1 0 45
K 2 0 45
A D 2 16
J N 6 1020 -14 5 6049 288 1 29
K 0 0 45
K 0 0 43
K -1 0 45
K 2 0 45
A D 2 16
H 29 B -46 0 108 4 2 1 1 3
J B 37 1081 1 82 6913 288 0
J N 7 1104 56 13 1 0 0
K 0 -70 45
K -14 0 64
K 0 -77 43
K 0 -70 45
K 1 -70 45
K 0 -35 43
K 0 0 43
K 0 -77 60
K 0 -49 60
K 0 -28 60
K 0 0 60
K 0 14 60
A D 4 16
J R 7 1216 28 2 1729 576 0
K 0 0 48
A D 4 16
J N 7 1328 49 13 3457 576 0
K 0 -63 45
K -15 -63 65
K 0 -63 43
K -1 -63 45
K 2 -63 45
K 0 -28 43
K 0 0 43
K 0 -63 60
K 0 -35 60
K 0 -28 60
K 0 0 60
K 0 14 60
A D 4 16
J R 7 1443 28 2 5185 576 0
K 0 0 48
A D 4 16
J B 38 1563 1 82 6913 576 0
J N 7 1586 56 10 1 0 0
K -14 0 64
K 0 -63 43
K 0 -35 43
K 0 0 43
K 0 -63 60
K 0 -35 60
K 0 -28 60
K 0 0 60
K 0 14 60
A D 4 16
J R 7 1624 28 2 1729 576 0
K 0 0 48
A D 4 16
J R 8 1662 28 2 3457 576 0
K 0 0 47
A D 8 16
J B 39 1719 1 82 6913 1152 0
J N 7 1740 70 7 1 0 0
K 1 0 45
K 0 0 43
K -1 0 45
K 2 0 45
K 0 0 59
K 0 -21 59
A D 4 16
J R 7 1778 28 2 1729 576 0
K 0 0 48
A D 4 16
J N 7 1816 70 7 3457 576 0
K 1 0 45
K 0 0 43
K -1 0 45
K 2 0 45
K 0 0 59
K 0 -21 59
A D 4 16
J R 7 1854 28 2 5185 576 0
K 0 0 48
A D 4 16
J B 40 1896 1 82 6913 576 0
J N 7 1917 70 7 1 0 0
K 1 0 45
K 0 0 43
K -1 0 45
K 2 0 45
K 0 0 59
K 0 -21 59
A D 4 16
J R 7 1955 28 2 1729 576 0
K 0 0 48
A D 4 16
J R 8 1993 28 2 3457 576 0
K 0 0 47
A D 8 16
J B 41 2050 1 82 6913 1152 0
E *
L 700 0 0 326 326 * 0 14 0
J C 4 5 42 2 6913 0 0
K 0 0 33
K 0 0 34
J K -2 57 0 2 6913 0 0
K 0 28 65
K 13 7 65
J D 0 -11 -14 1 6913 0 0
W 0 0 0 \03\05
J N 7 126 70 8 1 0 0
K 1 0 45
K 0 0 43
K -1 0 45
K 2 0 45
K 24 -6 44
K 0 0 59
K 0 -21 59
A D 6 16
J N 6 294 63 3 2593 864 0
K 0 0 43
K 0 0 53
A D 2 16
J N 6 362 56 3 3457 288 1 35
K -14 0 64
K 0 0 43
A D 2 16
J N 6 418 49 2 4321 288 1 35
K 0 0 43
A D 2 16
J N 6 474 42 2 5185 288 1 35
K 0 0 43
A D 2 16
J N 6 530 56 2 6049 288 1 35
K 0 0 43
A D 2 16
H 35 B 60 0 108 4 2 1 1 3
J B 36 591 1 82 6913 288 0
J N 7 615 49 5 1 0 0
K 0 0 43
K 25 0 44
K 0 0 59
K 0 -21 59
A D 6 16
J N 6 783 42 3 2593 864 0
K 0 0 43
K 0 0 53
A D 2 16
J N 6 852 35 3 3457 288 1 36
K -15 0 65
K 0 0 43
A D 2 16
J N 6 908 28 2 4321 288 1 36
K 0 0 43
A D 2 16
J N 6 964 21 2 5185 288 1 36
K 0 0 43
A D 2 16
J N 6 1020 35 2 6049 288 1 36
K 0 0 43
A D 2 16
H 36 B -42 0 108 4 2 1 1 3
J B 37 1081 1 82 6913 288 0
J N 7 1104 56 10 1 0 0
K -14 0 64
K 0 -63 43
K 0 -35 43
K 0 0 43
K 0 -63 60
K 0 -35 60
K 0 -28 60
K 0 0 60
K 0 14 60
A D 4 16
J R 7 1216 28 2 1729 576 0
K 0 0 48
A D 4 16
J N 7 1328 49 8 3457 576 0
K 0 -49 43
K 0 -28 43
K 0 0 43
K 0 -49 60
K 0 -28 60
K 0 0 60
K 0 14 60
A D 4 16
J R 7 1443 28 2 5185 576 0
K 0 0 48
A D 4 16
J B 38 1563 1 82 6913 576 0
J N 7 1586 42 9 1 0 0
K -14 -35 64
K 0 -35 43
K 0 -21 43
K 0 0 43
K 0 -35 60
K 0 -28 60
K 0 0 60
K 0 14 60
A D 4 16
J R 7 1624 28 2 1729 576 0
K 0 0 48
A D 4 16
J R 8 1662 28 2 3457 576 0
K 0 0 47
A D 8 16
J B 39 1719 1 82 6913 1152 0
J N 7 1740 70 7 1 0 0
K 1 0 45
K 0 0 43
K -1 0 45
K 2 0 45
K 0 0 59
K 0 -21 59
A D 4 16
J R 7 1778 28 2 1729 576 0
K 0 0 48
A D 4 16
J N 7 1816 70 7 3457 576 0
K 1 0 45
K 0 0 43
K -1 0 45
K 2 0 45
K 0 0 59
K 0 -21 59
A D 4 16
J R 7 1854 28 2 5185 576 0
K 0 0 48
A D 4 16
J B 40 1896 1 82 6913 576 0
J N 7 1917 70 7 1 0 0
K 1 0 45
K 0 0 43
K -1 0 45
K 2 0 45
K 0 0 59
K 0 -21 59
A D 4 16
J R 7 1955 28 2 1729 576 0
K 0 0 48
A D 4 16
J R 8 1993 28 2 3457 576 0
K 0 0 47
A D 8 16
J B 41 2050 1 82 6913 1152 0
E *
L 840 0 0 326 326 * 0 14 0
J C 13 5 28 35 6913 0 0
J K -2 57 0 2 6913 0 0
K 0 35 65
K 13 14 65
J D 0 -11 -14 1 6913 0 0
W 0 0 0 \03\05
J N 5 126 28 8 1 0 1 38
K 1 42 45
K 0 0 43
K 0 49 43
K 0 42 45
K 1 42 45
K 0 49 59
K 0 28 59
A D 1 16
J N 5 154 28 8 433 144 1 38
K 1 42 45
K 0 0 43
K 0 49 43
K 0 42 45
K 1 42 45
K 0 49 59
K 0 28 59
A D 1 16
J N 5 182 28 8 865 144 1 38
K 1 42 45
K 0 0 43
K 0 49 43
K 0 42 45
K 1 42 45
K 0 49 59
K 0 28 59
A D 1 16
J N 5 210 28 8 1297 144 1 38
K 1 42 45
K 0 0 43
K 0 49 43
K 0 42 45
K 1 42 45
K 0 49 59
K 0 28 59
A D 1 16
H 38 B 45 0 108 4 22 11 11 33
J N 5 238 28 8 1729 144 1 39
K 1 42 45
K 0 0 43
K 0 49 43
K 0 42 45
K 1 42 45
K 0 49 59
K 0 28 59
A D 1 16
J N 5 266 28 8 2161 144 1 39
K 1 42 45
K 0 0 43
K 0 49 43
K 0 42 45
K 1 42 45
K 0 49 59
K 0 28 59
A D 1 16
J N 5 294 28 8 2593 144 1 39
K 1 42 45
K 0 0 43
K 0 49 43
K 0 42 45
K 1 42 45
K 0 49 59
K 0 28 59
A D 1 16
J N 5 322 28 8 3025 144 1 39
K 1 42 45
K 0 0 43
K 0 49 43
K 0 42 45
K 1 42 45
K 0 49 59
K 0 28 59
A D 1 16
H 39 B 45 0 108 4 22 11 11 33
J N 5 362 28 8 3457 144 1 40
K 1 42 45
K 0 0 43
K 0 49 43
K 0 42 45
K 1 42 45
K 0 49 59
K 0 28 59
A D 1 16
J N 5 390 28 8 3889 144 1 40
K 1 42 45
K 0 0 43
K 0 49 43
K 0 42 45
K 1 42 45
K 0 49 59
K 0 28 59
A D 1 16
J N 5 418 28 8 4321 144 1 40
K 1 42 45
K 0 0 43
K 0 49 43
K 0 42 45
K 1 42 45
K 0 49 59
K 0 28 59
A D 1 16
J N 5 446 28 8 4753 144 1 40
K 1 42 45
K 0 0 43
K 0 49 43
K 0 42 45
K 1 42 45
K 0 49 59
K 0 28 59
A D 1 16
H 40 B 45 0 108 4 22 11 11 33
J N 5 474 28 8 5185 144 1 41
K 1 42 45
K 0 0 43
K 0 49 43
K 0 42 45
K 1 42 45
K 0 49 59
K 0 28 59
A D 1 16
J N 5 502 28 8 5617 144 1 41
K 1 42 45
K 0 0 43
K 0 49 43
K 0 42 45
K 1 42 45
K 0 49 59
K 0 28 59
A D 1 16
J N 5 530 28 8 6049 144 1 41
K 1 42 45
K 0 0 43
K 0 49 43
K 0 42 45
K 1 42 45
K 0 49 59
K 0 28 59
A D 1 16
J N 5 558 28 8 6481 144 1 41
K 1 42 45
K 0 0 43
K 0 49 43
K 0 42 45
K 1 42 45
K 0 49 59
K 0 28 59
A D 1 16
H 41 B 45 0 108 4 22 11 11 33
J B 36 591 1 82 6913 144 0
J N 5 615 28 8 1 0 1 42
K 1 42 45
K 0 0 43
K 0 49 43
K 0 42 45
K 1 42 45
K 0 49 59
K 0 28 59
A D 1 16
J N 5 643 28 8 433 144 1 42
K 1 42 45
K 0 0 43
K 0 49 43
K 0 42 45
K 1 42 45
K 0 49 59
K 0 28 59
A D 1 16
J N 5 671 28 8 865 144 1 42
K 1 42 45
K 0 0 43
K 0 49 43
K 0 42 45
K 1 42 45
K 0 49 59
K 0 28 59
A D 1 16
J N 5 699 28 8 1297 144 1 42
K 1 42 45
K 0 0 43
K 0 49 43
K 0 42 45
K 1 42 45
K 0 49 59
K 0 28 59
A D 1 16
H 42 B 45 0 108 4 22 11 11 33
J N 5 727 28 8 1729 144 1 43
K 1 42 45
K 0 0 43
K 0 49 43
K 0 42 45
K 1 42 45
K 0 49 59
K 0 28 59
A D 1 16
J N 5 755 28 8 2161 144 1 43
K 1 42 45
K 0 0 43
K 0 49 43
K 0 42 45
K 1 42 45
K 0 49 59
K 0 28 59
A D 1 16
J N 5 783 28 8 2593 144 1 43
K 1 42 45
K 0 0 43
K 0 49 43
K 0 42 45
K 1 42 45
K 0 49 59
K 0 28 59
A D 1 16
J N 5 811 28 8 3025 144 1 43
K 1 42 45
K 0 0 43
K 0 49 43
K 0 42 45
K 1 42 45
K 0 49 59
K 0 28 59
A D 1 16
H 43 B 45 0 108 4 22 11 11 33
J N 5 852 28 8 3457 144 1 44
K 1 42 45
K 0 0 43
K 0 49 43
K 0 42 45
K 1 42 45
K 0 49 59
K 0 28 59
A D 1 16
J N 5 880 28 8 3889 144 1 44
K 1 42 45
K 0 0 43
K 0 49 43
K 0 42 45
K 1 42 45
K 0 49 59
K 0 28 59
A D 1 16
J N 5 908 28 8 4321 144 1 44
K 1 42 45
K 0 0 43
K 0 49 43
K 0 42 45
K 1 42 45
K 0 49 59
K 0 28 59
A D 1 16
J N 5 936 28 8 4753 144 1 44
K 1 42 45
K 0 0 43
K 0 49 43
K 0 42 45
K 1 42 45
K 0 49 59
K 0 28 59
A D 1 16
H 44 B 45 0 108 4 22 11 11 33
J N 5 964 28 8 5185 144 1 45
K 1 42 45
K 0 0 43
K 0 49 43
K 0 42 45
K 1 42 45
K 0 49 59
K 0 28 59
A D 1 16
J N 5 992 28 8 5617 144 1 45
K 1 42 45
K 0 0 43
K 0 49 43
K 0 42 45
K 1 42 45
K 0 49 59
K 0 28 59
A D 1 16
J N 5 1020 28 8 6049 144 1 45
K 1 42 45
K 0 0 43
K 0 49 43
K 0 42 45
K 1 42 45
K 0 49 59
K 0 28 59
A D 1 16
J N 5 1048 28 8 6481 144 1 45
K 1 42 45
K 0 0 43
K 0 49 43
K 0 42 45
K 1 42 45
K 0 49 59
K 0 28 59
A D 1 16
H 45 B 45 0 108 4 22 11 11 33
J B 37 1081 1 82 6913 144 0
J N 5 1104 28 8 1 0 1 46
K 1 42 45
K 0 0 43
K 0 49 43
K 0 42 45
K 1 42 45
K 0 49 59
K 0 28 59
A D 1 16
J N 5 1132 28 8 433 144 1 46
K 1 42 45
K 0 0 43
K 0 49 43
K 0 42 45
K 1 42 45
K 0 49 59
K 0 28 59
A D 1 16
J N 5 1160 28 8 865 144 1 46
K 1 42 45
K 0 0 43
K 0 49 43
K 0 42 45
K 1 42 45
K 0 49 59
K 0 28 59
A D 1 16
J N 5 1188 28 8 1297 144 1 46
K 1 42 45
K 0 0 43
K 0 49 43
K 0 42 45
K 1 42 45
K 0 49 59
K 0 28 59
A D 1 16
H 46 B 45 0 108 4 22 11 11 33
J N 5 1216 28 8 1729 144 1 47
K 1 42 45
K 0 0 43
K 0 49 43
K 0 42 45
K 1 42 45
K 0 49 59
K 0 28 59
A D 1 16
J N 5 1244 28 8 2161 144 1 47
K 1 42 45
K 0 0 43
K 0 49 43
K 0 42 45
K 1 42 45
K 0 49 59
K 0 28 59
A D 1 16
J N 5 1272 28 8 2593 144 1 47
K 1 42 45
K 0 0 43
K 0 49 43
K 0 42 45
K 1 42 45
K 0 49 59
K 0 28 59
A D 1 16
J N 5 1300 28 8 3025 144 1 47
K 1 42 45
K 0 0 43
K 0 49 43
K 0 42 45
K 1 42 45
K 0 49 59
K 0 28 59
A D 1 16
H 47 B 45 0 108 4 22 11 11 33
J N 5 1328 28 8 3457 144 1 48
K 1 42 45
K 0 0 43
K 0 49 43
K 0 42 45
K 1 42 45
K 0 49 59
K 0 28 59
A D 1 16
J N 5 1356 28 8 3889 144 1 48
K 1 42 45
K 0 0 43
K 0 49 43
K 0 42 45
K 1 42 45
K 0 49 59
K 0 28 59
A D 1 16
J N 5 1385 28 8 4321 144 1 48
K 1 42 45
K 0 0 43
K 0 49 43
K 0 42 45
K 1 42 45
K 0 49 59
K 0 28 59
A D 1 16
J N 5 1414 28 8 4753 144 1 48
K 1 42 45
K 0 0 43
K 0 49 43
K 0 42 45
K 1 42 45
K 0 49 59
K 0 28 59
A D 1 16
H 48 B 45 0 108 4 22 11 11 33
J N 5 1443 28 8 5185 144 1 49
K 1 42 45
K 0 0 43
K 0 49 43
K 0 42 45
K 1 42 45
K 0 49 59
K 0 28 59
A D 1 16
J N 5 1472 28 8 5617 144 1 49
K 1 42 45
K 0 0 43
K 0 49 43
K 0 42 45
K 1 42 45
K 0 49 59
K 0 28 59
A D 1 16
J N 5 1501 28 8 6049 144 1 49
K 1 42 45
K 0 0 43
K 0 49 43
K 0 42 45
K 1 42 45
K 0 49 59
K 0 28 59
A D 1 16
J N 5 1530 28 8 6481 144 1 49
K 1 42 45
K 0 0 43
K 0 49 43
K 0 42 45
K 1 42 45
K 0 49 59
K 0 28 59
A D 1 16
H 49 B 45 0 108 4 22 11 11 33
J B 38 1563 1 82 6913 144 0
J N 7 1586 28 10 1 0 0
K 1 42 45
K 0 0 43
K 0 49 43
K 0 42 45
K 1 42 45
K 0 49 59
K 0 28 59
K 0 0 59
K 0 -14 59
A D 4 16
J R 7 1624 28 2 1729 576 0
K 0 0 48
A D 4 16
J R 8 1662 28 2 3457 576 0
K 0 0 47
A D 8 16
J B 39 1719 1 82 6913 1152 0
J N 7 1740 77 7 1 0 0
K 1 -7 45
K 0 0 43
K 0 -7 45
K 1 -7 45
K 0 0 59
K 0 -21 59
A D 4 16
J R 7 1778 28 2 1729 576 0
K 0 0 48
A D 4 16
J N 7 1816 77 7 3457 576 0
K 1 -7 45
K 0 0 43
K 0 -7 45
K 1 -7 45
K 0 0 59
K 0 -21 59
A D 4 16
J R 7 1854 28 2 5185 576 0
K 0 0 48
A D 4 16
J B 40 1896 1 82 6913 576 0
J N 7 1917 77 7 1 0 0
K 1 -7 45
K 0 0 43
K 0 -7 45
K 1 -7 45
K 0 0 59
K 0 -21 59
A D 4 16
J R 7 1955 28 2 1729 576 0
K 0 0 48
A D 4 16
J R 8 1993 28 2 3457 576 0
K 0 0 47
A D 8 16
J B 41 2050 1 82 6913 1152 0
E *
L 980 0 0 326 326 * 0 14 0
J C 22 5 14 36 6913 0 0
J K -2 57 0 2 6913 0 0
K 0 42 65
K 13 21 65
J D 0 -11 -14 1 6913 0 0
W 0 0 0 \03\05
J N 7 126 35 4 1 0 0
K 0 0 43
K 0 0 59
K 0 -21 59
A D 4 16
J N 7 238 -14 7 1729 576 0
K 0 0 45
K 0 0 43
K -1 0 45
K 2 0 45
K 0 0 60
K 0 21 60
A D 4 16
J R 7 362 28 2 3457 576 0
K 0 0 48
A D 4 16
J N 7 474 -7 4 5185 576 0
K 0 0 43
K 0 0 60
K 0 21 60
A D 4 16
J B 36 591 1 82 6913 576 0
J N 7 615 0 5 1 0 0
K -15 0 65
K 0 0 43
K 0 0 60
K 0 21 60
A D 4 16
J N 7 727 14 4 1729 576 0
K 0 0 43
K 0 0 60
K 0 21 60
A D 4 16
J R 7 852 28 2 3457 576 0
K 0 0 48
A D 4 16
J N 7 964 14 4 5185 576 0
K 0 0 43
K 0 0 60
K 0 21 60
A D 4 16
J B 37 1081 1 82 6913 576 0
J N 7 1104 21 5 1 0 0
K -14 0 64
K 0 0 43
K 0 0 60
K 0 21 60
A D 4 16
J N 7 1216 35 4 1729 576 0
K 0 0 43
K 0 0 59
K 0 -21 59
A D 4 16
J N 7 1328 14 4 3457 576 0
K 0 0 43
K 0 0 60
K 0 21 60
A D 4 16
J N 7 1443 0 5 5185 576 0
K -15 0 65
K 0 0 43
K 0 0 60
K 0 21 60
A D 4 16
J B 38 1563 1 82 6913 576 0
J N 7 1586 -14 7 1 0 0
K 0 0 45
K 0 0 43
K -1 0 45
K 2 0 45
K 0 0 60
K 0 21 60
A D 4 16
J R 7 1624 28 2 1729 576 0
K 0 0 48
A D 4 16
J R 8 1662 28 2 3457 576 0
K 0 0 47
A D 8 16
J B 39 1719 1 82 6913 1152 0
J N 7 1740 35 4 1 0 0
K 0 0 43
K 0 0 59
K 0 -21 59
A D 4 16
J R 7 1778 28 2 1729 576 0
K 0 0 48
A D 4 16
J N 7 1816 35 4 3457 576 0
K 0 0 43
K 0 0 59
K 0 -21 59
A D 4 16
J R 7 1854 28 2 5185 576 0
K 0 0 48
A D 4 16
J B 40 1896 1 82 6913 576 0
J N 7 1917 35 4 1 0 0
K 0 0 43
K 0 0 59
K 0 -21 59
A D 4 16
J R 7 1955 28 2 1729 576 0
K 0 0 48
A D 4 16
J R 8 1993 28 2 3457 576 0
K 0 0 47
A D 8 16
J B 41 2050 1 82 6913 1152 0
E *
L 1120 0 0 326 326 * 0 14 0
J C 22 5 14 36 6913 0 0
J K -2 57 0 2 6913 0 0
K 0 42 65
K 13 21 65
J D 0 -11 -14 1 6913 0 0
W 0 0 0 \03\05
J N 7 126 35 4 1 0 0
K 0 0 43
K 0 0 59
K 0 -21 59
A D 4 16
J N 7 238 -14 7 1729 576 0
K 0 0 45
K 0 0 43
K -1 0 45
K 2 0 45
K 0 0 60
K 0 21 60
A D 4 16
J R 7 362 28 2 3457 576 0
K 0 0 48
A D 4 16
J N 7 474 -7 4 5185 576 0
K 0 0 43
K 0 0 60
K 0 21 60
A D 4 16
J B 36 591 1 82 6913 576 0
J N 7 615 0 5 1 0 0
K -15 0 65
K 0 0 43
K 0 0 60
K 0 21 60
A D 4 16
J N 7 727 14 4 1729 576 0
K 0 0 43
K 0 0 60
K 0 21 60
A D 4 16
J R 7 852 28 2 3457 576 0
K 0 0 48
A D 4 16
J N 7 964 14 4 5185 576 0
K 0 0 43
K 0 0 60
K 0 21 60
A D 4 16
J B 37 1081 1 82 6913 576 0
J N 7 1104 21 5 1 0 0
K -14 0 64
K 0 0 43
K 0 0 60
K 0 21 60
A D 4 16
J N 7 1216 35 4 1729 576 0
K 0 0 43
K 0 0 59
K 0 -21 59
A D 4 16
J N 7 1328 14 4 3457 576 0
K 0 0 43
K 0 0 60
K 0 21 60
A D 4 16
J N 7 1443 0 5 5185 576 0
K -15 0 65
K 0 0 43
K 0 0 60
K 0 21 60
A D 4 16
J B 38 1563 1 82 6913 576 0
J N 7 1586 -14 7 1 0 0
K 0 0 45
K 0 0 43
K -1 0 45
K 2 0 45
K 0 0 60
K 0 21 60
A D 4 16
J R 7 1624 28 2 1729 576 0
K 0 0 48
A D 4 16
J R 8 1662 28 2 3457 576 0
K 0 0 47
A D 8 16
J B 39 1719 1 82 6913 1152 0
J N 7 1740 35 4 1 0 0
K 0 0 43
K 0 0 59
K 0 -21 59
A D 4 16
J R 7 1778 28 2 1729 576 0
K 0 0 48
A D 4 16
J N 7 1816 35 4 3457 576 0
K 0 0 43
K 0 0 59
K 0 -21 59
A D 4 16
J R 7 1854 28 2 5185 576 0
K 0 0 48
A D 4 16
J B 40 1896 1 82 6913 576 0
J N 7 1917 35 4 1 0 0
K 0 0 43
K 0 0 59
K 0 -21 59
A D 4 16
J R 7 1955 28 2 1729 576 0
K 0 0 48
A D 4 16
J R 8 1993 28 2 3457 576 0
K 0 0 47
A D 8 16
J B 41 2050 1 82 6913 1152 0
E *
B 1 591 0
B 1 1081 0
B 1 1563 0
B 1 1719 0
B 1 1896 0
B 1 2050 0
