L 0 0 21 !39Fagotto 2
J D 4 500 -120 1 6913 0 0
W 0 0 44 
J D 1 112 -56 1 6913 0 0
W 0 -84 44 :  Fagotto 2
J C 22 7 21 36 6913 0 0
J D 5 85 -60 1 6913 0 0
W 0 0 37 Allegro
J T 101 85 63 1 6913 0 0
K 0 0 37
J N 8 157 52 6 1 0 0
K 0 0 42
K 0 73 110
K 30 73 110
K 0 0 59
K 0 -31 59
A D 24 48
J N 8 220 52 4 3457 1152 0
K 0 0 42
K 0 0 59
K 0 -31 59
A D 24 48
J B 2 289 9 4 6913 1152 0
K 0 0 84
K 19 0 82
K 29 31 44
K 29 52 44
J N 8 355 31 5 1 0 0
K 0 0 42
K 38 0 44
K 0 0 60
K 0 32 60
A D 36 48
J N 6 436 42 3 5185 1728 0
K 0 0 43
K 0 0 54
A D 6 48
J R 6 471 42 2 6049 288 0
K 0 0 49
A D 6 48
J B 3 512 1 82 6913 288 0
J N 6 544 52 3 1 0 0
K 0 0 43
K 0 0 53
A D 6 48
J R 6 596 42 2 865 288 0
K 0 0 49
A D 6 48
J N 6 631 84 3 1729 288 0
K 0 0 43
K 0 0 53
A D 6 48
J R 6 683 42 2 2593 288 0
K 0 0 49
A D 6 48
J N 6 718 52 3 3457 288 0
K 0 0 43
K 0 0 53
A D 6 48
J R 6 770 42 2 4321 288 0
K 0 0 49
A D 6 48
J N 6 805 84 3 5185 288 0
K 0 0 43
K 0 0 53
A D 6 48
J R 6 857 42 2 6049 288 0
K 0 0 49
A D 6 48
J B 4 898 1 82 6913 288 0
J N 8 930 52 5 1 0 0
K 0 0 42
K 38 0 44
K 0 0 59
K 0 -31 59
A D 36 48
J N 6 1011 52 3 5185 1728 1 1
K 0 0 43
K 38 0 44
A D 9 48
J N 5 1069 52 2 6481 432 1 1
K 0 0 43
A D 3 48
H 1 B 0 0 112 2 2 53
J B 5 1110 1 82 6913 144 0
J N 8 1142 63 5 1 0 0
K 0 0 42
K 36 -9 44
K 0 0 59
K 0 -32 59
A D 36 48
J N 6 1223 63 3 5185 1728 1 2
K 0 0 43
K 36 -9 44
A D 9 48
J N 5 1279 63 2 6481 432 1 2
K 0 0 43
A D 3 48
H 2 B 0 0 112 2 2 53
J B 6 1320 1 82 6913 144 0
J N 8 1352 52 4 1 0 1 3
K 0 0 42
K 0 0 59
K 0 -31 59
A D 24 48
J N 6 1415 52 3 3457 1152 1 3
K 0 0 43
K 0 0 53
A D 6 48
H 3 T 52 0 0 0 0 0 9 0
J N 6 1472 -21 5 4321 288 1 4
K 0 0 45
K 0 0 43
K -1 0 45
K 6 0 45
A D 6 48
J N 6 1507 -11 2 5185 288 1 4
K 0 0 43
A D 6 48
J N 6 1570 -11 3 6049 288 1 4
K -23 0 65
K 0 0 43
A D 6 48
H 4 B 1 0 112 3 2 1 3
J B 7 1611 1 82 6913 288 0
J N 9 1643 21 2 1 0 0
K 0 0 41
A D 48 48
J B 8 1743 1 82 6913 2304 0
J N 9 1775 31 2 1 0 0
K 0 0 41
A D 48 48
J B 9 1875 1 82 6913 2304 0
J N 9 1907 21 2 1 0 0
K 0 0 41
A D 48 48
J B 10 2007 1 82 6913 2304 0
J N 9 2039 31 2 1 0 0
K 0 0 41
A D 48 48
J B 11 2139 1 82 6913 2304 0
J N 9 2171 21 2 1 0 0
K 0 0 41
A D 48 48
J B 12 2271 1 82 6913 2304 0
J N 8 2303 31 5 1 0 0
K 0 0 42
K 38 0 44
K 0 0 60
K 0 32 60
A D 36 48
J N 7 2384 31 4 5185 1728 0
K 0 0 43
K 0 0 60
K 0 32 60
A D 12 48
J B 13 2435 1 82 6913 576 0
J N 8 2467 42 4 1 0 0
K 0 0 42
K 0 0 60
K 0 31 60
A D 24 48
J N 8 2530 52 4 3457 1152 0
K 0 0 42
K 0 0 59
K 0 -31 59
A D 24 48
J B 14 2599 1 82 6913 1152 0
J N 7 2631 63 4 1 0 0
K 0 0 43
K 0 0 59
K 0 -32 59
A D 12 48
J N 8 2676 63 4 1729 576 0
K 0 0 42
K 0 0 59
K 0 -32 59
A D 24 48
J N 6 2739 52 3 5185 1152 1 5
K 0 0 43
K 38 0 44
A D 9 48
J N 5 2797 52 2 6481 432 1 5
K 0 0 43
A D 3 48
H 5 B 0 0 112 2 2 53
J B 15 2838 1 82 6913 144 0
J N 8 2870 42 4 1 0 0
K 0 0 42
K 0 0 60
K 0 31 60
A D 24 48
J N 8 2933 52 4 3457 1152 0
K 0 0 42
K 0 0 59
K 0 -31 59
A D 24 48
J B 16 3002 1 82 6913 1152 0
J N 7 3034 63 4 1 0 0
K 0 0 43
K 0 0 59
K 0 -32 59
A D 12 48
J N 8 3079 63 4 1729 576 0
K 0 0 42
K 0 0 59
K 0 -32 59
A D 24 48
J N 6 3142 52 3 5185 1152 1 6
K 0 0 43
K 38 0 44
A D 9 48
J N 5 3200 52 2 6481 432 1 6
K 0 0 43
A D 3 48
H 6 B 0 0 112 2 2 53
J B 17 3241 1 82 6913 144 0
J N 6 3273 42 2 1 0 1 7
K 0 0 43
A D 6 48
J R 5 3308 42 3 865 288 0
K 0 21 49
K 6 0 50
A D 3 48
J N 5 3349 42 2 1297 144 1 7
K 0 0 43
A D 3 48
H 7 B 1 0 112 2 2 53
J N 6 3389 42 2 1729 144 1 8
K 0 0 43
A D 6 48
J R 5 3424 42 3 2593 288 0
K 0 21 49
K 6 0 50
A D 3 48
J N 5 3465 42 2 3025 144 1 8
K 0 0 43
A D 3 48
H 8 B 1 0 112 2 2 53
J N 6 3500 52 2 3457 144 1 9
K 0 0 43
A D 6 48
J R 5 3535 42 3 4321 288 0
K 0 21 49
K 6 0 50
A D 3 48
J N 5 3576 52 2 4753 144 1 9
K 0 0 43
A D 3 48
H 9 B 0 0 112 2 2 53
J N 6 3616 52 2 5185 144 1 10
K 0 0 43
A D 6 48
J R 5 3651 42 3 6049 288 0
K 0 21 49
K 6 0 50
A D 3 48
J N 5 3692 52 2 6481 144 1 10
K 0 0 43
A D 3 48
H 10 B 0 0 112 2 2 53
J B 18 3733 1 82 6913 144 0
J N 7 3765 84 4 1 0 0
K 0 0 43
K 0 0 59
K 0 -32 59
A D 12 48
J N 7 3810 10 4 1729 576 0
K 0 0 43
K 0 0 60
K 0 32 60
A D 12 48
J N 7 3855 -21 7 3457 576 0
K 0 0 45
K 0 0 43
K -1 0 45
K 6 0 45
K 0 0 60
K 0 31 60
A D 12 48
J N 7 3900 -21 7 5185 576 0
K 0 0 45
K 0 0 43
K -1 0 45
K 6 0 45
K 0 0 60
K 0 31 60
A D 12 48
J B 19 3951 1 82 6913 576 0
J N 7 3983 -11 4 1 0 0
K 0 0 43
K 0 0 60
K 0 32 60
A D 12 48
J N 7 4028 10 4 1729 576 0
K 0 0 43
K 0 0 60
K 0 32 60
A D 12 48
J N 7 4073 -21 7 3457 576 0
K 0 0 45
K 0 0 43
K -1 0 45
K 6 0 45
K 0 0 60
K 0 31 60
A D 12 48
J N 7 4118 -21 7 5185 576 0
K 0 0 45
K 0 0 43
K -1 0 45
K 6 0 45
K 0 0 60
K 0 31 60
A D 12 48
J B 20 4169 1 82 6913 576 0
J N 6 4201 -11 2 1 0 1 11
K 0 0 43
A D 6 48
J R 5 4236 42 3 865 288 0
K 0 21 49
K 6 0 50
A D 3 48
J N 5 4277 10 2 1297 144 1 11
K 0 0 43
A D 3 48
H 11 B 1 0 112 2 2 53
J N 7 4317 -21 7 1729 144 0
K 0 0 45
K 0 0 43
K -1 0 45
K 6 0 45
K 0 0 60
K 0 31 60
A D 12 48
J N 6 4362 -11 2 3457 576 1 12
K 0 0 43
A D 6 48
J R 5 4397 42 3 4321 288 0
K 0 21 49
K 6 0 50
A D 3 48
J N 5 4438 10 2 4753 144 1 12
K 0 0 43
A D 3 48
H 12 B 1 0 112 2 2 53
J N 7 4478 -21 7 5185 144 0
K 0 0 45
K 0 0 43
K -1 0 45
K 6 0 45
K 0 0 60
K 0 31 60
A D 12 48
J B 21 4529 1 82 6913 576 0
J N 6 4561 -11 2 1 0 1 13
K 0 0 43
A D 6 48
J R 5 4596 42 3 865 288 0
K 0 21 49
K 6 0 50
A D 3 48
J N 5 4637 10 2 1297 144 1 13
K 0 0 43
A D 3 48
H 13 B 1 0 112 2 2 53
J N 7 4677 -21 7 1729 144 0
K 0 0 45
K 0 0 43
K -1 0 45
K 6 0 45
K 0 0 60
K 0 31 60
A D 12 48
J N 6 4722 -11 2 3457 576 1 14
K 0 0 43
A D 6 48
J R 5 4757 42 3 4321 288 0
K 0 21 49
K 6 0 50
A D 3 48
J N 5 4798 10 2 4753 144 1 14
K 0 0 43
A D 3 48
H 14 B 1 0 112 2 2 53
J N 7 4838 -21 7 5185 144 0
K 0 0 45
K 0 0 43
K -1 0 45
K 6 0 45
K 0 0 60
K 0 31 60
A D 12 48
J B 22 4889 1 82 6913 576 0
J N 6 4921 -11 3 1 0 0
K 0 0 43
K 0 0 54
A D 6 48
J R 6 4956 42 2 865 288 0
K 0 0 49
A D 6 48
J R 7 4991 42 2 1729 288 0
K 0 0 48
A D 12 48
J R 6 5036 42 2 3457 576 0
K 0 0 49
A D 6 48
J N 6 5071 -42 8 4321 288 2 15 16
K 0 21 45
K 0 0 45
K 0 0 43
K -1 0 45
K 6 0 45
K 0 178 111
K 18 178 110
A D 6 48
J N 6 5106 -32 5 5185 288 2 16 15
K 0 11 45
K 0 0 43
K 0 11 45
K 2 11 45
A D 6 48
H 15 S 0 0 0 0 0 0 0 0 0
J N 6 5141 -21 6 6049 288 1 16
K 0 0 45
K 0 0 43
K -1 0 45
K 6 0 45
K 0 -26 96
A D 6 48
H 16 B 1 0 112 3 2 1 3
J B 23 5182 1 82 6913 288 0
J N 6 5214 -11 3 1 0 1 17
K 0 0 43
K 0 -26 96
A D 6 48
J N 6 5254 -42 8 865 288 2 18 17
K 0 21 45
K 0 0 45
K 0 0 43
K -1 0 45
K 6 0 45
K 0 178 111
K 18 178 110
A D 6 48
J N 6 5289 -32 5 1729 288 2 17 18
K 0 11 45
K 0 0 43
K 0 11 45
K 2 11 45
A D 6 48
H 18 S 0 0 0 0 0 0 0 0 0
J N 6 5324 -21 6 2593 288 1 17
K 0 0 45
K 0 0 43
K -1 0 45
K 6 0 45
K 0 -26 96
A D 6 48
H 17 B 1 0 112 4 2 1 1 3
J N 6 5359 -11 3 3457 288 1 19
K 0 0 43
K 0 -26 96
A D 6 48
J N 6 5399 -21 7 4321 288 2 20 19
K 0 0 45
K 0 0 43
K -1 0 45
K 6 0 45
K 0 157 111
K 18 157 110
A D 6 48
J N 6 5434 -11 2 5185 288 2 19 20
K 0 0 43
A D 6 48
H 20 S 0 0 0 0 0 0 0 0 0
J N 6 5469 0 3 6049 288 1 19
K 0 0 43
K 0 -26 96
A D 6 48
H 19 B 1 0 112 4 2 1 1 3
J B 24 5510 1 82 6913 288 0
J N 6 5542 10 3 1 0 1 21
K 0 0 43
K 0 -26 96
A D 6 48
J N 6 5582 -21 7 865 288 2 22 21
K 0 0 45
K 0 0 43
K -1 0 45
K 6 0 45
K 0 157 111
K 18 157 110
A D 6 48
J N 6 5617 -11 2 1729 288 2 21 22
K 0 0 43
A D 6 48
H 22 S 0 0 0 0 0 0 0 0 0
J N 6 5652 0 3 2593 288 1 21
K 0 0 43
K 0 -26 96
A D 6 48
H 21 B 1 0 112 4 2 1 1 3
J N 6 5687 10 3 3457 288 1 23
K 0 0 43
K 0 -26 96
A D 6 48
J N 6 5727 -21 7 4321 288 2 24 23
K 0 0 45
K 0 0 43
K -1 0 45
K 6 0 45
K 0 157 111
K 18 157 110
A D 6 48
J N 6 5762 -11 2 5185 288 2 23 24
K 0 0 43
A D 6 48
H 24 S 0 0 0 0 0 0 0 0 0
J N 6 5797 0 3 6049 288 1 23
K 0 0 43
K 0 -26 96
A D 6 48
H 23 B 1 0 112 4 2 1 1 3
J B 25 5838 1 82 6913 288 0
J N 6 5870 10 3 1 0 1 25
K 0 0 43
K 0 -26 96
A D 6 48
J N 6 5910 -21 7 865 288 2 26 25
K 0 0 45
K 0 0 43
K -1 0 45
K 6 0 45
K 0 157 111
K 18 157 110
A D 6 48
J N 6 5945 -11 2 1729 288 2 25 26
K 0 0 43
A D 6 48
H 26 S 0 0 0 0 0 0 0 0 0
J N 6 5980 0 3 2593 288 1 25
K 0 0 43
K 0 -26 96
A D 6 48
H 25 B 1 0 112 4 2 1 1 3
J N 6 6015 10 3 3457 288 1 27
K 0 0 43
K 0 -26 96
A D 6 48
J N 6 6050 21 3 4321 288 1 27
K 0 0 43
K 0 -32 96
A D 6 48
J N 6 6085 31 3 5185 288 1 27
K 0 0 43
K 0 -21 96
A D 6 48
J N 6 6120 42 3 6049 288 1 27
K 0 0 43
K 0 -32 96
A D 6 48
H 27 B 1 0 112 4 2 1 1 3
J B 26 6161 1 82 6913 288 0
J N 8 6193 31 5 1 0 0
K 0 0 42
K 38 0 44
K 0 0 60
K 0 32 60
A D 36 48
J N 7 6274 31 4 5185 1728 1 28
K 0 0 43
K 0 0 60
K 0 32 60
A D 12 48
J B 27 6325 1 82 6913 576 0
J N 8 6357 10 5 1 0 0
K 0 0 42
K 38 0 44
K 0 0 60
K 0 32 60
A D 36 48
J N 6 6438 21 3 5185 1728 1 29
K 0 0 43
K 36 -9 44
A D 9 48
J N 5 6494 31 2 6481 432 2 29 28
K 0 0 43
A D 3 48
H 29 B 1 0 112 2 2 53
H 28 S 0 0 -10 0 -10 0 0 0 0
J B 28 6535 1 82 6913 144 0
J N 7 6567 42 4 1 0 0
K 0 0 43
K 0 0 60
K 0 31 60
A D 12 48
J R 7 6612 42 2 1729 576 0
K 0 0 48
A D 12 48
J R 8 6657 42 2 3457 576 0
K 0 0 47
A D 24 48
J B 29 6726 1 82 6913 1152 0
J S 6 6797 42 46 0 0 0
J B 30 6908 1 82 6913 1 0
J N 8 6940 -11 5 1 0 0
K 0 0 42
K 38 0 44
K 0 0 60
K 0 32 60
A D 36 48
J N 7 7021 10 4 5185 1728 1 30
K 0 0 43
K 0 0 60
K 0 32 60
A D 12 48
J B 31 7072 1 82 6913 576 0
J N 8 7104 -32 8 1 0 0
K 0 11 45
K 0 0 42
K 0 11 45
K 2 11 45
K 38 0 44
K 0 0 60
K 0 32 60
A D 36 48
J N 6 7185 -21 6 5185 1728 1 31
K 0 0 45
K 0 0 43
K -1 0 45
K 6 0 45
K 36 -9 44
A D 9 48
J N 5 7241 -11 2 6481 432 2 31 30
K 0 0 43
A D 3 48
H 31 B 1 0 112 2 2 53
H 30 S 0 0 -21 0 0 2 0 0 0
J B 32 7282 1 82 6913 144 0
J N 7 7314 -11 4 1 0 1 32
K 0 0 43
K 0 0 60
K 0 32 60
A D 12 48
J N 8 7359 -21 8 1729 576 2 33 32
K 0 0 45
K 0 0 42
K -1 0 45
K 6 0 45
K 36 -9 44
K 0 0 60
K 0 31 60
A D 36 48
H 32 S 0 0 0 0 0 0 0 0 0
J B 33 7446 1 82 6913 1728 0
J N 9 7478 -21 6 1 0 1 33
K 0 0 45
K 7 0 45
K 0 0 41
K -1 0 45
K 6 0 45
A D 48 48
H 33 T -21 0 0 0 0 0 5 0
J B 34 7578 1 82 6913 2304 0
J N 6 7610 52 2 1 0 1 34
K 0 0 43
A D 6 48
J N 6 7645 63 2 865 288 1 34
K 0 0 43
A D 6 48
J N 6 7685 52 2 1729 288 1 34
K 0 0 43
A D 6 48
J N 6 7725 52 2 2593 288 1 34
K 0 0 43
A D 6 48
H 34 B 0 0 112 4 2 1 1 3
J N 8 7765 52 4 3457 288 1 35
K 0 0 42
K 0 0 59
K 0 -31 59
A D 24 48
J B 35 7834 1 82 6913 1152 0
J N 6 7866 52 2 1 0 2 36 35
K 0 0 43
A D 6 48
H 35 T 52 0 0 0 0 0 9 0
J N 6 7901 63 2 865 288 1 36
K 0 0 43
A D 6 48
J N 6 7941 52 2 1729 288 1 36
K 0 0 43
A D 6 48
J N 6 7981 52 2 2593 288 1 36
K 0 0 43
A D 6 48
H 36 B 0 0 112 4 2 1 1 3
J N 8 8021 52 4 3457 288 1 37
K 0 0 42
K 0 0 59
K 0 -31 59
A D 24 48
J B 36 8090 1 82 6913 1152 0
J N 6 8122 52 2 1 0 2 38 37
K 0 0 43
A D 6 48
H 37 T 52 0 0 0 0 0 9 0
J N 6 8187 52 3 865 288 1 38
K -25 0 63
K 0 0 43
A D 6 48
J N 6 8227 42 2 1729 288 1 38
K 0 0 43
A D 6 48
J N 6 8267 42 2 2593 288 1 38
K 0 0 43
A D 6 48
H 38 B 0 0 112 4 2 1 1 3
J N 8 8307 42 4 3457 288 1 39
K 0 0 42
K 0 0 59
K 0 -21 59
A D 24 48
J B 37 8376 1 82 6913 1152 0
J N 6 8408 42 2 1 0 2 40 39
K 0 0 43
A D 6 48
H 39 T 42 0 0 0 0 0 13 0
J N 6 8473 52 3 865 288 1 40
K -25 0 63
K 0 0 43
A D 6 48
J N 6 8513 42 2 1729 288 1 40
K 0 0 43
A D 6 48
J N 6 8553 42 2 2593 288 1 40
K 0 0 43
A D 6 48
H 40 B 0 0 112 4 2 1 1 3
J N 8 8593 42 4 3457 288 1 41
K 0 0 42
K 0 0 59
K 0 -21 59
A D 24 48
J B 38 8662 1 82 6913 1152 0
J N 6 8694 42 2 1 0 2 42 41
K 0 0 43
A D 6 48
H 41 T 42 0 0 0 0 0 13 0
J N 6 8759 52 3 865 288 1 42
K -25 0 63
K 0 0 43
A D 6 48
J N 6 8799 42 2 1729 288 1 42
K 0 0 43
A D 6 48
J N 6 8839 42 2 2593 288 1 42
K 0 0 43
A D 6 48
H 42 B 0 0 112 4 2 1 1 3
J N 8 8879 42 4 3457 288 1 43
K 0 0 42
K 0 0 59
K 0 -21 59
A D 24 48
J B 39 8948 1 82 6913 1152 0
J N 6 8980 42 2 1 0 2 44 43
K 0 0 43
A D 6 48
H 43 T 42 0 0 0 0 0 13 0
J N 6 9045 52 3 865 288 1 44
K -25 0 63
K 0 0 43
A D 6 48
J N 6 9085 42 2 1729 288 1 44
K 0 0 43
A D 6 48
J N 6 9125 42 2 2593 288 1 44
K 0 0 43
A D 6 48
H 44 B 0 0 112 4 2 1 1 3
J N 6 9165 42 2 3457 288 1 45
K 0 0 43
A D 6 48
J N 6 9200 52 2 4321 288 1 45
K 0 0 43
A D 6 48
J N 6 9240 42 2 5185 288 1 45
K 0 0 43
A D 6 48
J N 6 9280 42 2 6049 288 1 45
K 0 0 43
A D 6 48
H 45 B 0 0 112 4 2 1 1 3
J B 40 9321 1 82 6913 288 0
J N 6 9353 42 2 1 0 1 46
K 0 0 43
A D 6 48
J N 6 9418 52 3 865 288 1 46
K -25 0 63
K 0 0 43
A D 6 48
J N 6 9458 42 2 1729 288 1 46
K 0 0 43
A D 6 48
J N 6 9498 42 2 2593 288 1 46
K 0 0 43
A D 6 48
H 46 B 0 0 112 4 2 1 1 3
J N 6 9538 42 2 3457 288 1 47
K 0 0 43
A D 6 48
J N 6 9573 52 2 4321 288 1 47
K 0 0 43
A D 6 48
J N 6 9613 42 2 5185 288 1 47
K 0 0 43
A D 6 48
J N 6 9653 42 2 6049 288 1 47
K 0 0 43
A D 6 48
H 47 B 0 0 112 4 2 1 1 3
J B 41 9694 1 82 6913 288 0
J N 6 9726 42 3 1 0 0
K 0 0 43
K 0 0 54
A D 6 48
J N 6 9766 -32 7 865 288 2 48 49
K 0 11 45
K 0 0 43
K 0 11 45
K 2 11 45
K 0 168 110
K 30 168 110
A D 6 48
J N 6 9801 -21 5 1729 288 2 49 48
K 0 0 45
K 0 0 43
K -1 0 45
K 6 0 45
A D 6 48
H 48 S 0 0 0 0 0 0 0 0 0
J N 6 9836 -11 3 2593 288 1 49
K 0 0 43
K 0 -26 96
A D 6 48
H 49 B 1 0 112 3 2 1 3
J N 6 9871 0 3 3457 288 1 50
K 0 0 43
K 0 -26 96
A D 6 48
J N 6 9911 -11 2 4321 288 2 51 50
K 0 0 43
A D 6 48
J N 6 9946 0 2 5185 288 2 50 51
K 0 0 43
A D 6 48
H 51 S 0 0 0 0 0 0 0 0 0
J N 6 9981 10 3 6049 288 1 50
K 0 0 43
K 0 -26 96
A D 6 48
H 50 B 1 0 112 4 2 1 1 3
J B 42 10022 1 82 6913 288 0
J N 6 10062 21 4 1 0 1 52
K -25 0 63
K 0 0 43
K 0 -32 96
A D 6 48
J N 6 10102 10 2 865 288 2 53 52
K 0 0 43
A D 6 48
J N 6 10137 21 2 1729 288 2 52 53
K 0 0 43
A D 6 48
H 53 S 0 0 0 0 0 0 0 0 0
J N 6 10172 31 3 2593 288 1 52
K 0 0 43
K 0 -21 96
A D 6 48
H 52 B 1 0 112 4 2 1 1 3
J N 6 10207 42 3 3457 288 0
K 0 0 43
K 0 0 54
A D 6 48
J N 6 10247 42 2 4321 288 2 54 55
K 0 0 43
A D 6 48
J N 6 10282 73 2 5185 288 2 55 54
K 0 0 43
A D 6 48
H 54 S 12 0 0 0 0 0 0 0 0
J N 6 10322 73 3 6049 288 1 55
K 0 0 43
K 0 26 96
A D 6 48
H 55 B 0 0 112 3 2 1 3
J B 43 10363 1 82 6913 288 0
J N 6 10395 42 3 1 0 0
K 0 0 43
K 0 0 54
A D 6 48
J R 6 10430 42 2 865 288 0
K 0 0 49
A D 6 48
J R 7 10465 42 2 1729 288 0
K 0 0 48
A D 12 48
J R 8 10510 42 2 3457 576 0
K 0 0 47
A D 24 48
J B 44 10579 1 82 6913 1152 0
J R 9 10611 42 2 1 10000 0
K 0 0 46
A D 48 48
J C 12 10710 21 163 6913 2304 0
J B 45 10779 1 82 6913 0 0
J N 7 10811 31 5 1 0 0
K 0 0 43
K 0 -21 96
K 0 0 60
K 0 32 60
A D 12 48
J R 7 10856 42 2 1729 576 0
K 0 0 48
A D 12 48
J N 7 10901 21 5 3457 576 0
K 0 0 43
K 0 -32 96
K 0 0 60
K 0 31 60
A D 12 48
J R 7 10946 42 2 5185 576 0
K 0 0 48
A D 12 48
J B 46 10997 1 82 6913 576 0
J N 8 11029 31 5 1 0 0
K 0 0 42
K 38 0 44
K 0 0 60
K 0 32 60
A D 36 48
J R 7 11110 42 2 5185 1728 0
K 0 0 48
A D 12 48
J B 47 11161 1 82 6913 576 0
J S 6 11232 42 46 0 0 0
J B 48 11343 1 82 6913 1 0
J R 8 11375 42 2 1 0 0
K 0 0 47
A D 24 48
J C 22 11438 21 164 3457 1152 0
J R 7 11501 42 2 3457 0 0
K 0 0 48
A D 12 48
J N 6 11560 21 4 5185 576 2 56 57
K -25 0 63
K 0 0 43
K 0 123 110
A D 4 48
J N 6 11600 10 2 5761 192 1 57
K 0 0 43
A D 4 48
J N 6 11640 0 2 6337 192 2 57 56
K 0 0 43
A D 4 48
H 56 X 9 3 0 0 0 0 57
H 57 B 1 0 112 3 2 1 3
J B 49 11681 1 82 6913 192 0
J N 7 11713 -11 4 1 0 0
K 0 0 43
K 0 0 60
K 0 32 60
A D 12 48
J N 6 11758 10 2 1729 576 1 58
K 0 0 43
A D 4 48
J N 6 11798 0 2 2305 192 1 58
K 0 0 43
A D 4 48
J N 6 11838 -11 2 2881 192 1 58
K 0 0 43
A D 4 48
H 58 B 1 0 112 3 2 1 3
J C 12 11873 21 163 3457 192 0
J N 7 11935 21 4 3457 0 0
K 0 0 43
K 0 0 60
K 0 31 60
A D 12 48
J N 6 11980 21 2 5185 576 1 59
K 0 0 43
A D 4 48
J N 6 12020 10 2 5761 192 1 59
K 0 0 43
A D 4 48
J N 6 12060 0 2 6337 192 1 59
K 0 0 43
A D 4 48
H 59 B 1 0 112 3 2 1 3
J B 50 12101 1 82 6913 192 0
J N 8 12133 31 5 1 0 0
K 0 0 42
K 38 0 44
K 0 0 60
K 0 32 60
A D 36 48
J R 7 12214 42 2 5185 1728 0
K 0 0 48
A D 12 48
J B 51 12265 1 82 6913 576 0
J R 8 12297 42 2 1 0 0
K 0 0 47
A D 24 48
J R 7 12360 42 2 3457 1152 0
K 0 0 48
A D 12 48
J N 7 12405 31 5 5185 576 1 60
K 0 0 43
K 0 115 108
K 0 0 60
K 0 32 60
A D 12 48
J B 52 12456 1 82 6913 576 0
J N 8 12488 42 4 1 0 0
K 0 0 42
K 0 0 60
K 0 31 60
A D 24 48
J N 7 12551 52 4 3457 1152 1 60
K 0 0 43
K 0 0 60
K 0 21 60
A D 12 48
H 60 S 0 0 0 0 0 0 0 0 0
J R 7 12596 42 2 5185 576 0
K 0 0 48
A D 12 48
J B 53 12647 1 82 6913 576 0
J R 8 12679 42 2 1 0 0
K 0 0 47
A D 24 48
J R 7 12742 42 2 3457 1152 0
K 0 0 48
A D 12 48
J N 7 12787 21 5 5185 576 1 61
K 0 0 43
K 0 115 108
K 0 0 60
K 0 31 60
A D 12 48
J B 54 12838 1 82 6913 576 0
J N 8 12870 31 4 1 0 0
K 0 0 42
K 0 0 60
K 0 32 60
A D 24 48
J N 7 12933 42 4 3457 1152 1 61
K 0 0 43
K 0 0 60
K 0 31 60
A D 12 48
H 61 S 0 0 0 0 0 0 0 0 0
J R 7 12978 42 2 5185 576 0
K 0 0 48
A D 12 48
J B 55 13029 1 82 6913 576 0
J R 8 13061 42 2 1 0 0
K 0 0 47
A D 24 48
J R 7 13124 42 2 3457 1152 0
K 0 0 48
A D 12 48
J N 7 13169 21 6 5185 576 1 62
K 0 0 43
K 0 115 108
K 34 115 108
K 0 0 60
K 0 31 60
A D 12 48
J B 56 13220 1 82 6913 576 0
J D 0 13252 0 1 1 0 1 63
W 0 168 33 cresc.
J N 9 13252 31 2 1 0 1 62
K 0 0 41
A D 48 48
H 62 S 0 0 0 0 0 0 0 0 0
J B 57 13352 1 82 6913 2304 0
J N 9 13384 31 2 1 0 0
K 0 0 41
A D 48 48
J B 58 13484 1 82 6913 2304 0
J S 0 13516 168 2 1 0 1 63
K 0 0 110
K 30 0 110
H 63 D 110 -52 168 0 33
J N 8 13516 21 4 1 0 1 64
K 0 0 42
K 0 0 60
K 0 31 60
A D 24 48
J N 6 13579 21 3 3457 1152 1 64
K 0 0 43
K 0 0 54
A D 6 48
H 64 T 21 0 0 0 0 0 5 0
J C 22 13614 21 164 4321 288 0
J N 6 13676 52 2 4321 0 1 65
K 0 0 43
A D 6 48
J N 6 13716 52 2 5185 288 1 65
K 0 0 43
A D 6 48
J N 6 13756 52 2 6049 288 1 65
K 0 0 43
A D 6 48
H 65 B 0 0 112 3 2 1 3
J B 59 13797 1 82 6913 288 0
J N 6 13829 52 2 1 0 1 66
K 0 0 43
A D 6 48
J N 6 13869 52 2 865 288 1 66
K 0 0 43
A D 6 48
J N 6 13909 52 2 1729 288 1 66
K 0 0 43
A D 6 48
J N 6 13949 52 2 2593 288 1 66
K 0 0 43
A D 6 48
H 66 B 0 0 112 4 2 1 1 3
J N 6 13989 52 2 3457 288 1 67
K 0 0 43
A D 6 48
J N 6 14029 52 2 4321 288 1 67
K 0 0 43
A D 6 48
J N 6 14069 52 2 5185 288 1 67
K 0 0 43
A D 6 48
J N 6 14109 52 2 6049 288 1 67
K 0 0 43
A D 6 48
H 67 B 0 0 112 4 2 1 1 3
J B 60 14150 1 82 6913 288 0
J N 7 14182 52 4 1 0 0
K 0 0 43
K 0 0 59
K 0 -31 59
A D 12 48
J N 7 14247 52 5 1729 576 0
K -25 0 63
K 0 0 43
K 0 0 59
K 0 -31 59
A D 12 48
J N 7 14292 42 4 3457 576 0
K 0 0 43
K 0 0 60
K 0 31 60
A D 12 48
J N 7 14357 42 5 5185 576 0
K -25 0 63
K 0 0 43
K 0 0 60
K 0 31 60
A D 12 48
J B 61 14408 1 82 6913 576 0
J N 7 14440 31 4 1 0 0
K 0 0 43
K 0 0 60
K 0 32 60
A D 12 48
J N 7 14505 21 5 1729 576 0
K -25 0 63
K 0 0 43
K 0 0 60
K 0 31 60
A D 12 48
J N 6 14550 10 2 3457 576 1 68
K 0 0 43
A D 6 48
J N 6 14590 10 2 4321 288 1 68
K 0 0 43
A D 6 48
J N 6 14630 0 2 5185 288 1 68
K 0 0 43
A D 6 48
J N 6 14670 -11 2 6049 288 1 68
K 0 0 43
A D 6 48
H 68 B 1 0 112 4 2 1 1 3
J B 62 14711 1 82 6913 288 0
J N 7 14743 -21 8 1 0 0
K 0 0 45
K 0 0 43
K -1 0 45
K 6 0 45
K 0 -26 96
K 0 0 60
K 0 31 60
A D 12 48
J R 7 14788 42 2 1729 576 0
K 0 0 48
A D 12 48
J R 8 14833 42 2 3457 576 0
K 0 0 47
A D 24 48
J B 63 14902 1 82 6913 1152 0
J N 7 14934 -32 8 1 0 0
K 0 11 45
K 0 0 43
K 0 11 45
K 2 11 45
K 0 -26 96
K 0 0 60
K 0 32 60
A D 12 48
J R 7 14979 42 2 1729 576 0
K 0 0 48
A D 12 48
J R 8 15024 42 2 3457 576 0
K 0 0 47
A D 24 48
J B 64 15093 1 82 6913 1152 0
J N 8 15125 -11 7 1 0 1 69
K 0 0 42
K 38 0 44
K 0 147 110
K 30 147 108
K 0 0 60
K 0 32 60
A D 36 48
J N 7 15206 0 4 5185 1728 0
K 0 0 43
K 0 0 60
K 0 31 60
A D 12 48
J B 65 15257 1 82 6913 576 0
J N 7 15289 10 4 1 0 0
K 0 0 43
K 0 0 60
K 0 32 60
A D 12 48
J N 7 15354 21 5 1729 576 1 69
K -25 0 63
K 0 0 43
K 0 0 60
K 0 31 60
A D 12 48
H 69 S 0 0 0 0 0 0 0 0 0
J N 7 15399 21 4 3457 576 0
K 0 0 43
K 0 0 60
K 0 31 60
A D 12 48
J N 7 15444 21 4 5185 576 0
K 0 0 43
K 0 0 60
K 0 31 60
A D 12 48
J B 66 15495 1 82 6913 576 0
J N 8 15527 -11 7 1 0 1 70
K 0 0 42
K 38 0 44
K 0 147 110
K 30 147 108
K 0 0 60
K 0 32 60
A D 36 48
J N 7 15608 0 4 5185 1728 0
K 0 0 43
K 0 0 60
K 0 31 60
A D 12 48
J B 67 15659 1 82 6913 576 0
J N 7 15691 10 4 1 0 0
K 0 0 43
K 0 0 60
K 0 32 60
A D 12 48
J N 7 15756 21 5 1729 576 1 70
K -25 0 63
K 0 0 43
K 0 0 60
K 0 31 60
A D 12 48
H 70 S 0 0 0 0 0 0 0 0 0
J N 7 15801 21 4 3457 576 0
K 0 0 43
K 0 0 60
K 0 31 60
A D 12 48
J N 7 15846 21 4 5185 576 0
K 0 0 43
K 0 0 60
K 0 31 60
A D 12 48
J B 68 15897 1 82 6913 576 0
J N 8 15929 31 7 1 0 1 71
K 0 0 42
K 38 0 44
K 0 115 110
K 30 115 108
K 0 0 60
K 0 32 60
A D 36 48
J N 7 16010 42 4 5185 1728 0
K 0 0 43
K 0 0 60
K 0 31 60
A D 12 48
J B 69 16061 1 82 6913 576 0
J N 7 16093 52 4 1 0 0
K 0 0 43
K 0 0 59
K 0 -31 59
A D 12 48
J N 7 16138 -11 4 1729 576 1 71
K 0 0 43
K 0 0 60
K 0 32 60
A D 12 48
H 71 S 0 0 0 0 -10 0 0 0 0
J N 7 16183 -11 4 3457 576 0
K 0 0 43
K 0 0 60
K 0 32 60
A D 12 48
J N 7 16228 -11 4 5185 576 0
K 0 0 43
K 0 0 60
K 0 32 60
A D 12 48
J B 70 16279 1 82 6913 576 0
J N 8 16311 -21 7 1 0 0
K 0 0 45
K 0 0 42
K -1 0 45
K 6 0 45
K 0 0 60
K 0 31 60
A D 24 48
J N 7 16374 -21 9 3457 1152 1 72
K 0 0 45
K 0 0 43
K -1 0 45
K 6 0 45
K 36 -9 44
K 56 -9 44
K 0 0 60
K 0 31 60
A D 21 48
J N 5 16429 0 3 6481 1008 0
K 0 0 43
K 0 0 56
A D 3 48
J B 71 16470 1 82 6913 144 0
J N 8 16502 10 4 1 0 0
K 0 0 42
K 0 0 60
K 0 32 60
A D 24 48
J N 7 16565 0 6 3457 1152 0
K 0 0 43
K 36 -9 44
K 56 -9 44
K 0 0 60
K 0 31 60
A D 21 48
J N 5 16666 21 4 6481 1008 1 72
K -25 0 63
K 0 0 43
K 0 0 56
A D 3 48
H 72 S 0 0 0 0 0 0 0 0 0
J B 72 16707 1 82 6913 144 0
J N 8 16739 42 6 1 0 0
K 0 0 42
K 36 -9 44
K 0 105 110
K 0 0 60
K 0 31 60
A D 36 48
J N 7 16820 42 4 5185 1728 0
K 0 0 43
K 0 0 60
K 0 31 60
A D 12 48
J B 73 16871 1 82 6913 576 0
J N 7 16903 42 4 1 0 0
K 0 0 43
K 0 0 60
K 0 31 60
A D 12 48
J N 7 16948 42 4 1729 576 0
K 0 0 43
K 0 0 60
K 0 31 60
A D 12 48
J N 7 16993 42 4 3457 576 0
K 0 0 43
K 0 0 60
K 0 31 60
A D 12 48
J N 7 17038 42 4 5185 576 0
K 0 0 43
K 0 0 60
K 0 31 60
A D 12 48
J B 74 17089 1 82 6913 576 0
J N 8 17121 42 7 1 0 0
K 0 0 42
K 36 -9 44
K 0 105 111
K 18 105 110
K 0 0 60
K 0 31 60
A D 36 48
J N 7 17202 42 4 5185 1728 0
K 0 0 43
K 0 0 60
K 0 31 60
A D 12 48
J B 75 17253 1 82 6913 576 0
J N 7 17285 42 4 1 0 0
K 0 0 43
K 0 0 60
K 0 31 60
A D 12 48
J N 7 17330 42 4 1729 576 0
K 0 0 43
K 0 0 60
K 0 31 60
A D 12 48
J N 7 17375 42 4 3457 576 0
K 0 0 43
K 0 0 60
K 0 31 60
A D 12 48
J N 7 17420 42 4 5185 576 0
K 0 0 43
K 0 0 60
K 0 31 60
A D 12 48
J B 76 17471 1 82 6913 576 0
J N 8 17503 42 7 1 0 0
K 0 0 42
K 36 -9 44
K 0 105 111
K 18 105 110
K 0 0 60
K 0 31 60
A D 36 48
J N 7 17584 10 4 5185 1728 0
K 0 0 43
K 0 0 60
K 0 32 60
A D 12 48
J C 12 17629 21 163 6913 576 0
J B 77 17698 1 82 6913 0 0
J N 7 17730 21 4 1 0 0
K 0 0 43
K 0 0 60
K 0 31 60
A D 12 48
J D 0 17775 0 1 1729 576 0
W 0 168 33 pi\u8 !1f
J N 7 17775 21 4 1729 0 0
K 0 0 43
K 0 0 60
K 0 31 60
A D 12 48
J N 7 17820 21 4 3457 576 0
K 0 0 43
K 0 0 60
K 0 31 60
A D 12 48
J N 7 17865 21 4 5185 576 0
K 0 0 43
K 0 0 60
K 0 31 60
A D 12 48
J B 78 17916 1 82 6913 576 0
J N 7 17948 21 4 1 0 0
K 0 0 43
K 0 0 60
K 0 31 60
A D 12 48
J N 7 17993 21 4 1729 576 0
K 0 0 43
K 0 0 60
K 0 31 60
A D 12 48
J N 7 18038 21 4 3457 576 0
K 0 0 43
K 0 0 60
K 0 31 60
A D 12 48
J N 7 18083 21 4 5185 576 0
K 0 0 43
K 0 0 60
K 0 31 60
A D 12 48
J B 79 18134 1 82 6913 576 0
J N 7 18166 21 4 1 0 0
K 0 0 43
K 0 0 60
K 0 31 60
A D 12 48
J N 7 18211 21 4 1729 576 0
K 0 0 43
K 0 0 60
K 0 31 60
A D 12 48
J N 7 18256 21 4 3457 576 0
K 0 0 43
K 0 0 60
K 0 31 60
A D 12 48
J N 7 18301 21 4 5185 576 0
K 0 0 43
K 0 0 60
K 0 31 60
A D 12 48
J C 22 18346 21 164 6913 576 0
J B 80 18415 1 82 6913 0 0
J N 9 18447 21 4 1 0 1 73
K 0 0 41
K 0 115 110
K 30 115 110
A D 48 48
J B 81 18547 1 82 6913 2304 0
J N 9 18579 21 2 1 0 1 73
K 0 0 41
A D 48 48
H 73 T 21 0 0 0 0 0 5 0
J B 82 18679 1 82 6913 2304 0
J N 8 18711 -11 5 1 0 0
K 0 0 42
K 38 0 44
K 0 0 60
K 0 32 60
A D 36 48
J N 6 18792 -11 2 5185 1728 1 74
K 0 0 43
A D 6 48
J N 6 18832 -11 2 6049 288 1 74
K 0 0 43
A D 6 48
H 74 B 1 0 112 2 2 3
J B 83 18873 1 82 6913 288 0
J N 8 18905 -11 5 1 0 0
K 0 0 42
K 38 0 44
K 0 0 60
K 0 32 60
A D 36 48
J N 6 18986 -11 2 5185 1728 1 75
K 0 0 43
A D 6 48
J N 6 19026 -11 2 6049 288 1 75
K 0 0 43
A D 6 48
H 75 B 1 0 112 2 2 3
J B 84 19067 1 82 6913 288 0
J N 7 19099 -11 4 1 0 0
K 0 0 43
K 0 0 60
K 0 32 60
A D 12 48
J N 6 19144 -11 2 1729 576 1 76
K 0 0 43
A D 6 48
J N 6 19184 -11 2 2593 288 1 76
K 0 0 43
A D 6 48
H 76 B 1 0 112 2 2 3
J N 7 19224 -11 4 3457 288 0
K 0 0 43
K 0 0 60
K 0 32 60
A D 12 48
J N 6 19269 -11 2 5185 576 1 77
K 0 0 43
A D 6 48
J N 6 19309 -11 2 6049 288 1 77
K 0 0 43
A D 6 48
H 77 B 1 0 112 2 2 3
J B 85 19350 1 82 6913 288 1 78
J N 6 19382 -11 3 1 0 0
K 0 0 43
K 0 0 54
A D 6 48
J N 6 19417 10 2 865 288 1 79
K 0 0 43
A D 6 48
J N 6 19457 -32 5 1729 288 1 79
K 0 11 45
K 0 0 43
K 0 11 45
K 2 11 45
A D 6 48
J N 6 19492 -11 2 2593 288 1 79
K 0 0 43
A D 6 48
H 79 B 1 0 112 3 2 1 3
J N 6 19532 -53 6 3457 288 1 80
K 0 32 45
K 0 11 45
K 0 0 43
K 0 11 45
K 2 11 45
A D 6 48
J N 6 19567 -32 5 4321 288 1 80
K 0 11 45
K 0 0 43
K 0 11 45
K 2 11 45
A D 6 48
J N 6 19602 -11 2 5185 288 1 80
K 0 0 43
A D 6 48
J N 6 19637 10 2 6049 288 1 80
K 0 0 43
A D 6 48
H 80 B 1 0 112 4 2 1 1 3
J B 86 19678 1 82 6913 288 0
J N 8 19710 52 4 1 0 0
K 0 0 42
K 0 0 59
K 0 -31 59
A D 24 48
J N 8 19773 52 4 3457 1152 0
K 0 0 42
K 0 0 59
K 0 -31 59
A D 24 48
J B 87 19877 6 4 6913 1152 2 78 81
K -35 31 44
K -35 52 44
K -20 0 82
K -9 0 84
H 78 E 1 0 -13 -63 31 31
J N 6 19909 -11 2 1 0 1 82
K 0 0 43
A D 6 48
J N 6 19944 10 2 865 288 1 82
K 0 0 43
A D 6 48
J N 6 19984 -32 5 1729 288 1 82
K 0 11 45
K 0 0 43
K 0 11 45
K 2 11 45
A D 6 48
J N 6 20019 -11 2 2593 288 1 82
K 0 0 43
A D 6 48
H 82 B 1 0 112 4 2 1 1 3
J N 6 20059 -53 6 3457 288 1 83
K 0 32 45
K 0 11 45
K 0 0 43
K 0 11 45
K 2 11 45
A D 6 48
J N 6 20094 -32 5 4321 288 1 83
K 0 11 45
K 0 0 43
K 0 11 45
K 2 11 45
A D 6 48
H 83 B 1 0 112 2 2 3
J N 7 20129 10 4 5185 288 0
K 0 0 43
K 0 0 60
K 0 32 60
A D 12 48
J B 88 20180 1 82 6913 576 1 81
H 81 E 2 0 0 -63 31 0
J N 9 20220 10 3 1 0 1 84
K -25 0 63
K 0 0 41
A D 48 48
J B 89 20320 1 82 6913 2304 0
J N 9 20360 10 3 1 0 2 85 84
k -25 0 63
K 0 0 41
A D 48 48
H 84 T 10 0 0 0 0 0 1 0
J B 90 20460 1 82 6913 2304 0
J N 9 20500 10 3 1 0 1 85
k -25 0 63
K 0 0 41
A D 48 48
H 85 T 10 0 0 0 0 0 1 0
J B 91 20600 1 82 6913 2304 0
J N 6 20640 10 3 1 0 1 86
K -25 0 63
K 0 0 43
A D 6 48
J N 6 20675 31 2 865 288 1 86
K 0 0 43
A D 6 48
J N 6 20715 -11 2 1729 288 1 86
K 0 0 43
A D 6 48
J N 6 20750 10 2 2593 288 1 86
K 0 0 43
A D 6 48
H 86 B 1 0 112 4 2 1 1 3
J N 6 20790 -32 5 3457 288 1 87
K 0 11 45
K 0 0 43
K 0 11 45
K 2 11 45
A D 6 48
J N 6 20825 -11 2 4321 288 1 87
K 0 0 43
A D 6 48
J N 6 20865 -11 2 5185 288 1 87
K 0 0 43
A D 6 48
J N 6 20905 -11 2 6049 288 1 87
K 0 0 43
A D 6 48
H 87 B 1 0 112 4 2 1 1 3
J B 92 20946 1 82 6913 288 0
J N 7 20978 0 4 1 0 0
K 0 0 43
K 0 0 60
K 0 31 60
A D 12 48
J R 7 21023 42 2 1729 576 0
K 0 0 48
A D 12 48
J N 7 21068 -32 7 3457 576 0
K 0 11 45
K 0 0 43
K 0 11 45
K 2 11 45
K 0 0 60
K 0 32 60
A D 12 48
J R 7 21113 42 2 5185 576 0
K 0 0 48
A D 12 48
J B 93 21164 1 82 6913 576 0
J N 8 21204 -21 9 1 0 0
K 0 0 45
K -25 0 63
K 0 0 42
K -1 0 45
K 6 0 45
K 36 -9 44
K 0 0 60
K 0 31 60
A D 36 48
J R 7 21285 42 2 5185 1728 0
K 0 0 48
A D 12 48
J B 94 21336 1 82 6913 576 0
J S 4 21381 31 8 9 576 0
K 0 0 62
K 0 5 62
K 0 11 92
K 30 11 92
K 60 11 92
K 90 0 62
K 90 5 62
K 30 11 80
J B 103 21516 1 82 6913 1 0
J R 8 21548 42 2 1 0 0
K 0 0 47
A D 24 48
J R 7 21611 42 2 3457 1152 0
K 0 0 48
A D 12 48
J N 7 21656 21 5 5185 576 1 88
K 0 0 43
K 0 115 108
K 0 0 60
K 0 31 60
A D 12 48
J B 104 21707 1 82 6913 576 0
J N 7 21739 31 4 1 0 0
K 0 0 43
K 0 0 60
K 0 32 60
A D 12 48
J N 7 21784 42 4 1729 576 0
K 0 0 43
K 0 0 60
K 0 31 60
A D 12 48
J N 7 21829 52 4 3457 576 0
K 0 0 43
K 0 0 59
K 0 -31 59
A D 12 48
J N 7 21892 63 5 5185 576 0
K -23 0 65
K 0 0 43
K 0 0 59
K 0 -32 59
A D 12 48
J B 105 21943 1 82 6913 576 0
J N 7 21975 73 4 1 0 1 88
K 0 0 43
K 0 0 59
K 0 -31 59
A D 12 48
H 88 S 0 0 -21 0 -52 2 0 0 0
J R 7 22020 42 2 1729 576 0
K 0 0 48
A D 12 48
J R 8 22065 42 2 3457 576 0
K 0 0 47
A D 24 48
J B 106 22134 1 82 6913 1152 0
J R 8 22166 42 2 1 0 0
K 0 0 47
A D 24 48
J R 7 22229 42 2 3457 1152 0
K 0 0 48
A D 12 48
J N 7 22274 -32 8 5185 576 1 89
K 0 11 45
K 0 0 43
K 0 11 45
K 2 11 45
K 0 168 108
K 0 0 60
K 0 32 60
A D 12 48
J B 107 22325 1 82 6913 576 0
J N 7 22357 -21 7 1 0 0
K 0 0 45
K 0 0 43
K -1 0 45
K 6 0 45
K 0 0 60
K 0 31 60
A D 12 48
J N 7 22402 -11 4 1729 576 0
K 0 0 43
K 0 0 60
K 0 32 60
A D 12 48
J N 7 22447 0 4 3457 576 1 89
K 0 0 43
K 0 0 60
K 0 31 60
A D 12 48
H 89 S 0 0 0 0 0 0 0 0 0
J D 0 22492 0 1 5185 576 0
W 0 168 33 cresc.
J N 7 22492 10 4 5185 0 1 90
K 0 0 43
K 0 0 60
K 0 32 60
A D 12 48
J B 108 22543 1 82 6913 576 0
J N 7 22575 21 4 1 0 0
K 0 0 43
K 0 0 60
K 0 31 60
A D 12 48
J N 7 22638 31 5 1729 576 0
K -23 0 65
K 0 0 43
K 0 0 60
K 0 32 60
A D 12 48
J N 7 22683 42 4 3457 576 1 90
K 0 0 43
K 0 0 60
K 0 31 60
A D 12 48
H 90 S 0 0 0 0 0 0 0 0 0
J N 7 22728 94 5 5185 576 1 91
K 0 0 43
K 0 52 110
K 0 0 59
K 0 -31 59
A D 12 48
J B 109 22779 1 82 6913 576 0
J N 9 22811 94 2 1 0 2 92 91
K 0 0 41
A D 48 48
H 91 T 94 0 0 0 0 0 9 0
J B 110 22911 1 82 6913 2304 0
J N 9 22943 94 2 1 0 2 93 92
K 0 0 41
A D 48 48
H 92 T 94 0 0 0 0 0 9 0
J B 111 23043 1 82 6913 2304 0
J N 8 23075 94 5 1 0 1 93
K 0 0 42
K 38 0 44
K 0 0 59
K 0 -31 59
A D 36 48
H 93 T 94 0 0 0 0 0 9 0
J N 7 23156 94 4 5185 1728 1 94
K 0 0 43
K 0 0 59
K 0 -31 59
A D 12 48
J B 112 23207 1 82 6913 576 0
J N 9 23239 94 2 1 0 2 95 94
K 0 0 41
A D 48 48
H 94 T 94 0 0 0 0 0 9 0
J B 113 23339 1 82 6913 2304 0
J N 9 23371 94 2 1 0 2 96 95
K 0 0 41
A D 48 48
H 95 T 94 0 0 0 0 0 9 0
J B 114 23471 1 82 6913 2304 0
J N 8 23503 94 5 1 0 1 96
K 0 0 42
K 38 0 44
K 0 0 59
K 0 -31 59
A D 36 48
H 96 T 94 0 0 0 0 0 9 0
J N 7 23584 -32 10 5185 1728 0
K 0 11 45
K -23 0 65
K 0 0 43
K 0 11 45
K 2 11 45
K 0 168 110
K 30 168 110
K 0 0 60
K 0 32 60
A D 12 48
J B 115 23635 1 82 6913 576 0
J N 8 23667 -21 7 1 0 0
K 0 0 45
K 0 0 42
K -1 0 45
K 6 0 45
K 0 0 60
K 0 31 60
A D 24 48
J N 8 23730 -32 8 3457 1152 0
K 0 11 45
K -23 0 65
K 0 0 42
K 0 11 45
K 2 11 45
K 0 0 60
K 0 32 60
A D 24 48
J B 116 23799 1 82 6913 1152 0
J N 9 23831 -21 6 1 0 1 97
K 0 0 45
K 7 0 45
K 0 0 41
K -1 0 45
K 6 0 45
A D 48 48
J B 117 23931 1 82 6913 2304 0
J N 8 23963 -21 8 1 0 1 97
K 0 0 45
K 0 0 42
K -1 0 45
K 6 0 45
K 36 -9 44
K 0 0 60
K 0 31 60
A D 36 48
H 97 T -21 0 0 0 0 0 5 0
J N 7 24044 -42 9 5185 1728 0
K 0 21 45
K 0 0 45
K -23 0 65
K 0 0 43
K -1 0 45
K 6 0 45
K 0 0 60
K 0 42 60
A D 12 48
J B 118 24095 1 82 6913 576 0
J N 8 24132 -32 8 1 0 0
K 0 11 45
K -22 0 64
K 0 0 42
K 0 11 45
K 2 11 45
K 0 0 60
K 0 32 60
A D 24 48
J N 8 24195 -42 9 3457 1152 0
K 0 21 45
K 0 0 45
K -23 0 65
K 0 0 42
K -1 0 45
K 6 0 45
K 0 0 60
K 0 42 60
A D 24 48
J B 119 24264 1 82 6913 1152 0
J N 9 24301 -11 3 1 0 1 98
K -22 0 64
K 0 0 41
A D 48 48
J B 120 24401 1 82 6913 2304 0
J N 8 24433 -11 5 1 0 1 98
K 0 0 42
K 38 0 44
K 0 0 60
K 0 32 60
A D 36 48
H 98 T -11 0 0 0 0 0 1 0
J N 6 24514 -21 5 5185 1728 2 99 100
K 0 0 45
K 0 0 43
K -1 0 45
K 6 0 45
A D 4 48
J N 6 24577 -11 3 5761 192 1 100
K -23 0 65
K 0 0 43
A D 4 48
J N 6 24640 0 3 6337 192 1 100
K -23 0 65
K 0 0 43
A D 4 48
H 100 B 1 0 112 3 2 1 3
J B 121 24681 1 82 6913 192 0
J N 7 24713 10 4 1 0 0
K 0 0 43
K 0 0 60
K 0 32 60
A D 12 48
J N 6 24776 -11 3 1729 576 1 101
K -23 0 65
K 0 0 43
A D 4 48
J N 6 24839 0 3 2305 192 1 101
K -23 0 65
K 0 0 43
A D 4 48
J N 6 24874 10 2 2881 192 1 101
K 0 0 43
A D 4 48
H 101 B 1 0 112 3 2 1 3
J N 7 24909 21 4 3457 192 0
K 0 0 43
K 0 0 60
K 0 31 60
A D 12 48
J N 6 24954 0 2 5185 576 1 102
K 0 0 43
A D 4 48
J N 6 24989 10 2 5761 192 1 102
K 0 0 43
A D 4 48
J N 6 25024 21 2 6337 192 2 102 99
K 0 0 43
A D 4 48
H 102 B 1 0 112 3 2 1 3
H 99 S 0 0 0 0 0 0 0 0 0
J B 122 25065 1 82 6913 192 0
J N 7 25097 31 5 1 0 0
K 0 0 43
K 0 -21 96
K 0 0 60
K 0 32 60
A D 12 48
J R 7 25142 42 2 1729 576 0
K 0 0 48
A D 12 48
J R 8 25187 42 2 3457 576 0
K 0 0 47
A D 24 48
J B 123 25256 1 82 6913 1152 0
J R 7 25288 42 2 1 0 0
K 0 0 48
A D 12 48
J N 6 25333 -42 6 1729 576 2 103 104
K 0 21 45
K 0 0 45
K 0 0 43
K -1 0 45
K 6 0 45
A D 4 48
J N 6 25373 -53 6 2305 192 1 104
K 0 32 45
K 0 11 45
K 0 0 43
K 0 11 45
K 2 11 45
A D 4 48
J N 6 25413 -63 7 2881 192 2 104 103
K 0 42 45
K 0 21 45
K 0 0 45
K 0 0 43
K -1 0 45
K 6 0 45
A D 4 48
H 104 B 1 0 112 3 2 1 3
H 103 S 0 0 0 0 0 0 0 0 0
J N 7 25448 -21 8 3457 192 0
K 0 0 45
K 0 0 43
K -1 0 45
K 6 0 45
K 0 -26 96
K 0 0 60
K 0 31 60
A D 12 48
J R 7 25493 42 2 5185 576 0
K 0 0 48
A D 12 48
J B 124 25544 1 82 6913 576 0
J R 8 25576 42 2 1 0 0
K 0 0 47
A D 24 48
J R 7 25639 42 2 3457 1152 0
K 0 0 48
A D 12 48
J D 0 25684 0 1 5185 576 0
W 0 168 33 pi\u8 !1f
J N 6 25684 52 2 5185 0 1 105
K 0 0 43
A D 4 48
J N 6 25724 52 2 5761 192 1 105
K 0 0 43
A D 4 48
J N 6 25764 52 2 6337 192 1 105
K 0 0 43
A D 4 48
H 105 B 0 0 112 3 2 1 3
J B 125 25805 1 82 6913 192 0
J N 7 25837 94 4 1 0 0
K 0 0 43
K 0 0 59
K 0 -31 59
A D 12 48
J R 7 25882 42 2 1729 576 0
K 0 0 48
A D 12 48
J R 7 25927 42 2 3457 576 0
K 0 0 48
A D 12 48
J N 6 25972 21 2 5185 576 1 106
K 0 0 43
A D 4 48
J N 6 26012 21 2 5761 192 1 106
K 0 0 43
A D 4 48
J N 6 26052 21 2 6337 192 1 106
K 0 0 43
A D 4 48
H 106 B 1 0 112 3 2 1 3
J B 126 26093 1 82 6913 192 0
J N 7 26131 31 5 1 0 0
K -23 0 65
K 0 0 43
K 0 0 60
K 0 32 60
A D 12 48
J R 7 26176 42 2 1729 576 0
K 0 0 48
A D 12 48
J R 7 26221 42 2 3457 576 0
K 0 0 48
A D 12 48
J N 6 26266 31 2 5185 576 1 107
K 0 0 43
A D 4 48
J N 6 26306 31 2 5761 192 1 107
K 0 0 43
A D 4 48
J N 6 26346 31 2 6337 192 1 107
K 0 0 43
A D 4 48
H 107 B 1 0 112 3 2 1 3
J B 127 26387 1 82 6913 192 0
J N 7 26425 73 5 1 0 0
K -23 0 65
K 0 0 43
K 0 0 59
K 0 -31 59
A D 12 48
J R 7 26470 42 2 1729 576 0
K 0 0 48
A D 12 48
J R 7 26515 42 2 3457 576 0
K 0 0 48
A D 12 48
J N 6 26572 0 3 5185 576 1 108
K -23 0 65
K 0 0 43
A D 4 48
J N 6 26612 0 2 5761 192 1 108
K 0 0 43
A D 4 48
J N 6 26652 0 2 6337 192 1 108
K 0 0 43
A D 4 48
H 108 B 1 0 112 3 2 1 3
J B 128 26693 1 82 6913 192 0
J N 7 26725 10 4 1 0 0
K 0 0 43
K 0 0 60
K 0 32 60
A D 12 48
J R 7 26770 42 2 1729 576 0
K 0 0 48
A D 12 48
J R 7 26815 42 2 3457 576 0
K 0 0 48
A D 12 48
J N 6 26860 10 2 5185 576 1 109
K 0 0 43
A D 4 48
J N 6 26900 10 2 5761 192 1 109
K 0 0 43
A D 4 48
J N 6 26940 10 2 6337 192 1 109
K 0 0 43
A D 4 48
H 109 B 1 0 112 3 2 1 3
J B 129 26981 1 82 6913 192 0
J N 7 27013 52 4 1 0 0
K 0 0 43
K 0 0 59
K 0 -31 59
A D 12 48
J R 7 27058 42 2 1729 576 0
K 0 0 48
A D 12 48
J R 7 27103 42 2 3457 576 0
K 0 0 48
A D 12 48
J N 6 27148 52 2 5185 576 1 110
K 0 0 43
A D 4 48
J N 6 27188 52 2 5761 192 1 110
K 0 0 43
A D 4 48
J N 6 27228 52 2 6337 192 1 110
K 0 0 43
A D 4 48
H 110 B 0 0 112 3 2 1 3
J B 130 27269 1 82 6913 192 0
J N 7 27307 63 5 1 0 0
K -23 0 65
K 0 0 43
K 0 0 59
K 0 -32 59
A D 12 48
J R 7 27352 42 2 1729 576 0
K 0 0 48
A D 12 48
J R 7 27397 42 2 3457 576 0
K 0 0 48
A D 12 48
J N 6 27442 63 2 5185 576 1 111
K 0 0 43
A D 4 48
J N 6 27482 63 2 5761 192 1 111
K 0 0 43
A D 4 48
J N 6 27522 63 2 6337 192 1 111
K 0 0 43
A D 4 48
H 111 B 0 0 112 3 2 1 3
J B 131 27563 1 82 6913 192 0
J N 7 27601 31 5 1 0 0
K -23 0 65
K 0 0 43
K 0 0 60
K 0 32 60
A D 12 48
J R 7 27646 42 2 1729 576 0
K 0 0 48
A D 12 48
J R 7 27691 42 2 3457 576 0
K 0 0 48
A D 12 48
J N 6 27736 31 2 5185 576 1 112
K 0 0 43
A D 4 48
J N 6 27776 31 2 5761 192 1 112
K 0 0 43
A D 4 48
J N 6 27816 31 2 6337 192 1 112
K 0 0 43
A D 4 48
H 112 B 1 0 112 3 2 1 3
J B 132 27857 1 82 6913 192 0
J R 7 27889 42 2 1 0 0
K 0 0 48
A D 12 48
J N 6 27934 42 2 1729 576 1 113
K 0 0 43
A D 4 48
J N 6 27974 42 2 2305 192 1 113
K 0 0 43
A D 4 48
J N 6 28014 42 2 2881 192 1 113
K 0 0 43
A D 4 48
H 113 B 1 0 112 3 2 1 3
J R 7 28049 42 2 3457 192 0
K 0 0 48
A D 12 48
J N 6 28094 42 2 5185 576 1 114
K 0 0 43
A D 4 48
J N 6 28134 42 2 5761 192 1 114
K 0 0 43
A D 4 48
J N 6 28174 42 2 6337 192 1 114
K 0 0 43
A D 4 48
H 114 B 1 0 112 3 2 1 3
J B 133 28215 1 82 6913 192 0
J R 7 28247 42 2 1 0 0
K 0 0 48
A D 12 48
J N 6 28292 42 2 1729 576 1 115
K 0 0 43
A D 4 48
J N 6 28332 42 2 2305 192 1 115
K 0 0 43
A D 4 48
J N 6 28372 42 2 2881 192 1 115
K 0 0 43
A D 4 48
H 115 B 1 0 112 3 2 1 3
J R 7 28407 42 2 3457 192 0
K 0 0 48
A D 12 48
J N 6 28452 42 2 5185 576 1 116
K 0 0 43
A D 4 48
J N 6 28492 42 2 5761 192 1 116
K 0 0 43
A D 4 48
J N 6 28532 42 2 6337 192 1 116
K 0 0 43
A D 4 48
H 116 B 1 0 112 3 2 1 3
J B 134 28573 1 82 6913 192 0
J N 8 28605 10 7 1 0 0
K 0 0 42
K 38 0 44
K 0 126 110
K 30 126 110
K 0 0 60
K 0 32 60
A D 36 48
J N 7 28686 52 4 5185 1728 0
K 0 0 43
K 0 0 59
K 0 -31 59
A D 12 48
J B 135 28737 1 82 6913 576 0
J N 8 28769 63 4 1 0 0
K 0 0 42
K 0 0 59
K 0 -32 59
A D 24 48
J N 8 28832 52 4 3457 1152 0
K 0 0 42
K 0 0 59
K 0 -31 59
A D 24 48
J B 136 28901 1 82 6913 1152 0
J N 8 28933 42 5 1 0 0
K 0 0 42
K 36 -9 44
K 0 0 60
K 0 31 60
A D 36 48
J N 7 29014 63 4 5185 1728 0
K 0 0 43
K 0 0 59
K 0 -32 59
A D 12 48
J B 137 29065 1 82 6913 576 0
J N 8 29097 73 4 1 0 0
K 0 0 42
K 0 0 59
K 0 -31 59
A D 24 48
J N 8 29160 63 4 3457 1152 0
K 0 0 42
K 0 0 59
K 0 -32 59
A D 24 48
J B 138 29229 1 82 6913 1152 0
J N 8 29261 52 5 1 0 0
K 0 0 42
K 38 0 44
K 0 0 59
K 0 -31 59
A D 36 48
J N 7 29342 52 4 5185 1728 0
K 0 0 43
K 0 0 59
K 0 -31 59
A D 12 48
J B 139 29393 1 82 6913 576 0
J N 8 29425 63 4 1 0 0
K 0 0 42
K 0 0 59
K 0 -32 59
A D 24 48
J N 8 29488 52 4 3457 1152 0
K 0 0 42
K 0 0 59
K 0 -31 59
A D 24 48
J B 140 29557 1 82 6913 1152 0
J N 8 29589 42 5 1 0 0
K 0 0 42
K 36 -9 44
K 0 0 60
K 0 31 60
A D 36 48
J N 7 29670 42 4 5185 1728 0
K 0 0 43
K 0 0 60
K 0 31 60
A D 12 48
J B 141 29721 1 82 6913 576 0
J N 8 29753 52 4 1 0 0
K 0 0 42
K 0 0 59
K 0 -31 59
A D 24 48
J N 8 29816 42 4 3457 1152 0
K 0 0 42
K 0 0 60
K 0 31 60
A D 24 48
J B 142 29885 1 82 6913 1152 0
J N 9 29917 31 4 1 0 0
K 0 0 41
K 0 115 111
K 18 115 110
A D 48 48
J B 143 30017 1 82 6913 2304 0
J N 9 30049 21 4 1 0 0
K 0 0 41
K 0 115 111
K 18 115 110
A D 48 48
J B 144 30149 1 82 6913 2304 0
J D 0 30181 0 1 1 0 0
W 0 168 33 sempre !1ff
J N 9 30183 21 3 1 0 1 117
K -25 0 63
K 0 0 41
A D 48 48
J B 145 30283 1 82 6913 2304 0
J N 9 30323 21 3 1 0 1 117
k -25 0 63
K 0 0 41
A D 48 48
H 117 T 21 0 0 0 0 0 5 0
J B 146 30423 1 82 6913 2304 0
J N 9 30455 10 2 1 0 0
K 0 0 41
A D 48 48
J B 147 30555 1 82 6913 2304 0
J N 9 30587 10 2 1 0 0
K 0 0 41
A D 48 48
J B 148 30687 1 82 6913 2304 0
J N 7 30719 10 4 1 0 0
K 0 0 43
K 0 0 60
K 0 32 60
A D 12 48
J N 6 30764 10 2 1729 576 1 118
K 0 0 43
A D 6 48
J N 6 30804 10 2 2593 288 1 118
K 0 0 43
A D 6 48
H 118 B 1 0 112 2 2 3
J N 7 30844 10 4 3457 288 0
K 0 0 43
K 0 0 60
K 0 32 60
A D 12 48
J N 6 30889 10 2 5185 576 1 119
K 0 0 43
A D 6 48
J N 6 30929 10 2 6049 288 1 119
K 0 0 43
A D 6 48
H 119 B 1 0 112 2 2 3
J B 149 30970 1 82 6913 288 0
J N 7 31002 10 4 1 0 0
K 0 0 43
K 0 0 60
K 0 32 60
A D 12 48
J N 6 31047 10 2 1729 576 1 120
K 0 0 43
A D 6 48
J N 6 31087 10 2 2593 288 1 120
K 0 0 43
A D 6 48
H 120 B 1 0 112 2 2 3
J N 7 31127 10 4 3457 288 0
K 0 0 43
K 0 0 60
K 0 32 60
A D 12 48
J N 6 31172 10 2 5185 576 1 121
K 0 0 43
A D 6 48
J N 6 31212 10 2 6049 288 1 121
K 0 0 43
A D 6 48
H 121 B 1 0 112 2 2 3
J B 150 31253 1 82 6913 288 0
J N 7 31285 10 4 1 0 0
K 0 0 43
K 0 0 60
K 0 32 60
A D 12 48
J N 6 31330 10 2 1729 576 1 122
K 0 0 43
A D 6 48
J N 6 31370 10 2 2593 288 1 122
K 0 0 43
A D 6 48
H 122 B 1 0 112 2 2 3
J N 7 31410 10 4 3457 288 0
K 0 0 43
K 0 0 60
K 0 32 60
A D 12 48
J N 6 31455 10 2 5185 576 1 123
K 0 0 43
A D 6 48
J N 6 31495 10 2 6049 288 1 123
K 0 0 43
A D 6 48
H 123 B 1 0 112 2 2 3
J B 151 31536 1 82 6913 288 0
J N 7 31568 10 4 1 0 0
K 0 0 43
K 0 0 60
K 0 32 60
A D 12 48
J N 6 31613 10 2 1729 576 1 124
K 0 0 43
A D 6 48
J N 6 31653 10 2 2593 288 1 124
K 0 0 43
A D 6 48
H 124 B 1 0 112 2 2 3
J N 7 31693 10 4 3457 288 0
K 0 0 43
K 0 0 60
K 0 32 60
A D 12 48
J N 6 31738 10 2 5185 576 1 125
K 0 0 43
A D 6 48
J N 6 31778 10 2 6049 288 1 125
K 0 0 43
A D 6 48
H 125 B 1 0 112 2 2 3
J B 152 31819 1 82 6913 288 0
J N 9 31851 10 2 1 0 1 126
K 0 0 41
A D 48 48
J B 153 31951 1 82 6913 2304 0
J N 9 31983 10 2 1 0 2 127 126
K 0 0 41
A D 48 48
H 126 T 10 0 0 0 0 0 1 0
J B 154 32083 1 82 6913 2304 0
J N 9 32115 10 2 1 0 1 127
K 0 0 41
A D 48 48
H 127 T 10 0 0 0 0 0 1 0
J B 155 32228 5 2 6913 2304 0
K -13 0 82
K 0 0 82
J D 5 32260 -60 1 6913 0 0
W 0 0 37 Tempo I
J T 304 32274 0 2 6913 0 0
K -15 42 74
K -15 84 75
J N 7 32333 84 4 1 0 0
K 0 0 43
K 0 0 59
K 0 -32 59
A D 1 4
J R 7 32368 42 2 2305 576 0
K 0 0 48
A D 1 4
J R 7 32403 42 2 4609 576 0
K 0 0 48
A D 1 4
J B 156 32444 1 82 6913 576 0
J S 4 32489 31 9 52 576 0
K 0 0 62
K 0 5 62
K 0 11 92
K 30 11 92
K 60 11 92
K 90 0 62
K 90 5 62
K 45 11 73
K 14 11 76
J B 208 32624 1 82 6913 1 0
J R 9 32656 42 2 1 10000 0
K 0 0 46
A D 3 4
J B 209 32826 5 2 6913 1728 0
K -13 0 82
K 0 0 82
J D 5 32858 -60 1 6913 0 0
W 0 0 37 Allegro
J T 101 32858 63 1 6913 0 0
K 0 0 37
J N 8 32930 52 6 1 0 0
K 0 0 42
K 0 73 110
K 30 73 110
K 0 0 59
K 0 -31 59
A D 24 48
J N 8 32993 52 4 3457 1152 0
K 0 0 42
K 0 0 59
K 0 -31 59
A D 24 48
J B 210 33062 1 82 6913 1152 0
J N 8 33094 31 5 1 0 0
K 0 0 42
K 38 0 44
K 0 0 60
K 0 32 60
A D 36 48
J N 6 33175 42 3 5185 1728 0
K 0 0 43
K 0 0 54
A D 6 48
J R 6 33210 42 2 6049 288 0
K 0 0 49
A D 6 48
J B 211 33251 1 82 6913 288 0
J N 6 33283 52 3 1 0 0
K 0 0 43
K 0 0 53
A D 6 48
J R 6 33335 42 2 865 288 0
K 0 0 49
A D 6 48
J N 6 33370 84 3 1729 288 0
K 0 0 43
K 0 0 53
A D 6 48
J R 6 33422 42 2 2593 288 0
K 0 0 49
A D 6 48
J N 6 33457 52 3 3457 288 0
K 0 0 43
K 0 0 53
A D 6 48
J R 6 33509 42 2 4321 288 0
K 0 0 49
A D 6 48
J N 6 33544 84 3 5185 288 0
K 0 0 43
K 0 0 53
A D 6 48
J R 6 33596 42 2 6049 288 0
K 0 0 49
A D 6 48
J B 212 33637 1 82 6913 288 0
J N 8 33669 52 5 1 0 0
K 0 0 42
K 38 0 44
K 0 0 59
K 0 -31 59
A D 36 48
J N 6 33750 52 3 5185 1728 1 128
K 0 0 43
K 38 0 44
A D 9 48
J N 5 33808 52 2 6481 432 1 128
K 0 0 43
A D 3 48
H 128 B 0 0 112 2 2 53
J B 213 33849 1 82 6913 144 0
J N 8 33881 63 5 1 0 0
K 0 0 42
K 36 -9 44
K 0 0 59
K 0 -32 59
A D 36 48
J N 6 33962 63 3 5185 1728 1 129
K 0 0 43
K 36 -9 44
A D 9 48
J N 5 34018 63 2 6481 432 1 129
K 0 0 43
A D 3 48
H 129 B 0 0 112 2 2 53
J B 214 34059 1 82 6913 144 0
J N 8 34091 52 4 1 0 1 130
K 0 0 42
K 0 0 59
K 0 -31 59
A D 24 48
J N 6 34154 52 2 3457 1152 2 131 130
K 0 0 43
A D 6 48
H 130 T 52 0 0 0 0 0 3 0
J N 6 34194 -21 5 4321 288 1 131
K 0 0 45
K 0 0 43
K -1 0 45
K 6 0 45
A D 6 48
J N 6 34229 -11 2 5185 288 1 131
K 0 0 43
A D 6 48
J N 6 34292 -11 3 6049 288 1 131
K -23 0 65
K 0 0 43
A D 6 48
H 131 B 1 0 112 4 2 1 1 3
J B 215 34333 1 82 6913 288 0
J N 9 34365 21 2 1 0 0
K 0 0 41
A D 48 48
J B 216 34465 1 82 6913 2304 0
J N 9 34497 31 2 1 0 0
K 0 0 41
A D 48 48
J B 217 34597 1 82 6913 2304 0
J N 9 34629 21 2 1 0 0
K 0 0 41
A D 48 48
J B 218 34729 1 82 6913 2304 0
J N 9 34761 31 2 1 0 0
K 0 0 41
A D 48 48
J B 219 34861 1 82 6913 2304 0
J N 9 34893 21 2 1 0 0
K 0 0 41
A D 48 48
J B 220 34993 1 82 6913 2304 0
J N 8 35025 31 5 1 0 0
K 0 0 42
K 38 0 44
K 0 0 60
K 0 32 60
A D 36 48
J N 7 35106 31 4 5185 1728 0
K 0 0 43
K 0 0 60
K 0 32 60
A D 12 48
J B 221 35157 1 82 6913 576 0
J N 8 35189 42 4 1 0 0
K 0 0 42
K 0 0 60
K 0 31 60
A D 24 48
J N 8 35252 52 4 3457 1152 0
K 0 0 42
K 0 0 59
K 0 -31 59
A D 24 48
J B 222 35321 1 82 6913 1152 0
J N 7 35353 63 4 1 0 0
K 0 0 43
K 0 0 59
K 0 -32 59
A D 12 48
J N 8 35398 63 4 1729 576 0
K 0 0 42
K 0 0 59
K 0 -32 59
A D 24 48
J N 6 35461 52 3 5185 1152 1 132
K 0 0 43
K 38 0 44
A D 9 48
J N 5 35519 52 2 6481 432 1 132
K 0 0 43
A D 3 48
H 132 B 0 0 112 2 2 53
J B 223 35560 1 82 6913 144 0
J N 8 35592 42 4 1 0 0
K 0 0 42
K 0 0 60
K 0 31 60
A D 24 48
J N 8 35655 52 4 3457 1152 0
K 0 0 42
K 0 0 59
K 0 -31 59
A D 24 48
J B 224 35724 1 82 6913 1152 0
J N 7 35756 63 4 1 0 0
K 0 0 43
K 0 0 59
K 0 -32 59
A D 12 48
J N 8 35801 63 4 1729 576 0
K 0 0 42
K 0 0 59
K 0 -32 59
A D 24 48
J N 6 35864 52 3 5185 1152 1 133
K 0 0 43
K 38 0 44
A D 9 48
J N 5 35922 52 2 6481 432 1 133
K 0 0 43
A D 3 48
H 133 B 0 0 112 2 2 53
J B 225 35963 1 82 6913 144 0
J N 6 35995 42 2 1 0 1 134
K 0 0 43
A D 6 48
J R 5 36030 42 3 865 288 0
K 0 21 49
K 6 0 50
A D 3 48
J N 5 36071 42 2 1297 144 1 134
K 0 0 43
A D 3 48
H 134 B 1 0 112 2 2 53
J N 6 36111 42 2 1729 144 1 135
K 0 0 43
A D 6 48
J R 5 36146 42 3 2593 288 0
K 0 21 49
K 6 0 50
A D 3 48
J N 5 36187 42 2 3025 144 1 135
K 0 0 43
A D 3 48
H 135 B 1 0 112 2 2 53
J N 6 36222 52 2 3457 144 1 136
K 0 0 43
A D 6 48
J R 5 36257 42 3 4321 288 0
K 0 21 49
K 6 0 50
A D 3 48
J N 5 36298 52 2 4753 144 1 136
K 0 0 43
A D 3 48
H 136 B 0 0 112 2 2 53
J N 6 36338 52 2 5185 144 1 137
K 0 0 43
A D 6 48
J R 5 36373 42 3 6049 288 0
K 0 21 49
K 6 0 50
A D 3 48
J N 5 36414 52 2 6481 144 1 137
K 0 0 43
A D 3 48
H 137 B 0 0 112 2 2 53
J B 226 36455 1 82 6913 144 0
J N 7 36487 84 4 1 0 0
K 0 0 43
K 0 0 59
K 0 -32 59
A D 12 48
J N 7 36532 10 4 1729 576 0
K 0 0 43
K 0 0 60
K 0 32 60
A D 12 48
J N 7 36577 -21 7 3457 576 0
K 0 0 45
K 0 0 43
K -1 0 45
K 6 0 45
K 0 0 60
K 0 31 60
A D 12 48
J N 7 36622 -21 7 5185 576 0
K 0 0 45
K 0 0 43
K -1 0 45
K 6 0 45
K 0 0 60
K 0 31 60
A D 12 48
J B 227 36673 1 82 6913 576 0
J N 7 36705 -11 4 1 0 0
K 0 0 43
K 0 0 60
K 0 32 60
A D 12 48
J N 7 36750 10 4 1729 576 0
K 0 0 43
K 0 0 60
K 0 32 60
A D 12 48
J N 7 36795 -21 7 3457 576 0
K 0 0 45
K 0 0 43
K -1 0 45
K 6 0 45
K 0 0 60
K 0 31 60
A D 12 48
J N 7 36840 -21 7 5185 576 0
K 0 0 45
K 0 0 43
K -1 0 45
K 6 0 45
K 0 0 60
K 0 31 60
A D 12 48
J B 228 36891 1 82 6913 576 0
J N 6 36923 -11 2 1 0 1 138
K 0 0 43
A D 6 48
J R 5 36958 42 3 865 288 0
K 0 21 49
K 6 0 50
A D 3 48
J N 5 36999 10 2 1297 144 1 138
K 0 0 43
A D 3 48
H 138 B 1 0 112 2 2 53
J N 7 37039 -21 7 1729 144 0
K 0 0 45
K 0 0 43
K -1 0 45
K 6 0 45
K 0 0 60
K 0 31 60
A D 12 48
J N 6 37084 -11 2 3457 576 1 139
K 0 0 43
A D 6 48
J R 5 37119 42 3 4321 288 0
K 0 21 49
K 6 0 50
A D 3 48
J N 5 37160 10 2 4753 144 1 139
K 0 0 43
A D 3 48
H 139 B 1 0 112 2 2 53
J N 7 37200 -21 7 5185 144 0
K 0 0 45
K 0 0 43
K -1 0 45
K 6 0 45
K 0 0 60
K 0 31 60
A D 12 48
J B 229 37251 1 82 6913 576 0
J N 6 37283 -11 2 1 0 1 140
K 0 0 43
A D 6 48
J R 5 37318 42 3 865 288 0
K 0 21 49
K 6 0 50
A D 3 48
J N 5 37359 10 2 1297 144 1 140
K 0 0 43
A D 3 48
H 140 B 1 0 112 2 2 53
J N 7 37399 -21 7 1729 144 0
K 0 0 45
K 0 0 43
K -1 0 45
K 6 0 45
K 0 0 60
K 0 31 60
A D 12 48
J N 6 37444 -11 2 3457 576 1 141
K 0 0 43
A D 6 48
J R 5 37479 42 3 4321 288 0
K 0 21 49
K 6 0 50
A D 3 48
J N 5 37520 10 2 4753 144 1 141
K 0 0 43
A D 3 48
H 141 B 1 0 112 2 2 53
J N 7 37560 -21 7 5185 144 0
K 0 0 45
K 0 0 43
K -1 0 45
K 6 0 45
K 0 0 60
K 0 31 60
A D 12 48
J B 230 37611 1 82 6913 576 0
J N 6 37643 -11 3 1 0 0
K 0 0 43
K 0 0 54
A D 6 48
J R 6 37678 42 2 865 288 0
K 0 0 49
A D 6 48
J R 7 37713 42 2 1729 288 0
K 0 0 48
A D 12 48
J R 6 37758 42 2 3457 576 0
K 0 0 49
A D 6 48
J N 6 37793 -42 8 4321 288 2 142 143
K 0 21 45
K 0 0 45
K 0 0 43
K -1 0 45
K 6 0 45
K 0 178 111
K 18 178 110
A D 6 48
J N 6 37828 -32 5 5185 288 2 143 142
K 0 11 45
K 0 0 43
K 0 11 45
K 2 11 45
A D 6 48
H 142 S 0 0 0 0 0 0 0 0 0
J N 6 37863 -21 6 6049 288 1 143
K 0 0 45
K 0 0 43
K -1 0 45
K 6 0 45
K 0 -26 96
A D 6 48
H 143 B 1 0 112 3 2 1 3
J B 231 37904 1 82 6913 288 0
J N 6 37936 -11 3 1 0 1 144
K 0 0 43
K 0 -26 96
A D 6 48
J N 6 37976 -42 8 865 288 2 145 144
K 0 21 45
K 0 0 45
K 0 0 43
K -1 0 45
K 6 0 45
K 0 178 111
K 18 178 110
A D 6 48
J N 6 38011 -32 5 1729 288 2 144 145
K 0 11 45
K 0 0 43
K 0 11 45
K 2 11 45
A D 6 48
H 145 S 0 0 0 0 0 0 0 0 0
J N 6 38046 -21 6 2593 288 1 144
K 0 0 45
K 0 0 43
K -1 0 45
K 6 0 45
K 0 -26 96
A D 6 48
H 144 B 1 0 112 4 2 1 1 3
J N 6 38081 -11 3 3457 288 1 146
K 0 0 43
K 0 -26 96
A D 6 48
J N 6 38121 -21 7 4321 288 2 147 146
K 0 0 45
K 0 0 43
K -1 0 45
K 6 0 45
K 0 157 111
K 18 157 110
A D 6 48
J N 6 38156 -11 2 5185 288 2 146 147
K 0 0 43
A D 6 48
H 147 S 0 0 0 0 0 0 0 0 0
J N 6 38191 0 3 6049 288 1 146
K 0 0 43
K 0 -26 96
A D 6 48
H 146 B 1 0 112 4 2 1 1 3
J B 232 38232 1 82 6913 288 0
J N 6 38264 10 3 1 0 1 148
K 0 0 43
K 0 -26 96
A D 6 48
J N 6 38304 -21 7 865 288 2 149 148
K 0 0 45
K 0 0 43
K -1 0 45
K 6 0 45
K 0 157 111
K 18 157 110
A D 6 48
J N 6 38339 -11 2 1729 288 2 148 149
K 0 0 43
A D 6 48
H 149 S 0 0 0 0 0 0 0 0 0
J N 6 38374 0 3 2593 288 1 148
K 0 0 43
K 0 -26 96
A D 6 48
H 148 B 1 0 112 4 2 1 1 3
J N 6 38409 10 3 3457 288 1 150
K 0 0 43
K 0 -26 96
A D 6 48
J N 6 38449 -21 7 4321 288 2 151 150
K 0 0 45
K 0 0 43
K -1 0 45
K 6 0 45
K 0 157 111
K 18 157 110
A D 6 48
J N 6 38484 -11 2 5185 288 2 150 151
K 0 0 43
A D 6 48
H 151 S 0 0 0 0 0 0 0 0 0
J N 6 38519 0 3 6049 288 1 150
K 0 0 43
K 0 -26 96
A D 6 48
H 150 B 1 0 112 4 2 1 1 3
J B 233 38560 1 82 6913 288 0
J N 6 38592 10 3 1 0 1 152
K 0 0 43
K 0 -26 96
A D 6 48
J N 6 38632 -21 7 865 288 2 153 152
K 0 0 45
K 0 0 43
K -1 0 45
K 6 0 45
K 0 157 111
K 18 157 110
A D 6 48
J N 6 38667 -11 2 1729 288 2 152 153
K 0 0 43
A D 6 48
H 153 S 0 0 0 0 0 0 0 0 0
J N 6 38702 0 3 2593 288 1 152
K 0 0 43
K 0 -26 96
A D 6 48
H 152 B 1 0 112 4 2 1 1 3
J N 6 38737 10 3 3457 288 1 154
K 0 0 43
K 0 -26 96
A D 6 48
J N 6 38772 21 3 4321 288 1 154
K 0 0 43
K 0 -32 96
A D 6 48
J N 6 38807 31 3 5185 288 1 154
K 0 0 43
K 0 -21 96
A D 6 48
J N 6 38842 42 3 6049 288 1 154
K 0 0 43
K 0 -32 96
A D 6 48
H 154 B 1 0 112 4 2 1 1 3
J B 234 38883 1 82 6913 288 0
J N 8 38915 31 5 1 0 0
K 0 0 42
K 38 0 44
K 0 0 60
K 0 32 60
A D 36 48
J N 7 38996 31 4 5185 1728 1 155
K 0 0 43
K 0 0 60
K 0 32 60
A D 12 48
J B 235 39047 1 82 6913 576 0
J N 8 39079 10 5 1 0 0
K 0 0 42
K 38 0 44
K 0 0 60
K 0 32 60
A D 36 48
J N 6 39160 21 3 5185 1728 1 156
K 0 0 43
K 36 -9 44
A D 9 48
J N 5 39216 31 2 6481 432 2 156 155
K 0 0 43
A D 3 48
H 156 B 1 0 112 2 2 53
H 155 S 0 0 -10 0 -10 0 0 0 0
J B 236 39257 1 82 6913 144 0
J N 7 39289 42 4 1 0 0
K 0 0 43
K 0 0 60
K 0 31 60
A D 12 48
J R 7 39334 42 2 1729 576 0
K 0 0 48
A D 12 48
J R 8 39379 42 2 3457 576 0
K 0 0 47
A D 24 48
J B 237 39448 1 82 6913 1152 0
J S 6 39519 42 46 0 0 0
J B 238 39630 1 82 6913 1 0
J N 8 39662 -11 5 1 0 0
K 0 0 42
K 38 0 44
K 0 0 60
K 0 32 60
A D 36 48
J N 7 39743 10 4 5185 1728 1 157
K 0 0 43
K 0 0 60
K 0 32 60
A D 12 48
J B 239 39794 1 82 6913 576 0
J N 8 39826 -32 8 1 0 0
K 0 11 45
K 0 0 42
K 0 11 45
K 2 11 45
K 38 0 44
K 0 0 60
K 0 32 60
A D 36 48
J N 6 39907 -21 6 5185 1728 1 158
K 0 0 45
K 0 0 43
K -1 0 45
K 6 0 45
K 36 -9 44
A D 9 48
J N 5 39963 -11 2 6481 432 2 158 157
K 0 0 43
A D 3 48
H 158 B 1 0 112 2 2 53
H 157 S 0 0 -21 0 0 2 0 0 0
J B 240 40004 1 82 6913 144 0
J N 9 40042 -11 3 1 0 1 159
K -23 0 65
K 0 0 41
A D 48 48
J B 241 40142 1 82 6913 2304 0
J N 9 40180 -11 3 1 0 1 159
k -23 0 65
K 0 0 41
A D 48 48
H 159 T -11 0 0 0 0 0 1 0
J B 242 40280 1 82 6913 2304 0
J N 7 40318 -11 5 1 0 0
K -23 0 65
K 0 0 43
K 0 0 60
K 0 32 60
A D 12 48
J R 7 40363 42 2 1729 576 0
K 0 0 48
A D 12 48
J R 8 40408 42 2 3457 576 0
K 0 0 47
A D 24 48
J B 243 40477 1 82 6913 1152 0
J N 7 40515 -11 5 1 0 0
K -23 0 65
K 0 0 43
K 0 0 60
K 0 32 60
A D 12 48
J R 7 40560 42 2 1729 576 0
K 0 0 48
A D 12 48
J R 8 40605 42 2 3457 576 0
K 0 0 47
A D 24 48
J B 244 40674 1 82 6913 1152 0
J N 7 40706 0 4 1 0 0
K 0 0 43
K 0 0 60
K 0 31 60
A D 12 48
J R 7 40751 42 2 1729 576 0
K 0 0 48
A D 12 48
J R 8 40796 42 2 3457 576 0
K 0 0 47
A D 24 48
J B 245 40865 1 82 6913 1152 0
J N 7 40897 0 4 1 0 0
K 0 0 43
K 0 0 60
K 0 31 60
A D 12 48
J R 7 40942 42 2 1729 576 0
K 0 0 48
A D 12 48
J R 8 40987 42 2 3457 576 0
K 0 0 47
A D 24 48
J B 246 41056 1 82 6913 1152 0
J N 9 41093 -11 3 1 0 1 160
K -22 0 64
K 0 0 41
A D 48 48
J B 247 41193 1 82 6913 2304 0
J N 8 41225 -11 4 1 0 1 160
K 0 0 42
K 0 0 60
K 0 32 60
A D 24 48
H 160 T -11 0 0 0 0 0 1 0
J N 7 41288 -11 4 3457 1152 1 161
K 0 0 43
K 0 0 60
K 0 32 60
A D 12 48
J N 6 41333 -21 6 5185 576 1 162
K 0 0 45
K 0 0 43
K -1 0 45
K 6 0 45
K 36 -9 44
A D 9 48
J N 5 41389 -32 5 6481 432 2 162 161
K 0 11 45
K 0 0 43
K 0 11 45
K 2 11 45
A D 3 48
H 162 B 1 0 112 2 2 53
H 161 S 0 0 0 0 0 0 0 0 0
J B 248 41430 1 82 6913 144 0
J N 9 41462 -21 6 1 0 1 163
K 0 0 45
K 7 0 45
K 0 0 41
K -1 0 45
K 6 0 45
A D 48 48
J B 249 41562 1 82 6913 2304 0
J N 8 41594 -21 7 1 0 1 163
K 0 0 45
K 0 0 42
K -1 0 45
K 6 0 45
K 0 0 60
K 0 31 60
A D 24 48
H 163 T -21 0 0 0 0 0 5 0
J N 7 41657 -21 7 3457 1152 1 164
K 0 0 45
K 0 0 43
K -1 0 45
K 6 0 45
K 0 0 60
K 0 31 60
A D 12 48
J N 6 41702 -32 6 5185 576 1 165
K 0 11 45
K 0 0 43
K 0 11 45
K 2 11 45
K 38 0 44
A D 9 48
J N 5 41760 -42 6 6481 432 2 165 164
K 0 21 45
K 0 0 45
K 0 0 43
K -1 0 45
K 6 0 45
A D 3 48
H 165 B 1 0 112 2 2 53
H 164 S 0 0 0 0 0 0 0 0 0
J B 250 41801 1 82 6913 144 0
J N 8 41833 -32 7 1 0 0
K 0 11 45
K 0 0 42
K 0 11 45
K 2 11 45
K 0 0 60
K 0 32 60
A D 24 48
J N 7 41896 -11 5 3457 1152 1 166
K 0 0 43
K 38 0 44
K 0 0 60
K 0 32 60
A D 18 48
J N 5 41954 -21 5 6049 864 1 167
K 0 0 45
K 0 0 43
K -1 0 45
K 6 0 45
A D 3 48
J N 5 41994 -32 5 6481 144 2 167 166
K 0 11 45
K 0 0 43
K 0 11 45
K 2 11 45
A D 3 48
H 167 B 1 0 112 2 22 33
H 166 S 0 0 0 0 0 0 0 0 0
J B 251 42035 1 82 6913 144 0
J N 8 42067 -21 7 1 0 0
K 0 0 45
K 0 0 42
K -1 0 45
K 6 0 45
K 0 0 60
K 0 31 60
A D 24 48
J N 7 42130 -21 8 3457 1152 1 168
K 0 0 45
K 0 0 43
K -1 0 45
K 6 0 45
K 36 -9 44
K 0 0 60
K 0 31 60
A D 18 48
J N 5 42186 -32 5 6049 864 1 169
K 0 11 45
K 0 0 43
K 0 11 45
K 2 11 45
A D 3 48
J N 5 42226 -42 6 6481 144 2 169 168
K 0 21 45
K 0 0 45
K 0 0 43
K -1 0 45
K 6 0 45
A D 3 48
H 169 B 1 0 112 2 22 33
H 168 S 0 0 0 0 0 0 0 0 0
J B 252 42267 1 82 6913 144 0
J N 6 42299 -11 3 1 0 0
K 0 0 43
K 0 0 54
A D 6 48
J N 6 42339 -63 7 865 288 2 170 171
K 0 42 45
K 0 21 45
K 0 0 45
K 0 0 43
K -1 0 45
K 6 0 45
A D 6 48
J N 6 42374 -53 6 1729 288 2 171 170
K 0 32 45
K 0 11 45
K 0 0 43
K 0 11 45
K 2 11 45
A D 6 48
H 170 S 0 0 0 0 0 0 0 0 0
J N 6 42409 -42 7 2593 288 1 171
K 0 21 45
K 0 0 45
K 0 0 43
K -1 0 45
K 6 0 45
K 0 -26 96
A D 6 48
H 171 B 1 0 112 3 2 1 3
J N 6 42444 -32 6 3457 288 1 172
K 0 11 45
K 0 0 43
K 0 11 45
K 2 11 45
K 0 -26 96
A D 6 48
J N 6 42484 -42 6 4321 288 2 173 172
K 0 21 45
K 0 0 45
K 0 0 43
K -1 0 45
K 6 0 45
A D 6 48
J N 6 42519 -32 5 5185 288 2 172 173
K 0 11 45
K 0 0 43
K 0 11 45
K 2 11 45
A D 6 48
H 173 S 0 0 0 0 0 0 0 0 0
J N 6 42554 -21 6 6049 288 1 172
K 0 0 45
K 0 0 43
K -1 0 45
K 6 0 45
K 0 -26 96
A D 6 48
H 172 B 1 0 112 4 2 1 1 3
J B 253 42595 1 82 6913 288 0
J N 6 42627 -11 3 1 0 1 174
K 0 0 43
K 0 -26 96
A D 6 48
J N 6 42667 -21 5 865 288 2 175 174
K 0 0 45
K 0 0 43
K -1 0 45
K 6 0 45
A D 6 48
J N 6 42702 -11 2 1729 288 2 174 175
K 0 0 43
A D 6 48
H 175 S 0 0 0 0 0 0 0 0 0
J N 6 42737 0 3 2593 288 1 174
K 0 0 43
K 0 -26 96
A D 6 48
H 174 B 1 0 112 4 2 1 1 3
J N 6 42772 10 3 3457 288 1 176
K 0 0 43
K 0 -26 96
A D 6 48
J N 6 42812 10 2 4321 288 2 177 176
K 0 0 43
A D 6 48
J N 6 42852 0 2 5185 288 2 176 177
K 0 0 43
A D 6 48
H 177 S 0 0 0 0 0 0 0 0 0
J N 6 42887 42 3 6049 288 1 176
K 0 0 43
K 0 -32 96
A D 6 48
H 176 B 1 0 112 4 2 1 1 3
J B 254 42928 1 82 6913 288 0
J N 7 42960 10 4 1 0 0
K 0 0 43
K 0 0 60
K 0 32 60
A D 12 48
J R 7 43005 42 2 1729 576 0
K 0 0 48
A D 12 48
J R 8 43050 42 2 3457 576 0
K 0 0 47
A D 24 48
J B 255 43119 1 82 6913 1152 0
J S 6 43190 42 46 0 0 0
J B 256 43301 1 82 6913 1 0
J N 7 43333 31 4 1 0 0
K 0 0 43
K 0 0 60
K 0 32 60
A D 12 48
J R 7 43378 42 2 1729 576 0
K 0 0 48
A D 12 48
J N 7 43423 21 4 3457 576 0
K 0 0 43
K 0 0 60
K 0 31 60
A D 12 48
J R 7 43468 42 2 5185 576 0
K 0 0 48
A D 12 48
J B 257 43519 1 82 6913 576 0
J N 8 43551 31 5 1 0 0
K 0 0 42
K 38 0 44
K 0 0 60
K 0 32 60
A D 36 48
J R 7 43632 42 2 5185 1728 0
K 0 0 48
A D 12 48
J B 258 43683 1 82 6913 576 0
J S 6 43754 42 46 0 0 0
J B 259 43865 1 82 6913 1 0
J R 8 43897 42 2 1 0 0
K 0 0 47
A D 24 48
J R 7 43960 42 2 3457 1152 0
K 0 0 48
A D 12 48
J N 6 44005 63 3 5185 576 1 178
K 0 0 43
K 0 62 110
A D 4 48
J N 6 44045 52 2 5761 192 1 178
K 0 0 43
A D 4 48
J N 6 44085 42 2 6337 192 1 178
K 0 0 43
A D 4 48
H 178 B 0 0 112 3 2 1 3
J B 260 44126 1 82 6913 192 0
J N 7 44158 31 4 1 0 0
K 0 0 43
K 0 0 60
K 0 32 60
A D 12 48
J N 6 44203 52 2 1729 576 1 179
K 0 0 43
A D 4 48
J N 6 44243 42 2 2305 192 1 179
K 0 0 43
A D 4 48
J N 6 44283 31 2 2881 192 1 179
K 0 0 43
A D 4 48
H 179 B 1 0 112 3 2 1 3
J N 7 44323 21 4 3457 192 0
K 0 0 43
K 0 0 60
K 0 31 60
A D 12 48
J N 6 44368 21 2 5185 576 1 180
K 0 0 43
A D 4 48
J N 6 44408 10 2 5761 192 1 180
K 0 0 43
A D 4 48
J N 6 44448 0 2 6337 192 1 180
K 0 0 43
A D 4 48
H 180 B 1 0 112 3 2 1 3
J B 261 44489 1 82 6913 192 0
J N 8 44521 31 5 1 0 0
K 0 0 42
K 38 0 44
K 0 0 60
K 0 32 60
A D 36 48
J R 7 44602 42 2 5185 1728 0
K 0 0 48
A D 12 48
J B 262 44653 1 82 6913 576 0
J R 8 44685 42 2 1 0 0
K 0 0 47
A D 24 48
J C 12 44748 21 163 3457 1152 0
J R 7 44811 42 2 3457 0 0
K 0 0 48
A D 12 48
J N 7 44856 0 5 5185 576 1 181
K 0 0 43
K 0 136 108
K 0 0 60
K 0 31 60
A D 12 48
J B 263 44907 1 82 6913 576 0
J N 8 44939 10 4 1 0 0
K 0 0 42
K 0 0 60
K 0 32 60
A D 24 48
J N 7 45002 21 4 3457 1152 1 181
K 0 0 43
K 0 0 60
K 0 31 60
A D 12 48
H 181 S 0 0 0 0 0 0 0 0 0
J R 7 45047 42 2 5185 576 0
K 0 0 48
A D 12 48
J B 264 45098 1 82 6913 576 0
J R 8 45130 42 2 1 0 0
K 0 0 47
A D 24 48
J R 7 45193 42 2 3457 1152 0
K 0 0 48
A D 12 48
J D 0 45238 0 1 5185 576 0
W 0 168 31 !1p !33dolce
J N 7 45238 -11 4 5185 0 1 182
K 0 0 43
K 0 0 60
K 0 32 60
A D 12 48
J B 265 45289 1 82 6913 576 0
J N 8 45321 0 4 1 0 0
K 0 0 42
K 0 0 60
K 0 31 60
A D 24 48
J N 7 45384 10 4 3457 1152 1 182
K 0 0 43
K 0 0 60
K 0 32 60
A D 12 48
H 182 S 0 0 0 0 0 0 0 0 0
J R 7 45429 42 2 5185 576 0
K 0 0 48
A D 12 48
J B 266 45480 1 82 6913 576 0
J S 4 45525 31 8 2 576 0
K 0 0 62
K 0 5 62
K 0 11 92
K 30 11 92
K 60 11 92
K 90 0 62
K 90 5 62
K 30 11 73
J B 268 45660 1 82 6913 1 0
J R 9 45692 42 2 1 10000 0
K 0 0 46
A D 48 48
J C 22 45791 21 164 6913 2304 0
J B 269 45860 1 82 6913 0 0
J N 8 45892 21 6 1 0 1 183
K 0 0 42
K 0 115 110
K 30 115 110
K 0 0 60
K 0 31 60
A D 24 48
J N 6 45955 21 2 3457 1152 2 184 183
K 0 0 43
A D 6 48
H 183 T 21 0 0 0 0 0 5 0
J N 6 45995 21 2 4321 288 1 184
K 0 0 43
A D 6 48
J N 6 46035 21 2 5185 288 1 184
K 0 0 43
A D 6 48
J N 6 46075 21 2 6049 288 1 184
K 0 0 43
A D 6 48
H 184 B 1 0 112 4 2 1 1 3
J B 270 46116 1 82 6913 288 0
J N 6 46148 21 2 1 0 1 185
K 0 0 43
A D 6 48
J N 6 46188 21 2 865 288 1 185
K 0 0 43
A D 6 48
J N 6 46228 21 2 1729 288 1 185
K 0 0 43
A D 6 48
J N 6 46268 21 2 2593 288 1 185
K 0 0 43
A D 6 48
H 185 B 1 0 112 4 2 1 1 3
J N 6 46308 21 2 3457 288 1 186
K 0 0 43
A D 6 48
J N 6 46348 21 2 4321 288 1 186
K 0 0 43
A D 6 48
J N 6 46388 21 2 5185 288 1 186
K 0 0 43
A D 6 48
J N 6 46428 21 2 6049 288 1 186
K 0 0 43
A D 6 48
H 186 B 1 0 112 4 2 1 1 3
J B 271 46469 1 82 6913 288 0
J N 7 46501 21 4 1 0 0
K 0 0 43
K 0 0 60
K 0 31 60
A D 12 48
J N 7 46546 94 5 1729 576 0
K -25 0 63
K 0 0 43
K 0 0 59
K 0 -31 59
A D 12 48
J N 7 46591 84 4 3457 576 0
K 0 0 43
K 0 0 59
K 0 -32 59
A D 12 48
J N 7 46656 84 5 5185 576 0
K -25 0 63
K 0 0 43
K 0 0 59
K 0 -32 59
A D 12 48
J B 272 46707 1 82 6913 576 0
J N 7 46739 73 4 1 0 0
K 0 0 43
K 0 0 59
K 0 -31 59
A D 12 48
J N 7 46784 63 4 1729 576 0
K 0 0 43
K 0 0 59
K 0 -32 59
A D 12 48
J N 6 46829 52 2 3457 576 1 187
K 0 0 43
A D 6 48
J N 6 46869 52 2 4321 288 1 187
K 0 0 43
A D 6 48
J N 6 46909 42 2 5185 288 1 187
K 0 0 43
A D 6 48
J N 6 46949 31 2 6049 288 1 187
K 0 0 43
A D 6 48
H 187 B 0 0 112 4 2 1 1 3
J B 273 46990 1 82 6913 288 0
J N 7 47022 21 5 1 0 0
K 0 0 43
K 0 -32 96
K 0 0 60
K 0 31 60
A D 12 48
J R 7 47067 42 2 1729 576 0
K 0 0 48
A D 12 48
J R 8 47112 42 2 3457 576 0
K 0 0 47
A D 24 48
J B 274 47181 1 82 6913 1152 0
J N 7 47213 84 5 1 0 0
K 0 0 43
K 0 26 96
K 0 0 59
K 0 -32 59
A D 12 48
J R 7 47258 42 2 1729 576 0
K 0 0 48
A D 12 48
J R 8 47303 42 2 3457 576 0
K 0 0 47
A D 24 48
J B 275 47372 1 82 6913 1152 0
J D 0 47404 0 1 1 0 0
W 0 168 31 !1fp !33dolce
J N 8 47404 31 5 1 0 1 188
K 0 0 42
K 38 0 44
K 0 0 60
K 0 32 60
A D 36 48
J N 7 47485 42 4 5185 1728 0
K 0 0 43
K 0 0 60
K 0 31 60
A D 12 48
J B 276 47536 1 82 6913 576 0
J N 7 47568 52 4 1 0 0
K 0 0 43
K 0 0 59
K 0 -31 59
A D 12 48
J N 7 47613 63 4 1729 576 1 188
K 0 0 43
K 0 0 59
K 0 -32 59
A D 12 48
H 188 S 0 0 -21 0 -42 3 0 0 0
J N 7 47658 63 4 3457 576 0
K 0 0 43
K 0 0 59
K 0 -32 59
A D 12 48
J N 7 47703 63 4 5185 576 0
K 0 0 43
K 0 0 59
K 0 -32 59
A D 12 48
J B 277 47754 1 82 6913 576 0
J N 8 47786 31 7 1 0 1 189
K 0 0 42
K 38 0 44
K 0 115 110
K 30 115 108
K 0 0 60
K 0 32 60
A D 36 48
J N 7 47867 42 4 5185 1728 0
K 0 0 43
K 0 0 60
K 0 31 60
A D 12 48
J B 278 47918 1 82 6913 576 0
J N 7 47950 52 4 1 0 0
K 0 0 43
K 0 0 59
K 0 -31 59
A D 12 48
J N 7 47995 63 4 1729 576 1 189
K 0 0 43
K 0 0 59
K 0 -32 59
A D 12 48
H 189 S 0 0 -21 0 -42 3 0 0 0
J N 7 48040 63 4 3457 576 0
K 0 0 43
K 0 0 59
K 0 -32 59
A D 12 48
J N 7 48085 63 4 5185 576 0
K 0 0 43
K 0 0 59
K 0 -32 59
A D 12 48
J B 279 48136 1 82 6913 576 0
J N 8 48168 0 7 1 0 1 190
K 0 0 42
K 36 -9 44
K 0 136 110
K 30 136 108
K 0 0 60
K 0 31 60
A D 36 48
J N 7 48249 10 4 5185 1728 0
K 0 0 43
K 0 0 60
K 0 32 60
A D 12 48
J B 280 48300 1 82 6913 576 0
J N 7 48332 21 4 1 0 0
K 0 0 43
K 0 0 60
K 0 31 60
A D 12 48
J N 7 48377 31 4 1729 576 1 190
K 0 0 43
K 0 0 60
K 0 32 60
A D 12 48
H 190 S 0 0 0 0 0 0 0 0 0
J N 7 48422 31 4 3457 576 0
K 0 0 43
K 0 0 60
K 0 32 60
A D 12 48
J N 7 48467 31 4 5185 576 0
K 0 0 43
K 0 0 60
K 0 32 60
A D 12 48
J B 281 48518 1 82 6913 576 0
J N 8 48550 21 4 1 0 0
K 0 0 42
K 0 0 60
K 0 31 60
A D 24 48
J N 7 48613 42 6 3457 1152 1 191
K 0 0 43
K 36 -9 44
K 56 -9 44
K 0 0 60
K 0 31 60
A D 21 48
J N 5 48689 21 3 6481 1008 1 191
K 0 0 43
K 0 0 56
A D 3 48
H 191 S 0 0 0 0 0 0 0 0 0
J B 282 48730 1 82 6913 144 0
J N 8 48762 10 4 1 0 0
K 0 0 42
K 0 0 60
K 0 32 60
A D 24 48
J N 8 48825 84 4 3457 1152 0
K 0 0 42
K 0 0 59
K 0 -32 59
A D 24 48
J B 283 48894 1 82 6913 1152 0
J N 8 48926 31 6 1 0 0
K 0 0 42
K 38 0 44
K 0 115 110
K 0 0 60
K 0 32 60
A D 36 48
J N 7 49007 42 4 5185 1728 0
K 0 0 43
K 0 0 60
K 0 31 60
A D 12 48
J B 284 49058 1 82 6913 576 0
J N 7 49090 52 4 1 0 0
K 0 0 43
K 0 0 59
K 0 -31 59
A D 12 48
J N 7 49135 63 4 1729 576 0
K 0 0 43
K 0 0 59
K 0 -32 59
A D 12 48
J N 7 49180 63 4 3457 576 0
K 0 0 43
K 0 0 59
K 0 -32 59
A D 12 48
J N 7 49225 63 4 5185 576 0
K 0 0 43
K 0 0 59
K 0 -32 59
A D 12 48
J B 285 49276 1 82 6913 576 0
J N 8 49308 31 5 1 0 0
K 0 0 42
K 38 0 44
K 0 0 60
K 0 32 60
A D 36 48
J N 7 49389 42 4 5185 1728 0
K 0 0 43
K 0 0 60
K 0 31 60
A D 12 48
J B 286 49440 1 82 6913 576 0
J N 7 49472 52 4 1 0 0
K 0 0 43
K 0 0 59
K 0 -31 59
A D 12 48
J N 7 49517 63 4 1729 576 0
K 0 0 43
K 0 0 59
K 0 -32 59
A D 12 48
J N 7 49562 63 4 3457 576 0
K 0 0 43
K 0 0 59
K 0 -32 59
A D 12 48
J N 7 49607 63 4 5185 576 0
K 0 0 43
K 0 0 59
K 0 -32 59
A D 12 48
J B 287 49658 1 82 6913 576 0
J N 8 49690 63 5 1 0 0
K 0 0 42
K 36 -9 44
K 0 0 59
K 0 -32 59
A D 36 48
J N 7 49771 52 4 5185 1728 0
K 0 0 43
K 0 0 59
K 0 -31 59
A D 12 48
J B 288 49822 1 82 6913 576 0
J N 7 49854 94 4 1 0 0
K 0 0 43
K 0 0 59
K 0 -31 59
A D 12 48
J D 0 49899 0 1 1729 576 0
W 0 168 33 pi\u8 !1f
J N 7 49899 31 4 1729 0 0
K 0 0 43
K 0 0 60
K 0 32 60
A D 12 48
J N 7 49944 31 4 3457 576 0
K 0 0 43
K 0 0 60
K 0 32 60
A D 12 48
J N 7 49989 31 4 5185 576 0
K 0 0 43
K 0 0 60
K 0 32 60
A D 12 48
J B 289 50040 1 82 6913 576 0
J N 7 50072 31 4 1 0 0
K 0 0 43
K 0 0 60
K 0 32 60
A D 12 48
J N 7 50117 10 4 1729 576 0
K 0 0 43
K 0 0 60
K 0 32 60
A D 12 48
J N 7 50162 10 4 3457 576 0
K 0 0 43
K 0 0 60
K 0 32 60
A D 12 48
J N 7 50207 10 4 5185 576 0
K 0 0 43
K 0 0 60
K 0 32 60
A D 12 48
J B 290 50258 1 82 6913 576 0
J N 7 50290 10 4 1 0 0
K 0 0 43
K 0 0 60
K 0 32 60
A D 12 48
J N 7 50353 -11 5 1729 576 0
K -23 0 65
K 0 0 43
K 0 0 60
K 0 32 60
A D 12 48
J N 7 50398 -11 4 3457 576 0
K 0 0 43
K 0 0 60
K 0 32 60
A D 12 48
J N 7 50443 -11 4 5185 576 0
K 0 0 43
K 0 0 60
K 0 32 60
A D 12 48
J B 291 50494 1 82 6913 576 0
J N 9 50532 -11 5 1 0 0
K -23 0 65
K 0 0 41
K 0 147 110
K 30 147 110
A D 48 48
J B 292 50632 1 82 6913 2304 0
J N 9 50670 -11 3 1 0 0
K -23 0 65
K 0 0 41
A D 48 48
J B 293 50770 1 82 6913 2304 0
J N 9 50807 -11 3 1 0 0
K -22 0 64
K 0 0 41
A D 48 48
J B 294 50907 1 82 6913 2304 0
J N 9 50939 -21 6 1 0 1 192
K 0 0 45
K 7 0 45
K 0 0 41
K -1 0 45
K 6 0 45
A D 48 48
J B 295 51039 1 82 6913 2304 0
J N 9 51071 -21 6 1 0 1 192
K 0 0 45
K 7 0 45
K 0 0 41
K -1 0 45
K 6 0 45
A D 48 48
H 192 T -21 0 0 0 0 0 5 0
J B 296 51171 1 82 6913 2304 0
J N 8 51203 -21 10 1 0 0
K 0 0 45
K 0 0 42
K -1 0 45
K 6 0 45
K 36 -9 44
K 0 157 111
K 18 157 110
K 0 0 60
K 0 31 60
A D 36 48
J R 7 51284 42 2 5185 1728 0
K 0 0 48
A D 12 48
J B 297 51335 1 82 6913 576 0
J S 4 51380 31 8 7 576 0
K 0 0 62
K 0 5 62
K 0 11 92
K 30 11 92
K 60 11 92
K 90 0 62
K 90 5 62
K 30 11 78
J B 304 51515 1 82 6913 1 0
J R 8 51547 42 2 1 0 0
K 0 0 47
A D 24 48
J R 7 51610 42 2 3457 1152 0
K 0 0 48
A D 12 48
J D 0 51655 0 1 5185 576 0
W 0 168 33 pi\u8 !1f
J N 7 51655 52 4 5185 0 0
K 0 0 43
K 0 0 59
K 0 -31 59
A D 12 48
J B 305 51706 1 82 6913 576 0
J N 8 51738 84 4 1 0 0
K 0 0 42
K 0 0 59
K 0 -32 59
A D 24 48
J N 8 51801 126 8 3457 1152 0
K 1 -21 45
K 1 0 45
K 0 0 42
K -1 0 45
K 6 0 45
K 0 0 59
K 0 -42 59
A D 24 48
J B 306 51870 1 82 6913 1152 0
J N 8 51902 115 8 1 0 0
K 1 -10 45
K 0 0 42
K 0 -10 45
K 2 -10 45
K 38 0 44
K 0 0 59
K 0 -31 59
A D 36 48
J N 7 51983 115 7 5185 1728 0
K 1 -10 45
K 0 0 43
K 0 -10 45
K 2 -10 45
K 0 0 59
K 0 -31 59
A D 12 48
J B 307 52034 1 82 6913 576 0
J N 8 52074 52 5 1 0 0
K -25 0 63
K 0 0 42
K 0 0 59
K 0 -31 59
A D 24 48
J N 8 52137 42 4 3457 1152 0
K 0 0 42
K 0 0 60
K 0 31 60
A D 24 48
J B 308 52206 1 82 6913 1152 0
J N 9 52238 31 4 1 0 1 193
K 0 0 41
K 0 115 110
K 30 115 110
A D 48 48
J B 309 52338 1 82 6913 2304 0
J N 9 52370 31 2 1 0 1 193
K 0 0 41
A D 48 48
H 193 T 31 0 0 0 0 0 1 0
J B 310 52470 1 82 6913 2304 0
J N 8 52502 21 4 1 0 1 194
K 0 0 42
K 0 0 60
K 0 31 60
A D 24 48
J N 6 52565 21 2 3457 1152 2 195 194
K 0 0 43
A D 6 48
H 194 T 21 0 0 0 0 0 5 0
J N 6 52605 21 2 4321 288 1 195
K 0 0 43
A D 6 48
J N 6 52645 21 2 5185 288 1 195
K 0 0 43
A D 6 48
J N 6 52685 21 2 6049 288 1 195
K 0 0 43
A D 6 48
H 195 B 1 0 112 4 2 1 1 3
J B 311 52726 1 82 6913 288 0
J N 8 52758 21 4 1 0 1 196
K 0 0 42
K 0 0 60
K 0 31 60
A D 24 48
J N 6 52821 21 2 3457 1152 2 197 196
K 0 0 43
A D 6 48
H 196 T 21 0 0 0 0 0 5 0
J N 6 52861 21 2 4321 288 1 197
K 0 0 43
A D 6 48
J N 6 52901 21 2 5185 288 1 197
K 0 0 43
A D 6 48
J N 6 52941 21 2 6049 288 1 197
K 0 0 43
A D 6 48
H 197 B 1 0 112 4 2 1 1 3
J B 312 52982 1 82 6913 288 0
J N 7 53014 21 4 1 0 0
K 0 0 43
K 0 0 60
K 0 31 60
A D 12 48
J N 6 53059 21 2 1729 576 1 198
K 0 0 43
A D 6 48
J N 6 53099 21 2 2593 288 1 198
K 0 0 43
A D 6 48
H 198 B 1 0 112 2 2 3
J N 6 53139 21 2 3457 288 1 199
K 0 0 43
A D 6 48
J N 6 53179 21 2 4321 288 1 199
K 0 0 43
A D 6 48
J N 6 53219 21 2 5185 288 1 199
K 0 0 43
A D 6 48
J N 6 53259 21 2 6049 288 1 199
K 0 0 43
A D 6 48
H 199 B 1 0 112 4 2 1 1 3
J B 313 53300 1 82 6913 288 0
J N 6 53332 21 2 1 0 1 200
K 0 0 43
A D 6 48
J N 6 53372 21 2 865 288 1 200
K 0 0 43
A D 6 48
J N 6 53412 21 2 1729 288 1 200
K 0 0 43
A D 6 48
J N 6 53452 21 2 2593 288 1 200
K 0 0 43
A D 6 48
H 200 B 1 0 112 4 2 1 1 3
J N 6 53492 21 2 3457 288 1 201
K 0 0 43
A D 6 48
J N 6 53532 21 2 4321 288 1 201
K 0 0 43
A D 6 48
J N 6 53572 21 2 5185 288 1 201
K 0 0 43
A D 6 48
J N 6 53612 21 2 6049 288 1 201
K 0 0 43
A D 6 48
H 201 B 1 0 112 4 2 1 1 3
J B 314 53653 1 82 6913 288 0
J N 7 53685 10 5 1 0 0
K 0 0 43
K 0 -26 96
K 0 0 60
K 0 32 60
A D 12 48
J R 7 53730 42 2 1729 576 0
K 0 0 48
A D 12 48
J R 8 53775 42 2 3457 576 0
K 0 0 47
A D 24 48
J B 315 53844 1 82 6913 1152 0
J N 7 53876 -11 5 1 0 0
K 0 0 43
K 0 -26 96
K 0 0 60
K 0 32 60
A D 12 48
J R 7 53921 42 2 1729 576 0
K 0 0 48
A D 12 48
J R 8 53966 42 2 3457 576 0
K 0 0 47
A D 24 48
J B 316 54035 1 82 6913 1152 0
J N 7 54067 -21 8 1 0 0
K 0 0 45
K 0 0 43
K -1 0 45
K 6 0 45
K 0 -26 96
K 0 0 60
K 0 31 60
A D 12 48
J R 7 54112 42 2 1729 576 0
K 0 0 48
A D 12 48
J R 8 54157 42 2 3457 576 0
K 0 0 47
A D 24 48
J B 317 54226 1 82 6913 1152 0
J N 7 54258 -11 5 1 0 0
K 0 0 43
K 0 -26 96
K 0 0 60
K 0 32 60
A D 12 48
J R 7 54303 42 2 1729 576 0
K 0 0 48
A D 12 48
J R 8 54348 42 2 3457 576 0
K 0 0 47
A D 24 48
J B 318 54417 1 82 6913 1152 0
J N 7 54449 -21 8 1 0 0
K 0 0 45
K 0 0 43
K -1 0 45
K 6 0 45
K 0 -26 96
K 0 0 60
K 0 31 60
A D 12 48
J R 7 54494 42 2 1729 576 0
K 0 0 48
A D 12 48
J R 8 54539 42 2 3457 576 0
K 0 0 47
A D 24 48
J B 319 54608 1 82 6913 1152 0
J N 7 54640 -11 5 1 0 0
K 0 0 43
K 0 -26 96
K 0 0 60
K 0 32 60
A D 12 48
J R 8 54685 42 2 1729 576 0
K 0 0 47
A D 24 48
J N 7 54748 84 6 5185 1152 1 202
K 0 0 43
K 0 62 110
K 30 62 110
K 0 0 59
K 0 -32 59
A D 12 48
J B 320 54799 1 82 6913 576 0
J N 7 54831 52 4 1 0 0
K 0 0 43
K 0 0 59
K 0 -31 59
A D 12 48
J N 7 54876 84 4 1729 576 0
K 0 0 43
K 0 0 59
K 0 -32 59
A D 12 48
J N 7 54921 31 4 3457 576 0
K 0 0 43
K 0 0 60
K 0 32 60
A D 12 48
J N 6 54966 42 3 5185 576 1 203
K 0 0 43
K 36 -9 44
A D 9 48
J N 5 55022 52 2 6481 432 2 203 202
K 0 0 43
A D 3 48
H 203 B 0 0 112 2 2 53
H 202 S 12 0 0 0 12 1 0 0 0
J B 321 55063 1 82 6913 144 0
J N 8 55095 10 5 1 0 0
K 0 0 42
K 38 0 44
K 0 0 60
K 0 32 60
A D 36 48
J R 7 55176 42 2 5185 1728 0
K 0 0 48
A D 12 48
J B 322 55227 1 82 6913 576 0
J S 4 55272 31 8 7 576 0
K 0 0 62
K 0 5 62
K 0 11 92
K 30 11 92
K 60 11 92
K 90 0 62
K 90 5 62
K 30 11 78
J B 329 55407 1 82 6913 1 0
J N 7 55439 -21 8 1 0 1 204
K 0 0 45
K 0 0 43
K -1 0 45
K 6 0 45
K 0 157 110
K 0 0 60
K 0 31 60
A D 12 48
J C 12 55484 21 163 1729 576 0
J N 7 55546 10 4 1729 0 0
K 0 0 43
K 0 0 60
K 0 32 60
A D 12 48
J N 7 55591 21 4 3457 576 0
K 0 0 43
K 0 0 60
K 0 31 60
A D 12 48
J N 7 55636 31 4 5185 576 0
K 0 0 43
K 0 0 60
K 0 32 60
A D 12 48
J B 330 55687 1 82 6913 576 0
J N 7 55719 42 4 1 0 0
K 0 0 43
K 0 0 60
K 0 31 60
A D 12 48
J N 7 55764 52 4 1729 576 0
K 0 0 43
K 0 0 59
K 0 -31 59
A D 12 48
J N 7 55809 63 4 3457 576 0
K 0 0 43
K 0 0 59
K 0 -32 59
A D 12 48
J N 7 55854 73 4 5185 576 1 204
K 0 0 43
K 0 0 59
K 0 -31 59
A D 12 48
H 204 S 0 0 0 9 -63 0 0 0 0
J B 331 55905 1 82 6913 576 0
J N 8 55937 84 5 1 0 0
K 0 0 42
K 36 -9 44
K 0 0 59
K 0 -32 59
A D 36 48
J N 7 56018 73 5 5185 1728 0
K 0 0 43
K 0 26 96
K 0 0 59
K 0 -31 59
A D 12 48
J B 332 56069 1 82 6913 576 0
J N 8 56101 63 5 1 0 0
K 0 0 42
K 36 -9 44
K 0 0 59
K 0 -32 59
A D 36 48
J N 7 56182 73 6 5185 1728 0
K -23 0 65
K 0 0 43
K 0 26 96
K 0 0 59
K 0 -31 59
A D 12 48
J B 333 56233 1 82 6913 576 0
J N 8 56265 84 5 1 0 0
K 0 0 42
K 36 -9 44
K 0 0 59
K 0 -32 59
A D 36 48
J N 7 56346 73 6 5185 1728 0
K -22 0 64
K 0 0 43
K 0 26 96
K 0 0 59
K 0 -31 59
A D 12 48
J B 334 56397 1 82 6913 576 0
J N 8 56429 63 5 1 0 0
K 0 0 42
K 36 -9 44
K 0 0 59
K 0 -32 59
A D 36 48
J N 7 56510 63 6 5185 1728 0
K -25 0 63
K 0 0 43
K 0 31 96
K 0 0 59
K 0 -32 59
A D 12 48
J B 335 56561 1 82 6913 576 0
J N 7 56593 52 4 1 0 0
K 0 0 43
K 0 0 59
K 0 -31 59
A D 12 48
J R 7 56638 42 2 1729 576 0
K 0 0 48
A D 12 48
J C 22 56683 21 164 3457 576 0
J N 7 56745 52 5 3457 0 0
K 0 0 43
K 0 73 108
K 0 0 59
K 0 -31 59
A D 12 48
J R 7 56790 42 2 5185 576 0
K 0 0 48
A D 12 48
J B 336 56841 1 82 6913 576 0
J N 7 56873 42 4 1 0 0
K 0 0 43
K 0 0 60
K 0 31 60
A D 12 48
J R 7 56918 42 2 1729 576 0
K 0 0 48
A D 12 48
J N 7 56963 63 4 3457 576 0
K 0 0 43
K 0 0 59
K 0 -32 59
A D 12 48
J R 7 57008 42 2 5185 576 0
K 0 0 48
A D 12 48
J B 337 57059 1 82 6913 576 0
J S 4 57104 31 8 6 576 0
K 0 0 62
K 0 5 62
K 0 11 92
K 30 11 92
K 60 11 92
K 90 0 62
K 90 5 62
K 30 11 77
J B 343 57239 1 82 6913 1 0
J R 7 57271 42 2 1 0 0
K 0 0 48
A D 12 48
J C 12 57316 21 163 1729 576 0
J D 0 57368 0 1 1729 0 0
W 0 168 31 !1p !33cresc.
J N 7 57378 31 4 1729 0 0
K 0 0 43
K 0 0 60
K 0 32 60
A D 12 48
J R 7 57423 42 2 3457 576 0
K 0 0 48
A D 12 48
J N 7 57468 31 4 5185 576 0
K 0 0 43
K 0 0 60
K 0 32 60
A D 12 48
J B 344 57519 1 82 6913 576 0
J R 7 57551 42 2 1 0 0
K 0 0 48
A D 12 48
J N 7 57596 21 4 1729 576 0
K 0 0 43
K 0 0 60
K 0 31 60
A D 12 48
J R 7 57641 42 2 3457 576 0
K 0 0 48
A D 12 48
J N 7 57686 21 4 5185 576 0
K 0 0 43
K 0 0 60
K 0 31 60
A D 12 48
J B 345 57737 1 82 6913 576 0
J R 7 57769 42 2 1 0 0
K 0 0 48
A D 12 48
J N 7 57814 31 4 1729 576 0
K 0 0 43
K 0 0 60
K 0 32 60
A D 12 48
J R 7 57859 42 2 3457 576 0
K 0 0 48
A D 12 48
J N 7 57904 31 4 5185 576 0
K 0 0 43
K 0 0 60
K 0 32 60
A D 12 48
J B 346 57955 1 82 6913 576 0
J N 7 57987 21 5 1 0 1 205
K 0 0 43
K 0 115 110
K 0 0 60
K 0 31 60
A D 12 48
J N 7 58032 10 4 1729 576 0
K 0 0 43
K 0 0 60
K 0 32 60
A D 12 48
J N 7 58077 21 4 3457 576 0
K 0 0 43
K 0 0 60
K 0 31 60
A D 12 48
J N 7 58122 31 4 5185 576 0
K 0 0 43
K 0 0 60
K 0 32 60
A D 12 48
J B 347 58173 1 82 6913 576 0
J N 7 58205 42 4 1 0 0
K 0 0 43
K 0 0 60
K 0 31 60
A D 12 48
J N 7 58250 52 4 1729 576 0
K 0 0 43
K 0 0 59
K 0 -31 59
A D 12 48
J N 7 58295 63 4 3457 576 0
K 0 0 43
K 0 0 59
K 0 -32 59
A D 12 48
J N 7 58340 73 4 5185 576 1 205
K 0 0 43
K 0 0 59
K 0 -31 59
A D 12 48
H 205 S 0 0 -21 0 -52 2 0 0 0
J B 348 58391 1 82 6913 576 0
J N 8 58423 84 5 1 0 0
K 0 0 42
K 36 -9 44
K 0 0 59
K 0 -32 59
A D 36 48
J N 7 58504 73 5 5185 1728 0
K 0 0 43
K 0 26 96
K 0 0 59
K 0 -31 59
A D 12 48
J B 349 58555 1 82 6913 576 0
J N 8 58587 63 5 1 0 0
K 0 0 42
K 36 -9 44
K 0 0 59
K 0 -32 59
A D 36 48
J N 7 58668 73 6 5185 1728 0
K -23 0 65
K 0 0 43
K 0 26 96
K 0 0 59
K 0 -31 59
A D 12 48
J B 350 58719 1 82 6913 576 0
J N 8 58751 84 5 1 0 0
K 0 0 42
K 36 -9 44
K 0 0 59
K 0 -32 59
A D 36 48
J N 7 58832 73 6 5185 1728 0
K -23 0 65
K 0 0 43
K 0 26 96
K 0 0 59
K 0 -31 59
A D 12 48
J B 351 58883 1 82 6913 576 0
J N 8 58915 63 5 1 0 0
K 0 0 42
K 36 -9 44
K 0 0 59
K 0 -32 59
A D 36 48
J N 7 58996 21 5 5185 1728 0
K 0 0 43
K 0 -32 96
K 0 0 60
K 0 31 60
A D 12 48
J B 352 59047 1 82 6913 576 0
J N 6 59079 21 4 1 0 0
K 0 0 43
K 0 115 108
K 0 0 54
A D 6 48
J N 6 59142 31 3 865 288 1 206
K -23 0 65
K 0 0 43
A D 6 48
J N 6 59182 31 2 1729 288 1 206
K 0 0 43
A D 6 48
J N 6 59222 31 2 2593 288 1 206
K 0 0 43
A D 6 48
H 206 B 1 0 112 3 2 1 3
J R 6 59257 42 2 3457 288 0
K 0 0 49
A D 6 48
J N 6 59292 31 2 4321 288 1 207
K 0 0 43
A D 6 48
J N 6 59332 31 2 5185 288 1 207
K 0 0 43
A D 6 48
J N 6 59372 31 2 6049 288 1 207
K 0 0 43
A D 6 48
H 207 B 1 0 112 3 2 1 3
J B 353 59413 1 82 6913 288 0
J R 6 59445 42 2 1 0 0
K 0 0 49
A D 6 48
J D 0 59480 0 1 865 288 0
W 0 168 33 cresc. poco a poco
J N 6 59496 42 3 865 0 1 208
K -23 0 65
K 0 0 43
A D 6 48
J N 6 59536 42 2 1729 288 1 208
K 0 0 43
A D 6 48
J N 6 59576 42 2 2593 288 1 208
K 0 0 43
A D 6 48
H 208 B 1 0 112 3 2 1 3
J R 6 59611 42 2 3457 288 0
K 0 0 49
A D 6 48
J N 6 59646 42 2 4321 288 1 209
K 0 0 43
A D 6 48
J N 6 59686 42 2 5185 288 1 209
K 0 0 43
A D 6 48
J N 6 59726 42 2 6049 288 1 209
K 0 0 43
A D 6 48
H 209 B 1 0 112 3 2 1 3
J C 22 59761 21 164 6913 288 0
J B 354 59830 1 82 6913 0 0
J R 6 59862 42 2 1 0 0
K 0 0 49
A D 6 48
J N 6 59897 10 2 865 288 1 210
K 0 0 43
A D 6 48
J N 6 59937 10 2 1729 288 1 210
K 0 0 43
A D 6 48
J N 6 59977 10 2 2593 288 1 210
K 0 0 43
A D 6 48
H 210 B 1 0 112 3 2 1 3
J R 6 60012 42 2 3457 288 0
K 0 0 49
A D 6 48
J N 6 60047 10 2 4321 288 1 211
K 0 0 43
A D 6 48
J N 6 60087 10 2 5185 288 1 211
K 0 0 43
A D 6 48
J N 6 60127 10 2 6049 288 1 211
K 0 0 43
A D 6 48
H 211 B 1 0 112 3 2 1 3
J B 355 60168 1 82 6913 288 0
J D 5 60200 -60 1 1 0 0
W 0 0 37 sempre pi\u8 Allegro
J R 7 60200 42 2 1 0 0
K 0 0 48
A D 12 48
J N 7 60245 10 4 1729 576 0
K 0 0 43
K 0 0 60
K 0 32 60
A D 12 48
J R 7 60290 42 2 3457 576 0
K 0 0 48
A D 12 48
J N 7 60347 -11 5 5185 576 0
K -23 0 65
K 0 0 43
K 0 0 60
K 0 32 60
A D 12 48
J B 356 60398 1 82 6913 576 0
J R 7 60430 42 2 1 0 0
K 0 0 48
A D 12 48
J N 7 60487 -11 5 1729 576 0
K -23 0 65
K 0 0 43
K 0 0 60
K 0 32 60
A D 12 48
J R 7 60532 42 2 3457 576 0
K 0 0 48
A D 12 48
J N 7 60577 -11 4 5185 576 0
K 0 0 43
K 0 0 60
K 0 32 60
A D 12 48
J B 357 60628 1 82 6913 576 0
J R 7 60660 42 2 1 0 0
K 0 0 48
A D 12 48
J N 7 60717 0 5 1729 576 0
K -23 0 65
K 0 0 43
K 0 0 60
K 0 31 60
A D 12 48
J R 7 60762 42 2 3457 576 0
K 0 0 48
A D 12 48
J N 7 60807 0 4 5185 576 0
K 0 0 43
K 0 0 60
K 0 31 60
A D 12 48
J B 358 60858 1 82 6913 576 0
J R 7 60890 42 2 1 0 0
K 0 0 48
A D 12 48
J N 7 60935 10 4 1729 576 0
K 0 0 43
K 0 0 60
K 0 32 60
A D 12 48
J R 7 60980 42 2 3457 576 0
K 0 0 48
A D 12 48
J N 7 61025 10 4 5185 576 0
K 0 0 43
K 0 0 60
K 0 32 60
A D 12 48
J B 359 61076 1 82 6913 576 0
J R 7 61108 42 2 1 0 0
K 0 0 48
A D 12 48
J N 7 61153 10 4 1729 576 0
K 0 0 43
K 0 0 60
K 0 32 60
A D 12 48
J R 7 61198 42 2 3457 576 0
K 0 0 48
A D 12 48
J N 7 61255 -11 5 5185 576 0
K -23 0 65
K 0 0 43
K 0 0 60
K 0 32 60
A D 12 48
J B 360 61306 1 82 6913 576 0
J R 7 61338 42 2 1 0 0
K 0 0 48
A D 12 48
J N 7 61395 -11 5 1729 576 0
K -23 0 65
K 0 0 43
K 0 0 60
K 0 32 60
A D 12 48
J R 7 61440 42 2 3457 576 0
K 0 0 48
A D 12 48
J N 7 61485 -11 4 5185 576 0
K 0 0 43
K 0 0 60
K 0 32 60
A D 12 48
J B 361 61536 1 82 6913 576 0
J R 7 61568 42 2 1 0 0
K 0 0 48
A D 12 48
J N 7 61625 0 5 1729 576 0
K -23 0 65
K 0 0 43
K 0 0 60
K 0 31 60
A D 12 48
J R 7 61670 42 2 3457 576 0
K 0 0 48
A D 12 48
J N 7 61715 0 4 5185 576 0
K 0 0 43
K 0 0 60
K 0 31 60
A D 12 48
J B 362 61766 1 82 6913 576 0
J R 7 61798 42 2 1 0 0
K 0 0 48
A D 12 48
J N 7 61843 10 4 1729 576 0
K 0 0 43
K 0 0 60
K 0 32 60
A D 12 48
J R 7 61888 42 2 3457 576 0
K 0 0 48
A D 12 48
J N 7 61933 10 4 5185 576 0
K 0 0 43
K 0 0 60
K 0 32 60
A D 12 48
J B 363 61984 1 82 6913 576 0
J R 7 62016 42 2 1 0 0
K 0 0 48
A D 12 48
J N 7 62061 10 4 1729 576 0
K 0 0 43
K 0 0 60
K 0 32 60
A D 12 48
J R 7 62106 42 2 3457 576 0
K 0 0 48
A D 12 48
J N 7 62151 10 4 5185 576 0
K 0 0 43
K 0 0 60
K 0 32 60
A D 12 48
J B 364 62215 5 2 6913 576 0
K -13 0 82
K 0 0 82
J D 5 62247 -60 1 6913 0 0
W 0 0 37 Presto
J T 0 62247 63 1 6913 0 0
K 0 0 38
J N 7 62319 52 5 1 0 0
K 0 0 43
K 0 73 110
K 0 0 59
K 0 -31 59
A D 12 48
J R 7 62354 42 2 1729 576 0
K 0 0 48
A D 12 48
J R 8 62389 42 2 3457 576 0
K 0 0 47
A D 24 48
J B 365 62442 1 82 6913 1152 0
J S 4 62487 31 9 10 1152 0
K 0 0 62
K 0 5 62
K 0 11 92
K 30 11 92
K 60 11 92
K 90 0 62
K 90 5 62
K 45 11 71
K 14 11 72
J B 375 62622 1 82 6913 1 0
J R 9 62654 42 2 1 10000 0
K 0 0 46
A D 48 48
J C 12 62753 21 163 6913 2304 0
J B 376 62822 1 82 6913 0 0
J N 8 62854 21 7 1 0 0
K 0 0 42
K 36 -9 44
K 0 115 110
K 30 115 108
K 0 0 60
K 0 31 60
A D 36 48
J N 7 62910 31 4 5185 1728 0
K 0 0 43
K 0 0 60
K 0 32 60
A D 12 48
J B 377 62951 1 82 6913 576 0
J N 7 62983 42 4 1 0 1 212
K 0 0 43
K 0 0 60
K 0 31 60
A D 12 48
J N 7 63018 52 4 1729 576 1 212
K 0 0 43
K 0 0 59
K 0 -31 59
A D 12 48
H 212 S 0 0 0 0 0 0 0 0 0
J N 7 63058 52 5 3457 576 0
K 0 0 43
K 0 21 96
K 0 0 59
K 0 -31 59
A D 12 48
J N 7 63098 52 5 5185 576 0
K 0 0 43
K 0 21 96
K 0 0 59
K 0 -31 59
A D 12 48
J B 378 63139 1 82 6913 576 0
J N 8 63171 21 7 1 0 0
K 0 0 42
K 36 -9 44
K 0 115 110
K 30 115 108
K 0 0 60
K 0 31 60
A D 36 48
J N 7 63227 31 4 5185 1728 0
K 0 0 43
K 0 0 60
K 0 32 60
A D 12 48
J B 379 63268 1 82 6913 576 0
J N 7 63300 42 4 1 0 1 213
K 0 0 43
K 0 0 60
K 0 31 60
A D 12 48
J N 7 63335 52 4 1729 576 1 213
K 0 0 43
K 0 0 59
K 0 -31 59
A D 12 48
H 213 S 0 0 0 0 0 0 0 0 0
J N 7 63375 52 5 3457 576 0
K 0 0 43
K 0 21 96
K 0 0 59
K 0 -31 59
A D 12 48
J N 7 63415 52 5 5185 576 0
K 0 0 43
K 0 21 96
K 0 0 59
K 0 -31 59
A D 12 48
J B 380 63456 1 82 6913 576 0
J D 0 63488 0 1 1 0 0
W 0 168 33 cresc.
J N 7 63488 21 4 1 0 0
K 0 0 43
K 0 0 60
K 0 31 60
A D 12 48
J R 7 63523 42 2 1729 576 0
K 0 0 48
A D 12 48
J N 7 63580 31 5 3457 576 0
K -23 0 65
K 0 0 43
K 0 0 60
K 0 32 60
A D 12 48
J R 7 63615 42 2 5185 576 0
K 0 0 48
A D 12 48
J B 381 63656 1 82 6913 576 0
J N 7 63694 42 5 1 0 0
K -23 0 65
K 0 0 43
K 0 0 60
K 0 31 60
A D 12 48
J R 7 63729 42 2 1729 576 0
K 0 0 48
A D 12 48
J N 7 63764 42 4 3457 576 0
K 0 0 43
K 0 0 60
K 0 31 60
A D 12 48
J R 7 63799 42 2 5185 576 0
K 0 0 48
A D 12 48
J B 382 63840 1 82 6913 576 0
J N 7 63878 31 5 1 0 0
K -22 0 64
K 0 0 43
K 0 0 60
K 0 32 60
A D 12 48
J R 7 63913 42 2 1729 576 0
K 0 0 48
A D 12 48
J N 7 63948 21 4 3457 576 0
K 0 0 43
K 0 0 60
K 0 31 60
A D 12 48
J R 7 63983 42 2 5185 576 0
K 0 0 48
A D 12 48
J B 383 64024 1 82 6913 576 0
J N 7 64056 31 4 1 0 0
K 0 0 43
K 0 0 60
K 0 32 60
A D 12 48
J R 7 64091 42 2 1729 576 0
K 0 0 48
A D 12 48
J N 7 64148 31 5 3457 576 0
K -23 0 65
K 0 0 43
K 0 0 60
K 0 32 60
A D 12 48
J R 7 64183 42 2 5185 576 0
K 0 0 48
A D 12 48
J B 384 64224 1 82 6913 576 0
J N 7 64262 31 5 1 0 0
K -23 0 65
K 0 0 43
K 0 0 60
K 0 32 60
A D 12 48
J R 7 64297 42 2 1729 576 0
K 0 0 48
A D 12 48
J N 7 64332 31 4 3457 576 0
K 0 0 43
K 0 0 60
K 0 32 60
A D 12 48
J R 7 64367 42 2 5185 576 0
K 0 0 48
A D 12 48
J B 385 64408 1 82 6913 576 0
J N 7 64446 42 5 1 0 0
K -23 0 65
K 0 0 43
K 0 0 60
K 0 31 60
A D 12 48
J R 7 64481 42 2 1729 576 0
K 0 0 48
A D 12 48
J N 7 64516 42 4 3457 576 0
K 0 0 43
K 0 0 60
K 0 31 60
A D 12 48
J R 7 64551 42 2 5185 576 0
K 0 0 48
A D 12 48
J B 386 64592 1 82 6913 576 0
J N 7 64630 31 5 1 0 0
K -22 0 64
K 0 0 43
K 0 0 60
K 0 32 60
A D 12 48
J R 7 64665 42 2 1729 576 0
K 0 0 48
A D 12 48
J N 7 64700 21 4 3457 576 0
K 0 0 43
K 0 0 60
K 0 31 60
A D 12 48
J R 7 64735 42 2 5185 576 0
K 0 0 48
A D 12 48
J B 387 64776 1 82 6913 576 0
J N 7 64808 31 4 1 0 0
K 0 0 43
K 0 0 60
K 0 32 60
A D 12 48
J R 7 64843 42 2 1729 576 0
K 0 0 48
A D 12 48
J N 7 64900 31 5 3457 576 0
K -23 0 65
K 0 0 43
K 0 0 60
K 0 32 60
A D 12 48
J N 7 64940 31 4 5185 576 0
K 0 0 43
K 0 0 60
K 0 32 60
A D 12 48
J B 388 64981 1 82 6913 576 0
J N 7 65019 31 6 1 0 0
K -23 0 65
K 0 0 43
K 0 115 110
K 0 0 60
K 0 32 60
A D 12 48
J N 7 65059 31 4 1729 576 0
K 0 0 43
K 0 0 60
K 0 32 60
A D 12 48
J N 7 65099 31 4 3457 576 0
K 0 0 43
K 0 0 60
K 0 32 60
A D 12 48
J N 7 65139 31 4 5185 576 0
K 0 0 43
K 0 0 60
K 0 32 60
A D 12 48
J B 389 65180 1 82 6913 576 0
J N 7 65218 42 5 1 0 0
K -23 0 65
K 0 0 43
K 0 0 60
K 0 31 60
A D 12 48
J N 7 65258 42 4 1729 576 0
K 0 0 43
K 0 0 60
K 0 31 60
A D 12 48
J N 7 65298 42 4 3457 576 0
K 0 0 43
K 0 0 60
K 0 31 60
A D 12 48
J N 7 65338 42 4 5185 576 0
K 0 0 43
K 0 0 60
K 0 31 60
A D 12 48
J B 390 65379 1 82 6913 576 0
J N 7 65411 52 4 1 0 0
K 0 0 43
K 0 0 59
K 0 -31 59
A D 12 48
J N 7 65451 52 4 1729 576 0
K 0 0 43
K 0 0 59
K 0 -31 59
A D 12 48
J N 7 65491 52 4 3457 576 0
K 0 0 43
K 0 0 59
K 0 -31 59
A D 12 48
J N 7 65531 52 4 5185 576 0
K 0 0 43
K 0 0 59
K 0 -31 59
A D 12 48
J B 391 65572 1 82 6913 576 0
J N 7 65604 52 4 1 0 0
K 0 0 43
K 0 0 59
K 0 -31 59
A D 12 48
J N 7 65644 52 4 1729 576 0
K 0 0 43
K 0 0 59
K 0 -31 59
A D 12 48
J N 7 65684 52 4 3457 576 0
K 0 0 43
K 0 0 59
K 0 -31 59
A D 12 48
J N 7 65724 52 4 5185 576 0
K 0 0 43
K 0 0 59
K 0 -31 59
A D 12 48
J C 22 65759 21 164 6913 576 0
J B 392 65828 1 82 6913 0 0
J N 8 65860 52 6 1 0 0
K 0 0 42
K 0 73 110
K 30 73 110
K 0 0 59
K 0 -31 59
A D 24 48
J N 8 65905 31 4 3457 1152 0
K 0 0 42
K 0 0 60
K 0 32 60
A D 24 48
J B 393 65956 1 82 6913 1152 0
J N 8 65988 10 5 1 0 0
K 0 0 42
K 38 0 44
K 0 0 60
K 0 32 60
A D 36 48
J N 7 66046 21 4 5185 1728 0
K 0 0 43
K 0 0 60
K 0 31 60
A D 12 48
J B 394 66087 1 82 6913 576 0
J N 7 66119 31 4 1 0 0
K 0 0 43
K 0 0 60
K 0 32 60
A D 12 48
J N 7 66154 42 4 1729 576 0
K 0 0 43
K 0 0 60
K 0 31 60
A D 12 48
J N 7 66189 52 4 3457 576 0
K 0 0 43
K 0 0 59
K 0 -31 59
A D 12 48
J N 7 66229 42 4 5185 576 0
K 0 0 43
K 0 0 60
K 0 31 60
A D 12 48
J B 395 66270 1 82 6913 576 0
J N 8 66302 31 5 1 0 0
K 0 0 42
K 38 0 44
K 0 0 60
K 0 32 60
A D 36 48
J N 7 66360 31 4 5185 1728 0
K 0 0 43
K 0 0 60
K 0 32 60
A D 12 48
J B 396 66401 1 82 6913 576 0
J N 7 66433 31 4 1 0 0
K 0 0 43
K 0 0 60
K 0 32 60
A D 12 48
J N 7 66468 42 4 1729 576 0
K 0 0 43
K 0 0 60
K 0 31 60
A D 12 48
J N 7 66508 31 4 3457 576 0
K 0 0 43
K 0 0 60
K 0 32 60
A D 12 48
J N 7 66548 21 4 5185 576 0
K 0 0 43
K 0 0 60
K 0 31 60
A D 12 48
J B 397 66589 1 82 6913 576 0
J N 8 66621 10 5 1 0 0
K 0 0 42
K 38 0 44
K 0 0 60
K 0 32 60
A D 36 48
J N 7 66679 10 4 5185 1728 0
K 0 0 43
K 0 0 60
K 0 32 60
A D 12 48
J B 398 66720 1 82 6913 576 0
J N 7 66752 10 4 1 0 0
K 0 0 43
K 0 0 60
K 0 32 60
A D 12 48
J N 7 66787 21 4 1729 576 0
K 0 0 43
K 0 0 60
K 0 31 60
A D 12 48
J N 7 66827 10 4 3457 576 0
K 0 0 43
K 0 0 60
K 0 32 60
A D 12 48
J N 7 66867 -11 4 5185 576 0
K 0 0 43
K 0 0 60
K 0 32 60
A D 12 48
J B 399 66908 1 82 6913 576 0
J N 8 66940 -21 8 1 0 0
K 0 0 45
K 0 0 42
K -1 0 45
K 6 0 45
K 36 -9 44
K 0 0 60
K 0 31 60
A D 36 48
J N 7 66996 -11 4 5185 1728 0
K 0 0 43
K 0 0 60
K 0 32 60
A D 12 48
J B 400 67037 1 82 6913 576 0
J N 7 67069 52 4 1 0 0
K 0 0 43
K 0 0 59
K 0 -31 59
A D 12 48
J N 7 67104 63 4 1729 576 0
K 0 0 43
K 0 0 59
K 0 -32 59
A D 12 48
J N 7 67144 52 4 3457 576 0
K 0 0 43
K 0 0 59
K 0 -31 59
A D 12 48
J N 7 67184 42 4 5185 576 0
K 0 0 43
K 0 0 60
K 0 31 60
A D 12 48
J B 401 67225 1 82 6913 576 0
J N 7 67257 31 4 1 0 0
K 0 0 43
K 0 0 60
K 0 32 60
A D 12 48
J N 7 67292 42 4 1729 576 0
K 0 0 43
K 0 0 60
K 0 31 60
A D 12 48
J N 7 67332 31 4 3457 576 0
K 0 0 43
K 0 0 60
K 0 32 60
A D 12 48
J N 7 67372 21 4 5185 576 0
K 0 0 43
K 0 0 60
K 0 31 60
A D 12 48
J B 402 67413 1 82 6913 576 0
J N 9 67445 10 2 1 0 1 214
K 0 0 41
A D 48 48
J B 403 67514 1 82 6913 2304 0
J N 9 67546 10 2 1 0 1 214
K 0 0 41
A D 48 48
H 214 T 10 0 0 0 0 0 1 0
J B 404 67615 1 82 6913 2304 0
J N 9 67647 31 2 1 0 1 215
K 0 0 41
A D 48 48
J B 405 67716 1 82 6913 2304 0
J N 9 67748 31 2 1 0 1 215
K 0 0 41
A D 48 48
H 215 T 31 0 0 0 0 0 1 0
J B 406 67817 1 82 6913 2304 0
J N 7 67849 52 4 1 0 0
K 0 0 43
K 0 0 59
K 0 -31 59
A D 12 48
J R 7 67884 42 2 1729 576 0
K 0 0 48
A D 12 48
J R 8 67919 42 2 3457 576 0
K 0 0 47
A D 24 48
J B 407 67972 1 82 6913 1152 0
J D 0 68004 0 1 1 0 0
W 0 168 33 sempre !1ff
J N 7 68004 -11 4 1 0 0
K 0 0 43
K 0 0 60
K 0 32 60
A D 12 48
J R 7 68039 42 2 1729 576 0
K 0 0 48
A D 12 48
J R 8 68074 42 2 3457 576 0
K 0 0 47
A D 24 48
J B 408 68127 1 82 6913 1152 0
J N 7 68159 -21 7 1 0 0
K 0 0 45
K 0 0 43
K -1 0 45
K 6 0 45
K 0 0 60
K 0 31 60
A D 12 48
J R 7 68194 42 2 1729 576 0
K 0 0 48
A D 12 48
J R 8 68229 42 2 3457 576 0
K 0 0 47
A D 24 48
J B 409 68282 1 82 6913 1152 0
J N 7 68314 -11 4 1 0 0
K 0 0 43
K 0 0 60
K 0 32 60
A D 12 48
J R 7 68349 42 2 1729 576 0
K 0 0 48
A D 12 48
J R 8 68384 42 2 3457 576 0
K 0 0 47
A D 24 48
J B 410 68437 1 82 6913 1152 0
J N 7 68469 -21 7 1 0 0
K 0 0 45
K 0 0 43
K -1 0 45
K 6 0 45
K 0 0 60
K 0 31 60
A D 12 48
J R 7 68504 42 2 1729 576 0
K 0 0 48
A D 12 48
J R 8 68539 42 2 3457 576 0
K 0 0 47
A D 24 48
J B 411 68592 1 82 6913 1152 0
J N 7 68624 -11 4 1 0 0
K 0 0 43
K 0 0 60
K 0 32 60
A D 12 48
J R 7 68659 42 2 1729 576 0
K 0 0 48
A D 12 48
J R 8 68694 42 2 3457 576 0
K 0 0 47
A D 24 48
J B 412 68747 1 82 6913 1152 0
J N 7 68779 -21 7 1 0 0
K 0 0 45
K 0 0 43
K -1 0 45
K 6 0 45
K 0 0 60
K 0 31 60
A D 12 48
J R 7 68814 42 2 1729 576 0
K 0 0 48
A D 12 48
J R 8 68849 42 2 3457 576 0
K 0 0 47
A D 24 48
J B 413 68902 1 82 6913 1152 0
J N 7 68934 -11 4 1 0 0
K 0 0 43
K 0 0 60
K 0 32 60
A D 12 48
J R 7 68969 42 2 1729 576 0
K 0 0 48
A D 12 48
J R 8 69004 42 2 3457 576 0
K 0 0 47
A D 24 48
J B 414 69057 1 82 6913 1152 0
J N 7 69089 -21 7 1 0 0
K 0 0 45
K 0 0 43
K -1 0 45
K 6 0 45
K 0 0 60
K 0 31 60
A D 12 48
J R 7 69124 42 2 1729 576 0
K 0 0 48
A D 12 48
J R 8 69159 42 2 3457 576 0
K 0 0 47
A D 24 48
J B 415 69212 1 82 6913 1152 0
J N 7 69244 -11 4 1 0 0
K 0 0 43
K 0 0 60
K 0 32 60
A D 12 48
J R 7 69279 42 2 1729 576 0
K 0 0 48
A D 12 48
J R 8 69314 42 2 3457 576 0
K 0 0 47
A D 24 48
J B 416 69367 1 82 6913 1152 0
J N 7 69399 -21 7 1 0 0
K 0 0 45
K 0 0 43
K -1 0 45
K 6 0 45
K 0 0 60
K 0 31 60
A D 12 48
J R 7 69434 42 2 1729 576 0
K 0 0 48
A D 12 48
J R 8 69469 42 2 3457 576 0
K 0 0 47
A D 24 48
J B 417 69522 1 82 6913 1152 0
J N 7 69554 -11 4 1 0 0
K 0 0 43
K 0 0 60
K 0 32 60
A D 12 48
J R 7 69589 42 2 1729 576 0
K 0 0 48
A D 12 48
J R 8 69624 42 2 3457 576 0
K 0 0 47
A D 24 48
J B 418 69677 1 82 6913 1152 0
J N 9 69709 -21 6 1 0 1 216
K 0 0 45
K 7 0 45
K 0 0 41
K -1 0 45
K 6 0 45
A D 48 48
J B 419 69778 1 82 6913 2304 0
J N 9 69810 -21 6 1 0 1 216
K 0 0 45
K 7 0 45
K 0 0 41
K -1 0 45
K 6 0 45
A D 48 48
H 216 T -21 0 0 0 0 0 5 0
J B 420 69879 1 82 6913 2304 0
J N 9 69911 -21 6 1 0 1 217
K 0 0 45
K 7 0 45
K 0 0 41
K -1 0 45
K 6 0 45
A D 48 48
J B 421 69980 1 82 6913 2304 0
J N 8 70012 -21 7 1 0 1 217
K 0 0 45
K 0 0 42
K -1 0 45
K 6 0 45
K 0 0 60
K 0 31 60
A D 24 48
H 217 T -21 0 0 0 0 0 5 0
J N 7 70057 10 4 3457 1152 0
K 0 0 43
K 0 0 60
K 0 32 60
A D 12 48
J N 7 70092 31 4 5185 576 0
K 0 0 43
K 0 0 60
K 0 32 60
A D 12 48
J B 422 70133 1 82 6913 576 0
J N 7 70165 52 4 1 0 0
K 0 0 43
K 0 0 59
K 0 -31 59
A D 12 48
J R 7 70200 42 2 1729 576 0
K 0 0 48
A D 12 48
J R 7 70235 42 2 3457 576 0
K 0 0 48
A D 12 48
J N 7 70270 52 4 5185 576 0
K 0 0 43
K 0 0 59
K 0 -31 59
A D 12 48
J B 423 70311 1 82 6913 576 0
J N 7 70343 52 4 1 0 0
K 0 0 43
K 0 0 59
K 0 -31 59
A D 12 48
J N 7 70383 52 4 1729 576 0
K 0 0 43
K 0 0 59
K 0 -31 59
A D 12 48
J N 7 70423 52 4 3457 576 0
K 0 0 43
K 0 0 59
K 0 -31 59
A D 12 48
J N 7 70463 52 4 5185 576 0
K 0 0 43
K 0 0 59
K 0 -31 59
A D 12 48
J B 424 70504 1 82 6913 576 0
J N 7 70536 52 4 1 0 0
K 0 0 43
K 0 0 59
K 0 -31 59
A D 12 48
J R 7 70571 42 2 1729 576 0
K 0 0 48
A D 12 48
J R 7 70606 42 2 3457 576 0
K 0 0 48
A D 12 48
J N 7 70641 52 4 5185 576 0
K 0 0 43
K 0 0 59
K 0 -31 59
A D 12 48
J B 425 70682 1 82 6913 576 0
J N 7 70714 52 4 1 0 0
K 0 0 43
K 0 0 59
K 0 -31 59
A D 12 48
J N 7 70754 52 4 1729 576 0
K 0 0 43
K 0 0 59
K 0 -31 59
A D 12 48
J N 7 70794 52 4 3457 576 0
K 0 0 43
K 0 0 59
K 0 -31 59
A D 12 48
J N 7 70834 52 4 5185 576 0
K 0 0 43
K 0 0 59
K 0 -31 59
A D 12 48
J B 426 70875 1 82 6913 576 0
J N 7 70907 52 4 1 0 0
K 0 0 43
K 0 0 59
K 0 -31 59
A D 12 48
J R 7 70942 42 2 1729 576 0
K 0 0 48
A D 12 48
J N 7 70977 52 4 3457 576 0
K 0 0 43
K 0 0 59
K 0 -31 59
A D 12 48
J N 7 71017 52 4 5185 576 0
K 0 0 43
K 0 0 59
K 0 -31 59
A D 12 48
J B 427 71058 1 82 6913 576 0
J N 7 71090 52 4 1 0 0
K 0 0 43
K 0 0 59
K 0 -31 59
A D 12 48
J R 7 71125 42 2 1729 576 0
K 0 0 48
A D 12 48
J N 7 71160 52 4 3457 576 0
K 0 0 43
K 0 0 59
K 0 -31 59
A D 12 48
J N 7 71200 52 4 5185 576 0
K 0 0 43
K 0 0 59
K 0 -31 59
A D 12 48
J B 428 71241 1 82 6913 576 0
J N 7 71273 52 4 1 0 0
K 0 0 43
K 0 0 59
K 0 -31 59
A D 12 48
J R 7 71308 42 2 1729 576 0
K 0 0 48
A D 12 48
J N 7 71343 31 4 3457 576 0
K 0 0 43
K 0 0 60
K 0 32 60
A D 12 48
J N 7 71383 31 4 5185 576 0
K 0 0 43
K 0 0 60
K 0 32 60
A D 12 48
J B 429 71424 1 82 6913 576 0
J N 7 71456 31 4 1 0 0
K 0 0 43
K 0 0 60
K 0 32 60
A D 12 48
J R 7 71491 42 2 1729 576 0
K 0 0 48
A D 12 48
J N 7 71526 31 4 3457 576 0
K 0 0 43
K 0 0 60
K 0 32 60
A D 12 48
J N 7 71566 31 4 5185 576 0
K 0 0 43
K 0 0 60
K 0 32 60
A D 12 48
J B 430 71607 1 82 6913 576 0
J N 9 71639 31 2 1 0 1 218
K 0 0 41
A D 48 48
J B 431 71708 1 82 6913 2304 0
J N 9 71740 31 2 1 0 1 218
K 0 0 41
A D 48 48
H 218 T 31 0 0 0 0 0 1 0
J B 432 71809 1 82 6913 2304 0
J N 9 71841 -21 6 1 0 1 219
K 0 0 45
K 7 0 45
K 0 0 41
K -1 0 45
K 6 0 45
A D 48 48
J B 433 71910 1 82 6913 2304 0
J N 9 71942 -21 6 1 0 1 219
K 0 0 45
K 7 0 45
K 0 0 41
K -1 0 45
K 6 0 45
A D 48 48
H 219 T -21 0 0 0 0 0 5 0
J B 434 72011 1 82 6913 2304 0
J N 7 72043 -21 7 1 0 0
K 0 0 45
K 0 0 43
K -1 0 45
K 6 0 45
K 0 0 60
K 0 31 60
A D 12 48
J R 7 72078 42 2 1729 576 0
K 0 0 48
A D 12 48
J R 8 72113 42 2 3457 576 0
K 0 0 47
A D 24 48
J B 435 72166 1 82 6913 1152 0
J S 6 72237 42 46 0 0 0
J B 436 72348 1 82 6913 1 0
J N 7 72380 52 4 1 0 0
K 0 0 43
K 0 0 59
K 0 -31 59
A D 12 48
J R 7 72415 42 2 1729 576 0
K 0 0 48
A D 12 48
J R 8 72450 42 2 3457 576 0
K 0 0 47
A D 24 48
J B 437 72503 1 82 6913 1152 0
J S 6 72574 42 46 0 0 0
J B 438 72685 1 82 6913 1 0
J N 7 72717 52 4 1 0 0
K 0 0 43
K 0 0 59
K 0 -31 59
A D 12 48
J R 7 72752 42 2 1729 576 0
K 0 0 48
A D 12 48
J R 8 72787 42 2 3457 576 0
K 0 0 47
A D 24 48
J B 439 72840 1 82 6913 1152 0
J S 6 72911 42 46 0 0 0
J B 440 73022 1 82 6913 1 0
J N 7 73054 52 4 1 0 0
K 0 0 43
K 0 0 59
K 0 -31 59
A D 12 48
J R 7 73089 42 2 1729 576 0
K 0 0 48
A D 12 48
J R 8 73124 42 2 3457 576 0
K 0 0 47
A D 24 48
J B 441 73177 1 82 6913 1152 0
J N 7 73209 52 4 1 0 0
K 0 0 43
K 0 0 59
K 0 -31 59
A D 12 48
J R 7 73244 42 2 1729 576 0
K 0 0 48
A D 12 48
J R 8 73279 42 2 3457 576 0
K 0 0 47
A D 24 48
J B 442 73332 1 82 6913 1152 0
J N 7 73364 52 4 1 0 0
K 0 0 43
K 0 0 59
K 0 -31 59
A D 12 48
J R 7 73399 42 2 1729 576 0
K 0 0 48
A D 12 48
J R 8 73434 42 2 3457 576 0
K 0 0 47
A D 24 48
J B 443 73487 1 82 6913 1152 0
J S 6 73558 42 46 0 0 0
J B 444 73669 1 82 6913 1 0
J N 7 73701 52 4 1 0 0
K 0 0 43
K 0 0 59
K 0 -31 59
A D 12 48
J R 7 73736 42 2 1729 576 0
K 0 0 48
A D 12 48
J R 8 73771 42 2 3457 576 0
K 0 0 47
A D 24 48
J B 445 73824 1 82 6913 1152 0
J S 6 73895 42 46 0 0 0
J B 446 74006 1 82 6913 1 0
J N 9 74038 52 3 1 0 0
K 0 0 41
K 0 -84 101
A D 48 48
J B 0 74127 6 2 6913 2304 0
K -20 0 82
K -9 0 84
J M 0 74127 0 0 10000 0 0
