S 0 200 140 2050 1588 12 "[(....)][({..}.)](.)[({..}..)]"
L 0 0 -98 313 313 * 0 14 0
J D 0 -108 42 1 6913 0 0
W 0 0 31 Fl 1-2
J C 4 5 42 2 6913 0 0
K 0 0 33
K 0 0 34
J K -1 57 0 1 6913 0 0
K 0 28 65
J D 0 38 -14 1 6913 0 0
W 0 0 37 \06\06\04
J R 9 146 28 2 1 10000 0
K 0 0 46
A D 6 8 0
A P 3 0 0
J B 665 229 1 82 6913 1728 0
J R 9 283 28 2 1 10000 0
K 0 0 46
A D 6 8 0
A P 3 0 0
J B 666 366 1 82 6913 1728 0
J R 9 423 28 2 1 10000 0
K 0 0 46
A D 6 8 0
A P 3 0 0
J B 667 508 1 82 6913 1728 0
J R 9 564 28 2 1 10000 0
K 0 0 46
A D 6 8 0
A P 3 0 0
J B 668 648 1 82 6913 1728 0
J D 0 665 0 1 1 0 1 133
W 0 92 1 p!36| cresc.
J N 8 672 -28 15 1 0 2 134 135
K 0 14 45
K 0 0 45
K 0 -14 45
K 0 -21 42
K 0 -14 45
K 1 -14 45
K 25 -21 44
K 0 0 42
K -1 0 45
K 2 0 45
K 24 -6 44
K 0 -21 60
K 0 0 60
K 0 28 60
A D 6 8 2
A P 1 260 0
A P 2 243 1
J B 669 788 1 82 6913 1728 0
J N 8 811 -28 15 1 0 3 136 134 135
K 0 14 45
K 0 0 45
K 0 -14 45
K 0 -14 42
K -1 -14 45
K 2 -14 45
K 24 -20 44
K 0 0 42
K -1 0 45
K 2 0 45
K 24 -6 44
K 0 -14 60
K 0 0 60
K 0 28 60
A D 6 8 2
A P 1 255 0
A P 2 243 1
H 134 T -28 0 0 0 0 0 15 0
H 135 S 0 0 -21 0 -14 0 0 0 0
J B 670 927 1 82 6913 1728 0
J N 8 954 -28 15 1 0 3 137 138 136
K 0 14 45
K 0 0 45
K 0 -14 45
K 0 -14 42
K -1 -14 45
K 2 -14 45
K 24 -20 44
K 0 0 42
K -1 0 45
K 2 0 45
K 24 -6 44
K 0 -14 60
K 0 0 60
K 0 28 60
A D 6 8 1
A P 1 255 1
A P 2 243 1
H 136 T -28 0 0 0 0 0 15 0
J B 671 1077 1 82 6913 1728 0
J N 7 1100 -28 13 1 0 3 139 137 138
K 0 14 45
K 0 0 45
K 0 -14 45
K 0 -14 43
K -1 -14 45
K 2 -14 45
K 0 0 43
K -1 0 45
K 2 0 45
K 0 -14 60
K 0 0 60
K 0 28 60
A D 2 8 0
A P 1 255 0
A P 2 243 0
H 137 T -42 0 0 0 0 0 5 0
H 138 T -28 0 0 0 0 0 15 0
J N 7 1141 -35 14 2305 576 0
K 0 21 45
K 0 7 45
K 0 -7 45
K 0 -14 43
K 0 -7 45
K 1 -7 45
K 0 0 43
K 0 7 45
K 1 7 45
K 0 -14 60
K 0 0 60
K 0 28 60
K 0 35 60
A D 2 8 0
A P 1 260 0
A P 2 249 0
J N 7 1179 -42 15 4609 576 1 139
K 0 28 45
K 0 14 45
K 0 0 45
K 0 -14 45
K 0 -14 43
K -1 -14 45
K 2 -14 45
K 0 0 43
K -1 0 45
K 2 0 45
K 0 -14 60
K 0 0 60
K 0 28 60
K 0 42 60
A D 2 8 0
A P 1 266 0
A P 2 255 0
H 139 S 0 0 -14 0 -14 0 0 0 0
J M 0 1215 0 0 6913 576 1 133
H 133 D 145 0 92 0 31
J B 672 1219 1 82 6913 0 0
J N 7 1243 -7 15 1 0 0
K 0 -7 45
K 0 -21 45
K 0 -35 45
K 0 -49 45
K 0 -49 43
K -1 -49 45
K 2 -49 45
K 0 0 43
K 0 -66 96
K 0 99 110
K 0 -49 60
K 0 -21 60
K 0 0 60
K 0 21 60
A D 2 8 0
A P 1 266 0
A P 2 226 0
J N 7 1281 7 13 2305 576 0
K 0 -21 45
K 0 -35 45
K 0 -49 45
K 0 -49 43
K -1 -49 45
K 2 -49 45
K 0 0 43
K 0 -66 96
K 0 -49 60
K 0 -21 60
K 0 0 60
K 0 21 60
A D 2 8 0
A P 1 255 0
A P 2 215 0
J N 7 1319 -14 16 4609 576 0
K 0 0 45
K 0 -14 45
K 0 -28 45
K 0 -42 45
K 0 -49 43
K 0 -42 45
K 1 -42 45
K 0 0 43
K -1 0 45
K 2 0 45
K 0 -66 96
K 0 -49 60
K 0 -21 60
K 0 0 60
K 0 21 60
A D 2 8 0
A P 1 272 0
A P 2 232 0
J B 673 1359 1 82 6913 576 0
J N 7 1380 0 13 1 0 0
K 0 -14 45
K 0 -28 45
K 0 -42 45
K 0 -49 43
K 0 -42 45
K 1 -42 45
K 0 0 43
K 0 88 110
K 0 -49 60
K 0 -21 60
K 0 0 60
K 0 21 60
A D 2 8 0
A P 1 260 0
A P 2 220 0
J N 7 1421 14 11 2305 576 0
K 0 -28 45
K 0 -42 45
K 0 -49 43
K 0 -42 45
K 1 -42 45
K 0 0 43
K 0 -49 60
K 0 -21 60
K 0 0 60
K 0 21 60
A D 2 8 0
A P 1 249 0
A P 2 209 0
J N 7 1462 -7 13 4609 576 0
K 0 -7 45
K 0 -21 45
K 0 -35 45
K 0 -49 45
K 0 -49 43
K -1 -49 45
K 2 -49 45
K 0 0 43
K 0 -49 60
K 0 -21 60
K 0 0 60
K 0 21 60
A D 2 8 0
A P 1 266 0
A P 2 226 0
J B 674 1501 1 82 6913 576 0
J N 7 1522 7 13 1 0 0
K 0 -21 45
K 0 -35 45
K 0 -49 45
K 0 -49 43
K -1 -49 45
K 2 -49 45
K 0 0 43
K 0 81 110
K 0 -49 60
K 0 -21 60
K 0 0 60
K 0 21 60
A D 2 8 0
A P 1 255 0
A P 2 215 0
J R 7 1559 28 2 2305 576 0
K 0 0 48
A D 2 8 1
A P 1 0 1
J R 7 1596 28 2 4609 576 0
K 0 0 48
A D 2 8 0
A P 1 0 0
J B 675 1635 1 82 6913 576 0
J R 9 1689 28 2 1 10000 0
K 0 0 46
A D 6 8 0
A P 3 0 0
J B 676 1772 1 82 6913 1728 0
J N 7 1797 -7 14 1 0 0
K 0 -7 45
K 0 -21 45
K 0 -35 45
K 0 -49 45
K 0 -49 43
K -1 -49 45
K 2 -49 45
K 0 0 43
K 0 91 110
K 0 -49 60
K 0 -21 60
K 0 0 60
K 0 21 60
A D 2 8 0
A P 1 266 0
A P 2 226 0
J N 7 1834 7 12 2305 576 0
K 0 -21 45
K 0 -35 45
K 0 -49 45
K 0 -49 43
K -1 -49 45
K 2 -49 45
K 0 0 43
K 0 -49 60
K 0 -21 60
K 0 0 60
K 0 21 60
A D 2 8 0
A P 1 255 0
A P 2 215 0
J N 7 1871 -14 15 4609 576 0
K 0 0 45
K 0 -14 45
K 0 -28 45
K 0 -42 45
K 0 -49 43
K 0 -42 45
K 1 -42 45
K 0 0 43
K -1 0 45
K 2 0 45
K 0 -49 60
K 0 -21 60
K 0 0 60
K 0 21 60
A D 2 8 0
A P 1 272 0
A P 2 232 0
J B 677 1910 1 82 6913 576 0
J N 7 1931 0 13 1 0 0
K 0 -14 45
K 0 -28 45
K 0 -42 45
K 0 -49 43
K 0 -42 45
K 1 -42 45
K 0 0 43
K 0 84 110
K 0 -49 60
K 0 -21 60
K 0 0 60
K 0 21 60
A D 2 8 0
A P 1 260 0
A P 2 220 0
J N 7 1971 14 11 2305 576 0
K 0 -28 45
K 0 -42 45
K 0 -49 43
K 0 -42 45
K 1 -42 45
K 0 0 43
K 0 -49 60
K 0 -21 60
K 0 0 60
K 0 21 60
A D 2 8 0
A P 1 249 0
A P 2 209 0
J N 7 2011 -7 13 4609 576 0
K 0 -7 45
K 0 -21 45
K 0 -35 45
K 0 -49 45
K 0 -49 43
K -1 -49 45
K 2 -49 45
K 0 0 43
K 0 -49 60
K 0 -21 60
K 0 0 60
K 0 21 60
A D 2 8 0
A P 1 266 0
A P 2 226 0
J B 678 2050 1 82 6913 576 0
E *
L 132 0 -98 313 313 * 0 14 0
J D 0 -119 42 1 6913 0 0
W 0 0 31 Ob 1-2
J C 4 5 42 2 6913 0 0
K 0 0 33
K 0 0 34
J K -1 57 0 1 6913 0 0
K 0 28 65
J D 0 38 -14 1 6913 0 0
W 0 0 0 \06\06\04
J R 9 146 28 2 1 10000 0
K 0 0 46
A D 6 8 0
A P 3 0 0
J B 665 229 1 82 6913 1728 0
J R 9 283 28 2 1 10000 0
K 0 0 46
A D 6 8 0
A P 3 0 0
J B 666 366 1 82 6913 1728 0
J R 9 423 28 2 1 10000 0
K 0 0 46
A D 6 8 0
A P 3 0 0
J B 667 508 1 82 6913 1728 0
J R 9 564 28 2 1 10000 0
K 0 0 46
A D 6 8 0
A P 3 0 0
J B 668 648 1 82 6913 1728 0
J D 0 672 0 1 1 0 1 197
W 0 93 1 p!36| cresc.
J N 8 672 21 8 1 0 2 198 199
K 0 -21 42
K 24 -27 44
K 0 0 42
K 25 0 44
K 0 -21 60
K 0 0 60
K 0 21 60
A D 6 8 2
A P 1 220 0
A P 2 203 1
J B 669 788 1 82 6913 1728 0
J N 8 811 21 8 1 0 3 200 198 199
K 0 -14 42
K 25 -14 44
K 0 0 42
K 25 0 44
K 0 -14 60
K 0 0 60
K 0 21 60
A D 6 8 2
A P 1 215 0
A P 2 203 1
H 198 T 21 0 0 0 0 0 11 0
H 199 S 0 0 -21 0 -14 0 0 0 0
J B 670 927 1 82 6913 1728 0
J N 8 954 21 8 1 0 3 201 202 200
K 0 -14 42
K 25 -14 44
K 0 0 42
K 25 0 44
K 0 -14 60
K 0 0 60
K 0 21 60
A D 6 8 1
A P 1 215 1
A P 2 203 1
H 200 T 21 0 0 0 0 0 11 0
J B 671 1077 1 82 6913 1728 0
J N 7 1100 21 6 1 0 3 203 201 202
K 0 -14 43
K 0 0 43
K 0 -14 60
K 0 0 60
K 0 21 60
A D 2 8 0
A P 1 215 0
A P 2 203 0
H 201 T 7 0 0 0 0 0 1 0
H 202 T 21 0 0 0 0 0 11 0
J N 7 1141 14 6 2305 576 0
K 0 -14 43
K 0 0 43
K 0 -14 60
K 0 0 60
K 0 21 60
A D 2 8 0
A P 1 220 0
A P 2 209 0
J N 7 1179 7 6 4609 576 1 203
K 0 -14 43
K 0 0 43
K 0 -14 60
K 0 0 60
K 0 21 60
A D 2 8 0
A P 1 226 0
A P 2 215 0
H 203 S 0 0 -14 0 -14 0 0 0 0
J M 0 1215 0 0 6913 576 1 197
H 197 D 152 0 93 0 31
J B 672 1219 1 82 6913 0 0
J N 7 1243 42 9 1 0 0
K 0 -49 43
K 0 0 43
K 0 -66 96
K 0 58 110
K 0 -49 60
K 0 -21 60
K 0 0 60
K 0 14 60
A D 2 8 0
A P 1 226 0
A P 2 186 0
J N 7 1281 56 8 2305 576 0
K 0 -49 43
K 0 0 43
K 0 -66 96
K 0 -49 60
K 0 -21 60
K 0 0 60
K 0 14 60
A D 2 8 0
A P 1 215 0
A P 2 175 0
J N 7 1319 35 11 4609 576 0
K 0 -49 45
K 0 -49 43
K -1 -49 45
K 2 -49 45
K 0 0 43
K 0 -66 96
K 0 -49 60
K 0 -21 60
K 0 0 60
K 0 14 60
A D 2 8 0
A P 1 232 0
A P 2 192 0
J B 673 1359 1 82 6913 576 0
J N 7 1380 49 8 1 0 0
K 0 -49 43
K 0 0 43
K 0 60 110
K 0 -49 60
K 0 -21 60
K 0 0 60
K 0 14 60
A D 2 8 0
A P 1 220 0
A P 2 180 0
J N 7 1421 14 7 2305 576 0
K 0 0 43
K 0 49 43
K 0 49 59
K 0 21 59
K 0 0 59
K 0 -14 59
A D 2 8 0
A P 1 209 0
A P 2 169 0
J N 7 1462 42 7 4609 576 0
K 0 -49 43
K 0 0 43
K 0 -49 60
K 0 -21 60
K 0 0 60
K 0 14 60
A D 2 8 0
A P 1 226 0
A P 2 186 0
J B 674 1501 1 82 6913 576 0
J N 7 1522 7 8 1 0 0
K 0 0 43
K 0 49 43
K 0 85 110
K 0 49 59
K 0 21 59
K 0 0 59
K 0 -14 59
A D 2 8 0
A P 1 215 0
A P 2 175 0
J R 7 1559 28 2 2305 576 0
K 0 0 48
A D 2 8 1
A P 1 0 1
J R 7 1596 28 2 4609 576 0
K 0 0 48
A D 2 8 0
A P 1 0 0
J B 675 1635 1 82 6913 576 0
J R 9 1689 28 2 1 10000 0
K 0 0 46
A D 6 8 0
A P 3 0 0
J B 676 1772 1 82 6913 1728 0
J N 7 1797 42 8 1 0 0
K 0 -49 43
K 0 0 43
K 0 58 110
K 0 -49 60
K 0 -21 60
K 0 0 60
K 0 14 60
A D 2 8 0
A P 1 226 0
A P 2 186 0
J N 7 1834 7 7 2305 576 0
K 0 0 43
K 0 49 43
K 0 49 59
K 0 21 59
K 0 0 59
K 0 -14 59
A D 2 8 0
A P 1 215 0
A P 2 175 0
J N 7 1871 35 10 4609 576 0
K 0 -49 45
K 0 -49 43
K -1 -49 45
K 2 -49 45
K 0 0 43
K 0 -49 60
K 0 -21 60
K 0 0 60
K 0 14 60
A D 2 8 0
A P 1 232 0
A P 2 192 0
J B 677 1910 1 82 6913 576 0
J N 7 1931 49 8 1 0 0
K 0 -49 43
K 0 0 43
K 0 60 110
K 0 -49 60
K 0 -21 60
K 0 0 60
K 0 14 60
A D 2 8 0
A P 1 220 0
A P 2 180 0
J N 7 1971 14 7 2305 576 0
K 0 0 43
K 0 49 43
K 0 49 59
K 0 21 59
K 0 0 59
K 0 -14 59
A D 2 8 0
A P 1 209 0
A P 2 169 0
J N 7 2011 42 7 4609 576 0
K 0 -49 43
K 0 0 43
K 0 -49 60
K 0 -21 60
K 0 0 60
K 0 14 60
A D 2 8 0
A P 1 226 0
A P 2 186 0
J B 678 2050 1 82 6913 576 0
E *
L 264 0 -98 313 313 * 0 14 0
J D 0 -110 42 1 6913 0 0
W 0 -21 31 Cl 1-2
J D 0 -110 42 1 6913 0 0
W 0 21 31 (C)
J C 4 5 42 2 6913 0 0
K 0 0 33
K 0 0 34
J K -1 57 0 1 6913 0 0
K 0 28 65
J D 0 38 -14 1 6913 0 0
W 0 0 0 \06\06\04
J R 9 146 28 2 1 10000 0
K 0 0 46
A D 6 8 0
A P 3 0 0
J B 665 229 1 82 6913 1728 0
J R 9 283 28 2 1 10000 0
K 0 0 46
A D 6 8 0
A P 3 0 0
J B 666 366 1 82 6913 1728 0
J R 9 423 28 2 1 10000 0
K 0 0 46
A D 6 8 0
A P 3 0 0
J B 667 508 1 82 6913 1728 0
J R 9 564 28 2 1 10000 0
K 0 0 46
A D 6 8 0
A P 3 0 0
J B 668 648 1 82 6913 1728 0
J D 0 658 0 1 1 0 0
W 0 -35 32 zu 2
J D 0 672 0 1 1 0 1 227
W 0 109 1 p!36| cresc.
J N 7 672 42 4 1 0 1 228
K 0 0 43
K 0 0 59
K 0 -21 59
A D 2 8 0
A P 3 186 0
J N 7 710 70 7 2305 576 0
K 1 0 45
K 0 0 43
K -1 0 45
K 2 0 45
K 0 0 59
K 0 -21 59
A D 2 8 0
A P 3 163 0
J N 7 748 63 4 4609 576 0
K 0 0 43
K 0 0 59
K 0 -21 59
A D 2 8 0
A P 3 169 0
J B 669 788 1 82 6913 576 0
J N 7 811 56 4 1 0 0
K 0 0 43
K 0 0 59
K 0 -21 59
A D 2 8 0
A P 3 175 0
J N 7 849 49 4 2305 576 0
K 0 0 43
K 0 0 59
K 0 -21 59
A D 2 8 0
A P 3 180 0
J N 7 887 42 4 4609 576 0
K 0 0 43
K 0 0 59
K 0 -21 59
A D 2 8 0
A P 3 186 0
J B 670 927 1 82 6913 576 0
J N 7 954 49 5 1 0 0
K -18 0 63
K 0 0 43
K 0 0 59
K 0 -21 59
A D 2 8 0
A P 3 181 0
J N 7 992 42 4 2305 576 0
K 0 0 43
K 0 0 59
K 0 -21 59
A D 2 8 0
A P 3 186 0
J N 7 1037 35 4 4609 576 0
K 0 0 43
K 0 0 59
K 0 -21 59
A D 2 8 0
A P 3 192 0
J B 671 1077 1 82 6913 576 0
J N 7 1100 42 5 1 0 0
K 0 0 43
K 0 0 43
K 0 0 59
K 0 -21 59
A D 2 8 0
A P 1 186 0
A P 2 186 0
J N 7 1141 28 7 2305 576 0
K -14 0 64
K 0 -14 43
K 0 0 43
K 0 -14 60
K 0 0 60
K 0 21 60
A D 2 8 0
A P 1 209 0
A P 2 198 0
J N 7 1179 21 6 4609 576 1 228
K 0 0 43
K 0 21 43
K 0 21 59
K 0 0 59
K 0 -14 59
A D 2 8 0
A P 1 203 0
A P 2 186 0
H 228 S 0 6 -42 6 -35 0 0 0 0
J M 0 1215 0 0 6913 576 1 227
H 227 D 152 0 109 0 31
J B 672 1219 1 82 6913 0 0
J N 7 1243 42 13 1 0 0
K 1 28 45
K 1 42 45
K 0 0 43
K 0 49 43
K 0 42 45
K 1 42 45
K 0 66 96
K 7 93 110
K 0 49 59
K 0 21 59
K 0 0 59
K 0 -21 59
A D 2 8 0
A P 1 186 0
A P 2 146 0
J N 7 1281 7 8 2305 576 0
K 0 0 43
K 0 49 43
K 0 66 96
K 0 49 59
K 0 21 59
K 0 0 59
K 0 -14 59
A D 2 8 0
A P 1 215 0
A P 2 175 0
J N 7 1319 35 7 4609 576 0
K 0 0 43
K 0 14 43
K 0 31 96
K 0 14 59
K 0 0 59
K 0 -21 59
A D 2 8 0
A P 1 192 0
A P 2 180 0
J B 673 1359 1 82 6913 576 0
J N 7 1380 49 8 1 0 0
K 0 -49 43
K 0 0 43
K 0 60 110
K 0 -49 60
K 0 -21 60
K 0 0 60
K 0 14 60
A D 2 8 0
A P 1 220 0
A P 2 180 0
J N 7 1421 42 6 2305 576 0
K 0 -28 43
K 0 0 43
K 0 -28 60
K 0 0 60
K 0 14 60
A D 2 8 0
A P 1 209 0
A P 2 186 0
J N 7 1462 28 7 4609 576 0
K -14 0 64
K 0 -14 43
K 0 0 43
K 0 -14 60
K 0 0 60
K 0 21 60
A D 2 8 0
A P 1 209 0
A P 2 198 0
J B 674 1501 1 82 6913 576 0
J N 7 1522 21 7 1 0 0
K 0 -14 43
K 0 0 43
K 0 71 110
K 0 -14 60
K 0 0 60
K 0 21 60
A D 2 8 0
A P 1 215 0
A P 2 203 0
J R 7 1559 28 2 2305 576 0
K 0 0 48
A D 2 8 1
A P 1 0 1
J R 7 1596 28 2 4609 576 0
K 0 0 48
A D 2 8 0
A P 1 0 0
J B 675 1635 1 82 6913 576 0
J R 9 1689 28 2 1 10000 0
K 0 0 46
A D 6 8 0
A P 3 0 0
J B 676 1772 1 82 6913 1728 0
J N 7 1797 42 7 1 0 0
K 0 0 43
K 0 14 43
K 0 50 110
K 0 14 59
K 0 0 59
K 0 -21 59
A D 2 8 0
A P 1 186 0
A P 2 175 0
J N 7 1834 7 7 2305 576 0
K 0 0 43
K 0 49 43
K 0 49 59
K 0 21 59
K 0 0 59
K 0 -14 59
A D 2 8 0
A P 1 215 0
A P 2 175 0
J N 7 1871 35 6 4609 576 0
K 0 0 43
K 0 14 43
K 0 14 59
K 0 0 59
K 0 -21 59
A D 2 8 0
A P 1 192 0
A P 2 180 0
J B 677 1910 1 82 6913 576 0
J N 7 1931 49 8 1 0 0
K 0 -49 43
K 0 0 43
K 0 60 110
K 0 -49 60
K 0 -21 60
K 0 0 60
K 0 14 60
A D 2 8 0
A P 1 220 0
A P 2 180 0
J N 7 1971 42 6 2305 576 0
K 0 -28 43
K 0 0 43
K 0 -28 60
K 0 0 60
K 0 14 60
A D 2 8 0
A P 1 209 0
A P 2 186 0
J N 7 2011 28 7 4609 576 0
K -14 0 64
K 0 -14 43
K 0 0 43
K 0 -14 60
K 0 0 60
K 0 21 60
A D 2 8 0
A P 1 209 0
A P 2 198 0
J B 678 2050 1 82 6913 576 0
E *
L 396 0 -98 313 313 * 0 14 0
J D 0 -130 42 1 6913 0 0
W 0 0 31 Fag 1-2
J C 22 5 14 36 6913 0 0
J K -1 57 0 1 6913 0 0
K 0 42 65
J D 0 38 -14 1 6913 0 0
W 0 0 0 \06\06\04
J N 8 113 35 5 1 0 3 188 186 187
K 0 0 42
K 25 0 44
K 0 0 59
K 0 -21 59
A D 6 8 1
A P 1 123 1
J M 0 61 0 0 6913 0 1 186
H 186 T 35 0 0 0 0 0 9 0
J B 665 229 1 82 6913 1728 0
J N 8 250 35 5 1 0 2 189 188
K 0 0 42
K 25 0 44
K 0 0 59
K 0 -21 59
A D 6 8 1
A P 1 123 1
H 188 T 35 0 0 0 0 0 9 0
J B 666 366 1 82 6913 1728 0
J M 0 389 0 0 1 0 1 187
H 187 W 0 21 7 98 21 98
J N 8 389 35 5 1 0 3 191 189 190
K 0 0 42
K 25 0 44
K 0 0 59
K 0 -21 59
A D 6 8 1
A P 1 123 1
H 189 T 35 0 0 0 0 0 9 0
J B 667 508 1 82 6913 1728 0
J N 8 529 35 5 1 0 1 191
K 0 0 42
K 25 0 44
K 0 0 59
K 0 -21 59
A D 6 8 0
A P 1 123 0
H 191 T 35 0 0 0 0 0 9 0
J M 0 644 0 0 6913 1728 1 190
H 190 W 21 0 49 98 -14 98
J B 668 648 1 82 6913 0 0
J D 0 669 0 1 1 0 1 192
W 0 127 1 p!36| cresc.
J N 7 672 7 4 1 0 1 193
K 0 0 43
K 0 0 59
K 0 -14 59
A D 2 8 0
A P 1 146 0
J N 8 672 42 6 1 0 2 194 195
K -15 0 65
K 0 0 42
K 24 6 44
K 0 0 60
K 0 14 60
A D 6 8 1
A P 2 117 1
J N 7 710 35 4 2305 576 0
K 0 0 43
K 0 0 59
K 0 -21 59
A D 2 8 0
A P 1 123 0
J N 7 748 28 4 4609 576 0
K 0 0 43
K 0 0 59
K 0 -14 59
A D 2 8 0
A P 1 129 0
J B 669 788 1 82 6913 576 0
J N 7 811 21 4 1 0 0
K 0 0 43
K 0 0 59
K 0 -14 59
A D 2 8 0
A P 1 135 0
J N 7 811 42 4 1 0 1 194
K 0 0 43
K 0 0 60
K 0 14 60
A D 2 8 0
A P 2 117 0
H 194 T 42 0 0 0 0 0 15 0
J N 7 849 14 4 2305 576 0
K 0 0 43
K 0 0 59
K 0 -14 59
A D 2 8 0
A P 1 140 0
J N 7 849 49 4 2305 0 0
K 0 0 43
K 0 0 60
K 0 14 60
A D 2 8 0
A P 2 112 0
J N 7 887 7 4 4609 576 0
K 0 0 43
K 0 0 59
K 0 -14 59
A D 2 8 0
A P 1 146 0
J N 7 887 56 4 4609 0 0
K 0 0 43
K 0 0 60
K 0 14 60
A D 2 8 0
A P 2 106 0
J B 670 927 1 82 6913 576 0
J N 7 954 14 5 1 0 0
K -18 0 63
K 0 0 43
K 0 0 59
K 0 -14 59
A D 2 8 0
A P 1 141 0
J N 7 954 49 4 1 0 0
K 0 0 43
K 0 0 60
K 0 14 60
A D 2 8 0
A P 2 112 0
J N 7 992 7 4 2305 576 0
K 0 0 43
K 0 0 59
K 0 -14 59
A D 2 8 0
A P 1 146 0
J N 7 992 56 4 2305 0 0
K 0 0 43
K 0 0 60
K 0 14 60
A D 2 8 0
A P 2 106 0
J N 7 1037 0 4 4609 576 0
K 0 0 43
K 0 0 59
K 0 -14 59
A D 2 8 0
A P 1 152 0
J N 7 1037 63 5 4609 0 0
K -18 0 63
K 0 0 43
K 0 0 60
K 0 14 60
A D 2 8 0
A P 2 101 0
J B 671 1077 1 82 6913 576 0
J N 7 1100 7 4 1 0 0
K 0 0 43
K 0 0 59
K 0 -14 59
A D 2 8 0
A P 1 146 0
J N 7 1100 56 4 1 0 0
K 0 0 43
K 0 0 60
K 0 14 60
A D 2 8 0
A P 2 106 0
J N 7 1141 14 5 2305 576 0
K -14 0 64
K 0 0 43
K 0 0 59
K 0 -14 59
A D 2 8 0
A P 1 140 0
J N 7 1141 63 5 2305 0 0
K -14 0 64
K 0 0 43
K 0 0 60
K 0 14 60
A D 2 8 0
A P 2 100 0
J N 7 1179 21 4 4609 576 1 193
K 0 0 43
K 0 0 59
K 0 -14 59
A D 2 8 0
A P 1 135 0
H 193 S 0 6 -35 6 -42 0 0 0 0
J N 7 1179 70 7 4609 0 1 195
K 0 0 45
K 0 0 43
K -1 0 45
K 2 0 45
K 0 0 60
K 0 7 60
A D 2 8 0
A P 2 95 0
H 195 S 12 -6 35 -6 28 0 0 -5 -13
J M 0 1215 0 0 6913 576 1 192
H 192 D 152 0 134 0 31
J B 672 1219 1 82 6913 0 0
J N 7 1243 21 12 1 0 0
K 1 49 45
K 0 0 43
K 0 49 43
K -1 49 45
K 2 49 45
K 0 66 96
K 0 96 110
K 0 49 59
K 0 21 59
K 0 0 59
K 0 -14 59
A D 2 8 0
A P 1 135 0
A P 2 95 0
J N 7 1281 35 12 2305 576 0
K 1 35 45
K 1 49 45
K 0 0 43
K 0 49 43
K -1 49 45
K 2 49 45
K 0 66 96
K 0 49 59
K 0 21 59
K 0 0 59
K 0 -21 59
A D 2 8 0
A P 1 123 0
A P 2 83 0
J N 7 1319 14 8 4609 576 0
K 0 0 43
K 0 49 43
K 0 66 96
K 0 49 59
K 0 21 59
K 0 0 59
K 0 -14 59
A D 2 8 0
A P 1 140 0
A P 2 100 0
J B 673 1359 1 82 6913 576 0
J N 7 1380 28 11 1 0 0
K 1 42 45
K 0 0 43
K 0 49 43
K 0 42 45
K 1 42 45
K 0 85 110
K 0 49 59
K 0 21 59
K 0 0 59
K 0 -14 59
A D 2 8 0
A P 1 129 0
A P 2 89 0
J N 7 1421 42 9 2305 576 0
K -14 -49 64
K -14 0 64
K 0 -49 43
K 0 0 43
K 0 -49 60
K 0 -21 60
K 0 0 60
K 0 14 60
A D 2 8 0
A P 1 158 0
A P 2 118 0
J N 7 1462 7 7 4609 576 0
K 0 0 43
K 0 49 43
K 0 49 59
K 0 21 59
K 0 0 59
K 0 -14 59
A D 2 8 0
A P 1 146 0
A P 2 106 0
J B 674 1501 1 82 6913 576 0
J N 7 1522 7 8 1 0 0
K 0 0 43
K 0 49 43
K 0 85 110
K 0 49 59
K 0 21 59
K 0 0 59
K 0 -14 59
A D 2 8 0
A P 1 146 0
A P 2 106 0
J R 7 1559 28 2 2305 576 0
K 0 0 48
A D 2 8 1
A P 1 0 1
J R 7 1596 28 2 4609 576 0
K 0 0 48
A D 2 8 0
A P 1 0 0
J B 675 1635 1 82 6913 576 0
J R 9 1689 28 2 1 10000 0
K 0 0 46
A D 6 8 0
A P 3 0 0
J B 676 1772 1 82 6913 1728 0
J N 7 1797 35 12 1 0 0
K 1 35 45
K 1 49 45
K 0 0 43
K 0 49 43
K -1 49 45
K 2 49 45
K 0 85 110
K 0 49 59
K 0 21 59
K 0 0 59
K 0 -21 59
A D 2 8 0
A P 1 123 0
A P 2 83 0
J N 7 1834 35 11 2305 576 0
K 1 35 45
K 1 49 45
K 0 0 43
K 0 49 43
K -1 49 45
K 2 49 45
K 0 49 59
K 0 21 59
K 0 0 59
K 0 -21 59
A D 2 8 0
A P 1 123 0
A P 2 83 0
J N 7 1871 14 7 4609 576 0
K 0 0 43
K 0 49 43
K 0 49 59
K 0 21 59
K 0 0 59
K 0 -14 59
A D 2 8 0
A P 1 140 0
A P 2 100 0
J B 677 1910 1 82 6913 576 0
J N 7 1931 28 11 1 0 0
K 1 42 45
K 0 0 43
K 0 49 43
K 0 42 45
K 1 42 45
K 0 85 110
K 0 49 59
K 0 21 59
K 0 0 59
K 0 -14 59
A D 2 8 0
A P 1 129 0
A P 2 89 0
J N 7 1971 42 9 2305 576 0
K -14 -49 64
K -14 0 64
K 0 -49 43
K 0 0 43
K 0 -49 60
K 0 -21 60
K 0 0 60
K 0 14 60
A D 2 8 0
A P 1 158 0
A P 2 118 0
J N 7 2011 7 7 4609 576 0
K 0 0 43
K 0 49 43
K 0 49 59
K 0 21 59
K 0 0 59
K 0 -14 59
A D 2 8 0
A P 1 146 0
A P 2 106 0
J B 678 2050 1 82 6913 576 0
E *
L 551 0 -98 313 313 * 0 14 0
J D 0 -130 42 1 6913 0 0
W 0 -21 31 Cor 1-2
J D 0 -130 42 1 6913 0 0
W 0 21 31 (D)
J C 4 5 42 2 6913 0 0
K 0 0 33
K 0 0 34
J K 0 57 0 0 6913 0 0
J D 0 38 -14 1 6913 0 0
W 0 0 0 \06\06\04
J R 9 146 28 2 1 10000 0
K 0 0 46
A D 6 8 0
A P 3 0 0
J B 665 229 1 82 6913 1728 0
J R 9 283 28 2 1 10000 0
K 0 0 46
A D 6 8 0
A P 3 0 0
J B 666 366 1 82 6913 1728 0
J R 9 423 28 2 1 10000 0
K 0 0 46
A D 6 8 0
A P 3 0 0
J B 667 508 1 82 6913 1728 0
J R 9 564 28 2 1 10000 0
K 0 0 46
A D 6 8 0
A P 3 0 0
J B 668 648 1 82 6913 1728 0
J D 0 658 0 1 1 0 0
W 0 -21 32 zu 2
J D 0 672 0 1 1 0 1 206
W 0 100 1 p!36| cresc.
J N 8 672 28 5 1 0 1 207
K -15 0 65
K 0 0 42
K 0 0 60
K 0 21 60
A D 6 8 1
A P 3 197 1
J B 669 788 1 82 6913 1728 0
J N 8 811 28 5 1 0 2 208 207
k -15 0 65
K 0 0 42
K 0 0 60
K 0 21 60
A D 6 8 1
A P 3 197 1
H 207 T 28 0 0 0 0 0 5 0
J B 670 927 1 82 6913 1728 0
J N 8 954 28 5 1 0 2 209 208
k -15 0 65
K 0 0 42
K 0 0 60
K 0 21 60
A D 6 8 1
A P 3 197 1
H 208 T 28 0 0 0 0 0 5 0
J B 671 1077 1 82 6913 1728 0
J N 8 1100 28 5 1 0 1 209
k -15 0 65
K 0 0 42
K 0 0 60
K 0 21 60
A D 6 8 0
A P 3 197 0
H 209 T 28 0 0 0 0 0 5 0
J M 0 1215 0 0 6913 1728 1 206
H 206 D 152 0 100 0 31
J B 672 1219 1 82 6913 0 0
J N 7 1243 28 6 1 0 0
K -15 0 65
K 0 0 43
K 0 67 110
K 0 0 60
K 0 21 60
A D 2 8 0
A P 3 197 0
J N 7 1281 28 4 2305 576 0
K 0 0 43
K 0 0 60
K 0 21 60
A D 2 8 0
A P 3 197 0
J N 7 1319 28 4 4609 576 0
K 0 0 43
K 0 0 60
K 0 21 60
A D 2 8 0
A P 3 197 0
J B 673 1359 1 82 6913 576 0
J N 7 1380 21 11 1 0 0
K 1 49 45
K 0 0 43
K 0 49 43
K -1 49 45
K 2 49 45
K 0 85 110
K 0 49 59
K 0 21 59
K 0 0 59
K 0 -14 59
A D 2 8 0
A P 1 203 0
A P 2 163 0
J N 7 1421 21 10 2305 576 0
K 1 49 45
K 0 0 43
K 0 49 43
K -1 49 45
K 2 49 45
K 0 49 59
K 0 21 59
K 0 0 59
K 0 -14 59
A D 2 8 0
A P 1 203 0
A P 2 163 0
J N 7 1462 21 10 4609 576 0
K 1 49 45
K 0 0 43
K 0 49 43
K -1 49 45
K 2 49 45
K 0 49 59
K 0 21 59
K 0 0 59
K 0 -14 59
A D 2 8 0
A P 1 203 0
A P 2 163 0
J B 674 1501 1 82 6913 576 0
J D 0 1508 0 1 1 0 0
W 0 -21 32 zu 2
J N 7 1522 14 5 1 0 0
K 0 0 43
K 0 74 110
K 0 0 60
K 0 21 60
A D 2 8 0
A P 3 209 0
J N 7 1559 0 4 2305 576 0
K 0 0 43
K 0 0 60
K 0 21 60
A D 2 8 0
A P 3 220 0
J N 7 1596 -7 4 4609 576 0
K 0 0 43
K 0 0 60
K 0 21 60
A D 2 8 0
A P 3 226 0
J B 675 1635 1 82 6913 576 0
J N 7 1656 -7 5 1 0 0
K 0 0 43
K 0 95 110
K 0 0 60
K 0 21 60
A D 2 8 0
A P 3 226 0
J N 7 1696 0 4 2305 576 0
K 0 0 43
K 0 0 60
K 0 21 60
A D 2 8 0
A P 3 220 0
J N 7 1733 0 4 4609 576 0
K 0 0 43
K 0 0 60
K 0 21 60
A D 2 8 0
A P 3 220 0
J B 676 1772 1 82 6913 576 0
J N 7 1797 0 4 1 0 0
K 0 0 43
K 0 0 60
K 0 21 60
A D 2 8 0
A P 3 220 0
J R 7 1834 28 2 2305 576 0
K 0 0 48
A D 2 8 1
A P 3 0 1
J R 7 1871 28 2 4609 576 0
K 0 0 48
A D 2 8 0
A P 3 0 0
J B 677 1910 1 82 6913 576 0
J R 9 1966 28 2 1 10000 0
K 0 0 46
A D 6 8 0
A P 3 0 0
J B 678 2050 1 82 6913 1728 0
E *
L 691 0 -98 313 313 * 0 14 0
J D 0 -130 42 1 6913 0 0
W 0 -21 31 Cor 3-4
J D 0 -130 42 1 6913 0 0
W 0 21 31 (B\0.)
J C 4 5 42 2 6913 0 0
K 0 0 33
K 0 0 34
J K 0 57 0 0 6913 0 0
J D 0 38 -14 1 6913 0 0
W 0 0 0 \06\06\04
J N 8 113 14 5 1 0 3 100 98 99
K 0 0 42
K 24 -6 44
K 0 0 60
K 0 21 60
A D 6 8 1
A P 3 209 1
J M 0 61 0 0 6913 0 1 98
H 98 T 14 0 0 0 0 0 5 0
J B 665 229 1 82 6913 1728 0
J N 8 250 14 5 1 0 2 101 100
K 0 0 42
K 24 -6 44
K 0 0 60
K 0 21 60
A D 6 8 1
A P 3 209 1
H 100 T 14 0 0 0 0 0 5 0
J B 666 366 1 82 6913 1728 0
J M 0 389 0 0 1 0 1 99
H 99 W 0 21 7 98 21 98
J N 8 389 14 5 1 0 3 103 101 102
K 0 0 42
K 24 -6 44
K 0 0 60
K 0 21 60
A D 6 8 1
A P 3 209 1
H 101 T 14 0 0 0 0 0 5 0
J B 667 508 1 82 6913 1728 0
J N 8 529 14 5 1 0 1 103
K 0 0 42
K 24 -6 44
K 0 0 60
K 0 21 60
A D 6 8 0
A P 3 209 0
H 103 T 14 0 0 0 0 0 5 0
J M 0 644 0 0 6913 1728 1 102
H 102 W 21 0 49 98 -7 98
J B 668 648 1 82 6913 0 0
J R 9 704 28 2 1 10000 0
K 0 0 46
A D 6 8 0
A P 3 0 0
J B 669 788 1 82 6913 1728 0
J R 9 843 28 2 1 10000 0
K 0 0 46
A D 6 8 0
A P 3 0 0
J B 670 927 1 82 6913 1728 0
J R 9 988 28 2 1 10000 0
K 0 0 46
A D 6 8 0
A P 3 0 0
J B 671 1077 1 82 6913 1728 0
J R 9 1134 28 2 1 10000 0
K 0 0 46
A D 6 8 0
A P 3 0 0
J B 672 1219 1 82 6913 1728 0
J N 7 1243 14 5 1 0 0
K 0 0 43
K 0 74 110
K 0 0 59
K 0 -14 59
A D 2 8 0
A P 1 209 0
J N 7 1243 14 4 1 0 0
K 0 0 43
K 0 0 60
K 0 21 60
A D 2 8 0
A P 2 209 0
J N 7 1281 14 4 2305 576 0
K 0 0 43
K 0 0 59
K 0 -14 59
A D 2 8 0
A P 1 209 0
J N 7 1281 14 4 2305 0 0
K 0 0 43
K 0 0 60
K 0 21 60
A D 2 8 0
A P 2 209 0
J N 7 1319 14 4 4609 576 0
K 0 0 43
K 0 0 59
K 0 -14 59
A D 2 8 0
A P 1 209 0
J N 7 1319 14 4 4609 0 0
K 0 0 43
K 0 0 60
K 0 21 60
A D 2 8 0
A P 2 209 0
J B 673 1359 1 82 6913 576 0
J N 7 1380 7 8 1 0 0
K 0 0 43
K 0 49 43
K 0 85 110
K 0 49 59
K 0 21 59
K 0 0 59
K 0 -14 59
A D 2 8 0
A P 1 215 0
A P 2 175 0
J N 7 1421 7 7 2305 576 0
K 0 0 43
K 0 49 43
K 0 49 59
K 0 21 59
K 0 0 59
K 0 -14 59
A D 2 8 0
A P 1 215 0
A P 2 175 0
J N 7 1462 7 7 4609 576 0
K 0 0 43
K 0 49 43
K 0 49 59
K 0 21 59
K 0 0 59
K 0 -14 59
A D 2 8 0
A P 1 215 0
A P 2 175 0
J B 674 1501 1 82 6913 576 0
J N 7 1522 14 5 1 0 0
K 0 0 43
K 0 74 110
K 0 0 59
K 0 -14 59
A D 2 8 0
A P 1 209 0
J N 7 1522 14 4 1 0 0
K 0 0 43
K 0 0 60
K 0 21 60
A D 2 8 0
A P 2 209 0
J R 7 1559 28 2 2305 576 0
K 0 0 48
A D 2 8 1
A P 1 0 1
J R 7 1596 28 2 4609 576 0
K 0 0 48
A D 2 8 0
A P 1 0 0
J B 675 1635 1 82 6913 576 0
J R 9 1689 28 2 1 10000 0
K 0 0 46
A D 6 8 0
A P 3 0 0
J B 676 1772 1 82 6913 1728 0
J N 7 1797 14 5 1 0 0
K 0 0 43
K 0 74 110
K 0 0 59
K 0 -14 59
A D 2 8 0
A P 1 209 0
J N 7 1797 14 4 1 0 0
K 0 0 43
K 0 0 60
K 0 21 60
A D 2 8 0
A P 2 209 0
J N 7 1834 14 4 2305 576 0
K 0 0 43
K 0 0 59
K 0 -14 59
A D 2 8 0
A P 1 209 0
J N 7 1834 14 4 2305 0 0
K 0 0 43
K 0 0 60
K 0 21 60
A D 2 8 0
A P 2 209 0
J N 7 1871 14 4 4609 576 0
K 0 0 43
K 0 0 59
K 0 -14 59
A D 2 8 0
A P 1 209 0
J N 7 1871 14 4 4609 0 0
K 0 0 43
K 0 0 60
K 0 21 60
A D 2 8 0
A P 2 209 0
J B 677 1910 1 82 6913 576 0
J N 7 1931 7 8 1 0 0
K 0 0 43
K 0 49 43
K 0 85 110
K 0 49 59
K 0 21 59
K 0 0 59
K 0 -14 59
A D 2 8 0
A P 1 215 0
A P 2 175 0
J N 7 1971 7 7 2305 576 0
K 0 0 43
K 0 49 43
K 0 49 59
K 0 21 59
K 0 0 59
K 0 -14 59
A D 2 8 0
A P 1 215 0
A P 2 175 0
J N 7 2011 7 7 4609 576 0
K 0 0 43
K 0 49 43
K 0 49 59
K 0 21 59
K 0 0 59
K 0 -14 59
A D 2 8 0
A P 1 215 0
A P 2 175 0
J B 678 2050 1 82 6913 576 0
E *
L 836 0 -98 313 313 * 0 14 0
J D 0 -111 42 1 6913 0 0
W 0 -21 31 Tr 1-2
J D 0 -111 42 1 6913 0 0
W 0 21 31 (D)
J C 4 5 42 2 6913 0 0
K 0 0 33
K 0 0 34
J K 0 57 0 0 6913 0 0
J D 0 38 -14 1 6913 0 0
W 0 0 0 \06\06\04
J R 9 146 28 2 1 10000 0
K 0 0 46
A D 6 8 0
A P 3 0 0
J B 665 229 1 82 6913 1728 0
J R 9 283 28 2 1 10000 0
K 0 0 46
A D 6 8 0
A P 3 0 0
J B 666 366 1 82 6913 1728 0
J R 9 423 28 2 1 10000 0
K 0 0 46
A D 6 8 0
A P 3 0 0
J B 667 508 1 82 6913 1728 0
J R 9 564 28 2 1 10000 0
K 0 0 46
A D 6 8 0
A P 3 0 0
J B 668 648 1 82 6913 1728 0
J R 9 704 28 2 1 10000 0
K 0 0 46
A D 6 8 0
A P 3 0 0
J B 669 788 1 82 6913 1728 0
J R 9 843 28 2 1 10000 0
K 0 0 46
A D 6 8 0
A P 3 0 0
J B 670 927 1 82 6913 1728 0
J R 9 988 28 2 1 10000 0
K 0 0 46
A D 6 8 0
A P 3 0 0
J B 671 1077 1 82 6913 1728 0
J R 9 1134 28 2 1 10000 0
K 0 0 46
A D 6 8 0
A P 3 0 0
J B 672 1219 1 82 6913 1728 0
J R 9 1275 28 2 1 10000 0
K 0 0 46
A D 6 8 0
A P 3 0 0
J B 673 1359 1 82 6913 1728 0
J R 9 1416 28 2 1 10000 0
K 0 0 46
A D 6 8 0
A P 3 0 0
J B 674 1501 1 82 6913 1728 0
J R 9 1554 28 2 1 10000 0
K 0 0 46
A D 6 8 0
A P 3 0 0
J B 675 1635 1 82 6913 1728 0
J R 9 1689 28 2 1 10000 0
K 0 0 46
A D 6 8 0
A P 3 0 0
J B 676 1772 1 82 6913 1728 0
J N 7 1797 28 6 1 0 0
K -15 0 65
K 0 0 43
K 0 68 110
K 0 0 59
K 0 -14 59
A D 2 8 0
A P 1 197 0
J N 7 1797 28 4 1 0 0
K 0 0 43
K 0 0 60
K 0 21 60
A D 2 8 0
A P 2 197 0
J R 7 1834 28 2 2305 576 0
K 0 0 48
A D 2 8 1
A P 1 0 1
J R 7 1871 28 2 4609 576 0
K 0 0 48
A D 2 8 0
A P 1 0 0
J B 677 1910 1 82 6913 576 0
J R 9 1966 28 2 1 10000 0
K 0 0 46
A D 6 8 0
A P 3 0 0
J B 678 2050 1 82 6913 1728 0
E *
L 981 0 -98 313 313 * 0 14 0
J D 0 -134 42 1 6913 0 0
W 0 -21 31 Timp.
J D 0 -134 42 1 6913 0 0
W 0 21 31 (F3-F2)
J C 22 5 14 36 6913 0 0
J K 0 57 0 0 6913 0 0
J D 0 38 -14 1 6913 0 0
W 0 0 0 \06\06\04
J R 9 146 28 2 1 10000 0
K 0 0 46
A D 18 24 0
A P 1 0 0
J B 665 229 1 82 6913 1728 0
J R 9 283 28 2 1 10000 0
K 0 0 46
A D 18 24 0
A P 1 0 0
J B 666 366 1 82 6913 1728 0
J R 9 423 28 2 1 10000 0
K 0 0 46
A D 18 24 0
A P 1 0 0
J B 667 508 1 82 6913 1728 0
J R 9 564 28 2 1 10000 0
K 0 0 46
A D 18 24 0
A P 1 0 0
J B 668 648 1 82 6913 1728 0
J R 9 704 28 2 1 10000 0
K 0 0 46
A D 18 24 0
A P 1 0 0
J B 669 788 1 82 6913 1728 0
J R 9 843 28 2 1 10000 0
K 0 0 46
A D 18 24 0
A P 1 0 0
J B 670 927 1 82 6913 1728 0
J R 9 988 28 2 1 10000 0
K 0 0 46
A D 18 24 0
A P 1 0 0
J B 671 1077 1 82 6913 1728 0
J R 9 1134 28 2 1 10000 0
K 0 0 46
A D 18 24 0
A P 1 0 0
J B 672 1219 1 82 6913 1728 0
J R 9 1275 28 2 1 10000 0
K 0 0 46
A D 18 24 0
A P 1 0 0
J B 673 1359 1 82 6913 1728 0
J R 9 1416 28 2 1 10000 0
K 0 0 46
A D 18 24 0
A P 1 0 0
J B 674 1501 1 82 6913 1728 0
J R 9 1554 28 2 1 10000 0
K 0 0 46
A D 18 24 0
A P 1 0 0
J B 675 1635 1 82 6913 1728 0
J R 9 1689 28 2 1 10000 0
K 0 0 46
A D 18 24 0
A P 1 0 0
J B 676 1772 1 82 6913 1728 0
J R 9 1827 28 2 1 10000 0
K 0 0 46
A D 18 24 0
A P 1 0 0
J B 677 1910 1 82 6913 1728 0
J R 9 1966 28 2 1 10000 0
K 0 0 46
A D 18 24 0
A P 1 0 0
J B 678 2050 1 82 6913 1728 0
E *
L 1133 0 -98 313 313 * 0 14 0
J D 0 -119 42 1 6913 0 0
W 0 0 31 Vln 1
J C 4 5 42 2 6913 0 0
K 0 0 33
K 0 0 34
J K -1 57 0 1 6913 0 0
K 0 28 65
J D 0 38 -14 1 6913 0 0
W 0 0 0 \06\06\04
J N 8 113 0 5 1 0 3 112 110 111
K 0 0 42
K 24 -6 44
K 0 0 60
K 0 21 60
A D 6 8 0
A P 1 220 0
J M 0 78 0 0 6913 0 1 110
H 110 S 0 0 4 0 0 0 0 0
J B 665 229 1 82 6913 1728 0
J N 8 250 7 5 1 0 1 112
K 0 0 42
K 25 0 44
K 0 0 60
K 0 21 60
A D 6 8 0
A P 1 215 0
H 112 S 0 0 0 0 0 0 0 0 0
J B 666 366 1 82 6913 1728 0
J M 0 389 0 0 1 0 1 111
H 111 W 0 21 7 98 35 98
J N 8 389 7 5 1 0 2 114 113
K 0 0 42
K 25 0 44
K 0 0 60
K 0 21 60
A D 6 8 1
A P 1 215 1
J B 667 508 1 82 6913 1728 0
J N 7 529 7 4 1 0 2 115 114
K 0 0 43
K 0 0 60
K 0 21 60
A D 2 8 0
A P 1 215 0
H 114 T 7 0 0 0 0 0 1 0
J N 7 570 14 4 2305 576 0
K 0 0 43
K 0 0 60
K 0 21 60
A D 2 8 0
A P 1 209 0
J N 7 608 21 4 4609 576 2 115 113
K 0 0 43
K 0 0 60
K 0 21 60
A D 2 8 0
A P 1 203 0
H 113 W 21 0 63 98 14 98
H 115 S 0 0 0 0 0 0 0 0 0
J B 668 648 1 82 6913 576 0
J R 9 704 28 2 1 10000 0
K 0 0 46
A D 6 8 0
A P 1 0 0
J B 669 788 1 82 6913 1728 0
J R 9 843 28 2 1 10000 0
K 0 0 46
A D 6 8 0
A P 1 0 0
J B 670 927 1 82 6913 1728 0
J R 9 988 28 2 1 10000 0
K 0 0 46
A D 6 8 0
A P 1 0 0
J B 671 1077 1 82 6913 1728 0
J R 9 1134 28 2 1 10000 0
K 0 0 46
A D 6 8 0
A P 1 0 0
J B 672 1219 1 82 6913 1728 0
J R 9 1275 28 2 1 10000 0
K 0 0 46
A D 6 8 0
A P 1 0 0
J B 673 1359 1 82 6913 1728 0
J R 9 1416 28 2 1 10000 0
K 0 0 46
A D 6 8 0
A P 1 0 0
J B 674 1501 1 82 6913 1728 0
J N 7 1522 -42 11 1 0 0
K 0 28 45
K 0 14 45
K 0 0 45
K 0 0 43
K -1 0 45
K 2 0 45
K 0 130 110
K 0 0 60
K 0 28 60
K 0 42 60
A D 2 8 0
A P 1 255 0
J N 7 1559 -28 8 2305 576 0
K 0 14 45
K 0 0 45
K 0 0 43
K -1 0 45
K 2 0 45
K 0 0 60
K 0 28 60
A D 2 8 0
A P 1 243 0
J N 7 1596 -49 10 4609 576 0
K 0 35 45
K 0 21 45
K 0 7 45
K 0 0 43
K 0 7 45
K 1 7 45
K 0 0 60
K 0 28 60
K 0 49 60
A D 2 8 0
A P 1 260 0
J B 675 1635 1 82 6913 576 0
J N 7 1656 -35 10 1 0 0
K 0 21 45
K 0 7 45
K 0 0 43
K 0 7 45
K 1 7 45
K 0 123 110
K 0 0 60
K 0 28 60
K 0 35 60
A D 2 8 0
A P 1 249 0
J N 7 1696 -21 8 2305 576 0
K 0 7 45
K -14 0 64
K 0 0 43
K 0 7 45
K 1 7 45
K 0 0 60
K 0 21 60
A D 2 8 0
A P 1 238 0
J N 7 1733 -42 10 4609 576 0
K 0 28 45
K 0 14 45
K 0 0 45
K 0 0 43
K -1 0 45
K 2 0 45
K 0 0 60
K 0 28 60
K 0 42 60
A D 2 8 0
A P 1 255 0
J B 676 1772 1 82 6913 576 0
J N 7 1797 -28 8 1 0 0
K 0 14 45
K 0 0 45
K 0 0 43
K -1 0 45
K 2 0 45
K 0 0 60
K 0 28 60
A D 2 8 0
A P 1 243 0
J R 7 1834 28 2 2305 576 0
K 0 0 48
A D 2 8 1
A P 1 0 1
J R 7 1871 28 2 4609 576 0
K 0 0 48
A D 2 8 0
A P 1 0 0
J B 677 1910 1 82 6913 576 0
J R 9 1966 28 2 1 10000 0
K 0 0 46
A D 6 8 0
A P 1 0 0
J B 678 2050 1 82 6913 1728 0
E *
L 1265 0 -98 313 313 * 0 14 0
J D 0 -119 42 1 6913 0 0
W 0 0 31 Vln 2
J C 4 5 42 2 6913 0 0
K 0 0 33
K 0 0 34
J K -1 57 0 1 6913 0 0
K 0 28 65
J D 0 38 -14 1 6913 0 0
W 0 0 0 \06\06\04
J N 7 113 49 11 1 0 2 126 127
K 1 21 45
K 1 35 45
K 0 0 43
K 0 42 43
K 0 35 45
K 1 35 45
K 0 42 59
K 0 14 59
K 0 0 59
K 0 -21 59
A D 2 8 0
A P 1 180 0
A P 2 146 0
J M 0 61 0 0 6913 0 1 126
H 126 T 91 0 0 0 0 0 9 0
J N 7 151 56 5 2305 576 0
K 0 0 43
K 0 0 43
K 0 0 59
K 0 -21 59
A D 2 8 0
A P 1 175 0
A P 2 175 0
J N 7 189 49 5 4609 576 0
K 0 0 43
K 0 0 43
K 0 0 59
K 0 -21 59
A D 2 8 0
A P 1 180 0
A P 2 180 0
J B 665 229 1 82 6913 576 0
J N 7 250 42 4 1 0 0
K 0 0 43
K 0 0 59
K 0 -21 59
A D 2 8 0
A P 3 186 0
J N 7 288 70 7 2305 576 0
K 1 0 45
K 0 0 43
K -1 0 45
K 2 0 45
K 0 0 59
K 0 -21 59
A D 2 8 0
A P 3 163 0
J N 7 326 21 4 4609 576 1 128
K 0 0 43
K 0 0 60
K 0 21 60
A D 2 8 1
A P 3 203 1
J B 666 366 1 82 6913 576 0
J N 8 389 21 4 1 0 2 128 127
K 0 0 42
K 0 0 60
K 0 21 60
A D 4 8 0
A P 3 203 0
H 127 W 0 21 14 121 35 121
H 128 T 21 0 0 0 0 0 3 0
J N 7 468 70 7 4609 1152 2 130 129
K 1 0 45
K 0 0 43
K -1 0 45
K 2 0 45
K 0 0 59
K 0 -21 59
A D 2 8 1
A P 3 163 1
J B 667 508 1 82 6913 576 0
J N 7 529 70 7 1 0 1 130
K 1 0 45
K 0 0 43
K -1 0 45
K 2 0 45
K 0 0 59
K 0 -21 59
A D 2 8 0
A P 3 163 0
H 130 T 70 0 0 0 0 0 13 0
J N 7 570 63 4 2305 576 0
K 0 0 43
K 0 0 59
K 0 -21 59
A D 2 8 0
A P 3 169 0
J N 7 608 56 4 4609 576 2 123 129
K 0 0 43
K 0 0 59
K 0 -21 59
A D 2 8 0
A P 3 175 0
H 129 W 21 0 -35 121 14 121
J M 0 99 0 0 6913 0 1 123
H 123 S 0 0 12 6 -49 0 0 0
J B 668 648 1 82 6913 576 0
J R 9 704 28 2 1 10000 0
K 0 0 46
A D 6 8 0
A P 3 0 0
J B 669 788 1 82 6913 1728 0
J R 9 843 28 2 1 10000 0
K 0 0 46
A D 6 8 0
A P 3 0 0
J B 670 927 1 82 6913 1728 0
J R 9 988 28 2 1 10000 0
K 0 0 46
A D 6 8 0
A P 3 0 0
J B 671 1077 1 82 6913 1728 0
J R 9 1134 28 2 1 10000 0
K 0 0 46
A D 6 8 0
A P 3 0 0
J B 672 1219 1 82 6913 1728 0
J R 9 1275 28 2 1 10000 0
K 0 0 46
A D 6 8 0
A P 3 0 0
J B 673 1359 1 82 6913 1728 0
J R 9 1416 28 2 1 10000 0
K 0 0 46
A D 6 8 0
A P 3 0 0
J B 674 1501 1 82 6913 1728 0
J N 7 1522 7 5 1 0 0
K 0 0 43
K 0 81 110
K 0 0 60
K 0 21 60
A D 2 8 0
A P 3 215 0
J N 7 1559 56 4 2305 576 0
K 0 0 43
K 0 0 59
K 0 -21 59
A D 2 8 0
A P 3 175 0
J N 7 1596 -14 7 4609 576 0
K 0 0 45
K 0 0 43
K -1 0 45
K 2 0 45
K 0 0 60
K 0 21 60
A D 2 8 0
A P 3 232 0
J B 675 1635 1 82 6913 576 0
J N 7 1656 -14 8 1 0 0
K 0 0 45
K 0 0 43
K -1 0 45
K 2 0 45
K 0 102 110
K 0 0 60
K 0 21 60
A D 2 8 0
A P 3 232 0
J N 7 1696 -7 4 2305 576 0
K 0 0 43
K 0 0 60
K 0 21 60
A D 2 8 0
A P 3 226 0
J N 7 1733 21 6 4609 576 0
K 0 -14 43
K 0 0 43
K 0 -14 60
K 0 0 60
K 0 21 60
A D 2 8 0
A P 3 215 0
A P 3 203 0
J B 676 1772 1 82 6913 576 0
J N 7 1797 21 6 1 0 0
K 0 -14 43
K 0 0 43
K 0 -14 60
K 0 0 60
K 0 21 60
A D 2 8 0
A P 3 215 0
A P 3 203 0
J R 7 1834 28 2 2305 576 0
K 0 0 48
A D 2 8 1
A P 3 0 1
J R 7 1871 28 2 4609 576 0
K 0 0 48
A D 2 8 0
A P 3 0 0
J B 677 1910 1 82 6913 576 0
J R 9 1966 28 2 1 10000 0
K 0 0 46
A D 6 8 0
A P 3 0 0
J B 678 2050 1 82 6913 1728 0
E *
L 1397 0 -98 313 313 * 0 14 0
J D 0 -94 42 1 6913 0 0
W 0 0 31 Vla
J C 13 5 28 35 6913 0 0
J K -1 57 0 1 6913 0 0
K 0 35 65
J D 0 38 -14 1 6913 0 0
W 0 0 0 \06\06\04
J N 7 113 70 7 1 0 1 72
K 1 0 45
K 0 0 43
K -1 0 45
K 2 0 45
K 0 0 59
K 0 -21 59
A D 2 8 0
A P 1 129 0
J N 7 151 77 7 2305 576 0
K 1 -7 45
K 0 0 43
K 0 -7 45
K 1 -7 45
K 0 0 59
K 0 -21 59
A D 2 8 0
A P 1 123 0
J N 7 189 70 7 4609 576 0
K 1 0 45
K 0 0 43
K -1 0 45
K 2 0 45
K 0 0 59
K 0 -21 59
A D 2 8 0
A P 1 129 0
J B 665 229 1 82 6913 576 0
J N 7 250 63 4 1 0 0
K 0 0 43
K 0 0 59
K 0 -21 59
A D 2 8 0
A P 1 135 0
J N 7 288 56 4 2305 576 0
K 0 0 43
K 0 0 59
K 0 -21 59
A D 2 8 0
A P 1 140 0
J N 7 326 49 4 4609 576 0
K 0 0 43
K 0 0 59
K 0 -21 59
A D 2 8 0
A P 1 146 0
J B 666 366 1 82 6913 576 0
J N 7 389 56 5 1 0 0
K -18 0 63
K 0 0 43
K 0 0 59
K 0 -21 59
A D 2 8 0
A P 1 141 0
J N 7 427 49 4 2305 576 1 72
K 0 0 43
K 0 0 59
K 0 -21 59
A D 2 8 0
A P 1 146 0
H 72 W 0 21 7 133 -14 133
J N 7 468 42 4 4609 576 1 73
K 0 0 43
K 0 0 59
K 0 -21 59
A D 2 8 0
A P 1 152 0
J B 667 508 1 82 6913 576 0
J N 7 529 49 4 1 0 0
K 0 0 43
K 0 0 59
K 0 -21 59
A D 2 8 0
A P 1 146 0
J N 7 570 56 5 2305 576 0
K -14 0 64
K 0 0 43
K 0 0 59
K 0 -21 59
A D 2 8 0
A P 1 140 0
J N 7 608 63 4 4609 576 2 71 73
K 0 0 43
K 0 0 59
K 0 -21 59
A D 2 8 0
A P 1 135 0
H 73 W 21 0 -35 133 14 133
J M 0 99 0 0 6913 0 1 71
H 71 S 12 0 70 0 7 0 0 0
J B 668 648 1 82 6913 576 0
J D 0 672 0 1 1 0 1 74
W 0 133 1 p!36| cresc.
J N 8 672 77 8 1 0 1 75
K 1 -7 45
K 0 0 42
K 0 -7 45
K 1 -7 45
K 25 0 44
K 0 0 59
K 0 -21 59
A D 6 8 1
A P 1 123 1
J B 669 788 1 82 6913 1728 0
J N 8 811 77 8 1 0 2 76 75
K 1 -7 45
K 0 0 42
K 0 -7 45
K 1 -7 45
K 25 0 44
K 0 0 59
K 0 -21 59
A D 6 8 1
A P 1 123 1
H 75 T 77 0 0 0 0 0 9 0
J B 670 927 1 82 6913 1728 0
J N 8 954 77 8 1 0 2 77 76
K 1 -7 45
K 0 0 42
K 0 -7 45
K 1 -7 45
K 25 0 44
K 0 0 59
K 0 -21 59
A D 6 8 1
A P 1 123 1
H 76 T 77 0 0 0 0 0 9 0
J B 671 1077 1 82 6913 1728 0
J N 8 1100 77 8 1 0 2 78 77
K 1 -7 45
K 0 0 42
K 0 -7 45
K 1 -7 45
K 25 0 44
K 0 0 59
K 0 -21 59
A D 6 8 1
A P 1 123 1
H 77 T 77 0 0 0 0 0 9 0
J B 672 1219 1 82 6913 1728 0
J N 7 1243 77 7 1 0 1 78
K 1 -7 45
K 0 0 43
K 0 -7 45
K 1 -7 45
K 0 0 59
K 0 -21 59
A D 2 8 0
A P 1 123 0
H 78 T 77 0 0 0 0 0 9 0
J M 0 1281 0 0 2305 576 1 74
H 74 D 152 0 133 0 31
J R 7 1281 28 2 2305 0 0
K 0 0 48
A D 2 8 1
A P 1 0 1
J R 7 1319 28 2 4609 576 0
K 0 0 48
A D 2 8 0
A P 1 0 0
J B 673 1359 1 82 6913 576 0
J R 9 1416 28 2 1 10000 0
K 0 0 46
A D 6 8 0
A P 1 0 0
J B 674 1501 1 82 6913 1728 0
J N 7 1522 14 5 1 0 0
K 0 0 43
K 0 74 110
K 0 0 60
K 0 21 60
A D 2 8 0
A P 1 175 0
J N 7 1559 -35 9 2305 576 0
K 0 21 45
K 0 7 45
K 0 0 43
K 0 7 45
K 1 7 45
K 0 0 60
K 0 28 60
K 0 35 60
A D 2 8 0
A P 1 215 0
J N 7 1596 -21 7 4609 576 0
K 0 7 45
K 0 0 43
K 0 7 45
K 1 7 45
K 0 0 60
K 0 21 60
A D 2 8 0
A P 1 203 0
J B 675 1635 1 82 6913 576 0
J N 7 1656 -7 5 1 0 0
K 0 0 43
K 0 95 110
K 0 0 60
K 0 21 60
A D 2 8 0
A P 1 192 0
J N 7 1696 -14 8 2305 576 0
K 0 0 45
K -14 0 64
K 0 0 43
K -1 0 45
K 2 0 45
K 0 0 60
K 0 21 60
A D 2 8 0
A P 1 198 0
J N 7 1733 -21 7 4609 576 0
K 0 7 45
K 0 0 43
K 0 7 45
K 1 7 45
K 0 0 60
K 0 21 60
A D 2 8 0
A P 1 203 0
J B 676 1772 1 82 6913 576 0
J N 7 1797 -21 7 1 0 0
K 0 7 45
K 0 0 43
K 0 7 45
K 1 7 45
K 0 0 60
K 0 21 60
A D 2 8 0
A P 1 203 0
J R 7 1834 28 2 2305 576 0
K 0 0 48
A D 2 8 1
A P 1 0 1
J R 7 1871 28 2 4609 576 0
K 0 0 48
A D 2 8 0
A P 1 0 0
J B 677 1910 1 82 6913 576 0
J R 9 1966 28 2 1 10000 0
K 0 0 46
A D 6 8 0
A P 1 0 0
J B 678 2050 1 82 6913 1728 0
E *
L 1532 0 -98 313 313 * 0 14 0
J D 0 -75 42 1 6913 0 0
W 0 -21 31 Vc
J D 0 -75 42 1 6913 0 0
W 0 21 31 Cb
J C 22 5 14 36 6913 0 0
J K -1 57 0 1 6913 0 0
K 0 42 65
J D 0 38 -14 1 6913 0 0
W 0 0 0 \06\06\04
J N 8 113 -7 5 1 0 3 93 91 92
K 0 0 42
K 25 0 44
K 0 0 60
K 0 21 60
A D 6 8 1
A P 1 157 1
J M 0 61 0 0 6913 0 1 91
H 91 T -7 0 0 0 0 0 1 0
J B 665 229 1 82 6913 1728 0
J N 7 250 -7 4 1 0 2 94 93
K 0 0 43
K 0 0 60
K 0 21 60
A D 2 8 0
A P 1 157 0
H 93 T -7 0 0 0 0 0 1 0
J N 7 288 0 4 2305 576 0
K 0 0 43
K 0 0 60
K 0 21 60
A D 2 8 0
A P 1 152 0
J N 7 326 7 4 4609 576 0
K 0 0 43
K 0 0 60
K 0 21 60
A D 2 8 0
A P 1 146 0
J B 666 366 1 82 6913 576 0
J N 7 389 0 4 1 0 0
K 0 0 43
K 0 0 60
K 0 21 60
A D 2 8 0
A P 1 152 0
J N 7 427 7 4 2305 576 1 92
K 0 0 43
K 0 0 60
K 0 21 60
A D 2 8 0
A P 1 146 0
H 92 W 0 21 7 95 -14 95
J M 0 463 0 0 4609 576 1 95
J N 7 468 14 5 4609 0 0
K -18 0 63
K 0 0 43
K 0 0 60
K 0 21 60
A D 2 8 0
A P 1 141 0
J B 667 508 1 82 6913 576 0
J N 8 529 7 5 1 0 1 94
K 0 0 42
K 25 0 44
K 0 0 60
K 0 21 60
A D 6 8 0
A P 1 146 0
H 94 S 0 0 0 0 0 0 0 0 0
J M 0 644 0 0 6913 1728 1 95
H 95 W 21 0 -35 95 -14 95
J B 668 648 1 82 6913 0 0
J R 9 704 28 2 1 10000 0
K 0 0 46
A D 6 8 0
A P 1 0 0
J B 669 788 1 82 6913 1728 0
J R 9 843 28 2 1 10000 0
K 0 0 46
A D 6 8 0
A P 1 0 0
J B 670 927 1 82 6913 1728 0
J R 9 988 28 2 1 10000 0
K 0 0 46
A D 6 8 0
A P 1 0 0
J B 671 1077 1 82 6913 1728 0
J R 9 1134 28 2 1 10000 0
K 0 0 46
A D 6 8 0
A P 1 0 0
J B 672 1219 1 82 6913 1728 0
J R 9 1275 28 2 1 10000 0
K 0 0 46
A D 6 8 0
A P 1 0 0
J B 673 1359 1 82 6913 1728 0
J R 9 1416 28 2 1 10000 0
K 0 0 46
A D 6 8 0
A P 1 0 0
J B 674 1501 1 82 6913 1728 0
J N 7 1522 7 5 1 0 0
K 0 0 43
K 0 81 110
K 0 0 60
K 0 21 60
A D 2 8 0
A P 1 146 0
J N 7 1559 -14 7 2305 576 0
K 0 0 45
K 0 0 43
K -1 0 45
K 2 0 45
K 0 0 60
K 0 21 60
A D 2 8 0
A P 1 163 0
J N 7 1596 0 4 4609 576 0
K 0 0 43
K 0 0 60
K 0 21 60
A D 2 8 0
A P 1 152 0
J B 675 1635 1 82 6913 576 0
J N 7 1656 14 5 1 0 0
K 0 0 43
K 0 74 110
K 0 0 60
K 0 21 60
A D 2 8 0
A P 1 140 0
J N 7 1696 7 4 2305 576 0
K 0 0 43
K 0 0 60
K 0 21 60
A D 2 8 0
A P 1 146 0
J N 7 1733 56 4 4609 576 0
K 0 0 43
K 0 0 59
K 0 -21 59
A D 2 8 0
A P 1 106 0
J B 676 1772 1 82 6913 576 0
J N 7 1797 35 4 1 0 0
K 0 0 43
K 0 0 59
K 0 -21 59
A D 2 8 0
A P 1 123 0
J R 7 1834 28 2 2305 576 0
K 0 0 48
A D 2 8 1
A P 1 0 1
J R 7 1871 28 2 4609 576 0
K 0 0 48
A D 2 8 0
A P 1 0 0
J B 677 1910 1 82 6913 576 0
J R 9 1966 28 2 1 10000 0
K 0 0 46
A D 6 8 0
A P 1 0 0
J B 678 2050 1 82 6913 1728 0
E *
B 1 229 0
B 1 366 0
B 1 508 0
B 1 648 0
B 1 788 0
B 1 927 0
B 1 1077 0
B 1 1219 0
B 1 1359 0
B 1 1501 0
B 1 1635 0
B 1 1772 0
B 1 1910 0
B 1 2050 0
