S 0 200 140 2050 1718 13 "[(....)][({..}.)](.)[({..}.{..})]"
L 0 0 -98 313 313 * 0 14 0
J D 0 -108 42 1 6913 0 0
W 0 0 31 Fl 1-2
J C 4 5 42 2 6913 0 0
K 0 0 33
K 0 0 34
J K -1 57 0 1 6913 0 0
K 0 28 65
J D 0 38 -14 1 6913 0 0
W 0 0 37 \07\04\03
J R 9 150 28 2 1 10000 0
K 0 0 46
A D 6 8 0
A P 3 0 0
J B 744 237 1 82 6913 1728 0
J D 0 244 0 1 1 0 0
W 0 -56 32 1.
J N 7 258 -28 9 1 0 0
K 0 14 45
K 0 0 45
K 0 0 43
K -1 0 45
K 2 0 45
K 0 106 108
K 0 0 60
K 0 28 60
A D 2 8 0
A P 1 243 0
J N 7 296 -42 10 2305 576 0
K 0 28 45
K 0 14 45
K 0 0 45
K 0 0 43
K -1 0 45
K 2 0 45
K 0 0 60
K 0 28 60
K 0 42 60
A D 2 8 0
A P 1 255 0
J N 7 334 -49 10 4609 576 0
K 0 35 45
K 0 21 45
K 0 7 45
K 0 0 43
K 0 7 45
K 1 7 45
K 0 0 60
K 0 28 60
K 0 49 60
A D 2 8 0
A P 1 260 0
J B 745 374 1 82 6913 576 0
J N 7 395 -42 10 1 0 0
K 0 28 45
K 0 14 45
K 0 0 45
K 0 0 43
K -1 0 45
K 2 0 45
K 0 0 60
K 0 28 60
K 0 42 60
A D 2 8 0
A P 1 255 0
J N 7 433 -49 10 2305 576 0
K 0 35 45
K 0 21 45
K 0 7 45
K 0 0 43
K 0 7 45
K 1 7 45
K 0 0 60
K 0 28 60
K 0 49 60
A D 2 8 0
A P 1 260 0
J N 7 471 -56 11 4609 576 0
K 0 42 45
K 0 28 45
K 0 14 45
K 0 0 45
K 0 0 43
K -1 0 45
K 2 0 45
K 0 0 60
K 0 28 60
K 0 56 60
A D 2 8 0
A P 1 266 0
J B 746 511 1 82 6913 576 0
J R 9 569 28 2 1 10000 0
K 0 0 46
A D 6 8 0
A P 3 0 0
J B 747 656 1 82 6913 1728 0
J N 7 677 0 13 1 0 0
K 0 -14 45
K 0 -28 45
K 0 -42 45
K 0 -49 43
K 0 -42 45
K 1 -42 45
K 0 0 43
K 0 81 108
K 0 -49 60
K 0 -21 60
K 0 0 60
K 0 21 60
A D 2 8 0
A P 1 260 0
A P 2 220 0
J N 7 715 0 12 2305 576 0
K 0 -14 45
K 0 -28 45
K 0 -42 45
K 0 -49 43
K 0 -42 45
K 1 -42 45
K 0 0 43
K 0 -49 60
K 0 -21 60
K 0 0 60
K 0 21 60
A D 2 8 0
A P 1 260 0
A P 2 220 0
J N 7 753 0 12 4609 576 0
K 0 -14 45
K 0 -28 45
K 0 -42 45
K 0 -49 43
K 0 -42 45
K 1 -42 45
K 0 0 43
K 0 -49 60
K 0 -21 60
K 0 0 60
K 0 21 60
A D 2 8 0
A P 1 260 0
A P 2 220 0
J B 748 793 1 82 6913 576 0
J N 7 814 0 12 1 0 0
K 0 -14 45
K 0 -28 45
K 0 -42 45
K 0 -49 43
K 0 -42 45
K 1 -42 45
K 0 0 43
K 0 -49 60
K 0 -21 60
K 0 0 60
K 0 21 60
A D 2 8 0
A P 1 260 0
A P 2 220 0
J N 7 852 0 12 2305 576 0
K 0 -14 45
K 0 -28 45
K 0 -42 45
K 0 -49 43
K 0 -42 45
K 1 -42 45
K 0 0 43
K 0 -49 60
K 0 -21 60
K 0 0 60
K 0 21 60
A D 2 8 0
A P 1 260 0
A P 2 220 0
J N 7 890 0 12 4609 576 0
K 0 -14 45
K 0 -28 45
K 0 -42 45
K 0 -49 43
K 0 -42 45
K 1 -42 45
K 0 0 43
K 0 -49 60
K 0 -21 60
K 0 0 60
K 0 21 60
A D 2 8 0
A P 1 260 0
A P 2 220 0
J B 749 930 1 82 6913 576 0
J R 9 988 28 2 1 10000 0
K 0 0 46
A D 6 8 0
A P 3 0 0
J B 750 1075 1 82 6913 1728 0
J N 7 1096 -28 16 1 0 0
K 0 14 45
K 0 0 45
K 0 -14 45
K 0 -28 45
K 0 -35 43
K 0 -28 45
K 1 -28 45
K 0 0 43
K -1 0 45
K 2 0 45
K 0 109 108
K 0 -35 60
K 0 -7 60
K 0 0 60
K 0 28 60
A D 2 8 0
A P 1 272 0
A P 2 243 0
J N 7 1134 -28 14 2305 576 0
K 0 14 45
K 0 0 45
K 0 -14 45
K 0 -28 45
K 0 -28 43
K -1 -28 45
K 2 -28 45
K 0 0 43
K -1 0 45
K 2 0 45
K 0 -28 60
K 0 0 60
K 0 28 60
A D 2 8 0
A P 1 266 0
A P 2 243 0
J N 7 1172 -28 13 4609 576 0
K 0 14 45
K 0 0 45
K 0 -14 45
K 0 -21 43
K 0 -14 45
K 1 -14 45
K 0 0 43
K -1 0 45
K 2 0 45
K 0 -21 60
K 0 0 60
K 0 28 60
A D 2 8 0
A P 1 260 0
A P 2 243 0
J B 751 1212 1 82 6913 576 0
J N 7 1233 -28 14 1 0 0
K 0 14 45
K 0 0 45
K 0 -14 45
K 0 -28 45
K 0 -28 43
K -1 -28 45
K 2 -28 45
K 0 0 43
K -1 0 45
K 2 0 45
K 0 -28 60
K 0 0 60
K 0 28 60
A D 2 8 0
A P 1 266 0
A P 2 243 0
J N 7 1270 -28 13 2305 576 0
K 0 14 45
K 0 0 45
K 0 -14 45
K 0 -21 43
K 0 -14 45
K 1 -14 45
K 0 0 43
K -1 0 45
K 2 0 45
K 0 -21 60
K 0 0 60
K 0 28 60
A D 2 8 0
A P 1 260 0
A P 2 243 0
J N 7 1307 -28 13 4609 576 0
K 0 14 45
K 0 0 45
K 0 -14 45
K 0 -14 43
K -1 -14 45
K 2 -14 45
K 0 0 43
K -1 0 45
K 2 0 45
K 0 -14 60
K 0 0 60
K 0 28 60
A D 2 8 0
A P 1 255 0
A P 2 243 0
J B 752 1346 1 82 6913 576 0
J N 7 1367 -28 13 1 0 0
K 0 14 45
K 0 0 45
K 0 -14 45
K 0 -21 43
K 0 -14 45
K 1 -14 45
K 0 0 43
K -1 0 45
K 2 0 45
K 0 -21 60
K 0 0 60
K 0 28 60
A D 2 8 0
A P 1 260 0
A P 2 243 0
J N 7 1404 -28 14 2305 576 0
K 0 14 45
K 0 0 45
K 0 -14 45
K 0 -28 45
K 0 -28 43
K -1 -28 45
K 2 -28 45
K 0 0 43
K -1 0 45
K 2 0 45
K 0 -28 60
K 0 0 60
K 0 28 60
A D 2 8 0
A P 1 266 0
A P 2 243 0
J N 7 1441 -28 15 4609 576 0
K 0 14 45
K 0 0 45
K 0 -14 45
K 0 -28 45
K 0 -35 43
K 0 -28 45
K 1 -28 45
K 0 0 43
K -1 0 45
K 2 0 45
K 0 -35 60
K 0 -7 60
K 0 0 60
K 0 28 60
A D 2 8 0
A P 1 272 0
A P 2 243 0
J B 753 1480 1 82 6913 576 0
J D 0 1501 0 1 1 0 0
W 0 92 36 dimin.
J N 7 1501 -28 15 1 0 0
K 0 14 45
K 0 0 45
K 0 -14 45
K 0 -28 45
K 0 -35 43
K 0 -28 45
K 1 -28 45
K 0 0 43
K -1 0 45
K 2 0 45
K 0 -35 60
K 0 -7 60
K 0 0 60
K 0 28 60
A D 2 8 0
A P 1 272 0
A P 2 243 0
J N 7 1538 -28 14 2305 576 0
K 0 14 45
K 0 0 45
K 0 -14 45
K 0 -28 45
K 0 -28 43
K -1 -28 45
K 2 -28 45
K 0 0 43
K -1 0 45
K 2 0 45
K 0 -28 60
K 0 0 60
K 0 28 60
A D 2 8 0
A P 1 266 0
A P 2 243 0
J N 7 1592 -28 13 4609 576 0
K 0 14 45
K 0 0 45
K 0 -14 45
K 0 -21 43
K 0 -14 45
K 1 -14 45
K 0 0 43
K -1 0 45
K 2 0 45
K 0 -21 60
K 0 0 60
K 0 28 60
A D 2 8 0
A P 1 260 0
A P 2 243 0
J B 754 1631 1 82 6913 576 0
J N 7 1652 -28 13 1 0 0
K 0 14 45
K 0 0 45
K 0 -14 45
K 0 -21 43
K 0 -14 45
K 1 -14 45
K 0 0 43
K -1 0 45
K 2 0 45
K 0 -21 60
K 0 0 60
K 0 28 60
A D 2 8 0
A P 1 260 0
A P 2 243 0
J N 7 1689 -28 14 2305 576 0
K 0 14 45
K 0 0 45
K 0 -14 45
K 0 -28 45
K 0 -28 43
K -1 -28 45
K 2 -28 45
K 0 0 43
K -1 0 45
K 2 0 45
K 0 -28 60
K 0 0 60
K 0 28 60
A D 2 8 0
A P 1 266 0
A P 2 243 0
J N 7 1726 -28 13 4609 576 0
K 0 14 45
K 0 0 45
K 0 -14 45
K 0 -21 43
K 0 -14 45
K 1 -14 45
K 0 0 43
K -1 0 45
K 2 0 45
K 0 -21 60
K 0 0 60
K 0 28 60
A D 2 8 0
A P 1 260 0
A P 2 243 0
J B 755 1765 1 82 6913 576 0
J R 9 1818 28 2 1 10000 0
K 0 0 46
A D 6 8 0
A P 3 0 0
J B 756 1899 1 82 6913 1728 0
J D 0 1906 0 1 1 0 0
W 0 -49 32 1.
J N 7 1920 -28 9 1 0 0
K 0 14 45
K 0 0 45
K 0 0 43
K -1 0 45
K 2 0 45
K 24 -6 44
K 0 0 60
K 0 28 60
A D 3 8 0
A P 1 243 0
J N 6 1974 21 3 3457 864 0
K 0 0 43
K 0 0 54
A D 1 8 0
A P 1 203 0
J N 7 2011 21 4 4609 288 0
K 0 0 43
K 0 0 60
K 0 21 60
A D 2 8 0
A P 1 203 0
J B 757 2050 1 82 6913 576 0
E *
L 132 0 -98 313 313 * 0 14 0
J D 0 -119 42 1 6913 0 0
W 0 0 31 Ob 1-2
J C 4 5 42 2 6913 0 0
K 0 0 33
K 0 0 34
J K -1 57 0 1 6913 0 0
K 0 28 65
J D 0 38 -14 1 6913 0 0
W 0 0 0 \07\04\03
J R 9 150 28 2 1 10000 0
K 0 0 46
A D 6 8 0
A P 1 0 0
J B 744 237 1 82 6913 1728 0
J N 7 258 -14 8 1 0 0
K 0 0 45
K 0 0 43
K -1 0 45
K 2 0 45
K 0 95 108
K 0 0 60
K 0 21 60
A D 2 8 0
A P 1 232 0
J N 7 296 -7 4 2305 576 0
K 0 0 43
K 0 0 60
K 0 21 60
A D 2 8 0
A P 1 226 0
J N 7 334 -14 7 4609 576 0
K 0 0 45
K 0 0 43
K -1 0 45
K 2 0 45
K 0 0 60
K 0 21 60
A D 2 8 0
A P 1 232 0
J B 745 374 1 82 6913 576 0
J N 7 395 -7 4 1 0 0
K 0 0 43
K 0 0 60
K 0 21 60
A D 2 8 0
A P 1 226 0
J N 7 433 -14 7 2305 576 0
K 0 0 45
K 0 0 43
K -1 0 45
K 2 0 45
K 0 0 60
K 0 21 60
A D 2 8 0
A P 1 232 0
J N 7 471 -21 7 4609 576 0
K 0 7 45
K 0 0 43
K 0 7 45
K 1 7 45
K 0 0 60
K 0 21 60
A D 2 8 0
A P 1 237 0
J B 746 511 1 82 6913 576 0
J R 9 569 28 2 1 10000 0
K 0 0 46
A D 6 8 0
A P 3 0 0
J B 747 656 1 82 6913 1728 0
J N 7 677 0 10 1 0 0
K 0 -14 45
K 0 -14 43
K -1 -14 45
K 2 -14 45
K 0 0 43
K 0 81 108
K 0 -14 60
K 0 0 60
K 0 21 60
A D 2 8 0
A P 1 232 0
A P 2 220 0
J N 7 715 -7 9 2305 576 0
K 0 -7 45
K 0 -14 43
K 0 -7 45
K 1 -7 45
K 0 0 43
K 0 -14 60
K 0 0 60
K 0 21 60
A D 2 8 0
A P 1 237 0
A P 2 226 0
J N 7 753 -14 12 4609 576 0
K 0 0 45
K 0 -14 45
K 0 -14 43
K -1 -14 45
K 2 -14 45
K 0 0 43
K -1 0 45
K 2 0 45
K 0 -14 60
K 0 0 60
K 0 21 60
A D 2 8 0
A P 1 243 0
A P 2 232 0
J B 748 793 1 82 6913 576 0
J N 7 814 -7 9 1 0 0
K 0 -7 45
K 0 -14 43
K 0 -7 45
K 1 -7 45
K 0 0 43
K 0 -14 60
K 0 0 60
K 0 21 60
A D 2 8 0
A P 1 237 0
A P 2 226 0
J N 7 852 -14 12 2305 576 0
K 0 0 45
K 0 -14 45
K 0 -14 43
K -1 -14 45
K 2 -14 45
K 0 0 43
K -1 0 45
K 2 0 45
K 0 -14 60
K 0 0 60
K 0 21 60
A D 2 8 0
A P 1 243 0
A P 2 232 0
J N 7 890 -21 12 4609 576 0
K 0 7 45
K 0 -7 45
K 0 -14 43
K 0 -7 45
K 1 -7 45
K 0 0 43
K 0 7 45
K 1 7 45
K 0 -14 60
K 0 0 60
K 0 21 60
A D 2 8 0
A P 1 249 0
A P 2 237 0
J B 749 930 1 82 6913 576 0
J R 9 988 28 2 1 10000 0
K 0 0 46
A D 6 8 0
A P 3 0 0
J B 750 1075 1 82 6913 1728 0
J N 7 1096 35 7 1 0 0
K 0 -14 43
K 0 0 43
K 0 54 108
K 0 -14 60
K 0 0 60
K 0 14 60
A D 2 8 0
A P 1 203 0
A P 2 192 0
J N 7 1134 42 7 2305 576 0
K 0 -35 43
K 0 0 43
K 0 -35 60
K 0 -7 60
K 0 0 60
K 0 14 60
A D 2 8 0
A P 1 215 0
A P 2 186 0
J N 7 1172 35 7 4609 576 0
K 0 -35 43
K 0 0 43
K 0 -35 60
K 0 -7 60
K 0 0 60
K 0 14 60
A D 2 8 0
A P 1 220 0
A P 2 192 0
J B 751 1212 1 82 6913 576 0
J N 7 1233 42 7 1 0 0
K 0 -35 43
K 0 0 43
K 0 -35 60
K 0 -7 60
K 0 0 60
K 0 14 60
A D 2 8 0
A P 1 215 0
A P 2 186 0
J N 7 1270 35 7 2305 576 0
K 0 -35 43
K 0 0 43
K 0 -35 60
K 0 -7 60
K 0 0 60
K 0 14 60
A D 2 8 0
A P 1 220 0
A P 2 192 0
J N 7 1307 28 7 4609 576 0
K 0 -35 43
K 0 0 43
K 0 -35 60
K 0 -7 60
K 0 0 60
K 0 21 60
A D 2 8 0
A P 1 226 0
A P 2 197 0
J B 752 1346 1 82 6913 576 0
J N 7 1367 0 9 1 0 0
K 0 -14 45
K 0 -14 43
K -1 -14 45
K 2 -14 45
K 0 0 43
K 0 -14 60
K 0 0 60
K 0 21 60
A D 2 8 0
A P 1 232 0
A P 2 220 0
J N 7 1404 -7 9 2305 576 0
K 0 -7 45
K 0 -14 43
K 0 -7 45
K 1 -7 45
K 0 0 43
K 0 -14 60
K 0 0 60
K 0 21 60
A D 2 8 0
A P 1 237 0
A P 2 226 0
J N 7 1441 -14 12 4609 576 0
K 0 0 45
K 0 -14 45
K 0 -14 43
K -1 -14 45
K 2 -14 45
K 0 0 43
K -1 0 45
K 2 0 45
K 0 -14 60
K 0 0 60
K 0 21 60
A D 2 8 0
A P 1 243 0
A P 2 232 0
J B 753 1480 1 82 6913 576 0
J D 0 1501 0 1 1 0 0
W 0 93 36 dimin.
J N 7 1501 -14 12 1 0 0
K 0 0 45
K 0 -14 45
K 0 -14 43
K -1 -14 45
K 2 -14 45
K 0 0 43
K -1 0 45
K 2 0 45
K 0 -14 60
K 0 0 60
K 0 21 60
A D 2 8 0
A P 1 243 0
A P 2 232 0
J N 7 1538 -7 9 2305 576 0
K 0 -7 45
K 0 -14 43
K 0 -7 45
K 1 -7 45
K 0 0 43
K 0 -14 60
K 0 0 60
K 0 21 60
A D 2 8 0
A P 1 237 0
A P 2 226 0
J N 7 1592 0 9 4609 576 0
K 0 -14 45
K 0 -14 43
K -1 -14 45
K 2 -14 45
K 0 0 43
K 0 -14 60
K 0 0 60
K 0 21 60
A D 2 8 0
A P 1 232 0
A P 2 220 0
J B 754 1631 1 82 6913 576 0
J N 7 1652 0 9 1 0 0
K 0 -14 45
K 0 -14 43
K -1 -14 45
K 2 -14 45
K 0 0 43
K 0 -14 60
K 0 0 60
K 0 21 60
A D 2 8 0
A P 1 232 0
A P 2 220 0
J N 7 1689 -7 9 2305 576 0
K 0 -7 45
K 0 -14 43
K 0 -7 45
K 1 -7 45
K 0 0 43
K 0 -14 60
K 0 0 60
K 0 21 60
A D 2 8 0
A P 1 237 0
A P 2 226 0
J N 7 1726 0 9 4609 576 0
K 0 -14 45
K 0 -14 43
K -1 -14 45
K 2 -14 45
K 0 0 43
K 0 -14 60
K 0 0 60
K 0 21 60
A D 2 8 0
A P 1 232 0
A P 2 220 0
J B 755 1765 1 82 6913 576 0
J R 9 1818 28 2 1 10000 0
K 0 0 46
A D 6 8 0
A P 3 0 0
J B 756 1899 1 82 6913 1728 0
J D 0 1906 0 1 1 0 0
W 0 -21 32 1.
J N 7 1920 21 5 1 0 0
K 0 0 43
K 25 0 44
K 0 0 60
K 0 21 60
A D 3 8 0
A P 1 203 0
J N 6 1974 70 6 3457 864 0
K 1 0 45
K 0 0 43
K -1 0 45
K 2 0 45
K 0 0 53
A D 1 8 0
A P 1 163 0
J N 7 2011 70 7 4609 288 0
K 1 0 45
K 0 0 43
K -1 0 45
K 2 0 45
K 0 0 59
K 0 -21 59
A D 2 8 0
A P 1 163 0
J B 757 2050 1 82 6913 576 0
E *
L 264 0 -98 313 313 * 0 14 0
J D 0 -110 42 1 6913 0 0
W 0 -21 31 Cl 1-2
J D 0 -110 42 1 6913 0 0
W 0 21 31 (C)
J C 4 5 42 2 6913 0 0
K 0 0 33
K 0 0 34
J K -1 57 0 1 6913 0 0
K 0 28 65
J D 0 38 -14 1 6913 0 0
W 0 0 0 \07\04\03
J R 9 150 28 2 1 10000 0
K 0 0 46
A D 6 8 0
A P 3 0 0
J B 744 237 1 82 6913 1728 0
J N 7 258 35 7 1 0 0
K 0 -14 43
K 0 0 43
K 0 54 108
K 0 -14 60
K 0 0 60
K 0 14 60
A D 2 8 0
A P 1 203 0
A P 2 192 0
J N 7 296 42 7 2305 576 0
K 0 -35 43
K 0 0 43
K 0 -35 60
K 0 -7 60
K 0 0 60
K 0 14 60
A D 2 8 0
A P 1 215 0
A P 2 186 0
J N 7 334 35 7 4609 576 0
K 0 -35 43
K 0 0 43
K 0 -35 60
K 0 -7 60
K 0 0 60
K 0 14 60
A D 2 8 0
A P 1 220 0
A P 2 192 0
J B 745 374 1 82 6913 576 0
J N 7 395 42 7 1 0 0
K 0 -35 43
K 0 0 43
K 0 -35 60
K 0 -7 60
K 0 0 60
K 0 14 60
A D 2 8 0
A P 1 215 0
A P 2 186 0
J N 7 433 35 7 2305 576 0
K 0 -35 43
K 0 0 43
K 0 -35 60
K 0 -7 60
K 0 0 60
K 0 14 60
A D 2 8 0
A P 1 220 0
A P 2 192 0
J N 7 471 28 7 4609 576 0
K 0 -35 43
K 0 0 43
K 0 -35 60
K 0 -7 60
K 0 0 60
K 0 21 60
A D 2 8 0
A P 1 226 0
A P 2 197 0
J B 746 511 1 82 6913 576 0
J R 9 569 28 2 1 10000 0
K 0 0 46
A D 6 8 0
A P 3 0 0
J B 747 656 1 82 6913 1728 0
J N 7 677 35 7 1 0 0
K 0 -14 43
K 0 0 43
K 5 54 108
K 0 -14 60
K 0 0 60
K 0 14 60
A D 2 8 0
A P 1 203 0
A P 2 192 0
J N 7 715 28 6 2305 576 0
K 0 0 43
K 0 14 43
K 0 14 59
K 0 0 59
K 0 -14 59
A D 2 8 0
A P 1 197 0
A P 2 186 0
J N 7 753 35 6 4609 576 0
K 0 0 43
K 0 14 43
K 0 14 59
K 0 0 59
K 0 -21 59
A D 2 8 0
A P 1 192 0
A P 2 180 0
J B 748 793 1 82 6913 576 0
J N 7 814 28 6 1 0 0
K 0 -14 43
K 0 0 43
K 0 -14 60
K 0 0 60
K 0 21 60
A D 2 8 0
A P 1 209 0
A P 2 197 0
J N 7 852 35 6 2305 576 0
K 0 -14 43
K 0 0 43
K 0 -14 60
K 0 0 60
K 0 14 60
A D 2 8 0
A P 1 203 0
A P 2 192 0
J N 7 890 28 6 4609 576 0
K 0 0 43
K 0 14 43
K 0 14 59
K 0 0 59
K 0 -14 59
A D 2 8 0
A P 1 197 0
A P 2 186 0
J B 749 930 1 82 6913 576 0
J R 9 988 28 2 1 10000 0
K 0 0 46
A D 6 8 0
A P 3 0 0
J B 750 1075 1 82 6913 1728 0
J N 7 1096 35 7 1 0 0
K 0 0 43
K 0 14 43
K 0 46 108
K 0 14 59
K 0 0 59
K 0 -21 59
A D 2 8 0
A P 1 192 0
A P 2 180 0
J N 7 1134 21 10 2305 576 0
K 1 49 45
K 0 0 43
K 0 49 43
K -1 49 45
K 2 49 45
K 0 49 59
K 0 21 59
K 0 0 59
K 0 -14 59
A D 2 8 0
A P 1 203 0
A P 2 163 0
J N 7 1172 21 10 4609 576 0
K 1 49 45
K 0 0 43
K 0 49 43
K -1 49 45
K 2 49 45
K 0 49 59
K 0 21 59
K 0 0 59
K 0 -14 59
A D 2 8 0
A P 1 203 0
A P 2 163 0
J B 751 1212 1 82 6913 576 0
J N 7 1233 21 10 1 0 0
K 1 49 45
K 0 0 43
K 0 49 43
K -1 49 45
K 2 49 45
K 0 49 59
K 0 21 59
K 0 0 59
K 0 -14 59
A D 2 8 0
A P 1 203 0
A P 2 163 0
J N 7 1270 21 10 2305 576 0
K 1 49 45
K 0 0 43
K 0 49 43
K -1 49 45
K 2 49 45
K 0 49 59
K 0 21 59
K 0 0 59
K 0 -14 59
A D 2 8 0
A P 1 203 0
A P 2 163 0
J N 7 1307 21 10 4609 576 0
K 1 49 45
K 0 0 43
K 0 49 43
K -1 49 45
K 2 49 45
K 0 49 59
K 0 21 59
K 0 0 59
K 0 -14 59
A D 2 8 0
A P 1 203 0
A P 2 163 0
J B 752 1346 1 82 6913 576 0
J N 7 1367 35 7 1 0 0
K 0 -35 43
K 0 0 43
K 0 -35 60
K 0 -7 60
K 0 0 60
K 0 14 60
A D 2 8 0
A P 1 220 0
A P 2 192 0
J N 7 1404 28 7 2305 576 0
K 0 -35 43
K 0 0 43
K 0 -35 60
K 0 -7 60
K 0 0 60
K 0 21 60
A D 2 8 0
A P 1 226 0
A P 2 197 0
J N 7 1441 21 10 4609 576 0
K 0 -35 45
K 0 -35 43
K -1 -35 45
K 2 -35 45
K 0 0 43
K 0 -35 60
K 0 -7 60
K 0 0 60
K 0 21 60
A D 2 8 0
A P 1 232 0
A P 2 203 0
J B 753 1480 1 82 6913 576 0
J D 0 1501 0 1 1 0 0
W 0 107 36 dimin.
J N 7 1501 21 10 1 0 0
K 0 -35 45
K 0 -35 43
K -1 -35 45
K 2 -35 45
K 0 0 43
K 0 -35 60
K 0 -7 60
K 0 0 60
K 0 21 60
A D 2 8 0
A P 1 232 0
A P 2 203 0
J N 7 1538 28 7 2305 576 0
K 0 -35 43
K 0 0 43
K 0 -35 60
K 0 -7 60
K 0 0 60
K 0 21 60
A D 2 8 0
A P 1 226 0
A P 2 197 0
J N 7 1592 35 7 4609 576 0
K 0 -35 43
K 0 0 43
K 0 -35 60
K 0 -7 60
K 0 0 60
K 0 14 60
A D 2 8 0
A P 1 220 0
A P 2 192 0
J B 754 1631 1 82 6913 576 0
J N 7 1652 35 7 1 0 0
K 0 -35 43
K 0 0 43
K 0 -35 60
K 0 -7 60
K 0 0 60
K 0 14 60
A D 2 8 0
A P 1 220 0
A P 2 192 0
J N 7 1689 28 7 2305 576 0
K 0 -35 43
K 0 0 43
K 0 -35 60
K 0 -7 60
K 0 0 60
K 0 21 60
A D 2 8 0
A P 1 226 0
A P 2 197 0
J N 7 1726 35 7 4609 576 0
K 0 -35 43
K 0 0 43
K 0 -35 60
K 0 -7 60
K 0 0 60
K 0 14 60
A D 2 8 0
A P 1 220 0
A P 2 192 0
J B 755 1765 1 82 6913 576 0
J R 9 1818 28 2 1 10000 0
K 0 0 46
A D 6 8 0
A P 3 0 0
J B 756 1899 1 82 6913 1728 0
J R 9 1960 28 2 1 10000 0
K 0 0 46
A D 6 8 0
A P 3 0 0
J B 757 2050 1 82 6913 1728 0
E *
L 396 0 -98 313 313 * 0 14 0
J D 0 -130 42 1 6913 0 0
W 0 0 31 Fag 1-2
J C 22 5 14 36 6913 0 0
J K -1 57 0 1 6913 0 0
K 0 42 65
J D 0 38 -14 1 6913 0 0
W 0 0 0 \07\04\03
J R 9 150 28 2 1 10000 0
K 0 0 46
A D 6 8 0
A P 3 0 0
J B 744 237 1 82 6913 1728 0
J N 7 258 0 12 1 0 0
K 0 -14 45
K 0 -28 45
K 0 -35 43
K 0 -28 45
K 1 -28 45
K 0 0 43
K 0 81 108
K 0 -35 60
K 0 -7 60
K 0 0 60
K 0 21 60
A D 2 8 0
A P 1 180 0
A P 2 152 0
J N 7 296 7 6 2305 576 0
K 0 -14 43
K 0 0 43
K 0 -14 60
K 0 0 60
K 0 21 60
A D 2 8 0
A P 1 157 0
A P 2 146 0
J N 7 334 14 6 4609 576 0
K 0 -14 43
K 0 0 43
K 0 -14 60
K 0 0 60
K 0 21 60
A D 2 8 0
A P 1 152 0
A P 2 140 0
J B 745 374 1 82 6913 576 0
J N 7 395 7 6 1 0 0
K 0 -14 43
K 0 0 43
K 0 -14 60
K 0 0 60
K 0 21 60
A D 2 8 0
A P 1 157 0
A P 2 146 0
J N 7 433 14 6 2305 576 0
K 0 -14 43
K 0 0 43
K 0 -14 60
K 0 0 60
K 0 21 60
A D 2 8 0
A P 1 152 0
A P 2 140 0
J N 7 471 21 6 4609 576 0
K 0 -14 43
K 0 0 43
K 0 -14 60
K 0 0 60
K 0 21 60
A D 2 8 0
A P 1 146 0
A P 2 135 0
J B 746 511 1 82 6913 576 0
J R 9 569 28 2 1 10000 0
K 0 0 46
A D 6 8 0
A P 3 0 0
J B 747 656 1 82 6913 1728 0
J N 7 677 0 12 1 0 0
K 0 -14 45
K 0 -28 45
K 0 -35 43
K 0 -28 45
K 1 -28 45
K 0 0 43
K 0 81 108
K 0 -35 60
K 0 -7 60
K 0 0 60
K 0 21 60
A D 2 8 0
A P 1 180 0
A P 2 152 0
J N 7 715 7 6 2305 576 0
K 0 -14 43
K 0 0 43
K 0 -14 60
K 0 0 60
K 0 21 60
A D 2 8 0
A P 1 157 0
A P 2 146 0
J N 7 753 14 6 4609 576 0
K 0 -14 43
K 0 0 43
K 0 -14 60
K 0 0 60
K 0 21 60
A D 2 8 0
A P 1 152 0
A P 2 140 0
J B 748 793 1 82 6913 576 0
J N 7 814 -7 9 1 0 0
K 0 -7 45
K 0 -14 43
K 0 -7 45
K 1 -7 45
K 0 0 43
K 0 -14 60
K 0 0 60
K 0 21 60
A D 2 8 0
A P 1 169 0
A P 2 157 0
J N 7 852 0 9 2305 576 0
K 0 -14 45
K 0 -14 43
K -1 -14 45
K 2 -14 45
K 0 0 43
K 0 -14 60
K 0 0 60
K 0 21 60
A D 2 8 0
A P 1 163 0
A P 2 152 0
J N 7 890 7 6 4609 576 0
K 0 -14 43
K 0 0 43
K 0 -14 60
K 0 0 60
K 0 21 60
A D 2 8 0
A P 1 157 0
A P 2 146 0
J B 749 930 1 82 6913 576 0
J R 9 988 28 2 1 10000 0
K 0 0 46
A D 6 8 0
A P 3 0 0
J B 750 1075 1 82 6913 1728 0
J N 7 1096 0 10 1 0 0
K 0 -14 45
K 0 -14 43
K -1 -14 45
K 2 -14 45
K 0 0 43
K 0 81 108
K 0 -14 60
K 0 0 60
K 0 21 60
A D 2 8 0
A P 1 163 0
A P 2 152 0
J N 7 1134 7 11 2305 576 0
K 0 -21 45
K 0 -35 45
K 0 -35 43
K -1 -35 45
K 2 -35 45
K 0 0 43
K 0 -35 60
K 0 -7 60
K 0 0 60
K 0 21 60
A D 2 8 0
A P 1 175 0
A P 2 146 0
J N 7 1172 0 11 4609 576 0
K 0 -14 45
K 0 -28 45
K 0 -35 43
K 0 -28 45
K 1 -28 45
K 0 0 43
K 0 -35 60
K 0 -7 60
K 0 0 60
K 0 21 60
A D 2 8 0
A P 1 180 0
A P 2 152 0
J B 751 1212 1 82 6913 576 0
J N 7 1233 7 11 1 0 0
K 0 -21 45
K 0 -35 45
K 0 -35 43
K -1 -35 45
K 2 -35 45
K 0 0 43
K 0 -35 60
K 0 -7 60
K 0 0 60
K 0 21 60
A D 2 8 0
A P 1 175 0
A P 2 146 0
J N 7 1270 0 11 2305 576 0
K 0 -14 45
K 0 -28 45
K 0 -35 43
K 0 -28 45
K 1 -28 45
K 0 0 43
K 0 -35 60
K 0 -7 60
K 0 0 60
K 0 21 60
A D 2 8 0
A P 1 180 0
A P 2 152 0
J N 7 1307 -7 12 4609 576 0
K 0 -7 45
K 0 -21 45
K 0 -35 45
K 0 -35 43
K -1 -35 45
K 2 -35 45
K 0 0 43
K 0 -35 60
K 0 -7 60
K 0 0 60
K 0 21 60
A D 2 8 0
A P 1 186 0
A P 2 157 0
J B 752 1346 1 82 6913 576 0
J N 7 1367 0 9 1 0 0
K 0 -14 45
K 0 -14 43
K -1 -14 45
K 2 -14 45
K 0 0 43
K 0 -14 60
K 0 0 60
K 0 21 60
A D 2 8 0
A P 1 163 0
A P 2 152 0
J N 7 1404 7 6 2305 576 0
K 0 -14 43
K 0 0 43
K 0 -14 60
K 0 0 60
K 0 21 60
A D 2 8 0
A P 1 157 0
A P 2 146 0
J N 7 1441 14 6 4609 576 0
K 0 -14 43
K 0 0 43
K 0 -14 60
K 0 0 60
K 0 21 60
A D 2 8 0
A P 1 152 0
A P 2 140 0
J B 753 1480 1 82 6913 576 0
J D 0 1501 0 1 1 0 0
W 0 93 36 dimin.
J N 7 1501 14 6 1 0 0
K 0 -14 43
K 0 0 43
K 0 -14 60
K 0 0 60
K 0 21 60
A D 2 8 0
A P 1 152 0
A P 2 140 0
J N 7 1538 7 6 2305 576 0
K 0 -14 43
K 0 0 43
K 0 -14 60
K 0 0 60
K 0 21 60
A D 2 8 0
A P 1 157 0
A P 2 146 0
J N 7 1592 0 9 4609 576 0
K 0 -14 45
K 0 -14 43
K -1 -14 45
K 2 -14 45
K 0 0 43
K 0 -14 60
K 0 0 60
K 0 21 60
A D 2 8 0
A P 1 163 0
A P 2 152 0
J B 754 1631 1 82 6913 576 0
J N 7 1652 0 9 1 0 0
K 0 -14 45
K 0 -14 43
K -1 -14 45
K 2 -14 45
K 0 0 43
K 0 -14 60
K 0 0 60
K 0 21 60
A D 2 8 0
A P 1 163 0
A P 2 152 0
J N 7 1689 7 6 2305 576 0
K 0 -14 43
K 0 0 43
K 0 -14 60
K 0 0 60
K 0 21 60
A D 2 8 0
A P 1 157 0
A P 2 146 0
J N 7 1726 0 9 4609 576 0
K 0 -14 45
K 0 -14 43
K -1 -14 45
K 2 -14 45
K 0 0 43
K 0 -14 60
K 0 0 60
K 0 21 60
A D 2 8 0
A P 1 163 0
A P 2 152 0
J B 755 1765 1 82 6913 576 0
J R 9 1818 28 2 1 10000 0
K 0 0 46
A D 6 8 0
A P 3 0 0
J B 756 1899 1 82 6913 1728 0
J D 0 1906 0 1 1 0 0
W 0 -35 32 1.
J N 7 1920 -14 8 1 0 0
K 0 0 45
K 0 0 43
K -1 0 45
K 2 0 45
K 24 -6 44
K 0 0 60
K 0 21 60
A D 3 8 0
A P 1 163 0
J N 6 1974 35 3 3457 864 0
K 0 0 43
K 0 0 53
A D 1 8 0
A P 1 123 0
J N 7 2011 35 4 4609 288 0
K 0 0 43
K 0 0 59
K 0 -21 59
A D 2 8 0
A P 1 123 0
J B 757 2050 1 82 6913 576 0
E *
L 551 0 -98 313 313 * 0 14 0
J D 0 -130 42 1 6913 0 0
W 0 -21 31 Cor 1-2
J D 0 -130 42 1 6913 0 0
W 0 21 31 (D)
J C 4 5 42 2 6913 0 0
K 0 0 33
K 0 0 34
J K 0 57 0 0 6913 0 0
J D 0 38 -14 1 6913 0 0
W 0 0 0 \07\04\03
J R 9 150 28 2 1 10000 0
K 0 0 46
A D 6 8 0
A P 3 0 0
J B 744 237 1 82 6913 1728 0
J R 9 291 28 2 1 10000 0
K 0 0 46
A D 6 8 0
A P 3 0 0
J B 745 374 1 82 6913 1728 0
J R 9 428 28 2 1 10000 0
K 0 0 46
A D 6 8 0
A P 3 0 0
J B 746 511 1 82 6913 1728 0
J R 9 569 28 2 1 10000 0
K 0 0 46
A D 6 8 0
A P 3 0 0
J B 747 656 1 82 6913 1728 0
J R 9 710 28 2 1 10000 0
K 0 0 46
A D 6 8 0
A P 3 0 0
J B 748 793 1 82 6913 1728 0
J R 9 847 28 2 1 10000 0
K 0 0 46
A D 6 8 0
A P 3 0 0
J B 749 930 1 82 6913 1728 0
J R 9 988 28 2 1 10000 0
K 0 0 46
A D 6 8 0
A P 3 0 0
J B 750 1075 1 82 6913 1728 0
J R 9 1129 28 2 1 10000 0
K 0 0 46
A D 6 8 0
A P 3 0 0
J B 751 1212 1 82 6913 1728 0
J R 9 1265 28 2 1 10000 0
K 0 0 46
A D 6 8 0
A P 3 0 0
J B 752 1346 1 82 6913 1728 0
J R 9 1399 28 2 1 10000 0
K 0 0 46
A D 6 8 0
A P 3 0 0
J B 753 1480 1 82 6913 1728 0
J R 9 1541 28 2 1 10000 0
K 0 0 46
A D 6 8 0
A P 3 0 0
J B 754 1631 1 82 6913 1728 0
J R 9 1684 28 2 1 10000 0
K 0 0 46
A D 6 8 0
A P 3 0 0
J B 755 1765 1 82 6913 1728 0
J R 9 1818 28 2 1 10000 0
K 0 0 46
A D 6 8 0
A P 3 0 0
J B 756 1899 1 82 6913 1728 0
J R 9 1960 28 2 1 10000 0
K 0 0 46
A D 6 8 0
A P 3 0 0
J B 757 2050 1 82 6913 1728 0
E *
L 691 0 -98 313 313 * 0 14 0
J D 0 -130 42 1 6913 0 0
W 0 -21 31 Cor 3-4
J D 0 -130 42 1 6913 0 0
W 0 21 31 (B\0.)
J C 4 5 42 2 6913 0 0
K 0 0 33
K 0 0 34
J K 0 57 0 0 6913 0 0
J D 0 38 -14 1 6913 0 0
W 0 0 0 \07\04\03
J R 9 150 28 2 1 10000 0
K 0 0 46
A D 6 8 0
A P 3 0 0
J B 744 237 1 82 6913 1728 0
J N 7 258 42 8 1 0 0
K 0 -49 43
K 0 0 43
K 5 58 108
K 0 -49 60
K 0 -21 60
K 0 0 60
K 0 14 60
A D 2 8 0
A P 1 226 0
A P 2 186 0
J N 7 296 14 5 2305 576 0
K 0 0 43
K 0 0 43
K 0 0 59
K 0 -14 59
A D 2 8 0
A P 1 209 0
A P 2 209 0
J N 7 334 14 5 4609 576 0
K 0 0 43
K 0 0 43
K 0 0 59
K 0 -14 59
A D 2 8 0
A P 1 209 0
A P 2 209 0
J B 745 374 1 82 6913 576 0
J N 7 395 14 4 1 0 0
K 0 0 43
K 0 0 59
K 0 -14 59
A D 2 8 0
A P 1 209 0
J N 7 395 14 4 1 0 0
K 0 0 43
K 0 0 60
K 0 21 60
A D 2 8 0
A P 2 209 0
J N 7 433 14 4 2305 576 0
K 0 0 43
K 0 0 59
K 0 -14 59
A D 2 8 0
A P 1 209 0
J N 7 433 14 4 2305 0 0
K 0 0 43
K 0 0 60
K 0 21 60
A D 2 8 0
A P 2 209 0
J N 7 471 14 4 4609 576 0
K 0 0 43
K 0 0 59
K 0 -14 59
A D 2 8 0
A P 1 209 0
J N 7 471 14 4 4609 0 0
K 0 0 43
K 0 0 60
K 0 21 60
A D 2 8 0
A P 2 209 0
J B 746 511 1 82 6913 576 0
J R 9 569 28 2 1 10000 0
K 0 0 46
A D 6 8 0
A P 3 0 0
J B 747 656 1 82 6913 1728 0
J N 7 677 42 8 1 0 0
K 0 -49 43
K 0 0 43
K 5 58 108
K 0 -49 60
K 0 -21 60
K 0 0 60
K 0 14 60
A D 2 8 0
A P 1 226 0
A P 2 186 0
J N 7 715 42 7 2305 576 0
K 0 -49 43
K 0 0 43
K 0 -49 60
K 0 -21 60
K 0 0 60
K 0 14 60
A D 2 8 0
A P 1 226 0
A P 2 186 0
J N 7 753 42 7 4609 576 0
K 0 -49 43
K 0 0 43
K 0 -49 60
K 0 -21 60
K 0 0 60
K 0 14 60
A D 2 8 0
A P 1 226 0
A P 2 186 0
J B 748 793 1 82 6913 576 0
J N 7 814 42 7 1 0 0
K 0 -49 43
K 0 0 43
K 0 -49 60
K 0 -21 60
K 0 0 60
K 0 14 60
A D 2 8 0
A P 1 226 0
A P 2 186 0
J N 7 852 42 7 2305 576 0
K 0 -49 43
K 0 0 43
K 0 -49 60
K 0 -21 60
K 0 0 60
K 0 14 60
A D 2 8 0
A P 1 226 0
A P 2 186 0
J N 7 890 42 7 4609 576 0
K 0 -49 43
K 0 0 43
K 0 -49 60
K 0 -21 60
K 0 0 60
K 0 14 60
A D 2 8 0
A P 1 226 0
A P 2 186 0
J B 749 930 1 82 6913 576 0
J R 9 988 28 2 1 10000 0
K 0 0 46
A D 6 8 0
A P 3 0 0
J B 750 1075 1 82 6913 1728 0
J N 7 1096 42 8 1 0 0
K 0 -49 43
K 0 0 43
K 5 58 108
K 0 -49 60
K 0 -21 60
K 0 0 60
K 0 14 60
A D 2 8 0
A P 1 226 0
A P 2 186 0
J N 7 1134 14 4 2305 576 0
K 0 0 43
K 0 0 59
K 0 -14 59
A D 2 8 0
A P 1 209 0
J N 7 1134 14 4 2305 0 0
K 0 0 43
K 0 0 60
K 0 21 60
A D 2 8 0
A P 2 209 0
J N 7 1172 14 4 4609 576 0
K 0 0 43
K 0 0 59
K 0 -14 59
A D 2 8 0
A P 1 209 0
J N 7 1172 14 4 4609 0 0
K 0 0 43
K 0 0 60
K 0 21 60
A D 2 8 0
A P 2 209 0
J B 751 1212 1 82 6913 576 0
J N 7 1233 14 4 1 0 0
K 0 0 43
K 0 0 59
K 0 -14 59
A D 2 8 0
A P 1 209 0
J N 7 1233 14 4 1 0 0
K 0 0 43
K 0 0 60
K 0 21 60
A D 2 8 0
A P 2 209 0
J N 7 1270 14 4 2305 576 0
K 0 0 43
K 0 0 59
K 0 -14 59
A D 2 8 0
A P 1 209 0
J N 7 1270 14 4 2305 0 0
K 0 0 43
K 0 0 60
K 0 21 60
A D 2 8 0
A P 2 209 0
J N 7 1307 14 4 4609 576 0
K 0 0 43
K 0 0 59
K 0 -14 59
A D 2 8 0
A P 1 209 0
J N 7 1307 14 4 4609 0 0
K 0 0 43
K 0 0 60
K 0 21 60
A D 2 8 0
A P 2 209 0
J B 752 1346 1 82 6913 576 0
J N 7 1367 42 7 1 0 0
K 0 -49 43
K 0 0 43
K 0 -49 60
K 0 -21 60
K 0 0 60
K 0 14 60
A D 2 8 0
A P 1 226 0
A P 2 186 0
J N 7 1404 42 7 2305 576 0
K 0 -49 43
K 0 0 43
K 0 -49 60
K 0 -21 60
K 0 0 60
K 0 14 60
A D 2 8 0
A P 1 226 0
A P 2 186 0
J N 7 1441 42 7 4609 576 0
K 0 -49 43
K 0 0 43
K 0 -49 60
K 0 -21 60
K 0 0 60
K 0 14 60
A D 2 8 0
A P 1 226 0
A P 2 186 0
J B 753 1480 1 82 6913 576 0
J D 0 1501 0 1 1 0 0
W 0 120 36 dimin.
J N 7 1501 42 7 1 0 0
K 0 -49 43
K 0 0 43
K 0 -49 60
K 0 -21 60
K 0 0 60
K 0 14 60
A D 2 8 0
A P 1 226 0
A P 2 186 0
J N 7 1538 42 7 2305 576 0
K 0 -49 43
K 0 0 43
K 0 -49 60
K 0 -21 60
K 0 0 60
K 0 14 60
A D 2 8 0
A P 1 226 0
A P 2 186 0
J N 7 1592 42 7 4609 576 0
K 0 -49 43
K 0 0 43
K 0 -49 60
K 0 -21 60
K 0 0 60
K 0 14 60
A D 2 8 0
A P 1 226 0
A P 2 186 0
J B 754 1631 1 82 6913 576 0
J N 7 1652 42 7 1 0 0
K 0 -49 43
K 0 0 43
K 0 -49 60
K 0 -21 60
K 0 0 60
K 0 14 60
A D 2 8 0
A P 1 226 0
A P 2 186 0
J N 7 1689 42 7 2305 576 0
K 0 -49 43
K 0 0 43
K 0 -49 60
K 0 -21 60
K 0 0 60
K 0 14 60
A D 2 8 0
A P 1 226 0
A P 2 186 0
J N 7 1726 42 7 4609 576 0
K 0 -49 43
K 0 0 43
K 0 -49 60
K 0 -21 60
K 0 0 60
K 0 14 60
A D 2 8 0
A P 1 226 0
A P 2 186 0
J B 755 1765 1 82 6913 576 0
J R 9 1818 28 2 1 10000 0
K 0 0 46
A D 6 8 0
A P 3 0 0
J B 756 1899 1 82 6913 1728 0
J R 9 1960 28 2 1 10000 0
K 0 0 46
A D 6 8 0
A P 3 0 0
J B 757 2050 1 82 6913 1728 0
E *
L 836 0 -98 313 313 * 0 14 0
J D 0 -111 42 1 6913 0 0
W 0 -21 31 Tr 1-2
J D 0 -111 42 1 6913 0 0
W 0 21 31 (D)
J C 4 5 42 2 6913 0 0
K 0 0 33
K 0 0 34
J K 0 57 0 0 6913 0 0
J D 0 38 -14 1 6913 0 0
W 0 0 0 \07\04\03
J R 9 150 28 2 1 10000 0
K 0 0 46
A D 6 8 0
A P 3 0 0
J B 744 237 1 82 6913 1728 0
J R 9 291 28 2 1 10000 0
K 0 0 46
A D 6 8 0
A P 3 0 0
J B 745 374 1 82 6913 1728 0
J R 9 428 28 2 1 10000 0
K 0 0 46
A D 6 8 0
A P 3 0 0
J B 746 511 1 82 6913 1728 0
J R 9 569 28 2 1 10000 0
K 0 0 46
A D 6 8 0
A P 3 0 0
J B 747 656 1 82 6913 1728 0
J R 9 710 28 2 1 10000 0
K 0 0 46
A D 6 8 0
A P 3 0 0
J B 748 793 1 82 6913 1728 0
J R 9 847 28 2 1 10000 0
K 0 0 46
A D 6 8 0
A P 3 0 0
J B 749 930 1 82 6913 1728 0
J R 9 988 28 2 1 10000 0
K 0 0 46
A D 6 8 0
A P 3 0 0
J B 750 1075 1 82 6913 1728 0
J R 9 1129 28 2 1 10000 0
K 0 0 46
A D 6 8 0
A P 3 0 0
J B 751 1212 1 82 6913 1728 0
J R 9 1265 28 2 1 10000 0
K 0 0 46
A D 6 8 0
A P 3 0 0
J B 752 1346 1 82 6913 1728 0
J R 9 1399 28 2 1 10000 0
K 0 0 46
A D 6 8 0
A P 3 0 0
J B 753 1480 1 82 6913 1728 0
J R 9 1541 28 2 1 10000 0
K 0 0 46
A D 6 8 0
A P 3 0 0
J B 754 1631 1 82 6913 1728 0
J R 9 1684 28 2 1 10000 0
K 0 0 46
A D 6 8 0
A P 3 0 0
J B 755 1765 1 82 6913 1728 0
J R 9 1818 28 2 1 10000 0
K 0 0 46
A D 6 8 0
A P 3 0 0
J B 756 1899 1 82 6913 1728 0
J R 9 1960 28 2 1 10000 0
K 0 0 46
A D 6 8 0
A P 3 0 0
J B 757 2050 1 82 6913 1728 0
E *
L 981 0 -98 313 313 * 0 14 0
J D 0 -134 42 1 6913 0 0
W 0 -21 31 Timp.
J D 0 -134 42 1 6913 0 0
W 0 21 31 (F3-F2)
J C 22 5 14 36 6913 0 0
J K 0 57 0 0 6913 0 0
J D 0 38 -14 1 6913 0 0
W 0 0 0 \07\04\03
J N 7 113 14 6 1 0 0
K 0 0 43
K 24 -6 44
K 0 -24 93
K 0 0 60
K 0 21 60
A D 9 24 0
A P 1 140 0
J N 6 160 63 3 3457 864 0
K 0 0 43
K 0 0 53
A D 3 24 0
A P 1 100 0
J N 7 197 63 4 4609 288 0
K 0 0 43
K 0 0 59
K 0 -21 59
A D 6 24 0
A P 1 100 0
J B 744 237 1 82 6913 576 0
J R 9 291 28 2 1 10000 0
K 0 0 46
A D 18 24 0
A P 1 0 0
J B 745 374 1 82 6913 1728 0
J R 9 428 28 2 1 10000 0
K 0 0 46
A D 18 24 0
A P 1 0 0
J B 746 511 1 82 6913 1728 0
J N 7 532 14 6 1 0 0
K 0 0 43
K 24 -6 44
K 0 -24 93
K 0 0 60
K 0 21 60
A D 9 24 0
A P 1 140 0
J N 6 579 63 3 3457 864 0
K 0 0 43
K 0 0 53
A D 3 24 0
A P 1 100 0
J N 7 616 63 4 4609 288 0
K 0 0 43
K 0 0 59
K 0 -21 59
A D 6 24 0
A P 1 100 0
J B 747 656 1 82 6913 576 0
J R 9 710 28 2 1 10000 0
K 0 0 46
A D 18 24 0
A P 1 0 0
J B 748 793 1 82 6913 1728 0
J R 9 847 28 2 1 10000 0
K 0 0 46
A D 18 24 0
A P 1 0 0
J B 749 930 1 82 6913 1728 0
J N 7 951 14 6 1 0 0
K 0 0 43
K 24 -6 44
K 0 -24 93
K 0 0 60
K 0 21 60
A D 9 24 0
A P 1 140 0
J N 6 998 63 3 3457 864 0
K 0 0 43
K 0 0 53
A D 3 24 0
A P 1 100 0
J N 7 1035 63 4 4609 288 0
K 0 0 43
K 0 0 59
K 0 -21 59
A D 6 24 0
A P 1 100 0
J B 750 1075 1 82 6913 576 0
J R 9 1129 28 2 1 10000 0
K 0 0 46
A D 18 24 0
A P 1 0 0
J B 751 1212 1 82 6913 1728 0
J R 9 1265 28 2 1 10000 0
K 0 0 46
A D 18 24 0
A P 1 0 0
J B 752 1346 1 82 6913 1728 0
J R 9 1399 28 2 1 10000 0
K 0 0 46
A D 18 24 0
A P 1 0 0
J B 753 1480 1 82 6913 1728 0
J D 0 1501 0 1 1 0 0
W 0 100 36 dimin.
J N 7 1501 14 5 1 0 0
K 0 0 43
K 24 -6 44
K 0 0 60
K 0 21 60
A D 9 24 0
A P 1 140 0
J N 6 1555 63 3 3457 864 0
K 0 0 43
K 0 0 53
A D 3 24 0
A P 1 100 0
J N 7 1592 63 4 4609 288 0
K 0 0 43
K 0 0 59
K 0 -21 59
A D 6 24 0
A P 1 100 0
J B 754 1631 1 82 6913 576 0
J R 9 1684 28 2 1 10000 0
K 0 0 46
A D 18 24 0
A P 1 0 0
J B 755 1765 1 82 6913 1728 0
J R 9 1818 28 2 1 10000 0
K 0 0 46
A D 18 24 0
A P 1 0 0
J B 756 1899 1 82 6913 1728 0
J R 9 1960 28 2 1 10000 0
K 0 0 46
A D 18 24 0
A P 1 0 0
J B 757 2050 1 82 6913 1728 0
E *
L 1133 0 -98 313 313 * 0 14 0
J D 0 -119 42 1 6913 0 0
W 0 0 31 Vln 1
J C 4 5 42 2 6913 0 0
K 0 0 33
K 0 0 34
J K -1 57 0 1 6913 0 0
K 0 28 65
J D 0 38 -14 1 6913 0 0
W 0 0 0 \07\04\03
J R 9 150 28 2 1 10000 0
K 0 0 46
A D 6 8 0
A P 1 0 0
J B 744 237 1 82 6913 1728 0
J N 7 258 0 4 1 0 0
K 0 0 43
K 0 0 60
K 0 21 60
A D 2 8 0
A P 1 220 0
J R 7 296 28 2 2305 576 0
K 0 0 48
A D 2 8 1
A P 1 0 1
J R 7 334 28 2 4609 576 0
K 0 0 48
A D 2 8 0
A P 1 0 0
J B 745 374 1 82 6913 576 0
J N 7 395 49 4 1 0 0
K 0 0 43
K 0 0 59
K 0 -21 59
A D 2 8 0
A P 1 180 0
J R 7 433 28 2 2305 576 0
K 0 0 48
A D 2 8 1
A P 1 0 1
J R 7 471 28 2 4609 576 0
K 0 0 48
A D 2 8 0
A P 1 0 0
J B 746 511 1 82 6913 576 0
J R 9 569 28 2 1 10000 0
K 0 0 46
A D 6 8 0
A P 1 0 0
J B 747 656 1 82 6913 1728 0
J N 7 677 0 4 1 0 0
K 0 0 43
K 0 0 60
K 0 21 60
A D 2 8 0
A P 1 220 0
J R 7 715 28 2 2305 576 0
K 0 0 48
A D 2 8 1
A P 1 0 1
J R 7 753 28 2 4609 576 0
K 0 0 48
A D 2 8 0
A P 1 0 0
J B 748 793 1 82 6913 576 0
J N 7 814 49 4 1 0 0
K 0 0 43
K 0 0 59
K 0 -21 59
A D 2 8 0
A P 1 180 0
J R 7 852 28 2 2305 576 0
K 0 0 48
A D 2 8 1
A P 1 0 1
J R 7 890 28 2 4609 576 0
K 0 0 48
A D 2 8 0
A P 1 0 0
J B 749 930 1 82 6913 576 0
J R 9 988 28 2 1 10000 0
K 0 0 46
A D 6 8 0
A P 1 0 0
J B 750 1075 1 82 6913 1728 0
J N 7 1096 0 4 1 0 0
K 0 0 43
K 0 0 60
K 0 21 60
A D 2 8 0
A P 1 220 0
J R 7 1134 28 2 2305 576 0
K 0 0 48
A D 2 8 1
A P 1 0 1
J R 7 1172 28 2 4609 576 0
K 0 0 48
A D 2 8 0
A P 1 0 0
J B 751 1212 1 82 6913 576 0
J N 7 1233 49 4 1 0 0
K 0 0 43
K 0 0 59
K 0 -21 59
A D 2 8 0
A P 1 180 0
J R 7 1270 28 2 2305 576 0
K 0 0 48
A D 2 8 1
A P 1 0 1
J R 7 1307 28 2 4609 576 0
K 0 0 48
A D 2 8 0
A P 1 0 0
J B 752 1346 1 82 6913 576 0
J N 7 1367 0 4 1 0 0
K 0 0 43
K 0 0 60
K 0 21 60
A D 2 8 0
A P 1 220 0
J R 7 1404 28 2 2305 576 0
K 0 0 48
A D 2 8 1
A P 1 0 1
J R 7 1441 28 2 4609 576 0
K 0 0 48
A D 2 8 0
A P 1 0 0
J B 753 1480 1 82 6913 576 0
J N 7 1501 49 4 1 0 0
K 0 0 43
K 0 0 59
K 0 -21 59
A D 2 8 0
A P 1 180 0
J R 7 1538 28 2 2305 576 0
K 0 0 48
A D 2 8 1
A P 1 0 1
J R 7 1592 28 2 4609 576 0
K 0 0 48
A D 2 8 0
A P 1 0 0
J B 754 1631 1 82 6913 576 0
J N 7 1652 0 4 1 0 0
K 0 0 43
K 0 0 60
K 0 21 60
A D 2 8 0
A P 1 220 0
J R 7 1689 28 2 2305 576 0
K 0 0 48
A D 2 8 1
A P 1 0 1
J R 7 1726 28 2 4609 576 0
K 0 0 48
A D 2 8 0
A P 1 0 0
J B 755 1765 1 82 6913 576 0
J D 0 1774 0 1 1 0 0
W 0 91 1 p!36| dimin.
J D 0 1786 0 1 1 0 0
W 0 -21 32 arco
J N 7 1786 7 4 1 0 0
K 0 0 43
K 0 0 60
K 0 21 60
A D 2 8 0
A P 1 215 0
J N 7 1823 0 4 2305 576 0
K 0 0 43
K 0 0 60
K 0 21 60
A D 2 8 0
A P 1 220 0
J N 7 1860 -7 4 4609 576 0
K 0 0 43
K 0 0 60
K 0 21 60
A D 2 8 0
A P 1 226 0
J B 756 1899 1 82 6913 576 0
J N 7 1920 -7 4 1 0 0
K 0 0 43
K 0 0 60
K 0 21 60
A D 2 8 0
A P 1 226 0
J N 7 1957 0 4 2305 576 0
K 0 0 43
K 0 0 60
K 0 21 60
A D 2 8 0
A P 1 220 0
J N 7 2011 7 4 4609 576 0
K 0 0 43
K 0 0 60
K 0 21 60
A D 2 8 0
A P 1 215 0
J B 757 2050 1 82 6913 576 0
E *
L 1265 0 -98 313 313 * 0 14 0
J D 0 -119 42 1 6913 0 0
W 0 0 31 Vln 2
J C 4 5 42 2 6913 0 0
K 0 0 33
K 0 0 34
J K -1 57 0 1 6913 0 0
K 0 28 65
J D 0 38 -14 1 6913 0 0
W 0 0 0 \07\04\03
J R 9 150 28 2 1 10000 0
K 0 0 46
A D 6 8 0
A P 3 0 0
J B 744 237 1 82 6913 1728 0
J N 7 258 49 4 1 0 0
K 0 0 43
K 0 0 59
K 0 -21 59
A D 2 8 0
A P 3 180 0
J R 7 296 28 2 2305 576 0
K 0 0 48
A D 2 8 1
A P 3 0 1
J R 7 334 28 2 4609 576 0
K 0 0 48
A D 2 8 0
A P 3 0 0
J B 745 374 1 82 6913 576 0
J N 7 395 49 4 1 0 0
K 0 0 43
K 0 0 59
K 0 -21 59
A D 2 8 0
A P 3 180 0
J R 7 433 28 2 2305 576 0
K 0 0 48
A D 2 8 1
A P 3 0 1
J R 7 471 28 2 4609 576 0
K 0 0 48
A D 2 8 0
A P 3 0 0
J B 746 511 1 82 6913 576 0
J R 9 569 28 2 1 10000 0
K 0 0 46
A D 6 8 0
A P 3 0 0
J B 747 656 1 82 6913 1728 0
J N 7 677 49 4 1 0 0
K 0 0 43
K 0 0 59
K 0 -21 59
A D 2 8 0
A P 3 180 0
J R 7 715 28 2 2305 576 0
K 0 0 48
A D 2 8 1
A P 3 0 1
J R 7 753 28 2 4609 576 0
K 0 0 48
A D 2 8 0
A P 3 0 0
J B 748 793 1 82 6913 576 0
J N 7 814 49 4 1 0 0
K 0 0 43
K 0 0 59
K 0 -21 59
A D 2 8 0
A P 3 180 0
J R 7 852 28 2 2305 576 0
K 0 0 48
A D 2 8 1
A P 3 0 1
J R 7 890 28 2 4609 576 0
K 0 0 48
A D 2 8 0
A P 3 0 0
J B 749 930 1 82 6913 576 0
J R 9 988 28 2 1 10000 0
K 0 0 46
A D 6 8 0
A P 3 0 0
J B 750 1075 1 82 6913 1728 0
J N 7 1096 49 4 1 0 0
K 0 0 43
K 0 0 59
K 0 -21 59
A D 2 8 0
A P 3 180 0
J R 7 1134 28 2 2305 576 0
K 0 0 48
A D 2 8 1
A P 3 0 1
J R 7 1172 28 2 4609 576 0
K 0 0 48
A D 2 8 0
A P 3 0 0
J B 751 1212 1 82 6913 576 0
J N 7 1233 49 4 1 0 0
K 0 0 43
K 0 0 59
K 0 -21 59
A D 2 8 0
A P 3 180 0
J R 7 1270 28 2 2305 576 0
K 0 0 48
A D 2 8 1
A P 3 0 1
J R 7 1307 28 2 4609 576 0
K 0 0 48
A D 2 8 0
A P 3 0 0
J B 752 1346 1 82 6913 576 0
J N 7 1367 49 4 1 0 0
K 0 0 43
K 0 0 59
K 0 -21 59
A D 2 8 0
A P 3 180 0
J R 7 1404 28 2 2305 576 0
K 0 0 48
A D 2 8 1
A P 3 0 1
J R 7 1441 28 2 4609 576 0
K 0 0 48
A D 2 8 0
A P 3 0 0
J B 753 1480 1 82 6913 576 0
J N 7 1501 49 4 1 0 0
K 0 0 43
K 0 0 59
K 0 -21 59
A D 2 8 0
A P 3 180 0
J R 7 1538 28 2 2305 576 0
K 0 0 48
A D 2 8 1
A P 3 0 1
J R 7 1592 28 2 4609 576 0
K 0 0 48
A D 2 8 0
A P 3 0 0
J B 754 1631 1 82 6913 576 0
J N 7 1652 49 4 1 0 0
K 0 0 43
K 0 0 59
K 0 -21 59
A D 2 8 0
A P 3 180 0
J R 7 1689 28 2 2305 576 0
K 0 0 48
A D 2 8 1
A P 3 0 1
J R 7 1726 28 2 4609 576 0
K 0 0 48
A D 2 8 0
A P 3 0 0
J B 755 1765 1 82 6913 576 0
J D 0 1779 0 1 1 0 0
W 0 -21 32 arco
J D 0 1786 0 1 1 0 0
W 0 91 1 p!36| dimin.
J N 7 1786 42 4 1 0 0
K 0 0 43
K 0 0 59
K 0 -21 59
A D 2 8 0
A P 3 186 0
J N 7 1823 35 4 2305 576 0
K 0 0 43
K 0 0 59
K 0 -21 59
A D 2 8 0
A P 3 192 0
J N 7 1860 28 4 4609 576 0
K 0 0 43
K 0 0 59
K 0 -14 59
A D 2 8 0
A P 3 197 0
J B 756 1899 1 82 6913 576 0
J N 7 1920 28 4 1 0 0
K 0 0 43
K 0 0 59
K 0 -14 59
A D 2 8 0
A P 3 197 0
J N 7 1957 35 4 2305 576 0
K 0 0 43
K 0 0 59
K 0 -21 59
A D 2 8 0
A P 3 192 0
J N 7 2011 42 4 4609 576 0
K 0 0 43
K 0 0 59
K 0 -21 59
A D 2 8 0
A P 3 186 0
J B 757 2050 1 82 6913 576 0
E *
L 1397 0 -98 313 313 * 0 14 0
J D 0 -94 42 1 6913 0 0
W 0 0 31 Vla
J C 13 5 28 35 6913 0 0
J K -1 57 0 1 6913 0 0
K 0 35 65
J D 0 38 -14 1 6913 0 0
W 0 0 0 \07\04\03
J R 9 150 28 2 1 10000 0
K 0 0 46
A D 6 8 0
A P 1 0 0
J B 744 237 1 82 6913 1728 0
J N 7 258 7 4 1 0 0
K 0 0 43
K 0 0 60
K 0 21 60
A D 2 8 0
A P 1 180 0
J R 7 296 28 2 2305 576 0
K 0 0 48
A D 2 8 1
A P 1 0 1
J R 7 334 28 2 4609 576 0
K 0 0 48
A D 2 8 0
A P 1 0 0
J B 745 374 1 82 6913 576 0
J N 7 395 56 4 1 0 0
K 0 0 43
K 0 0 59
K 0 -21 59
A D 2 8 0
A P 1 140 0
J R 7 433 28 2 2305 576 0
K 0 0 48
A D 2 8 1
A P 1 0 1
J R 7 471 28 2 4609 576 0
K 0 0 48
A D 2 8 0
A P 1 0 0
J B 746 511 1 82 6913 576 0
J R 9 569 28 2 1 10000 0
K 0 0 46
A D 6 8 0
A P 1 0 0
J B 747 656 1 82 6913 1728 0
J N 7 677 7 4 1 0 0
K 0 0 43
K 0 0 60
K 0 21 60
A D 2 8 0
A P 1 180 0
J R 7 715 28 2 2305 576 0
K 0 0 48
A D 2 8 1
A P 1 0 1
J R 7 753 28 2 4609 576 0
K 0 0 48
A D 2 8 0
A P 1 0 0
J B 748 793 1 82 6913 576 0
J N 7 814 56 4 1 0 0
K 0 0 43
K 0 0 59
K 0 -21 59
A D 2 8 0
A P 1 140 0
J R 7 852 28 2 2305 576 0
K 0 0 48
A D 2 8 1
A P 1 0 1
J R 7 890 28 2 4609 576 0
K 0 0 48
A D 2 8 0
A P 1 0 0
J B 749 930 1 82 6913 576 0
J R 9 988 28 2 1 10000 0
K 0 0 46
A D 6 8 0
A P 1 0 0
J B 750 1075 1 82 6913 1728 0
J N 7 1096 7 4 1 0 0
K 0 0 43
K 0 0 60
K 0 21 60
A D 2 8 0
A P 1 180 0
J R 7 1134 28 2 2305 576 0
K 0 0 48
A D 2 8 1
A P 1 0 1
J R 7 1172 28 2 4609 576 0
K 0 0 48
A D 2 8 0
A P 1 0 0
J B 751 1212 1 82 6913 576 0
J N 7 1233 56 4 1 0 0
K 0 0 43
K 0 0 59
K 0 -21 59
A D 2 8 0
A P 1 140 0
J R 7 1270 28 2 2305 576 0
K 0 0 48
A D 2 8 1
A P 1 0 1
J R 7 1307 28 2 4609 576 0
K 0 0 48
A D 2 8 0
A P 1 0 0
J B 752 1346 1 82 6913 576 0
J N 7 1367 7 4 1 0 0
K 0 0 43
K 0 0 60
K 0 21 60
A D 2 8 0
A P 1 180 0
J R 7 1404 28 2 2305 576 0
K 0 0 48
A D 2 8 1
A P 1 0 1
J R 7 1441 28 2 4609 576 0
K 0 0 48
A D 2 8 0
A P 1 0 0
J B 753 1480 1 82 6913 576 0
J N 7 1501 56 4 1 0 0
K 0 0 43
K 0 0 59
K 0 -21 59
A D 2 8 0
A P 1 140 0
J R 7 1538 28 2 2305 576 0
K 0 0 48
A D 2 8 1
A P 1 0 1
J R 7 1592 28 2 4609 576 0
K 0 0 48
A D 2 8 0
A P 1 0 0
J B 754 1631 1 82 6913 576 0
J N 7 1652 7 4 1 0 0
K 0 0 43
K 0 0 60
K 0 21 60
A D 2 8 0
A P 1 180 0
J R 7 1689 28 2 2305 576 0
K 0 0 48
A D 2 8 1
A P 1 0 1
J R 7 1726 28 2 4609 576 0
K 0 0 48
A D 2 8 0
A P 1 0 0
J B 755 1765 1 82 6913 576 0
J D 0 1779 0 1 1 0 0
W 0 -21 32 arco
J D 0 1774 0 1 1 0 0
W 0 110 1 p!36| dimin.
J N 7 1786 35 7 1 0 0
K 0 -35 43
K 0 0 43
K 0 -35 60
K 0 -7 60
K 0 0 60
K 0 14 60
A D 2 8 0
A P 1 186 0
A P 1 157 0
J N 7 1823 42 7 2305 576 0
K 0 -35 43
K 0 0 43
K 0 -35 60
K 0 -7 60
K 0 0 60
K 0 14 60
A D 2 8 0
A P 1 180 0
A P 1 152 0
J N 7 1860 14 7 4609 576 0
K 0 0 43
K 0 35 43
K 0 35 59
K 0 7 59
K 0 0 59
K 0 -14 59
A D 2 8 0
A P 1 175 0
A P 1 146 0
J B 756 1899 1 82 6913 576 0
J N 7 1920 14 7 1 0 0
K 0 0 43
K 0 35 43
K 0 35 59
K 0 7 59
K 0 0 59
K 0 -14 59
A D 2 8 0
A P 1 175 0
A P 1 146 0
J N 7 1957 42 7 2305 576 0
K 0 -35 43
K 0 0 43
K 0 -35 60
K 0 -7 60
K 0 0 60
K 0 14 60
A D 2 8 0
A P 1 180 0
A P 1 152 0
J N 7 2011 35 7 4609 576 0
K 0 -35 43
K 0 0 43
K 0 -35 60
K 0 -7 60
K 0 0 60
K 0 14 60
A D 2 8 0
A P 1 186 0
A P 1 157 0
J B 757 2050 1 82 6913 576 0
E *
L 1532 0 -98 313 313 * 0 14 0
J D 0 -83 42 1 6913 0 0
W 0 0 31 Vc
J C 22 5 14 36 6913 0 0
J K -1 57 0 1 6913 0 0
K 0 42 65
J D 0 38 -14 1 6913 0 0
W 0 0 0 \07\04\03
J R 9 150 28 2 1 10000 0
K 0 0 46
A D 6 8 0
A P 1 0 0
J B 744 237 1 82 6913 1728 0
J N 7 258 -35 9 1 0 0
K 0 21 45
K 0 7 45
K 0 0 43
K 0 7 45
K 1 7 45
K 0 0 60
K 0 28 60
K 0 35 60
A D 2 8 0
A P 1 180 0
J R 7 296 28 2 2305 576 0
K 0 0 48
A D 2 8 1
A P 1 0 1
J R 7 334 28 2 4609 576 0
K 0 0 48
A D 2 8 0
A P 1 0 0
J B 745 374 1 82 6913 576 0
J N 7 395 14 4 1 0 0
K 0 0 43
K 0 0 60
K 0 21 60
A D 2 8 0
A P 1 140 0
J R 7 433 28 2 2305 576 0
K 0 0 48
A D 2 8 1
A P 1 0 1
J R 7 471 28 2 4609 576 0
K 0 0 48
A D 2 8 0
A P 1 0 0
J B 746 511 1 82 6913 576 0
J R 9 569 28 2 1 10000 0
K 0 0 46
A D 6 8 0
A P 1 0 0
J B 747 656 1 82 6913 1728 0
J N 7 677 -35 9 1 0 0
K 0 21 45
K 0 7 45
K 0 0 43
K 0 7 45
K 1 7 45
K 0 0 60
K 0 28 60
K 0 35 60
A D 2 8 0
A P 1 180 0
J R 7 715 28 2 2305 576 0
K 0 0 48
A D 2 8 1
A P 1 0 1
J R 7 753 28 2 4609 576 0
K 0 0 48
A D 2 8 0
A P 1 0 0
J B 748 793 1 82 6913 576 0
J N 7 814 14 4 1 0 0
K 0 0 43
K 0 0 60
K 0 21 60
A D 2 8 0
A P 1 140 0
J R 7 852 28 2 2305 576 0
K 0 0 48
A D 2 8 1
A P 1 0 1
J R 7 890 28 2 4609 576 0
K 0 0 48
A D 2 8 0
A P 1 0 0
J B 749 930 1 82 6913 576 0
J R 9 988 28 2 1 10000 0
K 0 0 46
A D 6 8 0
A P 1 0 0
J B 750 1075 1 82 6913 1728 0
J N 7 1096 -35 9 1 0 0
K 0 21 45
K 0 7 45
K 0 0 43
K 0 7 45
K 1 7 45
K 0 0 60
K 0 28 60
K 0 35 60
A D 2 8 0
A P 1 180 0
J R 7 1134 28 2 2305 576 0
K 0 0 48
A D 2 8 1
A P 1 0 1
J R 7 1172 28 2 4609 576 0
K 0 0 48
A D 2 8 0
A P 1 0 0
J B 751 1212 1 82 6913 576 0
J N 7 1233 14 4 1 0 0
K 0 0 43
K 0 0 60
K 0 21 60
A D 2 8 0
A P 1 140 0
J R 7 1270 28 2 2305 576 0
K 0 0 48
A D 2 8 1
A P 1 0 1
J R 7 1307 28 2 4609 576 0
K 0 0 48
A D 2 8 0
A P 1 0 0
J B 752 1346 1 82 6913 576 0
J N 7 1367 14 4 1 0 0
K 0 0 43
K 0 0 60
K 0 21 60
A D 2 8 0
A P 1 140 0
J R 7 1404 28 2 2305 576 0
K 0 0 48
A D 2 8 1
A P 1 0 1
J R 7 1441 28 2 4609 576 0
K 0 0 48
A D 2 8 0
A P 1 0 0
J B 753 1480 1 82 6913 576 0
J N 7 1501 63 4 1 0 0
K 0 0 43
K 0 0 59
K 0 -21 59
A D 2 8 0
A P 1 100 0
J R 7 1538 28 2 2305 576 0
K 0 0 48
A D 2 8 1
A P 1 0 1
J R 7 1592 28 2 4609 576 0
K 0 0 48
A D 2 8 0
A P 1 0 0
J B 754 1631 1 82 6913 576 0
J N 7 1652 14 4 1 0 0
K 0 0 43
K 0 0 60
K 0 21 60
A D 2 8 0
A P 1 140 0
J R 7 1689 28 2 2305 576 0
K 0 0 48
A D 2 8 1
A P 1 0 1
J R 7 1726 28 2 4609 576 0
K 0 0 48
A D 2 8 0
A P 1 0 0
J B 755 1765 1 82 6913 576 0
J D 0 1779 0 1 1 0 0
W 0 -35 32 arco
J D 0 1786 0 1 1 0 0
W 0 93 1 p!36| dimin.
J N 7 1786 -14 7 1 0 0
K 0 0 45
K 0 0 43
K -1 0 45
K 2 0 45
K 0 0 60
K 0 21 60
A D 2 8 0
A P 1 163 0
J N 7 1823 -14 7 2305 576 0
K 0 0 45
K 0 0 43
K -1 0 45
K 2 0 45
K 0 0 60
K 0 21 60
A D 2 8 0
A P 1 163 0
J N 7 1860 -14 7 4609 576 0
K 0 0 45
K 0 0 43
K -1 0 45
K 2 0 45
K 0 0 60
K 0 21 60
A D 2 8 0
A P 1 163 0
J B 756 1899 1 82 6913 576 0
J N 7 1920 -14 7 1 0 0
K 0 0 45
K 0 0 43
K -1 0 45
K 2 0 45
K 0 0 60
K 0 21 60
A D 2 8 0
A P 1 163 0
J N 7 1957 -14 7 2305 576 0
K 0 0 45
K 0 0 43
K -1 0 45
K 2 0 45
K 0 0 60
K 0 21 60
A D 2 8 0
A P 1 163 0
J N 7 2011 -14 7 4609 576 0
K 0 0 45
K 0 0 43
K -1 0 45
K 2 0 45
K 0 0 60
K 0 21 60
A D 2 8 0
A P 1 163 0
J B 757 2050 1 82 6913 576 0
E *
L 1662 0 -98 313 313 * 0 14 0
J D 0 -83 42 1 6913 0 0
W 0 0 31 Cb
J C 22 5 14 36 6913 0 0
J K -1 57 0 1 6913 0 0
K 0 42 65
J D 0 38 -14 1 6913 0 0
W 0 0 0 \07\04\03
J R 9 150 28 2 1 10000 0
K 0 0 46
A D 6 8 0
A P 1 0 0
J B 744 237 1 82 6913 1728 0
J N 7 258 -35 9 1 0 0
K 0 21 45
K 0 7 45
K 0 0 43
K 0 7 45
K 1 7 45
K 0 0 60
K 0 28 60
K 0 35 60
A D 2 8 0
A P 1 180 0
J R 7 296 28 2 2305 576 0
K 0 0 48
A D 2 8 1
A P 1 0 1
J R 7 334 28 2 4609 576 0
K 0 0 48
A D 2 8 0
A P 1 0 0
J B 745 374 1 82 6913 576 0
J N 7 395 14 4 1 0 0
K 0 0 43
K 0 0 60
K 0 21 60
A D 2 8 0
A P 1 140 0
J R 7 433 28 2 2305 576 0
K 0 0 48
A D 2 8 1
A P 1 0 1
J R 7 471 28 2 4609 576 0
K 0 0 48
A D 2 8 0
A P 1 0 0
J B 746 511 1 82 6913 576 0
J R 9 569 28 2 1 10000 0
K 0 0 46
A D 6 8 0
A P 1 0 0
J B 747 656 1 82 6913 1728 0
J N 7 677 -35 9 1 0 0
K 0 21 45
K 0 7 45
K 0 0 43
K 0 7 45
K 1 7 45
K 0 0 60
K 0 28 60
K 0 35 60
A D 2 8 0
A P 1 180 0
J R 7 715 28 2 2305 576 0
K 0 0 48
A D 2 8 1
A P 1 0 1
J R 7 753 28 2 4609 576 0
K 0 0 48
A D 2 8 0
A P 1 0 0
J B 748 793 1 82 6913 576 0
J N 7 814 14 4 1 0 0
K 0 0 43
K 0 0 60
K 0 21 60
A D 2 8 0
A P 1 140 0
J R 7 852 28 2 2305 576 0
K 0 0 48
A D 2 8 1
A P 1 0 1
J R 7 890 28 2 4609 576 0
K 0 0 48
A D 2 8 0
A P 1 0 0
J B 749 930 1 82 6913 576 0
J R 9 988 28 2 1 10000 0
K 0 0 46
A D 6 8 0
A P 1 0 0
J B 750 1075 1 82 6913 1728 0
J N 7 1096 -35 9 1 0 0
K 0 21 45
K 0 7 45
K 0 0 43
K 0 7 45
K 1 7 45
K 0 0 60
K 0 28 60
K 0 35 60
A D 2 8 0
A P 1 180 0
J R 7 1134 28 2 2305 576 0
K 0 0 48
A D 2 8 1
A P 1 0 1
J R 7 1172 28 2 4609 576 0
K 0 0 48
A D 2 8 0
A P 1 0 0
J B 751 1212 1 82 6913 576 0
J N 7 1233 14 4 1 0 0
K 0 0 43
K 0 0 60
K 0 21 60
A D 2 8 0
A P 1 140 0
J R 7 1270 28 2 2305 576 0
K 0 0 48
A D 2 8 1
A P 1 0 1
J R 7 1307 28 2 4609 576 0
K 0 0 48
A D 2 8 0
A P 1 0 0
J B 752 1346 1 82 6913 576 0
J N 7 1367 14 4 1 0 0
K 0 0 43
K 0 0 60
K 0 21 60
A D 2 8 0
A P 1 140 0
J R 7 1404 28 2 2305 576 0
K 0 0 48
A D 2 8 1
A P 1 0 1
J R 7 1441 28 2 4609 576 0
K 0 0 48
A D 2 8 0
A P 1 0 0
J B 753 1480 1 82 6913 576 0
J N 7 1501 63 4 1 0 0
K 0 0 43
K 0 0 59
K 0 -21 59
A D 2 8 0
A P 1 100 0
J R 7 1538 28 2 2305 576 0
K 0 0 48
A D 2 8 1
A P 1 0 1
J R 7 1592 28 2 4609 576 0
K 0 0 48
A D 2 8 0
A P 1 0 0
J B 754 1631 1 82 6913 576 0
J N 7 1652 14 4 1 0 0
K 0 0 43
K 0 0 60
K 0 21 60
A D 2 8 0
A P 1 140 0
J R 7 1689 28 2 2305 576 0
K 0 0 48
A D 2 8 1
A P 1 0 1
J R 7 1726 28 2 4609 576 0
K 0 0 48
A D 2 8 0
A P 1 0 0
J B 755 1765 1 82 6913 576 0
J N 7 1786 -14 7 1 0 0
K 0 0 45
K 0 0 43
K -1 0 45
K 2 0 45
K 0 0 60
K 0 21 60
A D 2 8 0
A P 1 163 0
J R 7 1823 28 2 2305 576 0
K 0 0 48
A D 2 8 1
A P 1 0 1
J R 7 1860 28 2 4609 576 0
K 0 0 48
A D 2 8 0
A P 1 0 0
J B 756 1899 1 82 6913 576 0
J N 7 1920 35 4 1 0 0
K 0 0 43
K 0 0 59
K 0 -21 59
A D 2 8 0
A P 1 123 0
J R 7 1957 28 2 2305 576 0
K 0 0 48
A D 2 8 1
A P 1 0 1
J R 7 2011 28 2 4609 576 0
K 0 0 48
A D 2 8 0
A P 1 0 0
J B 757 2050 1 82 6913 576 0
E *
B 1 237 0
B 1 374 0
B 1 511 0
B 1 656 0
B 1 793 0
B 1 930 0
B 1 1075 0
B 1 1212 0
B 1 1346 0
B 1 1480 0
B 1 1631 0
B 1 1765 0
B 1 1899 0
B 1 2050 0
