S 0 200 140 2050 1336 11 "[(....)][(..)](.)[({..}..)]"
L 0 0 0 330 330 * 0 14 0
J D 0 -108 42 1 6913 0 0
W 0 0 31 Fl 1-2
J C 4 5 42 2 6913 0 0
K 0 0 33
K 0 0 34
J K 2 57 0 2 6913 0 0
K 0 0 63
K 15 21 63
J D 0 -27 -14 1 6913 0 0
W 0 0 37 \03\08\01
J N 6 130 -14 13 1 0 3 166 164 165
K 0 0 45
K 0 -14 45
K 0 -28 45
K 0 -42 45
K 0 -49 43
K 0 -42 45
K 1 -42 45
K 0 0 43
K -1 0 45
K 2 0 45
K 0 -49 60
K 0 -28 60
A D 2 16 0
A P 1 272 0
A P 2 232 0
J M 0 78 0 0 6913 0 1 164
H 164 T -63 0 0 0 0 0 1 0
J M 0 78 0 0 6913 0 1 165
H 165 T -14 0 0 0 0 0 15 0
J N 6 174 -7 11 865 288 1 166
K 0 -7 45
K 0 -21 45
K 0 -35 45
K 0 -49 45
K 0 -49 43
K -1 -49 45
K 2 -49 45
K 0 0 43
K 0 -49 60
K 0 -28 60
A D 2 16 0
A P 1 266 0
A P 2 226 0
J N 6 208 0 10 1729 288 1 166
K 0 -14 45
K 0 -28 45
K 0 -42 45
K 0 -49 43
K 0 -42 45
K 1 -42 45
K 0 0 43
K 0 -49 60
K 0 -28 60
A D 2 16 0
A P 1 261 0
A P 2 221 0
J N 6 242 7 10 2593 288 1 166
K 0 -21 45
K 0 -35 45
K 0 -49 45
K 0 -49 43
K -1 -49 45
K 2 -49 45
K 0 0 43
K 0 -49 60
K 0 -28 60
A D 2 16 0
A P 1 255 0
A P 2 215 0
H 166 B -61 3 108 4 2 1 1 3
J N 6 276 14 9 3457 288 1 167
K 0 -28 45
K 0 -42 45
K 0 -49 43
K 0 -42 45
K 1 -42 45
K 0 0 43
K 0 -49 60
K 0 -28 60
A D 2 16 0
A P 1 249 0
A P 2 209 0
J N 6 310 21 9 4321 288 1 167
K 0 -35 45
K 0 -49 45
K 0 -49 43
K -1 -49 45
K 2 -49 45
K 0 0 43
K 0 -49 60
K 0 -28 60
A D 2 16 0
A P 1 244 0
A P 2 204 0
J N 6 344 28 8 5185 288 1 167
K 0 -42 45
K 0 -49 43
K 0 -42 45
K 1 -42 45
K 0 0 43
K 0 -49 60
K 0 -28 60
A D 2 16 0
A P 1 238 0
A P 2 198 0
J N 6 378 35 8 6049 288 1 167
K 0 -49 45
K 0 -49 43
K -1 -49 45
K 2 -49 45
K 0 0 43
K 0 -49 60
K 0 -28 60
A D 2 16 0
A P 1 232 0
A P 2 192 0
H 167 B -50 4 108 4 2 1 1 3
J B 382 414 1 82 6913 288 0
J N 7 435 14 11 1 0 0
K 0 -28 45
K 0 -42 45
K 0 -49 43
K 0 -42 45
K 1 -42 45
K 0 0 43
K 0 -49 60
K 0 -28 60
K 0 0 60
K 0 21 60
A D 4 16 0
A P 1 249 0
A P 2 209 0
J R 7 482 28 2 1729 576 0
K 0 0 48
A D 4 16 0
A P 1 0 0
J R 7 550 28 2 3457 576 0
K 0 0 48
A D 4 16 1
A P 3 0 1
J R 6 597 28 2 5185 576 0
K 0 0 49
A D 2 16 0
A P 3 0 0
J D 0 631 0 1 6049 288 0
W 0 -44 32 zu2
J D 0 601 0 1 6049 0 0
W 0 92 36 cresc.
J N 6 631 0 3 6049 0 1 168
K 0 0 43
K 0 0 54
A D 2 16 0
A P 3 221 0
J B 383 677 1 82 6913 288 0
J N 7 698 -7 4 1 0 1 168
K 0 0 43
K 0 0 60
K 0 21 60
A D 4 16 0
A P 3 226 0
H 168 S 0 0 0 0 0 0 0 0 0
J R 7 745 28 2 1729 576 0
K 0 0 48
A D 4 16 1
A P 3 0 1
J R 7 813 28 2 3457 576 0
K 0 0 48
A D 4 16 1
A P 3 0 1
J R 6 860 28 2 5185 576 0
K 0 0 49
A D 2 16 0
A P 3 0 0
J N 6 904 -7 4 6049 288 1 169
K -18 0 63
K 0 0 43
K 0 0 54
A D 2 16 0
A P 3 227 0
J B 384 950 1 82 6913 288 0
J N 7 971 -14 7 1 0 1 169
K 0 0 45
K 0 0 43
K -1 0 45
K 2 0 45
K 0 0 60
K 0 21 60
A D 4 16 0
A P 3 232 0
H 169 S 0 0 0 0 0 0 0 0 0
J R 7 1018 28 2 1729 576 0
K 0 0 48
A D 4 16 1
A P 3 0 1
J R 7 1086 28 2 3457 576 0
K 0 0 48
A D 4 16 1
A P 3 0 1
J R 6 1133 28 2 5185 576 0
K 0 0 49
A D 2 16 0
A P 3 0 0
J N 6 1177 -21 8 6049 288 1 170
K 0 7 45
K -15 0 65
K 0 0 43
K 0 7 45
K 1 7 45
K 0 0 60
K 0 0 54
A D 2 16 0
A P 3 237 0
J B 385 1213 1 82 6913 288 0
J N 7 1236 -21 8 1 0 1 170
K 0 7 45
K -14 0 64
K 0 0 43
K 0 7 45
K 1 7 45
K 0 0 60
K 0 21 60
A D 4 16 0
A P 3 238 0
H 170 S 0 0 0 0 0 0 0 0 0
J R 7 1283 28 2 1729 576 0
K 0 0 48
A D 4 16 1
A P 3 0 1
J R 7 1351 28 2 3457 576 0
K 0 0 48
A D 4 16 1
A P 3 0 1
J R 6 1398 28 2 5185 576 0
K 0 0 49
A D 2 16 0
A P 3 0 0
J N 6 1432 -21 7 6049 288 1 171
K 0 7 45
K 0 0 43
K 0 7 45
K 1 7 45
K 0 0 60
K 0 0 54
A D 2 16 0
A P 3 238 0
J B 386 1468 1 82 6913 288 0
J N 6 1491 -28 9 1 0 2 172 171
K 0 14 45
K 0 0 45
K -14 0 64
K 0 0 43
K -1 0 45
K 2 0 45
K 0 113 110
K 17 113 110
A D 2 16 0
A P 3 243 0
H 171 S 0 0 0 0 0 0 0 0 0
J N 6 1525 -21 5 865 288 1 172
K 0 7 45
K 0 0 43
K 0 7 45
K 1 7 45
A D 2 16 0
A P 3 238 0
J N 6 1559 -14 5 1729 288 1 172
K 0 0 45
K 0 0 43
K -1 0 45
K 2 0 45
A D 2 16 0
A P 3 232 0
J N 6 1593 -21 5 2593 288 1 172
K 0 7 45
K 0 0 43
K 0 7 45
K 1 7 45
A D 2 16 0
A P 3 238 0
H 172 B -57 1 108 4 2 1 1 3
J N 6 1626 -28 6 3457 288 1 173
K 0 14 45
K 0 0 45
K 0 0 43
K -1 0 45
K 2 0 45
A D 2 16 0
A P 3 243 0
J N 6 1659 -21 5 4321 288 1 173
K 0 7 45
K 0 0 43
K 0 7 45
K 1 7 45
A D 2 16 0
A P 3 238 0
J N 6 1692 -28 6 5185 288 1 173
K 0 14 45
K 0 0 45
K 0 0 43
K -1 0 45
K 2 0 45
A D 2 16 0
A P 3 243 0
J N 6 1725 -21 5 6049 288 1 173
K 0 7 45
K 0 0 43
K 0 7 45
K 1 7 45
A D 2 16 0
A P 3 238 0
H 173 B -56 0 108 4 2 1 1 3
J B 387 1760 1 82 6913 288 0
J N 6 1784 -28 7 1 0 1 174
K 0 14 45
K 0 0 45
K -14 0 64
K 0 0 43
K -1 0 45
K 2 0 45
A D 2 16 0
A P 3 243 0
J N 6 1817 -21 5 865 288 1 174
K 0 7 45
K 0 0 43
K 0 7 45
K 1 7 45
A D 2 16 0
A P 3 238 0
J N 6 1850 -14 5 1729 288 1 174
K 0 0 45
K 0 0 43
K -1 0 45
K 2 0 45
A D 2 16 0
A P 3 232 0
J N 6 1883 -21 5 2593 288 1 174
K 0 7 45
K 0 0 43
K 0 7 45
K 1 7 45
A D 2 16 0
A P 3 238 0
H 174 B -57 1 108 4 2 1 1 3
J N 6 1916 -28 6 3457 288 1 175
K 0 14 45
K 0 0 45
K 0 0 43
K -1 0 45
K 2 0 45
A D 2 16 0
A P 3 243 0
J N 6 1949 -21 5 4321 288 1 175
K 0 7 45
K 0 0 43
K 0 7 45
K 1 7 45
A D 2 16 0
A P 3 238 0
J N 6 1982 -28 6 5185 288 1 175
K 0 14 45
K 0 0 45
K 0 0 43
K -1 0 45
K 2 0 45
A D 2 16 0
A P 3 243 0
J N 6 2015 -21 5 6049 288 1 175
K 0 7 45
K 0 0 43
K 0 7 45
K 1 7 45
A D 2 16 0
A P 3 238 0
H 175 B -56 0 108 4 2 1 1 3
J B 388 2050 1 82 6913 288 0
E *
L 125 0 0 330 330 * 0 14 0
J D 0 -119 42 1 6913 0 0
W 0 0 31 Ob 1-2
J C 4 5 42 2 6913 0 0
K 0 0 33
K 0 0 34
J K 2 57 0 2 6913 0 0
K 0 0 63
K 15 21 63
J D 0 -27 -14 1 6913 0 0
W 0 0 0 \03\08\01
J N 9 130 -7 2 1 0 1 165
K 0 0 41
A D 16 16 0
A P 1 226 0
J M 0 78 0 0 6913 0 1 165
H 165 T -7 0 0 0 0 0 3 0
J N 9 130 21 2 1 0 1 166
K 0 0 41
A D 16 16 0
A P 2 204 0
J M 0 78 0 0 6913 0 1 166
H 166 T 21 0 0 0 0 0 11 0
J B 382 414 1 82 6913 2304 0
J N 7 435 14 6 1 0 0
K 0 -14 43
K 0 0 43
K 0 -14 60
K 0 0 60
K 0 21 60
A D 4 16 0
A P 1 221 0
A P 2 209 0
J R 7 482 28 2 1729 576 0
K 0 0 48
A D 4 16 1
A P 1 0 1
J R 7 550 28 2 3457 576 0
K 0 0 48
A D 4 16 1
A P 1 0 1
J R 6 597 28 2 5185 576 0
K 0 0 49
A D 2 16 0
A P 1 0 0
J D 0 598 0 1 6049 288 0
W 0 117 36 cresc.
J N 6 631 49 6 6049 0 1 167
K 0 -49 43
K 0 0 43
K 0 -49 60
K 0 -28 60
K 0 0 52
A D 2 16 0
A P 1 221 0
A P 2 181 0
J B 383 677 1 82 6913 288 0
J N 7 698 42 7 1 0 1 167
K 0 -49 43
K 0 0 43
K 0 -49 60
K 0 -28 60
K 0 0 60
K 0 14 60
A D 4 16 0
A P 1 226 0
A P 2 186 0
H 167 S 0 0 -49 0 -49 0 0 0 0
J R 7 745 28 2 1729 576 0
K 0 0 48
A D 4 16 1
A P 1 0 1
J R 7 813 28 2 3457 576 0
K 0 0 48
A D 4 16 1
A P 1 0 1
J R 6 860 28 2 5185 576 0
K 0 0 49
A D 2 16 0
A P 1 0 0
J N 6 904 42 8 6049 288 1 168
K -18 -49 63
K -18 0 63
K 0 -49 43
K 0 0 43
K 0 -49 60
K 0 -28 60
K 0 0 52
A D 2 16 0
A P 1 227 0
A P 2 187 0
J B 384 950 1 82 6913 288 0
J N 7 971 35 10 1 0 1 168
K 0 -49 45
K 0 -49 43
K -1 -49 45
K 2 -49 45
K 0 0 43
K 0 -49 60
K 0 -28 60
K 0 0 60
K 0 14 60
A D 4 16 0
A P 1 232 0
A P 2 192 0
H 168 S 0 0 -49 0 -49 0 0 0 0
J R 7 1018 28 2 1729 576 0
K 0 0 48
A D 4 16 1
A P 1 0 1
J R 7 1086 28 2 3457 576 0
K 0 0 48
A D 4 16 1
A P 1 0 1
J R 6 1133 28 2 5185 576 0
K 0 0 49
A D 2 16 0
A P 1 0 0
J N 6 1177 28 11 6049 288 1 169
K 0 -42 45
K -15 -49 65
K -15 0 65
K 0 -49 43
K 0 -42 45
K 1 -42 45
K 0 0 43
K 0 -49 60
K 0 -28 60
K 0 0 54
A D 2 16 0
A P 1 237 0
A P 2 197 0
J B 385 1213 1 82 6913 288 0
J N 7 1236 28 12 1 0 1 169
K 0 -42 45
K -14 -49 64
K -14 0 64
K 0 -49 43
K 0 -42 45
K 1 -42 45
K 0 0 43
K 0 -49 60
K 0 -28 60
K 0 0 60
K 0 21 60
A D 4 16 0
A P 1 238 0
A P 2 198 0
H 169 S 0 0 -49 0 -49 0 0 0 0
J R 7 1283 28 2 1729 576 0
K 0 0 48
A D 4 16 1
A P 1 0 1
J R 7 1351 28 2 3457 576 0
K 0 0 48
A D 4 16 1
A P 1 0 1
J R 6 1398 28 2 5185 576 0
K 0 0 49
A D 2 16 0
A P 1 0 0
J N 6 1432 28 9 6049 288 1 170
K 0 -42 45
K 0 -49 43
K 0 -42 45
K 1 -42 45
K 0 0 43
K 0 -49 60
K 0 -28 60
K 0 0 54
A D 2 16 0
A P 1 238 0
A P 2 198 0
J B 386 1468 1 82 6913 288 0
J N 6 1491 21 13 1 0 2 171 170
K 0 -35 45
K 0 -49 45
K -14 -49 64
K -14 0 64
K 0 -49 43
K -1 -49 45
K 2 -49 45
K 0 0 43
K 0 86 110
K 17 86 110
K 0 -49 60
K 0 -28 60
A D 2 16 0
A P 1 243 0
A P 2 203 0
H 170 S 0 0 -49 0 -49 0 0 0 0
J N 6 1525 28 8 865 288 1 171
K 0 -42 45
K 0 -49 43
K 0 -42 45
K 1 -42 45
K 0 0 43
K 0 -49 60
K 0 -28 60
A D 2 16 0
A P 1 238 0
A P 2 198 0
J N 6 1559 35 8 1729 288 1 171
K 0 -49 45
K 0 -49 43
K -1 -49 45
K 2 -49 45
K 0 0 43
K 0 -49 60
K 0 -28 60
A D 2 16 0
A P 1 232 0
A P 2 192 0
J N 6 1593 28 8 2593 288 1 171
K 0 -42 45
K 0 -49 43
K 0 -42 45
K 1 -42 45
K 0 0 43
K 0 -49 60
K 0 -28 60
A D 2 16 0
A P 1 238 0
A P 2 198 0
H 171 B -54 1 108 4 2 1 1 3
J N 6 1626 21 9 3457 288 1 172
K 0 -35 45
K 0 -49 45
K 0 -49 43
K -1 -49 45
K 2 -49 45
K 0 0 43
K 0 -49 60
K 0 -28 60
A D 2 16 0
A P 1 243 0
A P 2 203 0
J N 6 1659 28 8 4321 288 1 172
K 0 -42 45
K 0 -49 43
K 0 -42 45
K 1 -42 45
K 0 0 43
K 0 -49 60
K 0 -28 60
A D 2 16 0
A P 1 238 0
A P 2 198 0
J N 6 1692 21 9 5185 288 1 172
K 0 -35 45
K 0 -49 45
K 0 -49 43
K -1 -49 45
K 2 -49 45
K 0 0 43
K 0 -49 60
K 0 -28 60
A D 2 16 0
A P 1 243 0
A P 2 203 0
J N 6 1725 28 8 6049 288 1 172
K 0 -42 45
K 0 -49 43
K 0 -42 45
K 1 -42 45
K 0 0 43
K 0 -49 60
K 0 -28 60
A D 2 16 0
A P 1 238 0
A P 2 198 0
H 172 B -49 0 108 4 2 1 1 3
J B 387 1760 1 82 6913 288 0
J N 6 1784 21 11 1 0 1 173
K 0 -35 45
K 0 -49 45
K -14 -49 64
K -14 0 64
K 0 -49 43
K -1 -49 45
K 2 -49 45
K 0 0 43
K 0 -49 60
K 0 -28 60
A D 2 16 0
A P 1 243 0
A P 2 203 0
J N 6 1817 28 8 865 288 1 173
K 0 -42 45
K 0 -49 43
K 0 -42 45
K 1 -42 45
K 0 0 43
K 0 -49 60
K 0 -28 60
A D 2 16 0
A P 1 238 0
A P 2 198 0
J N 6 1850 35 8 1729 288 1 173
K 0 -49 45
K 0 -49 43
K -1 -49 45
K 2 -49 45
K 0 0 43
K 0 -49 60
K 0 -28 60
A D 2 16 0
A P 1 232 0
A P 2 192 0
J N 6 1883 28 8 2593 288 1 173
K 0 -42 45
K 0 -49 43
K 0 -42 45
K 1 -42 45
K 0 0 43
K 0 -49 60
K 0 -28 60
A D 2 16 0
A P 1 238 0
A P 2 198 0
H 173 B -54 1 108 4 2 1 1 3
J N 6 1916 21 9 3457 288 1 174
K 0 -35 45
K 0 -49 45
K 0 -49 43
K -1 -49 45
K 2 -49 45
K 0 0 43
K 0 -49 60
K 0 -28 60
A D 2 16 0
A P 1 243 0
A P 2 203 0
J N 6 1949 28 8 4321 288 1 174
K 0 -42 45
K 0 -49 43
K 0 -42 45
K 1 -42 45
K 0 0 43
K 0 -49 60
K 0 -28 60
A D 2 16 0
A P 1 238 0
A P 2 198 0
J N 6 1982 21 9 5185 288 1 174
K 0 -35 45
K 0 -49 45
K 0 -49 43
K -1 -49 45
K 2 -49 45
K 0 0 43
K 0 -49 60
K 0 -28 60
A D 2 16 0
A P 1 243 0
A P 2 203 0
J N 6 2015 28 8 6049 288 1 174
K 0 -42 45
K 0 -49 43
K 0 -42 45
K 1 -42 45
K 0 0 43
K 0 -49 60
K 0 -28 60
A D 2 16 0
A P 1 238 0
A P 2 198 0
H 174 B -49 0 108 4 2 1 1 3
J B 388 2050 1 82 6913 288 0
E *
L 250 0 0 330 330 * 0 14 0
J D 0 -110 42 1 6913 0 0
W 0 -21 31 Cl 1-2
J D 0 -110 42 1 6913 0 0
W 8 21 31 (A)
J C 4 5 42 2 6913 0 0
K 0 0 33
K 0 0 34
J K -1 57 0 1 6913 0 0
K 0 28 65
J D 0 -27 -14 1 6913 0 0
W 0 0 0 \03\08\01
J N 9 130 7 2 1 0 1 79
K 0 0 41
A D 8 8 0
A P 1 215 0
J M 0 78 0 0 6913 0 1 79
H 79 T 7 0 0 0 0 0 3 0
J N 9 130 28 2 1 0 1 80
K 0 0 41
A D 8 8 0
A P 2 197 0
J M 0 78 0 0 6913 0 1 80
H 80 T 28 0 0 0 0 0 15 0
J B 382 414 1 82 6913 2304 0
J N 7 435 35 7 1 0 0
K 0 -35 43
K 0 0 43
K 0 -35 60
K 0 -28 60
K 0 0 60
K 0 14 60
A D 2 8 0
A P 1 220 0
A P 2 192 0
J R 7 482 28 2 1729 576 0
K 0 0 48
A D 2 8 0
A P 1 0 0
J R 7 550 28 2 3457 576 0
K 0 0 48
A D 2 8 1
A P 3 0 1
J R 6 597 28 2 5185 576 0
K 0 0 49
A D 1 8 0
A P 3 0 0
J D 0 605 0 1 6049 288 0
W 0 -23 32 zu 2
J D 0 598 0 1 6049 0 0
W 0 93 36 cresc.
J N 6 631 35 3 6049 0 1 81
K 0 0 43
K 0 0 53
A D 1 8 0
A P 3 192 0
J B 383 677 1 82 6913 288 0
J N 7 698 28 4 1 0 1 81
K 0 0 43
K 0 0 59
K 0 -14 59
A D 2 8 0
A P 3 197 0
H 81 S 0 14 0 0 0 0 0 0 0
J R 7 745 28 2 1729 576 0
K 0 0 48
A D 2 8 1
A P 3 0 1
J R 7 813 28 2 3457 576 0
K 0 0 48
A D 2 8 1
A P 3 0 1
J R 6 860 28 2 5185 576 0
K 0 0 49
A D 1 8 0
A P 3 0 0
J N 6 904 28 4 6049 288 1 82
K -14 0 64
K 0 0 43
K 0 0 54
A D 1 8 0
A P 3 198 0
J B 384 950 1 82 6913 288 0
J N 7 971 21 4 1 0 1 82
K 0 0 43
K 0 0 60
K 0 21 60
A D 2 8 0
A P 3 203 0
H 82 S 0 0 0 0 0 0 0 0 0
J R 7 1018 28 2 1729 576 0
K 0 0 48
A D 2 8 1
A P 3 0 1
J R 7 1086 28 2 3457 576 0
K 0 0 48
A D 2 8 1
A P 3 0 1
J R 6 1133 28 2 5185 576 0
K 0 0 49
A D 1 8 0
A P 3 0 0
J N 6 1177 21 4 6049 288 1 83
K -18 0 63
K 0 0 43
K 0 0 54
A D 1 8 0
A P 3 204 0
J B 385 1213 1 82 6913 288 0
J N 7 1236 14 4 1 0 1 83
K 0 0 43
K 0 0 60
K 0 21 60
A D 2 8 0
A P 3 209 0
H 83 S 0 0 0 0 0 0 0 0 0
J R 7 1283 28 2 1729 576 0
K 0 0 48
A D 2 8 1
A P 3 0 1
J R 7 1351 28 2 3457 576 0
K 0 0 48
A D 2 8 1
A P 3 0 1
J R 6 1398 28 2 5185 576 0
K 0 0 49
A D 1 8 0
A P 3 0 0
J N 6 1432 14 3 6049 288 1 84
K 0 0 43
K 0 0 54
A D 1 8 0
A P 3 209 0
J B 386 1468 1 82 6913 288 0
J N 6 1491 7 5 1 0 2 85 84
K -15 0 65
K 0 0 43
K 0 88 110
K 17 88 110
A D 1 8 0
A P 3 214 0
H 84 S 0 0 0 0 0 0 0 0 0
J N 6 1525 14 2 865 288 1 85
K 0 0 43
A D 1 8 0
A P 3 209 0
J N 6 1559 21 2 1729 288 1 85
K 0 0 43
A D 1 8 0
A P 3 203 0
J N 6 1593 14 2 2593 288 1 85
K 0 0 43
A D 1 8 0
A P 3 209 0
H 85 B -52 1 108 4 2 1 1 3
J N 6 1626 7 2 3457 288 1 86
K 0 0 43
A D 1 8 0
A P 3 214 0
J N 6 1659 14 2 4321 288 1 86
K 0 0 43
A D 1 8 0
A P 3 209 0
J N 6 1692 7 2 5185 288 1 86
K 0 0 43
A D 1 8 0
A P 3 214 0
J N 6 1725 14 2 6049 288 1 86
K 0 0 43
A D 1 8 0
A P 3 209 0
H 86 B -53 0 108 4 2 1 1 3
J B 387 1760 1 82 6913 288 0
J N 6 1784 7 3 1 0 1 87
K -15 0 65
K 0 0 43
A D 1 8 0
A P 3 214 0
J N 6 1817 14 2 865 288 1 87
K 0 0 43
A D 1 8 0
A P 3 209 0
J N 6 1850 21 2 1729 288 1 87
K 0 0 43
A D 1 8 0
A P 3 203 0
J N 6 1883 14 2 2593 288 1 87
K 0 0 43
A D 1 8 0
A P 3 209 0
H 87 B -52 1 108 4 2 1 1 3
J N 6 1916 7 2 3457 288 1 88
K 0 0 43
A D 1 8 0
A P 3 214 0
J N 6 1949 14 2 4321 288 1 88
K 0 0 43
A D 1 8 0
A P 3 209 0
J N 6 1982 7 2 5185 288 1 88
K 0 0 43
A D 1 8 0
A P 3 214 0
J N 6 2015 14 2 6049 288 1 88
K 0 0 43
A D 1 8 0
A P 3 209 0
H 88 B -53 0 108 4 2 1 1 3
J B 388 2050 1 82 6913 288 0
E *
L 375 0 0 330 330 * 0 14 0
J D 0 -130 42 1 6913 0 0
W 0 0 31 Fag 1-2
J C 22 5 14 36 6913 0 0
J K 2 57 0 2 6913 0 0
K 0 14 63
K 15 35 63
J D 0 -27 -14 1 6913 0 0
W 0 0 0 \03\08\01
J N 6 130 0 2 1 0 2 196 195
K 0 0 43
A D 2 16 0
A P 3 152 0
J M 0 78 0 0 6913 0 1 195
H 195 T 0 0 0 0 0 0 5 0
J N 6 174 7 2 865 288 1 196
K 0 0 43
A D 2 16 0
A P 3 146 0
J N 6 208 14 2 1729 288 1 196
K 0 0 43
A D 2 16 0
A P 3 141 0
J N 6 242 21 2 2593 288 1 196
K 0 0 43
A D 2 16 0
A P 3 135 0
H 196 B -61 3 108 4 2 1 1 3
J N 6 276 28 2 3457 288 1 197
K 0 0 43
A D 2 16 0
A P 3 129 0
J N 6 310 35 2 4321 288 1 197
K 0 0 43
A D 2 16 0
A P 3 124 0
J N 6 344 42 2 5185 288 1 197
K 0 0 43
A D 2 16 0
A P 3 118 0
J N 6 378 49 2 6049 288 1 197
K 0 0 43
A D 2 16 0
A P 3 112 0
H 197 B -50 4 108 4 2 1 1 3
J B 382 414 1 82 6913 288 0
J N 7 435 28 4 1 0 0
K 0 0 43
K 0 0 60
K 0 21 60
A D 4 16 0
A P 3 129 0
J R 7 482 28 2 1729 576 0
K 0 0 48
A D 4 16 1
A P 3 0 1
J R 7 550 28 2 3457 576 0
K 0 0 48
A D 4 16 1
A P 3 0 1
J R 6 597 28 2 5185 576 0
K 0 0 49
A D 2 16 0
A P 3 0 0
J D 0 598 0 1 6049 288 0
W 0 93 36 cresc.
J N 6 631 14 3 6049 0 1 198
K 0 0 43
K 0 0 54
A D 2 16 0
A P 3 141 0
J B 383 677 1 82 6913 288 0
J N 7 698 7 4 1 0 1 198
K 0 0 43
K 0 0 60
K 0 21 60
A D 4 16 0
A P 3 146 0
H 198 S 0 0 0 0 0 0 0 0 0
J R 7 745 28 2 1729 576 0
K 0 0 48
A D 4 16 1
A P 3 0 1
J R 7 813 28 2 3457 576 0
K 0 0 48
A D 4 16 1
A P 3 0 1
J R 6 860 28 2 5185 576 0
K 0 0 49
A D 2 16 0
A P 3 0 0
J N 6 904 7 4 6049 288 1 199
K -18 0 63
K 0 0 43
K 0 0 54
A D 2 16 0
A P 3 147 0
J B 384 950 1 82 6913 288 0
J N 7 971 0 4 1 0 1 199
K 0 0 43
K 0 0 60
K 0 21 60
A D 4 16 0
A P 3 152 0
H 199 S 0 0 0 0 0 0 0 0 0
J R 7 1018 28 2 1729 576 0
K 0 0 48
A D 4 16 1
A P 3 0 1
J R 7 1086 28 2 3457 576 0
K 0 0 48
A D 4 16 1
A P 3 0 1
J R 6 1133 28 2 5185 576 0
K 0 0 49
A D 2 16 0
A P 3 0 0
J N 6 1177 -7 4 6049 288 1 200
K -15 0 65
K 0 0 43
K 0 0 54
A D 2 16 0
A P 3 157 0
J B 385 1213 1 82 6913 288 0
J N 7 1236 -7 5 1 0 1 200
K -14 0 64
K 0 0 43
K 0 0 60
K 0 21 60
A D 4 16 0
A P 3 158 0
H 200 S 0 0 0 0 0 0 0 0 0
J R 7 1283 28 2 1729 576 0
K 0 0 48
A D 4 16 1
A P 3 0 1
J R 7 1351 28 2 3457 576 0
K 0 0 48
A D 4 16 1
A P 3 0 1
J R 6 1398 28 2 5185 576 0
K 0 0 49
A D 2 16 0
A P 3 0 0
J N 6 1432 -7 3 6049 288 1 201
K 0 0 43
K 0 0 54
A D 2 16 0
A P 3 158 0
J B 386 1468 1 82 6913 288 0
J N 6 1491 -14 8 1 0 2 202 201
K 0 0 45
K -14 0 64
K 0 0 43
K -1 0 45
K 2 0 45
K 0 99 110
K 17 99 110
A D 2 16 0
A P 3 163 0
H 201 S 0 0 0 0 0 0 0 0 0
J N 6 1525 -7 2 865 288 1 202
K 0 0 43
A D 2 16 0
A P 3 158 0
J N 6 1559 0 2 1729 288 1 202
K 0 0 43
A D 2 16 0
A P 3 152 0
J N 6 1593 -7 2 2593 288 1 202
K 0 0 43
A D 2 16 0
A P 3 158 0
H 202 B -57 1 108 4 2 1 1 3
J N 6 1626 -14 5 3457 288 1 203
K 0 0 45
K 0 0 43
K -1 0 45
K 2 0 45
A D 2 16 0
A P 3 163 0
J N 6 1659 -7 2 4321 288 1 203
K 0 0 43
A D 2 16 0
A P 3 158 0
J N 6 1692 -14 5 5185 288 1 203
K 0 0 45
K 0 0 43
K -1 0 45
K 2 0 45
A D 2 16 0
A P 3 163 0
J N 6 1725 -7 2 6049 288 1 203
K 0 0 43
A D 2 16 0
A P 3 158 0
H 203 B -56 0 108 4 2 1 1 3
J B 387 1760 1 82 6913 288 0
J N 6 1784 -14 6 1 0 1 204
K 0 0 45
K -14 0 64
K 0 0 43
K -1 0 45
K 2 0 45
A D 2 16 0
A P 3 163 0
J N 6 1817 -7 2 865 288 1 204
K 0 0 43
A D 2 16 0
A P 3 158 0
J N 6 1850 0 2 1729 288 1 204
K 0 0 43
A D 2 16 0
A P 3 152 0
J N 6 1883 -7 2 2593 288 1 204
K 0 0 43
A D 2 16 0
A P 3 158 0
H 204 B -57 1 108 4 2 1 1 3
J N 6 1916 -14 5 3457 288 1 205
K 0 0 45
K 0 0 43
K -1 0 45
K 2 0 45
A D 2 16 0
A P 3 163 0
J N 6 1949 -7 2 4321 288 1 205
K 0 0 43
A D 2 16 0
A P 3 158 0
J N 6 1982 -14 5 5185 288 1 205
K 0 0 45
K 0 0 43
K -1 0 45
K 2 0 45
A D 2 16 0
A P 3 163 0
J N 6 2015 -7 2 6049 288 1 205
K 0 0 43
A D 2 16 0
A P 3 158 0
H 205 B -56 0 108 4 2 1 1 3
J B 388 2050 1 82 6913 288 0
E *
L 515 0 0 330 330 * 0 14 0
J D 0 -130 42 1 6913 0 0
W 0 -21 31 Cor 1-2
J D 0 -130 42 1 6913 0 0
W 8 21 31 (D)
J C 4 5 42 2 6913 0 0
K 0 0 33
K 0 0 34
J K 0 57 0 0 6913 0 0
J D 0 -27 -14 1 6913 0 0
W 0 0 0 \03\08\01
J N 9 130 42 3 1 0 2 150 151
K 0 -28 41
K 0 0 41
A D 8 8 0
A P 1 209 0
A P 2 186 0
J M 0 78 0 0 6913 0 1 150
H 150 T 14 0 0 0 0 0 5 0
J M 0 78 0 0 6913 0 1 151
H 151 T 42 0 0 0 0 0 15 0
J B 382 414 1 82 6913 2304 0
J N 7 435 21 10 1 0 0
K 1 49 45
K 0 0 43
K 0 49 43
K -1 49 45
K 2 49 45
K 0 49 59
K 0 28 59
K 0 0 59
K 0 -14 59
A D 2 8 0
A P 1 203 0
A P 2 163 0
J R 7 482 28 2 1729 576 0
K 0 0 48
A D 2 8 0
A P 1 0 0
J D 0 550 0 1 3457 576 0
W 0 107 36 cresc.
J N 7 550 21 10 3457 0 0
K 1 49 45
K 0 0 43
K 0 49 43
K -1 49 45
K 2 49 45
K 0 49 59
K 0 28 59
K 0 0 59
K 0 -14 59
A D 2 8 0
A P 1 203 0
A P 2 163 0
J R 7 597 28 2 5185 576 0
K 0 0 48
A D 2 8 0
A P 1 0 0
J B 383 677 1 82 6913 576 0
J R 8 698 28 2 1 0 0
K 0 0 47
A D 4 8 0
A P 1 0 0
J N 7 813 21 10 3457 1152 0
K 1 49 45
K 0 0 43
K 0 49 43
K -1 49 45
K 2 49 45
K 0 49 59
K 0 28 59
K 0 0 59
K 0 -14 59
A D 2 8 0
A P 1 203 0
A P 2 163 0
J R 7 860 28 2 5185 576 0
K 0 0 48
A D 2 8 0
A P 1 0 0
J B 384 950 1 82 6913 576 0
J R 8 971 28 2 1 0 0
K 0 0 47
A D 4 8 0
A P 1 0 0
J N 7 1086 21 10 3457 1152 0
K 1 49 45
K 0 0 43
K 0 49 43
K -1 49 45
K 2 49 45
K 0 49 59
K 0 28 59
K 0 0 59
K 0 -14 59
A D 2 8 0
A P 1 203 0
A P 2 163 0
J R 7 1133 28 2 5185 576 0
K 0 0 48
A D 2 8 0
A P 1 0 0
J B 385 1213 1 82 6913 576 0
J R 8 1236 28 2 1 0 0
K 0 0 47
A D 4 8 0
A P 1 0 0
J N 7 1351 21 10 3457 1152 0
K 1 49 45
K 0 0 43
K 0 49 43
K -1 49 45
K 2 49 45
K 0 49 59
K 0 28 59
K 0 0 59
K 0 -14 59
A D 2 8 0
A P 1 203 0
A P 2 163 0
J R 7 1398 28 2 5185 576 0
K 0 0 48
A D 2 8 0
A P 1 0 0
J B 386 1468 1 82 6913 576 0
J N 7 1491 21 12 1 0 0
K 1 49 45
K 0 0 43
K 0 49 43
K -1 49 45
K 2 49 45
K 0 85 110
K 17 85 110
K 0 49 59
K 0 28 59
K 0 0 59
K 0 -14 59
A D 2 8 0
A P 1 203 0
A P 2 163 0
J N 7 1559 21 10 1729 576 0
K 1 49 45
K 0 0 43
K 0 49 43
K -1 49 45
K 2 49 45
K 0 49 59
K 0 28 59
K 0 0 59
K 0 -14 59
A D 2 8 0
A P 1 203 0
A P 2 163 0
J N 7 1626 21 10 3457 576 0
K 1 49 45
K 0 0 43
K 0 49 43
K -1 49 45
K 2 49 45
K 0 49 59
K 0 28 59
K 0 0 59
K 0 -14 59
A D 2 8 0
A P 1 203 0
A P 2 163 0
J N 7 1692 21 10 5185 576 0
K 1 49 45
K 0 0 43
K 0 49 43
K -1 49 45
K 2 49 45
K 0 49 59
K 0 28 59
K 0 0 59
K 0 -14 59
A D 2 8 0
A P 1 203 0
A P 2 163 0
J B 387 1760 1 82 6913 576 0
J N 7 1784 21 10 1 0 0
K 1 49 45
K 0 0 43
K 0 49 43
K -1 49 45
K 2 49 45
K 0 49 59
K 0 28 59
K 0 0 59
K 0 -14 59
A D 2 8 0
A P 1 203 0
A P 2 163 0
J N 7 1850 21 10 1729 576 0
K 1 49 45
K 0 0 43
K 0 49 43
K -1 49 45
K 2 49 45
K 0 49 59
K 0 28 59
K 0 0 59
K 0 -14 59
A D 2 8 0
A P 1 203 0
A P 2 163 0
J N 7 1916 21 10 3457 576 0
K 1 49 45
K 0 0 43
K 0 49 43
K -1 49 45
K 2 49 45
K 0 49 59
K 0 28 59
K 0 0 59
K 0 -14 59
A D 2 8 0
A P 1 203 0
A P 2 163 0
J N 7 1982 21 10 5185 576 0
K 1 49 45
K 0 0 43
K 0 49 43
K -1 49 45
K 2 49 45
K 0 49 59
K 0 28 59
K 0 0 59
K 0 -14 59
A D 2 8 0
A P 1 203 0
A P 2 163 0
J B 388 2050 1 82 6913 576 0
E *
L 640 0 0 330 330 * 0 14 0
J D 0 -111 42 1 6913 0 0
W 0 -21 31 Tr 1-2
J D 0 -111 42 1 6913 0 0
W 8 21 31 (D)
J C 4 5 42 2 6913 0 0
K 0 0 33
K 0 0 34
J K 0 57 0 0 6913 0 0
J D 0 -27 -14 1 6913 0 0
W 0 0 0 \03\08\01
J N 7 130 42 11 1 0 0
K 1 28 45
K 1 42 45
K 0 0 43
K 0 49 43
K 0 42 45
K 1 42 45
K 0 49 59
K 0 28 59
K 0 0 59
K 0 -21 59
A D 2 8 0
A P 1 186 0
A P 2 146 0
J N 7 208 42 11 1729 576 0
K 1 28 45
K 1 42 45
K 0 0 43
K 0 49 43
K 0 42 45
K 1 42 45
K 0 49 59
K 0 28 59
K 0 0 59
K 0 -21 59
A D 2 8 0
A P 1 186 0
A P 2 146 0
J N 7 276 42 11 3457 576 0
K 1 28 45
K 1 42 45
K 0 0 43
K 0 49 43
K 0 42 45
K 1 42 45
K 0 49 59
K 0 28 59
K 0 0 59
K 0 -21 59
A D 2 8 0
A P 1 186 0
A P 2 146 0
J N 7 344 42 11 5185 576 0
K 1 28 45
K 1 42 45
K 0 0 43
K 0 49 43
K 0 42 45
K 1 42 45
K 0 49 59
K 0 28 59
K 0 0 59
K 0 -21 59
A D 2 8 0
A P 1 186 0
A P 2 146 0
J B 382 414 1 82 6913 576 0
J N 7 435 21 10 1 0 0
K 1 49 45
K 0 0 43
K 0 49 43
K -1 49 45
K 2 49 45
K 0 49 59
K 0 28 59
K 0 0 59
K 0 -14 59
A D 2 8 0
A P 1 203 0
A P 2 163 0
J R 7 482 28 2 1729 576 0
K 0 0 48
A D 2 8 0
A P 1 0 0
J D 0 550 0 1 3457 576 0
W 0 109 36 cresc.
J N 7 550 21 10 3457 0 0
K 1 49 45
K 0 0 43
K 0 49 43
K -1 49 45
K 2 49 45
K 0 49 59
K 0 28 59
K 0 0 59
K 0 -14 59
A D 2 8 0
A P 1 203 0
A P 2 163 0
J R 7 597 28 2 5185 576 0
K 0 0 48
A D 2 8 0
A P 1 0 0
J B 383 677 1 82 6913 576 0
J R 8 698 28 2 1 0 0
K 0 0 47
A D 4 8 0
A P 1 0 0
J N 7 813 21 10 3457 1152 0
K 1 49 45
K 0 0 43
K 0 49 43
K -1 49 45
K 2 49 45
K 0 49 59
K 0 28 59
K 0 0 59
K 0 -14 59
A D 2 8 0
A P 1 203 0
A P 2 163 0
J R 7 860 28 2 5185 576 0
K 0 0 48
A D 2 8 0
A P 1 0 0
J B 384 950 1 82 6913 576 0
J R 8 971 28 2 1 0 0
K 0 0 47
A D 4 8 0
A P 1 0 0
J N 7 1086 21 10 3457 1152 0
K 1 49 45
K 0 0 43
K 0 49 43
K -1 49 45
K 2 49 45
K 0 49 59
K 0 28 59
K 0 0 59
K 0 -14 59
A D 2 8 0
A P 1 203 0
A P 2 163 0
J R 7 1133 28 2 5185 576 0
K 0 0 48
A D 2 8 0
A P 1 0 0
J B 385 1213 1 82 6913 576 0
J R 8 1236 28 2 1 0 0
K 0 0 47
A D 4 8 0
A P 1 0 0
J N 7 1351 21 10 3457 1152 0
K 1 49 45
K 0 0 43
K 0 49 43
K -1 49 45
K 2 49 45
K 0 49 59
K 0 28 59
K 0 0 59
K 0 -14 59
A D 2 8 0
A P 1 203 0
A P 2 163 0
J R 7 1398 28 2 5185 576 0
K 0 0 48
A D 2 8 0
A P 1 0 0
J B 386 1468 1 82 6913 576 0
J N 7 1491 21 12 1 0 0
K 1 49 45
K 0 0 43
K 0 49 43
K -1 49 45
K 2 49 45
K 0 85 110
K 17 85 110
K 0 49 59
K 0 28 59
K 0 0 59
K 0 -14 59
A D 2 8 0
A P 1 203 0
A P 2 163 0
J N 7 1559 21 10 1729 576 0
K 1 49 45
K 0 0 43
K 0 49 43
K -1 49 45
K 2 49 45
K 0 49 59
K 0 28 59
K 0 0 59
K 0 -14 59
A D 2 8 0
A P 1 203 0
A P 2 163 0
J N 7 1626 21 10 3457 576 0
K 1 49 45
K 0 0 43
K 0 49 43
K -1 49 45
K 2 49 45
K 0 49 59
K 0 28 59
K 0 0 59
K 0 -14 59
A D 2 8 0
A P 1 203 0
A P 2 163 0
J N 7 1692 21 10 5185 576 0
K 1 49 45
K 0 0 43
K 0 49 43
K -1 49 45
K 2 49 45
K 0 49 59
K 0 28 59
K 0 0 59
K 0 -14 59
A D 2 8 0
A P 1 203 0
A P 2 163 0
J B 387 1760 1 82 6913 576 0
J N 7 1784 21 10 1 0 0
K 1 49 45
K 0 0 43
K 0 49 43
K -1 49 45
K 2 49 45
K 0 49 59
K 0 28 59
K 0 0 59
K 0 -14 59
A D 2 8 0
A P 1 203 0
A P 2 163 0
J N 7 1850 21 10 1729 576 0
K 1 49 45
K 0 0 43
K 0 49 43
K -1 49 45
K 2 49 45
K 0 49 59
K 0 28 59
K 0 0 59
K 0 -14 59
A D 2 8 0
A P 1 203 0
A P 2 163 0
J N 7 1916 21 10 3457 576 0
K 1 49 45
K 0 0 43
K 0 49 43
K -1 49 45
K 2 49 45
K 0 49 59
K 0 28 59
K 0 0 59
K 0 -14 59
A D 2 8 0
A P 1 203 0
A P 2 163 0
J N 7 1982 21 10 5185 576 0
K 1 49 45
K 0 0 43
K 0 49 43
K -1 49 45
K 2 49 45
K 0 49 59
K 0 28 59
K 0 0 59
K 0 -14 59
A D 2 8 0
A P 1 203 0
A P 2 163 0
J B 388 2050 1 82 6913 576 0
E *
L 765 0 0 330 330 * 0 14 0
J D 0 -117 42 1 6913 0 0
W 0 -21 31 Timp.
J D 0 -117 42 1 6913 0 0
W 8 21 31 (D-A)
J C 22 5 14 36 6913 0 0
J K 0 57 0 0 6913 0 0
J D 0 -27 -14 1 6913 0 0
W 0 0 0 \03\08\01
J N 8 130 49 6 1 0 0
K 0 0 42
K 0 -17 59
K 0 0 59
K 0 -16 59
K 0 -35 125
A D 4 8 0
A P 1 112 0
J N 8 276 49 6 3457 1152 0
K 0 0 42
K 0 -17 59
K 0 0 59
K 0 -16 59
K 0 -35 125
A D 4 8 0
A P 1 112 0
J B 382 414 1 82 6913 1152 0
J N 7 435 28 4 1 0 0
K 0 0 43
K 0 0 60
K 0 21 60
A D 2 8 0
A P 1 129 0
J R 7 482 28 2 1729 576 0
K 0 0 48
A D 2 8 0
A P 1 0 0
J D 0 550 0 1 3457 576 0
W 0 102 36 cresc.
J N 7 550 28 4 3457 0 0
K 0 0 43
K 0 0 60
K 0 21 60
A D 2 8 0
A P 1 129 0
J R 7 597 28 2 5185 576 0
K 0 0 48
A D 2 8 0
A P 1 0 0
J B 383 677 1 82 6913 576 0
J R 8 698 28 2 1 0 0
K 0 0 47
A D 4 8 0
A P 1 0 0
J N 7 813 28 4 3457 1152 0
K 0 0 43
K 0 0 60
K 0 21 60
A D 2 8 0
A P 1 129 0
J R 7 860 28 2 5185 576 0
K 0 0 48
A D 2 8 0
A P 1 0 0
J B 384 950 1 82 6913 576 0
J R 8 971 28 2 1 0 0
K 0 0 47
A D 4 8 0
A P 1 0 0
J N 7 1086 28 4 3457 1152 0
K 0 0 43
K 0 0 60
K 0 21 60
A D 2 8 0
A P 1 129 0
J R 7 1133 28 2 5185 576 0
K 0 0 48
A D 2 8 0
A P 1 0 0
J B 385 1213 1 82 6913 576 0
J R 8 1236 28 2 1 0 0
K 0 0 47
A D 4 8 0
A P 1 0 0
J N 7 1351 28 4 3457 1152 0
K 0 0 43
K 0 0 60
K 0 21 60
A D 2 8 0
A P 1 129 0
J R 7 1398 28 2 5185 576 0
K 0 0 48
A D 2 8 0
A P 1 0 0
J B 386 1468 1 82 6913 576 0
J N 8 1491 28 7 1 0 0
K 0 0 42
K 0 77 110
K 17 77 110
K 0 0 60
K 0 23 60
K -17 42 125
A D 4 8 0
A P 1 129 0
J N 8 1626 28 5 3457 1152 0
K 0 0 42
K 0 0 60
K 0 23 60
K -17 42 125
A D 4 8 0
A P 1 129 0
J B 387 1760 1 82 6913 1152 0
J N 8 1784 28 5 1 0 0
K 0 0 42
K 0 0 60
K 0 23 60
K -17 42 125
A D 4 8 0
A P 1 129 0
J N 8 1916 28 5 3457 1152 0
K 0 0 42
K 0 0 60
K 0 23 60
K -17 42 125
A D 4 8 0
A P 1 129 0
J B 388 2050 1 82 6913 1152 0
E *
L 900 0 0 330 330 * 0 14 0
J D 0 -119 42 1 6913 0 0
W 0 0 31 Vln 1
J C 4 5 42 2 6913 0 0
K 0 0 33
K 0 0 34
J K 2 57 0 2 6913 0 0
K 0 0 63
K 15 21 63
J D 0 -27 -14 1 6913 0 0
W 0 0 0 \03\08\01
J N 6 130 -14 6 1 0 1 433
K 0 0 45
K 0 0 43
K -1 0 45
K 2 0 45
K 0 -17 96
A D 2 16 0
A P 1 232 0
J N 6 174 -7 4 865 288 1 433
K -14 0 64
K 0 0 43
K 0 -17 96
A D 2 16 0
A P 1 226 0
J N 6 208 0 3 1729 288 1 433
K 0 0 43
K 0 -17 96
A D 2 16 0
A P 1 221 0
J N 6 242 7 3 2593 288 1 433
K 0 0 43
K 0 -17 96
A D 2 16 0
A P 1 215 0
H 433 B -61 3 108 4 2 1 1 3
J N 6 276 14 3 3457 288 1 434
K 0 0 43
K 0 -21 96
A D 2 16 0
A P 1 209 0
J N 6 310 21 3 4321 288 1 434
K 0 0 43
K 0 -14 96
A D 2 16 0
A P 1 204 0
J N 6 344 28 3 5185 288 1 434
K 0 0 43
K 0 -21 96
A D 2 16 0
A P 1 198 0
J N 6 378 35 3 6049 288 1 434
K 0 0 43
K 0 -14 96
A D 2 16 0
A P 1 192 0
H 434 B -50 4 108 4 2 1 1 3
J B 382 414 1 82 6913 288 0
J N 7 435 14 4 1 0 0
K 0 0 43
K 0 0 60
K 0 21 60
A D 4 16 0
A P 1 209 0
J R 6 482 28 2 1729 576 0
K 0 0 49
A D 2 16 0
A P 1 0 0
J D 0 516 0 1 2593 288 0
W 0 92 36 cresc.
J N 6 516 -28 8 2593 0 1 435
K 0 14 45
K 0 0 45
K 0 0 43
K -1 0 45
K 2 0 45
K 0 0 60
K 0 7 54
A D 2 16 0
A P 1 244 0
J N 7 550 -35 9 3457 288 1 435
K 0 21 45
K 0 7 45
K 0 0 43
K 0 7 45
K 1 7 45
K 0 0 60
K 0 28 60
K 0 35 60
A D 4 16 0
A P 1 249 0
H 435 S 0 0 0 0 0 0 0 0 0
J R 7 597 28 2 5185 576 0
K 0 0 48
A D 4 16 0
A P 1 0 0
J B 383 677 1 82 6913 576 0
J R 7 698 28 2 1 0 0
K 0 0 48
A D 4 16 1
A P 1 0 1
J R 6 745 28 2 1729 576 0
K 0 0 49
A D 2 16 0
A P 1 0 0
J N 6 779 -28 8 2593 288 1 436
K 0 14 45
K 0 0 45
K 0 0 43
K -1 0 45
K 2 0 45
K 0 0 60
K 0 7 54
A D 2 16 0
A P 1 244 0
J N 7 813 -35 9 3457 288 1 436
K 0 21 45
K 0 7 45
K 0 0 43
K 0 7 45
K 1 7 45
K 0 0 60
K 0 28 60
K 0 35 60
A D 4 16 0
A P 1 249 0
H 436 S 0 0 0 0 0 0 0 0 0
J R 7 860 28 2 5185 576 0
K 0 0 48
A D 4 16 0
A P 1 0 0
J B 384 950 1 82 6913 576 0
J R 7 971 28 2 1 0 0
K 0 0 48
A D 4 16 1
A P 1 0 1
J R 6 1018 28 2 1729 576 0
K 0 0 49
A D 2 16 0
A P 1 0 0
J N 6 1052 -28 8 2593 288 1 437
K 0 14 45
K 0 0 45
K 0 0 43
K -1 0 45
K 2 0 45
K 0 0 60
K 0 7 54
A D 2 16 0
A P 1 244 0
J N 7 1086 -35 9 3457 288 1 437
K 0 21 45
K 0 7 45
K 0 0 43
K 0 7 45
K 1 7 45
K 0 0 60
K 0 28 60
K 0 35 60
A D 4 16 0
A P 1 249 0
H 437 S 0 0 0 0 0 0 0 0 0
J R 7 1133 28 2 5185 576 0
K 0 0 48
A D 4 16 0
A P 1 0 0
J B 385 1213 1 82 6913 576 0
J R 7 1236 28 2 1 0 0
K 0 0 48
A D 4 16 1
A P 1 0 1
J R 6 1283 28 2 1729 576 0
K 0 0 49
A D 2 16 0
A P 1 0 0
J N 6 1317 -28 8 2593 288 1 438
K 0 14 45
K 0 0 45
K 0 0 43
K -1 0 45
K 2 0 45
K 0 0 60
K 0 7 54
A D 2 16 0
A P 1 244 0
J N 7 1351 -35 9 3457 288 1 438
K 0 21 45
K 0 7 45
K 0 0 43
K 0 7 45
K 1 7 45
K 0 0 60
K 0 28 60
K 0 35 60
A D 4 16 0
A P 1 249 0
H 438 S 0 0 0 0 0 0 0 0 0
J R 7 1398 28 2 5185 576 0
K 0 0 48
A D 4 16 0
A P 1 0 0
J B 386 1468 1 82 6913 576 0
J N 8 1491 14 14 1 0 0
K 0 -28 45
K 0 -42 45
K 0 -49 42
K 0 -42 45
K 1 -42 45
K 0 0 42
K 0 77 110
K 17 77 110
K 0 -49 60
K 0 -28 60
K 0 0 60
K 0 23 60
K -17 42 125
A D 8 16 0
A P 1 249 0
A P 1 209 0
J N 8 1626 14 12 3457 1152 0
K 0 -28 45
K 0 -42 45
K 0 -49 42
K 0 -42 45
K 1 -42 45
K 0 0 42
K 0 -49 60
K 0 -28 60
K 0 0 60
K 0 23 60
K -17 42 125
A D 8 16 0
A P 1 249 0
A P 1 209 0
J B 387 1760 1 82 6913 1152 0
J N 8 1784 14 12 1 0 0
K 0 -28 45
K 0 -42 45
K 0 -49 42
K 0 -42 45
K 1 -42 45
K 0 0 42
K 0 -49 60
K 0 -28 60
K 0 0 60
K 0 23 60
K -17 42 125
A D 8 16 0
A P 1 249 0
A P 1 209 0
J N 8 1916 14 12 3457 1152 0
K 0 -28 45
K 0 -42 45
K 0 -49 42
K 0 -42 45
K 1 -42 45
K 0 0 42
K 0 -49 60
K 0 -28 60
K 0 0 60
K 0 23 60
K -17 42 125
A D 8 16 0
A P 1 249 0
A P 1 209 0
J B 388 2050 1 82 6913 1152 0
E *
L 1030 0 0 330 330 * 0 14 0
J D 0 -119 42 1 6913 0 0
W 0 0 31 Vln 2
J C 4 5 42 2 6913 0 0
K 0 0 33
K 0 0 34
J K 2 57 0 2 6913 0 0
K 0 0 63
K 15 21 63
J D 0 -27 -14 1 6913 0 0
W 0 0 0 \03\08\01
J N 6 130 -14 6 1 0 1 253
K 0 0 45
K 0 0 43
K -1 0 45
K 2 0 45
K 0 -17 96
A D 2 16 0
A P 1 232 0
J N 6 174 -7 3 865 288 1 253
K 0 0 43
K 0 -17 96
A D 2 16 0
A P 1 226 0
J N 6 208 0 3 1729 288 1 253
K 0 0 43
K 0 -17 96
A D 2 16 0
A P 1 221 0
J N 6 242 7 3 2593 288 1 253
K 0 0 43
K 0 -17 96
A D 2 16 0
A P 1 215 0
H 253 B -61 3 108 4 2 1 1 3
J N 6 276 14 3 3457 288 1 254
K 0 0 43
K 0 -21 96
A D 2 16 0
A P 1 209 0
J N 6 310 21 3 4321 288 1 254
K 0 0 43
K 0 -14 96
A D 2 16 0
A P 1 204 0
J N 6 344 28 3 5185 288 1 254
K 0 0 43
K 0 -21 96
A D 2 16 0
A P 1 198 0
J N 6 378 35 3 6049 288 1 254
K 0 0 43
K 0 -14 96
A D 2 16 0
A P 1 192 0
H 254 B -50 4 108 4 2 1 1 3
J B 382 414 1 82 6913 288 0
J N 7 435 14 4 1 0 0
K 0 0 43
K 0 0 60
K 0 21 60
A D 4 16 0
A P 1 209 0
J R 7 482 28 2 1729 576 0
K 0 0 48
A D 4 16 1
A P 1 0 1
J R 7 550 28 2 3457 576 0
K 0 0 48
A D 4 16 1
A P 1 0 1
J R 6 597 28 2 5185 576 0
K 0 0 49
A D 2 16 0
A P 1 0 0
J D 0 598 0 1 6049 288 0
W 0 107 36 cresc.
J N 6 631 49 3 6049 0 1 255
K 0 0 43
K 0 0 53
A D 2 16 0
A P 1 181 0
J B 383 677 1 82 6913 288 0
J N 7 698 42 4 1 0 1 255
K 0 0 43
K 0 0 59
K 0 -21 59
A D 4 16 0
A P 1 186 0
H 255 S 12 0 0 0 0 0 0 0 0
J R 7 745 28 2 1729 576 0
K 0 0 48
A D 4 16 1
A P 1 0 1
J R 7 813 28 2 3457 576 0
K 0 0 48
A D 4 16 1
A P 1 0 1
J R 6 860 28 2 5185 576 0
K 0 0 49
A D 2 16 0
A P 1 0 0
J N 6 904 42 4 6049 288 1 256
K -18 0 63
K 0 0 43
K 0 0 53
A D 2 16 0
A P 1 187 0
J B 384 950 1 82 6913 288 0
J N 7 971 35 4 1 0 1 256
K 0 0 43
K 0 0 59
K 0 -21 59
A D 4 16 0
A P 1 192 0
H 256 S 12 0 0 0 0 0 0 0 0
J R 7 1018 28 2 1729 576 0
K 0 0 48
A D 4 16 1
A P 1 0 1
J R 7 1086 28 2 3457 576 0
K 0 0 48
A D 4 16 1
A P 1 0 1
J R 6 1133 28 2 5185 576 0
K 0 0 49
A D 2 16 0
A P 1 0 0
J N 6 1177 28 4 6049 288 1 257
K -15 0 65
K 0 0 43
K 0 0 54
A D 2 16 0
A P 1 197 0
J B 385 1213 1 82 6913 288 0
J N 7 1236 28 5 1 0 1 257
K -14 0 64
K 0 0 43
K 0 0 60
K 0 21 60
A D 4 16 0
A P 1 198 0
H 257 S 0 0 0 0 0 0 0 0 0
J R 7 1283 28 2 1729 576 0
K 0 0 48
A D 4 16 1
A P 1 0 1
J R 7 1351 28 2 3457 576 0
K 0 0 48
A D 4 16 1
A P 1 0 1
J R 6 1398 28 2 5185 576 0
K 0 0 49
A D 2 16 0
A P 1 0 0
J N 6 1432 28 3 6049 288 1 258
K 0 0 43
K 0 0 54
A D 2 16 0
A P 1 198 0
J B 386 1468 1 82 6913 288 0
J N 6 1491 21 5 1 0 2 259 258
K -14 0 64
K 0 0 43
K 0 86 110
K 17 86 110
A D 2 16 0
A P 1 203 0
H 258 S 0 0 0 0 0 0 0 0 0
J N 6 1525 28 2 865 288 1 259
K 0 0 43
A D 2 16 0
A P 1 198 0
J N 6 1559 35 2 1729 288 1 259
K 0 0 43
A D 2 16 0
A P 1 192 0
J N 6 1593 28 2 2593 288 1 259
K 0 0 43
A D 2 16 0
A P 1 198 0
H 259 B -54 1 108 4 2 1 1 3
J N 6 1626 21 2 3457 288 1 260
K 0 0 43
A D 2 16 0
A P 1 203 0
J N 6 1659 28 2 4321 288 1 260
K 0 0 43
A D 2 16 0
A P 1 198 0
J N 6 1692 21 2 5185 288 1 260
K 0 0 43
A D 2 16 0
A P 1 203 0
J N 6 1725 28 2 6049 288 1 260
K 0 0 43
A D 2 16 0
A P 1 198 0
H 260 B -49 0 108 4 2 1 1 3
J B 387 1760 1 82 6913 288 0
J N 6 1784 21 3 1 0 1 261
K -14 0 64
K 0 0 43
A D 2 16 0
A P 1 203 0
J N 6 1817 28 2 865 288 1 261
K 0 0 43
A D 2 16 0
A P 1 198 0
J N 6 1850 35 2 1729 288 1 261
K 0 0 43
A D 2 16 0
A P 1 192 0
J N 6 1883 28 2 2593 288 1 261
K 0 0 43
A D 2 16 0
A P 1 198 0
H 261 B -54 1 108 4 2 1 1 3
J N 6 1916 21 2 3457 288 1 262
K 0 0 43
A D 2 16 0
A P 1 203 0
J N 6 1949 28 2 4321 288 1 262
K 0 0 43
A D 2 16 0
A P 1 198 0
J N 6 1982 21 2 5185 288 1 262
K 0 0 43
A D 2 16 0
A P 1 203 0
J N 6 2015 28 2 6049 288 1 262
K 0 0 43
A D 2 16 0
A P 1 198 0
H 262 B -49 0 108 4 2 1 1 3
J B 388 2050 1 82 6913 288 0
E *
L 1155 0 0 330 330 * 0 14 0
J D 0 -86 42 1 6913 0 0
W 0 0 31 Vla
J C 13 5 28 35 6913 0 0
J K 2 57 0 2 6913 0 0
K 0 7 63
K 15 28 63
J D 0 -27 -14 1 6913 0 0
W 0 0 0 \03\08\01
J N 6 130 -7 2 1 0 2 143 142
K 0 0 43
A D 2 16 0
A P 3 192 0
J M 0 78 0 0 6913 0 1 142
H 142 T -7 0 0 0 0 0 1 0
J N 6 174 0 3 865 288 1 143
K 0 0 43
K 0 -17 96
A D 2 16 0
A P 3 186 0
J N 6 208 7 3 1729 288 1 143
K 0 0 43
K 0 -17 96
A D 2 16 0
A P 3 181 0
J N 6 242 14 3 2593 288 1 143
K 0 0 43
K 0 -21 96
A D 2 16 0
A P 3 175 0
H 143 B -54 3 108 4 2 1 1 3
J N 6 276 21 3 3457 288 1 144
K 0 0 43
K 0 14 96
A D 2 16 0
A P 3 169 0
J N 6 310 28 3 4321 288 1 144
K 0 0 43
K 0 21 96
A D 2 16 0
A P 3 164 0
J N 6 344 35 3 5185 288 1 144
K 0 0 43
K 0 14 96
A D 2 16 0
A P 3 158 0
J N 6 378 42 3 6049 288 1 144
K 0 0 43
K 0 21 96
A D 2 16 0
A P 3 152 0
H 144 B 42 4 108 4 2 1 1 3
J B 382 414 1 82 6913 288 0
J N 7 435 21 4 1 0 0
K 0 0 43
K 0 0 60
K 0 21 60
A D 4 16 0
A P 3 169 0
J R 7 482 28 2 1729 576 0
K 0 0 48
A D 4 16 1
A P 3 0 1
J R 7 550 28 2 3457 576 0
K 0 0 48
A D 4 16 1
A P 3 0 1
J R 6 597 28 2 5185 576 0
K 0 0 49
A D 2 16 0
A P 3 0 0
J D 0 598 0 1 6049 288 0
W 0 92 36 cresc.
J N 6 631 7 3 6049 0 1 145
K 0 0 43
K 0 0 54
A D 2 16 0
A P 3 181 0
J B 383 677 1 82 6913 288 0
J N 7 698 0 4 1 0 1 145
K 0 0 43
K 0 0 60
K 0 21 60
A D 4 16 0
A P 3 186 0
H 145 S 0 0 0 0 0 0 0 0 0
J R 7 745 28 2 1729 576 0
K 0 0 48
A D 4 16 1
A P 3 0 1
J R 7 813 28 2 3457 576 0
K 0 0 48
A D 4 16 1
A P 3 0 1
J R 6 860 28 2 5185 576 0
K 0 0 49
A D 2 16 0
A P 3 0 0
J N 6 904 0 4 6049 288 1 146
K -18 0 63
K 0 0 43
K 0 0 54
A D 2 16 0
A P 3 187 0
J B 384 950 1 82 6913 288 0
J N 7 971 -7 4 1 0 1 146
K 0 0 43
K 0 0 60
K 0 21 60
A D 4 16 0
A P 3 192 0
H 146 S 0 0 0 0 0 0 0 0 0
J R 7 1018 28 2 1729 576 0
K 0 0 48
A D 4 16 1
A P 3 0 1
J R 7 1086 28 2 3457 576 0
K 0 0 48
A D 4 16 1
A P 3 0 1
J R 6 1133 28 2 5185 576 0
K 0 0 49
A D 2 16 0
A P 3 0 0
J N 6 1177 -14 7 6049 288 1 147
K 0 0 45
K -15 0 65
K 0 0 43
K -1 0 45
K 2 0 45
K 0 0 54
A D 2 16 0
A P 3 197 0
J B 385 1213 1 82 6913 288 0
J N 7 1236 -14 8 1 0 1 147
K 0 0 45
K -14 0 64
K 0 0 43
K -1 0 45
K 2 0 45
K 0 0 60
K 0 21 60
A D 4 16 0
A P 3 198 0
H 147 S 0 0 0 0 0 0 0 0 0
J R 7 1283 28 2 1729 576 0
K 0 0 48
A D 4 16 1
A P 3 0 1
J R 7 1351 28 2 3457 576 0
K 0 0 48
A D 4 16 1
A P 3 0 1
J R 6 1398 28 2 5185 576 0
K 0 0 49
A D 2 16 0
A P 3 0 0
J N 6 1432 -14 6 6049 288 1 148
K 0 0 45
K 0 0 43
K -1 0 45
K 2 0 45
K 0 0 54
A D 2 16 0
A P 3 198 0
J B 386 1468 1 82 6913 288 0
J N 6 1491 -21 8 1 0 2 149 148
K 0 7 45
K -14 0 64
K 0 0 43
K 0 7 45
K 1 7 45
K 0 106 110
K 17 106 110
A D 2 16 0
A P 3 203 0
H 148 S 0 0 0 0 0 0 0 0 0
J N 6 1525 -14 5 865 288 1 149
K 0 0 45
K 0 0 43
K -1 0 45
K 2 0 45
A D 2 16 0
A P 3 198 0
J N 6 1559 -7 2 1729 288 1 149
K 0 0 43
A D 2 16 0
A P 3 192 0
J N 6 1593 -14 5 2593 288 1 149
K 0 0 45
K 0 0 43
K -1 0 45
K 2 0 45
A D 2 16 0
A P 3 198 0
H 149 B -52 1 108 4 2 1 1 3
J N 6 1626 -21 5 3457 288 1 150
K 0 7 45
K 0 0 43
K 0 7 45
K 1 7 45
A D 2 16 0
A P 3 203 0
J N 6 1659 -14 5 4321 288 1 150
K 0 0 45
K 0 0 43
K -1 0 45
K 2 0 45
A D 2 16 0
A P 3 198 0
J N 6 1692 -21 5 5185 288 1 150
K 0 7 45
K 0 0 43
K 0 7 45
K 1 7 45
A D 2 16 0
A P 3 203 0
J N 6 1725 -14 5 6049 288 1 150
K 0 0 45
K 0 0 43
K -1 0 45
K 2 0 45
A D 2 16 0
A P 3 198 0
H 150 B -53 0 108 4 2 1 1 3
J B 387 1760 1 82 6913 288 0
J N 6 1784 -21 6 1 0 1 151
K 0 7 45
K -14 0 64
K 0 0 43
K 0 7 45
K 1 7 45
A D 2 16 0
A P 3 203 0
J N 6 1817 -14 5 865 288 1 151
K 0 0 45
K 0 0 43
K -1 0 45
K 2 0 45
A D 2 16 0
A P 3 198 0
J N 6 1850 -7 2 1729 288 1 151
K 0 0 43
A D 2 16 0
A P 3 192 0
J N 6 1883 -14 5 2593 288 1 151
K 0 0 45
K 0 0 43
K -1 0 45
K 2 0 45
A D 2 16 0
A P 3 198 0
H 151 B -52 1 108 4 2 1 1 3
J N 6 1916 -21 5 3457 288 1 152
K 0 7 45
K 0 0 43
K 0 7 45
K 1 7 45
A D 2 16 0
A P 3 203 0
J N 6 1949 -14 5 4321 288 1 152
K 0 0 45
K 0 0 43
K -1 0 45
K 2 0 45
A D 2 16 0
A P 3 198 0
J N 6 1982 -21 5 5185 288 1 152
K 0 7 45
K 0 0 43
K 0 7 45
K 1 7 45
A D 2 16 0
A P 3 203 0
J N 6 2015 -14 5 6049 288 1 152
K 0 0 45
K 0 0 43
K -1 0 45
K 2 0 45
A D 2 16 0
A P 3 198 0
H 152 B -53 0 108 4 2 1 1 3
J B 388 2050 1 82 6913 288 0
E *
L 1280 0 0 330 330 * 0 14 0
J D 0 -140 42 1 6913 0 0
W 0 0 31 Vc+Cb
J C 22 5 14 36 6913 0 0
J K 2 57 0 2 6913 0 0
K 0 14 63
K 15 35 63
J D 0 -27 -14 1 6913 0 0
W 0 0 0 \03\08\01
J N 6 130 0 2 1 0 2 108 107
K 0 0 43
A D 2 16 0
A P 3 152 0
J M 0 78 0 0 6913 0 1 107
H 107 T 0 0 0 0 0 0 5 0
J N 6 174 7 3 865 288 1 108
K 0 0 43
K 0 -17 96
A D 2 16 0
A P 3 146 0
J N 6 208 14 3 1729 288 1 108
K 0 0 43
K 0 -21 96
A D 2 16 0
A P 3 141 0
J N 6 242 21 3 2593 288 1 108
K 0 0 43
K 0 -14 96
A D 2 16 0
A P 3 135 0
H 108 B -61 3 108 4 2 1 1 3
J N 6 276 28 3 3457 288 1 109
K 0 0 43
K 0 21 96
A D 2 16 0
A P 3 129 0
J N 6 310 35 3 4321 288 1 109
K 0 0 43
K 0 14 96
A D 2 16 0
A P 3 124 0
J N 6 344 42 3 5185 288 1 109
K 0 0 43
K 0 21 96
A D 2 16 0
A P 3 118 0
J N 6 378 49 3 6049 288 1 109
K 0 0 43
K 0 17 96
A D 2 16 0
A P 3 112 0
H 109 B 46 4 108 4 2 1 1 3
J B 382 414 1 82 6913 288 0
J N 7 435 28 4 1 0 0
K 0 0 43
K 0 0 60
K 0 21 60
A D 4 16 0
A P 3 129 0
J R 7 482 28 2 1729 576 0
K 0 0 48
A D 4 16 1
A P 3 0 1
J R 7 550 28 2 3457 576 0
K 0 0 48
A D 4 16 1
A P 3 0 1
J R 6 597 28 2 5185 576 0
K 0 0 49
A D 2 16 0
A P 3 0 0
J D 0 594 0 1 6049 288 0
W 0 96 36 cresc.
J N 6 631 14 3 6049 0 1 110
K 0 0 43
K 0 0 54
A D 2 16 0
A P 3 141 0
J B 383 677 1 82 6913 288 0
J N 7 698 7 4 1 0 1 110
K 0 0 43
K 0 0 60
K 0 21 60
A D 4 16 0
A P 3 146 0
H 110 S 0 0 0 0 0 0 0 0 0
J R 7 745 28 2 1729 576 0
K 0 0 48
A D 4 16 1
A P 3 0 1
J R 7 813 28 2 3457 576 0
K 0 0 48
A D 4 16 1
A P 3 0 1
J R 6 860 28 2 5185 576 0
K 0 0 49
A D 2 16 0
A P 3 0 0
J N 6 904 7 4 6049 288 1 111
K -18 0 63
K 0 0 43
K 0 0 54
A D 2 16 0
A P 3 147 0
J B 384 950 1 82 6913 288 0
J N 7 971 0 4 1 0 1 111
K 0 0 43
K 0 0 60
K 0 21 60
A D 4 16 0
A P 3 152 0
H 111 S 0 0 0 0 0 0 0 0 0
J R 7 1018 28 2 1729 576 0
K 0 0 48
A D 4 16 1
A P 3 0 1
J R 7 1086 28 2 3457 576 0
K 0 0 48
A D 4 16 1
A P 3 0 1
J R 6 1133 28 2 5185 576 0
K 0 0 49
A D 2 16 0
A P 3 0 0
J N 6 1177 -7 4 6049 288 1 112
K -15 0 65
K 0 0 43
K 0 0 54
A D 2 16 0
A P 3 157 0
J B 385 1213 1 82 6913 288 0
J N 7 1236 -7 5 1 0 1 112
K -14 0 64
K 0 0 43
K 0 0 60
K 0 21 60
A D 4 16 0
A P 3 158 0
H 112 S 0 0 0 0 0 0 0 0 0
J R 7 1283 28 2 1729 576 0
K 0 0 48
A D 4 16 1
A P 3 0 1
J R 7 1351 28 2 3457 576 0
K 0 0 48
A D 4 16 1
A P 3 0 1
J R 6 1398 28 2 5185 576 0
K 0 0 49
A D 2 16 0
A P 3 0 0
J N 6 1432 -7 3 6049 288 1 113
K 0 0 43
K 0 0 54
A D 2 16 0
A P 3 158 0
J B 386 1468 1 82 6913 288 0
J N 6 1491 -14 8 1 0 2 114 113
K 0 0 45
K -14 0 64
K 0 0 43
K -1 0 45
K 2 0 45
K 0 99 110
K 17 99 110
A D 2 16 0
A P 3 163 0
H 113 S 0 0 0 0 0 0 0 0 0
J N 6 1525 -7 2 865 288 1 114
K 0 0 43
A D 2 16 0
A P 3 158 0
J N 6 1559 0 2 1729 288 1 114
K 0 0 43
A D 2 16 0
A P 3 152 0
J N 6 1593 -7 2 2593 288 1 114
K 0 0 43
A D 2 16 0
A P 3 158 0
H 114 B -57 1 108 4 2 1 1 3
J N 6 1626 -14 5 3457 288 1 115
K 0 0 45
K 0 0 43
K -1 0 45
K 2 0 45
A D 2 16 0
A P 3 163 0
J N 6 1659 -7 2 4321 288 1 115
K 0 0 43
A D 2 16 0
A P 3 158 0
J N 6 1692 -14 5 5185 288 1 115
K 0 0 45
K 0 0 43
K -1 0 45
K 2 0 45
A D 2 16 0
A P 3 163 0
J N 6 1725 -7 2 6049 288 1 115
K 0 0 43
A D 2 16 0
A P 3 158 0
H 115 B -56 0 108 4 2 1 1 3
J B 387 1760 1 82 6913 288 0
J N 6 1784 -14 6 1 0 1 116
K 0 0 45
K -14 0 64
K 0 0 43
K -1 0 45
K 2 0 45
A D 2 16 0
A P 3 163 0
J N 6 1817 -7 2 865 288 1 116
K 0 0 43
A D 2 16 0
A P 3 158 0
J N 6 1850 0 2 1729 288 1 116
K 0 0 43
A D 2 16 0
A P 3 152 0
J N 6 1883 -7 2 2593 288 1 116
K 0 0 43
A D 2 16 0
A P 3 158 0
H 116 B -57 1 108 4 2 1 1 3
J N 6 1916 -14 5 3457 288 1 117
K 0 0 45
K 0 0 43
K -1 0 45
K 2 0 45
A D 2 16 0
A P 3 163 0
J N 6 1949 -7 2 4321 288 1 117
K 0 0 43
A D 2 16 0
A P 3 158 0
J N 6 1982 -14 5 5185 288 1 117
K 0 0 45
K 0 0 43
K -1 0 45
K 2 0 45
A D 2 16 0
A P 3 163 0
J N 6 2015 -7 2 6049 288 1 117
K 0 0 43
A D 2 16 0
A P 3 158 0
H 117 B -56 0 108 4 2 1 1 3
J B 388 2050 1 82 6913 288 0
E *
B 1 414 0
B 1 677 0
B 1 950 0
B 1 1213 0
B 1 1468 0
B 1 1760 0
B 1 2050 0
