S 0 200 140 2050 1341 11 "[(....)][(..)](.)[({..}..)]"
L 0 0 -70 300 300 * 0 14 0
J D 0 -108 42 1 6913 0 0
W 0 0 31 Fl 1-2
J C 4 5 42 2 6913 0 0
K 0 0 33
K 0 0 34
J K 0 57 0 0 6913 0 0
J D 0 -11 -14 1 6913 0 0
W 0 0 37 \03\00
J N 7 100 -21 12 1 0 2 27 28
K 0 7 45
K 0 -7 45
K 0 -14 43
K 0 -7 45
K 1 -7 45
K 0 0 43
K 0 7 45
K 1 7 45
K 0 -14 60
K 0 0 60
K 0 21 60
A D 4 16 0
A P 1 249 0
A P 2 238 0
J M 0 48 0 0 6913 0 1 27
H 27 T -35 0 0 0 0 0 1 0
J M 0 48 0 0 6913 0 1 28
H 28 T -21 0 0 0 0 0 11 0
J N 7 168 -21 12 1729 576 1 29
K 0 7 45
K 0 -7 45
K 0 -14 43
K 0 -7 45
K 1 -7 45
K 0 0 43
K 0 7 45
K 1 7 45
K 0 -14 60
K 0 0 60
K 0 21 60
A D 4 16 0
A P 1 249 0
A P 2 238 0
J N 7 234 -21 12 3457 576 0
K 0 7 45
K 0 -7 45
K 0 -14 43
K 0 -7 45
K 1 -7 45
K 0 0 43
K 0 7 45
K 1 7 45
K 0 -14 60
K 0 0 60
K 0 21 60
A D 4 16 0
A P 1 249 0
A P 2 238 0
J N 7 300 -21 12 5185 576 0
K 0 7 45
K 0 -7 45
K 0 -14 43
K 0 -7 45
K 1 -7 45
K 0 0 43
K 0 7 45
K 1 7 45
K 0 -14 60
K 0 0 60
K 0 21 60
A D 4 16 0
A P 1 249 0
A P 2 238 0
J M 0 365 0 0 6913 576 1 29
H 29 W 0 21 7 91 -14 91
J B 31 369 1 82 6913 0 0
J N 7 390 -28 16 1 0 0
K 0 14 45
K 0 0 45
K 0 -14 45
K 0 -14 43
K -1 -14 45
K 2 -14 45
K 0 0 43
K -1 0 45
K 2 0 45
K 0 -31 96
K 0 119 110
K 17 119 110
K 0 -14 60
K 0 0 60
K 0 28 60
A D 4 16 0
A P 1 255 0
A P 2 243 0
J R 7 433 28 2 1729 576 0
K 0 0 48
A D 4 16 0
A P 1 0 0
J N 7 476 -14 15 3457 576 0
K 0 0 45
K 0 -14 45
K 0 -28 45
K 0 -35 43
K 0 -28 45
K 1 -28 45
K 0 0 43
K -1 0 45
K 2 0 45
K 0 -52 96
K 0 -35 60
K 0 -28 60
K 0 0 60
K 0 21 60
A D 4 16 0
A P 1 260 0
A P 2 232 0
J R 7 519 28 2 5185 576 0
K 0 0 48
A D 4 16 0
A P 1 0 0
J B 32 565 1 82 6913 576 0
J N 7 586 -7 13 1 0 0
K 0 -7 45
K 0 -21 45
K 0 -35 45
K 0 -35 43
K -1 -35 45
K 2 -35 45
K 0 0 43
K 0 -52 96
K 0 -35 60
K 0 -28 60
K 0 0 60
K 0 21 60
A D 4 16 0
A P 1 255 0
A P 2 226 0
J R 7 629 28 2 1729 576 0
K 0 0 48
A D 4 16 0
A P 1 0 0
J N 7 672 0 10 3457 576 0
K 0 -14 45
K 0 -21 43
K 0 -14 45
K 1 -14 45
K 0 0 43
K 0 -38 96
K 0 -21 60
K 0 0 60
K 0 21 60
A D 4 16 0
A P 1 238 0
A P 2 220 0
J R 7 715 28 2 5185 576 0
K 0 0 48
A D 4 16 0
A P 1 0 0
J B 33 761 1 82 6913 576 0
J N 7 782 7 12 1 0 0
K 0 -21 45
K 0 -35 45
K 0 -35 43
K -1 -35 45
K 2 -35 45
K 0 0 43
K 0 -52 96
K 0 -35 60
K 0 -28 60
K 0 0 60
K 0 21 60
A D 4 16 0
A P 1 243 0
A P 2 215 0
J R 7 848 28 2 1729 576 0
K 0 0 48
A D 4 16 1
A P 1 0 1
J R 8 914 28 2 3457 576 0
K 0 0 47
A D 8 16 0
A P 1 0 0
J B 34 990 1 82 6913 1152 0
J R 7 1011 28 2 1 0 0
K 0 0 48
A D 4 16 0
A P 3 0 0
J D 0 1012 0 1 1729 576 0
W 0 -49 32 zu 2
J N 7 1054 -28 8 1729 0 0
K 0 14 45
K 0 0 45
K 0 0 43
K -1 0 45
K 2 0 45
K 0 0 60
K 0 28 60
A D 4 16 0
A P 3 243 0
J N 7 1097 -28 8 3457 576 0
K 0 14 45
K 0 0 45
K 0 0 43
K -1 0 45
K 2 0 45
K 0 0 60
K 0 28 60
A D 4 16 0
A P 3 243 0
J N 7 1140 -28 8 5185 576 0
K 0 14 45
K 0 0 45
K 0 0 43
K -1 0 45
K 2 0 45
K 0 0 60
K 0 28 60
A D 4 16 0
A P 3 243 0
J B 35 1260 1 82 6913 576 0
J N 8 1281 -21 8 1 0 1 30
K 0 7 45
K 0 0 42
K 0 7 45
K 1 7 45
K 25 0 44
K 0 0 60
K 0 21 60
A D 12 16 0
A P 3 238 0
J N 7 1446 -35 9 5185 1728 1 30
K 0 21 45
K 0 7 45
K 0 0 43
K 0 7 45
K 1 7 45
K 0 0 60
K 0 28 60
K 0 35 60
A D 4 16 0
A P 3 249 0
H 30 S 0 0 0 0 0 0 0 0 0
J B 36 1492 1 82 6913 576 0
J N 8 1513 -49 13 1 0 0
K 0 35 45
K 0 21 45
K 0 7 45
K 0 0 42
K 0 7 45
K 1 7 45
K 25 0 44
K 0 137 111
K 12 137 110
K 0 0 60
K 0 28 60
K 0 49 60
A D 12 16 0
A P 3 260 0
J N 5 1642 -42 7 5185 1728 2 31 32
K 0 28 45
K 0 14 45
K 0 0 45
K 0 0 43
K -1 0 45
K 2 0 45
A D 1 16 0
A P 3 255 0
J N 5 1671 -35 6 5617 144 1 32
K 0 21 45
K 0 7 45
K 0 0 43
K 0 7 45
K 1 7 45
A D 1 16 0
A P 3 249 0
J N 5 1700 -28 6 6049 144 1 32
K 0 14 45
K 0 0 45
K 0 0 43
K -1 0 45
K 2 0 45
A D 1 16 0
A P 3 243 0
J N 5 1729 -21 5 6481 144 2 32 31
K 0 7 45
K 0 0 43
K 0 7 45
K 1 7 45
A D 1 16 0
A P 3 238 0
H 32 B -70 1 108 4 22 11 11 33
H 31 S 0 0 0 0 0 0 0 0 0
J B 37 1762 1 82 6913 144 0
J N 7 1783 -28 8 1 0 0
K 0 14 45
K 0 0 45
K 0 0 43
K -1 0 45
K 2 0 45
K 0 0 60
K 0 28 60
A D 4 16 0
A P 3 243 0
J R 7 1849 28 2 1729 576 0
K 0 0 48
A D 4 16 1
A P 3 0 1
J R 8 1915 28 2 3457 576 0
K 0 0 47
A D 8 16 0
A P 3 0 0
J B 38 2050 1 82 6913 1152 0
E *
L 125 0 0 300 300 * 0 14 0
J D 0 -119 42 1 6913 0 0
W 0 0 31 Ob 1-2
J C 4 5 42 2 6913 0 0
K 0 0 33
K 0 0 34
J K 0 57 0 0 6913 0 0
J D 0 -11 -14 1 6913 0 0
W 0 0 0 \03\00
J N 7 100 -7 9 1 0 2 27 28
K 0 -7 45
K 0 -14 43
K 0 -7 45
K 1 -7 45
K 0 0 43
K 0 -14 60
K 0 0 60
K 0 21 60
A D 4 16 0
A P 1 238 0
A P 2 226 0
J M 0 48 0 0 6913 0 1 27
H 27 T -21 0 0 0 0 0 1 0
J M 0 48 0 0 6913 0 1 28
H 28 T -7 0 0 0 0 0 11 0
J N 7 168 -7 9 1729 576 1 29
K 0 -7 45
K 0 -14 43
K 0 -7 45
K 1 -7 45
K 0 0 43
K 0 -14 60
K 0 0 60
K 0 21 60
A D 4 16 0
A P 1 238 0
A P 2 226 0
J N 7 234 -7 9 3457 576 0
K 0 -7 45
K 0 -14 43
K 0 -7 45
K 1 -7 45
K 0 0 43
K 0 -14 60
K 0 0 60
K 0 21 60
A D 4 16 0
A P 1 238 0
A P 2 226 0
J N 7 300 -7 9 5185 576 0
K 0 -7 45
K 0 -14 43
K 0 -7 45
K 1 -7 45
K 0 0 43
K 0 -14 60
K 0 0 60
K 0 21 60
A D 4 16 0
A P 1 238 0
A P 2 226 0
J B 31 369 1 82 6913 576 0
J S 0 390 91 2 1 0 1 29
K 0 0 110
K 19 0 110
H 29 W 0 21 7 91 -66 91
J N 7 390 -7 11 1 0 0
K 0 -7 45
K 0 -21 45
K 0 -21 43
K -1 -21 45
K 2 -21 45
K 0 0 43
K 0 -38 96
K 0 -21 60
K 0 0 60
K 0 21 60
A D 4 16 0
A P 1 243 0
A P 2 226 0
J R 7 433 28 2 1729 576 0
K 0 0 48
A D 4 16 0
A P 1 0 0
J N 7 476 21 11 3457 576 0
K 0 -35 45
K 0 -35 43
K -1 -35 45
K 2 -35 45
K 0 0 43
K 0 -52 96
K 0 -35 60
K 0 -7 60
K 0 0 60
K 0 21 60
A D 4 16 0
A P 1 232 0
A P 2 203 0
J R 7 519 28 2 5185 576 0
K 0 0 48
A D 4 16 0
A P 1 0 0
J B 32 565 1 82 6913 576 0
J N 7 586 21 7 1 0 0
K 0 -14 43
K 0 0 43
K 0 -31 96
K 0 -14 60
K 0 0 60
K 0 21 60
A D 4 16 0
A P 1 215 0
A P 2 203 0
J R 7 629 28 2 1729 576 0
K 0 0 48
A D 4 16 0
A P 1 0 0
J N 7 672 28 7 3457 576 0
K 0 -14 43
K 0 0 43
K 0 -35 96
K 0 -14 60
K 0 0 60
K 0 21 60
A D 4 16 0
A P 1 209 0
A P 2 198 0
J R 7 715 28 2 5185 576 0
K 0 0 48
A D 4 16 0
A P 1 0 0
J B 33 761 1 82 6913 576 0
J N 7 782 21 8 1 0 0
K 0 0 43
K 0 35 43
K 0 52 96
K 0 35 59
K 0 7 59
K 0 0 59
K 0 -14 59
A D 4 16 0
A P 1 203 0
A P 2 175 0
J R 7 848 28 2 1729 576 0
K 0 0 48
A D 4 16 1
A P 1 0 1
J R 8 914 28 2 3457 576 0
K 0 0 47
A D 8 16 0
A P 1 0 0
J B 34 990 1 82 6913 1152 0
J R 7 1011 28 2 1 0 0
K 0 0 48
A D 4 16 0
A P 1 0 0
J N 7 1054 21 6 1729 576 0
K 0 -14 43
K 0 0 43
K 0 -14 60
K 0 0 60
K 0 21 60
A D 4 16 0
A P 1 215 0
A P 2 203 0
J N 7 1097 21 6 3457 576 0
K 0 -14 43
K 0 0 43
K 0 -14 60
K 0 0 60
K 0 21 60
A D 4 16 0
A P 1 215 0
A P 2 203 0
J N 7 1140 21 6 5185 576 0
K 0 -14 43
K 0 0 43
K 0 -14 60
K 0 0 60
K 0 21 60
A D 4 16 0
A P 1 215 0
A P 2 203 0
J B 35 1260 1 82 6913 576 0
J N 9 1281 28 3 1 0 2 30 31
K 0 -28 41
K 0 0 41
A D 16 16 1
A P 1 220 1
A P 2 198 1
J B 36 1492 1 82 6913 2304 0
J N 7 1513 28 6 1 0 2 30 31
K 0 -28 43
K 0 0 43
K 0 -28 60
K 0 0 60
K 0 21 60
A D 4 16 0
A P 1 220 0
A P 2 198 0
H 30 T 0 0 0 0 0 0 5 0
H 31 T 28 0 0 0 0 0 15 0
J N 7 1556 28 6 1729 576 0
K 0 0 43
K 0 21 43
K 0 21 59
K 0 0 59
K 0 -14 59
A D 4 16 0
A P 1 198 0
A P 2 180 0
J N 7 1599 28 6 3457 576 0
K 0 0 43
K 0 21 43
K 0 21 59
K 0 0 59
K 0 -14 59
A D 4 16 0
A P 1 198 0
A P 2 180 0
J N 7 1642 28 6 5185 576 0
K 0 0 43
K 0 21 43
K 0 21 59
K 0 0 59
K 0 -14 59
A D 4 16 0
A P 1 198 0
A P 2 180 0
J B 37 1762 1 82 6913 576 0
J N 7 1783 21 7 1 0 0
K 0 0 43
K 0 35 43
K 0 35 59
K 0 7 59
K 0 0 59
K 0 -14 59
A D 4 16 0
A P 1 203 0
A P 2 175 0
J R 7 1849 28 2 1729 576 0
K 0 0 48
A D 4 16 1
A P 1 0 1
J R 8 1915 28 2 3457 576 0
K 0 0 47
A D 8 16 0
A P 1 0 0
J B 38 2050 1 82 6913 1152 0
E *
L 250 0 -112 300 300 * 0 14 0
J D 0 -110 42 1 6913 0 0
W 0 -21 31 Cl 1-2
J D 0 -110 42 1 6913 0 0
W 8 21 31 (C)
J C 4 5 42 2 6913 0 0
K 0 0 33
K 0 0 34
J K 0 57 0 0 6913 0 0
J D 0 -11 -14 1 6913 0 0
W 0 0 0 \03\00
J N 7 100 28 6 1 0 2 27 28
K 0 -14 43
K 0 0 43
K 0 -14 60
K 0 0 60
K 0 21 60
A D 4 16 0
A P 1 209 0
A P 2 198 0
J M 0 48 0 0 6913 0 1 27
H 27 T 14 0 0 0 0 0 5 0
J M 0 48 0 0 6913 0 1 28
H 28 T 28 0 0 0 0 0 15 0
J N 7 168 28 6 1729 576 1 29
K 0 -14 43
K 0 0 43
K 0 -14 60
K 0 0 60
K 0 21 60
A D 4 16 0
A P 1 209 0
A P 2 198 0
J N 7 234 28 6 3457 576 0
K 0 -14 43
K 0 0 43
K 0 -14 60
K 0 0 60
K 0 21 60
A D 4 16 0
A P 1 209 0
A P 2 198 0
J N 7 300 28 6 5185 576 0
K 0 -14 43
K 0 0 43
K 0 -14 60
K 0 0 60
K 0 21 60
A D 4 16 0
A P 1 209 0
A P 2 198 0
J B 31 369 1 82 6913 576 0
J S 0 390 100 2 1 0 1 29
K 0 0 110
K 19 0 110
H 29 W 0 21 7 100 -66 100
J N 7 390 21 7 1 0 0
K 0 -14 43
K 0 0 43
K 0 -31 96
K 0 -14 60
K 0 0 60
K 0 21 60
A D 4 16 0
A P 1 215 0
A P 2 203 0
J R 7 433 28 2 1729 576 0
K 0 0 48
A D 4 16 0
A P 1 0 0
J N 7 476 35 8 3457 576 0
K 0 -35 43
K 0 0 43
K 0 -52 96
K 0 -35 60
K 0 -7 60
K 0 0 60
K 0 14 60
A D 4 16 0
A P 1 220 0
A P 2 192 0
J R 7 519 28 2 5185 576 0
K 0 0 48
A D 4 16 0
A P 1 0 0
J B 32 565 1 82 6913 576 0
J N 7 586 42 8 1 0 0
K 0 -35 43
K 0 0 43
K 0 -52 96
K 0 -35 60
K 0 -7 60
K 0 0 60
K 0 14 60
A D 4 16 0
A P 1 215 0
A P 2 186 0
J R 7 629 28 2 1729 576 0
K 0 0 48
A D 4 16 0
A P 1 0 0
J N 7 672 28 7 3457 576 0
K 0 0 43
K 0 21 43
K 0 38 96
K 0 21 59
K 0 0 59
K 0 -14 59
A D 4 16 0
A P 1 198 0
A P 2 180 0
J R 7 715 28 2 5185 576 0
K 0 0 48
A D 4 16 0
A P 1 0 0
J B 33 761 1 82 6913 576 0
J N 7 782 21 8 1 0 0
K 0 0 43
K 0 35 43
K 0 52 96
K 0 35 59
K 0 7 59
K 0 0 59
K 0 -14 59
A D 4 16 0
A P 1 203 0
A P 2 175 0
J R 7 848 28 2 1729 576 0
K 0 0 48
A D 4 16 1
A P 1 0 1
J R 8 914 28 2 3457 576 0
K 0 0 47
A D 8 16 0
A P 1 0 0
J B 34 990 1 82 6913 1152 0
J R 9 1111 28 2 1 0 0
K 0 0 46
A D 16 16 0
A P 3 0 0
J B 35 1260 1 82 6913 2304 0
J D 0 1267 0 1 1 0 0
W 0 -18 32 zu 2
J N 8 1281 28 5 1 0 1 30
K 0 0 42
K 24 -6 44
K 0 0 60
K 0 21 60
A D 12 16 0
A P 3 198 0
J N 7 1446 14 4 5185 1728 1 30
K 0 0 43
K 0 0 60
K 0 21 60
A D 4 16 0
A P 3 209 0
H 30 S 0 0 0 0 0 0 0 0 0
J B 36 1492 1 82 6913 576 0
J N 8 1513 0 7 1 0 0
K 0 0 42
K 24 -6 44
K 0 84 111
K 12 84 110
K 0 0 60
K 0 21 60
A D 12 16 0
A P 3 220 0
J N 5 1642 7 2 5185 1728 2 31 32
K 0 0 43
A D 1 16 0
A P 3 215 0
J N 5 1671 14 2 5617 144 1 32
K 0 0 43
A D 1 16 0
A P 3 209 0
J N 5 1700 21 2 6049 144 1 32
K 0 0 43
A D 1 16 0
A P 3 203 0
J N 5 1729 28 2 6481 144 2 32 31
K 0 0 43
A D 1 16 0
A P 3 198 0
H 32 B -53 4 108 4 22 11 11 33
H 31 S 0 0 0 0 0 0 0 0 0
J B 37 1762 1 82 6913 144 0
J N 7 1783 21 4 1 0 0
K 0 0 43
K 0 0 60
K 0 21 60
A D 4 16 0
A P 3 203 0
J R 7 1849 28 2 1729 576 0
K 0 0 48
A D 4 16 1
A P 3 0 1
J R 8 1915 28 2 3457 576 0
K 0 0 47
A D 8 16 0
A P 3 0 0
J B 38 2050 1 82 6913 1152 0
E *
L 375 0 -112 300 300 * 0 14 0
J D 0 -130 42 1 6913 0 0
W 0 0 31 Fag 1-2
J C 22 5 14 36 6913 0 0
J K 0 57 0 0 6913 0 0
J D 0 -11 -14 1 6913 0 0
W 0 0 0 \03\00
J N 7 100 14 11 1 0 2 31 32
K 0 -28 45
K 0 -42 45
K 0 -49 43
K 0 -42 45
K 1 -42 45
K 0 0 43
K 0 -49 60
K 0 -21 60
K 0 0 60
K 0 21 60
A D 4 16 0
A P 1 180 0
A P 2 140 0
J M 0 48 0 0 6913 0 1 31
H 31 T -35 0 0 0 0 0 1 0
J M 0 48 0 0 6913 0 1 32
H 32 T 14 0 0 0 0 0 15 0
J N 7 168 14 11 1729 576 1 33
K 0 -28 45
K 0 -42 45
K 0 -49 43
K 0 -42 45
K 1 -42 45
K 0 0 43
K 0 -49 60
K 0 -21 60
K 0 0 60
K 0 21 60
A D 4 16 0
A P 1 180 0
A P 2 140 0
J N 7 234 14 11 3457 576 0
K 0 -28 45
K 0 -42 45
K 0 -49 43
K 0 -42 45
K 1 -42 45
K 0 0 43
K 0 -49 60
K 0 -21 60
K 0 0 60
K 0 21 60
A D 4 16 0
A P 1 180 0
A P 2 140 0
J N 7 300 14 11 5185 576 0
K 0 -28 45
K 0 -42 45
K 0 -49 43
K 0 -42 45
K 1 -42 45
K 0 0 43
K 0 -49 60
K 0 -21 60
K 0 0 60
K 0 21 60
A D 4 16 0
A P 1 180 0
A P 2 140 0
J B 31 369 1 82 6913 576 0
J S 0 390 95 2 1 0 1 33
K 0 0 110
K 19 0 110
H 33 W 0 21 7 95 -66 95
J N 7 390 21 12 1 0 0
K 0 -35 45
K 0 -49 45
K 0 -49 43
K -1 -49 45
K 2 -49 45
K 0 0 43
K 0 -66 96
K 0 -49 60
K 0 -21 60
K 0 0 60
K 0 21 60
A D 4 16 0
A P 1 175 0
A P 2 135 0
J R 7 433 28 2 1729 576 0
K 0 0 48
A D 4 16 0
A P 1 0 0
J N 7 476 14 5 3457 576 0
K 0 0 43
K 7 -52 96
K 0 0 59
K 0 -14 59
A D 4 16 0
A P 1 140 0
J N 7 476 14 4 3457 0 0
K 0 0 43
K 0 0 60
K 0 21 60
A D 4 16 0
A P 2 140 0
J R 7 519 28 2 5185 576 0
K 0 0 48
A D 4 16 0
A P 1 0 0
J B 32 565 1 82 6913 576 0
J N 7 586 7 5 1 0 0
K 0 0 43
K 7 -52 96
K 0 0 59
K 0 -14 59
A D 4 16 0
A P 1 146 0
J N 7 586 7 4 1 0 0
K 0 0 43
K 0 0 60
K 0 21 60
A D 4 16 0
A P 2 146 0
J R 7 629 28 2 1729 576 0
K 0 0 48
A D 4 16 0
A P 1 0 0
J N 7 672 56 5 3457 576 0
K 0 0 43
K 7 -63 96
K 0 0 59
K 0 -21 59
A D 4 16 0
A P 1 106 0
J N 7 672 56 4 3457 0 0
K 0 0 43
K 0 0 60
K 0 14 60
A D 4 16 0
A P 2 106 0
J R 7 715 28 2 5185 576 0
K 0 0 48
A D 4 16 0
A P 1 0 0
J B 33 761 1 82 6913 576 0
J N 7 782 35 4 1 0 0
K 0 0 43
K 0 0 59
K 0 -21 59
A D 4 16 0
A P 1 123 0
J N 8 802 35 6 1 0 0
K 0 0 42
K 0 17 60
K 0 0 60
K 0 16 60
K -17 35 125
A D 8 16 0
A P 2 123 0
J R 7 848 0 2 1729 576 0
K 0 0 48
A D 4 16 1
A P 1 0 1
J R 8 914 0 2 3457 576 0
K 0 0 47
A D 8 16 0
A P 1 0 0
J N 8 914 35 6 3457 0 0
K 0 0 42
K 0 17 60
K 0 0 60
K 0 16 60
K -17 35 125
A D 8 16 0
A P 2 123 0
J B 34 990 1 82 6913 1152 0
J R 9 1111 0 2 1 0 0
K 0 0 46
A D 16 16 0
A P 1 0 0
J N 8 1011 35 6 1 0 0
K 0 0 42
K 0 17 60
K 0 0 60
K 0 16 60
K -17 35 125
A D 8 16 0
A P 2 123 0
J N 8 1097 35 6 3457 1152 0
K 0 0 42
K 0 17 60
K 0 0 60
K 0 16 60
K -17 35 125
A D 8 16 0
A P 2 123 0
J B 35 1260 1 82 6913 1152 0
J N 8 1281 -7 5 1 0 1 34
K 0 0 42
K 25 0 44
K 0 0 59
K 0 -14 59
A D 12 16 0
A P 1 158 0
J N 8 1281 35 6 1 0 0
K 0 0 42
K 0 17 60
K 0 0 60
K 0 16 60
K -17 35 125
A D 8 16 0
A P 2 123 0
J N 8 1413 35 6 3457 1152 0
K 0 0 42
K 0 17 60
K 0 0 60
K 0 16 60
K -17 35 125
A D 8 16 0
A P 2 123 0
J N 7 1446 -21 7 5185 576 1 34
K 1 7 45
K 0 0 43
K 0 7 45
K 1 7 45
K 0 0 59
K 0 -7 59
A D 4 16 0
A P 1 169 0
H 34 S 0 14 0 0 0 0 0 0 0
J B 36 1492 1 82 6913 576 0
J N 8 1513 -35 11 1 0 0
K 1 21 45
K 1 7 45
K 0 0 42
K 0 7 45
K 1 7 45
K 25 0 44
K -12 -35 111
K 0 -35 110
K 0 0 59
K 0 -7 59
A D 12 16 0
A P 1 180 0
J N 8 1513 35 6 1 0 0
K 0 0 42
K 0 17 60
K 0 0 60
K 0 16 60
K -17 35 125
A D 8 16 0
A P 2 123 0
J N 8 1599 35 6 3457 1152 0
K 0 0 42
K 0 17 60
K 0 0 60
K 0 16 60
K -17 35 125
A D 8 16 0
A P 2 123 0
J N 5 1642 -28 6 5185 576 2 35 36
K 1 14 45
K 1 0 45
K 0 0 43
K -1 0 45
K 2 0 45
A D 1 16 0
A P 1 175 0
J N 5 1671 -21 5 5617 144 1 36
K 1 7 45
K 0 0 43
K 0 7 45
K 1 7 45
A D 1 16 0
A P 1 169 0
J N 5 1700 -14 5 6049 144 1 36
K 1 0 45
K 0 0 43
K -1 0 45
K 2 0 45
A D 1 16 0
A P 1 163 0
J N 5 1729 -7 2 6481 144 2 36 35
K 0 0 43
A D 1 16 0
A P 1 158 0
H 36 B 45 4 108 4 22 11 11 33
H 35 S 0 6 -36 6 -45 0 0 0 0
J B 37 1762 1 82 6913 144 0
J N 7 1783 -14 7 1 0 0
K 1 0 45
K 0 0 43
K -1 0 45
K 2 0 45
K 0 0 59
K 0 -7 59
A D 4 16 0
A P 1 163 0
J N 8 1783 35 6 1 0 0
K 0 0 42
K 0 17 60
K 0 0 60
K 0 16 60
K -17 35 125
A D 8 16 0
A P 2 123 0
J R 7 1849 -14 2 1729 576 0
K 0 0 48
A D 4 16 1
A P 1 0 1
J R 8 1915 0 2 3457 576 0
K 0 0 47
A D 8 16 0
A P 1 0 0
J N 8 1915 35 6 3457 0 0
K 0 0 42
K 0 17 60
K 0 0 60
K 0 16 60
K -17 35 125
A D 8 16 0
A P 2 123 0
J B 38 2050 1 82 6913 1152 0
E *
L 515 0 -112 300 300 * 0 14 0
J D 0 -130 42 1 6913 0 0
W 0 -21 31 Cor 1-2
J D 0 -130 42 1 6913 0 0
W 8 21 31 (C)
J C 4 5 42 2 6913 0 0
K 0 0 33
K 0 0 34
J K 0 57 0 0 6913 0 0
J D 0 -11 -14 1 6913 0 0
W 0 0 0 \03\00
J N 7 100 42 7 1 0 2 22 23
K 0 -49 43
K 0 0 43
K 0 -49 60
K 0 -21 60
K 0 0 60
K 0 14 60
A D 2 8 0
A P 1 226 0
A P 2 186 0
J M 0 48 0 0 6913 0 1 22
H 22 T -7 0 0 0 0 0 1 0
J M 0 48 0 0 6913 0 1 23
H 23 T 42 0 0 0 0 0 15 0
J N 7 168 42 7 1729 576 1 24
K 0 -49 43
K 0 0 43
K 0 -49 60
K 0 -21 60
K 0 0 60
K 0 14 60
A D 2 8 0
A P 1 226 0
A P 2 186 0
J N 7 234 42 7 3457 576 0
K 0 -49 43
K 0 0 43
K 0 -49 60
K 0 -21 60
K 0 0 60
K 0 14 60
A D 2 8 0
A P 1 226 0
A P 2 186 0
J N 7 300 42 7 5185 576 0
K 0 -49 43
K 0 0 43
K 0 -49 60
K 0 -21 60
K 0 0 60
K 0 14 60
A D 2 8 0
A P 1 226 0
A P 2 186 0
J B 31 369 1 82 6913 576 0
J S 0 390 110 2 1 0 1 24
K 0 0 110
K 19 0 110
H 24 W 0 21 7 110 -66 110
J N 7 390 42 8 1 0 0
K 0 -49 43
K 0 0 43
K 0 -66 96
K 0 -49 60
K 0 -21 60
K 0 0 60
K 0 14 60
A D 2 8 0
A P 1 226 0
A P 2 186 0
J R 7 433 28 2 1729 576 0
K 0 0 48
A D 2 8 0
A P 1 0 0
J N 7 476 21 11 3457 576 0
K 1 49 45
K 0 0 43
K 0 49 43
K -1 49 45
K 2 49 45
K 0 66 96
K 0 49 59
K 0 21 59
K 0 0 59
K 0 -14 59
A D 2 8 0
A P 1 203 0
A P 2 163 0
J R 7 519 28 2 5185 576 0
K 0 0 48
A D 2 8 0
A P 1 0 0
J B 32 565 1 82 6913 576 0
J N 7 586 21 11 1 0 0
K 1 49 45
K 0 0 43
K 0 49 43
K -1 49 45
K 2 49 45
K 0 66 96
K 0 49 59
K 0 21 59
K 0 0 59
K 0 -14 59
A D 2 8 0
A P 1 203 0
A P 2 163 0
J R 7 629 28 2 1729 576 0
K 0 0 48
A D 2 8 0
A P 1 0 0
J N 7 672 14 7 3457 576 0
K 0 0 43
K 0 28 43
K 0 49 96
K 0 28 59
K 0 0 59
K 0 -14 59
A D 2 8 0
A P 1 209 0
A P 2 186 0
J R 7 715 28 2 5185 576 0
K 0 0 48
A D 2 8 0
A P 1 0 0
J B 33 761 1 82 6913 576 0
J N 7 782 21 8 1 0 0
K 0 0 43
K 0 35 43
K 0 52 96
K 0 35 59
K 0 7 59
K 0 0 59
K 0 -14 59
A D 2 8 0
A P 1 203 0
A P 2 175 0
J R 7 848 28 2 1729 576 0
K 0 0 48
A D 2 8 1
A P 1 0 1
J R 8 914 28 2 3457 576 0
K 0 0 47
A D 4 8 0
A P 1 0 0
J B 34 990 1 82 6913 1152 0
J R 7 1011 28 2 1 0 0
K 0 0 48
A D 2 8 0
A P 1 0 0
J N 7 1054 21 7 1729 576 0
K 0 0 43
K 0 35 43
K 0 35 59
K 0 7 59
K 0 0 59
K 0 -14 59
A D 2 8 0
A P 1 203 0
A P 2 175 0
J N 7 1097 21 7 3457 576 0
K 0 0 43
K 0 35 43
K 0 35 59
K 0 7 59
K 0 0 59
K 0 -14 59
A D 2 8 0
A P 1 203 0
A P 2 175 0
J N 7 1140 21 7 5185 576 0
K 0 0 43
K 0 35 43
K 0 35 59
K 0 7 59
K 0 0 59
K 0 -14 59
A D 2 8 0
A P 1 203 0
A P 2 175 0
J B 35 1260 1 82 6913 576 0
J N 9 1281 42 3 1 0 2 25 26
K 0 -28 41
K 0 0 41
A D 8 8 1
A P 1 209 1
A P 2 186 1
J B 36 1492 1 82 6913 2304 0
J N 7 1513 42 6 1 0 2 25 26
K 0 -28 43
K 0 0 43
K 0 -28 60
K 0 0 60
K 0 14 60
A D 2 8 0
A P 1 209 0
A P 2 186 0
H 25 T 14 0 0 0 0 0 5 0
H 26 T 42 0 0 0 0 0 15 0
J N 7 1556 42 6 1729 576 0
K 0 -28 43
K 0 0 43
K 0 -28 60
K 0 0 60
K 0 14 60
A D 2 8 0
A P 1 209 0
A P 2 186 0
J N 7 1599 42 6 3457 576 0
K 0 -28 43
K 0 0 43
K 0 -28 60
K 0 0 60
K 0 14 60
A D 2 8 0
A P 1 209 0
A P 2 186 0
J N 7 1642 42 6 5185 576 0
K 0 -28 43
K 0 0 43
K 0 -28 60
K 0 0 60
K 0 14 60
A D 2 8 0
A P 1 209 0
A P 2 186 0
J B 37 1762 1 82 6913 576 0
J N 7 1783 21 7 1 0 0
K 0 0 43
K 0 35 43
K 0 35 59
K 0 7 59
K 0 0 59
K 0 -14 59
A D 2 8 0
A P 1 203 0
A P 2 175 0
J R 7 1849 28 2 1729 576 0
K 0 0 48
A D 2 8 1
A P 1 0 1
J R 8 1915 28 2 3457 576 0
K 0 0 47
A D 4 8 0
A P 1 0 0
J B 38 2050 1 82 6913 1152 0
E *
L 640 0 -112 300 300 * 0 14 0
J D 0 -111 42 1 6913 0 0
W 0 -21 31 Tr 1-2
J D 0 -111 42 1 6913 0 0
W 8 21 31 (C)
J C 4 5 42 2 6913 0 0
K 0 0 33
K 0 0 34
J K 0 57 0 0 6913 0 0
J D 0 -11 -14 1 6913 0 0
W 0 0 0 \03\00
J N 7 100 42 6 1 0 2 1 2
K 0 -28 43
K 0 0 43
K 0 -28 60
K 0 0 60
K 0 14 60
A D 2 8 0
A P 1 209 0
A P 2 186 0
J M 0 48 0 0 6913 0 1 1
H 1 T 14 0 0 0 0 0 5 0
J M 0 48 0 0 6913 0 1 2
H 2 T 42 0 0 0 0 0 15 0
J N 7 168 42 6 1729 576 1 3
K 0 -28 43
K 0 0 43
K 0 -28 60
K 0 0 60
K 0 14 60
A D 2 8 0
A P 1 209 0
A P 2 186 0
J N 7 234 42 6 3457 576 0
K 0 -28 43
K 0 0 43
K 0 -28 60
K 0 0 60
K 0 14 60
A D 2 8 0
A P 1 209 0
A P 2 186 0
J N 7 300 42 6 5185 576 0
K 0 -28 43
K 0 0 43
K 0 -28 60
K 0 0 60
K 0 14 60
A D 2 8 0
A P 1 209 0
A P 2 186 0
J B 31 369 1 82 6913 576 0
J S 0 390 107 2 1 0 1 3
K 0 0 110
K 19 0 110
H 3 W 0 21 7 107 -38 107
J N 7 390 21 7 1 0 0
K 0 -14 43
K 0 0 43
K 0 -31 96
K 0 -14 60
K 0 0 60
K 0 21 60
A D 2 8 0
A P 1 215 0
A P 2 203 0
J R 7 433 28 2 1729 576 0
K 0 0 48
A D 2 8 0
A P 1 0 0
J N 7 476 21 11 3457 576 0
K 1 49 45
K 0 0 43
K 0 49 43
K -1 49 45
K 2 49 45
K 0 66 96
K 0 49 59
K 0 21 59
K 0 0 59
K 0 -14 59
A D 2 8 0
A P 1 203 0
A P 2 163 0
J R 7 519 28 2 5185 576 0
K 0 0 48
A D 2 8 0
A P 1 0 0
J B 32 565 1 82 6913 576 0
J N 7 586 21 11 1 0 0
K 1 49 45
K 0 0 43
K 0 49 43
K -1 49 45
K 2 49 45
K 0 66 96
K 0 49 59
K 0 21 59
K 0 0 59
K 0 -14 59
A D 2 8 0
A P 1 203 0
A P 2 163 0
J R 7 629 28 2 1729 576 0
K 0 0 48
A D 2 8 0
A P 1 0 0
J N 7 672 42 12 3457 576 0
K 1 28 45
K 1 42 45
K 0 0 43
K 0 49 43
K 0 42 45
K 1 42 45
K 0 66 96
K 0 49 59
K 0 21 59
K 0 0 59
K 0 -21 59
A D 2 8 0
A P 1 186 0
A P 2 146 0
J R 7 715 28 2 5185 576 0
K 0 0 48
A D 2 8 0
A P 1 0 0
J B 33 761 1 82 6913 576 0
J N 7 782 21 11 1 0 0
K 1 49 45
K 0 0 43
K 0 49 43
K -1 49 45
K 2 49 45
K 0 66 96
K 0 49 59
K 0 21 59
K 0 0 59
K 0 -14 59
A D 2 8 0
A P 1 203 0
A P 2 163 0
J R 7 848 28 2 1729 576 0
K 0 0 48
A D 2 8 1
A P 1 0 1
J R 8 914 28 2 3457 576 0
K 0 0 47
A D 4 8 0
A P 1 0 0
J B 34 990 1 82 6913 1152 0
J R 9 1111 28 2 1 0 0
K 0 0 46
A D 8 8 0
A P 3 0 0
J B 35 1260 1 82 6913 2304 0
J R 9 1362 28 2 1 0 0
K 0 0 46
A D 8 8 0
A P 3 0 0
J B 36 1492 1 82 6913 2304 0
J R 7 1513 28 2 1 0 0
K 0 0 48
A D 2 8 0
A P 1 0 0
J N 7 1556 42 6 1729 576 0
K 0 -28 43
K 0 0 43
K 0 -28 60
K 0 0 60
K 0 14 60
A D 2 8 0
A P 1 209 0
A P 2 186 0
J N 7 1599 42 6 3457 576 0
K 0 -28 43
K 0 0 43
K 0 -28 60
K 0 0 60
K 0 14 60
A D 2 8 0
A P 1 209 0
A P 2 186 0
J N 7 1642 42 6 5185 576 0
K 0 -28 43
K 0 0 43
K 0 -28 60
K 0 0 60
K 0 14 60
A D 2 8 0
A P 1 209 0
A P 2 186 0
J B 37 1762 1 82 6913 576 0
J N 7 1783 21 7 1 0 0
K 0 0 43
K 0 35 43
K 0 35 59
K 0 7 59
K 0 0 59
K 0 -14 59
A D 2 8 0
A P 1 203 0
A P 2 175 0
J R 7 1849 28 2 1729 576 0
K 0 0 48
A D 2 8 1
A P 1 0 1
J R 8 1915 28 2 3457 576 0
K 0 0 47
A D 4 8 0
A P 1 0 0
J B 38 2050 1 82 6913 1152 0
E *
L 765 0 0 300 300 * 0 14 0
J D 0 -118 42 1 6913 0 0
W 0 -21 31 Timp.
J D 0 -118 42 1 6913 0 0
W 8 21 31 (C-G)
J C 22 5 14 36 6913 0 0
J K 0 57 0 0 6913 0 0
J D 0 -11 -14 1 6913 0 0
W 0 0 0 \03\00
J R 7 100 28 2 1 0 0
K 0 0 48
A D 4 16 0
A P 1 0 0
J N 7 168 56 4 1729 576 1 1
K 0 0 43
K 0 0 59
K 0 -21 59
A D 4 16 0
A P 1 106 0
J N 7 234 56 4 3457 576 0
K 0 0 43
K 0 0 59
K 0 -21 59
A D 4 16 0
A P 1 106 0
J N 7 300 56 4 5185 576 0
K 0 0 43
K 0 0 59
K 0 -21 59
A D 4 16 0
A P 1 106 0
J B 31 369 1 82 6913 576 0
J S 0 390 93 2 1 0 1 1
K 0 0 110
K 19 0 110
H 1 W 0 21 7 93 -38 93
J N 7 390 35 5 1 0 0
K 0 0 43
K 0 14 96
K 0 0 59
K 0 -21 59
A D 4 16 0
A P 1 123 0
J R 7 433 28 2 1729 576 0
K 0 0 48
A D 4 16 0
A P 1 0 0
J N 7 476 35 5 3457 576 0
K 0 0 43
K 0 14 96
K 0 0 59
K 0 -21 59
A D 4 16 0
A P 1 123 0
J R 7 519 28 2 5185 576 0
K 0 0 48
A D 4 16 0
A P 1 0 0
J B 32 565 1 82 6913 576 0
J N 7 586 35 5 1 0 0
K 0 0 43
K 0 14 96
K 0 0 59
K 0 -21 59
A D 4 16 0
A P 1 123 0
J R 7 629 28 2 1729 576 0
K 0 0 48
A D 4 16 0
A P 1 0 0
J N 7 672 56 5 3457 576 0
K 0 0 43
K 0 17 96
K 0 0 59
K 0 -21 59
A D 4 16 0
A P 1 106 0
J R 7 715 28 2 5185 576 0
K 0 0 48
A D 4 16 0
A P 1 0 0
J B 33 761 1 82 6913 576 0
J N 7 782 35 5 1 0 0
K 0 0 43
K 0 14 96
K 0 0 59
K 0 -21 59
A D 4 16 0
A P 1 123 0
J R 7 848 28 2 1729 576 0
K 0 0 48
A D 4 16 1
A P 1 0 1
J R 8 914 28 2 3457 576 0
K 0 0 47
A D 8 16 0
A P 1 0 0
J B 34 990 1 82 6913 1152 0
J R 9 1111 28 2 1 0 0
K 0 0 46
A D 16 16 0
A P 1 0 0
J B 35 1260 1 82 6913 2304 0
J R 9 1362 28 2 1 0 0
K 0 0 46
A D 16 16 0
A P 1 0 0
J B 36 1492 1 82 6913 2304 0
J R 7 1513 28 2 1 0 0
K 0 0 48
A D 4 16 0
A P 1 0 0
J N 7 1556 35 4 1729 576 0
K 0 0 43
K 0 0 59
K 0 -21 59
A D 4 16 0
A P 1 123 0
J N 7 1599 35 4 3457 576 0
K 0 0 43
K 0 0 59
K 0 -21 59
A D 4 16 0
A P 1 123 0
J N 7 1642 35 4 5185 576 0
K 0 0 43
K 0 0 59
K 0 -21 59
A D 4 16 0
A P 1 123 0
J B 37 1762 1 82 6913 576 0
J N 7 1783 35 4 1 0 0
K 0 0 43
K 0 0 59
K 0 -21 59
A D 4 16 0
A P 1 123 0
J R 7 1849 28 2 1729 576 0
K 0 0 48
A D 4 16 1
A P 1 0 1
J R 8 1915 28 2 3457 576 0
K 0 0 47
A D 8 16 0
A P 1 0 0
J B 38 2050 1 82 6913 1152 0
E *
L 900 0 0 300 300 * 0 14 0
J D 0 -119 42 1 6913 0 0
W 0 0 31 Vln 1
J C 4 5 42 2 6913 0 0
K 0 0 33
K 0 0 34
J K 0 57 0 0 6913 0 0
J D 0 -11 -14 1 6913 0 0
W 0 0 0 \03\00
J N 6 100 0 3 1 0 2 58 57
K 0 0 43
K 0 -17 96
A D 4 32 0
A P 1 220 0
J N 6 134 14 3 865 288 1 58
K 0 0 43
K 0 -21 96
A D 4 32 0
A P 1 209 0
J N 6 168 28 3 1729 288 1 58
K 0 0 43
K 0 -21 96
A D 4 32 0
A P 1 198 0
J N 6 201 42 3 2593 288 1 58
K 0 0 43
K 0 -21 96
A D 4 32 0
A P 1 186 0
H 58 B -61 7 108 4 2 1 1 3
J N 6 234 49 3 3457 288 1 59
K 0 0 43
K 0 17 96
A D 4 32 0
A P 1 180 0
J N 6 267 63 3 4321 288 1 59
K 0 0 43
K 0 17 96
A D 4 32 0
A P 1 169 0
J N 6 300 77 6 5185 288 1 59
K 1 -7 45
K 0 0 43
K 0 -7 45
K 1 -7 45
K 0 17 96
A D 4 32 0
A P 1 158 0
J N 6 333 91 7 6049 288 1 59
K 1 -21 45
K 1 -7 45
K 0 0 43
K 0 -7 45
K 1 -7 45
K 0 17 96
A D 4 32 0
A P 1 146 0
H 59 B 40 5 108 4 2 1 1 3
J B 31 369 1 82 6913 288 0
J S 0 390 133 2 1 0 1 57
K 0 0 110
K 19 0 110
H 57 W 0 21 7 133 -45 133
J N 7 390 70 8 1 0 0
K 1 0 45
K 0 0 43
K -1 0 45
K 2 0 45
K 0 17 96
K 0 0 59
K 0 -21 59
A D 8 32 0
A P 1 163 0
J R 7 433 28 2 1729 576 0
K 0 0 48
A D 8 32 0
A P 1 0 0
J N 7 476 49 13 3457 576 0
K 0 -63 45
K 0 -63 43
K -1 -63 45
K 2 -63 45
K 0 -28 43
K 0 0 43
K 0 -80 96
K 0 -63 60
K 0 -35 60
K 0 -7 60
K 0 0 60
K 0 14 60
A D 8 32 0
A P 1 232 0
A P 1 203 0
A P 1 180 0
J R 7 519 28 2 5185 576 0
K 0 0 48
A D 8 32 0
A P 1 0 0
J B 32 565 1 82 6913 576 0
J N 7 586 56 10 1 0 0
K 0 -63 43
K 0 -35 43
K 0 0 43
K 0 -80 96
K 0 -63 60
K 0 -35 60
K 0 -7 60
K 0 0 60
K 0 14 60
A D 8 32 0
A P 1 226 0
A P 1 203 0
A P 1 175 0
J R 7 629 28 2 1729 576 0
K 0 0 48
A D 8 32 0
A P 1 0 0
J N 7 672 28 14 3457 576 0
K 1 42 45
K 1 56 45
K 0 0 43
K 0 35 43
K 0 63 43
K 0 56 45
K 1 56 45
K 0 80 96
K 0 63 59
K 0 35 59
K 0 7 59
K 0 0 59
K 0 -14 59
A D 8 32 0
A P 1 198 0
A P 1 169 0
A P 1 146 0
J R 7 715 28 2 5185 576 0
K 0 0 48
A D 8 32 0
A P 1 0 0
J B 33 761 1 82 6913 576 0
J N 8 782 21 16 1 0 1 60
K 1 49 45
K 1 63 45
K 0 0 42
K 25 0 44
K 0 35 42
K 24 29 44
K 0 70 42
K 0 63 45
K 1 63 45
K 25 70 44
K 0 70 59
K 0 42 59
K 0 14 59
K 0 0 59
K 0 -14 59
A D 24 32 0
A P 1 203 0
A P 1 175 0
A P 1 146 0
J N 7 944 7 4 5185 1728 1 60
K 0 0 43
K 0 0 60
K 0 21 60
A D 8 32 0
A P 1 215 0
H 60 S 0 12 0 0 0 0 0 0 0
J B 34 990 1 82 6913 576 0
J N 8 1011 -7 7 1 0 0
K 0 0 42
K 25 0 44
K 0 91 111
K 12 91 110
K 0 0 60
K 0 21 60
A D 24 32 0
A P 1 226 0
J N 5 1140 0 2 5185 1728 2 61 62
K 0 0 43
A D 2 32 0
A P 1 220 0
J N 5 1169 7 2 5617 144 1 62
K 0 0 43
A D 2 32 0
A P 1 215 0
J N 5 1198 14 2 6049 144 1 62
K 0 0 43
A D 2 32 0
A P 1 209 0
J N 5 1227 21 2 6481 144 2 62 61
K 0 0 43
A D 2 32 0
A P 1 203 0
H 62 B -60 4 108 4 22 11 11 33
H 61 S 0 0 0 0 0 0 0 0 0
J B 35 1260 1 82 6913 144 0
J N 8 1281 28 8 1 0 0
K 0 0 42
K 0 35 42
K 0 35 59
K 0 7 59
K 0 0 59
K 0 -23 59
K 0 -42 125
A D 16 32 0
A P 1 198 0
A P 1 169 0
J N 8 1413 28 8 3457 1152 0
K 0 0 42
K 0 35 42
K 0 35 59
K 0 7 59
K 0 0 59
K 0 -23 59
K 0 -42 125
A D 16 32 0
A P 1 198 0
A P 1 169 0
J B 36 1492 1 82 6913 1152 0
J N 8 1513 28 8 1 0 0
K 0 0 42
K 0 35 42
K 0 35 59
K 0 7 59
K 0 0 59
K 0 -23 59
K 0 -42 125
A D 16 32 0
A P 1 198 0
A P 1 169 0
J N 8 1599 28 8 3457 1152 0
K 0 0 42
K 0 35 42
K 0 35 59
K 0 7 59
K 0 0 59
K 0 -23 59
K 0 -42 125
A D 16 32 0
A P 1 198 0
A P 1 169 0
J B 37 1762 1 82 6913 1152 0
J N 6 1783 21 2 1 0 2 63 64
K 0 0 43
A D 4 32 0
A P 1 203 0
J N 6 1816 28 2 865 288 2 64 63
K 0 0 43
A D 4 32 0
A P 1 198 0
H 63 S 0 0 0 0 0 0 0 0 0
J N 6 1849 21 3 1729 288 1 64
K 0 0 43
K 0 -14 96
A D 4 32 0
A P 1 203 0
J N 6 1882 14 3 2593 288 1 64
K 0 0 43
K 0 -21 96
A D 4 32 0
A P 1 209 0
H 64 B -49 0 108 4 2 1 1 3
J N 6 1915 7 2 3457 288 2 65 66
K 0 0 43
A D 4 32 0
A P 1 215 0
J N 6 1948 14 2 4321 288 2 66 65
K 0 0 43
A D 4 32 0
A P 1 209 0
H 65 S 0 0 0 0 0 0 0 0 0
J N 6 1981 7 3 5185 288 1 66
K 0 0 43
K 0 -17 96
A D 4 32 0
A P 1 215 0
J N 6 2014 0 3 6049 288 1 66
K 0 0 43
K 0 -17 96
A D 4 32 0
A P 1 220 0
H 66 B -53 0 108 4 2 1 1 3
J B 38 2050 1 82 6913 288 0
E *
L 1030 0 0 300 300 * 0 14 0
J D 0 -119 42 1 6913 0 0
W 0 0 31 Vln 2
J C 4 5 42 2 6913 0 0
K 0 0 33
K 0 0 34
J K 0 57 0 0 6913 0 0
J D 0 -11 -14 1 6913 0 0
W 0 0 0 \03\00
J N 6 100 0 3 1 0 2 41 40
K 0 0 43
K 0 -17 96
A D 4 32 0
A P 1 220 0
J N 6 134 14 3 865 288 1 41
K 0 0 43
K 0 -21 96
A D 4 32 0
A P 1 209 0
J N 6 168 28 3 1729 288 1 41
K 0 0 43
K 0 -21 96
A D 4 32 0
A P 1 198 0
J N 6 201 42 3 2593 288 1 41
K 0 0 43
K 0 -21 96
A D 4 32 0
A P 1 186 0
H 41 B -61 7 108 4 2 1 1 3
J N 6 234 49 3 3457 288 1 42
K 0 0 43
K 0 17 96
A D 4 32 0
A P 1 180 0
J N 6 267 63 3 4321 288 1 42
K 0 0 43
K 0 17 96
A D 4 32 0
A P 1 169 0
J N 6 300 77 6 5185 288 1 42
K 1 -7 45
K 0 0 43
K 0 -7 45
K 1 -7 45
K 0 17 96
A D 4 32 0
A P 1 158 0
J N 6 333 91 7 6049 288 1 42
K 1 -21 45
K 1 -7 45
K 0 0 43
K 0 -7 45
K 1 -7 45
K 0 17 96
A D 4 32 0
A P 1 146 0
H 42 B 40 5 108 4 2 1 1 3
J B 31 369 1 82 6913 288 0
J S 0 390 133 2 1 0 1 40
K 0 0 110
K 19 0 110
H 40 W 0 21 7 133 -52 133
J N 7 390 70 8 1 0 0
K 1 0 45
K 0 0 43
K -1 0 45
K 2 0 45
K 0 17 96
K 0 0 59
K 0 -21 59
A D 8 32 0
A P 1 163 0
J R 7 433 28 2 1729 576 0
K 0 0 48
A D 8 32 0
A P 1 0 0
J N 7 476 49 13 3457 576 0
K 0 -63 45
K 0 -63 43
K -1 -63 45
K 2 -63 45
K 0 -28 43
K 0 0 43
K 0 -80 96
K 0 -63 60
K 0 -35 60
K 0 -7 60
K 0 0 60
K 0 14 60
A D 8 32 0
A P 1 232 0
A P 1 203 0
A P 1 180 0
J R 7 519 28 2 5185 576 0
K 0 0 48
A D 8 32 0
A P 1 0 0
J B 32 565 1 82 6913 576 0
J N 7 586 56 10 1 0 0
K 0 -63 43
K 0 -35 43
K 0 0 43
K 0 -80 96
K 0 -63 60
K 0 -35 60
K 0 -7 60
K 0 0 60
K 0 14 60
A D 8 32 0
A P 1 226 0
A P 1 203 0
A P 1 175 0
J R 7 629 28 2 1729 576 0
K 0 0 48
A D 8 32 0
A P 1 0 0
J N 7 672 28 14 3457 576 0
K 1 42 45
K 1 56 45
K 0 0 43
K 0 35 43
K 0 63 43
K 0 56 45
K 1 56 45
K 7 -52 96
K 0 63 59
K 0 35 59
K 0 7 59
K 0 0 59
K 0 -14 59
A D 8 32 0
A P 1 198 0
A P 1 169 0
A P 1 146 0
J R 7 715 28 2 5185 576 0
K 0 0 48
A D 8 32 0
A P 1 0 0
J B 33 761 1 82 6913 576 0
J N 8 782 21 16 1 0 0
K 1 49 45
K 1 63 45
K 0 0 42
K 25 0 44
K 0 35 42
K 24 29 44
K 0 70 42
K 0 63 45
K 1 63 45
K 25 70 44
K 0 70 59
K 0 42 59
K 0 14 59
K 0 0 59
K 0 -14 59
A D 24 32 0
A P 1 203 0
A P 1 175 0
A P 1 146 0
J N 7 944 56 4 5185 1728 0
K 0 0 43
K 0 0 59
K 0 -21 59
A D 8 32 0
A P 1 175 0
J B 34 990 1 82 6913 576 0
J N 8 1011 42 7 1 0 0
K 0 0 42
K 24 -6 44
K 0 44 111
K 12 44 110
K 0 0 59
K 0 -21 59
A D 24 32 0
A P 1 186 0
J N 5 1140 49 2 5185 1728 2 43 44
K 0 0 43
A D 2 32 0
A P 1 180 0
J N 5 1169 56 2 5617 144 1 44
K 0 0 43
A D 2 32 0
A P 1 175 0
J N 5 1198 63 2 6049 144 1 44
K 0 0 43
A D 2 32 0
A P 1 169 0
J N 5 1227 70 5 6481 144 2 44 43
K 1 0 45
K 0 0 43
K -1 0 45
K 2 0 45
A D 2 32 0
A P 1 163 0
H 44 B 50 4 108 4 22 11 11 33
H 43 S 12 0 0 0 0 0 0 0 0
J B 35 1260 1 82 6913 144 0
J N 6 1281 77 5 1 0 1 45
K 1 -7 45
K 0 0 43
K 0 -7 45
K 1 -7 45
A D 4 32 0
A P 1 158 0
J N 6 1314 63 7 865 288 1 45
K 1 7 45
K 0 0 43
K 0 14 43
K 0 7 45
K 1 7 45
K 0 14 59
A D 4 32 0
A P 1 169 0
A P 1 158 0
J N 6 1347 63 7 1729 288 1 45
K 1 7 45
K 0 0 43
K 0 14 43
K 0 7 45
K 1 7 45
K 0 14 59
A D 4 32 0
A P 1 169 0
A P 1 158 0
J N 6 1380 63 7 2593 288 1 45
K 1 7 45
K 0 0 43
K 0 14 43
K 0 7 45
K 1 7 45
K 0 14 59
A D 4 32 0
A P 1 169 0
A P 1 158 0
H 45 B 64 -1 108 4 2 1 1 3
J N 8 1413 63 11 3457 288 0
K 1 7 45
K 0 0 42
K 0 14 42
K 0 7 45
K 1 7 45
K 0 14 59
K 0 -17 59
K 0 0 59
K 0 -16 59
K 0 -35 125
A D 16 32 0
A P 1 169 0
A P 1 158 0
J B 36 1492 1 82 6913 1152 0
J N 8 1513 63 11 1 0 0
K 1 7 45
K 0 0 42
K 0 14 42
K 0 7 45
K 1 7 45
K 0 14 59
K 0 -17 59
K 0 0 59
K 0 -16 59
K 0 -35 125
A D 16 32 0
A P 1 169 0
A P 1 158 0
J N 8 1599 63 11 3457 1152 0
K 1 7 45
K 0 0 42
K 0 14 42
K 0 7 45
K 1 7 45
K 0 14 59
K 0 -17 59
K 0 0 59
K 0 -16 59
K 0 -35 125
A D 16 32 0
A P 1 169 0
A P 1 158 0
J B 37 1762 1 82 6913 1152 0
J N 6 1783 70 5 1 0 2 46 47
K 1 0 45
K 0 0 43
K -1 0 45
K 2 0 45
A D 4 32 0
A P 1 163 0
J N 6 1816 77 5 865 288 2 47 46
K 1 -7 45
K 0 0 43
K 0 -7 45
K 1 -7 45
A D 4 32 0
A P 1 158 0
H 46 S 12 0 0 0 0 0 0 0 0
J N 6 1849 70 6 1729 288 1 47
K 1 0 45
K 0 0 43
K -1 0 45
K 2 0 45
K 0 17 96
A D 4 32 0
A P 1 163 0
J N 6 1882 63 3 2593 288 1 47
K 0 0 43
K 0 17 96
A D 4 32 0
A P 1 169 0
H 47 B 45 -1 108 4 2 1 1 3
J N 6 1915 56 2 3457 288 2 48 49
K 0 0 43
A D 4 32 0
A P 1 175 0
J N 6 1948 63 2 4321 288 2 49 48
K 0 0 43
A D 4 32 0
A P 1 169 0
H 48 S 12 0 0 0 0 0 0 0 0
J N 6 1981 56 3 5185 288 1 49
K 0 0 43
K 0 17 96
A D 4 32 0
A P 1 175 0
J N 6 2014 49 3 6049 288 1 49
K 0 0 43
K 0 17 96
A D 4 32 0
A P 1 180 0
H 49 B 45 -1 108 4 2 1 1 3
J B 38 2050 1 82 6913 288 0
E *
L 1155 0 0 300 300 * 0 14 0
J D 0 -86 42 1 6913 0 0
W 0 0 31 Vla
J C 13 5 28 35 6913 0 0
J K 0 57 0 0 6913 0 0
J D 0 -11 -14 1 6913 0 0
W 0 0 0 \03\00
J R 8 100 28 2 1 0 0
K 0 0 47
A D 16 32 0
A P 1 0 0
J N 6 234 7 3 3457 1152 2 27 26
K 0 0 43
K 0 -17 96
A D 4 32 0
A P 1 180 0
J N 6 267 21 3 4321 288 1 27
K 0 0 43
K 0 -14 96
A D 4 32 0
A P 1 169 0
J N 6 300 35 3 5185 288 1 27
K 0 0 43
K 0 -14 96
A D 4 32 0
A P 1 158 0
J N 6 333 49 3 6049 288 1 27
K 0 0 43
K 0 -14 96
A D 4 32 0
A P 1 146 0
H 27 B -61 7 108 4 2 1 1 3
J B 31 369 1 82 6913 288 0
J S 0 390 114 2 1 0 1 26
K 0 0 110
K 19 0 110
H 26 W 0 21 7 121 -45 121
J N 7 390 28 5 1 0 0
K 0 0 43
K 0 -21 96
K 0 0 60
K 0 21 60
A D 8 32 0
A P 1 163 0
J R 7 433 28 2 1729 576 0
K 0 0 48
A D 8 32 0
A P 1 0 0
J N 7 476 7 5 3457 576 0
K 0 0 43
K 0 -17 96
K 0 0 60
K 0 21 60
A D 8 32 0
A P 1 180 0
J R 7 519 28 2 5185 576 0
K 0 0 48
A D 8 32 0
A P 1 0 0
J B 32 565 1 82 6913 576 0
J N 7 586 0 5 1 0 0
K 0 0 43
K 0 -17 96
K 0 0 60
K 0 21 60
A D 8 32 0
A P 1 186 0
J R 7 629 28 2 1729 576 0
K 0 0 48
A D 8 32 0
A P 1 0 0
J N 7 672 49 5 3457 576 0
K 0 0 43
K 0 17 96
K 0 0 59
K 0 -21 59
A D 8 32 0
A P 1 146 0
J R 7 715 28 2 5185 576 0
K 0 0 48
A D 8 32 0
A P 1 0 0
J B 33 761 1 82 6913 576 0
J N 6 782 28 2 1 0 1 28
K 0 0 43
A D 4 32 0
A P 1 163 0
J N 6 815 49 4 865 288 1 28
K 0 0 43
K 0 14 43
K 0 14 59
A D 4 32 0
A P 1 146 0
A P 1 135 0
J N 6 848 49 4 1729 288 1 28
K 0 0 43
K 0 14 43
K 0 14 59
A D 4 32 0
A P 1 146 0
A P 1 135 0
J N 6 881 49 4 2593 288 1 28
K 0 0 43
K 0 14 43
K 0 14 59
A D 4 32 0
A P 1 146 0
A P 1 135 0
H 28 B 46 4 108 4 2 1 1 3
J N 8 914 49 8 3457 288 0
K 0 0 42
K 0 14 42
K 0 14 59
K 0 -17 59
K 0 0 59
K 0 -16 59
K 0 -35 125
A D 16 32 0
A P 1 146 0
A P 1 135 0
J B 34 990 1 82 6913 1152 0
J N 8 1011 49 10 1 0 0
K 0 0 42
K 0 14 42
K 0 47 111
K 12 47 110
K 0 14 59
K 0 -17 59
K 0 0 59
K 0 -16 59
K 0 -35 125
A D 16 32 0
A P 1 146 0
A P 1 135 0
J N 8 1097 49 8 3457 1152 0
K 0 0 42
K 0 14 42
K 0 14 59
K 0 -17 59
K 0 0 59
K 0 -16 59
K 0 -35 125
A D 16 32 0
A P 1 146 0
A P 1 135 0
J B 35 1260 1 82 6913 1152 0
J N 8 1281 49 8 1 0 0
K 18 0 42
K 0 7 42
K 0 7 59
K 0 -17 59
K 0 0 59
K 0 -16 59
K 0 -35 125
A D 16 32 0
A P 1 146 0
A P 1 140 0
J N 8 1413 49 8 3457 1152 0
K 18 0 42
K 0 7 42
K 0 7 59
K 0 -17 59
K 0 0 59
K 0 -16 59
K 0 -35 125
A D 16 32 0
A P 1 146 0
A P 1 140 0
J B 36 1492 1 82 6913 1152 0
J N 8 1513 49 8 1 0 0
K 18 0 42
K 0 7 42
K 0 7 59
K 0 -17 59
K 0 0 59
K 0 -16 59
K 0 -35 125
A D 16 32 0
A P 1 146 0
A P 1 140 0
J N 8 1599 49 8 3457 1152 0
K 18 0 42
K 0 7 42
K 0 7 59
K 0 -17 59
K 0 0 59
K 0 -16 59
K 0 -35 125
A D 16 32 0
A P 1 146 0
A P 1 140 0
J B 37 1762 1 82 6913 1152 0
J N 6 1783 49 4 1 0 1 29
K 0 0 43
K 0 14 43
K 0 14 59
A D 4 32 0
A P 1 146 0
A P 1 135 0
J N 6 1816 14 5 865 288 1 29
K 0 0 43
K 0 35 43
K 0 35 59
K 0 7 59
A D 4 32 0
A P 1 175 0
A P 1 146 0
J N 6 1849 14 5 1729 288 1 29
K 0 0 43
K 0 35 43
K 0 35 59
K 0 7 59
A D 4 32 0
A P 1 175 0
A P 1 146 0
J N 6 1882 14 5 2593 288 1 29
K 0 0 43
K 0 35 43
K 0 35 59
K 0 7 59
A D 4 32 0
A P 1 175 0
A P 1 146 0
H 29 B 66 -3 108 4 2 1 1 3
J N 8 1915 14 8 3457 288 0
K 0 0 42
K 0 35 42
K 0 35 59
K 0 7 59
K 0 0 59
K 0 -23 59
K 0 -42 125
A D 16 32 0
A P 1 175 0
A P 1 146 0
J B 38 2050 1 82 6913 1152 0
E *
L 1285 0 0 300 300 * 0 14 0
J D 0 -140 42 1 6913 0 0
W 0 0 31 Vc+Cb
J C 22 5 14 36 6913 0 0
J K 0 57 0 0 6913 0 0
J D 0 -11 -14 1 6913 0 0
W 0 0 0 \03\00
J R 8 100 28 2 1 0 0
K 0 0 47
A D 16 32 0
A P 1 0 0
J N 6 234 21 3 3457 1152 2 27 26
K 0 0 43
K 0 14 96
A D 4 32 0
A P 1 135 0
J N 6 267 28 3 4321 288 1 27
K 0 0 43
K 0 21 96
A D 4 32 0
A P 1 129 0
J N 6 300 42 3 5185 288 1 27
K 0 0 43
K 0 21 96
A D 4 32 0
A P 1 118 0
J N 6 333 56 3 6049 288 1 27
K 0 0 43
K 0 17 96
A D 4 32 0
A P 1 106 0
H 27 B 40 5 108 4 2 1 1 3
J B 31 369 1 82 6913 288 0
J S 0 390 98 2 1 0 1 26
K 0 0 110
K 19 0 110
H 26 W 0 21 7 105 -38 105
J N 7 390 35 5 1 0 0
K 0 0 43
K 0 14 96
K 0 0 59
K 0 -21 59
A D 8 32 0
A P 1 123 0
J R 7 433 28 2 1729 576 0
K 0 0 48
A D 8 32 0
A P 1 0 0
J N 7 476 14 5 3457 576 0
K 0 0 43
K 0 -21 96
K 0 0 60
K 0 21 60
A D 8 32 0
A P 1 140 0
J R 7 519 28 2 5185 576 0
K 0 0 48
A D 8 32 0
A P 1 0 0
J B 32 565 1 82 6913 576 0
J N 7 586 7 5 1 0 0
K 0 0 43
K 0 -17 96
K 0 0 60
K 0 21 60
A D 8 32 0
A P 1 146 0
J R 7 629 28 2 1729 576 0
K 0 0 48
A D 8 32 0
A P 1 0 0
J N 7 672 56 5 3457 576 0
K 0 0 43
K 0 17 96
K 0 0 59
K 0 -21 59
A D 8 32 0
A P 1 106 0
J R 7 715 28 2 5185 576 0
K 0 0 48
A D 8 32 0
A P 1 0 0
J B 33 761 1 82 6913 576 0
J N 8 782 35 6 1 0 0
K 0 0 42
K 0 -17 59
K 0 0 59
K 0 -16 59
K 0 -35 125
A D 16 32 0
A P 1 123 0
J N 8 914 35 6 3457 1152 0
K 0 0 42
K 0 -17 59
K 0 0 59
K 0 -16 59
K 0 -35 125
A D 16 32 0
A P 1 123 0
J B 34 990 1 82 6913 1152 0
J N 8 1011 35 8 1 0 0
K 0 0 42
K 0 51 111
K 12 51 110
K 0 -17 59
K 0 0 59
K 0 -16 59
K 0 -35 125
A D 16 32 0
A P 1 123 0
J N 8 1097 35 6 3457 1152 0
K 0 0 42
K 0 -17 59
K 0 0 59
K 0 -16 59
K 0 -35 125
A D 16 32 0
A P 1 123 0
J B 35 1260 1 82 6913 1152 0
J N 8 1281 35 6 1 0 0
K 0 0 42
K 0 -17 59
K 0 0 59
K 0 -16 59
K 0 -35 125
A D 16 32 0
A P 1 123 0
J N 8 1413 35 6 3457 1152 0
K 0 0 42
K 0 -17 59
K 0 0 59
K 0 -16 59
K 0 -35 125
A D 16 32 0
A P 1 123 0
J B 36 1492 1 82 6913 1152 0
J N 8 1513 35 6 1 0 0
K 0 0 42
K 0 -17 59
K 0 0 59
K 0 -16 59
K 0 -35 125
A D 16 32 0
A P 1 123 0
J N 8 1599 35 6 3457 1152 0
K 0 0 42
K 0 -17 59
K 0 0 59
K 0 -16 59
K 0 -35 125
A D 16 32 0
A P 1 123 0
J B 37 1762 1 82 6913 1152 0
J N 8 1783 35 6 1 0 0
K 0 0 42
K 0 -17 59
K 0 0 59
K 0 -16 59
K 0 -35 125
A D 16 32 0
A P 1 123 0
J N 8 1915 35 6 3457 1152 0
K 0 0 42
K 0 -17 59
K 0 0 59
K 0 -16 59
K 0 -35 125
A D 16 32 0
A P 1 123 0
J B 38 2050 1 82 6913 1152 0
E *
B 1 369 0
B 1 565 0
B 1 761 0
B 1 990 0
B 1 1260 0
B 1 1492 0
B 1 1762 0
B 1 2050 0
