S 0 200 140 2050 737 6 "(.)[({..}.{..})]"
L 0 0 0 352 352 * 0 14 0
J D 0 -117 42 1 6913 0 0
W 0 -21 31 Timp.
J D 0 -117 42 1 6913 0 0
W 0 21 31 (C-F)
J C 22 5 14 36 6913 0 0
J K 0 57 0 0 6913 0 0
J D 0 77 -14 1 6913 0 0
W 0 0 37 \01\03\09
J N 8 154 63 8 1 0 0
K 0 0 42
K 0 36 110
K 0 0 59
K 0 -28 59
K 0 -30 59
K 0 -49 125
K 0 -35 125
A D 8 16 0
A P 1 100 0
J N 8 377 63 7 3457 1152 0
K 0 0 42
K 0 0 59
K 0 -28 59
K 0 -30 59
K 0 -49 125
K 0 -35 125
A D 8 16 0
A P 1 100 0
J B 140 596 1 82 6913 1152 0
J R 9 738 28 2 1 0 0
K 0 0 46
A D 16 16 0
A P 1 0 0
J B 141 909 1 82 6913 2304 0
J D 0 932 0 1 1 0 0
W 0 91 36 dimin.
J N 8 932 35 7 1 0 0
K 0 0 42
K 0 0 59
K 0 -28 59
K 0 -30 59
K 0 -49 125
K 0 -35 125
A D 8 16 0
A P 1 123 0
J N 8 1148 35 7 3457 1152 0
K 0 0 42
K 0 0 59
K 0 -28 59
K 0 -30 59
K 0 -49 125
K 0 -35 125
A D 8 16 0
A P 1 123 0
J B 142 1367 1 82 6913 1152 0
J R 9 1465 28 2 1 0 0
K 0 0 46
A D 16 16 0
A P 1 0 0
J B 143 1592 1 82 6913 2304 0
J D 0 1615 0 1 1 0 0
W 0 102 36 dimin.
J N 8 1615 63 7 1 0 0
K 0 0 42
K 0 0 59
K 0 -28 59
K 0 -30 59
K 0 -49 125
K 0 -35 125
A D 8 16 0
A P 1 100 0
J N 8 1831 63 7 3457 1152 0
K 0 0 42
K 0 0 59
K 0 -28 59
K 0 -30 59
K 0 -49 125
K 0 -35 125
A D 8 16 0
A P 1 100 0
J B 144 2050 1 82 6913 1152 0
E *
L 152 0 0 352 352 * 0 14 0
J D 0 -119 42 1 6913 0 0
W 0 0 31 Vln 1
J C 4 5 42 2 6913 0 0
K 0 0 33
K 0 0 34
J K -4 57 0 4 6913 0 0
K 0 28 65
K 13 7 65
K 26 35 65
K 39 14 65
J D 0 77 -14 1 6913 0 0
W 0 0 0 \01\03\09
J N 9 154 28 4 1 0 0
K -14 0 64
K 0 0 41
K 0 60 110
A D 16 16 0
A P 1 198 0
J B 140 596 1 82 6913 2304 0
J N 7 619 21 5 1 0 0
K 0 0 43
K 0 68 108
K 0 0 60
K 0 21 60
A D 4 16 0
A P 1 203 0
J R 6 677 28 2 1729 576 0
K 0 0 49
A D 2 16 0
A P 1 0 0
J N 5 717 7 3 2593 288 2 197 198
K -14 0 64
K 0 0 43
A D 1 16 0
A P 1 215 0
J N 5 744 -7 2 3025 144 1 198
K 0 0 43
A D 1 16 0
A P 1 226 0
H 198 B -53 -4 108 2 22 33
J N 6 771 -28 9 3457 144 1 197
K 0 14 45
K 0 0 45
K 0 0 43
K -1 0 45
K 2 0 45
K 0 -17 96
K 0 0 60
K 0 7 54
A D 2 16 0
A P 1 243 0
H 197 S 0 0 0 0 -14 0 0 0 0
J R 6 811 28 2 4321 288 0
K 0 0 49
A D 2 16 1
A P 1 0 1
J R 7 851 28 2 5185 288 0
K 0 0 48
A D 4 16 0
A P 1 0 0
J B 141 909 1 82 6913 576 0
J R 8 932 28 2 1 0 0
K 0 0 47
A D 8 16 0
A P 1 0 0
J D 0 1148 0 1 3457 1152 0
W 0 100 36 dimin.
J N 8 1148 28 5 3457 0 0
K -15 0 65
K 0 0 42
K 0 0 60
K 0 21 60
A D 8 16 0
A P 1 197 0
J B 142 1367 1 82 6913 1152 0
J N 7 1390 28 5 1 0 0
K -14 0 64
K 0 0 43
K 0 0 60
K 0 21 60
A D 4 16 0
A P 1 198 0
J R 7 1448 28 2 1729 576 0
K 0 0 48
A D 4 16 1
A P 1 0 1
J R 8 1506 28 2 3457 576 0
K 0 0 47
A D 8 16 0
A P 1 0 0
J B 143 1592 1 82 6913 1152 0
J R 8 1615 28 2 1 0 0
K 0 0 47
A D 8 16 0
A P 1 0 0
J N 8 1831 28 5 3457 1152 0
K -14 0 64
K 0 0 42
K 0 0 60
K 0 21 60
A D 8 16 0
A P 1 198 0
J B 144 2050 1 82 6913 1152 0
E *
L 284 0 0 352 352 * 0 14 0
J D 0 -119 42 1 6913 0 0
W 0 0 31 Vln 2
J C 4 5 42 2 6913 0 0
K 0 0 33
K 0 0 34
J K -4 57 0 4 6913 0 0
K 0 28 65
K 13 7 65
K 26 35 65
K 39 14 65
J D 0 77 -14 1 6913 0 0
W 0 0 0 \01\03\09
J N 9 154 35 2 1 0 0
K 0 0 41
A D 16 16 0
A P 1 191 0
J B 140 596 1 82 6913 2304 0
J N 7 619 42 4 1 0 0
K 0 0 43
K 0 0 59
K 0 -21 59
A D 4 16 0
A P 1 186 0
J R 7 677 28 2 1729 576 0
K 0 0 48
A D 4 16 1
A P 1 0 1
J R 8 771 28 2 3457 576 0
K 0 0 47
A D 8 16 0
A P 1 0 0
J B 141 909 1 82 6913 1152 0
J R 8 932 28 2 1 0 0
K 0 0 47
A D 8 16 0
A P 1 0 0
J N 8 1148 42 4 3457 1152 0
K 0 0 42
K 0 0 59
K 0 -21 59
A D 8 16 0
A P 1 186 0
J B 142 1367 1 82 6913 1152 0
J N 7 1390 35 4 1 0 0
K 0 0 43
K 0 0 59
K 0 -21 59
A D 4 16 0
A P 1 191 0
J R 7 1448 28 2 1729 576 0
K 0 0 48
A D 4 16 1
A P 1 0 1
J R 8 1506 28 2 3457 576 0
K 0 0 47
A D 8 16 0
A P 1 0 0
J B 143 1592 1 82 6913 1152 0
J R 8 1615 28 2 1 0 0
K 0 0 47
A D 8 16 0
A P 1 0 0
J N 8 1831 35 4 3457 1152 0
K 0 0 42
K 0 0 59
K 0 -21 59
A D 8 16 0
A P 1 191 0
J B 144 2050 1 82 6913 1152 0
E *
L 416 0 0 352 352 * 0 14 0
J D 0 -94 42 1 6913 0 0
W 0 0 31 Vla
J C 13 5 28 35 6913 0 0
J K -4 57 0 4 6913 0 0
K 0 35 65
K 13 14 65
K 26 42 65
K 39 21 65
J D 0 77 -14 1 6913 0 0
W 0 0 0 \01\03\09
J N 9 154 21 5 1 0 0
K -14 0 64
K 0 -14 41
K 0 0 41
K 0 70 110
A D 16 16 0
A P 3 180 0
A P 3 169 0
J B 140 596 1 82 6913 2304 0
J N 7 619 14 6 1 0 0
K -14 0 64
K 0 0 43
K 0 70 108
K 0 0 60
K 0 21 60
A D 4 16 0
A P 3 175 0
J R 7 677 28 2 1729 576 0
K 0 0 48
A D 4 16 1
A P 3 0 1
J R 8 771 28 2 3457 576 0
K 0 0 47
A D 8 16 0
A P 3 0 0
J B 141 909 1 82 6913 1152 0
J R 8 932 28 2 1 0 0
K 0 0 47
A D 8 16 0
A P 3 0 0
J D 0 1148 0 1 3457 1152 0
W 0 105 36 dimin.
J N 8 1148 28 7 3457 0 0
K -14 -14 64
K 0 -14 42
K 0 0 42
K 0 -14 60
K 0 0 60
K 0 21 60
A D 8 16 0
A P 3 175 0
A P 3 163 0
J B 142 1367 1 82 6913 1152 0
J N 7 1390 21 7 1 0 0
K -14 0 64
K 0 -14 43
K 0 0 43
K 0 -14 60
K 0 0 60
K 0 21 60
A D 4 16 0
A P 3 180 0
A P 3 169 0
J R 7 1448 28 2 1729 576 0
K 0 0 48
A D 4 16 1
A P 3 0 1
J R 8 1506 28 2 3457 576 0
K 0 0 47
A D 8 16 0
A P 3 0 0
J B 143 1592 1 82 6913 1152 0
J R 8 1615 28 2 1 0 0
K 0 0 47
A D 8 16 0
A P 3 0 0
J N 8 1831 21 7 3457 1152 0
K -14 0 64
K 0 -14 42
K 0 0 42
K 0 -14 60
K 0 0 60
K 0 21 60
A D 8 16 0
A P 3 180 0
A P 3 169 0
J B 144 2050 1 82 6913 1152 0
E *
L 551 0 0 352 352 * 0 14 0
J D 0 -83 42 1 6913 0 0
W 0 0 31 Vc
J C 22 5 14 36 6913 0 0
J K -4 57 0 4 6913 0 0
K 0 42 65
K 13 21 65
K 26 49 65
K 39 28 65
J D 0 77 -14 1 6913 0 0
W 0 0 0 \01\03\09
J N 8 154 84 11 1 0 0
K 1 -14 45
K 1 0 45
K 0 0 42
K -1 0 45
K 2 0 45
K 0 36 110
K 0 0 59
K 0 -23 59
K 0 -42 125
K 0 -28 125
A D 24 48 0
A P 1 83 0
J N 8 377 84 10 3457 1152 0
K 1 -14 45
K 1 0 45
K 0 0 42
K -1 0 45
K 2 0 45
K 0 0 59
K 0 -23 59
K 0 -42 125
K 0 -28 125
A D 24 48 0
A P 1 83 0
J B 140 596 1 82 6913 1152 0
J D 0 661 0 1 1 0 0
W 0 119 36 dimin.
J N 8 619 84 11 1 0 0
K 1 -14 45
K 1 0 45
K 0 0 42
K -1 0 45
K 2 0 45
K 0 32 108
K 0 0 59
K 0 -23 59
K 0 -42 125
K 0 -28 125
A D 24 48 0
A P 1 83 0
J N 8 771 84 10 3457 1152 0
K 1 -14 45
K 1 0 45
K 0 0 42
K -1 0 45
K 2 0 45
K 0 0 59
K 0 -23 59
K 0 -42 125
K 0 -28 125
A D 24 48 0
A P 1 83 0
J B 141 909 1 82 6913 1152 0
J N 8 932 84 10 1 0 0
K 1 -14 45
K 1 0 45
K 0 0 42
K -1 0 45
K 2 0 45
K 0 0 59
K 0 -23 59
K 0 -42 125
K 0 -28 125
A D 24 48 0
A P 1 83 0
J N 8 1148 84 10 3457 1152 0
K 1 -14 45
K 1 0 45
K 0 0 42
K -1 0 45
K 2 0 45
K 0 0 59
K 0 -23 59
K 0 -42 125
K 0 -28 125
A D 24 48 0
A P 1 83 0
J B 142 1367 1 82 6913 1152 0
J N 8 1390 84 10 1 0 0
K 1 -14 45
K 1 0 45
K 0 0 42
K -1 0 45
K 2 0 45
K 0 0 59
K 0 -23 59
K 0 -42 125
K 0 -28 125
A D 24 48 0
A P 1 83 0
J N 8 1506 84 10 3457 1152 0
K 1 -14 45
K 1 0 45
K 0 0 42
K -1 0 45
K 2 0 45
K 0 0 59
K 0 -23 59
K 0 -42 125
K 0 -28 125
A D 24 48 0
A P 1 83 0
J B 143 1592 1 82 6913 1152 0
J N 8 1615 84 10 1 0 0
K 1 -14 45
K 1 0 45
K 0 0 42
K -1 0 45
K 2 0 45
K 0 0 59
K 0 -23 59
K 0 -42 125
K 0 -28 125
A D 24 48 0
A P 1 83 0
J N 8 1831 84 10 3457 1152 0
K 1 -14 45
K 1 0 45
K 0 0 42
K -1 0 45
K 2 0 45
K 0 0 59
K 0 -23 59
K 0 -42 125
K 0 -28 125
A D 24 48 0
A P 1 83 0
J B 144 2050 1 82 6913 1152 0
E *
L 681 0 0 352 352 * 0 14 0
J D 0 -83 42 1 6913 0 0
W 0 0 31 Cb
J C 22 5 14 36 6913 0 0
J K -4 57 0 4 6913 0 0
K 0 42 65
K 13 21 65
K 26 49 65
K 39 28 65
J D 0 77 -14 1 6913 0 0
W 0 0 0 \01\03\09
J N 5 154 63 3 1 0 2 306 307
K 0 0 43
K 0 46 110
A D 3 48 0
A P 1 100 0
J N 5 182 56 2 433 144 1 307
K 0 0 43
A D 3 48 0
A P 1 106 0
J N 5 210 49 2 865 144 1 307
K 0 0 43
A D 3 48 0
A P 1 111 0
J N 5 238 56 2 1297 144 1 307
K 0 0 43
A D 3 48 0
A P 1 106 0
H 307 B 64 -1 108 4 22 11 11 33
J N 5 266 63 2 1729 144 1 308
K 0 0 43
A D 3 48 0
A P 1 100 0
J N 5 294 56 2 2161 144 1 308
K 0 0 43
A D 3 48 0
A P 1 106 0
J N 5 322 49 2 2593 144 1 308
K 0 0 43
A D 3 48 0
A P 1 111 0
J N 5 350 56 2 3025 144 1 308
K 0 0 43
A D 3 48 0
A P 1 106 0
H 308 B 64 -1 108 4 22 11 11 33
J N 5 377 63 2 3457 144 1 309
K 0 0 43
A D 3 48 0
A P 1 100 0
J N 5 404 56 2 3889 144 1 309
K 0 0 43
A D 3 48 0
A P 1 106 0
J N 5 431 49 2 4321 144 1 309
K 0 0 43
A D 3 48 0
A P 1 111 0
J N 5 458 56 2 4753 144 1 309
K 0 0 43
A D 3 48 0
A P 1 106 0
H 309 B 64 -1 108 4 22 11 11 33
J N 5 485 63 2 5185 144 1 310
K 0 0 43
A D 3 48 0
A P 1 100 0
J N 5 512 56 2 5617 144 1 310
K 0 0 43
A D 3 48 0
A P 1 106 0
J N 5 539 49 2 6049 144 1 310
K 0 0 43
A D 3 48 0
A P 1 111 0
J N 5 566 56 2 6481 144 2 310 306
K 0 0 43
A D 3 48 0
A P 1 106 0
H 310 B 64 -1 108 4 22 11 11 33
H 306 S 12 0 0 0 0 0 0 0 0
J B 140 596 1 82 6913 144 0
J R 9 738 28 2 1 10000 0
K 0 0 46
A D 48 48 0
A P 1 0 0
J B 141 909 1 82 6913 2304 0
J D 0 930 0 1 1 0 0
W 0 119 36 dimin.
J N 5 932 63 3 1 0 2 311 312
K -18 0 63
K 0 0 43
A D 3 48 0
A P 1 101 0
J N 5 959 56 2 433 144 1 312
K 0 0 43
A D 3 48 0
A P 1 106 0
J N 5 986 49 2 865 144 1 312
K 0 0 43
A D 3 48 0
A P 1 111 0
J N 5 1013 56 2 1297 144 1 312
K 0 0 43
A D 3 48 0
A P 1 106 0
H 312 B 64 -1 108 4 22 11 11 33
J N 5 1040 63 2 1729 144 1 313
K 0 0 43
A D 3 48 0
A P 1 101 0
J N 5 1067 56 2 2161 144 1 313
K 0 0 43
A D 3 48 0
A P 1 106 0
J N 5 1094 49 2 2593 144 1 313
K 0 0 43
A D 3 48 0
A P 1 111 0
J N 5 1121 56 2 3025 144 1 313
K 0 0 43
A D 3 48 0
A P 1 106 0
H 313 B 64 -1 108 4 22 11 11 33
J N 5 1148 63 2 3457 144 1 314
K 0 0 43
A D 3 48 0
A P 1 101 0
J N 5 1175 56 2 3889 144 1 314
K 0 0 43
A D 3 48 0
A P 1 106 0
J N 5 1202 49 2 4321 144 1 314
K 0 0 43
A D 3 48 0
A P 1 111 0
J N 5 1229 56 2 4753 144 1 314
K 0 0 43
A D 3 48 0
A P 1 106 0
H 314 B 64 -1 108 4 22 11 11 33
J N 5 1256 63 2 5185 144 1 315
K 0 0 43
A D 3 48 0
A P 1 101 0
J N 5 1283 56 2 5617 144 1 315
K 0 0 43
A D 3 48 0
A P 1 106 0
J N 5 1310 49 2 6049 144 1 315
K 0 0 43
A D 3 48 0
A P 1 111 0
J N 5 1337 56 2 6481 144 2 315 311
K 0 0 43
A D 3 48 0
A P 1 106 0
H 315 B 64 -1 108 4 22 11 11 33
H 311 S 12 0 0 0 0 0 0 0 0
J B 142 1367 1 82 6913 144 0
J R 9 1465 28 2 1 10000 0
K 0 0 46
A D 48 48 0
A P 1 0 0
J B 143 1592 1 82 6913 2304 0
J N 5 1615 63 3 1 0 2 316 317
K -14 0 64
K 0 0 43
A D 3 48 0
A P 1 100 0
J N 5 1642 56 2 433 144 1 317
K 0 0 43
A D 3 48 0
A P 1 106 0
J N 5 1669 49 2 865 144 1 317
K 0 0 43
A D 3 48 0
A P 1 111 0
J N 5 1696 56 2 1297 144 1 317
K 0 0 43
A D 3 48 0
A P 1 106 0
H 317 B 64 -1 108 4 22 11 11 33
J N 5 1723 63 2 1729 144 1 318
K 0 0 43
A D 3 48 0
A P 1 100 0
J N 5 1750 56 2 2161 144 1 318
K 0 0 43
A D 3 48 0
A P 1 106 0
J N 5 1777 49 2 2593 144 1 318
K 0 0 43
A D 3 48 0
A P 1 111 0
J N 5 1804 56 2 3025 144 1 318
K 0 0 43
A D 3 48 0
A P 1 106 0
H 318 B 64 -1 108 4 22 11 11 33
J N 5 1831 63 2 3457 144 1 319
K 0 0 43
A D 3 48 0
A P 1 100 0
J N 5 1858 56 2 3889 144 1 319
K 0 0 43
A D 3 48 0
A P 1 106 0
J N 5 1885 49 2 4321 144 1 319
K 0 0 43
A D 3 48 0
A P 1 111 0
J N 5 1912 56 2 4753 144 1 319
K 0 0 43
A D 3 48 0
A P 1 106 0
H 319 B 64 -1 108 4 22 11 11 33
J N 5 1939 63 2 5185 144 1 320
K 0 0 43
A D 3 48 0
A P 1 100 0
J N 5 1966 56 2 5617 144 1 320
K 0 0 43
A D 3 48 0
A P 1 106 0
J N 5 1993 49 2 6049 144 1 320
K 0 0 43
A D 3 48 0
A P 1 111 0
J N 5 2020 56 2 6481 144 2 320 316
K 0 0 43
A D 3 48 0
A P 1 106 0
H 320 B 64 -1 108 4 22 11 11 33
H 316 S 12 0 0 0 0 0 0 0 0
J B 144 2050 1 82 6913 144 0
E *
B 1 596 0
B 1 909 0
B 1 1367 0
B 1 1592 0
B 1 2050 0
S 0 200 1171 2050 872 7 "[(..)][({..}.{..})]"
L 0 0 0 352 352 * 0 14 0
J D 0 -119 42 1 6913 0 0
W 0 0 31 Ob 1-2
J C 4 5 42 2 6913 0 0
K 0 0 33
K 0 0 34
J K -4 57 0 4 6913 0 0
K 0 28 65
K 13 7 65
K 26 35 65
K 39 14 65
J D 0 77 -14 1 6913 0 0
W 0 0 37 \01\04\04
J R 9 346 28 2 1 0 0
K 0 0 46
A D 8 8 0
A P 3 0 0
J B 145 589 1 82 6913 2304 0
J R 9 807 28 2 1 0 0
K 0 0 46
A D 8 8 0
A P 3 0 0
J B 146 1054 1 82 6913 2304 0
J R 8 1077 28 2 1 0 0
K 0 0 47
A D 4 8 0
A P 1 0 0
J D 0 1134 0 1 3457 1152 0
W 0 -21 32 1.
J D 0 1155 0 1 3457 0 0
W 0 93 36 dolce
J N 8 1169 -7 4 3457 0 1 120
K 0 0 42
K 0 0 60
K 0 21 60
A D 4 8 0
A P 1 226 0
J B 147 1243 1 82 6913 1152 0
J N 8 1266 -14 8 1 0 0
K 0 0 45
K -14 0 64
K 0 0 42
K -1 0 45
K 2 0 45
K 0 0 60
K 0 21 60
A D 4 8 0
A P 1 232 0
J N 8 1336 -7 4 3457 1152 0
K 0 0 42
K 0 0 60
K 0 21 60
A D 4 8 0
A P 1 226 0
J B 148 1410 1 82 6913 1152 0
J N 8 1431 0 4 1 0 0
K 0 0 42
K 0 0 60
K 0 21 60
A D 4 8 0
A P 1 220 0
J N 8 1501 7 5 3457 1152 0
K -14 0 64
K 0 0 42
K 0 0 60
K 0 21 60
A D 4 8 0
A P 1 215 0
J B 149 1575 1 82 6913 1152 0
J N 9 1598 14 3 1 0 1 120
K -14 0 64
K 0 0 41
A D 8 8 0
A P 1 209 0
H 120 S 0 0 -7 0 0 0 0 0 0
J B 150 2050 1 82 6913 2304 0
E *
L 132 0 0 352 352 * 0 14 0
J D 0 -130 42 1 6913 0 0
W 0 0 31 Fag 1-2
J C 22 5 14 36 6913 0 0
J K -4 57 0 4 6913 0 0
K 0 42 65
K 13 21 65
K 26 49 65
K 39 28 65
J D 0 77 -14 1 6913 0 0
W 0 0 0 \01\04\04
J N 9 154 35 9 1 0 2 108 109
K 0 -49 45
K 6 -49 45
K 0 -49 41
K -1 -49 45
K 2 -49 45
K 0 0 41
K 0 51 108
K 23 51 108
A D 8 8 1
A P 1 163 1
A P 2 123 1
J B 145 589 1 82 6913 2304 0
J N 9 612 35 7 1 0 4 110 111 108 109
K 0 -49 45
K 6 -49 45
K 0 -49 41
K -1 -49 45
K 2 -49 45
K 0 0 41
A D 8 8 1
A P 1 163 1
A P 2 123 1
H 108 T -14 0 0 0 0 0 5 0
H 109 T 35 0 0 0 0 0 11 0
J B 146 1054 1 82 6913 2304 0
J D 0 1077 0 1 1 0 0
W 0 95 36 dolce
J N 9 1077 35 7 1 0 4 112 113 110 111
K 0 -49 45
K 6 -49 45
K 0 -49 41
K -1 -49 45
K 2 -49 45
K 0 0 41
A D 8 8 1
A P 1 163 1
A P 2 123 1
H 110 T -14 0 0 0 0 0 5 0
H 111 T 35 0 0 0 0 0 11 0
J B 147 1243 1 82 6913 2304 0
J N 9 1266 35 7 1 0 4 114 115 112 113
K 0 -49 45
K 6 -49 45
K 0 -49 41
K -1 -49 45
K 2 -49 45
K 0 0 41
A D 8 8 1
A P 1 163 1
A P 2 123 1
H 112 T -14 0 0 0 0 0 5 0
H 113 T 35 0 0 0 0 0 11 0
J B 148 1410 1 82 6913 2304 0
J N 8 1431 35 10 1 0 2 114 115
K 0 -49 45
K 0 -49 42
K -1 -49 45
K 2 -49 45
K 0 0 42
K 0 -49 60
K 0 -21 60
K 0 0 60
K 0 14 60
A D 4 8 0
A P 1 163 0
A P 2 123 0
H 114 T -14 0 0 0 0 0 5 0
H 115 T 35 0 0 0 0 0 11 0
J N 8 1501 35 10 3457 1152 0
K 0 -49 45
K 0 -49 42
K -1 -49 45
K 2 -49 45
K 0 0 42
K 0 -49 60
K 0 -21 60
K 0 0 60
K 0 14 60
A D 4 8 0
A P 1 163 0
A P 2 123 0
J B 149 1575 1 82 6913 1152 0
J N 9 1598 42 5 1 0 0
K -14 -49 64
K -14 0 64
K 0 -49 41
K 0 0 41
A D 8 8 0
A P 1 158 0
A P 2 118 0
J B 150 2050 1 82 6913 2304 0
E *
L 287 0 0 352 352 * 0 14 0
J D 0 -119 42 1 6913 0 0
W 0 0 31 Vln 1
J C 4 5 42 2 6913 0 0
K 0 0 33
K 0 0 34
J K -4 57 0 4 6913 0 0
K 0 28 65
K 13 7 65
K 26 35 65
K 39 14 65
J D 0 77 -14 1 6913 0 0
W 0 0 0 \01\04\04
J N 9 154 21 4 1 0 1 199
K 0 0 41
K 0 60 108
K 23 60 108
A D 16 16 1
A P 1 203 1
J B 145 589 1 82 6913 2304 0
J N 9 612 21 2 1 0 2 200 199
K 0 0 41
A D 16 16 1
A P 1 203 1
H 199 T 21 0 0 0 0 0 1 0
J B 146 1054 1 82 6913 2304 0
J D 0 1077 0 1 1 0 0
W 0 91 36 dolce
J N 9 1077 21 2 1 0 2 201 200
K 0 0 41
A D 16 16 1
A P 1 203 1
H 200 T 21 0 0 0 0 0 1 0
J B 147 1243 1 82 6913 2304 0
J N 9 1266 21 2 1 0 2 202 201
K 0 0 41
A D 16 16 1
A P 1 203 1
H 201 T 21 0 0 0 0 0 1 0
J B 148 1410 1 82 6913 2304 0
J N 8 1431 21 4 1 0 1 202
K 0 0 42
K 0 0 60
K 0 21 60
A D 8 16 0
A P 1 203 0
H 202 T 21 0 0 0 0 0 1 0
J N 8 1501 21 4 3457 1152 1 203
K 0 0 42
K 0 0 60
K 0 21 60
A D 8 16 0
A P 1 203 0
J B 149 1575 1 82 6913 1152 0
J N 9 1598 14 3 1 0 1 203
K -14 0 64
K 0 0 41
A D 16 16 0
A P 1 209 0
H 203 S 0 0 0 0 0 0 0 0 0
J B 150 2050 1 82 6913 2304 0
E *
L 419 0 0 352 352 * 0 14 0
J D 0 -119 42 1 6913 0 0
W 0 0 31 Vln 2
J C 4 5 42 2 6913 0 0
K 0 0 33
K 0 0 34
J K -4 57 0 4 6913 0 0
K 0 28 65
K 13 7 65
K 26 35 65
K 39 14 65
J D 0 77 -14 1 6913 0 0
W 0 0 0 \01\04\04
J N 9 154 56 3 1 0 1 148
K -14 0 64
K 0 0 41
A D 16 16 1
A P 1 175 1
J B 145 589 1 82 6913 2304 0
J N 9 612 56 3 1 0 2 149 148
k -14 0 64
K 0 0 41
A D 16 16 1
A P 1 175 1
H 148 T 56 0 0 0 0 0 13 0
J B 146 1054 1 82 6913 2304 0
J N 8 1077 56 5 1 0 1 149
k -14 0 64
K 0 0 42
K 0 0 59
K 0 -21 59
A D 8 16 0
A P 1 175 0
H 149 T 56 0 0 0 0 0 13 0
J N 8 1169 42 4 3457 1152 0
K 0 0 42
K 0 0 59
K 0 -21 59
A D 8 16 0
A P 1 186 0
J B 147 1243 1 82 6913 1152 0
J N 8 1266 35 5 1 0 0
K -14 0 64
K 0 0 42
K 0 0 59
K 0 -21 59
A D 8 16 0
A P 1 192 0
J N 8 1336 42 4 3457 1152 0
K 0 0 42
K 0 0 59
K 0 -21 59
A D 8 16 0
A P 1 186 0
J B 148 1410 1 82 6913 1152 0
J N 8 1431 49 4 1 0 0
K 0 0 42
K 0 0 59
K 0 -21 59
A D 8 16 0
A P 1 180 0
J N 8 1501 56 5 3457 1152 0
K -14 0 64
K 0 0 42
K 0 0 59
K 0 -21 59
A D 8 16 0
A P 1 175 0
J B 149 1575 1 82 6913 1152 0
J N 8 1598 63 5 1 0 0
K -14 0 64
K 0 0 42
K 0 0 59
K 0 -21 59
A D 8 16 0
A P 1 169 0
J N 8 1838 49 4 3457 1152 0
K 0 0 42
K 0 0 59
K 0 -21 59
A D 8 16 0
A P 1 180 0
J B 150 2050 1 82 6913 1152 0
E *
L 551 0 0 352 352 * 0 14 0
J D 0 -94 42 1 6913 0 0
W 0 0 31 Vla
J C 13 5 28 35 6913 0 0
J K -4 57 0 4 6913 0 0
K 0 35 65
K 13 14 65
K 26 42 65
K 39 21 65
J D 0 77 -14 1 6913 0 0
W 0 0 0 \01\04\04
J N 9 154 28 4 1 0 1 126
K 0 0 41
K 0 57 108
K 23 57 108
A D 16 16 1
A P 3 163 1
J B 145 589 1 82 6913 2304 0
J N 9 612 28 2 1 0 2 127 126
K 0 0 41
A D 16 16 1
A P 3 163 1
H 126 T 28 0 0 0 0 0 5 0
J B 146 1054 1 82 6913 2304 0
J D 0 1077 0 1 1 0 0
W 0 103 33 dolce
J N 8 1077 28 4 1 0 1 127
K 0 0 42
K 0 0 60
K 0 21 60
A D 8 16 0
A P 3 163 0
H 127 T 28 0 0 0 0 0 5 0
J N 8 1169 63 5 3457 1152 1 128
K -14 0 64
K 0 0 42
K 0 0 59
K 0 -21 59
A D 8 16 0
A P 3 135 0
J B 147 1243 1 82 6913 1152 0
J N 8 1266 56 4 1 0 0
K 0 0 42
K 0 0 59
K 0 -21 59
A D 8 16 0
A P 3 140 0
J N 8 1336 63 5 3457 1152 0
K -14 0 64
K 0 0 42
K 0 0 59
K 0 -21 59
A D 8 16 0
A P 3 135 0
J B 148 1410 1 82 6913 1152 0
J N 8 1431 42 5 1 0 0
K -14 0 64
K 0 0 42
K 0 0 59
K 0 -21 59
A D 8 16 0
A P 3 152 0
J N 8 1501 49 4 3457 1152 0
K 0 0 42
K 0 0 59
K 0 -21 59
A D 8 16 0
A P 3 146 0
J B 149 1575 1 82 6913 1152 0
J N 9 1598 56 2 1 0 1 128
K 0 0 41
A D 16 16 0
A P 3 140 0
H 128 S 12 0 0 0 0 0 0 0 0
J B 150 2050 1 82 6913 2304 0
E *
L 686 0 0 352 352 * 0 14 0
J D 0 -83 42 1 6913 0 0
W 0 0 31 Vc
J C 22 5 14 36 6913 0 0
J K -4 57 0 4 6913 0 0
K 0 42 65
K 13 21 65
K 26 49 65
K 39 28 65
J D 0 77 -14 1 6913 0 0
W 0 0 0 \01\04\04
J N 9 154 84 10 1 0 1 394
K 1 -14 45
K 7 -14 45
K 1 0 45
K 7 0 45
K 0 0 41
K -1 0 45
K 2 0 45
K 0 44 108
K 23 44 108
A D 48 48 1
A P 1 83 1
J B 145 589 1 82 6913 2304 0
J N 9 612 84 8 1 0 2 395 394
K 1 -14 45
K 7 -14 45
K 1 0 45
K 7 0 45
K 0 0 41
K -1 0 45
K 2 0 45
A D 48 48 1
A P 1 83 1
H 394 T 84 0 0 0 0 0 13 0
J B 146 1054 1 82 6913 2304 0
J N 7 1077 84 8 1 0 1 395
K 1 -14 45
K 1 0 45
K 0 0 43
K -1 0 45
K 2 0 45
K 0 0 59
K 0 -28 59
A D 12 48 0
A P 1 83 0
H 395 T 84 0 0 0 0 0 13 0
J R 7 1123 28 2 1729 576 0
K 0 0 48
A D 12 48 1
A P 1 0 1
J R 8 1169 28 2 3457 576 0
K 0 0 47
A D 24 48 0
A P 1 0 0
J B 147 1243 1 82 6913 1152 0
J R 9 1312 28 2 1 10000 0
K 0 0 46
A D 48 48 0
A P 1 0 0
J B 148 1410 1 82 6913 2304 0
J R 9 1478 28 2 1 10000 0
K 0 0 46
A D 48 48 0
A P 1 0 0
J B 149 1575 1 82 6913 2304 0
J R 5 1598 28 3 1 0 0
K 0 14 49
K 4 0 50
A D 3 48 0
A P 1 0 0
J N 5 1628 84 8 433 144 1 396
K 1 -14 45
K 1 0 45
K 0 0 43
K -1 0 45
K 2 0 45
K 0 33 108
K 23 33 108
A D 3 48 0
A P 1 83 0
J N 5 1668 84 6 865 144 1 396
K 1 -14 45
K 1 0 45
K 0 0 43
K -1 0 45
K 2 0 45
A D 3 48 0
A P 1 83 0
J N 5 1708 84 6 1297 144 1 396
K 1 -14 45
K 1 0 45
K 0 0 43
K -1 0 45
K 2 0 45
A D 3 48 0
A P 1 83 0
H 396 B 56 0 108 3 22 11 33
J N 5 1734 84 6 1729 144 1 397
K 1 -14 45
K 1 0 45
K 0 0 43
K -1 0 45
K 2 0 45
A D 3 48 0
A P 1 83 0
J N 5 1760 84 6 2161 144 1 397
K 1 -14 45
K 1 0 45
K 0 0 43
K -1 0 45
K 2 0 45
A D 3 48 0
A P 1 83 0
J N 5 1786 84 6 2593 144 1 397
K 1 -14 45
K 1 0 45
K 0 0 43
K -1 0 45
K 2 0 45
A D 3 48 0
A P 1 83 0
J N 5 1812 84 6 3025 144 1 397
K 1 -14 45
K 1 0 45
K 0 0 43
K -1 0 45
K 2 0 45
A D 3 48 0
A P 1 83 0
H 397 B 56 0 108 4 22 11 11 33
J N 8 1838 84 10 3457 144 0
K 1 -14 45
K 1 0 45
K 0 0 42
K -1 0 45
K 2 0 45
K 0 0 59
K 0 -23 59
K 0 -42 125
K 0 -28 125
A D 24 48 0
A P 1 83 0
J B 150 2050 1 82 6913 1152 0
E *
L 816 0 0 352 352 * 0 14 0
J D 0 -83 42 1 6913 0 0
W 0 0 31 Cb
J C 22 5 14 36 6913 0 0
J K -4 57 0 4 6913 0 0
K 0 42 65
K 13 21 65
K 26 49 65
K 39 28 65
J D 0 77 -14 1 6913 0 0
W 0 0 0 \01\04\04
J N 5 154 35 4 1 0 1 321
K 0 0 43
K -8 49 108
K 15 49 108
A D 3 48 0
A P 1 123 0
J N 5 179 56 2 433 144 1 321
K 0 0 43
A D 3 48 0
A P 1 106 0
J N 5 219 49 3 865 144 1 321
K -14 0 64
K 0 0 43
A D 3 48 0
A P 1 112 0
J N 5 259 42 3 1297 144 1 321
K -14 0 64
K 0 0 43
A D 3 48 0
A P 1 118 0
H 321 B 40 1 108 4 22 11 11 33
J N 5 284 35 2 1729 144 1 322
K 0 0 43
A D 3 48 0
A P 1 123 0
J N 5 309 56 2 2161 144 1 322
K 0 0 43
A D 3 48 0
A P 1 106 0
J N 5 334 49 2 2593 144 1 322
K 0 0 43
A D 3 48 0
A P 1 112 0
J N 5 359 42 2 3025 144 1 322
K 0 0 43
A D 3 48 0
A P 1 118 0
H 322 B 53 1 108 4 22 11 11 33
J N 5 384 35 2 3457 144 1 323
K 0 0 43
A D 3 48 0
A P 1 123 0
J N 5 409 56 2 3889 144 1 323
K 0 0 43
A D 3 48 0
A P 1 106 0
J N 5 434 49 2 4321 144 1 323
K 0 0 43
A D 3 48 0
A P 1 112 0
J N 5 459 42 2 4753 144 1 323
K 0 0 43
A D 3 48 0
A P 1 118 0
H 323 B 53 1 108 4 22 11 11 33
J N 5 484 35 2 5185 144 1 324
K 0 0 43
A D 3 48 0
A P 1 123 0
J N 5 509 56 2 5617 144 1 324
K 0 0 43
A D 3 48 0
A P 1 106 0
J N 5 534 49 2 6049 144 1 324
K 0 0 43
A D 3 48 0
A P 1 112 0
J N 5 559 42 2 6481 144 1 324
K 0 0 43
A D 3 48 0
A P 1 118 0
H 324 B 53 1 108 4 22 11 11 33
J B 145 589 1 82 6913 144 0
J N 5 612 35 2 1 0 1 325
K 0 0 43
A D 3 48 0
A P 1 123 0
J N 5 637 56 2 433 144 1 325
K 0 0 43
A D 3 48 0
A P 1 106 0
J N 5 677 49 3 865 144 1 325
K -14 0 64
K 0 0 43
A D 3 48 0
A P 1 112 0
J N 5 717 42 3 1297 144 1 325
K -14 0 64
K 0 0 43
A D 3 48 0
A P 1 118 0
H 325 B 40 1 108 4 22 11 11 33
J N 5 742 35 2 1729 144 1 326
K 0 0 43
A D 3 48 0
A P 1 123 0
J N 5 767 56 2 2161 144 1 326
K 0 0 43
A D 3 48 0
A P 1 106 0
J N 5 792 49 2 2593 144 1 326
K 0 0 43
A D 3 48 0
A P 1 112 0
J N 5 817 42 2 3025 144 1 326
K 0 0 43
A D 3 48 0
A P 1 118 0
H 326 B 53 1 108 4 22 11 11 33
J N 5 842 35 2 3457 144 1 327
K 0 0 43
A D 3 48 0
A P 1 123 0
J N 5 868 56 2 3889 144 1 327
K 0 0 43
A D 3 48 0
A P 1 106 0
J N 5 894 49 2 4321 144 1 327
K 0 0 43
A D 3 48 0
A P 1 112 0
J N 5 920 42 2 4753 144 1 327
K 0 0 43
A D 3 48 0
A P 1 118 0
H 327 B 53 1 108 4 22 11 11 33
J N 5 946 35 2 5185 144 1 328
K 0 0 43
A D 3 48 0
A P 1 123 0
J N 5 972 56 2 5617 144 1 328
K 0 0 43
A D 3 48 0
A P 1 106 0
J N 5 998 49 2 6049 144 1 328
K 0 0 43
A D 3 48 0
A P 1 112 0
J N 5 1024 42 2 6481 144 1 328
K 0 0 43
A D 3 48 0
A P 1 118 0
H 328 B 53 1 108 4 22 11 11 33
J B 146 1054 1 82 6913 144 0
J N 7 1077 35 4 1 0 0
K 0 0 43
K 0 0 59
K 0 -21 59
A D 12 48 0
A P 1 123 0
J R 7 1123 28 2 1729 576 0
K 0 0 48
A D 12 48 1
A P 1 0 1
J R 8 1169 28 2 3457 576 0
K 0 0 47
A D 24 48 0
A P 1 0 0
J B 147 1243 1 82 6913 1152 0
J R 9 1312 28 2 1 10000 0
K 0 0 46
A D 48 48 0
A P 1 0 0
J B 148 1410 1 82 6913 2304 0
J R 9 1478 28 2 1 10000 0
K 0 0 46
A D 48 48 0
A P 1 0 0
J B 149 1575 1 82 6913 2304 0
J R 5 1598 28 3 1 0 0
K 0 14 49
K 4 0 50
A D 3 48 0
A P 1 0 0
J N 5 1628 56 4 433 144 1 329
K 0 0 43
K 0 30 108
K 23 30 108
A D 3 48 0
A P 1 106 0
J N 5 1668 49 3 865 144 1 329
K -14 0 64
K 0 0 43
A D 3 48 0
A P 1 112 0
J N 5 1708 42 3 1297 144 1 329
K -14 0 64
K 0 0 43
A D 3 48 0
A P 1 118 0
H 329 B 56 -2 108 3 22 11 33
J N 5 1734 35 2 1729 144 1 330
K 0 0 43
A D 3 48 0
A P 1 123 0
J N 5 1760 56 2 2161 144 1 330
K 0 0 43
A D 3 48 0
A P 1 106 0
J N 5 1786 49 2 2593 144 1 330
K 0 0 43
A D 3 48 0
A P 1 112 0
J N 5 1812 42 2 3025 144 1 330
K 0 0 43
A D 3 48 0
A P 1 118 0
H 330 B 53 1 108 4 22 11 11 33
J N 5 1838 35 2 3457 144 1 331
K 0 0 43
A D 3 48 0
A P 1 123 0
J N 5 1864 56 2 3889 144 1 331
K 0 0 43
A D 3 48 0
A P 1 106 0
J N 5 1890 49 2 4321 144 1 331
K 0 0 43
A D 3 48 0
A P 1 112 0
J N 5 1916 42 2 4753 144 1 331
K 0 0 43
A D 3 48 0
A P 1 118 0
H 331 B 53 1 108 4 22 11 11 33
J N 5 1942 35 2 5185 144 1 332
K 0 0 43
A D 3 48 0
A P 1 123 0
J N 5 1968 56 2 5617 144 1 332
K 0 0 43
A D 3 48 0
A P 1 106 0
J N 5 1994 49 2 6049 144 1 332
K 0 0 43
A D 3 48 0
A P 1 112 0
J N 5 2020 42 2 6481 144 1 332
K 0 0 43
A D 3 48 0
A P 1 118 0
H 332 B 53 1 108 4 22 11 11 33
J B 150 2050 1 82 6913 144 0
E *
B 1 589 0
B 1 1054 0
B 1 1243 0
B 1 1410 0
B 1 1575 0
B 1 2050 0
