L 0 0 21 !39Violino 2
J D 4 500 -120 1 6913 0 0
W 0 0 44 
J D 1 112 -56 1 6913 0 0
W 0 -84 44 :  Violino 2
J C 4 7 63 2 6913 0 0
K 0 0 33
K 0 0 34
J K -4 85 0 4 6913 0 0
K 0 42 65
K 19 10 65
K 38 52 65
K 57 21 65
J D 5 185 -60 1 6913 0 0
W 0 0 37 Andante con moto
J T 308 199 0 2 6913 0 0
K -15 42 74
K -15 84 79
J R 6 258 42 2 1 0 0
K 0 0 49
A D 12 96
J B 1 309 1 82 6913 288 0
J S 4 354 31 8 7 288 0
K 0 0 62
K 0 5 62
K 0 11 92
K 30 11 92
K 60 11 92
K 90 0 62
K 90 5 62
K 30 11 78
J B 8 489 1 82 6913 1 0
J R 6 521 42 2 1 0 0
K 0 0 49
A D 12 96
J R 6 566 42 2 2305 288 0
K 0 0 49
A D 12 96
J N 5 611 84 4 4609 288 2 1 2
K 0 0 43
K 36 -9 44
K 0 62 108
A D 9 96
J N 4 653 105 5 6337 216 2 2 1
K 1 0 45
K 0 0 43
K -1 0 45
K 6 0 45
A D 3 96
H 2 B 0 0 112 2 22 533
H 1 S 12 0 0 0 0 0 0 0 0
J B 9 694 1 82 6913 72 0
J N 7 726 115 9 1 0 1 3
K 1 -10 45
K 0 0 43
K 0 -10 45
K 2 -10 45
K 38 0 44
K 0 63 110
K 0 0 59
K 0 -31 59
A D 36 96
J B 10 813 1 82 6913 864 0
J N 6 845 105 7 1 0 1 3
K 1 0 45
K 0 0 43
K -1 0 45
K 6 0 45
K 0 62 108
K 0 0 53
A D 12 96
H 3 S 12 0 0 0 0 0 0 0 0
J R 6 897 42 2 2305 288 0
K 0 0 49
A D 12 96
J R 6 942 42 2 4609 288 0
K 0 0 49
A D 12 96
J B 11 993 1 82 6913 288 0
J S 4 1038 31 8 4 288 0
K 0 0 62
K 0 5 62
K 0 11 92
K 30 11 92
K 60 11 92
K 90 0 62
K 90 5 62
K 30 11 75
J B 15 1173 1 82 6913 1 0
J R 6 1205 42 2 1 0 0
K 0 0 49
A D 12 96
J R 5 1250 42 3 2305 288 0
K 0 21 49
K 6 0 50
A D 6 96
J N 5 1291 126 7 3457 144 2 4 5
K 1 -21 45
K 1 0 45
K 0 0 43
K -1 0 45
K 6 0 45
K 0 62 108
A D 6 96
J N 5 1331 105 5 4609 144 1 5
K 1 0 45
K 0 0 43
K -1 0 45
K 6 0 45
A D 6 96
J N 5 1371 84 2 5761 144 2 5 4
K 0 0 43
A D 6 96
H 5 B 0 0 112 3 22 11 33
H 4 S 12 0 0 0 0 0 0 0 0
J B 16 1412 1 82 6913 144 0
J N 5 1444 84 2 1 0 2 6 7
K 0 0 43
A D 6 96
J N 5 1479 94 2 1153 144 2 7 6
K 0 0 43
A D 6 96
H 7 B 0 0 112 2 22 33
H 6 S 12 0 0 0 0 0 0 0 0
J N 6 1514 105 6 2305 144 1 8
K 1 0 45
K 0 0 43
K -1 0 45
K 6 0 45
K 36 -9 44
A D 18 96
J N 5 1570 105 5 5761 432 1 8
K 1 0 45
K 0 0 43
K -1 0 45
K 6 0 45
A D 6 96
H 8 B 0 0 112 2 2 53
J B 17 1611 1 82 6913 144 0
J D 0 1643 0 1 1 0 0
W 0 168 33 cresc.
J N 5 1643 105 5 1 0 2 9 10
K 1 0 45
K 0 0 43
K -1 0 45
K 6 0 45
A D 6 96
J N 5 1678 115 5 1153 144 2 10 9
K 1 -10 45
K 0 0 43
K 0 -10 45
K 2 -10 45
A D 6 96
H 10 B 0 0 112 2 22 33
H 9 S 12 0 0 0 0 0 0 0 0
J N 6 1713 126 7 2305 144 1 11
K 1 -21 45
K 1 0 45
K 0 0 43
K -1 0 45
K 6 0 45
K 36 -9 44
A D 18 96
J N 5 1769 126 6 5761 432 1 11
K 1 -21 45
K 1 0 45
K 0 0 43
K -1 0 45
K 6 0 45
A D 6 96
H 11 B 0 0 112 2 2 53
J B 18 1810 1 82 6913 144 0
J N 7 1842 136 10 1 0 0
K 1 -31 45
K 1 -10 45
K 0 0 43
K 0 -10 45
K 2 -10 45
K 0 52 110
K 0 0 59
K 0 -42 59
K 0 -52 59
A D 24 96
J N 5 1905 136 6 4609 576 3 12 13 14
K 1 -31 45
K 1 -10 45
K 0 0 43
K 0 -10 45
K 2 -10 45
A D 4 96
J N 5 1945 126 6 5377 96 1 14
K 1 -21 45
K 1 0 45
K 0 0 43
K -1 0 45
K 6 0 45
A D 4 96
J N 5 1985 115 5 6145 96 3 14 12 13
K 1 -10 45
K 0 0 43
K 0 -10 45
K 2 -10 45
A D 4 96
H 13 X 9 3 0 0 0 0 14
H 14 B 0 0 112 3 22 11 33
H 12 S 12 0 21 0 21 0 0 0 0
J B 19 2026 1 82 6913 96 0
J N 6 2058 126 9 1 0 0
K 1 -21 45
K 1 0 45
K 0 0 43
K -1 0 45
K 6 0 45
K 0 52 108
K 0 0 59
K 0 -11 53
A D 12 96
J R 6 2110 42 2 2305 288 0
K 0 0 49
A D 12 96
J R 6 2155 42 2 4609 288 0
K 0 0 49
A D 12 96
J B 20 2206 1 82 6913 288 0
J R 6 2238 42 2 1 0 0
K 0 0 49
A D 12 96
J R 6 2283 42 2 2305 288 0
K 0 0 49
A D 12 96
J N 5 2328 115 6 4609 288 3 15 16 17
K 1 -10 45
K 0 0 43
K 0 -10 45
K 2 -10 45
K 0 84 110
A D 4 96
J N 5 2363 126 6 5377 96 1 17
K 1 -21 45
K 1 0 45
K 0 0 43
K -1 0 45
K 6 0 45
A D 4 96
J N 5 2398 136 6 6145 96 3 17 15 16
K 1 -31 45
K 1 -10 45
K 0 0 43
K 0 -10 45
K 2 -10 45
A D 4 96
H 16 X 9 3 0 0 0 0 17
H 17 B 0 0 112 3 22 11 33
H 15 S 12 0 21 0 21 0 0 0 0
J B 21 2439 1 82 6913 96 0
J N 5 2471 126 8 1 0 0
K 1 -21 45
K 1 0 45
K 0 0 43
K -1 0 45
K 6 0 45
K 0 0 59
K 0 -11 55
A D 6 96
J R 5 2523 42 3 1153 144 0
K 0 21 49
K 6 0 50
A D 6 96
J N 5 2564 126 9 2305 144 0
K 1 -21 45
K 1 0 45
K 0 0 43
K -1 0 45
K 6 0 45
K 0 52 108
K 0 0 59
K 0 -11 55
A D 6 96
J R 5 2616 42 3 3457 144 0
K 0 21 49
K 6 0 50
A D 6 96
J N 5 2657 126 8 4609 144 0
K 1 -21 45
K 1 0 45
K 0 0 43
K -1 0 45
K 6 0 45
K 0 0 59
K 0 -11 55
A D 6 96
J R 5 2709 42 3 5761 144 0
K 0 21 49
K 6 0 50
A D 6 96
J B 22 2756 1 82 6913 144 0
J N 6 2788 126 8 1 0 0
K 1 -21 45
K 1 0 45
K 0 0 43
K -1 0 45
K 6 0 45
K 0 0 59
K 0 -11 53
A D 12 96
J R 6 2840 42 2 2305 288 0
K 0 0 49
A D 12 96
J R 6 2885 42 2 4609 288 0
K 0 0 49
A D 12 96
J B 23 2936 1 82 6913 288 0
J R 6 2968 42 2 1 0 0
K 0 0 49
A D 12 96
J D 0 3013 0 1 2305 288 0
W 0 168 31 !1p !33dolce
J N 6 3013 84 2 2305 0 2 18 19
K 0 0 43
A D 12 96
J N 6 3058 63 2 4609 288 1 19
K 0 0 43
A D 12 96
H 19 B 0 0 112 2 2 3
J B 24 3109 1 82 6913 288 0
J N 6 3141 52 3 1 0 1 18
K 0 0 43
K 0 0 53
A D 12 96
H 18 S 12 0 0 0 0 0 0 0 0
J R 6 3193 42 2 2305 288 0
K 0 0 49
A D 12 96
J R 6 3238 42 2 4609 288 0
K 0 0 49
A D 12 96
J B 25 3289 1 82 6913 288 0
J R 6 3321 42 2 1 0 0
K 0 0 49
A D 12 96
J N 6 3366 52 2 2305 288 2 20 21
K 0 0 43
A D 12 96
J N 6 3411 42 2 4609 288 1 21
K 0 0 43
A D 12 96
H 21 B 0 0 112 2 2 3
J B 26 3462 1 82 6913 288 0
J N 6 3494 31 3 1 0 1 20
K 0 0 43
K 0 0 54
A D 12 96
H 20 S 0 9 -93 0 -10 0 0 0 0
J R 6 3539 42 2 2305 288 0
K 0 0 49
A D 12 96
J R 6 3584 42 2 4609 288 0
K 0 0 49
A D 12 96
J B 27 3635 1 82 6913 288 0
J R 6 3667 42 2 1 0 0
K 0 0 49
A D 12 96
J N 7 3723 52 7 2305 288 0
K -22 0 64
K 0 0 43
K 0 73 108
K 34 73 108
K 0 0 59
K 0 -31 59
A D 24 96
J B 28 3792 1 82 6913 576 0
J R 6 3824 42 2 1 0 0
K 0 0 49
A D 12 96
J N 7 3880 52 5 2305 288 0
K -22 0 64
K 0 0 43
K 0 0 59
K 0 -31 59
A D 24 96
J B 29 3949 1 82 6913 576 0
J N 7 3981 10 7 1 0 0
K 0 0 43
K 38 0 44
K 0 126 110
K 30 126 110
K 0 0 60
K 0 32 60
A D 36 96
J B 30 4068 1 82 6913 864 0
J N 5 4105 10 5 1 0 1 22
K -22 0 64
K 0 0 43
K 38 0 44
K 0 -26 96
A D 9 96
J N 4 4147 31 3 1729 216 1 22
K 0 0 43
K 0 -21 96
A D 3 96
H 22 B 1 0 112 2 22 533
J N 6 4182 63 3 2305 72 1 23
K 0 0 43
K 0 31 96
A D 12 96
J N 6 4244 42 13 4609 288 1 23
K 1 63 45
K 1 84 45
K -22 0 64
K 0 0 43
K 0 31 43
K 0 94 43
K 0 84 45
K 2 84 45
K 0 120 96
K 0 94 59
K 0 52 59
K 0 10 59
A D 12 96
H 23 B 0 0 112 2 2 3
J B 31 4295 1 82 6913 288 0
J N 6 4332 31 13 1 0 0
K 1 74 45
K 1 95 45
K -22 53 64
K 0 0 43
K 0 53 43
K 0 105 43
K 0 95 45
K 2 95 45
K 0 105 59
K 0 63 59
K 0 21 59
K 0 0 51
A D 12 96
J R 6 4384 42 2 2305 288 0
K 0 0 49
A D 12 96
J R 6 4429 42 2 4609 288 0
K 0 0 49
A D 12 96
J B 32 4480 1 82 6913 288 0
J D 0 4512 0 1 1 0 0
W 0 168 33 sempre !1ff
J N 5 4518 84 4 1 0 1 24
K -22 0 64
K 0 0 43
K 0 26 96
A D 4 96
J N 5 4558 31 3 769 96 1 24
K 0 0 43
K 0 21 96
A D 4 96
J N 5 4593 63 3 1537 96 1 24
K 0 0 43
K 0 31 96
A D 4 96
H 24 B 0 0 112 3 22 11 33
J N 5 4628 84 2 2305 96 1 25
K 0 0 43
A D 4 96
J N 5 4668 31 2 3073 96 1 25
K 0 0 43
A D 4 96
J N 5 4703 63 2 3841 96 1 25
K 0 0 43
A D 4 96
H 25 B 0 0 112 3 22 11 33
J N 5 4743 63 2 4609 96 1 26
K 0 0 43
A D 4 96
J N 5 4784 21 3 5377 96 1 26
K -22 0 64
K 0 0 43
A D 4 96
J N 5 4846 42 3 6145 96 1 26
K -22 0 64
K 0 0 43
A D 4 96
H 26 B 1 0 112 3 22 11 33
J B 33 4887 1 82 6913 96 0
J N 5 4919 63 2 1 0 1 27
K 0 0 43
A D 4 96
J N 5 4960 10 3 769 96 1 27
K -22 0 64
K 0 0 43
A D 4 96
J N 5 4995 31 2 1537 96 1 27
K 0 0 43
A D 4 96
H 27 B 1 0 112 3 22 11 33
J N 5 5030 63 2 2305 96 1 28
K 0 0 43
A D 4 96
J N 5 5092 84 3 3073 96 1 28
K -22 0 64
K 0 0 43
A D 4 96
J N 5 5127 105 5 3841 96 1 28
K 1 0 45
K 0 0 43
K -1 0 45
K 6 0 45
A D 4 96
H 28 B 0 0 112 3 22 11 33
J N 5 5167 63 2 4609 96 1 29
K 0 0 43
A D 4 96
J N 5 5207 31 2 5377 96 1 29
K 0 0 43
A D 4 96
J N 5 5269 21 3 6145 96 1 29
K -22 0 64
K 0 0 43
A D 4 96
H 29 B 1 0 112 3 22 11 33
J B 34 5310 1 82 6913 96 0
J N 5 5342 63 2 1 0 1 30
K 0 0 43
A D 4 96
J N 5 5383 10 3 769 96 1 30
K -22 0 64
K 0 0 43
A D 4 96
J N 5 5418 31 2 1537 96 1 30
K 0 0 43
A D 4 96
H 30 B 1 0 112 3 22 11 33
J N 5 5453 63 2 2305 96 1 31
K 0 0 43
A D 4 96
J N 5 5493 10 2 3073 96 1 31
K 0 0 43
A D 4 96
J N 5 5528 31 2 3841 96 1 31
K 0 0 43
A D 4 96
H 31 B 1 0 112 3 22 11 33
J N 5 5563 63 2 4609 96 1 32
K 0 0 43
A D 4 96
J N 5 5603 0 2 5377 96 1 32
K 0 0 43
A D 4 96
J N 5 5665 21 3 6145 96 1 32
K -22 0 64
K 0 0 43
A D 4 96
H 32 B 1 0 112 3 22 11 33
J B 35 5706 1 82 6913 96 0
J N 5 5738 63 4 1 0 1 33
K 0 0 43
K 0 116 111
K 18 116 110
A D 4 96
J N 5 5778 -11 2 769 96 1 33
K 0 0 43
A D 4 96
J N 5 5840 10 3 1537 96 1 33
K -22 0 64
K 0 0 43
A D 4 96
H 33 B 1 0 112 3 22 11 33
J N 5 5875 31 2 2305 96 1 34
K 0 0 43
A D 4 96
J N 5 5910 63 2 3073 96 1 34
K 0 0 43
A D 4 96
J N 5 5972 84 3 3841 96 1 34
K -22 0 64
K 0 0 43
A D 4 96
H 34 B 0 0 112 3 22 11 33
J N 5 6007 105 5 4609 96 1 35
K 1 0 45
K 0 0 43
K -1 0 45
K 6 0 45
A D 4 96
J N 5 6064 10 2 5377 96 1 35
K 0 0 43
A D 4 96
J N 5 6104 0 2 6145 96 1 35
K 0 0 43
A D 4 96
H 35 B 0 4 112 3 22 11 33
J B 36 6145 1 82 6913 96 0
J N 5 6177 105 7 1 0 1 36
K 1 0 45
K 0 0 43
K -1 0 45
K 6 0 45
K 0 52 111
K 18 52 110
A D 4 96
J N 5 6234 -11 2 769 96 1 36
K 0 0 43
A D 4 96
J N 5 6296 10 3 1537 96 1 36
K -22 0 64
K 0 0 43
A D 4 96
H 36 B 0 4 112 3 22 11 33
J N 5 6331 31 2 2305 96 1 37
K 0 0 43
A D 4 96
J N 5 6366 63 2 3073 96 1 37
K 0 0 43
A D 4 96
J N 5 6428 84 3 3841 96 1 37
K -22 0 64
K 0 0 43
A D 4 96
H 37 B 0 0 112 3 22 11 33
J N 5 6463 105 5 4609 96 1 38
K 1 0 45
K 0 0 43
K -1 0 45
K 6 0 45
A D 4 96
J N 5 6503 31 2 5377 96 1 38
K 0 0 43
A D 4 96
J N 5 6565 21 3 6145 96 1 38
K -22 0 64
K 0 0 43
A D 4 96
H 38 B 0 0 112 3 22 11 33
J B 37 6606 1 82 6913 96 0
J N 6 6643 10 4 1 0 0
K -22 0 64
K 0 0 43
K 0 0 54
A D 12 96
J R 6 6688 42 2 2305 288 0
K 0 0 49
A D 12 96
J R 6 6733 42 2 4609 288 0
K 0 0 49
A D 12 96
J B 38 6784 1 82 6913 288 0
J R 6 6816 42 2 1 0 0
K 0 0 49
A D 12 96
J R 6 6861 42 2 2305 288 0
K 0 0 49
A D 12 96
J N 6 6906 42 5 4609 288 1 39
K 0 0 43
K 0 105 108
K 34 105 108
K 0 0 54
A D 12 96
J B 39 6957 1 82 6913 288 0
J N 7 6989 42 4 1 0 1 39
K 0 0 43
K 0 0 60
K 0 31 60
A D 24 96
H 39 T 42 0 0 0 0 0 5 0
J N 6 7052 42 3 4609 576 1 40
K 0 0 43
K 0 0 54
A D 12 96
J B 40 7103 1 82 6913 288 0
J N 7 7135 42 4 1 0 1 40
K 0 0 43
K 0 0 60
K 0 31 60
A D 24 96
H 40 T 42 0 0 0 0 0 5 0
J N 6 7198 42 3 4609 576 1 41
K 0 0 43
K 0 0 54
A D 12 96
J B 41 7249 1 82 6913 288 0
J D 0 7281 0 1 1 0 0
W 0 168 33 sempre !1p
J N 7 7281 42 5 1 0 1 41
K 0 0 43
K 36 -9 44
K 0 0 60
K 0 31 60
A D 36 96
H 41 T 42 0 0 0 0 0 5 0
J B 42 7368 1 82 6913 864 0
J N 7 7406 31 6 1 0 1 42
K -23 0 65
K 0 0 43
K 38 0 44
K 0 0 60
K 0 32 60
A D 36 96
J B 43 7493 1 82 6913 864 0
J N 7 7531 31 6 1 0 1 42
k -23 0 65
K 0 0 43
K 38 0 44
K 0 0 60
K 0 32 60
A D 36 96
H 42 T 31 0 0 0 0 0 1 0
J B 44 7618 1 82 6913 864 0
J N 7 7656 31 6 1 0 1 43
K -23 0 65
K 0 0 43
K 38 0 44
K 0 0 60
K 0 32 60
A D 36 96
J B 45 7743 1 82 6913 864 0
J N 7 7775 42 5 1 0 1 43
K 0 0 43
K 36 -9 44
K 0 0 60
K 0 31 60
A D 36 96
H 43 S 0 0 0 0 0 0 0 0 0
J B 46 7862 1 82 6913 864 0
J N 7 7894 52 5 1 0 1 44
K 0 0 43
K 38 0 44
K 0 0 59
K 0 -31 59
A D 36 96
J B 47 7981 1 82 6913 864 0
J D 0 8013 0 1 1 0 0
W 0 168 33 cresc.
J N 7 8013 52 5 1 0 1 44
K 0 0 43
K 38 0 44
K 0 0 59
K 0 -31 59
A D 36 96
H 44 T 52 0 0 0 0 0 9 0
J B 48 8100 1 82 6913 864 0
J N 6 8132 63 4 1 0 0
K 0 0 43
K 0 62 110
K 0 0 53
A D 12 96
J R 6 8184 42 2 2305 288 0
K 0 0 49
A D 12 96
J R 6 8229 42 2 4609 288 0
K 0 0 49
A D 12 96
J B 49 8280 1 82 6913 288 0
J R 6 8312 42 2 1 0 0
K 0 0 49
A D 12 96
J R 6 8357 42 2 2305 288 0
K 0 0 49
A D 12 96
J D 0 8402 0 1 4609 288 0
W 0 -52 31 pizz.
J N 6 8402 105 7 4609 0 0
K 1 0 45
K 0 0 43
K -1 0 45
K 6 0 45
K 0 52 108
K 0 0 53
A D 12 96
J B 50 8460 1 82 6913 288 0
J N 6 8492 105 6 1 0 0
K 1 0 45
K 0 0 43
K -1 0 45
K 6 0 45
K 0 0 53
A D 12 96
J R 6 8544 42 2 2305 288 0
K 0 0 49
A D 12 96
J R 6 8589 42 2 4609 288 0
K 0 0 49
A D 12 96
J B 51 8640 1 82 6913 288 0
J N 6 8672 73 3 1 0 0
K 0 0 43
K 0 0 53
A D 12 96
J R 6 8724 42 2 2305 288 0
K 0 0 49
A D 12 96
J R 6 8769 42 2 4609 288 0
K 0 0 49
A D 12 96
J B 52 8820 1 82 6913 288 0
J N 6 8852 94 2 1 0 1 45
K 0 0 43
A D 12 96
J N 6 8897 115 5 2305 288 1 45
K 1 -10 45
K 0 0 43
K 0 -10 45
K 2 -10 45
A D 12 96
J N 6 8942 94 2 4609 288 1 45
K 0 0 43
A D 12 96
H 45 B 0 0 112 3 2 1 3
J B 53 8993 1 82 6913 288 0
J N 6 9025 136 8 1 0 0
K 1 -31 45
K 1 -10 45
K 0 0 43
K 0 -10 45
K 2 -10 45
K 0 0 59
K 0 -21 53
A D 12 96
J R 6 9077 42 2 2305 288 0
K 0 0 49
A D 12 96
J N 6 9122 105 6 4609 288 0
K 1 0 45
K 0 0 43
K -1 0 45
K 6 0 45
K 0 0 53
A D 12 96
J B 54 9180 1 82 6913 288 0
J N 6 9212 105 5 1 0 1 46
K 1 0 45
K 0 0 43
K -1 0 45
K 6 0 45
A D 12 96
J N 6 9257 94 2 2305 288 1 46
K 0 0 43
A D 12 96
H 46 B 0 0 112 2 2 3
J R 6 9302 42 2 4609 288 0
K 0 0 49
A D 12 96
J B 55 9353 1 82 6913 288 0
J N 6 9385 115 5 1 0 1 47
K 1 -10 45
K 0 0 43
K 0 -10 45
K 2 -10 45
A D 12 96
J N 6 9430 105 5 2305 288 1 47
K 1 0 45
K 0 0 43
K -1 0 45
K 6 0 45
A D 12 96
H 47 B 0 0 112 2 2 3
J R 6 9475 42 2 4609 288 0
K 0 0 49
A D 12 96
J B 56 9526 1 82 6913 288 0
J N 6 9558 42 5 1 0 1 48
K 0 0 43
K 0 42 43
K 0 94 110
K 0 42 59
A D 12 96
J N 6 9603 42 4 2305 288 1 48
K 0 0 43
K 0 42 43
K 0 42 59
A D 12 96
J N 6 9648 42 4 4609 288 1 48
K 0 0 43
K 0 42 43
K 0 42 59
A D 12 96
H 48 B 0 0 112 3 2 1 3
J B 57 9699 1 82 6913 288 0
J N 6 9731 31 7 1 0 0
K 0 0 43
K 0 53 43
K 0 105 108
K 0 53 59
K 0 11 59
K 0 0 51
A D 12 96
J R 5 9783 42 3 2305 288 0
K 0 21 49
K 6 0 50
A D 6 96
J D 0 9824 0 1 3457 144 0
W 0 -52 31 arco
J D 0 9824 0 1 3457 0 0
W 0 168 33 cresc.
J N 5 9824 84 2 3457 0 1 49
K 0 0 43
A D 6 96
J N 5 9864 84 2 4609 144 2 50 49
K 0 0 43
A D 6 96
J N 5 9899 105 5 5761 144 2 49 50
K 1 0 45
K 0 0 43
K -1 0 45
K 6 0 45
A D 6 96
H 49 B 0 0 112 3 22 11 33
H 50 S 12 0 0 0 0 0 0 0 0
J B 58 9940 1 82 6913 144 0
J N 7 9972 115 9 1 0 0
K 1 -10 45
K 0 0 43
K 0 -10 45
K 2 -10 45
K 38 0 44
K 0 52 110
K 0 0 59
K 0 -31 59
A D 36 96
J B 59 10059 1 82 6913 864 0
J N 6 10091 105 7 1 0 0
K 1 0 45
K 0 0 43
K -1 0 45
K 6 0 45
K 0 52 108
K 0 0 53
A D 12 96
J R 6 10143 42 2 2305 288 0
K 0 0 49
A D 12 96
J R 6 10188 42 2 4609 288 0
K 0 0 49
A D 12 96
J B 60 10239 1 82 6913 288 0
J S 4 10284 31 8 4 288 0
K 0 0 62
K 0 5 62
K 0 11 92
K 30 11 92
K 60 11 92
K 90 0 62
K 90 5 62
K 30 11 75
J B 64 10419 1 82 6913 1 0
J R 6 10451 42 2 1 0 0
K 0 0 49
A D 12 96
J R 5 10496 42 3 2305 288 0
K 0 21 49
K 6 0 50
A D 6 96
J N 5 10537 126 7 3457 144 2 51 52
K 1 -21 45
K 1 0 45
K 0 0 43
K -1 0 45
K 6 0 45
K 0 62 108
A D 6 96
J N 5 10577 105 5 4609 144 1 52
K 1 0 45
K 0 0 43
K -1 0 45
K 6 0 45
A D 6 96
J N 5 10617 84 2 5761 144 2 52 51
K 0 0 43
A D 6 96
H 52 B 0 0 112 3 22 11 33
H 51 S 12 0 0 0 0 0 0 0 0
J B 65 10658 1 82 6913 144 0
J N 5 10690 84 2 1 0 2 53 54
K 0 0 43
A D 6 96
J N 5 10725 94 2 1153 144 2 54 53
K 0 0 43
A D 6 96
H 54 B 0 0 112 2 22 33
H 53 S 12 0 0 0 0 0 0 0 0
J N 6 10760 105 6 2305 144 1 55
K 1 0 45
K 0 0 43
K -1 0 45
K 6 0 45
K 36 -9 44
A D 18 96
J N 5 10816 105 5 5761 432 1 55
K 1 0 45
K 0 0 43
K -1 0 45
K 6 0 45
A D 6 96
H 55 B 0 0 112 2 2 53
J B 66 10857 1 82 6913 144 0
J D 0 10889 0 1 1 0 0
W 0 168 33 cresc.
J N 5 10889 105 5 1 0 2 56 57
K 1 0 45
K 0 0 43
K -1 0 45
K 6 0 45
A D 6 96
J N 5 10924 115 5 1153 144 2 57 56
K 1 -10 45
K 0 0 43
K 0 -10 45
K 2 -10 45
A D 6 96
H 57 B 0 0 112 2 22 33
H 56 S 12 0 0 0 0 0 0 0 0
J N 6 10959 126 7 2305 144 1 58
K 1 -21 45
K 1 0 45
K 0 0 43
K -1 0 45
K 6 0 45
K 36 -9 44
A D 18 96
J N 5 11015 126 6 5761 432 1 58
K 1 -21 45
K 1 0 45
K 0 0 43
K -1 0 45
K 6 0 45
A D 6 96
H 58 B 0 0 112 2 2 53
J B 67 11056 1 82 6913 144 0
J N 7 11088 136 10 1 0 0
K 1 -31 45
K 1 -10 45
K 0 0 43
K 0 -10 45
K 2 -10 45
K 0 52 110
K 0 0 59
K 0 -42 59
K 0 -52 59
A D 24 96
J N 5 11151 136 6 4609 576 3 59 60 61
K 1 -31 45
K 1 -10 45
K 0 0 43
K 0 -10 45
K 2 -10 45
A D 4 96
J N 5 11191 126 6 5377 96 1 61
K 1 -21 45
K 1 0 45
K 0 0 43
K -1 0 45
K 6 0 45
A D 4 96
J N 5 11231 115 5 6145 96 3 61 59 60
K 1 -10 45
K 0 0 43
K 0 -10 45
K 2 -10 45
A D 4 96
H 60 X 9 3 0 0 0 0 61
H 61 B 0 0 112 3 22 11 33
H 59 S 12 0 21 0 21 0 0 0 0
J B 68 11272 1 82 6913 96 0
J N 6 11304 126 9 1 0 0
K 1 -21 45
K 1 0 45
K 0 0 43
K -1 0 45
K 6 0 45
K 0 52 108
K 0 0 59
K 0 -11 53
A D 12 96
J R 6 11356 42 2 2305 288 0
K 0 0 49
A D 12 96
J R 6 11401 42 2 4609 288 0
K 0 0 49
A D 12 96
J B 69 11452 1 82 6913 288 0
J R 6 11484 42 2 1 0 0
K 0 0 49
A D 12 96
J R 6 11529 42 2 2305 288 0
K 0 0 49
A D 12 96
J N 5 11574 115 6 4609 288 3 62 63 64
K 1 -10 45
K 0 0 43
K 0 -10 45
K 2 -10 45
K 0 84 110
A D 4 96
J N 5 11609 126 6 5377 96 1 64
K 1 -21 45
K 1 0 45
K 0 0 43
K -1 0 45
K 6 0 45
A D 4 96
J N 5 11644 136 6 6145 96 3 64 62 63
K 1 -31 45
K 1 -10 45
K 0 0 43
K 0 -10 45
K 2 -10 45
A D 4 96
H 63 X 9 3 0 0 0 0 64
H 64 B 0 0 112 3 22 11 33
H 62 S 12 0 21 0 21 0 0 0 0
J B 70 11685 1 82 6913 96 0
J N 5 11717 126 8 1 0 0
K 1 -21 45
K 1 0 45
K 0 0 43
K -1 0 45
K 6 0 45
K 0 0 59
K 0 -11 55
A D 6 96
J R 5 11769 42 3 1153 144 0
K 0 21 49
K 6 0 50
A D 6 96
J N 5 11810 126 9 2305 144 0
K 1 -21 45
K 1 0 45
K 0 0 43
K -1 0 45
K 6 0 45
K 0 52 108
K 0 0 59
K 0 -11 55
A D 6 96
J R 5 11862 42 3 3457 144 0
K 0 21 49
K 6 0 50
A D 6 96
J N 5 11903 126 8 4609 144 0
K 1 -21 45
K 1 0 45
K 0 0 43
K -1 0 45
K 6 0 45
K 0 0 59
K 0 -11 55
A D 6 96
J R 5 11955 42 3 5761 144 0
K 0 21 49
K 6 0 50
A D 6 96
J B 71 12002 1 82 6913 144 0
J N 6 12034 126 8 1 0 0
K 1 -21 45
K 1 0 45
K 0 0 43
K -1 0 45
K 6 0 45
K 0 0 59
K 0 -11 53
A D 12 96
J R 6 12086 42 2 2305 288 0
K 0 0 49
A D 12 96
J R 6 12131 42 2 4609 288 0
K 0 0 49
A D 12 96
J B 72 12182 1 82 6913 288 0
J R 6 12214 42 2 1 0 0
K 0 0 49
A D 12 96
J D 0 12259 0 1 2305 288 0
W 0 168 33 dolce
J N 6 12259 84 2 2305 0 2 65 66
K 0 0 43
A D 12 96
J N 6 12304 63 2 4609 288 1 66
K 0 0 43
A D 12 96
H 66 B 0 0 112 2 2 3
J B 73 12355 1 82 6913 288 0
J N 6 12387 52 3 1 0 1 65
K 0 0 43
K 0 0 53
A D 12 96
H 65 S 12 0 0 0 0 0 0 0 0
J R 6 12439 42 2 2305 288 0
K 0 0 49
A D 12 96
J R 6 12484 42 2 4609 288 0
K 0 0 49
A D 12 96
J B 74 12535 1 82 6913 288 0
J R 6 12567 42 2 1 0 0
K 0 0 49
A D 12 96
J N 6 12612 52 2 2305 288 2 67 68
K 0 0 43
A D 12 96
J N 6 12657 42 2 4609 288 1 68
K 0 0 43
A D 12 96
H 68 B 0 0 112 2 2 3
J B 75 12708 1 82 6913 288 0
J N 6 12740 31 3 1 0 1 67
K 0 0 43
K 0 0 54
A D 12 96
H 67 S 0 9 -93 0 -10 0 0 0 0
J R 6 12785 42 2 2305 288 0
K 0 0 49
A D 12 96
J R 6 12830 42 2 4609 288 0
K 0 0 49
A D 12 96
J B 76 12881 1 82 6913 288 0
J R 4 12913 42 4 1 0 0
K 0 21 49
K 6 0 50
K 12 -21 50
A D 3 96
J N 4 12981 52 5 577 72 1 69
K -22 0 64
K 0 0 43
K 0 73 108
K 34 73 108
A D 3 96
J N 4 13021 52 2 1153 72 1 69
K 0 0 43
A D 3 96
J N 4 13061 52 2 1729 72 1 69
K 0 0 43
A D 3 96
H 69 B 0 0 112 3 222 111 333
J N 5 13101 52 2 2305 72 1 70
K 0 0 43
A D 6 96
J N 5 13141 52 2 3457 144 1 70
K 0 0 43
A D 6 96
J N 5 13181 52 2 4609 144 1 70
K 0 0 43
A D 6 96
H 70 B 0 0 112 3 22 11 33
J R 5 13216 42 3 5761 144 0
K 0 21 49
K 6 0 50
A D 6 96
J B 77 13263 1 82 6913 144 0
J R 4 13295 42 4 1 0 0
K 0 21 49
K 6 0 50
K 12 -21 50
A D 3 96
J N 4 13363 52 3 577 72 1 71
K -22 0 64
K 0 0 43
A D 3 96
J N 4 13403 52 2 1153 72 1 71
K 0 0 43
A D 3 96
J N 4 13443 52 2 1729 72 1 71
K 0 0 43
A D 3 96
H 71 B 0 0 112 3 222 111 333
J N 5 13483 52 2 2305 72 1 72
K 0 0 43
A D 6 96
J N 5 13523 52 2 3457 144 1 72
K 0 0 43
A D 6 96
J N 5 13563 52 2 4609 144 1 72
K 0 0 43
A D 6 96
H 72 B 0 0 112 3 22 11 33
J R 5 13598 42 3 5761 144 0
K 0 21 49
K 6 0 50
A D 6 96
J B 78 13645 1 82 6913 144 0
J N 4 13677 10 4 1 0 1 73
K 0 0 43
K 0 145 110
K 30 145 110
A D 3 96
J N 4 13717 10 2 577 72 1 73
K 0 0 43
A D 3 96
J N 4 13757 10 2 1153 72 1 73
K 0 0 43
A D 3 96
J N 4 13797 10 2 1729 72 1 73
K 0 0 43
A D 3 96
H 73 B 1 0 112 4 222 111 111 333
J N 4 13837 10 2 2305 72 1 74
K 0 0 43
A D 3 96
J N 4 13877 10 2 2881 72 1 74
K 0 0 43
A D 3 96
J N 4 13917 10 2 3457 72 1 74
K 0 0 43
A D 3 96
J N 4 13957 10 2 4033 72 1 74
K 0 0 43
A D 3 96
H 74 B 1 0 112 4 222 111 111 333
J N 4 13997 10 2 4609 72 1 75
K 0 0 43
A D 3 96
J N 4 14037 10 2 5185 72 1 75
K 0 0 43
A D 3 96
J N 4 14077 10 2 5761 72 1 75
K 0 0 43
A D 3 96
J N 4 14117 10 2 6337 72 1 75
K 0 0 43
A D 3 96
H 75 B 1 0 112 4 222 111 111 333
J B 79 14158 1 82 6913 72 0
J N 4 14196 10 3 1 0 1 76
K -22 0 64
K 0 0 43
A D 3 96
J N 4 14236 10 2 577 72 1 76
K 0 0 43
A D 3 96
J N 4 14276 10 2 1153 72 1 76
K 0 0 43
A D 3 96
J N 4 14311 31 2 1729 72 1 76
K 0 0 43
A D 3 96
H 76 B 1 0 112 4 222 111 111 333
J N 4 14346 63 2 2305 72 1 77
K 0 0 43
A D 3 96
J N 4 14386 63 2 2881 72 1 77
K 0 0 43
A D 3 96
J N 4 14426 63 2 3457 72 1 77
K 0 0 43
A D 3 96
J N 4 14488 84 3 4033 72 1 77
K -22 0 64
K 0 0 43
A D 3 96
H 77 B 0 0 112 4 222 111 111 333
J N 4 14550 42 5 4609 72 1 78
K -22 0 64
K 0 0 43
K 0 31 43
K 0 31 59
A D 3 96
J N 4 14590 42 4 5185 72 1 78
K 0 0 43
K 0 31 43
K 0 31 59
A D 3 96
J N 4 14630 42 4 5761 72 1 78
K 0 0 43
K 0 31 43
K 0 31 59
A D 3 96
J N 4 14670 42 4 6337 72 1 78
K 0 0 43
K 0 31 43
K 0 31 59
A D 3 96
H 78 B 0 0 112 4 222 111 111 333
J B 80 14711 1 82 6913 72 0
J N 6 14748 31 7 1 0 0
K -22 53 64
K 0 0 43
K 0 53 43
K 0 53 59
K 0 11 59
K 0 0 51
A D 12 96
J R 6 14800 42 2 2305 288 0
K 0 0 49
A D 12 96
J R 6 14845 42 2 4609 288 0
K 0 0 49
A D 12 96
J B 81 14896 1 82 6913 288 0
J N 4 14934 84 4 1 0 1 79
K -22 0 64
K 0 0 43
K 0 26 96
A D 3 96
J N 4 14974 63 3 577 72 1 79
K 0 0 43
K 0 31 96
A D 3 96
J N 4 15014 31 3 1153 72 1 79
K 0 0 43
K 0 21 96
A D 3 96
J N 4 15049 63 3 1729 72 1 79
K 0 0 43
K 0 31 96
A D 3 96
H 79 B 0 0 112 4 222 111 111 333
J N 4 15084 84 2 2305 72 1 80
K 0 0 43
A D 3 96
J N 4 15124 63 2 2881 72 1 80
K 0 0 43
A D 3 96
J N 4 15164 31 2 3457 72 1 80
K 0 0 43
A D 3 96
J N 4 15199 63 2 4033 72 1 80
K 0 0 43
A D 3 96
H 80 B 0 0 112 4 222 111 111 333
J N 4 15239 63 2 4609 72 1 81
K 0 0 43
A D 3 96
J N 4 15301 42 3 5185 72 1 81
K -22 0 64
K 0 0 43
A D 3 96
J N 4 15363 21 3 5761 72 1 81
K -22 0 64
K 0 0 43
A D 3 96
J N 4 15398 42 2 6337 72 1 81
K 0 0 43
A D 3 96
H 81 B 1 0 112 4 222 111 111 333
J B 82 15439 1 82 6913 72 0
J N 4 15471 63 2 1 0 1 82
K 0 0 43
A D 3 96
J N 4 15511 31 2 577 72 1 82
K 0 0 43
A D 3 96
J N 4 15573 10 3 1153 72 1 82
K -22 0 64
K 0 0 43
A D 3 96
J N 4 15608 31 2 1729 72 1 82
K 0 0 43
A D 3 96
H 82 B 1 0 112 4 222 111 111 333
J N 4 15643 63 2 2305 72 1 83
K 0 0 43
A D 3 96
J N 4 15683 31 2 2881 72 1 83
K 0 0 43
A D 3 96
J N 4 15718 63 2 3457 72 1 83
K 0 0 43
A D 3 96
J N 4 15780 84 3 4033 72 1 83
K -22 0 64
K 0 0 43
A D 3 96
H 83 B 0 0 112 4 222 111 111 333
J N 4 15815 105 5 4609 72 1 84
K 1 0 45
K 0 0 43
K -1 0 45
K 6 0 45
A D 3 96
J N 4 15855 63 2 5185 72 1 84
K 0 0 43
A D 3 96
J N 4 15895 31 2 5761 72 1 84
K 0 0 43
A D 3 96
J N 4 15957 21 3 6337 72 1 84
K -22 0 64
K 0 0 43
A D 3 96
H 84 B 0 0 112 4 222 111 111 333
J B 83 15998 1 82 6913 72 0
J N 4 16030 63 2 1 0 1 85
K 0 0 43
A D 3 96
J N 4 16070 31 2 577 72 1 85
K 0 0 43
A D 3 96
J N 4 16132 10 3 1153 72 1 85
K -22 0 64
K 0 0 43
A D 3 96
J N 4 16167 31 2 1729 72 1 85
K 0 0 43
A D 3 96
H 85 B 1 0 112 4 222 111 111 333
J N 4 16202 63 2 2305 72 1 86
K 0 0 43
A D 3 96
J N 4 16242 31 2 2881 72 1 86
K 0 0 43
A D 3 96
J N 4 16282 10 2 3457 72 1 86
K 0 0 43
A D 3 96
J N 4 16317 31 2 4033 72 1 86
K 0 0 43
A D 3 96
H 86 B 1 0 112 4 222 111 111 333
J N 4 16352 63 2 4609 72 1 87
K 0 0 43
A D 3 96
J N 4 16393 21 3 5185 72 1 87
K -22 0 64
K 0 0 43
A D 3 96
J N 4 16433 0 2 5761 72 1 87
K 0 0 43
A D 3 96
J N 4 16468 21 2 6337 72 1 87
K 0 0 43
A D 3 96
H 87 B 1 0 112 4 222 111 111 333
J B 84 16509 1 82 6913 72 0
J N 4 16541 63 4 1 0 1 88
K 0 0 43
K 0 135 111
K 18 135 110
A D 3 96
J N 4 16582 10 3 577 72 1 88
K -22 0 64
K 0 0 43
A D 3 96
J N 4 16622 -11 2 1153 72 1 88
K 0 0 43
A D 3 96
J N 4 16657 10 2 1729 72 1 88
K 0 0 43
A D 3 96
H 88 B 1 0 112 4 222 111 111 333
J N 4 16692 31 2 2305 72 1 89
K 0 0 43
A D 3 96
J N 4 16727 63 2 2881 72 1 89
K 0 0 43
A D 3 96
J N 4 16789 84 3 3457 72 1 89
K -22 0 64
K 0 0 43
A D 3 96
J N 4 16829 63 2 4033 72 1 89
K 0 0 43
A D 3 96
H 89 B 0 0 112 4 222 111 111 333
J N 4 16864 105 5 4609 72 1 90
K 1 0 45
K 0 0 43
K -1 0 45
K 6 0 45
A D 3 96
J N 4 16904 31 2 5185 72 1 90
K 0 0 43
A D 3 96
J N 4 16944 10 2 5761 72 1 90
K 0 0 43
A D 3 96
J N 4 16984 0 2 6337 72 1 90
K 0 0 43
A D 3 96
H 90 B 0 0 112 4 222 111 111 333
J B 85 17025 1 82 6913 72 0
J N 4 17057 63 4 1 0 1 91
K 0 0 43
K 0 135 111
K 18 135 110
A D 3 96
J N 4 17098 10 3 577 72 1 91
K -22 0 64
K 0 0 43
A D 3 96
J N 4 17138 -11 2 1153 72 1 91
K 0 0 43
A D 3 96
J N 4 17173 10 2 1729 72 1 91
K 0 0 43
A D 3 96
H 91 B 1 0 112 4 222 111 111 333
J N 4 17208 31 2 2305 72 1 92
K 0 0 43
A D 3 96
J N 4 17243 63 2 2881 72 1 92
K 0 0 43
A D 3 96
J N 4 17305 84 3 3457 72 1 92
K -22 0 64
K 0 0 43
A D 3 96
J N 4 17345 63 2 4033 72 1 92
K 0 0 43
A D 3 96
H 92 B 0 0 112 4 222 111 111 333
J N 4 17380 105 5 4609 72 1 93
K 1 0 45
K 0 0 43
K -1 0 45
K 6 0 45
A D 3 96
J N 4 17420 31 2 5185 72 1 93
K 0 0 43
A D 3 96
J N 4 17460 31 2 5761 72 1 93
K 0 0 43
A D 3 96
J N 4 17522 21 3 6337 72 1 93
K -22 0 64
K 0 0 43
A D 3 96
H 93 B 0 0 112 4 222 111 111 333
J B 86 17563 1 82 6913 72 0
J N 6 17600 10 4 1 0 0
K -22 0 64
K 0 0 43
K 0 0 54
A D 12 96
J R 6 17645 42 2 2305 288 0
K 0 0 49
A D 12 96
J R 6 17690 42 2 4609 288 0
K 0 0 49
A D 12 96
J B 87 17741 1 82 6913 288 0
J R 6 17773 42 2 1 0 0
K 0 0 49
A D 12 96
J R 6 17818 42 2 2305 288 0
K 0 0 49
A D 12 96
J N 6 17863 42 5 4609 288 1 94
K 0 0 43
K 0 105 108
K 34 105 108
K 0 0 54
A D 12 96
J B 88 17914 1 82 6913 288 0
J N 7 17946 42 4 1 0 1 94
K 0 0 43
K 0 0 60
K 0 31 60
A D 24 96
H 94 T 42 0 0 0 0 0 5 0
J N 6 18009 42 3 4609 576 1 95
K 0 0 43
K 0 0 54
A D 12 96
J B 89 18060 1 82 6913 288 0
J N 7 18092 42 4 1 0 1 95
K 0 0 43
K 0 0 60
K 0 31 60
A D 24 96
H 95 T 42 0 0 0 0 0 5 0
J N 6 18155 42 3 4609 576 1 96
K 0 0 43
K 0 0 54
A D 12 96
J B 90 18206 1 82 6913 288 0
J D 0 18238 0 1 1 0 0
W 0 168 33 sempre !1pp
J N 7 18238 42 5 1 0 1 96
K 0 0 43
K 36 -9 44
K 0 0 60
K 0 31 60
A D 36 96
H 96 T 42 0 0 0 0 0 5 0
J B 91 18325 1 82 6913 864 0
J N 7 18363 31 6 1 0 1 97
K -23 0 65
K 0 0 43
K 38 0 44
K 0 0 60
K 0 32 60
A D 36 96
J B 92 18450 1 82 6913 864 0
J N 7 18488 31 6 1 0 1 97
k -23 0 65
K 0 0 43
K 38 0 44
K 0 0 60
K 0 32 60
A D 36 96
H 97 T 31 0 0 0 0 0 1 0
J B 93 18575 1 82 6913 864 0
J N 7 18613 31 6 1 0 1 98
K -23 0 65
K 0 0 43
K 38 0 44
K 0 0 60
K 0 32 60
A D 36 96
J B 94 18700 1 82 6913 864 0
J N 7 18732 42 5 1 0 1 98
K 0 0 43
K 36 -9 44
K 0 0 60
K 0 31 60
A D 36 96
H 98 S 0 0 0 0 0 0 0 0 0
J B 95 18819 1 82 6913 864 0
J N 7 18851 52 5 1 0 1 99
K 0 0 43
K 38 0 44
K 0 0 59
K 0 -31 59
A D 36 96
J B 96 18938 1 82 6913 864 0
J D 0 18970 0 1 1 0 0
W 0 168 33 cresc.
J N 7 18970 52 5 1 0 1 99
K 0 0 43
K 38 0 44
K 0 0 59
K 0 -31 59
A D 36 96
H 99 T 52 0 0 0 0 0 9 0
J B 97 19057 1 82 6913 864 0
J N 6 19089 63 4 1 0 0
K 0 0 43
K 0 62 110
K 0 0 53
A D 12 96
J R 6 19141 42 2 2305 288 0
K 0 0 49
A D 12 96
J R 6 19186 42 2 4609 288 0
K 0 0 49
A D 12 96
J B 98 19237 1 82 6913 288 0
J R 6 19269 42 2 1 0 0
K 0 0 49
A D 12 96
J R 6 19314 42 2 2305 288 0
K 0 0 49
A D 12 96
J D 0 19359 0 1 4609 288 0
W 0 -52 31 pizz.
J N 6 19359 105 7 4609 0 0
K 1 0 45
K 0 0 43
K -1 0 45
K 6 0 45
K 0 52 108
K 0 0 53
A D 12 96
J B 99 19417 1 82 6913 288 0
J N 6 19449 105 5 1 0 1 100
K 1 0 45
K 0 0 43
K -1 0 45
K 6 0 45
A D 12 96
J N 6 19494 105 5 2305 288 1 100
K 1 0 45
K 0 0 43
K -1 0 45
K 6 0 45
A D 12 96
H 100 B 0 0 112 2 2 3
J R 5 19539 42 3 4609 288 0
K 0 21 49
K 6 0 50
A D 6 96
J N 5 19580 105 6 5761 144 0
K 1 0 45
K 0 0 43
K -1 0 45
K 6 0 45
K 0 0 55
A D 6 96
J B 100 19638 1 82 6913 144 0
J N 6 19670 73 2 1 0 1 101
K 0 0 43
A D 12 96
J N 6 19715 73 2 2305 288 1 101
K 0 0 43
A D 12 96
H 101 B 0 0 112 2 2 3
J R 5 19760 42 3 4609 288 0
K 0 21 49
K 6 0 50
A D 6 96
J N 5 19801 73 3 5761 144 0
K 0 0 43
K 0 0 55
A D 6 96
J B 101 19859 1 82 6913 144 0
J N 6 19891 94 2 1 0 1 102
K 0 0 43
A D 12 96
J N 6 19936 94 2 2305 288 1 102
K 0 0 43
A D 12 96
H 102 B 0 0 112 2 2 3
J R 5 19981 42 3 4609 288 0
K 0 21 49
K 6 0 50
A D 6 96
J N 5 20022 94 3 5761 144 0
K 0 0 43
K 0 0 55
A D 6 96
J B 102 20080 1 82 6913 144 0
J N 6 20112 105 5 1 0 1 103
K 1 0 45
K 0 0 43
K -1 0 45
K 6 0 45
A D 12 96
J N 6 20157 105 5 2305 288 1 103
K 1 0 45
K 0 0 43
K -1 0 45
K 6 0 45
A D 12 96
H 103 B 0 0 112 2 2 3
J R 5 20202 42 3 4609 288 0
K 0 21 49
K 6 0 50
A D 6 96
J N 5 20243 105 6 5761 144 0
K 1 0 45
K 0 0 43
K -1 0 45
K 6 0 45
K 0 0 55
A D 6 96
J B 103 20301 1 82 6913 144 0
J N 6 20338 52 3 1 0 1 104
K -22 0 64
K 0 0 43
A D 12 96
J N 6 20383 42 2 2305 288 1 104
K 0 0 43
A D 12 96
H 104 B 0 0 112 2 2 3
J R 5 20428 42 3 4609 288 0
K 0 21 49
K 6 0 50
A D 6 96
J N 5 20469 42 3 5761 144 0
K 0 0 43
K 0 0 56
A D 6 96
J B 104 20510 1 82 6913 144 0
J N 6 20542 63 2 1 0 1 105
K 0 0 43
A D 12 96
J N 6 20605 52 3 2305 288 1 105
K -23 0 65
K 0 0 43
A D 12 96
H 105 B 0 0 112 2 2 3
J R 5 20650 42 3 4609 288 0
K 0 21 49
K 6 0 50
A D 6 96
J N 5 20691 52 3 5761 144 0
K 0 0 43
K 0 0 55
A D 6 96
J B 105 20749 1 82 6913 144 0
J N 6 20781 63 4 1 0 1 106
K 0 0 43
K 0 62 108
K 34 62 108
A D 12 96
J N 6 20826 42 4 2305 288 1 106
K 0 0 43
K 0 21 43
K 0 21 59
A D 12 96
J N 6 20871 42 11 4609 288 1 106
K 1 63 45
K 1 84 45
K 0 0 43
K 0 42 43
K 0 94 43
K 0 84 45
K 2 84 45
K 0 94 59
K 0 52 59
K 0 10 59
A D 12 96
H 106 B 0 0 112 3 2 1 3
J B 106 20922 1 82 6913 288 0
J N 6 20954 31 12 1 0 0
K 1 74 45
K 1 95 45
K 0 0 43
K 0 53 43
K 0 95 43
K -1 95 45
K 6 95 45
K 0 95 59
K 0 53 59
K 0 11 59
K 0 0 51
A D 12 96
J R 6 21006 42 2 2305 288 0
K 0 0 49
A D 12 96
J R 6 21051 42 2 4609 288 0
K 0 0 49
A D 12 96
J B 107 21102 1 82 6913 288 0
J D 0 21134 0 1 1 0 0
W 0 -52 31 arco
J D 0 21134 0 1 1 0 0
W 0 168 33 sempre !1pp
J N 7 21134 52 5 1 0 1 107
K 0 0 43
K 38 0 44
K 0 0 59
K 0 -31 59
A D 36 96
J B 108 21221 1 82 6913 864 0
J N 6 21253 52 3 1 0 1 107
K 0 0 43
K 0 0 53
A D 12 96
H 107 T 52 0 0 0 0 0 9 0
J N 7 21310 42 4 2305 288 1 108
K 0 0 43
K 0 0 60
K 0 31 60
A D 24 96
J B 109 21379 1 82 6913 576 0
J N 7 21411 42 5 1 0 2 109 108
K 0 0 43
K 36 -9 44
K 0 0 60
K 0 31 60
A D 36 96
H 108 T 42 0 0 0 0 0 5 0
J B 110 21498 1 82 6913 864 0
J N 7 21530 63 4 1 0 0
K 0 0 43
K 0 0 59
K 0 -32 59
A D 24 96
J N 6 21593 31 3 4609 576 2 110 109
K 0 0 43
K 0 0 54
A D 12 96
H 109 S 0 0 -21 0 -21 1 0 0 0
J B 111 21644 1 82 6913 288 0
J N 6 21676 31 3 1 0 2 111 110
K 0 0 43
K 0 0 54
A D 12 96
H 110 T 31 0 0 0 0 0 1 0
J N 7 21721 21 4 2305 288 1 111
K 0 0 43
K 0 0 60
K 0 31 60
A D 24 96
H 111 S 0 0 0 0 0 0 0 0 0
J B 112 21790 1 82 6913 576 0
J N 6 21822 42 3 1 0 1 112
K 0 0 43
K 0 0 54
A D 12 96
J N 7 21867 31 4 2305 288 1 112
K 0 0 43
K 0 0 60
K 0 32 60
A D 24 96
H 112 S 0 0 0 0 0 0 0 0 0
J B 113 21936 1 82 6913 576 0
J N 7 21968 42 8 1 0 0
K 0 0 43
K 36 -9 44
K 0 42 43
K 36 33 44
K 0 42 59
K 0 0 59
K 0 -21 59
A D 36 96
J B 114 22055 1 82 6913 864 0
J N 5 22087 31 5 1 0 1 113
K 0 0 43
K 0 53 43
K 0 53 59
K 0 11 59
A D 6 96
J N 5 22127 31 6 1153 144 1 113
K 0 0 43
K 0 53 43
K 0 105 110
K 0 53 59
K 0 11 59
A D 6 96
H 113 B 0 0 112 2 22 33
J N 5 22167 31 5 2305 144 1 114
K 0 0 43
K 0 53 43
K 0 53 59
K 0 11 59
A D 6 96
J N 5 22207 31 5 3457 144 1 114
K 0 0 43
K 0 53 43
K 0 53 59
K 0 11 59
A D 6 96
J N 5 22247 31 5 4609 144 1 114
K 0 0 43
K 0 53 43
K 0 53 59
K 0 11 59
A D 6 96
J N 5 22287 31 5 5761 144 1 114
K 0 0 43
K 0 53 43
K 0 53 59
K 0 11 59
A D 6 96
H 114 B 0 0 112 4 22 11 11 33
J B 115 22328 1 82 6913 144 0
J N 5 22360 31 5 1 0 1 115
K 0 0 43
K 0 53 43
K 0 53 59
K 0 11 59
A D 6 96
J N 5 22400 31 5 1153 144 1 115
K 0 0 43
K 0 53 43
K 0 53 59
K 0 11 59
A D 6 96
J N 5 22440 31 5 2305 144 1 115
K 0 0 43
K 0 53 43
K 0 53 59
K 0 11 59
A D 6 96
J N 5 22480 31 5 3457 144 1 115
K 0 0 43
K 0 53 43
K 0 53 59
K 0 11 59
A D 6 96
J N 5 22520 31 5 4609 144 1 115
K 0 0 43
K 0 53 43
K 0 53 59
K 0 11 59
A D 6 96
J N 5 22560 31 5 5761 144 1 115
K 0 0 43
K 0 53 43
K 0 53 59
K 0 11 59
A D 6 96
H 115 B 0 0 112 6 22 11 11 11 11 33
J B 116 22601 1 82 6913 144 0
J N 5 22633 31 5 1 0 1 116
K 0 0 43
K 0 53 43
K 0 53 59
K 0 11 59
A D 6 96
J N 5 22673 10 2 1153 144 1 116
K 0 0 43
A D 6 96
H 116 B 0 0 112 2 22 33
J N 5 22708 21 2 2305 144 1 117
K 0 0 43
A D 6 96
J N 5 22748 21 2 3457 144 1 117
K 0 0 43
A D 6 96
J N 5 22788 21 2 4609 144 1 117
K 0 0 43
A D 6 96
J N 5 22828 21 2 5761 144 1 117
K 0 0 43
A D 6 96
H 117 B 1 0 112 4 22 11 11 33
J B 117 22869 1 82 6913 144 0
J N 5 22901 21 2 1 0 1 118
K 0 0 43
A D 6 96
J N 5 22941 21 2 1153 144 1 118
K 0 0 43
A D 6 96
J N 5 22981 21 2 2305 144 1 118
K 0 0 43
A D 6 96
J N 5 23021 21 2 3457 144 1 118
K 0 0 43
A D 6 96
H 118 B 1 0 112 4 22 11 11 33
J N 5 23083 21 3 4609 144 1 119
K -22 0 64
K 0 0 43
A D 6 96
J N 5 23123 21 2 5761 144 1 119
K 0 0 43
A D 6 96
H 119 B 1 0 112 2 22 33
J B 118 23164 1 82 6913 144 0
J N 5 23202 10 3 1 0 1 120
K -22 0 64
K 0 0 43
A D 6 96
J N 5 23242 31 4 1153 144 1 120
K 0 -21 43
K 0 0 43
K 0 -21 60
A D 6 96
H 120 B 1 0 112 2 22 33
J N 5 23282 31 4 2305 144 1 121
K 0 -21 43
K 0 0 43
K 0 -21 60
A D 6 96
J N 5 23322 31 4 3457 144 1 121
K 0 -21 43
K 0 0 43
K 0 -21 60
A D 6 96
J N 5 23362 31 4 4609 144 1 121
K 0 -21 43
K 0 0 43
K 0 -21 60
A D 6 96
J N 5 23402 31 4 5761 144 1 121
K 0 -21 43
K 0 0 43
K 0 -21 60
A D 6 96
H 121 B 1 0 112 4 22 11 11 33
J B 119 23443 1 82 6913 144 0
J N 5 23481 10 3 1 0 1 122
K -23 0 65
K 0 0 43
A D 6 96
J N 5 23521 10 2 1153 144 1 122
K 0 0 43
A D 6 96
H 122 B 1 0 112 2 22 33
J N 5 23556 21 2 2305 144 1 123
K 0 0 43
A D 6 96
J N 5 23596 21 2 3457 144 1 123
K 0 0 43
A D 6 96
J N 5 23636 21 2 4609 144 1 123
K 0 0 43
A D 6 96
J N 5 23676 21 2 5761 144 1 123
K 0 0 43
A D 6 96
H 123 B 1 0 112 4 22 11 11 33
J B 120 23717 1 82 6913 144 0
J N 5 23749 21 2 1 0 1 124
K 0 0 43
A D 6 96
J N 5 23789 21 2 1153 144 1 124
K 0 0 43
A D 6 96
H 124 B 1 0 112 2 22 33
J N 5 23824 31 2 2305 144 1 125
K 0 0 43
A D 6 96
J N 5 23864 31 2 3457 144 1 125
K 0 0 43
A D 6 96
J N 5 23904 31 2 4609 144 1 125
K 0 0 43
A D 6 96
J N 5 23944 31 2 5761 144 1 125
K 0 0 43
A D 6 96
H 125 B 1 0 112 4 22 11 11 33
J B 121 23985 1 82 6913 144 0
J N 6 24017 42 4 1 0 3 126 127 128
K 0 0 43
K 0 42 43
K 0 42 59
A D 12 96
J N 4 24062 42 4 2305 288 3 128 126 127
K 0 0 43
K 0 42 43
K 0 42 59
A D 3 96
H 126 T 42 0 0 0 0 0 7 0
H 127 T 84 0 0 0 0 0 13 0
J N 4 24102 84 2 2881 72 2 129 128
K 0 0 43
A D 3 96
J N 4 24142 73 2 3457 72 1 128
K 0 0 43
A D 3 96
J N 4 24182 63 2 4033 72 1 128
K 0 0 43
A D 3 96
H 128 B 0 0 112 5 2 221 111 111 333
J N 4 24222 52 2 4609 72 1 130
K 0 0 43
A D 3 96
J N 4 24262 42 2 5185 72 1 130
K 0 0 43
A D 3 96
J N 4 24302 31 2 5761 72 1 130
K 0 0 43
A D 3 96
J N 4 24364 21 3 6337 72 2 130 129
K -22 0 64
K 0 0 43
A D 3 96
H 130 B 0 0 112 4 222 111 111 333
H 129 S 12 0 0 0 0 0 0 0 0
J B 122 24405 1 82 6913 72 0
J N 6 24437 10 2 1 0 2 131 132
K 0 0 43
A D 12 96
J N 5 24482 10 2 2305 288 3 133 132 131
K 0 0 43
A D 6 96
H 131 T 10 0 0 0 0 0 1 0
J N 4 24522 0 2 3457 144 1 132
K 0 0 43
A D 3 96
J N 4 24562 -11 2 4033 72 1 132
K 0 0 43
A D 3 96
H 132 B 1 0 112 4 2 21 211 333
J N 4 24602 -21 5 4609 72 1 134
K 0 0 45
K 0 0 43
K -1 0 45
K 6 0 45
A D 3 96
J N 4 24642 -32 5 5185 72 1 134
K 0 11 45
K 0 0 43
K 0 11 45
K 2 11 45
A D 3 96
J N 4 24682 -42 6 5761 72 1 134
K 0 21 45
K 0 0 45
K 0 0 43
K -1 0 45
K 6 0 45
A D 3 96
J N 4 24744 -53 7 6337 72 2 134 133
K 0 32 45
K 0 11 45
K -22 0 64
K 0 0 43
K 0 11 45
K 2 11 45
A D 3 96
H 134 B 1 0 112 4 222 111 111 333
H 133 S 0 0 0 0 0 0 0 0 0
J B 123 24785 1 82 6913 72 0
J N 7 24817 -63 11 1 0 0
K 0 42 45
K 0 21 45
K 0 0 45
K 0 0 43
K -1 0 45
K 6 0 45
K 0 -26 101
K 0 0 60
K 0 42 60
K 0 63 60
A D 24 96
J N 6 24880 115 9 4609 576 0
K 1 -10 45
K 0 0 43
K 0 -10 45
K 2 -10 45
K 0 52 108
K 34 52 108
K 0 0 59
K 0 0 53
A D 12 96
J B 124 24938 1 82 6913 288 0
J N 6 24970 115 7 1 0 0
K 1 -10 45
K 0 0 43
K 0 -10 45
K 2 -10 45
K 0 0 59
K 0 0 53
A D 12 96
J R 6 25022 42 2 2305 288 0
K 0 0 49
A D 12 96
J N 6 25067 115 7 4609 288 0
K 1 -10 45
K 0 0 43
K 0 -10 45
K 2 -10 45
K 0 0 59
K 0 0 53
A D 12 96
J B 125 25125 1 82 6913 288 0
J N 6 25157 115 7 1 0 0
K 1 -10 45
K 0 0 43
K 0 -10 45
K 2 -10 45
K 0 0 59
K 0 0 53
A D 12 96
J R 6 25209 42 2 2305 288 0
K 0 0 49
A D 12 96
J N 6 25254 115 7 4609 288 0
K 1 -10 45
K 0 0 43
K 0 -10 45
K 2 -10 45
K 0 0 59
K 0 0 53
A D 12 96
J B 126 25312 1 82 6913 288 0
J N 6 25344 115 7 1 0 0
K 1 -10 45
K 0 0 43
K 0 -10 45
K 2 -10 45
K 0 0 59
K 0 0 53
A D 12 96
J R 6 25396 42 2 2305 288 0
K 0 0 49
A D 12 96
J N 6 25441 115 7 4609 288 0
K 1 -10 45
K 0 0 43
K 0 -10 45
K 2 -10 45
K 0 0 59
K 0 0 53
A D 12 96
J B 127 25499 1 82 6913 288 0
J D 0 25531 0 1 1 0 0
W 0 168 33 sempre !1pp
J N 6 25531 115 7 1 0 0
K 1 -10 45
K 0 0 43
K 0 -10 45
K 2 -10 45
K 0 0 59
K 0 0 53
A D 12 96
J R 6 25583 42 2 2305 288 0
K 0 0 49
A D 12 96
J N 6 25628 115 7 4609 288 0
K 1 -10 45
K 0 0 43
K 0 -10 45
K 2 -10 45
K 0 0 59
K 0 0 53
A D 12 96
J B 128 25686 1 82 6913 288 0
J N 6 25718 115 7 1 0 0
K 1 -10 45
K 0 0 43
K 0 -10 45
K 2 -10 45
K 0 0 59
K 0 0 53
A D 12 96
J R 6 25770 42 2 2305 288 0
K 0 0 49
A D 12 96
J N 6 25815 115 7 4609 288 0
K 1 -10 45
K 0 0 43
K 0 -10 45
K 2 -10 45
K 0 0 59
K 0 0 53
A D 12 96
J B 129 25873 1 82 6913 288 0
J N 6 25905 115 7 1 0 0
K 1 -10 45
K 0 0 43
K 0 -10 45
K 2 -10 45
K 0 0 59
K 0 0 53
A D 12 96
J R 6 25957 42 2 2305 288 0
K 0 0 49
A D 12 96
J N 6 26002 126 8 4609 288 0
K 1 -21 45
K 1 0 45
K 0 0 43
K -1 0 45
K 6 0 45
K 0 0 59
K 0 -11 53
A D 12 96
J B 130 26060 1 82 6913 288 0
J N 6 26092 126 8 1 0 0
K 1 -21 45
K 1 0 45
K 0 0 43
K -1 0 45
K 6 0 45
K 0 0 59
K 0 -11 53
A D 12 96
J R 6 26144 42 2 2305 288 0
K 0 0 49
A D 12 96
J N 6 26189 126 8 4609 288 0
K 1 -21 45
K 1 0 45
K 0 0 43
K -1 0 45
K 6 0 45
K 0 0 59
K 0 -11 53
A D 12 96
J B 131 26247 1 82 6913 288 0
J N 6 26279 126 8 1 0 0
K 1 -21 45
K 1 0 45
K 0 0 43
K -1 0 45
K 6 0 45
K 0 0 59
K 0 -11 53
A D 12 96
J R 6 26331 42 2 2305 288 0
K 0 0 49
A D 12 96
J N 6 26387 94 4 4609 288 0
K -22 0 64
K 0 0 43
K 0 0 53
A D 12 96
J B 132 26445 1 82 6913 288 0
J N 6 26482 94 5 1 0 0
K -22 0 64
K 0 0 43
K 0 52 110
K 0 0 53
A D 12 96
J R 6 26534 42 2 2305 288 0
K 0 0 49
A D 12 96
J R 6 26579 42 2 4609 288 0
K 0 0 49
A D 12 96
J B 133 26630 1 82 6913 288 0
J S 4 26675 31 9 10 288 0
K 0 0 62
K 0 5 62
K 0 11 92
K 30 11 92
K 60 11 92
K 90 0 62
K 90 5 62
K 45 11 71
K 14 11 72
J B 143 26810 1 82 6913 1 0
J R 6 26842 42 2 1 0 0
K 0 0 49
A D 12 96
J R 6 26887 42 2 2305 288 0
K 0 0 49
A D 12 96
J R 5 26932 42 3 4609 288 0
K 0 21 49
K 6 0 50
A D 6 96
J N 5 26973 42 5 5761 144 0
K 0 0 43
K 0 -32 96
K 0 105 108
K 0 0 56
A D 6 96
J B 144 27014 1 82 6913 144 0
J N 5 27046 52 3 1 0 1 135
K 0 0 43
K 0 21 96
A D 6 96
J N 5 27081 63 3 1153 144 1 135
K 0 0 43
K 0 31 96
A D 6 96
J N 5 27116 73 3 2305 144 1 135
K 0 0 43
K 0 26 96
A D 6 96
H 135 B 0 0 112 3 22 11 33
J R 5 27151 42 3 3457 144 0
K 0 21 49
K 6 0 50
A D 6 96
J R 6 27192 42 2 4609 144 0
K 0 0 49
A D 12 96
J B 145 27243 1 82 6913 288 0
J S 4 27288 31 8 2 288 0
K 0 0 62
K 0 5 62
K 0 11 92
K 30 11 92
K 60 11 92
K 90 0 62
K 90 5 62
K 30 11 73
J B 147 27423 1 82 6913 1 0
J R 6 27455 42 2 1 0 0
K 0 0 49
A D 12 96
J R 6 27500 42 2 2305 288 0
K 0 0 49
A D 12 96
J N 5 27556 84 6 4609 288 1 136
K -22 0 64
K 0 0 43
K 36 -9 44
K 0 52 110
K 30 52 110
A D 9 96
J N 4 27598 63 2 6337 216 1 136
K 0 0 43
A D 3 96
H 136 B 0 0 112 2 22 533
J B 148 27639 1 82 6913 72 0
J N 6 27676 31 12 1 0 1 137
K 1 74 45
K 1 95 45
K -22 53 64
K 0 0 43
K 0 53 43
K 0 105 43
K 0 95 45
K 2 95 45
K 0 105 59
K 0 63 59
K 0 21 59
A D 12 96
J N 6 27721 31 11 2305 288 1 137
K 1 74 45
K 1 95 45
K 0 0 43
K 0 53 43
K 0 105 43
K 0 95 45
K 2 95 45
K 0 105 59
K 0 63 59
K 0 21 59
A D 12 96
J N 6 27783 42 13 4609 288 1 137
K 1 63 45
K 1 84 45
K -22 0 64
K -22 52 64
K 0 0 43
K 0 52 43
K 0 94 43
K 0 84 45
K 2 84 45
K 0 94 59
K 0 52 59
K 0 10 59
A D 12 96
H 137 B 0 0 112 3 2 1 3
J B 149 27834 1 82 6913 288 0
J N 7 27871 31 15 1 0 1 138
K 1 74 45
K 1 95 45
K -22 53 64
K 0 0 43
K 38 0 44
K 0 53 43
K 0 105 43
K 0 95 45
K 2 95 45
K 0 105 59
K 0 63 59
K 0 21 59
K 0 0 59
K 0 -21 59
A D 36 96
J B 150 27958 1 82 6913 864 0
J N 7 27990 31 4 1 0 1 138
K 0 0 43
K 0 0 60
K 0 32 60
A D 24 96
H 138 T 31 0 0 0 0 0 3 0
J N 5 28053 84 4 4609 576 1 139
K -22 0 64
K 0 0 43
K 36 -9 44
A D 9 96
J N 4 28115 42 3 6337 216 1 139
K -22 0 64
K 0 0 43
A D 3 96
H 139 B 0 0 112 2 22 533
J B 151 28156 1 82 6913 72 0
J N 6 28193 31 12 1 0 1 140
K 1 74 45
K 1 95 45
K -22 53 64
K 0 0 43
K 0 53 43
K 0 105 43
K 0 95 45
K 2 95 45
K 0 105 59
K 0 63 59
K 0 21 59
A D 12 96
J N 6 28238 31 11 2305 288 1 140
K 1 74 45
K 1 95 45
K 0 0 43
K 0 53 43
K 0 105 43
K 0 95 45
K 2 95 45
K 0 105 59
K 0 63 59
K 0 21 59
A D 12 96
J N 6 28300 21 12 4609 288 1 140
K 1 84 45
K 1 105 45
K -22 0 64
K 0 0 43
K 0 52 43
K 0 115 43
K 0 105 45
K 2 105 45
K 0 115 59
K 0 73 59
K 0 31 59
A D 12 96
H 140 B 0 0 112 3 2 1 3
J B 152 28351 1 82 6913 288 0
J N 7 28388 10 15 1 0 1 141
K 1 95 45
K 1 116 45
K -22 0 64
K 0 0 43
K 38 0 44
K 0 53 43
K 0 126 43
K 0 116 45
K 2 116 45
K 0 126 59
K 0 84 59
K 0 42 59
K 0 0 59
K 0 -21 59
A D 36 96
J B 153 28475 1 82 6913 864 0
J N 7 28512 10 5 1 0 1 141
k -22 0 64
K 0 0 43
K 0 0 60
K 0 32 60
A D 24 96
H 141 T 10 0 0 0 0 0 3 0
J N 5 28575 31 3 4609 576 1 142
K 0 0 43
K 38 0 44
A D 9 96
J N 4 28655 21 3 6337 216 1 142
K -22 0 64
K 0 0 43
A D 3 96
H 142 B 1 0 112 2 22 533
J B 154 28696 1 82 6913 72 0
J N 7 28733 10 14 1 0 0
K 1 95 45
K 1 116 45
K -22 0 64
K 0 0 43
K 0 53 43
K 0 126 43
K 0 116 45
K 2 116 45
K 0 126 59
K 0 84 59
K 0 42 59
K 0 0 59
K 0 -21 59
A D 24 96
J N 5 28796 31 3 4609 576 1 143
K 0 0 43
K 38 0 44
A D 9 96
J N 4 28876 21 3 6337 216 1 143
K -22 0 64
K 0 0 43
A D 3 96
H 143 B 1 0 112 2 22 533
J B 155 28917 1 82 6913 72 0
J N 7 28954 10 14 1 0 0
K 1 95 45
K 1 116 45
K -22 0 64
K 0 0 43
K 0 53 43
K 0 126 43
K 0 116 45
K 2 116 45
K 0 126 59
K 0 84 59
K 0 42 59
K 0 0 59
K 0 -21 59
A D 24 96
J N 5 29017 31 3 4609 576 1 144
K 0 0 43
K 38 0 44
A D 9 96
J N 4 29097 21 3 6337 216 1 144
K -22 0 64
K 0 0 43
A D 3 96
H 144 B 1 0 112 2 22 533
J B 156 29138 1 82 6913 72 0
J N 7 29175 10 14 1 0 0
K 1 95 45
K 1 116 45
K -22 0 64
K 0 0 43
K 0 53 43
K 0 126 43
K 0 116 45
K 2 116 45
K 0 126 59
K 0 84 59
K 0 42 59
K 0 0 59
K 0 -21 59
A D 24 96
J R 6 29238 42 2 4609 576 0
K 0 0 49
A D 12 96
J B 157 29289 1 82 6913 288 0
J S 6 29360 42 46 0 0 0
J B 158 29471 1 82 6913 1 0
J D 0 29503 0 1 1 0 0
W 0 -52 31 pizz.
J N 6 29504 84 12 1 0 0
K 1 21 45
K 1 42 45
K -22 0 64
K 0 0 43
K 0 52 43
K 0 42 45
K 2 42 45
K 0 104 108
K 0 52 59
K 0 10 59
K 0 0 53
A D 12 96
J R 6 29556 42 2 2305 288 0
K 0 0 49
A D 12 96
J R 6 29601 42 2 4609 288 0
K 0 0 49
A D 12 96
J B 159 29652 1 82 6913 288 0
J N 6 29684 73 10 1 0 0
K 1 32 45
K 1 53 45
K 0 0 43
K 0 53 43
K -1 53 45
K 6 53 45
K 0 53 59
K 0 11 59
K 0 0 53
A D 12 96
J R 6 29736 42 2 2305 288 0
K 0 0 49
A D 12 96
J R 6 29781 42 2 4609 288 0
K 0 0 49
A D 12 96
J B 160 29832 1 82 6913 288 0
J N 6 29864 63 9 1 0 0
K 1 42 45
K 0 0 43
K 0 52 43
K 0 42 45
K 2 42 45
K 0 52 59
K 0 10 59
K 0 0 53
A D 12 96
J R 6 29916 42 2 2305 288 0
K 0 0 49
A D 12 96
J R 6 29961 42 2 4609 288 0
K 0 0 49
A D 12 96
J B 161 30012 1 82 6913 288 0
J S 4 30057 31 8 5 288 0
K 0 0 62
K 0 5 62
K 0 11 92
K 30 11 92
K 60 11 92
K 90 0 62
K 90 5 62
K 30 11 76
J B 166 30192 1 82 6913 1 0
J R 6 30224 42 2 1 0 0
K 0 0 49
A D 12 96
J R 6 30269 42 2 2305 288 0
K 0 0 49
A D 12 96
J D 0 30314 0 1 4609 288 0
W 0 -52 31 pizz.
J N 6 30320 105 7 4609 0 0
K 1 0 45
K -23 0 65
K 0 0 43
K -1 0 45
K 6 0 45
K 0 0 53
A D 12 96
J B 167 30378 1 82 6913 288 0
J N 6 30416 105 6 1 0 1 145
K 1 0 45
K -23 0 65
K 0 0 43
K -1 0 45
K 6 0 45
A D 12 96
J N 6 30461 105 5 2305 288 1 145
K 1 0 45
K 0 0 43
K -1 0 45
K 6 0 45
A D 12 96
J N 6 30506 105 5 4609 288 1 145
K 1 0 45
K 0 0 43
K -1 0 45
K 6 0 45
A D 12 96
H 145 B 0 0 112 3 2 1 3
J B 168 30557 1 82 6913 288 0
J N 6 30589 115 5 1 0 1 146
K 1 -10 45
K 0 0 43
K 0 -10 45
K 2 -10 45
A D 12 96
J N 6 30634 115 5 2305 288 1 146
K 1 -10 45
K 0 0 43
K 0 -10 45
K 2 -10 45
A D 12 96
J N 6 30679 115 5 4609 288 1 146
K 1 -10 45
K 0 0 43
K 0 -10 45
K 2 -10 45
A D 12 96
H 146 B 0 0 112 3 2 1 3
J B 169 30730 1 82 6913 288 0
J N 6 30768 105 6 1 0 1 147
K 1 0 45
K -23 0 65
K 0 0 43
K -1 0 45
K 6 0 45
A D 12 96
J N 6 30813 105 5 2305 288 1 147
K 1 0 45
K 0 0 43
K -1 0 45
K 6 0 45
A D 12 96
J N 6 30858 105 5 4609 288 1 147
K 1 0 45
K 0 0 43
K -1 0 45
K 6 0 45
A D 12 96
H 147 B 0 0 112 3 2 1 3
J B 170 30909 1 82 6913 288 0
J N 6 30947 94 3 1 0 1 148
K -23 0 65
K 0 0 43
A D 12 96
J N 6 30992 94 2 2305 288 1 148
K 0 0 43
A D 12 96
J N 6 31037 94 2 4609 288 1 148
K 0 0 43
A D 12 96
H 148 B 0 0 112 3 2 1 3
J B 171 31088 1 82 6913 288 0
J N 6 31120 84 2 1 0 1 149
K 0 0 43
A D 12 96
J N 6 31165 84 2 2305 288 1 149
K 0 0 43
A D 12 96
J N 6 31210 84 2 4609 288 1 149
K 0 0 43
A D 12 96
H 149 B 0 0 112 3 2 1 3
J B 172 31261 1 82 6913 288 0
J N 6 31299 94 3 1 0 1 150
K -23 0 65
K 0 0 43
A D 12 96
J N 6 31344 94 2 2305 288 1 150
K 0 0 43
A D 12 96
J N 6 31389 94 2 4609 288 1 150
K 0 0 43
A D 12 96
H 150 B 0 0 112 3 2 1 3
J B 173 31440 1 82 6913 288 0
J N 6 31478 105 6 1 0 1 151
K 1 0 45
K -23 0 65
K 0 0 43
K -1 0 45
K 6 0 45
A D 12 96
J N 6 31523 105 5 2305 288 1 151
K 1 0 45
K 0 0 43
K -1 0 45
K 6 0 45
A D 12 96
J N 6 31568 105 5 4609 288 1 151
K 1 0 45
K 0 0 43
K -1 0 45
K 6 0 45
A D 12 96
H 151 B 0 0 112 3 2 1 3
J B 174 31619 1 82 6913 288 0
J N 6 31651 115 5 1 0 1 152
K 1 -10 45
K 0 0 43
K 0 -10 45
K 2 -10 45
A D 12 96
J D 0 31696 0 1 2305 288 0
W 0 168 33 cresc.
J N 5 31696 115 5 2305 0 1 152
K 1 -10 45
K 0 0 43
K 0 -10 45
K 2 -10 45
A D 6 96
J N 5 31759 105 6 3457 144 1 152
K 1 0 45
K -23 0 65
K 0 0 43
K -1 0 45
K 6 0 45
A D 6 96
J N 5 31799 105 5 4609 144 1 152
K 1 0 45
K 0 0 43
K -1 0 45
K 6 0 45
A D 6 96
J N 5 31839 105 5 5761 144 1 152
K 1 0 45
K 0 0 43
K -1 0 45
K 6 0 45
A D 6 96
H 152 B 0 0 112 5 2 21 11 11 33
J B 175 31880 1 82 6913 144 0
J N 6 31912 115 5 1 0 1 153
K 1 -10 45
K 0 0 43
K 0 -10 45
K 2 -10 45
A D 12 96
J N 5 31957 115 5 2305 288 1 153
K 1 -10 45
K 0 0 43
K 0 -10 45
K 2 -10 45
A D 6 96
J N 5 32020 105 6 3457 144 1 153
K 1 0 45
K -23 0 65
K 0 0 43
K -1 0 45
K 6 0 45
A D 6 96
J N 5 32060 105 5 4609 144 1 153
K 1 0 45
K 0 0 43
K -1 0 45
K 6 0 45
A D 6 96
J N 5 32100 105 5 5761 144 1 153
K 1 0 45
K 0 0 43
K -1 0 45
K 6 0 45
A D 6 96
H 153 B 0 0 112 5 2 21 11 11 33
J B 176 32141 1 82 6913 144 0
J N 5 32173 115 7 1 0 1 154
K 1 -10 45
K 0 0 43
K 0 -10 45
K 2 -10 45
K 0 26 96
K 0 78 110
A D 6 96
J N 5 32213 84 10 1153 144 1 154
K 1 21 45
K 1 42 45
K 0 0 43
K 0 52 43
K 0 42 45
K 2 42 45
K 0 78 96
K 0 52 59
K 0 10 59
A D 6 96
H 154 B 0 0 112 2 22 33
J R 6 32248 42 2 2305 144 0
K 0 0 49
A D 12 96
J R 6 32293 42 2 4609 288 0
K 0 0 49
A D 12 96
J B 177 32344 1 82 6913 288 0
J S 4 32389 31 8 2 288 0
K 0 0 62
K 0 5 62
K 0 11 92
K 30 11 92
K 60 11 92
K 90 0 62
K 90 5 62
K 30 11 73
J B 179 32524 1 82 6913 1 0
J R 6 32556 42 2 1 0 0
K 0 0 49
A D 12 96
J D 0 32601 0 1 2305 288 0
W 0 -52 31 arco
J D 0 32601 0 1 2305 0 0
W 0 168 31 !1p !33dolce
J N 5 32601 105 5 2305 0 2 155 156
K 1 0 45
K 0 0 43
K -1 0 45
K 6 0 45
A D 6 96
J N 5 32641 94 2 3457 144 1 156
K 0 0 43
A D 6 96
J N 5 32681 84 2 4609 144 1 156
K 0 0 43
A D 6 96
J N 5 32721 73 2 5761 144 2 156 155
K 0 0 43
A D 6 96
H 156 B 0 0 112 4 22 11 11 33
H 155 S 12 0 0 0 0 0 0 0 0
J B 180 32762 1 82 6913 144 0
J N 5 32800 126 7 1 0 2 157 158
K 1 -21 45
K 1 0 45
K -22 0 64
K 0 0 43
K -1 0 45
K 6 0 45
A D 6 96
J N 5 32840 115 5 1153 144 1 158
K 1 -10 45
K 0 0 43
K 0 -10 45
K 2 -10 45
A D 6 96
J N 5 32880 105 5 2305 144 1 158
K 1 0 45
K 0 0 43
K -1 0 45
K 6 0 45
A D 6 96
J N 5 32920 94 2 3457 144 2 158 157
K 0 0 43
A D 6 96
H 158 B 0 0 112 4 22 11 11 33
H 157 S 12 0 0 0 0 0 0 0 0
J R 6 32955 42 2 4609 144 0
K 0 0 49
A D 12 96
J B 181 33006 1 82 6913 288 0
J S 6 33077 42 46 0 0 0
J B 182 33188 1 82 6913 1 0
J R 6 33220 42 2 1 0 0
K 0 0 49
A D 12 96
J R 6 33265 42 2 2305 288 0
K 0 0 49
A D 12 96
J R 4 33310 42 4 4609 288 0
K 0 21 49
K 6 0 50
K 12 -21 50
A D 3 96
J D 0 33357 0 1 5185 72 1 159
W 0 168 33 cresc.
J N 4 33357 84 2 5185 0 2 160 161
K 0 0 43
A D 3 96
J N 4 33397 73 2 5761 72 1 161
K 0 0 43
A D 3 96
J N 4 33437 63 2 6337 72 1 161
K 0 0 43
A D 3 96
H 161 B 0 0 112 3 222 111 333
J B 183 33478 1 82 6913 72 0
J N 4 33510 52 2 1 0 1 162
K 0 0 43
A D 3 96
J N 4 33550 42 2 577 72 1 162
K 0 0 43
A D 3 96
J N 4 33590 31 2 1153 72 1 162
K 0 0 43
A D 3 96
J N 4 33630 21 2 1729 72 1 162
K 0 0 43
A D 3 96
H 162 B 1 0 112 4 222 111 111 333
J N 6 33670 10 4 2305 72 1 160
K 0 0 43
K 38 0 44
K 0 0 54
A D 18 96
H 160 S 0 9 -89 0 0 0 0 0 0
J R 5 33725 42 3 5761 432 0
K 0 21 49
K 6 0 50
A D 6 96
J B 184 33772 1 82 6913 144 0
J R 5 33804 42 3 1 0 0
K 0 21 49
K 6 0 50
A D 6 96
J N 6 33845 10 2 1153 144 1 163
K 0 0 43
A D 12 96
J N 6 33890 10 2 3457 288 2 164 163
K 0 0 43
A D 12 96
J N 5 33935 21 2 5761 288 2 163 164
K 0 0 43
A D 6 96
H 163 B 1 0 112 3 2 1 53
H 164 S 0 0 0 0 0 0 0 0 0
J B 185 33976 1 82 6913 144 0
J S 0 34008 168 2 1 0 1 159
K 0 0 110
K 30 0 110
H 159 D 110 -52 168 0 33
J N 6 34008 31 5 1 0 1 165
K 0 0 43
K 0 53 43
K 0 53 59
K 0 11 59
A D 12 96
J N 5 34053 31 3 2305 288 2 166 165
K 0 0 43
K 38 0 44
A D 9 96
J N 4 34111 42 2 4033 216 1 165
K 0 0 43
A D 3 96
J N 5 34146 52 3 4609 72 1 165
K 0 0 43
K 38 0 44
A D 9 96
J N 4 34188 31 2 6337 216 2 165 166
K 0 0 43
A D 3 96
H 165 B 0 0 112 5 2 21 511 11 533
H 166 S 12 0 12 0 12 0 0 0 0
J B 186 34229 1 82 6913 72 0
J N 6 34261 73 2 1 0 2 167 168
K 0 0 43
A D 12 96
J N 5 34306 73 3 2305 288 3 169 168 167
K 0 0 43
K 38 0 44
A D 9 96
H 167 T 73 0 0 0 0 0 9 0
J N 4 34375 52 3 4033 216 1 168
K -22 0 64
K 0 0 43
A D 3 96
J N 5 34415 42 3 4609 72 1 168
K 0 0 43
K 36 -9 44
A D 9 96
J N 4 34457 31 2 6337 216 2 168 169
K 0 0 43
A D 3 96
H 168 B 0 0 112 5 2 21 511 11 533
H 169 S 12 0 0 0 0 0 0 0 0
J B 187 34498 1 82 6913 72 0
J N 5 34530 21 3 1 0 2 170 171
K 0 0 43
K 36 -9 44
A D 9 96
J N 4 34586 31 2 1729 216 1 171
K 0 0 43
A D 3 96
J N 5 34621 42 3 2305 72 1 171
K 0 0 43
K 36 -9 44
A D 9 96
J N 4 34677 21 2 4033 216 1 171
K 0 0 43
A D 3 96
J N 5 34712 63 3 4609 72 1 171
K 0 0 43
K 36 -9 44
A D 9 96
J N 4 34768 42 2 6337 216 2 171 170
K 0 0 43
A D 3 96
H 171 B 1 0 112 6 22 511 11 511 11 533
H 170 S 0 0 0 0 0 0 0 0 0
J B 188 34809 1 82 6913 72 0
J N 5 34846 84 4 1 0 2 172 173
K -22 0 64
K 0 0 43
K 36 -9 44
A D 9 96
J N 4 34888 63 2 1729 216 2 173 172
K 0 0 43
A D 3 96
H 173 B 0 0 112 2 22 533
H 172 S 12 0 0 0 0 0 0 0 0
J N 6 34928 31 2 2305 72 2 174 175
K 0 0 43
A D 12 96
J N 5 34973 31 3 4609 288 2 175 174
K 0 0 43
K 38 0 44
A D 9 96
H 174 T 31 0 0 0 0 0 1 0
J N 4 35031 42 2 6337 216 1 175
K 0 0 43
A D 3 96
H 175 B 1 0 112 3 2 21 533
J B 189 35072 1 82 6913 72 0
J N 5 35109 52 4 1 0 2 176 177
K -22 0 64
K 0 0 43
K 38 0 44
A D 9 96
J N 4 35151 73 2 1729 216 2 177 176
K 0 0 43
A D 3 96
H 177 B 0 0 112 2 22 533
H 176 S 12 0 0 0 0 0 0 0 0
J N 6 35191 42 3 2305 72 2 178 179
K 0 0 43
K 36 -9 44
A D 18 96
J N 5 35247 21 2 5761 432 2 179 178
K 0 0 43
A D 6 96
H 179 B 1 0 112 2 2 53
H 178 S 0 0 0 0 0 0 0 0 0
J B 190 35288 1 82 6913 144 0
J N 5 35320 63 3 1 0 2 180 181
K 0 0 43
K 36 -9 44
A D 9 96
J N 4 35362 84 2 1729 216 2 181 180
K 0 0 43
A D 3 96
H 181 B 0 0 112 2 22 533
H 180 S 12 0 0 0 0 0 0 0 0
J N 6 35425 52 3 2305 72 1 182
K -23 0 65
K 0 0 43
A D 12 96
J N 5 35470 52 3 4609 288 2 183 182
K 0 0 43
K 38 0 44
A D 9 96
J N 4 35512 31 2 6337 216 2 182 183
K 0 0 43
A D 3 96
H 182 B 0 0 112 3 2 21 533
H 183 S 12 0 0 0 0 0 0 0 0
J B 191 35553 1 82 6913 72 0
J N 7 35585 10 7 1 0 0
K 0 0 43
K 38 0 44
K 0 126 111
K 18 126 110
K 0 0 60
K 0 32 60
A D 36 96
J B 192 35672 1 82 6913 864 0
J N 4 35704 31 4 1 0 0
K 0 0 43
K 0 0 55
K 0 -21 57
A D 3 96
J N 4 35745 84 7 577 72 1 184
K 1 21 45
K 0 0 43
K 0 21 43
K -1 21 45
K 6 21 45
K 0 21 59
A D 3 96
J N 4 35785 84 7 1153 72 1 184
K 1 21 45
K 0 0 43
K 0 21 43
K -1 21 45
K 6 21 45
K 0 21 59
A D 3 96
J N 4 35825 84 7 1729 72 1 184
K 1 21 45
K 0 0 43
K 0 21 43
K -1 21 45
K 6 21 45
K 0 21 59
A D 3 96
H 184 B 0 0 112 3 222 111 333
J N 4 35865 84 7 2305 72 1 185
K 1 21 45
K 0 0 43
K 0 21 43
K -1 21 45
K 6 21 45
K 0 21 59
A D 3 96
J N 4 35905 84 7 2881 72 1 185
K 1 21 45
K 0 0 43
K 0 21 43
K -1 21 45
K 6 21 45
K 0 21 59
A D 3 96
J N 4 35945 84 7 3457 72 1 185
K 1 21 45
K 0 0 43
K 0 21 43
K -1 21 45
K 6 21 45
K 0 21 59
A D 3 96
J N 4 35985 84 7 4033 72 1 185
K 1 21 45
K 0 0 43
K 0 21 43
K -1 21 45
K 6 21 45
K 0 21 59
A D 3 96
H 185 B 0 0 112 4 222 111 111 333
J N 4 36025 84 7 4609 72 1 186
K 1 21 45
K 0 0 43
K 0 21 43
K -1 21 45
K 6 21 45
K 0 21 59
A D 3 96
J N 4 36065 84 7 5185 72 1 186
K 1 21 45
K 0 0 43
K 0 21 43
K -1 21 45
K 6 21 45
K 0 21 59
A D 3 96
J N 4 36105 84 7 5761 72 1 186
K 1 21 45
K 0 0 43
K 0 21 43
K -1 21 45
K 6 21 45
K 0 21 59
A D 3 96
J N 4 36145 84 7 6337 72 1 186
K 1 21 45
K 0 0 43
K 0 21 43
K -1 21 45
K 6 21 45
K 0 21 59
A D 3 96
H 186 B 0 0 112 4 222 111 111 333
J B 193 36186 1 82 6913 72 0
J N 4 36218 84 7 1 0 1 187
K 1 21 45
K 0 0 43
K 0 31 43
K 0 21 45
K 2 21 45
K 0 31 59
A D 3 96
J N 4 36258 84 7 577 72 1 187
K 1 21 45
K 0 0 43
K 0 31 43
K 0 21 45
K 2 21 45
K 0 31 59
A D 3 96
J N 4 36298 84 7 1153 72 1 187
K 1 21 45
K 0 0 43
K 0 31 43
K 0 21 45
K 2 21 45
K 0 31 59
A D 3 96
J N 4 36338 84 7 1729 72 1 187
K 1 21 45
K 0 0 43
K 0 31 43
K 0 21 45
K 2 21 45
K 0 31 59
A D 3 96
H 187 B 0 0 112 4 222 111 111 333
J N 4 36378 84 7 2305 72 1 188
K 1 21 45
K 0 0 43
K 0 31 43
K 0 21 45
K 2 21 45
K 0 31 59
A D 3 96
J N 4 36418 84 7 2881 72 1 188
K 1 21 45
K 0 0 43
K 0 31 43
K 0 21 45
K 2 21 45
K 0 31 59
A D 3 96
J N 4 36458 84 7 3457 72 1 188
K 1 21 45
K 0 0 43
K 0 31 43
K 0 21 45
K 2 21 45
K 0 31 59
A D 3 96
J N 4 36498 84 7 4033 72 1 188
K 1 21 45
K 0 0 43
K 0 31 43
K 0 21 45
K 2 21 45
K 0 31 59
A D 3 96
H 188 B 0 0 112 4 222 111 111 333
J N 4 36538 84 7 4609 72 1 189
K 1 21 45
K 0 0 43
K 0 31 43
K 0 21 45
K 2 21 45
K 0 31 59
A D 3 96
J N 4 36578 84 7 5185 72 1 189
K 1 21 45
K 0 0 43
K 0 31 43
K 0 21 45
K 2 21 45
K 0 31 59
A D 3 96
J N 4 36618 84 7 5761 72 1 189
K 1 21 45
K 0 0 43
K 0 31 43
K 0 21 45
K 2 21 45
K 0 31 59
A D 3 96
J N 4 36658 84 7 6337 72 1 189
K 1 21 45
K 0 0 43
K 0 31 43
K 0 21 45
K 2 21 45
K 0 31 59
A D 3 96
H 189 B 0 0 112 4 222 111 111 333
J B 194 36699 1 82 6913 72 0
J N 4 36731 84 7 1 0 1 190
K 1 21 45
K 0 0 43
K 0 21 43
K -1 21 45
K 6 21 45
K 0 21 59
A D 3 96
J N 4 36766 126 6 577 72 1 190
K 1 -21 45
K 1 0 45
K 0 0 43
K -1 0 45
K 6 0 45
A D 3 96
J N 4 36806 115 5 1153 72 1 190
K 1 -10 45
K 0 0 43
K 0 -10 45
K 2 -10 45
A D 3 96
J N 4 36846 105 5 1729 72 1 190
K 1 0 45
K 0 0 43
K -1 0 45
K 6 0 45
A D 3 96
H 190 B 0 0 112 4 222 111 111 333
J N 4 36886 94 2 2305 72 1 191
K 0 0 43
A D 3 96
J N 4 36926 84 2 2881 72 1 191
K 0 0 43
A D 3 96
J N 4 36966 73 2 3457 72 1 191
K 0 0 43
A D 3 96
J N 4 37006 63 2 4033 72 1 191
K 0 0 43
A D 3 96
H 191 B 0 0 112 4 222 111 111 333
J N 4 37046 52 2 4609 72 1 192
K 0 0 43
A D 3 96
J N 4 37086 42 2 5185 72 1 192
K 0 0 43
A D 3 96
J N 4 37126 31 2 5761 72 1 192
K 0 0 43
A D 3 96
J N 4 37166 21 2 6337 72 1 192
K 0 0 43
A D 3 96
H 192 B 1 0 112 4 222 111 111 333
J B 195 37207 1 82 6913 72 0
J N 6 37239 10 3 1 0 0
K 0 0 43
K 0 0 54
A D 12 96
J R 6 37284 42 2 2305 288 0
K 0 0 49
A D 12 96
J R 6 37329 42 2 4609 288 0
K 0 0 49
A D 12 96
J B 196 37380 1 82 6913 288 0
J S 4 37425 31 8 4 288 0
K 0 0 62
K 0 5 62
K 0 11 92
K 30 11 92
K 60 11 92
K 90 0 62
K 90 5 62
K 30 11 75
J B 200 37560 1 82 6913 1 0
J N 7 37592 52 14 1 0 0
K 1 53 45
K 1 74 45
K 0 0 43
K 38 0 44
K 0 74 43
K -1 74 45
K 6 74 45
K 36 65 44
K 0 126 108
K 0 74 59
K 0 32 59
K 0 0 59
K 0 -31 59
A D 36 96
J B 201 37679 1 82 6913 864 0
J N 7 37711 84 5 1 0 0
K 0 0 43
K 36 -9 44
K 0 0 59
K 0 -32 59
A D 36 96
J B 202 37798 1 82 6913 864 0
J N 6 37830 84 4 1 0 1 193
K 28 0 43
K 0 10 43
K 0 10 59
A D 12 96
J N 6 37902 84 4 2305 288 1 193
K 28 0 43
K 0 10 43
K 0 10 59
A D 12 96
J N 6 37974 84 4 4609 288 1 193
K 28 0 43
K 0 10 43
K 0 10 59
A D 12 96
H 193 B 0 0 112 3 2 1 3
J B 203 38047 1 82 6913 288 0
J N 6 38079 84 8 1 0 0
K 1 21 45
K 0 0 43
K 0 21 43
K -1 21 45
K 6 21 45
K 0 21 59
K 0 0 53
A D 12 96
J R 6 38131 42 2 2305 288 0
K 0 0 49
A D 12 96
J N 6 38176 94 3 4609 288 1 194
K 0 0 43
K 0 0 53
A D 12 96
J B 204 38234 1 82 6913 288 0
J N 6 38266 105 6 1 0 1 194
K 1 0 45
K 0 0 43
K -1 0 45
K 6 0 45
K 0 0 53
A D 12 96
H 194 S 12 0 0 0 0 0 0 0 0
J R 6 38318 42 2 2305 288 0
K 0 0 49
A D 12 96
J N 5 38363 115 5 4609 288 3 195 196 197
K 1 -10 45
K 0 0 43
K 0 -10 45
K 2 -10 45
A D 4 96
J N 5 38398 126 6 5377 96 1 197
K 1 -21 45
K 1 0 45
K 0 0 43
K -1 0 45
K 6 0 45
A D 4 96
J N 5 38438 115 5 6145 96 3 197 195 196
K 1 -10 45
K 0 0 43
K 0 -10 45
K 2 -10 45
A D 4 96
H 196 X 9 3 0 0 0 0 197
H 197 B 0 0 112 3 22 11 33
H 195 S 12 0 21 0 21 0 0 0 0
J B 205 38479 1 82 6913 96 0
J D 5 38511 -60 1 1 0 0
W 0 0 37 Pi\8u moto
J N 5 38511 126 8 1 0 1 198
K 1 -21 45
K 1 0 45
K 0 0 43
K -1 0 45
K 6 0 45
K 0 52 108
K 34 52 108
A D 6 96
J N 5 38551 84 2 1153 144 1 198
K 0 0 43
A D 6 96
H 198 B 0 0 112 2 22 33
J R 5 38586 42 3 2305 144 0
K 0 21 49
K 6 0 50
A D 6 96
J N 5 38627 84 3 3457 144 0
K 0 0 43
K 0 0 55
A D 6 96
J R 5 38679 42 3 4609 144 0
K 0 21 49
K 6 0 50
A D 6 96
J N 5 38720 84 3 5761 144 0
K 0 0 43
K 0 0 55
A D 6 96
J B 206 38778 1 82 6913 144 0
J R 5 38810 42 3 1 0 0
K 0 21 49
K 6 0 50
A D 6 96
J N 5 38851 84 3 1153 144 0
K 0 0 43
K 0 0 55
A D 6 96
J R 5 38903 42 3 2305 144 0
K 0 21 49
K 6 0 50
A D 6 96
J N 5 38944 84 3 3457 144 0
K 0 0 43
K 0 0 55
A D 6 96
J R 5 38996 42 3 4609 144 0
K 0 21 49
K 6 0 50
A D 6 96
J N 5 39037 84 3 5761 144 0
K 0 0 43
K 0 0 55
A D 6 96
J B 207 39095 1 82 6913 144 0
J R 5 39127 42 3 1 0 0
K 0 21 49
K 6 0 50
A D 6 96
J N 5 39168 73 3 1153 144 0
K 0 0 43
K 0 0 55
A D 6 96
J R 5 39220 42 3 2305 144 0
K 0 21 49
K 6 0 50
A D 6 96
J N 5 39261 73 3 3457 144 0
K 0 0 43
K 0 0 55
A D 6 96
J R 5 39313 42 3 4609 144 0
K 0 21 49
K 6 0 50
A D 6 96
J N 5 39354 73 3 5761 144 0
K 0 0 43
K 0 0 55
A D 6 96
J B 208 39412 1 82 6913 144 0
J R 5 39444 42 3 1 0 0
K 0 21 49
K 6 0 50
A D 6 96
J N 5 39507 73 4 1153 144 0
K -23 0 65
K 0 0 43
K 0 0 55
A D 6 96
J R 5 39559 42 3 2305 144 0
K 0 21 49
K 6 0 50
A D 6 96
J N 5 39600 73 3 3457 144 0
K 0 0 43
K 0 0 55
A D 6 96
J R 5 39652 42 3 4609 144 0
K 0 21 49
K 6 0 50
A D 6 96
J N 5 39693 73 3 5761 144 0
K 0 0 43
K 0 0 55
A D 6 96
J B 209 39751 1 82 6913 144 0
J R 5 39783 42 3 1 0 0
K 0 21 49
K 6 0 50
A D 6 96
J N 5 39824 84 3 1153 144 0
K 0 0 43
K 0 0 55
A D 6 96
J R 5 39876 42 3 2305 144 0
K 0 21 49
K 6 0 50
A D 6 96
J N 5 39917 84 3 3457 144 0
K 0 0 43
K 0 0 55
A D 6 96
J R 5 39969 42 3 4609 144 0
K 0 21 49
K 6 0 50
A D 6 96
J N 5 40010 84 8 5761 144 0
K 1 21 45
K 0 0 43
K 0 21 43
K -1 21 45
K 6 21 45
K 0 21 59
K 0 0 55
A D 6 96
J B 210 40068 1 82 6913 144 0
J R 5 40100 42 3 1 0 0
K 0 21 49
K 6 0 50
A D 6 96
J N 5 40141 84 8 1153 144 0
K 1 21 45
K 0 0 43
K 0 21 43
K -1 21 45
K 6 21 45
K 0 21 59
K 0 0 55
A D 6 96
J R 5 40193 42 3 2305 144 0
K 0 21 49
K 6 0 50
A D 6 96
J N 5 40234 84 8 3457 144 0
K 1 21 45
K 0 0 43
K 0 21 43
K -1 21 45
K 6 21 45
K 0 21 59
K 0 0 55
A D 6 96
J R 5 40286 42 3 4609 144 0
K 0 21 49
K 6 0 50
A D 6 96
J N 5 40327 84 8 5761 144 0
K 1 21 45
K 0 0 43
K 0 21 43
K -1 21 45
K 6 21 45
K 0 21 59
K 0 0 55
A D 6 96
J B 211 40385 1 82 6913 144 0
J R 5 40417 42 3 1 0 0
K 0 21 49
K 6 0 50
A D 6 96
J N 5 40458 73 5 1153 144 0
K 0 0 43
K 0 21 43
K 0 21 59
K 0 0 55
A D 6 96
J R 5 40510 42 3 2305 144 0
K 0 21 49
K 6 0 50
A D 6 96
J N 5 40551 73 5 3457 144 0
K 0 0 43
K 0 21 43
K 0 21 59
K 0 0 55
A D 6 96
J R 5 40603 42 3 4609 144 0
K 0 21 49
K 6 0 50
A D 6 96
J N 5 40644 73 5 5761 144 0
K 0 0 43
K 0 21 43
K 0 21 59
K 0 0 55
A D 6 96
J B 212 40702 1 82 6913 144 0
J R 5 40734 42 3 1 0 0
K 0 21 49
K 6 0 50
A D 6 96
J N 5 40775 94 3 1153 144 0
K 0 0 43
K 0 0 55
A D 6 96
J R 5 40827 42 3 2305 144 0
K 0 21 49
K 6 0 50
A D 6 96
J N 5 40868 94 3 3457 144 0
K 0 0 43
K 0 0 55
A D 6 96
J R 5 40920 42 3 4609 144 0
K 0 21 49
K 6 0 50
A D 6 96
J N 5 40961 94 3 5761 144 0
K 0 0 43
K 0 0 55
A D 6 96
J B 213 41019 1 82 6913 144 0
J N 4 41051 105 5 1 0 1 199
K 1 0 45
K 0 0 43
K -1 0 45
K 6 0 45
A D 3 96
J N 4 41091 84 7 577 72 1 199
K 1 21 45
K 0 0 43
K 0 21 43
K -1 21 45
K 6 21 45
K 0 21 59
A D 3 96
J N 4 41131 84 7 1153 72 1 199
K 1 21 45
K 0 0 43
K 0 21 43
K -1 21 45
K 6 21 45
K 0 21 59
A D 3 96
J N 4 41171 84 7 1729 72 1 199
K 1 21 45
K 0 0 43
K 0 21 43
K -1 21 45
K 6 21 45
K 0 21 59
A D 3 96
H 199 B 0 0 112 4 222 111 111 333
J D 0 41206 0 1 2305 72 0
W 0 168 33 cresc.
J N 4 41211 84 7 2305 0 1 200
K 1 21 45
K 0 0 43
K 0 21 43
K -1 21 45
K 6 21 45
K 0 21 59
A D 3 96
J N 4 41251 84 7 2881 72 1 200
K 1 21 45
K 0 0 43
K 0 21 43
K -1 21 45
K 6 21 45
K 0 21 59
A D 3 96
J N 4 41291 84 7 3457 72 1 200
K 1 21 45
K 0 0 43
K 0 21 43
K -1 21 45
K 6 21 45
K 0 21 59
A D 3 96
J N 4 41331 84 7 4033 72 1 200
K 1 21 45
K 0 0 43
K 0 21 43
K -1 21 45
K 6 21 45
K 0 21 59
A D 3 96
H 200 B 0 0 112 4 222 111 111 333
J N 4 41371 84 7 4609 72 1 201
K 1 21 45
K 0 0 43
K 0 21 43
K -1 21 45
K 6 21 45
K 0 21 59
A D 3 96
J N 4 41411 84 7 5185 72 1 201
K 1 21 45
K 0 0 43
K 0 21 43
K -1 21 45
K 6 21 45
K 0 21 59
A D 3 96
J N 4 41451 84 7 5761 72 1 201
K 1 21 45
K 0 0 43
K 0 21 43
K -1 21 45
K 6 21 45
K 0 21 59
A D 3 96
J N 4 41491 84 7 6337 72 1 201
K 1 21 45
K 0 0 43
K 0 21 43
K -1 21 45
K 6 21 45
K 0 21 59
A D 3 96
H 201 B 0 0 112 4 222 111 111 333
J B 214 41532 1 82 6913 72 0
J N 4 41564 84 7 1 0 1 202
K 1 21 45
K 0 0 43
K 0 21 43
K -1 21 45
K 6 21 45
K 0 21 59
A D 3 96
J N 4 41604 84 7 577 72 1 202
K 1 21 45
K 0 0 43
K 0 21 43
K -1 21 45
K 6 21 45
K 0 21 59
A D 3 96
J N 4 41644 84 7 1153 72 1 202
K 1 21 45
K 0 0 43
K 0 21 43
K -1 21 45
K 6 21 45
K 0 21 59
A D 3 96
J N 4 41684 84 7 1729 72 1 202
K 1 21 45
K 0 0 43
K 0 21 43
K -1 21 45
K 6 21 45
K 0 21 59
A D 3 96
H 202 B 0 0 112 4 222 111 111 333
J N 4 41724 84 7 2305 72 1 203
K 1 21 45
K 0 0 43
K 0 21 43
K -1 21 45
K 6 21 45
K 0 21 59
A D 3 96
J N 4 41764 84 7 2881 72 1 203
K 1 21 45
K 0 0 43
K 0 21 43
K -1 21 45
K 6 21 45
K 0 21 59
A D 3 96
J N 4 41804 84 7 3457 72 1 203
K 1 21 45
K 0 0 43
K 0 21 43
K -1 21 45
K 6 21 45
K 0 21 59
A D 3 96
J N 4 41844 84 7 4033 72 1 203
K 1 21 45
K 0 0 43
K 0 21 43
K -1 21 45
K 6 21 45
K 0 21 59
A D 3 96
H 203 B 0 0 112 4 222 111 111 333
J N 4 41884 84 8 4609 72 1 204
K 1 21 45
K 0 0 43
K 0 31 43
K 0 21 45
K 2 21 45
K 0 83 110
K 0 31 59
A D 3 96
J N 4 41924 84 7 5185 72 1 204
K 1 21 45
K 0 0 43
K 0 31 43
K 0 21 45
K 2 21 45
K 0 31 59
A D 3 96
J N 4 41964 84 7 5761 72 1 204
K 1 21 45
K 0 0 43
K 0 31 43
K 0 21 45
K 2 21 45
K 0 31 59
A D 3 96
J N 4 42004 84 7 6337 72 1 204
K 1 21 45
K 0 0 43
K 0 31 43
K 0 21 45
K 2 21 45
K 0 31 59
A D 3 96
H 204 B 0 0 112 4 222 111 111 333
J B 215 42045 1 82 6913 72 0
J N 4 42077 84 7 1 0 1 205
K 1 21 45
K 0 0 43
K 0 21 43
K -1 21 45
K 6 21 45
K 0 21 59
A D 3 96
J N 4 42117 84 7 577 72 1 205
K 1 21 45
K 0 0 43
K 0 21 43
K -1 21 45
K 6 21 45
K 0 21 59
A D 3 96
J N 4 42157 84 7 1153 72 1 205
K 1 21 45
K 0 0 43
K 0 21 43
K -1 21 45
K 6 21 45
K 0 21 59
A D 3 96
J N 4 42197 84 7 1729 72 1 205
K 1 21 45
K 0 0 43
K 0 21 43
K -1 21 45
K 6 21 45
K 0 21 59
A D 3 96
H 205 B 0 0 112 4 222 111 111 333
J D 0 42232 0 1 2305 72 0
W 0 168 31 !1p !33cresc.
J N 4 42237 84 7 2305 0 1 206
K 1 21 45
K 0 0 43
K 0 21 43
K -1 21 45
K 6 21 45
K 0 21 59
A D 3 96
J N 4 42277 84 7 2881 72 1 206
K 1 21 45
K 0 0 43
K 0 21 43
K -1 21 45
K 6 21 45
K 0 21 59
A D 3 96
J N 4 42317 84 7 3457 72 1 206
K 1 21 45
K 0 0 43
K 0 21 43
K -1 21 45
K 6 21 45
K 0 21 59
A D 3 96
J N 4 42357 84 7 4033 72 1 206
K 1 21 45
K 0 0 43
K 0 21 43
K -1 21 45
K 6 21 45
K 0 21 59
A D 3 96
H 206 B 0 0 112 4 222 111 111 333
J N 4 42397 84 7 4609 72 1 207
K 1 21 45
K 0 0 43
K 0 21 43
K -1 21 45
K 6 21 45
K 0 21 59
A D 3 96
J N 4 42437 84 7 5185 72 1 207
K 1 21 45
K 0 0 43
K 0 21 43
K -1 21 45
K 6 21 45
K 0 21 59
A D 3 96
J N 4 42477 84 7 5761 72 1 207
K 1 21 45
K 0 0 43
K 0 21 43
K -1 21 45
K 6 21 45
K 0 21 59
A D 3 96
J N 4 42517 84 7 6337 72 1 207
K 1 21 45
K 0 0 43
K 0 21 43
K -1 21 45
K 6 21 45
K 0 21 59
A D 3 96
H 207 B 0 0 112 4 222 111 111 333
J B 216 42558 1 82 6913 72 0
J N 4 42590 84 7 1 0 1 208
K 1 21 45
K 0 0 43
K 0 21 43
K -1 21 45
K 6 21 45
K 0 21 59
A D 3 96
J N 4 42630 84 7 577 72 1 208
K 1 21 45
K 0 0 43
K 0 21 43
K -1 21 45
K 6 21 45
K 0 21 59
A D 3 96
J N 4 42670 84 7 1153 72 1 208
K 1 21 45
K 0 0 43
K 0 21 43
K -1 21 45
K 6 21 45
K 0 21 59
A D 3 96
J N 4 42710 84 7 1729 72 1 208
K 1 21 45
K 0 0 43
K 0 21 43
K -1 21 45
K 6 21 45
K 0 21 59
A D 3 96
H 208 B 0 0 112 4 222 111 111 333
J N 4 42750 84 7 2305 72 1 209
K 1 21 45
K 0 0 43
K 0 21 43
K -1 21 45
K 6 21 45
K 0 21 59
A D 3 96
J N 4 42790 84 7 2881 72 1 209
K 1 21 45
K 0 0 43
K 0 21 43
K -1 21 45
K 6 21 45
K 0 21 59
A D 3 96
J N 4 42830 84 7 3457 72 1 209
K 1 21 45
K 0 0 43
K 0 21 43
K -1 21 45
K 6 21 45
K 0 21 59
A D 3 96
J N 4 42870 84 7 4033 72 1 209
K 1 21 45
K 0 0 43
K 0 21 43
K -1 21 45
K 6 21 45
K 0 21 59
A D 3 96
H 209 B 0 0 112 4 222 111 111 333
J N 4 42910 84 8 4609 72 1 210
K 1 21 45
K 0 0 43
K 0 31 43
K 0 21 45
K 2 21 45
K 0 83 110
K 0 31 59
A D 3 96
J N 4 42950 84 7 5185 72 1 210
K 1 21 45
K 0 0 43
K 0 31 43
K 0 21 45
K 2 21 45
K 0 31 59
A D 3 96
J N 4 42990 84 7 5761 72 1 210
K 1 21 45
K 0 0 43
K 0 31 43
K 0 21 45
K 2 21 45
K 0 31 59
A D 3 96
J N 4 43030 84 7 6337 72 1 210
K 1 21 45
K 0 0 43
K 0 31 43
K 0 21 45
K 2 21 45
K 0 31 59
A D 3 96
H 210 B 0 0 112 4 222 111 111 333
J B 217 43071 1 82 6913 72 0
J N 4 43103 84 7 1 0 1 211
K 1 21 45
K 0 0 43
K 0 21 43
K -1 21 45
K 6 21 45
K 0 21 59
A D 3 96
J N 4 43143 84 7 577 72 1 211
K 1 21 45
K 0 0 43
K 0 21 43
K -1 21 45
K 6 21 45
K 0 21 59
A D 3 96
J N 4 43183 84 7 1153 72 1 211
K 1 21 45
K 0 0 43
K 0 21 43
K -1 21 45
K 6 21 45
K 0 21 59
A D 3 96
J N 4 43223 84 7 1729 72 1 211
K 1 21 45
K 0 0 43
K 0 21 43
K -1 21 45
K 6 21 45
K 0 21 59
A D 3 96
H 211 B 0 0 112 4 222 111 111 333
J D 0 43258 0 1 2305 72 0
W 0 168 31 !1p !33cresc.
J N 4 43263 84 7 2305 0 1 212
K 1 21 45
K 0 0 43
K 0 21 43
K -1 21 45
K 6 21 45
K 0 21 59
A D 3 96
J N 4 43303 84 7 2881 72 1 212
K 1 21 45
K 0 0 43
K 0 21 43
K -1 21 45
K 6 21 45
K 0 21 59
A D 3 96
J N 4 43343 84 7 3457 72 1 212
K 1 21 45
K 0 0 43
K 0 21 43
K -1 21 45
K 6 21 45
K 0 21 59
A D 3 96
J N 4 43383 84 7 4033 72 1 212
K 1 21 45
K 0 0 43
K 0 21 43
K -1 21 45
K 6 21 45
K 0 21 59
A D 3 96
H 212 B 0 0 112 4 222 111 111 333
J N 4 43423 84 7 4609 72 1 213
K 1 21 45
K 0 0 43
K 0 21 43
K -1 21 45
K 6 21 45
K 0 21 59
A D 3 96
J N 4 43463 84 7 5185 72 1 213
K 1 21 45
K 0 0 43
K 0 21 43
K -1 21 45
K 6 21 45
K 0 21 59
A D 3 96
J N 4 43503 84 7 5761 72 1 213
K 1 21 45
K 0 0 43
K 0 21 43
K -1 21 45
K 6 21 45
K 0 21 59
A D 3 96
J N 4 43543 84 7 6337 72 1 213
K 1 21 45
K 0 0 43
K 0 21 43
K -1 21 45
K 6 21 45
K 0 21 59
A D 3 96
H 213 B 0 0 112 4 222 111 111 333
J B 218 43584 1 82 6913 72 0
J N 4 43616 84 9 1 0 1 214
K 1 21 45
K 0 0 43
K 0 21 43
K -1 21 45
K 6 21 45
K 0 73 110
K 30 73 110
K 0 21 59
A D 3 96
J N 4 43656 84 7 577 72 1 214
K 1 21 45
K 0 0 43
K 0 21 43
K -1 21 45
K 6 21 45
K 0 21 59
A D 3 96
J N 4 43696 84 7 1153 72 1 214
K 1 21 45
K 0 0 43
K 0 21 43
K -1 21 45
K 6 21 45
K 0 21 59
A D 3 96
J N 4 43736 84 7 1729 72 1 214
K 1 21 45
K 0 0 43
K 0 21 43
K -1 21 45
K 6 21 45
K 0 21 59
A D 3 96
H 214 B 0 0 112 4 222 111 111 333
J D 5 43771 -60 1 2305 72 0
W 0 0 37 Tempo I
J N 6 43776 84 8 2305 0 0
K 1 21 45
K 0 0 43
K 0 31 43
K 0 21 45
K 2 21 45
K 0 31 59
K 0 0 53
A D 12 96
J R 6 43828 42 2 4609 288 0
K 0 0 49
A D 12 96
J B 219 43879 1 82 6913 288 0
J S 4 43924 31 8 5 288 0
K 0 0 62
K 0 5 62
K 0 11 92
K 30 11 92
K 60 11 92
K 90 0 62
K 90 5 62
K 30 11 76
J B 224 44059 1 82 6913 1 0
J D 0 44091 0 1 1 0 0
W 0 168 33 cresc.
J N 7 44091 52 4 1 0 1 215
K 0 0 43
K 0 0 59
K 0 -31 59
A D 24 96
J N 5 44154 52 2 4609 576 2 216 215
K 0 0 43
A D 6 96
H 215 T 52 0 0 0 0 0 9 0
J N 5 44194 52 2 5761 144 1 216
K 0 0 43
A D 6 96
H 216 B 0 0 112 2 22 33
J B 225 44235 1 82 6913 144 0
J N 5 44267 10 3 1 0 2 217 218
K 0 0 43
K 0 126 110
A D 6 96
J N 5 44302 21 2 1153 144 1 218
K 0 0 43
A D 6 96
H 218 B 1 0 112 2 22 33
J N 6 44337 31 5 2305 144 2 219 217
K 0 0 43
K 38 0 44
K 0 109 111
K 18 109 110
A D 18 96
H 217 S 0 0 0 0 0 0 0 0 0
J N 5 44395 31 2 5761 432 1 219
K 0 0 43
A D 6 96
H 219 B 1 0 112 2 2 53
J B 226 44436 1 82 6913 144 0
J N 6 44468 63 3 1 0 2 220 221
K 0 0 43
K 0 62 110
A D 12 96
J S 0 44513 168 2 2305 288 1 222
K 0 0 111
K 18 0 110
J N 6 44513 52 3 2305 0 2 221 220
K 0 0 43
K 38 0 44
A D 18 96
H 221 B 0 0 112 2 2 3
H 220 S 12 0 0 0 0 0 0 0 0
J N 5 44568 84 3 5761 432 0
K 0 0 43
K 0 0 55
A D 6 96
J M 0 44609 0 0 6913 144 1 222
H 222 W 31 0 58 168 21 168
J B 227 44626 1 82 6913 0 0
J N 6 44658 94 4 1 0 0
K 0 0 43
K 0 52 108
K 0 0 53
A D 12 96
J R 6 44710 42 2 2305 288 0
K 0 0 49
A D 12 96
J R 6 44755 42 2 4609 288 0
K 0 0 49
A D 12 96
J B 228 44806 1 82 6913 288 0
J N 6 44838 94 5 1 0 0
K 0 0 43
K 0 52 108
K 34 52 108
K 0 0 53
A D 12 96
J R 6 44890 42 2 2305 288 0
K 0 0 49
A D 12 96
J R 6 44935 42 2 4609 288 0
K 0 0 49
A D 12 96
J B 229 44986 1 82 6913 288 0
J N 7 45018 105 8 1 0 1 223
K 1 0 45
K 0 0 43
K -1 0 45
K 6 0 45
K 36 -9 44
K 0 0 59
K 0 -32 59
A D 36 96
J B 230 45105 1 82 6913 864 0
J N 7 45137 105 7 1 0 1 223
K 1 0 45
K 0 0 43
K -1 0 45
K 6 0 45
K 0 0 59
K 0 -32 59
A D 24 96
H 223 T 105 0 0 0 0 0 13 0
J N 5 45200 105 6 4609 576 2 224 225
K 1 0 45
K 0 0 43
K -1 0 45
K 6 0 45
K 36 -9 44
A D 9 96
J N 4 45242 52 2 6337 216 2 225 224
K 0 0 43
A D 3 96
H 225 B 0 0 112 2 22 533
H 224 S 12 0 0 0 0 0 0 0 0
J B 231 45283 1 82 6913 72 0
J N 7 45315 31 5 1 0 1 226
K 0 0 43
K 38 0 44
K 0 0 60
K 0 32 60
A D 36 96
J B 232 45402 1 82 6913 864 0
J N 7 45434 31 4 1 0 1 226
K 0 0 43
K 0 0 60
K 0 32 60
A D 24 96
H 226 T 31 0 0 0 0 0 1 0
J N 5 45497 52 3 4609 576 2 227 228
K 0 0 43
K 38 0 44
A D 9 96
J N 4 45555 31 2 6337 216 2 228 227
K 0 0 43
A D 3 96
H 228 B 1 0 112 2 22 533
H 227 S 0 0 0 0 0 0 0 0 0
J B 233 45596 1 82 6913 72 0
J N 7 45628 31 5 1 0 1 229
K 0 0 43
K 38 0 44
K 0 0 60
K 0 32 60
A D 36 96
J B 234 45715 1 82 6913 864 0
J N 7 45747 31 4 1 0 1 229
K 0 0 43
K 0 0 60
K 0 32 60
A D 24 96
H 229 T 31 0 0 0 0 0 1 0
J N 5 45810 105 6 4609 576 2 230 231
K 1 0 45
K 0 0 43
K -1 0 45
K 6 0 45
K 36 -9 44
A D 9 96
J N 4 45852 84 2 6337 216 1 231
K 0 0 43
A D 3 96
H 231 B 0 0 112 2 22 533
J B 235 45893 1 82 6913 72 0
J N 7 45925 52 4 1 0 1 230
K 0 0 43
K 0 0 59
K 0 -31 59
A D 24 96
H 230 S 12 0 0 0 0 0 0 0 0
J R 6 45988 42 2 4609 576 0
K 0 0 49
A D 12 96
J B 236 46039 1 82 6913 288 0
J S 4 46084 31 8 4 288 0
K 0 0 62
K 0 5 62
K 0 11 92
K 30 11 92
K 60 11 92
K 90 0 62
K 90 5 62
K 30 11 75
J B 240 46219 1 82 6913 1 0
J R 6 46251 42 2 1 0 0
K 0 0 49
A D 12 96
J R 6 46296 42 2 2305 288 0
K 0 0 49
A D 12 96
J N 5 46341 52 4 4609 288 1 232
K 0 0 43
K 0 21 96
K 0 73 110
A D 4 96
J N 5 46376 105 6 5377 96 1 232
K 1 0 45
K 0 0 43
K -1 0 45
K 6 0 45
K 0 26 96
A D 4 96
J N 5 46416 84 3 6145 96 1 232
K 0 0 43
K 0 26 96
A D 4 96
H 232 B 0 0 112 3 22 11 33
J B 241 46457 1 82 6913 96 0
J N 5 46489 52 2 1 0 1 233
K 0 0 43
A D 4 96
J N 5 46529 31 5 769 96 1 233
K 0 0 43
K 0 53 43
K 0 53 59
K 0 11 59
A D 4 96
J N 5 46569 31 5 1537 96 1 233
K 0 0 43
K 0 53 43
K 0 53 59
K 0 11 59
A D 4 96
H 233 B 0 0 112 3 22 11 33
J N 5 46609 31 5 2305 96 1 234
K 0 0 43
K 0 53 43
K 0 53 59
K 0 11 59
A D 4 96
J N 5 46649 31 5 3073 96 1 234
K 0 0 43
K 0 53 43
K 0 53 59
K 0 11 59
A D 4 96
J N 5 46689 31 5 3841 96 1 234
K 0 0 43
K 0 53 43
K 0 53 59
K 0 11 59
A D 4 96
H 234 B 0 0 112 3 22 11 33
J N 5 46729 31 5 4609 96 1 235
K 0 0 43
K 0 53 43
K 0 53 59
K 0 11 59
A D 4 96
J N 5 46769 31 5 5377 96 1 235
K 0 0 43
K 0 53 43
K 0 53 59
K 0 11 59
A D 4 96
J N 5 46809 31 5 6145 96 1 235
K 0 0 43
K 0 53 43
K 0 53 59
K 0 11 59
A D 4 96
H 235 B 0 0 112 3 22 11 33
J B 242 46850 1 82 6913 96 0
J N 6 46882 31 8 1 0 0
K 0 0 43
K 0 53 43
K 0 105 110
K 30 105 110
K 0 53 59
K 0 11 59
K 0 0 51
A D 12 96
J R 6 46934 42 2 2305 288 0
K 0 0 49
A D 12 96
J R 6 46979 42 2 4609 288 0
K 0 0 49
A D 12 96
J B 243 47030 1 82 6913 288 0
J N 6 47062 84 10 1 0 0
K 0 -95 43
K 0 -42 43
K 0 0 43
K 0 105 110
K 30 105 110
K 0 -95 60
K 0 -53 60
K 0 -11 60
K 0 0 52
A D 12 96
J R 6 47107 42 2 2305 288 0
K 0 0 49
A D 12 96
J R 6 47152 42 2 4609 288 0
K 0 0 49
A D 12 96
J B 244 47203 1 82 6913 288 0
J N 6 47235 84 11 1 0 0
K 0 -105 45
K 0 -105 43
K -1 -105 45
K 6 -105 45
K 0 -53 43
K 0 0 43
K 0 -105 60
K 0 -63 60
K 0 -21 60
K 0 0 52
A D 12 96
J R 6 47280 42 2 2305 288 0
K 0 0 49
A D 12 96
J N 6 47325 84 10 4609 288 0
K 0 -95 43
K 0 -42 43
K 0 0 43
K 0 -121 96
K 0 105 108
K 0 -95 60
K 0 -53 60
K 0 -11 60
K 0 0 52
A D 12 96
J B 245 47376 1 82 6913 288 0
J N 6 47408 84 12 1 0 0
K 0 -105 45
K 0 -105 43
K -1 -105 45
K 6 -105 45
K 0 -53 43
K 0 0 43
K 0 -131 96
K 0 -105 60
K 0 -63 60
K 0 -21 60
K 0 0 52
A D 12 96
J R 6 47453 42 2 2305 288 0
K 0 0 49
A D 12 96
J R 6 47498 42 2 4609 288 0
K 0 0 49
A D 12 96
J B 246 47549 1 82 6913 288 0
J N 6 47581 84 10 1 0 0
K 0 -95 43
K 0 -42 43
K 0 0 43
K 0 105 110
K 30 105 110
K 0 -95 60
K 0 -53 60
K 0 -11 60
K 0 0 52
A D 12 96
J R 6 47626 42 2 2305 288 0
K 0 0 49
A D 12 96
J R 6 47671 42 2 4609 288 0
K 0 0 49
A D 12 96
J B 247 47722 1 82 6913 288 0
J N 6 47754 -21 17 1 0 0
K 1 0 45
K 1 126 45
K 1 147 45
K 0 0 43
K -1 0 45
K 6 0 45
K 0 52 43
K 0 105 43
K 0 147 43
K -1 147 45
K 6 147 45
K 0 147 59
K 0 105 59
K 0 63 59
K 0 21 59
K 0 0 51
A D 12 96
J R 6 47806 42 2 3457 288 0
K 0 0 49
A D 12 96
J B 0 47877 6 2 6913 288 0
K -20 0 82
K -9 0 84
J M 0 47877 0 0 10000 0 0
