S 0 200 140 2050 2241 13 "[........{..}...]"
L 0 0 0 330 330 * 0 14
J C 4 5 42 2 6913 0 0
K 0 0 33
K 0 0 34
J K 2 57 0 2 6913 0 0
K 0 0 63
K 15 21 63
J D 0 53 -14 1 6913 0 0
W 0 0 37 \04\05\06
J D 0 130 0 1 1 0 0
W 0 -28 33 SOLO.
J R 9 338 28 2 1 10000 0
K 0 0 46
A D 16 16
J B 457 595 1 82 6913 2304 0
J R 9 824 28 46 1 0 0
J R 9 1310 28 46 1 0 0
J R 9 1794 28 46 1 0 0
E *
L 175 0 0 330 330 * 0 14
J C 4 5 42 2 6913 0 0
K 0 0 33
K 0 0 34
J K 2 57 0 2 6913 0 0
K 0 0 63
K 15 21 63
J R 9 338 28 46 1 0 0
J R 9 824 28 46 1 0 0
J R 9 1310 28 46 1 0 0
J R 9 1794 28 46 1 0 0
E *
L 360 0 0 330 330 * 0 14
J C 4 5 42 2 6913 0 0
K 0 0 33
K 0 0 34
J K -1 57 0 1 6913 0 0
K 0 28 65
J N 7 130 35 7 1 0 0
K 0 -35 43
K 0 0 43
K 0 -35 60
K 0 -7 60
K 0 0 60
K 0 14 60
A D 2 8
J R 7 246 28 2 1729 576 0
K 0 0 48
A D 2 8
J R 8 362 28 2 3457 576 0
K 0 0 47
A D 4 8
J B 457 595 1 82 6913 1152 0
J R 9 824 28 46 1 0 0
J R 9 1310 28 46 1 0 0
J R 9 1794 28 46 1 0 0
E *
L 555 0 0 330 330 * 0 14
J C 22 5 14 36 6913 0 0
J K 2 57 0 2 6913 0 0
K 0 14 63
K 15 35 63
J R 9 338 28 46 1 0 0
J R 9 824 28 46 1 0 0
J R 9 1310 28 46 1 0 0
J R 9 1794 28 46 1 0 0
E *
L 735 0 0 330 330 * 0 14
J C 4 5 42 2 6913 0 0
K 0 0 33
K 0 0 34
J K 0 57 0 0 6913 0 0
J N 7 130 42 9 1 0 0
K 1 28 45
K 0 0 43
K 0 28 43
K -1 28 45
K 2 28 45
K 0 28 59
K 0 0 59
K 0 -21 59
A D 2 8
J R 7 246 28 2 1729 576 0
K 0 0 48
A D 2 8
J R 8 362 28 2 3457 576 0
K 0 0 47
A D 4 8
J B 457 595 1 82 6913 1152 0
J R 9 824 28 46 1 0 0
J R 9 1310 28 46 1 0 0
J R 9 1794 28 46 1 0 0
E *
L 915 0 0 330 330 * 0 14
J C 4 5 42 2 6913 0 0
K 0 0 33
K 0 0 34
J K 0 57 0 0 6913 0 0
J R 9 338 28 46 1 0 0
J R 9 824 28 46 1 0 0
J R 9 1310 28 46 1 0 0
J R 9 1794 28 46 1 0 0
E *
L 1100 0 0 330 330 * 0 14
J C 22 5 14 36 6913 0 0
J K 0 57 0 0 6913 0 0
J R 9 338 28 46 1 0 0
J R 9 824 28 46 1 0 0
J R 9 1310 28 46 1 0 0
J R 9 1794 28 46 1 0 0
E *
L 1300 0 0 330 330 * 0 14
J C 4 5 42 2 6913 0 0
K 0 0 33
K 0 0 34
J K 2 57 0 2 6913 0 0
K 0 0 63
K 15 21 63
J D 0 130 0 1 1 0 0
W 0 98 33 !33dolce
J N 5 130 63 2 1 0 2 1099 1100
K 0 0 43
A D 6 96
J N 5 159 49 2 433 144 1 1100
K 0 0 43
A D 6 96
J N 5 188 35 2 865 144 1 1100
K 0 0 43
A D 6 96
J N 5 217 42 2 1297 144 1 1100
K 0 0 43
A D 6 96
H 1100 B 78 0 108 4 22 11 11 33   
J N 5 246 49 2 1729 144 1 1101
K 0 0 43
A D 6 96
J N 5 275 35 2 2161 144 1 1101
K 0 0 43
A D 6 96
J N 5 304 14 2 2593 144 1 1101
K 0 0 43
A D 6 96
J N 5 333 21 2 3025 144 1 1101
K 0 0 43
A D 6 96
H 1101 B 80 0 108 4 22 11 11 33   
J N 5 362 14 2 3457 144 1 1102
K 0 0 43
A D 6 96
J N 5 391 35 2 3889 144 1 1102
K 0 0 43
A D 6 96
J N 5 420 0 2 4321 144 1 1102
K 0 0 43
A D 6 96
J N 5 449 7 2 4753 144 1 1102
K 0 0 43
A D 6 96
H 1102 B -66 0 108 4 22 11 11 33   
J N 5 478 14 2 5185 144 1 1103
K 0 0 43
A D 6 96
J N 5 507 0 2 5617 144 1 1103
K 0 0 43
A D 6 96
J N 5 536 -14 5 6049 144 1 1103
K 0 0 45
K 0 0 43
K -1 0 45
K 2 0 45
A D 6 96
J N 5 565 -7 2 6481 144 2 1103 1099
K 0 0 43
A D 6 96
H 1103 B -43 -4 108 4 22 11 11 33   
H 1099 S 0 6 -77 0 0 0 0 0 0
J B 457 595 1 82 6913 144 0
J N 5 616 0 2 1 0 2 1104 1105
K 0 0 43
A D 6 96
J N 5 645 -14 5 433 144 1 1105
K 0 0 45
K 0 0 43
K -1 0 45
K 2 0 45
A D 6 96
J N 5 674 -35 6 865 144 1 1105
K 0 21 45
K 0 7 45
K 0 0 43
K 0 7 45
K 1 7 45
A D 6 96
J N 5 703 -28 6 1297 144 1 1105
K 0 14 45
K 0 0 45
K 0 0 43
K -1 0 45
K 2 0 45
A D 6 96
H 1105 B -46 -6 108 4 22 11 11 33   
J N 5 732 -35 6 1729 144 1 1106
K 0 21 45
K 0 7 45
K 0 0 43
K 0 7 45
K 1 7 45
A D 6 96
J N 5 761 -28 6 2161 144 1 1106
K 0 14 45
K 0 0 45
K 0 0 43
K -1 0 45
K 2 0 45
A D 6 96
J N 5 790 -35 6 2593 144 1 1106
K 0 21 45
K 0 7 45
K 0 0 43
K 0 7 45
K 1 7 45
A D 6 96
J N 5 819 -28 6 3025 144 1 1106
K 0 14 45
K 0 0 45
K 0 0 43
K -1 0 45
K 2 0 45
A D 6 96
H 1106 B -63 0 108 4 22 11 11 33   
J N 5 848 -35 6 3457 144 1 1107
K 0 21 45
K 0 7 45
K 0 0 43
K 0 7 45
K 1 7 45
A D 6 96
J N 5 877 -42 7 3889 144 1 1107
K 0 28 45
K 0 14 45
K 0 0 45
K 0 0 43
K -1 0 45
K 2 0 45
A D 6 96
J N 5 906 -35 6 4321 144 1 1107
K 0 21 45
K 0 7 45
K 0 0 43
K 0 7 45
K 1 7 45
A D 6 96
J N 5 935 -28 6 4753 144 1 1107
K 0 14 45
K 0 0 45
K 0 0 43
K -1 0 45
K 2 0 45
A D 6 96
H 1107 B -63 1 108 4 22 11 11 33   
J N 5 964 -35 6 5185 144 1 1108
K 0 21 45
K 0 7 45
K 0 0 43
K 0 7 45
K 1 7 45
A D 6 96
J N 5 993 -42 7 5617 144 1 1108
K 0 28 45
K 0 14 45
K 0 0 45
K 0 0 43
K -1 0 45
K 2 0 45
A D 6 96
J N 5 1022 -49 7 6049 144 1 1108
K 0 35 45
K 0 21 45
K 0 7 45
K 0 0 43
K 0 7 45
K 1 7 45
A D 6 96
J N 5 1051 -35 6 6481 144 2 1108 1104
K 0 21 45
K 0 7 45
K 0 0 43
K 0 7 45
K 1 7 45
A D 6 96
H 1108 B -63 0 108 4 22 11 11 33   
H 1104 S 0 0 -21 0 -14 0 0 0 0
J B 458 1081 1 82 6913 144 0
J N 5 1102 -28 6 1 0 2 1109 1110
K 0 14 45
K 0 0 45
K 0 0 43
K -1 0 45
K 2 0 45
A D 6 96
J N 5 1131 -42 7 433 144 1 1110
K 0 28 45
K 0 14 45
K 0 0 45
K 0 0 43
K -1 0 45
K 2 0 45
A D 6 96
J N 5 1160 -56 8 865 144 1 1110
K 0 42 45
K 0 28 45
K 0 14 45
K 0 0 45
K 0 0 43
K -1 0 45
K 2 0 45
A D 6 96
J N 5 1189 -42 7 1297 144 2 1110 1109
K 0 28 45
K 0 14 45
K 0 0 45
K 0 0 43
K -1 0 45
K 2 0 45
A D 6 96
H 1110 B -61 -1 108 4 22 11 11 33   
H 1109 S 0 0 0 0 -14 1 0 0 0
J N 5 1218 -28 6 1729 144 2 1111 1112
K 0 14 45
K 0 0 45
K 0 0 43
K -1 0 45
K 2 0 45
A D 6 96
J N 5 1247 -42 7 2161 144 1 1112
K 0 28 45
K 0 14 45
K 0 0 45
K 0 0 43
K -1 0 45
K 2 0 45
A D 6 96
J N 5 1276 -28 6 2593 144 1 1112
K 0 14 45
K 0 0 45
K 0 0 43
K -1 0 45
K 2 0 45
A D 6 96
J N 5 1305 -14 5 3025 144 2 1112 1111
K 0 0 45
K 0 0 43
K -1 0 45
K 2 0 45
A D 6 96
H 1112 B -56 1 108 4 22 11 11 33   
H 1111 S 0 0 -14 0 0 1 0 0 0
J N 5 1334 -7 2 3457 144 2 1113 1114
K 0 0 43
A D 6 96
J N 5 1363 -14 5 3889 144 1 1114
K 0 0 45
K 0 0 43
K -1 0 45
K 2 0 45
A D 6 96
J N 5 1392 -7 2 4321 144 1 1114
K 0 0 43
A D 6 96
J N 5 1421 7 2 4753 144 2 1114 1113
K 0 0 43
A D 6 96
H 1114 B -49 2 108 4 22 11 11 33   
H 1113 S 0 0 -7 0 0 0 0 0 0
J N 5 1450 21 2 5185 144 2 1115 1116
K 0 0 43
A D 6 96
J N 5 1479 7 2 5617 144 1 1116
K 0 0 43
A D 6 96
J N 5 1508 21 2 6049 144 1 1116
K 0 0 43
A D 6 96
J N 5 1537 35 2 6481 144 2 1116 1115
K 0 0 43
A D 6 96
H 1116 B -49 2 108 4 22 11 11 33   
H 1115 S 0 0 -14 0 0 1 0 0 0
J B 459 1567 1 82 6913 144 0
J N 5 1588 42 2 1 0 1 1117
K 0 0 43
A D 6 96
J N 5 1617 35 2 433 144 1 1117
K 0 0 43
A D 6 96
J N 5 1646 42 2 865 144 1 1117
K 0 0 43
A D 6 96
J N 5 1675 56 2 1297 144 1 1117
K 0 0 43
A D 6 96
H 1117 B 57 0 108 4 22 11 11 33   
J N 5 1704 70 5 1729 144 1 1118
K 1 0 45
K 0 0 43
K -1 0 45
K 2 0 45
A D 6 96
J N 5 1733 56 2 2161 144 1 1118
K 0 0 43
A D 6 96
J N 5 1762 35 2 2593 144 1 1118
K 0 0 43
A D 6 96
J N 5 1791 56 2 3025 144 1 1118
K 0 0 43
A D 6 96
H 1118 B 84 -2 108 4 22 11 11 33   
J N 5 1820 84 6 3457 144 1 1119
K 1 -14 45
K 1 0 45
K 0 0 43
K -1 0 45
K 2 0 45
A D 6 96
J N 5 1849 56 2 3889 144 1 1119
K 0 0 43
A D 6 96
J N 5 1878 35 2 4321 144 1 1119
K 0 0 43
A D 6 96
J N 5 1907 56 2 4753 144 1 1119
K 0 0 43
A D 6 96
H 1119 B 85 -6 108 4 22 11 11 33   
J N 5 1936 70 5 5185 144 1 1120
K 1 0 45
K 0 0 43
K -1 0 45
K 2 0 45
A D 6 96
J N 5 1964 56 2 5617 144 1 1120
K 0 0 43
A D 6 96
J N 5 1992 35 2 6049 144 1 1120
K 0 0 43
A D 6 96
J N 5 2020 70 5 6481 144 1 1120
K 1 0 45
K 0 0 43
K -1 0 45
K 2 0 45
A D 6 96
H 1120 B 85 0 108 4 22 11 11 33   
J B 460 2050 1 82 6913 144 0
E *
L 1485 0 0 330 330 * 0 14
J C 4 5 42 2 6913 0 0
K 0 0 33
K 0 0 34
J K 2 57 0 2 6913 0 0
K 0 0 63
K 15 21 63
J N 8 130 63 4 1 0 1 334
K 0 0 42
K 0 0 59
K 0 -21 59
A D 8 16
J N 7 362 49 4 3457 1152 0
K 0 0 43
K 0 0 59
K 0 -21 59
A D 4 16
J N 7 478 35 4 5185 576 0
K 0 0 43
K 0 0 59
K 0 -21 59
A D 4 16
J B 457 595 1 82 6913 576 0
J N 7 616 28 4 1 0 0
K 0 0 43
K 0 0 60
K 0 21 60
A D 4 16
J N 7 732 21 4 1729 576 0
K 0 0 43
K 0 0 60
K 0 21 60
A D 4 16
J N 7 848 14 4 3457 576 0
K 0 0 43
K 0 0 60
K 0 21 60
A D 4 16
J N 6 964 7 2 5185 576 1 335
K 0 0 43
A D 2 16
J N 6 1022 14 2 6049 288 2 335 334
K 0 0 43
A D 2 16
H 335 B -50 2 108 2 2 3   
H 334 S 0 14 -49 0 0 3 0 0 0
J B 458 1081 1 82 6913 288 0
J N 9 1102 21 2 1 0 1 336
K 0 0 41
A D 16 16
J B 459 1567 1 82 6913 2304 0
J N 9 1588 21 2 1 0 1 336
K 0 0 41
A D 16 16
H 336 T 21 0 0 0 0 0 1 0
J B 460 2050 1 82 6913 2304 0
E *
L 1660 0 0 330 330 * 0 14
J C 4 5 42 2 6913 0 0
K 0 0 33
K 0 0 34
J K 2 57 0 2 6913 0 0
K 0 0 63
K 15 21 63
J N 9 130 49 9 1 0 2 217 218
K 1 21 45
K 7 21 45
K 1 35 45
K 7 35 45
K 0 0 41
K 0 35 41
K -1 35 45
K 2 35 45
A D 16 16
J B 457 595 1 82 6913 2304 0
J N 9 616 49 9 1 0 2 217 218
K 1 21 45
K 7 21 45
K 1 35 45
K 7 35 45
K 0 0 41
K 0 35 41
K -1 35 45
K 2 35 45
A D 16 16
H 217 T 49 0 0 0 0 0 3 0
H 218 T 84 0 0 0 0 0 13 0
J B 458 1081 1 82 6913 2304 0
J N 9 1102 42 9 1 0 0
K 1 28 45
K 7 28 45
K 1 42 45
K 7 42 45
K 0 0 41
K 0 42 41
K -1 42 45
K 2 42 45
A D 16 16
J B 459 1567 1 82 6913 2304 0
J N 9 1588 56 9 1 0 0
K 1 14 45
K 7 14 45
K 1 28 45
K 7 28 45
K 0 0 41
K 0 28 41
K -1 28 45
K 2 28 45
A D 16 16
J B 460 2050 1 82 6913 2304 0
E *
L 1835 0 0 330 330 * 0 14
J C 13 5 28 35 6913 0 0
J K 2 57 0 2 6913 0 0
K 0 7 63
K 15 28 63
J N 8 130 56 9 1 0 0
K 1 14 45
K 0 0 42
K 0 14 42
K -1 14 45
K 2 14 45
K 0 14 59
K 0 0 59
K 0 -21 59
A D 24 48
J N 8 362 21 4 3457 1152 1 233
K 0 0 42
K 0 0 60
K 0 21 60
A D 24 48
J B 457 595 1 82 6913 1152 0
J N 9 616 21 2 1 0 1 233
K 0 0 41
A D 48 48
H 233 T 21 0 0 0 0 0 1 0
J B 458 1081 1 82 6913 2304 0
J N 9 1102 14 2 1 0 0
K 0 0 41
A D 48 48
J B 459 1567 1 82 6913 2304 0
J N 9 1588 28 2 1 0 0
K 0 0 41
A D 48 48
J B 460 2050 1 82 6913 2304 0
E *
L 2010 0 0 330 330 * 0 14
J C 22 5 14 36 6913 0 0
J K 2 57 0 2 6913 0 0
K 0 14 63
K 15 35 63
J N 7 130 28 4 1 0 0
K 0 0 43
K 0 0 59
K 0 -14 59
A D 12 48
J R 7 246 28 2 1729 576 0
K 0 0 48
A D 12 48
J R 8 362 28 2 3457 576 0
K 0 0 47
A D 24 48
J B 457 595 1 82 6913 1152 0
J R 9 824 28 46 1 0 0
J B 458 1081 1 82 6913 1 0
J N 8 1102 49 4 1 0 1 196
K 0 0 42
K 0 0 59
K 0 -21 59
A D 24 48
J N 7 1334 35 4 3457 1152 0
K 0 0 43
K 0 0 59
K 0 -21 59
A D 12 48
J N 7 1450 21 4 5185 576 0
K 0 0 43
K 0 0 60
K 0 21 60
A D 12 48
J B 459 1567 1 82 6913 576 0
J N 7 1588 7 4 1 0 0
K 0 0 43
K 0 0 60
K 0 21 60
A D 12 48
J N 7 1704 7 5 1729 576 0
K -18 0 63
K 0 0 43
K 0 0 60
K 0 21 60
A D 12 48
J N 7 1820 0 4 3457 576 0
K 0 0 43
K 0 0 60
K 0 21 60
A D 12 48
J N 6 1936 7 3 5185 576 1 197
K -14 0 64
K 0 0 43
A D 6 48
J N 6 1992 21 2 6049 288 2 197 196
K 0 0 43
A D 6 48
H 197 B -51 3 108 2 2 3   
H 196 S 0 14 -49 0 0 1 0 0 0
J B 460 2050 1 82 6913 288 0
E *
L 2185 0 0 330 330 * 0 14
J C 22 5 14 36 6913 0 0
J K 2 57 0 2 6913 0 0
K 0 14 63
K 15 35 63
J N 7 130 28 4 1 0 0
K 0 0 43
K 0 0 59
K 0 -14 59
A D 12 48
J R 7 246 28 2 1729 576 0
K 0 0 48
A D 12 48
J R 8 362 28 2 3457 576 0
K 0 0 47
A D 24 48
J B 457 595 1 82 6913 1152 0
J R 9 824 28 46 1 0 0
J B 458 1081 1 82 6913 1 0
J N 8 1102 49 4 1 0 1 139
K 0 0 42
K 0 0 59
K 0 -21 59
A D 24 48
J N 7 1334 35 4 3457 1152 0
K 0 0 43
K 0 0 59
K 0 -21 59
A D 12 48
J N 7 1450 21 4 5185 576 0
K 0 0 43
K 0 0 60
K 0 21 60
A D 12 48
J B 459 1567 1 82 6913 576 0
J N 7 1588 7 4 1 0 0
K 0 0 43
K 0 0 60
K 0 21 60
A D 12 48
J N 7 1704 7 5 1729 576 0
K -18 0 63
K 0 0 43
K 0 0 60
K 0 21 60
A D 12 48
J N 7 1820 0 4 3457 576 0
K 0 0 43
K 0 0 60
K 0 21 60
A D 12 48
J N 6 1936 7 3 5185 576 1 140
K -14 0 64
K 0 0 43
A D 6 48
J N 6 1992 21 2 6049 288 2 140 139
K 0 0 43
A D 6 48
H 140 B -51 3 108 2 2 3   
H 139 S 0 14 -49 0 0 1 0 0 0
J B 460 2050 1 82 6913 288 0
E *
B 1 595 0
B 1 1081 0
B 1 1567 0
B 1 2050 0
