S 0 100 140 2250 84 1 "(.)"
L 0 0 0 269 269 * 0 21 0
J C 4 7 63 2 6913 0 0
K 0 0 33
K 0 0 34
J K -1 85 0 1 6913 0 0
K 0 42 65
J D 0 -39 -21 1 6913 0 0
W 0 0 37 \03\04\05
J R 9 213 42 46 1 10000 0
J B 346 330 1 82 6913 1728 0
J D 0 362 0 1 1 0 0
W 0 -31 32 Bassi
J N 7 362 52 5 1 0 0
K -18 0 193
K 0 0 171
K 0 0 187
K 0 -21 187
A D 2 8
J R 9 400 126 2 1 10000 0
K 0 0 46
A D 6 8
J N 7 414 52 4 2305 576 0
K 0 0 171
K 0 0 187
K 0 -21 187
A D 2 8
J N 7 460 63 4 4609 576 0
K 0 0 171
K 0 0 187
K 0 -21 187
A D 2 8
J B 347 512 1 82 6913 576 0
J N 7 544 73 4 1 0 0
K 0 0 171
K 0 0 187
K 0 -21 187
A D 2 8
J R 9 579 126 2 1 10000 0
K 0 0 46
A D 6 8
J N 7 590 73 4 2305 576 0
K 0 0 171
K 0 0 187
K 0 -21 187
A D 2 8
J N 7 636 84 5 4609 576 0
K -18 0 193
K 0 0 171
K 0 0 187
K 0 -21 187
A D 2 8
J B 348 688 1 82 6913 576 0
J S 4 772 31 8 4 576 0
K 0 0 62
K 0 5 62
K 282 11 92
K 252 11 92
K 222 11 92
K 192 11 92
K 162 11 92
K 132 11 92
K 102 11 92
K 72 11 92
K 42 11 92
K 12 11 92
K 0 11 92
K 312 0 62
K 312 5 62
K 141 11 75
J B 352 1168 1 82 6913 1 0
J R 7 1200 42 2 1 0 0
K 0 0 48
A D 2 8
J R 7 1246 42 2 2305 576 0
K 0 0 48
A D 2 8
J N 7 1292 31 5 4609 576 0
K 0 0 43
K 0 107 110
K 0 0 60
K 0 32 60
A D 2 8
J B 353 1344 1 82 6913 576 0
J D 0 1334 0 19 1 0 0
W 0 -42 47 C
K -21 -114 90
K -21 -26 90
K 9 -114 90
K 9 -26 90
K 39 -114 90
K 39 -26 90
K 56 -114 90
K 56 -26 90
K -21 -114 89
K 82 -114 89
K -21 -93 89
K 82 -93 89
K -21 -72 89
K 82 -72 89
K -21 -51 89
K 82 -51 89
K -21 -47 89
K 82 -47 89
J N 7 1376 31 4 1 0 0
K 0 0 43
K 0 0 60
K 0 32 60
A D 2 8
J R 7 1422 42 2 2305 576 0
K 0 0 48
A D 2 8
J N 7 1468 31 4 4609 576 0
K 0 0 43
K 0 0 60
K 0 32 60
A D 2 8
J B 354 1520 1 82 6913 576 0
J N 7 1552 31 4 1 0 0
K 0 0 43
K 0 0 60
K 0 32 60
A D 2 8
J R 7 1598 42 2 2305 576 0
K 0 0 48
A D 2 8
J N 7 1644 31 4 4609 576 0
K 0 0 43
K 0 0 60
K 0 32 60
A D 2 8
J B 355 1696 1 82 6913 576 0
J N 8 1734 52 8 1 0 1 108
K -23 0 65
K 0 0 42
K 38 0 44
K 0 80 110
K 30 80 110
K 0 0 59
K 0 -31 59
A D 6 8
J B 356 1822 1 82 6913 1728 0
J N 8 1858 52 6 1 0 2 109 108
k -23 0 65
K 0 0 42
K 38 0 44
K 0 0 59
K 0 -31 59
A D 6 8
H 108 T 52 0 0 0 0 0 9 0
J B 357 1946 1 82 6913 1728 0
J N 8 1982 52 6 1 0 2 110 109
k -23 0 65
K 0 0 42
K 38 0 44
K 0 0 59
K 0 -31 59
A D 6 8
H 109 T 52 0 0 0 0 0 9 0
J B 358 2070 1 82 6913 1728 0
J N 7 2106 52 5 1 0 2 111 110
k -23 0 65
K 0 0 43
K 0 0 59
K 0 -31 59
A D 2 8
H 110 T 52 0 0 0 0 0 9 0
J N 7 2152 42 4 2305 576 1 111
K 0 0 43
K 0 0 60
K 0 31 60
A D 2 8
H 111 S 0 21 0 0 0 0 0 0 0
J N 7 2198 42 5 4609 576 0
K 0 0 43
K 0 -32 96
K 0 0 60
K 0 31 60
A D 2 8
J B 359 2250 1 82 6913 576 0
E *
B 1 330 0
B 1 512 0
B 1 688 0
B 1 1168 0
B 1 1344 0
B 1 1520 0
B 1 1696 0
B 1 1822 0
B 1 1946 0
B 1 2070 0
B 1 2250 0
S 0 100 450 2250 84 1 "(.)"
L 0 0 0 269 269 * 0 21 0
J C 4 7 63 2 6913 0 0
K 0 0 33
K 0 0 34
J K -1 85 0 1 6913 0 0
K 0 42 65
J D 0 -39 -21 1 6913 0 0
W 0 0 37 \03\05\09
J N 8 170 42 5 1 0 1 112
K 0 0 42
K 36 -9 44
K 0 0 60
K 0 31 60
A D 6 8
J B 360 258 1 82 6913 1728 0
J N 8 290 42 5 1 0 2 113 112
K 0 0 42
K 36 -9 44
K 0 0 60
K 0 31 60
A D 6 8
H 112 T 42 0 0 0 0 0 5 0
J B 361 378 1 82 6913 1728 0
J N 8 410 42 5 1 0 2 114 113
K 0 0 42
K 36 -9 44
K 0 0 60
K 0 31 60
A D 6 8
H 113 T 42 0 0 0 0 0 5 0
J B 362 498 1 82 6913 1728 0
J N 7 530 42 4 1 0 2 115 114
K 0 0 43
K 0 0 60
K 0 31 60
A D 2 8
H 114 T 42 0 0 0 0 0 5 0
J N 7 576 31 4 2305 576 1 115
K 0 0 43
K 0 0 60
K 0 32 60
A D 2 8
H 115 S 0 0 0 0 0 0 0 0 0
J N 7 622 31 5 4609 576 0
K 0 0 43
K 0 -21 96
K 0 0 60
K 0 32 60
A D 2 8
J B 363 674 1 82 6913 576 0
J S 4 716 31 9 12 576 0
K 0 0 62
K 0 5 62
K 179 11 92
K 149 11 92
K 119 11 92
K 89 11 92
K 59 11 92
K 29 11 92
K 0 11 92
K 209 0 62
K 209 5 62
K 104 11 73
K 73 11 72
J B 375 967 1 82 6913 1 0
J D 0 999 0 1 1 0 0
W 0 -31 32 Vln. 1
J N 7 999 42 4 1 0 0
K 0 0 171
K 0 0 188
K 0 21 188
A D 2 8
J R 9 1037 147 2 1 10000 0
K 0 0 46
A D 6 8
J N 7 1051 42 4 2305 576 0
K 0 0 171
K 0 0 188
K 0 21 188
A D 2 8
J N 7 1097 52 5 4609 576 0
K -18 0 193
K 0 0 171
K 0 0 188
K 0 11 188
A D 2 8
J B 376 1149 1 82 6913 576 0
J N 8 1182 21 5 1 0 1 116
K -18 0 193
K 0 0 170
K 0 0 188
K 0 21 188
A D 4 8
J R 9 1202 126 2 1 10000 0
K 0 0 46
A D 6 8
J N 7 1246 31 4 4609 1152 1 116
K 0 0 171
K 0 0 188
K 0 21 188
A D 2 8
H 116 S 0 0 0 0 0 0 0 0 0
J B 377 1298 1 82 6913 576 0
J N 8 1330 0 4 1 0 1 117
K 0 0 170
K 0 0 188
K 0 21 188
A D 4 8
J R 9 1354 126 2 1 10000 0
K 0 0 46
A D 6 8
J N 7 1400 10 5 4609 1152 1 117
K -18 0 193
K 0 0 171
K 0 0 188
K 0 21 188
A D 2 8
H 117 S 0 0 0 0 0 0 0 0 0
J B 378 1452 1 82 6913 576 0
J N 8 1485 -21 8 1 0 1 118
K 0 0 173
K -18 0 193
K 0 0 170
K -1 0 173
K 6 0 173
K 0 0 188
K 0 21 188
A D 4 8
J R 9 1505 126 2 1 10000 0
K 0 0 46
A D 6 8
J N 7 1549 -11 4 4609 1152 1 118
K 0 0 171
K 0 0 188
K 0 21 188
A D 2 8
H 118 S 0 0 0 0 0 0 0 0 0
J B 379 1601 1 82 6913 576 0
J S 4 1643 31 8 3 576 0
K 0 0 62
K 0 5 62
K 177 11 92
K 147 11 92
K 117 11 92
K 87 11 92
K 57 11 92
K 27 11 92
K 0 11 92
K 207 0 62
K 207 5 62
K 88 11 74
J B 382 1892 1 82 6913 1 0
J N 7 1924 63 5 1 0 0
K 0 0 43
K 0 58 108
K 0 0 59
K 0 -32 59
A D 2 8
J N 7 1970 63 4 2305 576 0
K 0 0 43
K 0 0 59
K 0 -32 59
A D 2 8
J N 7 2016 63 4 4609 576 0
K 0 0 43
K 0 0 59
K 0 -32 59
A D 2 8
J B 383 2068 1 82 6913 576 0
J R 9 2138 42 46 1 10000 0
J B 384 2250 1 82 6913 1728 0
E *
B 1 258 0
B 1 378 0
B 1 498 0
B 1 674 0
B 1 967 0
B 1 1149 0
B 1 1298 0
B 1 1452 0
B 1 1601 0
B 1 1892 0
B 1 2068 0
B 1 2250 0
S 0 100 760 2250 84 1 "(.)"
L 0 0 0 269 269 * 0 21 0
J C 4 7 63 2 6913 0 0
K 0 0 33
K 0 0 34
J K -1 85 0 1 6913 0 0
K 0 42 65
J D 0 -39 -21 1 6913 0 0
W 0 0 37 \03\08\04
J N 7 170 63 4 1 0 0
K 0 0 43
K 0 0 59
K 0 -32 59
A D 2 8
J N 7 216 63 4 2305 576 0
K 0 0 43
K 0 0 59
K 0 -32 59
A D 2 8
J N 7 262 63 4 4609 576 0
K 0 0 43
K 0 0 59
K 0 -32 59
A D 2 8
J B 385 314 1 82 6913 576 0
J R 9 416 42 46 1 10000 0
J B 386 561 1 82 6913 1728 0
J N 7 593 63 4 1 0 0
K 0 0 43
K 0 0 59
K 0 -32 59
A D 2 8
J N 7 639 63 4 2305 576 0
K 0 0 43
K 0 0 59
K 0 -32 59
A D 2 8
J N 7 685 63 4 4609 576 0
K 0 0 43
K 0 0 59
K 0 -32 59
A D 2 8
J B 387 737 1 82 6913 576 0
J R 9 839 42 46 1 10000 0
J B 388 984 1 82 6913 1728 0
J N 7 1016 63 4 1 0 0
K 0 0 43
K 0 0 59
K 0 -32 59
A D 2 8
J N 7 1062 63 4 2305 576 0
K 0 0 43
K 0 0 59
K 0 -32 59
A D 2 8
J N 7 1108 63 4 4609 576 0
K 0 0 43
K 0 0 59
K 0 -32 59
A D 2 8
J B 389 1160 1 82 6913 576 0
J R 9 1262 42 46 1 10000 0
J B 390 1407 1 82 6913 1728 0
J N 7 1439 31 6 1 0 0
K 0 0 43
K 0 116 110
K 30 116 110
K 0 0 60
K 0 32 60
A D 2 8
J N 7 1485 31 4 2305 576 0
K 0 0 43
K 0 0 60
K 0 32 60
A D 2 8
J N 7 1531 31 4 4609 576 0
K 0 0 43
K 0 0 60
K 0 32 60
A D 2 8
J B 391 1583 1 82 6913 576 0
J R 9 1685 42 46 1 10000 0
J B 392 1830 1 82 6913 1728 0
J N 7 1862 31 4 1 0 0
K 0 0 43
K 0 0 60
K 0 32 60
A D 2 8
J N 7 1908 31 4 2305 576 0
K 0 0 43
K 0 0 60
K 0 32 60
A D 2 8
J N 7 1954 31 4 4609 576 0
K 0 0 43
K 0 0 60
K 0 32 60
A D 2 8
J B 393 2006 1 82 6913 576 0
J R 9 2107 42 46 1 10000 0
J B 394 2250 1 82 6913 1728 0
E *
B 1 314 0
B 1 561 0
B 1 737 0
B 1 984 0
B 1 1160 0
B 1 1407 0
B 1 1583 0
B 1 1830 0
B 1 2006 0
B 1 2250 0
S 0 100 1070 2250 84 1 "(.)"
L 0 0 0 269 269 * 0 21 0
J C 4 7 63 2 6913 0 0
K 0 0 33
K 0 0 34
J K -1 85 0 1 6913 0 0
K 0 42 65
J D 0 -39 -21 1 6913 0 0
W 0 0 37 \03\09\04
J N 7 170 31 4 1 0 0
K 0 0 43
K 0 0 60
K 0 32 60
A D 2 8
J N 7 216 31 4 2305 576 0
K 0 0 43
K 0 0 60
K 0 32 60
A D 2 8
J N 7 262 31 4 4609 576 0
K 0 0 43
K 0 0 60
K 0 32 60
A D 2 8
J B 395 314 1 82 6913 576 0
J R 9 390 42 46 1 10000 0
J B 396 509 1 82 6913 1728 0
J N 7 541 31 4 1 0 0
K 0 0 43
K 0 0 60
K 0 32 60
A D 2 8
J N 7 587 31 4 2305 576 0
K 0 0 43
K 0 0 60
K 0 32 60
A D 2 8
J N 7 633 31 4 4609 576 0
K 0 0 43
K 0 0 60
K 0 32 60
A D 2 8
J B 397 685 1 82 6913 576 0
J R 9 761 42 46 1 10000 0
J B 398 879 1 82 6913 1728 0
J N 7 911 31 4 1 0 0
K 0 0 43
K 0 0 60
K 0 32 60
A D 2 8
J N 7 957 31 4 2305 576 0
K 0 0 43
K 0 0 60
K 0 32 60
A D 2 8
J N 7 1003 31 4 4609 576 0
K 0 0 43
K 0 0 60
K 0 32 60
A D 2 8
J B 399 1055 1 82 6913 576 0
J N 7 1087 31 4 1 0 0
K 0 0 43
K 0 0 60
K 0 32 60
A D 2 8
J N 7 1133 31 4 2305 576 0
K 0 0 43
K 0 0 60
K 0 32 60
A D 2 8
J N 7 1179 31 4 4609 576 0
K 0 0 43
K 0 0 60
K 0 32 60
A D 2 8
J B 400 1231 1 82 6913 576 0
J N 7 1263 31 4 1 0 0
K 0 0 43
K 0 0 60
K 0 32 60
A D 2 8
J R 7 1309 42 2 2305 576 0
K 0 0 48
A D 2 8
J R 7 1355 42 2 4609 576 0
K 0 0 48
A D 2 8
J B 401 1407 1 82 6913 576 0
J S 4 1491 31 8 3 576 0
K 0 0 62
K 0 5 62
K 282 11 92
K 252 11 92
K 222 11 92
K 192 11 92
K 162 11 92
K 132 11 92
K 102 11 92
K 72 11 92
K 42 11 92
K 12 11 92
K 0 11 92
K 312 0 62
K 312 5 62
K 141 11 74
J B 404 1887 1 82 6913 1 0
J R 7 1919 42 2 1 0 0
K 0 0 48
A D 2 8
J R 7 1965 42 2 2305 576 0
K 0 0 48
A D 2 8
J N 7 2022 52 5 4609 576 0
K -23 0 65
K 0 0 43
K 0 0 59
K 0 -31 59
A D 2 8
J B 405 2074 1 82 6913 576 0
J N 7 2106 31 4 1 0 0
K 0 0 43
K 0 0 60
K 0 32 60
A D 2 8
J R 7 2152 42 2 2305 576 0
K 0 0 48
A D 2 8
J R 7 2198 42 2 4609 576 0
K 0 0 48
A D 2 8
J B 406 2250 1 82 6913 576 0
E *
B 1 314 0
B 1 509 0
B 1 685 0
B 1 879 0
B 1 1055 0
B 1 1231 0
B 1 1407 0
B 1 1887 0
B 1 2074 0
B 1 2250 0
S 0 100 1380 2250 84 1 "(.)"
L 0 0 0 269 269 * 0 21 0
J C 4 7 63 2 6913 0 0
K 0 0 33
K 0 0 34
J K -1 85 0 1 6913 0 0
K 0 42 65
J D 0 -39 -21 1 6913 0 0
W 0 0 37 \04\00\06
J N 7 170 31 4 1 0 0
K 0 0 43
K 0 0 60
K 0 32 60
A D 2 8
J R 7 228 42 2 2305 576 0
K 0 0 48
A D 2 8
J R 7 286 42 2 4609 576 0
K 0 0 48
A D 2 8
J B 407 344 1 82 6913 576 0
J N 7 376 31 4 1 0 0
K 0 0 43
K 0 0 60
K 0 32 60
A D 2 8
J R 7 434 42 2 2305 576 0
K 0 0 48
A D 2 8
J R 7 492 42 2 4609 576 0
K 0 0 48
A D 2 8
J B 408 550 1 82 6913 576 0
J N 7 582 31 4 1 0 0
K 0 0 43
K 0 0 60
K 0 32 60
A D 2 8
J R 7 640 42 2 2305 576 0
K 0 0 48
A D 2 8
J R 7 698 42 2 4609 576 0
K 0 0 48
A D 2 8
J B 409 755 1 82 6913 576 0
J N 7 787 31 4 1 0 0
K 0 0 43
K 0 0 60
K 0 32 60
A D 2 8
J R 7 844 42 2 2305 576 0
K 0 0 48
A D 2 8
J R 7 901 42 2 4609 576 0
K 0 0 48
A D 2 8
J B 410 958 1 82 6913 576 0
J S 4 1042 31 8 3 576 0
K 0 0 62
K 0 5 62
K 298 11 92
K 268 11 92
K 238 11 92
K 208 11 92
K 178 11 92
K 148 11 92
K 118 11 92
K 88 11 92
K 58 11 92
K 28 11 92
K 0 11 92
K 328 0 62
K 328 5 62
K 149 11 74
J B 413 1454 5 2 6913 1 0
K -13 0 82
K 0 0 82
J D 5 1486 -60 1 1 0 0
W 0 0 35 Assai meno presto
J D 0 1549 0 1 1 0 0
W 0 151 36 dolce
J N 8 1486 52 5 1 0 3 120 121 119
K 0 0 42
K 0 86 108
K 0 0 59
K 0 -31 59
A D 4 8
J M 0 1567 0 0 4609 1152 1 119
H 119 W 0 31 10 186 10 186
J N 6 1567 52 2 4609 0 3 123 120 122
K 0 0 43
A D 1 8
H 120 T 52 0 0 0 0 0 9 0
J N 6 1605 63 2 5761 288 1 123
K 0 0 43
A D 1 8
H 123 B 62 4 112 2 2 3
J B 414 1649 1 82 6913 288 0
J N 7 1681 52 4 1 0 2 121 122
K 0 0 43
K 0 0 59
K 0 -31 59
A D 2 8
H 122 W 31 0 52 186 21 186
H 121 S 12 0 0 0 0 0 0 0 0
J R 7 1738 42 2 2305 576 0
K 0 0 48
A D 2 8
J R 7 1795 42 2 4609 576 0
K 0 0 48
A D 2 8
J B 415 1852 1 82 6913 576 0
J N 8 1884 52 4 1 0 3 125 126 124
K 0 0 42
K 0 0 59
K 0 -31 59
A D 4 8
J M 0 1965 0 0 4609 1152 1 124
H 124 W 0 31 10 151 10 151
J N 6 1965 52 2 4609 0 3 128 125 127
K 0 0 43
A D 1 8
H 125 T 52 0 0 0 0 0 9 0
J N 6 2003 63 2 5761 288 1 128
K 0 0 43
A D 1 8
H 128 B 62 4 112 2 2 3
J B 416 2047 1 82 6913 288 0
J N 7 2079 52 4 1 0 2 126 127
K 0 0 43
K 0 0 59
K 0 -31 59
A D 2 8
H 127 W 31 0 52 151 21 151
H 126 S 12 0 0 0 0 0 0 0 0
J R 7 2136 42 2 2305 576 0
K 0 0 48
A D 2 8
J R 7 2193 42 2 4609 576 0
K 0 0 48
A D 2 8
J B 417 2250 1 82 6913 576 0
E *
B 1 344 0
B 1 550 0
B 1 755 0
B 1 958 0
B 5 1454 0
B 1 1649 0
B 1 1852 0
B 1 2047 0
B 1 2250 0
S 0 100 1690 2250 84 1 "(.)"
L 0 0 0 269 269 * 0 21 0
J C 4 7 63 2 6913 0 0
K 0 0 33
K 0 0 34
J K -1 85 0 1 6913 0 0
K 0 42 65
J D 0 -39 -21 1 6913 0 0
W 0 0 37 \04\01\07
J N 8 170 52 4 1 0 1 129
K 0 0 42
K 0 0 59
K 0 -31 59
A D 4 8
J N 7 279 42 4 4609 1152 0
K 0 0 43
K 0 0 60
K 0 31 60
A D 2 8
J B 418 357 1 82 6913 576 0
J N 7 389 0 4 1 0 0
K 0 0 43
K 0 0 60
K 0 31 60
A D 2 8
J N 7 467 -11 4 2305 576 1 129
K 0 0 43
K 0 0 60
K 0 32 60
A D 2 8
H 129 S 0 21 0 0 0 0 0 0 0
J N 7 545 0 5 4609 576 0
K 0 0 43
K 0 -26 96
K 0 0 60
K 0 31 60
A D 2 8
J B 419 623 1 82 6913 576 0
J N 7 655 10 4 1 0 0
K 0 0 43
K 0 0 60
K 0 32 60
A D 2 8
J R 7 732 42 2 2305 576 0
K 0 0 48
A D 2 8
J R 7 809 42 2 4609 576 0
K 0 0 48
A D 2 8
J B 420 886 1 82 6913 576 0
J R 9 1038 42 46 1 10000 0
J B 421 1232 1 82 6913 1728 0
J N 8 1264 10 4 1 0 3 131 132 130
K 0 0 42
K 0 0 60
K 0 32 60
A D 4 8
J M 0 1372 0 0 4609 1152 1 130
H 130 W 0 31 10 142 10 142
J N 6 1372 10 2 4609 0 3 134 131 133
K 0 0 43
A D 1 8
H 131 T 10 0 0 0 0 0 1 0
J N 6 1437 21 3 5761 288 1 134
K -25 0 63
K 0 0 43
A D 1 8
H 134 B -76 3 112 2 2 3
J B 422 1478 1 82 6913 288 0
J N 7 1510 10 4 1 0 2 132 133
K 0 0 43
K 0 0 60
K 0 32 60
A D 2 8
H 133 W 31 0 52 142 21 142
H 132 S 0 0 0 0 0 0 0 0 0
J R 7 1587 42 2 2305 576 0
K 0 0 48
A D 2 8
J R 7 1664 42 2 4609 576 0
K 0 0 48
A D 2 8
J B 423 1741 1 82 6913 576 0
J N 8 1773 10 4 1 0 3 136 137 135
K 0 0 42
K 0 0 60
K 0 32 60
A D 4 8
J M 0 1881 0 0 4609 1152 1 135
H 135 W 0 31 10 142 10 142
J N 6 1881 10 2 4609 0 3 139 136 138
K 0 0 43
A D 1 8
H 136 T 10 0 0 0 0 0 1 0
J N 6 1946 21 3 5761 288 1 139
K -25 0 63
K 0 0 43
A D 1 8
H 139 B -76 3 112 2 2 3
J B 424 1987 1 82 6913 288 0
J N 7 2019 10 4 1 0 2 137 138
K 0 0 43
K 0 0 60
K 0 32 60
A D 2 8
H 138 W 31 0 52 142 21 142
H 137 S 0 0 0 0 0 0 0 0 0
J R 7 2096 42 2 2305 576 0
K 0 0 48
A D 2 8
J R 7 2173 42 2 4609 576 0
K 0 0 48
A D 2 8
J B 425 2250 1 82 6913 576 0
E *
B 1 357 0
B 1 623 0
B 1 886 0
B 1 1232 0
B 1 1478 0
B 1 1741 0
B 1 1987 0
B 1 2250 0
S 0 100 2000 2250 84 1 "(.)"
L 0 0 0 269 269 * 0 21 0
J C 4 7 63 2 6913 0 0
K 0 0 33
K 0 0 34
J K -1 85 0 1 6913 0 0
K 0 42 65
J D 0 -39 -21 1 6913 0 0
W 0 0 37 \04\02\05
J N 8 170 10 4 1 0 1 140
K 0 0 42
K 0 0 60
K 0 32 60
A D 4 8
J N 7 234 0 4 4609 1152 0
K 0 0 43
K 0 0 60
K 0 31 60
A D 2 8
J B 426 286 1 82 6913 576 0
J N 7 318 -21 7 1 0 0
K 0 0 45
K 0 0 43
K -1 0 45
K 6 0 45
K 0 0 60
K 0 31 60
A D 2 8
J N 7 364 -11 4 2305 576 1 140
K 0 0 43
K 0 0 60
K 0 32 60
A D 2 8
H 140 S 0 0 0 0 -10 0 0 0 0
J N 7 410 42 5 4609 576 0
K 0 0 43
K 0 -32 96
K 0 0 60
K 0 31 60
A D 2 8
J B 427 462 1 82 6913 576 0
J N 7 494 52 4 1 0 0
K 0 0 43
K 0 0 59
K 0 -31 59
A D 2 8
J R 7 540 42 2 2305 576 0
K 0 0 48
A D 2 8
J R 7 586 42 2 4609 576 0
K 0 0 48
A D 2 8
J B 428 638 1 82 6913 576 0
J R 9 719 42 46 1 10000 0
J B 429 842 1 82 6913 1728 0
J S 0 874 165 108 1 0 1 141
J N 8 874 73 4 1 0 2 142 143
K 0 0 42
K 0 0 59
K 0 -31 59
A D 4 8
J M 0 938 0 0 4609 1152 1 141
H 141 W 0 31 44 165 10 165
J N 6 938 73 2 4609 0 3 145 142 144
K 0 0 43
A D 1 8
H 142 T 73 0 0 0 0 0 9 0
J N 6 978 63 2 5761 288 1 145
K 0 0 43
A D 1 8
H 145 B 76 -3 112 2 2 3
J B 430 1019 1 82 6913 288 0
J N 7 1051 73 4 1 0 2 143 144
K 0 0 43
K 0 0 59
K 0 -31 59
A D 2 8
H 144 W 31 0 52 165 21 165
H 143 S 12 0 0 0 0 0 0 0 0
J R 7 1097 42 2 2305 576 0
K 0 0 48
A D 2 8
J R 7 1143 42 2 4609 576 0
K 0 0 48
A D 2 8
J B 431 1195 1 82 6913 576 0
J N 8 1227 73 4 1 0 3 147 148 146
K 0 0 42
K 0 0 59
K 0 -31 59
A D 4 8
J M 0 1291 0 0 4609 1152 1 146
H 146 W 0 31 10 165 10 165
J N 6 1291 73 2 4609 0 3 150 147 149
K 0 0 43
A D 1 8
H 147 T 73 0 0 0 0 0 9 0
J N 6 1331 63 2 5761 288 1 150
K 0 0 43
A D 1 8
H 150 B 76 -3 112 2 2 3
J B 432 1372 1 82 6913 288 0
J N 7 1404 73 4 1 0 2 148 149
K 0 0 43
K 0 0 59
K 0 -31 59
A D 2 8
H 149 W 31 0 52 165 21 165
H 148 S 12 0 0 0 0 0 0 0 0
J R 7 1450 42 2 2305 576 0
K 0 0 48
A D 2 8
J R 7 1496 42 2 4609 576 0
K 0 0 48
A D 2 8
J B 433 1548 1 82 6913 576 0
J N 8 1580 73 4 1 0 1 151
K 0 0 42
K 0 0 59
K 0 -31 59
A D 4 8
J N 7 1644 63 4 4609 1152 1 151
K 0 0 43
K 0 0 59
K 0 -32 59
A D 2 8
H 151 S 12 0 0 0 0 0 0 0 0
J B 434 1696 1 82 6913 576 0
J N 7 1728 73 4 1 0 1 152
K 0 0 43
K 0 0 59
K 0 -31 59
A D 2 8
J N 7 1774 63 4 2305 576 1 152
K 0 0 43
K 0 0 59
K 0 -32 59
A D 2 8
H 152 S 12 0 0 0 0 0 0 0 0
J N 7 1820 73 5 4609 576 0
K 0 0 43
K 0 26 96
K 0 0 59
K 0 -31 59
A D 2 8
J B 435 1872 1 82 6913 576 0
J N 7 1904 84 4 1 0 0
K 0 0 43
K 0 0 59
K 0 -32 59
A D 2 8
J R 7 1950 42 2 2305 576 0
K 0 0 48
A D 2 8
J R 7 1996 42 2 4609 576 0
K 0 0 48
A D 2 8
J B 436 2048 1 82 6913 576 0
J R 9 2128 42 46 1 10000 0
J B 437 2250 1 82 6913 1728 0
E *
B 1 286 0
B 1 462 0
B 1 638 0
B 1 842 0
B 1 1019 0
B 1 1195 0
B 1 1372 0
B 1 1548 0
B 1 1696 0
B 1 1872 0
B 1 2048 0
B 1 2250 0
S 0 100 2310 2250 84 1 "(.)"
L 0 0 0 269 269 * 0 21 0
J C 4 7 63 2 6913 0 0
K 0 0 33
K 0 0 34
J K -1 85 0 1 6913 0 0
K 0 42 65
J D 0 -39 -21 1 6913 0 0
W 0 0 37 \04\03\07
J N 8 170 42 4 1 0 3 154 155 153
K 0 0 42
K 0 0 60
K 0 31 60
A D 4 8
J M 0 234 0 0 4609 1152 1 153
H 153 W 0 31 10 155 10 155
J N 6 234 42 2 4609 0 3 157 154 156
K 0 0 43
A D 1 8
H 154 T 42 0 0 0 0 0 5 0
J N 6 274 31 2 5761 288 1 157
K 0 0 43
A D 1 8
H 157 B -70 -4 112 2 2 3
J B 438 315 1 82 6913 288 0
J N 7 347 42 4 1 0 2 155 156
K 0 0 43
K 0 0 60
K 0 31 60
A D 2 8
H 156 W 31 0 52 155 21 155
H 155 S 0 0 0 0 0 0 0 0 0
J R 7 393 42 2 2305 576 0
K 0 0 48
A D 2 8
J R 7 439 42 2 4609 576 0
K 0 0 48
A D 2 8
J B 439 491 1 82 6913 576 0
J N 8 523 42 4 1 0 3 159 160 158
K 0 0 42
K 0 0 60
K 0 31 60
A D 4 8
J M 0 587 0 0 4609 1152 1 158
H 158 W 0 31 10 155 10 155
J N 6 587 42 2 4609 0 3 162 159 161
K 0 0 43
A D 1 8
H 159 T 42 0 0 0 0 0 5 0
J N 6 627 31 2 5761 288 1 162
K 0 0 43
A D 1 8
H 162 B -70 -4 112 2 2 3
J B 440 668 1 82 6913 288 0
J N 7 700 42 4 1 0 2 160 161
K 0 0 43
K 0 0 60
K 0 31 60
A D 2 8
H 161 W 31 0 52 155 21 155
H 160 S 0 0 0 0 0 0 0 0 0
J R 7 746 42 2 2305 576 0
K 0 0 48
A D 2 8
J R 7 792 42 2 4609 576 0
K 0 0 48
A D 2 8
J B 441 844 1 82 6913 576 0
J N 8 876 63 4 1 0 1 163
K 0 0 42
K 0 0 59
K 0 -32 59
A D 4 8
J N 7 940 73 4 4609 1152 1 163
K 0 0 43
K 0 0 59
K 0 -31 59
A D 2 8
H 163 S 12 0 0 0 0 0 0 0 0
J B 442 992 1 82 6913 576 0
J N 7 1024 73 4 1 0 1 164
K 0 0 43
K 0 0 59
K 0 -31 59
A D 2 8
J N 7 1070 84 4 2305 576 1 164
K 0 0 43
K 0 0 59
K 0 -32 59
A D 2 8
H 164 S 12 0 0 0 0 0 0 0 0
J N 7 1116 42 5 4609 576 0
K 0 0 43
K 0 -32 96
K 0 0 60
K 0 31 60
A D 2 8
J B 443 1168 1 82 6913 576 0
J N 7 1200 52 4 1 0 0
K 0 0 43
K 0 0 59
K 0 -31 59
A D 2 8
J R 7 1246 42 2 2305 576 0
K 0 0 48
A D 2 8
J R 7 1292 42 2 4609 576 0
K 0 0 48
A D 2 8
J B 444 1344 1 82 6913 576 0
J R 9 1431 42 2 1 10000 0
K 0 0 46
A D 6 8
J B 445 1560 9 4 6913 1728 0
K 0 0 84
K 19 0 82
K 29 31 44
K 29 52 44
J D 0 1689 0 1 1 0 0
W 0 147 36 dolce
J N 8 1626 52 6 1 0 2 165 166
K 0 0 42
K 38 0 44
K 0 88 108
K 0 0 59
K 0 -31 59
A D 6 8
J B 446 1714 1 82 6913 1728 0
J N 8 1746 52 4 1 0 1 165
K 0 0 42
K 0 0 59
K 0 -31 59
A D 4 8
H 165 T 52 0 0 0 0 0 9 0
J N 7 1810 42 4 4609 1152 1 166
K 0 0 43
K 0 0 60
K 0 31 60
A D 2 8
H 166 S 0 21 -31 0 -32 2 0 0 0
J B 447 1862 1 82 6913 576 0
J N 8 1894 63 5 1 0 2 167 168
K 0 0 42
K 36 -9 44
K 0 0 59
K 0 -32 59
A D 6 8
J B 448 1982 1 82 6913 1728 0
J N 8 2014 63 4 1 0 1 167
K 0 0 42
K 0 0 59
K 0 -32 59
A D 4 8
H 167 T 63 0 0 0 0 0 13 0
J N 7 2078 52 4 4609 1152 1 168
K 0 0 43
K 0 0 59
K 0 -31 59
A D 2 8
H 168 S 12 0 0 0 0 0 0 0 0
J B 449 2130 1 82 6913 576 0
J N 8 2162 73 5 1 0 0
K 0 0 42
K 38 0 44
K 0 0 59
K 0 -31 59
A D 6 8
J B 450 2250 1 82 6913 1728 0
E *
B 1 315 0
B 1 491 0
B 1 668 0
B 1 844 0
B 1 992 0
B 1 1168 0
B 1 1344 0
B 9 1560 0
B 1 1714 0
B 1 1862 0
B 1 1982 0
B 1 2130 0
B 1 2250 0
S 0 100 2620 2250 84 1 "(.)"
L 0 0 0 269 269 * 0 21 0
J C 4 7 63 2 6913 0 0
K 0 0 33
K 0 0 34
J K -1 85 0 1 6913 0 0
K 0 42 65
J D 0 -39 -21 1 6913 0 0
W 0 0 37 \04\05\00
J G 5 170 63 2 1 0 2 169 170
K 0 0 171
A D 0 8
J G 5 198 73 2 1 0 1 170
K 0 0 171
A D 0 8
J G 5 226 84 2 1 0 1 170
K 0 0 171
A D 0 8
H 170 B 65 4 109 3 22 11 33
J N 7 254 73 4 1 0 0
K 0 0 43
K 0 0 59
K 0 -31 59
A D 2 8
J N 7 299 52 4 2305 576 0
K 0 0 43
K 0 0 59
K 0 -31 59
A D 2 8
J N 7 344 63 4 4609 576 1 169
K 0 0 43
K 0 0 59
K 0 -32 59
A D 2 8
H 169 S 12 0 0 0 0 0 0 0 0
J B 451 396 1 82 6913 576 0
J N 8 428 73 5 1 0 1 171
K 0 0 42
K 38 0 44
K 0 0 59
K 0 -31 59
A D 6 8
J B 452 516 1 82 6913 1728 0
J N 7 548 84 4 1 0 1 171
K 0 0 43
K 0 0 59
K 0 -32 59
A D 2 8
H 171 S 12 0 0 0 0 0 0 0 0
J R 7 593 42 2 2305 576 0
K 0 0 48
A D 2 8
J R 7 638 42 2 4609 576 0
K 0 0 48
A D 2 8
J B 453 690 1 82 6913 576 0
J N 8 722 52 5 1 0 2 172 173
K 0 0 42
K 38 0 44
K 0 0 59
K 0 -31 59
A D 6 8
J B 454 810 1 82 6913 1728 0
J N 7 842 52 4 1 0 1 172
K 0 0 43
K 0 0 59
K 0 -31 59
A D 2 8
H 172 T 52 0 0 0 0 0 9 0
J N 7 887 31 4 2305 576 0
K 0 0 43
K 0 0 60
K 0 32 60
A D 2 8
J N 7 932 42 4 4609 576 1 173
K 0 0 43
K 0 0 60
K 0 31 60
A D 2 8
H 173 S 0 21 -52 0 0 3 0 0 0
J B 455 984 1 82 6913 576 0
J N 8 1016 52 4 1 0 1 174
K 0 0 42
K 0 0 59
K 0 -31 59
A D 4 8
J N 7 1080 63 4 4609 1152 1 175
K 0 0 43
K 0 0 59
K 0 -32 59
A D 2 8
J B 456 1132 1 82 6913 576 0
J N 7 1164 63 4 1 0 1 175
K 0 0 43
K 0 0 59
K 0 -32 59
A D 2 8
H 175 T 63 0 0 0 0 0 13 0
J N 7 1209 42 4 2305 576 0
K 0 0 43
K 0 0 60
K 0 31 60
A D 2 8
J N 7 1254 52 4 4609 576 1 174
K 0 0 43
K 0 0 59
K 0 -31 59
A D 2 8
H 174 S 12 0 12 0 42 2 0 0 0
J B 457 1306 1 82 6913 576 0
J N 7 1338 63 4 1 0 2 177 176
K 0 0 43
K 0 0 59
K 0 -32 59
A D 2 8
J N 7 1384 73 4 2305 576 0
K 0 0 43
K 0 0 59
K 0 -31 59
A D 2 8
J N 7 1430 52 4 4609 576 1 176
K 0 0 43
K 0 0 59
K 0 -31 59
A D 2 8
H 176 W 0 31 10 170 52 170
J B 458 1482 1 82 6913 576 0
J N 7 1514 52 4 1 0 1 178
K 0 0 43
K 0 0 59
K 0 -31 59
A D 2 8
J N 7 1560 52 4 2305 576 0
K 0 0 43
K 0 0 59
K 0 -31 59
A D 2 8
J N 7 1606 73 4 4609 576 2 177 178
K 0 0 43
K 0 0 59
K 0 -31 59
A D 2 8
H 178 W 31 0 10 170 42 170
H 177 S 12 0 0 0 0 0 0 0 0
J B 459 1658 1 82 6913 576 0
J N 8 1690 84 5 1 0 2 179 180
K 0 0 42
K 36 -9 44
K 0 0 59
K 0 -32 59
A D 6 8
J B 460 1778 1 82 6913 1728 0
J N 7 1810 84 4 1 0 2 179 181
K 0 0 43
K 0 0 59
K 0 -32 59
A D 2 8
H 179 T 84 0 0 0 0 0 13 0
J M 0 1856 0 0 2305 576 1 181
H 181 W 0 31 10 165 10 165
J N 7 1856 52 4 2305 0 1 182
K 0 0 43
K 0 0 59
K 0 -31 59
A D 2 8
J N 7 1902 73 4 4609 576 2 180 182
K 0 0 43
K 0 0 59
K 0 -31 59
A D 2 8
H 182 W 31 0 31 165 42 165
H 180 S 12 0 0 0 0 0 0 0 0
J B 461 1954 1 82 6913 576 0
J N 8 1986 84 5 1 0 2 183 184
K 0 0 42
K 36 -9 44
K 0 0 59
K 0 -32 59
A D 6 8
J B 462 2074 1 82 6913 1728 0
J N 7 2106 84 4 1 0 2 183 185
K 0 0 43
K 0 0 59
K 0 -32 59
A D 2 8
H 183 T 84 0 0 0 0 0 13 0
J M 0 2152 0 0 2305 576 1 185
H 185 W 0 31 10 165 10 165
J N 7 2152 52 4 2305 0 1 186
K 0 0 43
K 0 0 59
K 0 -31 59
A D 2 8
J N 7 2198 73 4 4609 576 2 184 186
K 0 0 43
K 0 0 59
K 0 -31 59
A D 2 8
H 186 W 31 0 31 165 42 165
H 184 S 12 0 0 0 0 0 0 0 0
J B 463 2250 1 82 6913 576 0
E *
B 1 396 0
B 1 516 0
B 1 690 0
B 1 810 0
B 1 984 0
B 1 1132 0
B 1 1306 0
B 1 1482 0
B 1 1658 0
B 1 1778 0
B 1 1954 0
B 1 2074 0
B 1 2250 0
