S 0 200 140 2050 1308 10 "[(....)][(..)][({..}..)]"
L 0 0 -91 345 345 * 0 14 0
J D 0 -108 42 1 6913 0 0
W 0 0 31 Fl 1-2
J C 4 5 42 2 6913 0 0
K 0 0 33
K 0 0 34
J K 3 57 0 3 6913 0 0
K 0 0 63
K 15 21 63
K 30 -7 63
J D 0 -27 -14 1 6913 0 0
W 0 0 37 \01\02\06
J N 6 151 -49 12 1 0 1 156
K 0 35 45
K 0 21 45
K 0 7 45
K 0 -7 45
K 0 -14 43
K 0 -7 45
K 1 -7 45
K 0 0 43
K 0 7 45
K 1 7 45
K 0 -14 60
A D 2 16 0
A P 1 272 0
A P 2 261 0
J N 6 191 -49 12 1153 288 1 156
K 0 35 45
K 0 21 45
K 0 7 45
K 0 -7 45
K 0 -14 43
K 0 -7 45
K 1 -7 45
K 0 0 43
K 0 7 45
K 1 7 45
K 0 -14 60
A D 2 16 0
A P 1 272 0
A P 2 261 0
H 156 B -77 0 108 2 2 3
J R 6 231 28 2 2305 288 0
K 0 0 49
A D 2 16 0
A P 1 0 0
J N 6 271 -49 12 3457 288 1 157
K 0 35 45
K 0 21 45
K 0 7 45
K 0 -7 45
K 0 -14 43
K 0 -7 45
K 1 -7 45
K 0 0 43
K 0 7 45
K 1 7 45
K 0 -14 60
A D 2 16 0
A P 1 272 0
A P 2 261 0
J N 6 311 -49 12 4609 288 1 157
K 0 35 45
K 0 21 45
K 0 7 45
K 0 -7 45
K 0 -14 43
K 0 -7 45
K 1 -7 45
K 0 0 43
K 0 7 45
K 1 7 45
K 0 -14 60
A D 2 16 0
A P 1 272 0
A P 2 261 0
H 157 B -77 0 108 2 2 3
J R 6 351 28 2 5761 288 0
K 0 0 49
A D 2 16 0
A P 1 0 0
J B 127 393 1 82 6913 288 0
J N 6 414 -42 12 1 0 1 158
K 0 28 45
K 0 14 45
K 0 0 45
K 0 -14 45
K 0 -14 43
K -1 -14 45
K 2 -14 45
K 0 0 43
K -1 0 45
K 2 0 45
K 0 -14 60
A D 2 16 0
A P 1 267 0
A P 2 255 0
J N 6 454 -42 12 1153 288 1 158
K 0 28 45
K 0 14 45
K 0 0 45
K 0 -14 45
K 0 -14 43
K -1 -14 45
K 2 -14 45
K 0 0 43
K -1 0 45
K 2 0 45
K 0 -14 60
A D 2 16 0
A P 1 267 0
A P 2 255 0
H 158 B -70 0 108 2 2 3
J R 6 494 28 2 2305 288 0
K 0 0 49
A D 2 16 0
A P 1 0 0
J N 6 534 -42 12 3457 288 1 159
K 0 28 45
K 0 14 45
K 0 0 45
K 0 -14 45
K 0 -14 43
K -1 -14 45
K 2 -14 45
K 0 0 43
K -1 0 45
K 2 0 45
K 0 -14 60
A D 2 16 0
A P 1 267 0
A P 2 255 0
J N 6 574 -42 12 4609 288 1 159
K 0 28 45
K 0 14 45
K 0 0 45
K 0 -14 45
K 0 -14 43
K -1 -14 45
K 2 -14 45
K 0 0 43
K -1 0 45
K 2 0 45
K 0 -14 60
A D 2 16 0
A P 1 267 0
A P 2 255 0
H 159 B -70 0 108 2 2 3
J R 6 614 28 2 5761 288 0
K 0 0 49
A D 2 16 0
A P 1 0 0
J B 128 656 1 82 6913 288 0
J R 9 740 28 2 1 0 0
K 0 0 46
A D 12 16 0
A P 3 0 0
J B 129 853 1 82 6913 1728 0
J R 9 953 28 2 1 0 0
K 0 0 46
A D 12 16 0
A P 3 0 0
J B 130 1081 1 82 6913 1728 0
J R 9 1183 28 2 1 0 0
K 0 0 46
A D 12 16 0
A P 3 0 0
J B 131 1314 1 82 6913 1728 0
J R 9 1404 28 2 1 0 0
K 0 0 46
A D 12 16 0
A P 3 0 0
J B 132 1523 1 82 6913 1728 0
J R 7 1544 28 2 1 0 0
K 0 0 48
A D 4 16 1
A P 1 0 1
J R 6 1622 28 2 2305 576 0
K 0 0 49
A D 2 16 0
A P 1 0 0
J D 0 1626 0 1 3457 288 0
W 0 -49 32 1.
J D 0 1661 0 1 3457 0 0
W 0 91 36 dolce
J N 6 1661 -42 8 3457 0 1 160
K 0 28 45
K 0 14 45
K 0 0 45
K 0 0 43
K -1 0 45
K 2 0 45
K 24 -6 44
A D 3 16 0
A P 1 255 0
J N 5 1717 -21 5 5185 432 1 160
K 0 7 45
K 0 0 43
K 0 7 45
K 1 7 45
A D 1 16 0
A P 1 238 0
J N 6 1743 -21 5 5761 144 1 160
K 0 7 45
K 0 0 43
K 0 7 45
K 1 7 45
A D 2 16 0
A P 1 238 0
H 160 B -71 1 108 3 2 51 3
J B 133 1784 1 82 6913 288 0
J N 6 1805 -21 6 1 0 1 161
K 0 7 45
K 0 0 43
K 0 7 45
K 1 7 45
K 25 0 44
A D 3 16 0
A P 1 238 0
J N 5 1861 -7 2 1729 432 1 161
K 0 0 43
A D 1 16 0
A P 1 227 0
J N 6 1887 -7 2 2305 144 1 161
K 0 0 43
A D 2 16 0
A P 1 227 0
H 161 B -66 1 108 3 2 51 3
J N 6 1926 -7 2 3457 288 2 162 163
K 0 0 43
A D 2 16 0
A P 1 227 0
J N 6 1965 -14 5 4609 288 2 163 162
K 0 0 45
K 0 0 43
K -1 0 45
K 2 0 45
A D 2 16 0
A P 1 232 0
H 162 S 0 0 0 0 0 0 0 0 0
J N 6 2009 0 3 5761 288 1 163
K 0 0 43
K 0 -17 96
A D 2 16 0
A P 1 221 0
H 163 B -51 1 108 3 2 1 3
J B 134 2050 1 82 6913 288 0
E *
L 142 0 0 345 345 * 0 14 0
J D 0 -119 42 1 6913 0 0
W 0 0 31 Ob 1-2
J C 4 5 42 2 6913 0 0
K 0 0 33
K 0 0 34
J K 3 57 0 3 6913 0 0
K 0 0 63
K 15 21 63
K 30 -7 63
J D 0 -27 -14 1 6913 0 0
W 0 0 0 \01\02\06
J N 6 151 0 7 1 0 1 163
K 0 -14 45
K 0 -14 43
K -1 -14 45
K 2 -14 45
K 0 0 43
K 0 -14 60
A D 6 48 0
A P 1 232 0
A P 2 221 0
J N 6 191 0 7 1153 288 1 163
K 0 -14 45
K 0 -14 43
K -1 -14 45
K 2 -14 45
K 0 0 43
K 0 -14 60
A D 6 48 0
A P 1 232 0
A P 2 221 0
H 163 B -46 0 108 2 2 3
J R 6 231 28 2 2305 288 0
K 0 0 49
A D 6 48 0
A P 1 0 0
J N 6 271 0 7 3457 288 1 164
K 0 -14 45
K 0 -14 43
K -1 -14 45
K 2 -14 45
K 0 0 43
K 0 -14 60
A D 6 48 0
A P 1 232 0
A P 2 221 0
J N 6 311 0 7 4609 288 1 164
K 0 -14 45
K 0 -14 43
K -1 -14 45
K 2 -14 45
K 0 0 43
K 0 -14 60
A D 6 48 0
A P 1 232 0
A P 2 221 0
H 164 B -46 0 108 2 2 3
J R 6 351 28 2 5761 288 0
K 0 0 49
A D 6 48 0
A P 1 0 0
J B 127 393 1 82 6913 288 0
J N 6 414 7 4 1 0 1 165
K 0 -14 43
K 0 0 43
K 0 -14 60
A D 6 48 0
A P 1 227 0
A P 2 215 0
J N 6 454 7 4 1153 288 1 165
K 0 -14 43
K 0 0 43
K 0 -14 60
A D 6 48 0
A P 1 227 0
A P 2 215 0
H 165 B -49 0 108 2 2 3
J R 6 494 28 2 2305 288 0
K 0 0 49
A D 6 48 0
A P 1 0 0
J N 6 534 7 4 3457 288 1 166
K 0 -14 43
K 0 0 43
K 0 -14 60
A D 6 48 0
A P 1 227 0
A P 2 215 0
J N 6 574 7 4 4609 288 1 166
K 0 -14 43
K 0 0 43
K 0 -14 60
A D 6 48 0
A P 1 227 0
A P 2 215 0
H 166 B -49 0 108 2 2 3
J R 6 614 28 2 5761 288 0
K 0 0 49
A D 6 48 0
A P 1 0 0
J B 128 656 1 82 6913 288 0
J R 9 740 28 2 1 0 0
K 0 0 46
A D 36 48 0
A P 3 0 0
J B 129 853 1 82 6913 1728 0
J N 7 874 -21 9 1 0 2 167 168
K 1 7 45
K 0 0 43
K 0 7 45
K 1 7 45
K 25 0 44
K 0 103 108
K 0 0 59
K 0 -7 59
A D 18 48 1
A P 1 238 1
J R 9 953 56 2 1 0 0
K 0 0 46
A D 36 48 0
A P 2 0 0
J N 7 947 -21 7 3457 864 1 167
K 1 7 45
K 0 0 43
K 0 7 45
K 1 7 45
K 0 0 59
K 0 -7 59
A D 12 48 0
A P 1 238 0
H 167 T -21 0 0 0 0 0 3 0
J N 6 1007 0 3 5761 576 1 168
K 0 0 43
K 0 0 51
A D 6 48 0
A P 1 221 0
H 168 S 0 6 -28 6 -35 0 0 0 0
J B 130 1081 1 82 6913 288 0
J D 0 1102 0 1 1 0 0
W 0 95 36 dolce
J N 7 1102 7 5 1 0 0
K 0 0 43
K 25 0 44
K 0 0 59
K 0 -14 59
A D 18 48 0
A P 1 215 0
J N 7 1102 7 5 1 0 0
K 0 0 43
K 25 0 44
K 0 0 60
K 0 21 60
A D 18 48 0
A P 2 215 0
J N 6 1199 7 6 3457 864 1 169
K 0 -14 43
K 25 -14 44
K 0 0 43
K 25 0 44
K 0 -14 60
A D 9 48 0
A P 1 227 0
A P 2 215 0
J N 5 1247 28 4 5185 432 1 169
K 0 -21 43
K 0 0 43
K 0 -21 60
A D 3 48 0
A P 1 215 0
A P 2 198 0
J N 6 1273 28 4 5761 144 1 169
K 0 -21 43
K 0 0 43
K 0 -21 60
A D 6 48 0
A P 1 215 0
A P 2 198 0
H 169 B -63 2 108 3 2 51 3
J B 131 1314 1 82 6913 288 0
J N 6 1335 0 9 1 0 1 170
K 0 -14 45
K 0 -14 43
K -1 -14 45
K 2 -14 45
K 24 -20 44
K 0 0 43
K 24 -6 44
K 0 -14 60
A D 9 48 0
A P 1 232 0
A P 2 221 0
J N 5 1383 28 4 1729 432 1 170
K 0 -28 43
K 0 0 43
K 0 -28 60
A D 3 48 0
A P 1 221 0
A P 2 198 0
J N 6 1409 28 4 2305 144 1 170
K 0 -28 43
K 0 0 43
K 0 -28 60
A D 6 48 0
A P 1 221 0
A P 2 198 0
H 170 B -69 3 108 3 2 51 3
J N 7 1448 -7 11 3457 288 2 171 172
K 0 -7 45
K 0 -14 43
K 0 -7 45
K 1 -7 45
K 25 -14 44
K 0 0 43
K 25 0 44
K 0 -14 60
K 0 0 60
K 0 21 60
A D 18 48 1
A P 1 238 1
A P 2 227 1
J B 132 1523 1 82 6913 864 0
J N 7 1544 -7 11 1 0 2 171 172
K 0 -7 45
K 0 -14 43
K 0 -7 45
K 1 -7 45
K 25 -14 44
K 0 0 43
K 25 0 44
K 0 -14 60
K 0 0 60
K 0 21 60
A D 18 48 0
A P 1 238 0
A P 2 227 0
H 171 T -21 0 0 0 0 0 1 0
H 172 T -7 0 0 0 0 0 11 0
J N 6 1661 -21 6 3457 864 1 173
K 1 7 45
K 0 0 43
K 0 7 45
K 1 7 45
K 25 0 44
A D 9 48 0
A P 1 238 0
J R 7 1661 42 2 3457 0 0
K 0 0 48
A D 12 48 1
A P 2 0 1
J N 5 1717 -7 2 5185 432 1 173
K 0 0 43
A D 3 48 0
A P 1 227 0
J N 6 1743 -7 2 5761 144 1 173
K 0 0 43
A D 6 48 0
A P 1 227 0
H 173 B 45 3 108 3 2 51 3
J R 6 1743 42 2 5761 0 0
K 0 0 49
A D 6 48 0
A P 2 0 0
J B 133 1784 1 82 6913 288 0
J N 6 1805 -7 3 1 0 1 174
K 0 0 43
K 25 0 44
A D 9 48 0
A P 1 227 0
J R 9 1903 56 2 1 0 0
K 0 0 46
A D 36 48 0
A P 2 0 0
J N 5 1861 7 2 1729 432 1 174
K 0 0 43
A D 3 48 0
A P 1 215 0
J N 6 1887 7 2 2305 144 1 174
K 0 0 43
A D 6 48 0
A P 1 215 0
H 174 B 45 3 108 3 2 51 3
J N 6 1926 7 2 3457 288 2 175 176
K 0 0 43
A D 6 48 0
A P 1 215 0
J N 6 1965 0 2 4609 288 2 176 175
K 0 0 43
A D 6 48 0
A P 1 221 0
H 175 S 0 6 -43 6 -36 0 0 0 0
J N 6 2009 14 4 5761 288 1 176
K -18 0 63
K 0 0 43
K 7 -67 96
A D 6 48 0
A P 1 210 0
H 176 B 49 0 108 3 2 1 3
J B 134 2050 1 82 6913 288 0
E *
L 274 0 -91 345 345 * 0 14 0
J D 0 -110 42 1 6913 0 0
W 0 -21 31 Cl 1-2
J D 0 -110 42 1 6913 0 0
W 0 21 31 (A)
J C 4 5 42 2 6913 0 0
K 0 0 33
K 0 0 34
J K 0 57 0 0 6913 0 0
J D 0 -27 -14 1 6913 0 0
W 0 0 0 \01\02\06
J N 6 151 21 4 1 0 1 88
K 0 0 43
K 0 14 43
K 0 14 59
A D 2 16 0
A P 1 203 0
A P 2 192 0
J N 6 191 21 4 1153 288 1 88
K 0 0 43
K 0 14 43
K 0 14 59
A D 2 16 0
A P 1 203 0
A P 2 192 0
H 88 B 42 0 108 2 2 3
J R 6 231 28 2 2305 288 0
K 0 0 49
A D 2 16 0
A P 1 0 0
J N 6 271 21 4 3457 288 1 89
K 0 0 43
K 0 14 43
K 0 14 59
A D 2 16 0
A P 1 203 0
A P 2 192 0
J N 6 311 21 4 4609 288 1 89
K 0 0 43
K 0 14 43
K 0 14 59
A D 2 16 0
A P 1 203 0
A P 2 192 0
H 89 B 42 0 108 2 2 3
J R 6 351 28 2 5761 288 0
K 0 0 49
A D 2 16 0
A P 1 0 0
J B 127 393 1 82 6913 288 0
J N 6 414 28 4 1 0 1 90
K 0 0 43
K 0 14 43
K 0 14 59
A D 2 16 0
A P 1 198 0
A P 2 186 0
J N 6 454 28 4 1153 288 1 90
K 0 0 43
K 0 14 43
K 0 14 59
A D 2 16 0
A P 1 198 0
A P 2 186 0
H 90 B 42 0 108 2 2 3
J R 6 494 28 2 2305 288 0
K 0 0 49
A D 2 16 0
A P 1 0 0
J N 6 534 28 4 3457 288 1 91
K 0 0 43
K 0 14 43
K 0 14 59
A D 2 16 0
A P 1 198 0
A P 2 186 0
J N 6 574 28 4 4609 288 1 91
K 0 0 43
K 0 14 43
K 0 14 59
A D 2 16 0
A P 1 198 0
A P 2 186 0
H 91 B 42 0 108 2 2 3
J R 6 614 28 2 5761 288 0
K 0 0 49
A D 2 16 0
A P 1 0 0
J B 128 656 1 82 6913 288 0
J R 9 740 28 2 1 0 0
K 0 0 46
A D 12 16 0
A P 3 0 0
J B 129 853 1 82 6913 1728 0
J N 7 874 14 6 1 0 2 92 93
K 0 0 43
K 24 -6 44
K 0 70 108
K 0 0 59
K 0 -14 59
A D 6 16 1
A P 1 209 1
J R 9 953 70 2 1 0 0
K 0 0 46
A D 12 16 0
A P 2 0 0
J N 7 947 14 4 3457 864 1 92
K 0 0 43
K 0 0 59
K 0 -14 59
A D 4 16 0
A P 1 209 0
H 92 T 14 0 0 0 0 0 7 0
J N 6 1007 35 3 5761 576 1 93
K 0 0 43
K 0 0 53
A D 2 16 0
A P 1 192 0
H 93 S 0 6 -35 6 -42 0 0 0 0
J B 130 1081 1 82 6913 288 0
J D 0 1102 0 1 1 0 0
W 0 100 36 dolce
J N 7 1102 42 5 1 0 0
K 0 0 43
K 24 -6 44
K 0 0 59
K 0 -21 59
A D 6 16 0
A P 1 186 0
J N 7 1102 42 5 1 0 0
K 0 0 43
K 24 6 44
K 0 0 60
K 0 14 60
A D 6 16 0
A P 2 186 0
J N 6 1199 28 6 3457 864 1 94
K 0 0 43
K 24 -6 44
K 0 14 43
K 24 8 44
K 0 14 59
A D 3 16 0
A P 1 198 0
A P 2 186 0
J N 5 1247 42 4 5185 432 1 94
K 0 0 43
K 0 21 43
K 0 21 59
A D 1 16 0
A P 1 186 0
A P 2 169 0
J N 6 1273 42 4 5761 144 1 94
K 0 0 43
K 0 21 43
K 0 21 59
A D 2 16 0
A P 1 186 0
A P 2 169 0
H 94 B 45 2 108 3 2 51 3
J B 131 1314 1 82 6913 288 0
J N 6 1335 21 6 1 0 1 95
K 0 0 43
K 25 0 44
K 0 14 43
K 25 14 44
K 0 14 59
A D 3 16 0
A P 1 203 0
A P 2 192 0
J N 5 1383 35 4 1729 432 1 95
K 0 0 43
K 0 28 43
K 0 28 59
A D 1 16 0
A P 1 192 0
A P 2 169 0
J N 6 1409 35 4 2305 144 1 95
K 0 0 43
K 0 28 43
K 0 28 59
A D 2 16 0
A P 1 192 0
A P 2 169 0
H 95 B 45 3 108 3 2 51 3
J N 7 1448 28 8 3457 288 2 96 97
K 0 -14 43
K 24 -20 44
K 0 0 43
K 24 -6 44
K 0 -14 60
K 0 0 60
K 0 21 60
A D 6 16 1
A P 1 209 1
A P 2 198 1
J B 132 1523 1 82 6913 864 0
J N 7 1544 28 8 1 0 2 96 97
K 0 -14 43
K 24 -20 44
K 0 0 43
K 24 -6 44
K 0 -14 60
K 0 0 60
K 0 21 60
A D 6 16 0
A P 1 209 0
A P 2 198 0
H 96 T 14 0 0 0 0 0 5 0
H 97 T 28 0 0 0 0 0 15 0
J N 6 1661 14 6 3457 864 1 98
K 0 -21 43
K 25 -21 44
K 0 0 43
K 24 -6 44
K 0 -21 60
A D 3 16 0
A P 1 226 0
A P 2 209 0
J N 5 1717 28 4 5185 432 1 98
K 0 -14 43
K 0 0 43
K 0 -14 60
A D 1 16 0
A P 1 209 0
A P 2 198 0
J N 6 1743 28 4 5761 144 1 98
K 0 -14 43
K 0 0 43
K 0 -14 60
A D 2 16 0
A P 1 209 0
A P 2 198 0
H 98 B -58 1 108 3 2 51 3
J B 133 1784 1 82 6913 288 0
J N 6 1805 28 6 1 0 1 99
K 0 -14 43
K 24 -20 44
K 0 0 43
K 24 -6 44
K 0 -14 60
A D 3 16 0
A P 1 209 0
A P 2 198 0
J N 5 1861 42 4 1729 432 1 99
K 0 -14 43
K 0 0 43
K 0 -14 60
A D 1 16 0
A P 1 198 0
A P 2 186 0
J N 6 1887 42 4 2305 144 1 99
K 0 -14 43
K 0 0 43
K 0 -14 60
A D 2 16 0
A P 1 198 0
A P 2 186 0
H 99 B -58 1 108 3 2 51 3
J N 6 1926 28 4 3457 288 2 100 101
K 0 0 43
K 0 14 43
K 0 14 59
A D 2 16 0
A P 1 198 0
A P 2 186 0
J N 6 1965 21 4 4609 288 2 101 100
K 0 0 43
K 0 14 43
K 0 14 59
A D 2 16 0
A P 1 203 0
A P 2 192 0
H 100 S 12 0 14 0 14 0 0 0 0
J N 6 2009 35 6 5761 288 1 101
K -18 14 63
K 0 0 43
K 0 14 43
K 0 31 96
K 0 14 59
A D 2 16 0
A P 1 192 0
A P 2 181 0
H 101 B 49 0 108 3 2 1 3
J B 134 2050 1 82 6913 288 0
E *
L 406 0 -91 345 345 * 0 14 0
J D 0 -130 42 1 6913 0 0
W 0 0 31 Fag 1-2
J C 22 5 14 36 6913 0 0
J K 3 57 0 3 6913 0 0
K 0 14 63
K 15 35 63
K 30 7 63
J D 0 -27 -14 1 6913 0 0
W 0 0 0 \01\02\06
J N 6 151 14 4 1 0 1 134
K 0 -14 43
K 0 0 43
K 0 -14 60
A D 2 16 0
A P 1 152 0
A P 2 141 0
J N 6 191 14 4 1153 288 1 134
K 0 -14 43
K 0 0 43
K 0 -14 60
A D 2 16 0
A P 1 152 0
A P 2 141 0
H 134 B -46 0 108 2 2 3
J R 6 231 28 2 2305 288 0
K 0 0 49
A D 2 16 0
A P 1 0 0
J N 6 271 14 4 3457 288 1 135
K 0 -14 43
K 0 0 43
K 0 -14 60
A D 2 16 0
A P 1 152 0
A P 2 141 0
J N 6 311 14 4 4609 288 1 135
K 0 -14 43
K 0 0 43
K 0 -14 60
A D 2 16 0
A P 1 152 0
A P 2 141 0
H 135 B -46 0 108 2 2 3
J R 6 351 28 2 5761 288 0
K 0 0 49
A D 2 16 0
A P 1 0 0
J B 127 393 1 82 6913 288 0
J N 6 414 21 4 1 0 1 136
K 0 -14 43
K 0 0 43
K 0 -14 60
A D 2 16 0
A P 1 147 0
A P 2 135 0
J N 6 454 21 4 1153 288 1 136
K 0 -14 43
K 0 0 43
K 0 -14 60
A D 2 16 0
A P 1 147 0
A P 2 135 0
H 136 B -42 0 108 2 2 3
J R 6 494 28 2 2305 288 0
K 0 0 49
A D 2 16 0
A P 1 0 0
J N 6 534 21 4 3457 288 1 137
K 0 -14 43
K 0 0 43
K 0 -14 60
A D 2 16 0
A P 1 147 0
A P 2 135 0
J N 6 574 21 4 4609 288 1 137
K 0 -14 43
K 0 0 43
K 0 -14 60
A D 2 16 0
A P 1 147 0
A P 2 135 0
H 137 B -42 0 108 2 2 3
J R 6 614 28 2 5761 288 0
K 0 0 49
A D 2 16 0
A P 1 0 0
J B 128 656 1 82 6913 288 0
J R 9 740 28 2 1 0 0
K 0 0 46
A D 12 16 0
A P 3 0 0
J B 129 853 1 82 6913 1728 0
J N 7 874 -7 6 1 0 2 138 139
K 0 0 43
K 25 0 44
K 0 88 108
K 0 0 59
K 0 -14 59
A D 6 16 1
A P 1 158 1
J R 9 953 70 2 1 0 0
K 0 0 46
A D 12 16 0
A P 2 0 0
J N 7 947 -7 4 3457 864 1 138
K 0 0 43
K 0 0 59
K 0 -14 59
A D 4 16 0
A P 1 158 0
H 138 T -7 0 0 0 0 0 3 0
J N 6 1007 14 3 5761 576 1 139
K 0 0 43
K 0 0 51
A D 2 16 0
A P 1 141 0
H 139 S 0 6 -42 6 -42 0 0 0 0
J B 130 1081 1 82 6913 288 0
J D 0 1097 0 1 1 0 0
W 0 102 36 dolce
J N 7 1102 21 5 1 0 0
K 0 0 43
K 25 0 44
K 0 0 59
K 0 -14 59
A D 6 16 0
A P 1 135 0
J N 7 1102 21 5 1 0 0
K 0 0 43
K 25 0 44
K 0 0 60
K 0 21 60
A D 6 16 0
A P 2 135 0
J N 6 1199 21 6 3457 864 1 140
K 0 -14 43
K 25 -14 44
K 0 0 43
K 25 0 44
K 0 -14 60
A D 3 16 0
A P 1 147 0
A P 2 135 0
J N 5 1247 42 4 5185 432 1 140
K 0 -21 43
K 0 0 43
K 0 -21 60
A D 1 16 0
A P 1 135 0
A P 2 118 0
J N 6 1273 42 4 5761 144 1 140
K 0 -21 43
K 0 0 43
K 0 -21 60
A D 2 16 0
A P 1 135 0
A P 2 118 0
H 140 B -63 2 108 3 2 51 3
J B 131 1314 1 82 6913 288 0
J N 6 1335 14 6 1 0 1 141
K 0 -14 43
K 24 -20 44
K 0 0 43
K 24 -6 44
K 0 -14 60
A D 3 16 0
A P 1 152 0
A P 2 141 0
J N 5 1383 42 4 1729 432 1 141
K 0 -28 43
K 0 0 43
K 0 -28 60
A D 1 16 0
A P 1 141 0
A P 2 118 0
J N 6 1409 42 4 2305 144 1 141
K 0 -28 43
K 0 0 43
K 0 -28 60
A D 2 16 0
A P 1 141 0
A P 2 118 0
H 141 B -69 3 108 3 2 51 3
J N 7 1448 7 8 3457 288 2 142 143
K 0 -14 43
K 25 -14 44
K 0 0 43
K 25 0 44
K 0 -14 60
K 0 0 60
K 0 21 60
A D 6 16 1
A P 1 158 1
A P 2 147 1
J B 132 1523 1 82 6913 864 0
J N 7 1544 7 8 1 0 2 142 143
K 0 -14 43
K 25 -14 44
K 0 0 43
K 25 0 44
K 0 -14 60
K 0 0 60
K 0 21 60
A D 6 16 0
A P 1 158 0
A P 2 147 0
H 142 T -7 0 0 0 0 0 1 0
H 143 T 7 0 0 0 0 0 11 0
J N 6 1661 -7 10 3457 864 1 144
K 0 -7 45
K 0 -21 45
K 0 -21 43
K -1 -21 45
K 2 -21 45
K 24 -27 44
K 0 0 43
K 25 0 44
K 0 -21 60
A D 3 16 0
A P 1 175 0
A P 2 158 0
J N 5 1717 7 4 5185 432 1 144
K 0 -14 43
K 0 0 43
K 0 -14 60
A D 1 16 0
A P 1 158 0
A P 2 147 0
J N 6 1743 7 4 5761 144 1 144
K 0 -14 43
K 0 0 43
K 0 -14 60
A D 2 16 0
A P 1 158 0
A P 2 147 0
H 144 B -66 1 108 3 2 51 3
J B 133 1784 1 82 6913 288 0
J N 6 1805 7 6 1 0 1 145
K 0 -14 43
K 25 -14 44
K 0 0 43
K 25 0 44
K 0 -14 60
A D 3 16 0
A P 1 158 0
A P 2 147 0
J N 5 1861 21 4 1729 432 1 145
K 0 -14 43
K 0 0 43
K 0 -14 60
A D 1 16 0
A P 1 147 0
A P 2 135 0
J N 6 1887 21 4 2305 144 1 145
K 0 -14 43
K 0 0 43
K 0 -14 60
A D 2 16 0
A P 1 147 0
A P 2 135 0
H 145 B -66 1 108 3 2 51 3
J N 6 1926 21 4 3457 288 2 146 147
K 0 -14 43
K 0 0 43
K 0 -14 60
A D 2 16 0
A P 1 147 0
A P 2 135 0
J N 6 1965 14 4 4609 288 2 147 146
K 0 -14 43
K 0 0 43
K 0 -14 60
A D 2 16 0
A P 1 152 0
A P 2 141 0
H 146 S 0 0 -14 0 -14 0 0 0 0
J N 6 2009 28 6 5761 288 1 147
K -18 0 63
K 0 -14 43
K 0 0 43
K 0 -35 96
K 0 -14 60
A D 2 16 0
A P 1 141 0
A P 2 130 0
H 147 B -51 1 108 3 2 1 3
J B 134 2050 1 82 6913 288 0
E *
L 561 0 -91 345 345 * 0 14 0
J D 0 -130 42 1 6913 0 0
W 0 -21 31 Cor 1-2
J D 0 -130 42 1 6913 0 0
W 0 21 31 (A)
J C 4 5 42 2 6913 0 0
K 0 0 33
K 0 0 34
J K 0 57 0 0 6913 0 0
J D 0 -27 -14 1 6913 0 0
W 0 0 0 \01\02\06
J N 6 151 14 2 1 0 1 93
K 0 0 43
A D 2 16 0
A P 3 209 0
J N 6 191 14 2 1153 288 1 93
K 0 0 43
A D 2 16 0
A P 3 209 0
H 93 B -46 0 108 2 2 3
J R 6 231 28 2 2305 288 0
K 0 0 49
A D 2 16 0
A P 3 0 0
J N 6 271 14 2 3457 288 1 94
K 0 0 43
A D 2 16 0
A P 3 209 0
J N 6 311 14 2 4609 288 1 94
K 0 0 43
A D 2 16 0
A P 3 209 0
H 94 B -46 0 108 2 2 3
J R 6 351 28 2 5761 288 0
K 0 0 49
A D 2 16 0
A P 3 0 0
J B 127 393 1 82 6913 288 0
J N 6 414 14 2 1 0 1 95
K 0 0 43
A D 2 16 0
A P 3 209 0
J N 6 454 14 2 1153 288 1 95
K 0 0 43
A D 2 16 0
A P 3 209 0
H 95 B -46 0 108 2 2 3
J R 6 494 28 2 2305 288 0
K 0 0 49
A D 2 16 0
A P 3 0 0
J N 6 534 14 2 3457 288 1 96
K 0 0 43
A D 2 16 0
A P 3 209 0
J N 6 574 14 2 4609 288 1 96
K 0 0 43
A D 2 16 0
A P 3 209 0
H 96 B -46 0 108 2 2 3
J R 6 614 28 2 5761 288 0
K 0 0 49
A D 2 16 0
A P 3 0 0
J B 128 656 1 82 6913 288 0
J R 9 740 28 2 1 0 0
K 0 0 46
A D 12 16 0
A P 3 0 0
J B 129 853 1 82 6913 1728 0
J R 9 953 28 2 1 0 0
K 0 0 46
A D 12 16 0
A P 3 0 0
J B 130 1081 1 82 6913 1728 0
J D 0 1151 0 1 1 0 0
W 0 98 36 dolce
J N 8 1102 42 13 1 0 2 97 98
K 1 28 45
K 1 42 45
K 0 0 42
K 24 -6 44
K 0 49 42
K 0 42 45
K 1 42 45
K 25 49 44
K 0 49 59
K 0 28 59
K 0 0 59
K 0 -21 59
A D 12 16 1
A P 1 186 1
A P 2 146 1
J B 131 1314 1 82 6913 1728 0
J N 8 1335 42 13 1 0 4 99 100 97 98
K 1 28 45
K 1 42 45
K 0 0 42
K 24 -6 44
K 0 49 42
K 0 42 45
K 1 42 45
K 25 49 44
K 0 49 59
K 0 28 59
K 0 0 59
K 0 -21 59
A D 12 16 1
A P 1 186 1
A P 2 146 1
H 97 T 42 0 0 0 0 0 7 0
H 98 T 91 0 0 0 0 0 9 0
J B 132 1523 1 82 6913 1728 0
J N 6 1544 42 2 1 0 2 101 99
K 0 0 43
A D 2 16 0
A P 1 186 0
H 99 T 42 0 0 0 0 0 7 0
J N 6 1544 91 6 1 0 2 102 100
K 0 -21 45
K 0 -7 45
K 0 0 43
K 0 -7 45
K 1 -7 45
A D 2 16 0
A P 2 146 0
H 100 T 91 0 0 0 0 0 11 0
J N 6 1583 14 2 1153 288 1 101
K 0 0 43
A D 2 16 0
A P 1 209 0
J N 6 1583 14 2 1153 0 1 102
K 0 0 43
A D 2 16 0
A P 2 209 0
J N 6 1622 14 2 2305 288 1 101
K 0 0 43
A D 2 16 0
A P 1 209 0
H 101 B 59 -3 108 3 2 1 3
J N 6 1622 14 2 2305 0 1 102
K 0 0 43
A D 2 16 0
A P 2 209 0
H 102 B -42 -9 108 3 2 1 3
J N 6 1661 14 2 3457 288 1 103
K 0 0 43
A D 2 16 0
A P 1 209 0
J N 6 1661 14 2 3457 0 1 104
K 0 0 43
A D 2 16 0
A P 2 209 0
J N 6 1700 14 2 4609 288 1 103
K 0 0 43
A D 2 16 0
A P 1 209 0
J N 6 1700 14 2 4609 0 1 104
K 0 0 43
A D 2 16 0
A P 2 209 0
J N 6 1743 14 2 5761 288 1 103
K 0 0 43
A D 2 16 0
A P 1 209 0
H 103 B 42 0 108 3 2 1 3
J N 6 1743 14 2 5761 0 1 104
K 0 0 43
A D 2 16 0
A P 2 209 0
H 104 B -46 0 108 3 2 1 3
J B 133 1784 1 82 6913 288 0
J N 6 1805 14 2 1 0 1 105
K 0 0 43
A D 2 16 0
A P 1 209 0
J N 6 1805 14 2 1 0 1 106
K 0 0 43
A D 2 16 0
A P 2 209 0
J N 6 1844 14 2 1153 288 1 105
K 0 0 43
A D 2 16 0
A P 1 209 0
J N 6 1844 14 2 1153 0 1 106
K 0 0 43
A D 2 16 0
A P 2 209 0
J N 6 1887 14 2 2305 288 1 105
K 0 0 43
A D 2 16 0
A P 1 209 0
H 105 B 42 0 108 3 2 1 3
J N 6 1887 14 2 2305 0 1 106
K 0 0 43
A D 2 16 0
A P 2 209 0
H 106 B -46 0 108 3 2 1 3
J N 6 1926 14 2 3457 288 1 107
K 0 0 43
A D 2 16 0
A P 1 209 0
J N 6 1926 14 2 3457 0 1 108
K 0 0 43
A D 2 16 0
A P 2 209 0
J N 6 1965 14 2 4609 288 1 107
K 0 0 43
A D 2 16 0
A P 1 209 0
J N 6 1965 14 2 4609 0 1 108
K 0 0 43
A D 2 16 0
A P 2 209 0
J N 6 2009 14 2 5761 288 1 107
K 0 0 43
A D 2 16 0
A P 1 209 0
H 107 B 42 0 108 3 2 1 3
J N 6 2009 14 2 5761 0 1 108
K 0 0 43
A D 2 16 0
A P 2 209 0
H 108 B -46 0 108 3 2 1 3
J B 134 2050 1 82 6913 288 0
E *
L 701 0 -91 345 345 * 0 14 0
J D 0 -111 42 1 6913 0 0
W 0 -21 31 Tr 1-2
J D 0 -111 42 1 6913 0 0
W 0 21 31 (D)
J C 4 5 42 2 6913 0 0
K 0 0 33
K 0 0 34
J K 0 57 0 0 6913 0 0
J D 0 -27 -14 1 6913 0 0
W 0 0 0 \01\02\06
J N 6 151 42 4 1 0 1 29
K 0 0 43
K 0 14 43
K 0 14 59
A D 2 16 0
A P 1 186 0
A P 2 175 0
J N 6 191 42 4 1153 288 1 29
K 0 0 43
K 0 14 43
K 0 14 59
A D 2 16 0
A P 1 186 0
A P 2 175 0
H 29 B 46 0 108 2 2 3
J R 6 231 28 2 2305 288 0
K 0 0 49
A D 2 16 0
A P 1 0 0
J N 6 271 42 4 3457 288 1 30
K 0 0 43
K 0 14 43
K 0 14 59
A D 2 16 0
A P 1 186 0
A P 2 175 0
J N 6 311 42 4 4609 288 1 30
K 0 0 43
K 0 14 43
K 0 14 59
A D 2 16 0
A P 1 186 0
A P 2 175 0
H 30 B 46 0 108 2 2 3
J R 6 351 28 2 5761 288 0
K 0 0 49
A D 2 16 0
A P 1 0 0
J B 127 393 1 82 6913 288 0
J R 9 510 28 2 1 0 0
K 0 0 46
A D 12 16 0
A P 3 0 0
J B 128 656 1 82 6913 1728 0
J R 9 740 28 2 1 0 0
K 0 0 46
A D 12 16 0
A P 3 0 0
J B 129 853 1 82 6913 1728 0
J R 9 953 28 2 1 0 0
K 0 0 46
A D 12 16 0
A P 3 0 0
J B 130 1081 1 82 6913 1728 0
J R 9 1183 28 2 1 0 0
K 0 0 46
A D 12 16 0
A P 3 0 0
J B 131 1314 1 82 6913 1728 0
J R 9 1404 28 2 1 0 0
K 0 0 46
A D 12 16 0
A P 3 0 0
J B 132 1523 1 82 6913 1728 0
J R 9 1639 28 2 1 0 0
K 0 0 46
A D 12 16 0
A P 3 0 0
J B 133 1784 1 82 6913 1728 0
J R 9 1903 28 2 1 0 0
K 0 0 46
A D 12 16 0
A P 3 0 0
J B 134 2050 1 82 6913 1728 0
E *
L 853 0 -91 345 345 * 0 14 0
J D 0 -119 42 1 6913 0 0
W 0 0 31 Vln 1
J C 4 5 42 2 6913 0 0
K 0 0 33
K 0 0 34
J K 3 57 0 3 6913 0 0
K 0 0 63
K 15 21 63
K 30 -7 63
J D 0 -27 -14 1 6913 0 0
W 0 0 0 \01\02\06
J N 7 151 0 13 1 0 0
K 0 -14 45
K 0 -28 45
K -18 -35 63
K 0 -35 43
K 0 -28 45
K 1 -28 45
K 0 0 43
K 0 -52 96
K 0 -35 60
K 0 -28 60
K 0 0 60
K 0 21 60
A D 12 48 0
A P 1 250 0
A P 1 221 0
J R 6 231 28 2 2305 576 0
K 0 0 49
A D 6 48 0
A P 1 0 0
J N 7 271 35 11 3457 288 0
K 0 -49 45
K 0 -49 43
K -1 -49 45
K 2 -49 45
K 0 0 43
K 0 -66 96
K 0 -49 60
K 0 -28 60
K 0 0 60
K 0 14 60
A D 12 48 0
A P 1 232 0
A P 1 192 0
J R 6 351 28 2 5761 576 0
K 0 0 49
A D 6 48 0
A P 1 0 0
J B 127 393 1 82 6913 288 0
J N 7 414 28 8 1 0 0
K 0 -35 43
K 0 0 43
K 0 -52 96
K 0 -35 60
K 0 -28 60
K 0 0 60
K 0 21 60
A D 12 48 0
A P 1 227 0
A P 1 198 0
J R 6 494 28 2 2305 576 0
K 0 0 49
A D 6 48 0
A P 1 0 0
J N 7 534 7 13 3457 288 0
K 0 -21 45
K 0 -35 45
K 0 -49 45
K 0 -49 43
K -1 -49 45
K 2 -49 45
K 0 0 43
K 0 -66 96
K 0 -49 60
K 0 -28 60
K 0 0 60
K 0 21 60
A D 12 48 0
A P 1 255 0
A P 1 215 0
J R 6 614 28 2 5761 576 0
K 0 0 49
A D 6 48 0
A P 1 0 0
J B 128 656 1 82 6913 288 0
J S 0 677 133 2 1 0 1 149
K 0 0 111
K 12 0 110
J N 7 677 70 8 1 0 2 150 151
K 1 0 45
K 0 0 43
K -1 0 45
K 2 0 45
K 24 -6 44
K 0 0 59
K 0 -21 59
A D 18 48 1
A P 1 164 1
J N 7 751 70 7 3457 864 1 150
K 1 0 45
K 0 0 43
K -1 0 45
K 2 0 45
K 0 0 59
K 0 -21 59
A D 12 48 0
A P 1 164 0
H 150 T 70 0 0 0 0 0 13 0
J N 6 810 70 7 5761 576 1 151
K 1 0 45
K -14 0 64
K 0 0 43
K -1 0 45
K 2 0 45
K 0 0 53
A D 6 48 0
A P 1 163 0
H 151 S 12 0 7 0 0 0 0 0 0
J M 0 849 0 0 6913 288 1 149
H 149 W 21 0 38 133 -7 133
J B 129 853 1 82 6913 0 0
J N 7 874 77 9 1 0 2 152 153
K 1 -7 45
K 0 0 43
K 0 -7 45
K 1 -7 45
K 25 0 44
K 0 47 108
K 0 0 59
K 0 -21 59
A D 18 48 1
A P 1 158 1
J N 7 947 77 7 3457 864 1 152
K 1 -7 45
K 0 0 43
K 0 -7 45
K 1 -7 45
K 0 0 59
K 0 -21 59
A D 12 48 0
A P 1 158 0
H 152 T 77 0 0 0 0 0 9 0
J N 5 1007 70 6 5761 576 1 154
K 1 0 45
K -18 0 63
K 0 0 43
K -1 0 45
K 2 0 45
A D 3 48 0
A P 1 164 0
J N 5 1051 63 3 6337 144 1 154
K -18 0 63
K 0 0 43
A D 3 48 0
A P 1 170 0
H 154 B 43 -2 108 2 22 33
J B 130 1081 1 82 6913 144 0
J N 7 1102 56 4 1 0 1 153
K 0 0 43
K 0 0 59
K 0 -21 59
A D 12 48 0
A P 1 175 0
H 153 S 12 0 7 0 0 0 0 0 0
J R 6 1160 28 2 2305 576 0
K 0 0 49
A D 6 48 1
A P 1 0 1
J R 7 1199 28 2 3457 288 0
K 0 0 48
A D 12 48 1
A P 1 0 1
J R 6 1273 28 2 5761 576 0
K 0 0 49
A D 6 48 0
A P 1 0 0
J B 131 1314 1 82 6913 288 0
J R 9 1404 28 2 1 10000 0
K 0 0 46
A D 36 48 0
A P 1 0 0
J B 132 1523 1 82 6913 1728 0
J D 0 1537 0 1 1 0 0
W 0 117 36 dolce
J N 7 1544 56 5 1 0 1 155
K 0 0 43
K 24 -6 44
K 0 0 59
K 0 -21 59
A D 18 48 0
A P 1 175 0
J N 7 1661 42 5 3457 864 0
K 0 0 43
K 24 -6 44
K 0 0 59
K 0 -21 59
A D 18 48 0
A P 1 187 0
J B 133 1784 1 82 6913 864 0
J N 7 1805 28 5 1 0 0
K 0 0 43
K 24 -6 44
K 0 0 60
K 0 21 60
A D 18 48 0
A P 1 198 0
J N 7 1926 77 8 3457 864 1 155
K 1 -7 45
K 0 0 43
K 0 -7 45
K 1 -7 45
K 25 0 44
K 0 0 59
K 0 -21 59
A D 18 48 0
A P 1 158 0
H 155 S 12 0 0 0 0 0 0 0 0
J B 134 2050 1 82 6913 864 0
E *
L 985 0 -91 345 345 * 0 14 0
J D 0 -119 42 1 6913 0 0
W 0 0 31 Vln 2
J C 4 5 42 2 6913 0 0
K 0 0 33
K 0 0 34
J K 3 57 0 3 6913 0 0
K 0 0 63
K 15 21 63
K 30 -7 63
J D 0 -27 -14 1 6913 0 0
W 0 0 0 \01\02\06
J N 7 151 28 7 1 0 0
K 0 -28 43
K 0 0 43
K 0 -45 96
K 0 -28 60
K 0 0 60
K 0 21 60
A D 12 48 0
A P 1 221 0
A P 1 198 0
J R 6 231 28 2 2305 576 0
K 0 0 49
A D 6 48 0
A P 1 0 0
J N 7 271 28 7 3457 288 0
K 0 -28 43
K 0 0 43
K 0 -45 96
K 0 -28 60
K 0 0 60
K 0 21 60
A D 12 48 0
A P 1 221 0
A P 1 198 0
J R 6 351 28 2 5761 576 0
K 0 0 49
A D 6 48 0
A P 1 0 0
J B 127 393 1 82 6913 288 0
J N 7 414 28 7 1 0 0
K 0 -21 43
K 0 0 43
K 0 -38 96
K 0 -21 60
K 0 0 60
K 0 21 60
A D 12 48 0
A P 1 215 0
A P 1 198 0
J R 6 494 28 2 2305 576 0
K 0 0 49
A D 6 48 0
A P 1 0 0
J N 7 534 28 8 3457 288 0
K 0 -35 43
K 0 0 43
K 0 -52 96
K 0 -35 60
K 0 -28 60
K 0 0 60
K 0 21 60
A D 12 48 0
A P 1 227 0
A P 1 198 0
J R 6 614 28 2 5761 576 0
K 0 0 49
A D 6 48 0
A P 1 0 0
J B 128 656 1 82 6913 288 0
J S 0 677 133 2 1 0 1 173
K 0 0 111
K 12 0 110
J N 7 677 70 8 1 0 2 174 175
K 1 0 45
K 0 0 43
K -1 0 45
K 2 0 45
K 24 -6 44
K 0 0 59
K 0 -21 59
A D 18 48 1
A P 1 164 1
J N 7 751 70 7 3457 864 1 174
K 1 0 45
K 0 0 43
K -1 0 45
K 2 0 45
K 0 0 59
K 0 -21 59
A D 12 48 0
A P 1 164 0
H 174 T 70 0 0 0 0 0 13 0
J N 6 810 70 7 5761 576 1 175
K 1 0 45
K -14 0 64
K 0 0 43
K -1 0 45
K 2 0 45
K 0 0 53
A D 6 48 0
A P 1 163 0
H 175 S 12 0 7 0 0 0 0 0 0
J M 0 849 0 0 6913 288 1 173
H 173 W 21 0 38 133 -7 133
J B 129 853 1 82 6913 0 0
J N 7 874 77 9 1 0 2 176 177
K 1 -7 45
K 0 0 43
K 0 -7 45
K 1 -7 45
K 25 0 44
K 0 49 108
K 0 0 59
K 0 -21 59
A D 18 48 1
A P 1 158 1
J N 7 947 77 7 3457 864 1 176
K 1 -7 45
K 0 0 43
K 0 -7 45
K 1 -7 45
K 0 0 59
K 0 -21 59
A D 12 48 0
A P 1 158 0
H 176 T 77 0 0 0 0 0 9 0
J N 5 1007 70 6 5761 576 1 178
K 1 0 45
K -18 0 63
K 0 0 43
K -1 0 45
K 2 0 45
A D 3 48 0
A P 1 164 0
J N 5 1051 63 3 6337 144 1 178
K -18 0 63
K 0 0 43
A D 3 48 0
A P 1 170 0
H 178 B 43 -2 108 2 22 33
J B 130 1081 1 82 6913 144 0
J N 7 1102 56 4 1 0 1 177
K 0 0 43
K 0 0 59
K 0 -21 59
A D 12 48 0
A P 1 175 0
H 177 S 12 0 7 0 0 0 0 0 0
J R 6 1160 28 2 2305 576 0
K 0 0 49
A D 6 48 1
A P 1 0 1
J R 7 1199 28 2 3457 288 0
K 0 0 48
A D 12 48 1
A P 1 0 1
J R 6 1273 28 2 5761 576 0
K 0 0 49
A D 6 48 0
A P 1 0 0
J B 131 1314 1 82 6913 288 0
J R 9 1404 28 2 1 10000 0
K 0 0 46
A D 36 48 0
A P 1 0 0
J B 132 1523 1 82 6913 1728 0
J D 0 1537 0 1 1 0 0
W 0 124 36 dolce
J N 7 1544 56 5 1 0 1 179
K 0 0 43
K 24 -6 44
K 0 0 59
K 0 -21 59
A D 18 48 0
A P 1 175 0
J N 7 1661 42 5 3457 864 0
K 0 0 43
K 24 -6 44
K 0 0 59
K 0 -21 59
A D 18 48 0
A P 1 187 0
J B 133 1784 1 82 6913 864 0
J N 7 1805 28 5 1 0 0
K 0 0 43
K 24 -6 44
K 0 0 60
K 0 21 60
A D 18 48 0
A P 1 198 0
J N 7 1926 77 8 3457 864 1 179
K 1 -7 45
K 0 0 43
K 0 -7 45
K 1 -7 45
K 25 0 44
K 0 0 59
K 0 -21 59
A D 18 48 0
A P 1 158 0
H 179 S 12 0 0 0 0 0 0 0 0
J B 134 2050 1 82 6913 864 0
E *
L 1117 0 -91 345 345 * 0 14 0
J D 0 -86 42 1 6913 0 0
W 0 0 31 Vla
J C 13 5 28 35 6913 0 0
J K 3 57 0 3 6913 0 0
K 0 7 63
K 15 28 63
K 30 0 63
J D 0 -27 -14 1 6913 0 0
W 0 0 0 \01\02\06
J N 7 151 35 5 1 0 0
K 0 0 43
K 0 14 96
K 0 0 59
K 0 -21 59
A D 12 48 0
A P 3 158 0
J R 6 231 28 2 2305 576 0
K 0 0 49
A D 6 48 0
A P 3 0 0
J N 7 271 35 5 3457 288 0
K 0 0 43
K 0 14 96
K 0 0 59
K 0 -21 59
A D 12 48 0
A P 3 158 0
J R 6 351 28 2 5761 576 0
K 0 0 49
A D 6 48 0
A P 3 0 0
J B 127 393 1 82 6913 288 0
J N 7 414 35 5 1 0 0
K 0 0 43
K 0 14 96
K 0 0 59
K 0 -21 59
A D 12 48 0
A P 3 158 0
J R 6 494 28 2 2305 576 0
K 0 0 49
A D 6 48 0
A P 3 0 0
J N 7 534 35 5 3457 288 0
K 0 0 43
K 0 14 96
K 0 0 59
K 0 -21 59
A D 12 48 0
A P 3 158 0
J R 6 614 28 2 5761 576 0
K 0 0 49
A D 6 48 0
A P 3 0 0
J B 128 656 1 82 6913 288 0
J S 0 677 140 2 1 0 1 125
K 0 0 111
K 12 0 110
J N 7 677 77 8 1 0 2 126 127
K 1 -7 45
K 0 0 43
K 0 -7 45
K 1 -7 45
K 25 0 44
K 0 0 59
K 0 -21 59
A D 18 48 1
A P 3 124 1
J N 7 751 77 7 3457 864 1 126
K 1 -7 45
K 0 0 43
K 0 -7 45
K 1 -7 45
K 0 0 59
K 0 -21 59
A D 12 48 0
A P 3 124 0
H 126 T 77 0 0 0 0 0 9 0
J N 6 810 77 8 5761 576 1 127
K 1 -7 45
K -14 0 64
K 0 0 43
K 0 -7 45
K 1 -7 45
K 0 0 59
K 0 0 53
A D 6 48 0
A P 3 123 0
H 127 S 12 0 7 0 0 0 0 0 0
J M 0 849 0 0 6913 288 1 125
H 125 W 21 0 38 140 -7 140
J B 129 853 1 82 6913 0 0
J N 7 874 35 6 1 0 2 128 129
K 0 0 43
K 25 0 44
K 0 51 108
K 0 0 59
K 0 -21 59
A D 18 48 1
A P 3 158 1
J N 7 947 35 4 3457 864 1 128
K 0 0 43
K 0 0 59
K 0 -21 59
A D 12 48 0
A P 3 158 0
H 128 T 35 0 0 0 0 0 9 0
J N 5 1007 28 3 5761 576 1 130
K -18 0 63
K 0 0 43
A D 3 48 0
A P 3 164 0
J N 5 1051 21 3 6337 144 1 130
K -18 0 63
K 0 0 43
A D 3 48 0
A P 3 170 0
H 130 B -47 -3 108 2 22 33
J B 130 1081 1 82 6913 144 0
J N 7 1102 14 4 1 0 1 129
K 0 0 43
K 0 0 60
K 0 21 60
A D 12 48 0
A P 3 175 0
H 129 S 0 14 -28 0 0 3 0 0 0
J R 6 1160 28 2 2305 576 0
K 0 0 49
A D 6 48 1
A P 3 0 1
J R 7 1199 28 2 3457 288 0
K 0 0 48
A D 12 48 1
A P 3 0 1
J R 6 1273 28 2 5761 576 0
K 0 0 49
A D 6 48 0
A P 3 0 0
J B 131 1314 1 82 6913 288 0
J R 9 1404 28 2 1 10000 0
K 0 0 46
A D 36 48 0
A P 3 0 0
J B 132 1523 1 82 6913 1728 0
J D 0 1537 0 1 1 0 0
W 0 116 36 dolce
J N 7 1544 63 5 1 0 1 131
K 0 0 43
K 25 0 44
K 0 0 59
K 0 -21 59
A D 18 48 0
A P 3 135 0
J N 7 1661 49 5 3457 864 0
K 0 0 43
K 25 0 44
K 0 0 59
K 0 -21 59
A D 18 48 0
A P 3 147 0
J B 133 1784 1 82 6913 864 0
J N 7 1805 35 5 1 0 1 131
K 0 0 43
K 25 0 44
K 0 0 59
K 0 -21 59
A D 18 48 0
A P 3 158 0
H 131 S 12 0 0 0 0 0 0 0 0
J N 7 1926 35 5 3457 864 0
K 0 0 43
K 25 0 44
K 0 0 59
K 0 -21 59
A D 18 48 0
A P 3 158 0
J B 134 2050 1 82 6913 864 0
E *
L 1252 0 -91 345 345 * 0 14 0
J D 0 -75 42 1 6913 0 0
W 0 -21 31 Vc
J D 0 -75 42 1 6913 0 0
W 0 21 31 Cb
J C 22 5 14 36 6913 0 0
J K 3 57 0 3 6913 0 0
K 0 14 63
K 15 35 63
K 30 7 63
J D 0 -27 -14 1 6913 0 0
W 0 0 0 \01\02\06
J N 7 151 42 5 1 0 0
K 0 0 43
K 0 21 96
K 0 0 59
K 0 -21 59
A D 12 48 0
A P 1 118 0
J R 6 231 28 2 2305 576 0
K 0 0 49
A D 6 48 0
A P 1 0 0
J N 7 271 42 5 3457 288 0
K 0 0 43
K 0 21 96
K 0 0 59
K 0 -21 59
A D 12 48 0
A P 1 118 0
J R 6 351 28 2 5761 576 0
K 0 0 49
A D 6 48 0
A P 1 0 0
J B 127 393 1 82 6913 288 0
J N 7 414 42 5 1 0 0
K 0 0 43
K 0 21 96
K 0 0 59
K 0 -21 59
A D 12 48 0
A P 1 118 0
J R 6 494 28 2 2305 576 0
K 0 0 49
A D 6 48 0
A P 1 0 0
J N 7 534 42 5 3457 288 0
K 0 0 43
K 0 21 96
K 0 0 59
K 0 -21 59
A D 12 48 0
A P 1 118 0
J R 6 614 28 2 5761 576 0
K 0 0 49
A D 6 48 0
A P 1 0 0
J B 128 656 1 82 6913 288 0
J S 0 677 102 2 1 0 1 99
K 0 0 111
K 12 0 110
J N 7 677 35 5 1 0 2 100 101
K 0 0 43
K 25 0 44
K 0 0 59
K 0 -21 59
A D 18 48 1
A P 1 124 1
J N 7 751 35 4 3457 864 1 100
K 0 0 43
K 0 0 59
K 0 -21 59
A D 12 48 0
A P 1 124 0
H 100 T 35 0 0 0 0 0 9 0
J N 6 810 35 4 5761 576 1 101
K -14 0 64
K 0 0 43
K 0 0 53
A D 6 48 0
A P 1 123 0
H 101 S 12 0 7 0 0 0 0 0 0
J M 0 849 0 0 6913 288 1 99
H 99 W 21 0 38 102 -7 102
J B 129 853 1 82 6913 0 0
J N 7 874 42 6 1 0 2 102 103
K 0 0 43
K 24 -6 44
K 0 53 108
K 0 0 59
K 0 -21 59
A D 18 48 1
A P 1 118 1
J N 7 947 42 4 3457 864 1 102
K 0 0 43
K 0 0 59
K 0 -21 59
A D 12 48 0
A P 1 118 0
H 102 T 42 0 0 0 0 0 13 0
J N 5 1007 35 3 5761 576 1 104
K -18 0 63
K 0 0 43
A D 3 48 0
A P 1 124 0
J N 5 1051 28 3 6337 144 1 104
K -18 0 63
K 0 0 43
A D 3 48 0
A P 1 130 0
H 104 B 49 -3 108 2 22 33
J B 130 1081 1 82 6913 144 0
J N 7 1102 21 4 1 0 1 103
K 0 0 43
K 0 0 60
K 0 21 60
A D 12 48 0
A P 1 135 0
H 103 S 12 0 7 -14 0 0 0 0 0
J R 6 1160 28 2 2305 576 0
K 0 0 49
A D 6 48 1
A P 1 0 1
J R 7 1199 28 2 3457 288 0
K 0 0 48
A D 12 48 1
A P 1 0 1
J R 6 1273 28 2 5761 576 0
K 0 0 49
A D 6 48 0
A P 1 0 0
J B 131 1314 1 82 6913 288 0
J R 9 1404 28 2 1 10000 0
K 0 0 46
A D 36 48 0
A P 1 0 0
J B 132 1523 1 82 6913 1728 0
J D 0 1544 0 1 1 0 0
W 0 96 36 dolce
J N 7 1544 21 5 1 0 1 105
K 0 0 43
K 25 0 44
K 0 0 60
K 0 21 60
A D 18 48 0
A P 1 135 0
J N 7 1661 7 5 3457 864 0
K 0 0 43
K 25 0 44
K 0 0 60
K 0 21 60
A D 18 48 0
A P 1 147 0
J B 133 1784 1 82 6913 864 0
J N 7 1805 -7 5 1 0 0
K 0 0 43
K 25 0 44
K 0 0 60
K 0 21 60
A D 18 48 0
A P 1 158 0
J N 7 1926 42 5 3457 864 1 105
K 0 0 43
K 24 -6 44
K 0 0 59
K 0 -21 59
A D 18 48 0
A P 1 118 0
H 105 S 0 0 -14 0 -28 3 0 0 0
J B 134 2050 1 82 6913 864 0
E *
B 1 393 0
B 1 656 0
B 1 853 0
B 1 1081 0
B 1 1314 0
B 1 1523 0
B 1 1784 0
B 1 2050 0
