S 0 200 140 2050 1590 12 "[(....)][(..)](.)[({..}.{..})]"
L 0 0 -91 345 345 * 0 14 0
J D 0 -108 42 1 6913 0 0
W 0 0 31 Fl 1-2
J C 4 5 42 2 6913 0 0
K 0 0 33
K 0 0 34
J K 3 57 0 3 6913 0 0
K 0 0 63
K 15 21 63
K 30 -7 63
J D 0 -27 -14 1 6913 0 0
W 0 0 37 \01\05\08
J N 8 145 -42 19 1 0 2 185 186
K 0 28 45
K 0 14 45
K 0 0 45
K 0 -14 45
K 0 -14 42
K -1 -14 45
K 2 -14 45
K 24 -20 44
K 0 0 42
K -1 0 45
K 2 0 45
K 24 -6 44
K 0 130 110
K 17 130 110
K 0 -14 60
K 0 0 60
K 0 28 60
K 0 42 60
A D 12 16 1
A P 1 267 1
A P 2 255 1
J B 159 441 1 82 6913 1728 0
J N 7 462 -42 17 1 0 2 185 186
K 0 28 45
K 0 14 45
K 0 0 45
K 0 -14 45
K 0 -14 43
K -1 -14 45
K 2 -14 45
K 24 -20 44
K 0 0 43
K -1 0 45
K 2 0 45
K 24 -6 44
K 0 -14 60
K 0 0 60
K 0 28 60
K 0 42 60
A D 6 16 0
A P 1 267 0
A P 2 255 0
H 185 T -56 0 0 0 0 0 5 0
H 186 T -42 0 0 0 0 0 15 0
J N 6 584 -42 14 3457 864 1 187
K 0 28 45
K 0 14 45
K 0 0 45
K 0 -14 45
K 0 -14 43
K -1 -14 45
K 2 -14 45
K 24 -20 44
K 0 0 43
K -1 0 45
K 2 0 45
K 24 -6 44
K 0 -14 60
A D 3 16 0
A P 1 267 0
A P 2 255 0
J N 5 637 -42 12 5185 432 1 187
K 0 28 45
K 0 14 45
K 0 0 45
K 0 -14 45
K 0 -14 43
K -1 -14 45
K 2 -14 45
K 0 0 43
K -1 0 45
K 2 0 45
K 0 -14 60
A D 1 16 0
A P 1 267 0
A P 2 255 0
J N 6 663 -42 12 5761 144 1 187
K 0 28 45
K 0 14 45
K 0 0 45
K 0 -14 45
K 0 -14 43
K -1 -14 45
K 2 -14 45
K 0 0 43
K -1 0 45
K 2 0 45
K 0 -14 60
A D 2 16 0
A P 1 267 0
A P 2 255 0
H 187 B -70 0 108 3 2 51 3
J B 160 706 1 82 6913 288 0
J N 8 736 -42 16 1 0 2 188 189
K 0 28 45
K 0 14 45
K 0 0 45
K 0 -7 42
K 0 0 45
K 1 0 45
K 25 -7 44
K -17 0 42
K -18 0 45
K -15 0 45
K 24 8 44
K 0 -7 60
K 0 0 60
K 0 28 60
K 0 42 60
A D 12 16 1
A P 1 261 1
A P 2 255 1
J B 161 980 1 82 6913 1728 0
J N 7 1010 -42 16 1 0 2 188 189
K 0 28 45
K 0 14 45
K 0 0 45
K 0 -7 43
K 0 0 45
K 1 0 45
K 25 -7 44
K -17 0 43
K -18 0 45
K -15 0 45
K 24 8 44
K 0 -7 60
K 0 0 60
K 0 28 60
K 0 42 60
A D 6 16 0
A P 1 261 0
A P 2 255 0
H 188 T -49 0 0 0 0 0 1 0
H 189 T -42 -17 -17 0 0 0 15 0
J N 6 1132 -42 13 3457 864 1 190
K 0 28 45
K 0 14 45
K 0 0 45
K 0 -7 43
K 0 0 45
K 1 0 45
K 25 -7 44
K -17 0 43
K -18 0 45
K -15 0 45
K 24 8 44
K 0 -7 60
A D 3 16 0
A P 1 261 0
A P 2 255 0
J N 5 1185 -42 11 5185 432 1 190
K 0 28 45
K 0 14 45
K 0 0 45
K 0 -7 43
K 0 0 45
K 1 0 45
K -17 0 43
K -18 0 45
K -15 0 45
K 0 -7 60
A D 1 16 0
A P 1 261 0
A P 2 255 0
J N 6 1232 -42 11 5761 144 1 190
K 0 28 45
K 0 14 45
K 0 0 45
K 0 -7 43
K 0 0 45
K 1 0 45
K -17 0 43
K -18 0 45
K -15 0 45
K 0 -7 60
A D 2 16 0
A P 1 261 0
A P 2 255 0
H 190 B -70 0 108 3 2 51 3
J B 162 1275 1 82 6913 288 0
J R 7 1298 28 2 1 0 0
K 0 0 48
A D 4 16 1
A P 1 0 1
J R 6 1363 28 2 2305 576 0
K 0 0 49
A D 2 16 0
A P 1 0 0
J D 0 1378 0 1 3457 288 0
W 0 -77 32 1.
J N 7 1406 -49 14 3457 0 1 191
K 0 35 45
K 0 21 45
K 0 7 45
K -14 0 64
K 0 0 43
K 0 7 45
K 1 7 45
K 25 0 44
K 0 131 108
K 23 131 108
K 0 0 60
K 0 28 60
K 0 49 60
A D 6 16 0
A P 1 260 0
J B 163 1486 1 82 6913 864 0
J D 0 1511 0 1 1 0 0
W 0 91 36 cresc.
J N 7 1513 -35 11 1 0 1 192
K 0 21 45
K 0 7 45
K -18 0 63
K 0 0 43
K 0 7 45
K 1 7 45
K 25 0 44
K 0 0 60
K 0 28 60
K 0 35 60
A D 6 16 1
A P 1 250 1
J N 7 1593 -35 9 3457 864 2 192 191
K 0 21 45
K 0 7 45
K 0 0 43
K 0 7 45
K 1 7 45
K 0 0 60
K 0 28 60
K 0 35 60
A D 4 16 0
A P 1 250 0
H 192 T -35 0 0 0 0 0 1 0
H 191 S 0 0 0 0 0 0 0 0 0
J N 6 1679 -21 8 5761 576 0
K 0 7 45
K 0 0 43
K 0 7 45
K 1 7 45
K 0 -17 96
K 0 0 60
K 0 0 54
A D 2 16 0
A P 1 238 0
J B 164 1722 1 82 6913 288 0
J N 7 1743 -21 10 1 0 1 193
K 1 7 45
K 0 0 43
K 0 7 45
K 1 7 45
K 25 0 44
K 0 109 110
K 17 109 110
K 0 0 59
K 0 -7 59
A D 6 16 1
A P 1 238 1
J N 7 1743 -21 8 1 0 1 194
K 0 7 45
K 0 0 43
K 0 7 45
K 1 7 45
K 25 0 44
K 0 0 60
K 0 21 60
A D 6 16 1
A P 2 238 1
J N 6 1899 -21 6 3457 864 2 195 193
K 1 7 45
K 0 0 43
K 0 7 45
K 1 7 45
K 25 0 44
A D 3 16 0
A P 1 238 0
H 193 T -21 0 0 0 0 0 3 0
J N 6 1899 -21 6 3457 0 2 196 194
K 0 7 45
K 0 0 43
K 0 7 45
K 1 7 45
K 25 0 44
A D 3 16 0
A P 2 238 0
H 194 T -21 0 0 0 0 0 11 0
J N 5 1968 -63 8 5185 432 1 195
K 1 49 45
K 1 35 45
K 1 21 45
K 1 7 45
K 0 0 43
K 0 7 45
K 1 7 45
A D 1 16 0
A P 1 272 0
J N 5 1968 -14 5 5185 0 1 196
K 0 0 45
K 0 0 43
K -1 0 45
K 2 0 45
A D 1 16 0
A P 2 232 0
J N 6 1994 -56 8 5761 144 1 195
K 1 42 45
K 1 28 45
K 1 14 45
K 1 0 45
K 0 0 43
K -1 0 45
K 2 0 45
A D 2 16 0
A P 1 267 0
H 195 B 77 -1 108 3 2 51 3
J N 6 1994 -7 2 5761 0 1 196
K 0 0 43
A D 2 16 0
A P 2 227 0
H 196 B -51 0 108 3 2 51 3
J B 165 2050 1 82 6913 288 0
E *
L 142 0 0 345 345 * 0 14 0
J D 0 -119 42 1 6913 0 0
W 0 0 31 Ob 1-2
J C 4 5 42 2 6913 0 0
K 0 0 33
K 0 0 34
J K 3 57 0 3 6913 0 0
K 0 0 63
K 15 21 63
K 30 -7 63
J D 0 -27 -14 1 6913 0 0
W 0 0 0 \01\05\08
J N 8 145 7 10 1 0 2 204 205
K 0 -14 42
K 25 -14 44
K 0 0 42
K 25 0 44
K 0 85 110
K 17 85 110
K 0 -14 60
K 0 0 60
K 0 21 60
A D 36 48 1
A P 1 227 1
A P 2 215 1
J B 159 441 1 82 6913 1728 0
J N 7 462 7 8 1 0 2 204 205
K 0 -14 43
K 25 -14 44
K 0 0 43
K 25 0 44
K 0 -14 60
K 0 0 60
K 0 21 60
A D 18 48 0
A P 1 227 0
A P 2 215 0
H 204 T -7 0 0 0 0 0 1 0
H 205 T 7 0 0 0 0 0 11 0
J N 6 584 7 6 3457 864 1 206
K 0 -14 43
K 25 -14 44
K 0 0 43
K 25 0 44
K 0 -14 60
A D 9 48 0
A P 1 227 0
A P 2 215 0
J N 5 637 7 4 5185 432 1 206
K 0 -14 43
K 0 0 43
K 0 -14 60
A D 3 48 0
A P 1 227 0
A P 2 215 0
J N 6 663 7 4 5761 144 1 206
K 0 -14 43
K 0 0 43
K 0 -14 60
A D 6 48 0
A P 1 227 0
A P 2 215 0
H 206 B -50 0 108 3 2 51 3
J B 160 706 1 82 6913 288 0
J N 8 736 7 8 1 0 2 207 208
K 0 -7 42
K 24 -13 44
K -17 0 42
K 25 0 44
K 0 -7 60
K 0 0 60
K 0 21 60
A D 36 48 1
A P 1 221 1
A P 2 215 1
J B 161 980 1 82 6913 1728 0
J N 7 1010 7 8 1 0 2 207 208
K 0 -7 43
K 24 -13 44
K -17 0 43
K 25 0 44
K 0 -7 60
K 0 0 60
K 0 21 60
A D 18 48 0
A P 1 221 0
A P 2 215 0
H 207 T 0 0 0 0 0 0 5 0
H 208 T 7 -17 -17 0 0 0 11 0
J N 6 1132 7 6 3457 864 1 209
K 0 -7 43
K 24 -13 44
K -17 0 43
K 25 0 44
K 0 -7 60
A D 9 48 0
A P 1 221 0
A P 2 215 0
J N 5 1185 7 4 5185 432 1 209
K 0 -7 43
K -17 0 43
K 0 -7 60
A D 3 48 0
A P 1 221 0
A P 2 215 0
J N 6 1232 7 4 5761 144 1 209
K 0 -7 43
K -17 0 43
K 0 -7 60
A D 6 48 0
A P 1 221 0
A P 2 215 0
H 209 B -50 0 108 3 2 51 3
J B 162 1275 1 82 6913 288 0
J R 7 1298 0 2 1 0 0
K 0 0 48
A D 12 48 1
A P 1 0 1
J R 9 1366 70 2 1 0 0
K 0 0 46
A D 36 48 0
A P 2 0 0
J R 6 1363 0 2 2305 576 0
K 0 0 49
A D 6 48 0
A P 1 0 0
J N 7 1406 0 8 3457 288 1 210
K -14 0 64
K 0 0 43
K 24 -6 44
K 0 82 108
K 23 82 108
K 0 0 59
K 0 -14 59
A D 18 48 0
A P 1 220 0
J B 163 1486 1 82 6913 864 0
J D 0 1507 0 1 1 0 0
W 0 95 36 cresc.
J N 7 1513 14 6 1 0 1 211
K -18 0 63
K 0 0 43
K 24 -6 44
K 0 0 59
K 0 -14 59
A D 18 48 1
A P 1 210 1
J R 9 1590 70 2 1 0 0
K 0 0 46
A D 36 48 0
A P 2 0 0
J N 7 1593 14 4 3457 864 2 211 210
K 0 0 43
K 0 0 59
K 0 -14 59
A D 12 48 0
A P 1 210 0
H 211 T 14 0 0 0 0 0 7 0
H 210 S 0 6 -35 6 -35 0 0 0 0
J N 6 1679 28 4 5761 576 0
K 0 0 43
K 7 -52 96
K 0 0 51
A D 6 48 0
A P 1 198 0
J B 164 1722 1 82 6913 288 0
J N 7 1743 -21 10 1 0 1 212
K 1 7 45
K 0 0 43
K 0 7 45
K 1 7 45
K 25 0 44
K 0 109 110
K 17 109 110
K 0 0 59
K 0 -7 59
A D 18 48 1
A P 1 238 1
J N 7 1743 -21 8 1 0 1 213
K 0 7 45
K 0 0 43
K 0 7 45
K 1 7 45
K 25 0 44
K 0 0 60
K 0 21 60
A D 18 48 1
A P 2 238 1
J N 6 1899 -21 6 3457 864 2 214 212
K 1 7 45
K 0 0 43
K 0 7 45
K 1 7 45
K 25 0 44
A D 9 48 0
A P 1 238 0
H 212 T -21 0 0 0 0 0 3 0
J N 6 1899 -21 6 3457 0 2 215 213
K 0 7 45
K 0 0 43
K 0 7 45
K 1 7 45
K 25 0 44
A D 9 48 0
A P 2 238 0
H 213 T -21 0 0 0 0 0 11 0
J N 5 1968 -14 5 5185 432 1 214
K 1 0 45
K 0 0 43
K -1 0 45
K 2 0 45
A D 3 48 0
A P 1 232 0
J N 5 1968 -14 5 5185 0 1 215
K 0 0 45
K 0 0 43
K -1 0 45
K 2 0 45
A D 3 48 0
A P 2 232 0
J N 6 1994 -7 2 5761 144 1 214
K 0 0 43
A D 6 48 0
A P 1 227 0
H 214 B 45 2 108 3 2 51 3
J N 6 1994 -7 2 5761 0 1 215
K 0 0 43
A D 6 48 0
A P 2 227 0
H 215 B -51 0 108 3 2 51 3
J B 165 2050 1 82 6913 288 0
E *
L 274 0 -91 345 345 * 0 14 0
J D 0 -110 42 1 6913 0 0
W 0 -21 31 Cl 1-2
J D 0 -110 42 1 6913 0 0
W 0 21 31 (A)
J C 4 5 42 2 6913 0 0
K 0 0 33
K 0 0 34
J K 0 57 0 0 6913 0 0
J D 0 -27 -14 1 6913 0 0
W 0 0 0 \01\05\08
J N 8 145 28 11 1 0 2 115 116
K 0 -35 42
K 25 -35 44
K 0 0 42
K 24 -6 44
K 0 68 110
K 17 68 110
K 0 -35 60
K 0 -28 60
K 0 0 60
K 0 21 60
A D 12 16 1
A P 1 226 1
A P 2 198 1
J B 159 441 1 82 6913 1728 0
J N 7 462 28 9 1 0 2 115 116
K 0 -35 43
K 25 -35 44
K 0 0 43
K 24 -6 44
K 0 -35 60
K 0 -28 60
K 0 0 60
K 0 21 60
A D 6 16 0
A P 1 226 0
A P 2 198 0
H 115 T -7 0 0 0 0 0 1 0
H 116 T 28 0 0 0 0 0 15 0
J N 6 584 28 7 3457 864 1 117
K 0 -35 43
K 25 -35 44
K 0 0 43
K 24 -6 44
K 0 -35 60
K 0 -28 60
A D 3 16 0
A P 1 226 0
A P 2 198 0
J N 5 637 28 5 5185 432 1 117
K 0 -35 43
K 0 0 43
K 0 -35 60
K 0 -28 60
A D 1 16 0
A P 1 226 0
A P 2 198 0
J N 6 663 28 5 5761 144 1 117
K 0 -35 43
K 0 0 43
K 0 -35 60
K 0 -28 60
A D 2 16 0
A P 1 226 0
A P 2 198 0
H 117 B -45 0 108 3 2 51 3
J B 160 706 1 82 6913 288 0
J N 8 736 35 9 1 0 2 118 119
K 0 -42 42
K 25 -42 44
K 0 0 42
K 25 0 44
K 0 -42 60
K 0 -28 60
K 0 0 60
K 0 14 60
A D 12 16 1
A P 1 226 1
A P 2 192 1
J B 161 980 1 82 6913 1728 0
J N 7 1010 35 9 1 0 2 118 119
K 0 -42 43
K 25 -42 44
K 0 0 43
K 25 0 44
K 0 -42 60
K 0 -28 60
K 0 0 60
K 0 14 60
A D 6 16 0
A P 1 226 0
A P 2 192 0
H 118 T -7 0 0 0 0 0 1 0
H 119 T 35 0 0 0 0 0 11 0
J N 6 1132 35 7 3457 864 1 120
K 0 -42 43
K 25 -42 44
K 0 0 43
K 25 0 44
K 0 -42 60
K 0 -28 60
A D 3 16 0
A P 1 226 0
A P 2 192 0
J N 5 1185 35 5 5185 432 1 120
K 0 -42 43
K 0 0 43
K 0 -42 60
K 0 -28 60
A D 1 16 0
A P 1 226 0
A P 2 192 0
J N 6 1232 35 5 5761 144 1 120
K 0 -42 43
K 0 0 43
K 0 -42 60
K 0 -28 60
A D 2 16 0
A P 1 226 0
A P 2 192 0
H 120 B -45 0 108 3 2 51 3
J B 162 1275 1 82 6913 288 0
J R 9 1366 28 2 1 0 0
K 0 0 46
A D 12 16 0
A P 3 0 0
J B 163 1486 1 82 6913 1728 0
J R 9 1590 28 2 1 0 0
K 0 0 46
A D 12 16 0
A P 3 0 0
J B 164 1722 1 82 6913 1728 0
J N 7 1743 14 7 1 0 1 121
K 0 0 43
K 24 -6 44
K 0 72 110
K 17 72 110
K 0 0 59
K 0 -14 59
A D 6 16 1
A P 1 209 1
J N 7 1743 14 5 1 0 1 122
K 0 0 43
K 24 6 44
K 0 0 60
K 0 21 60
A D 6 16 1
A P 2 209 1
J N 6 1899 14 3 3457 864 2 123 121
K 0 0 43
K 24 -6 44
A D 3 16 0
A P 1 209 0
H 121 T 14 0 0 0 0 0 7 0
J N 6 1899 14 3 3457 0 2 124 122
K 0 0 43
K 24 6 44
A D 3 16 0
A P 2 209 0
H 122 T 14 0 0 0 0 0 15 0
J N 5 1968 21 2 5185 432 1 123
K 0 0 43
A D 1 16 0
A P 1 203 0
J N 5 1968 21 2 5185 0 1 124
K 0 0 43
A D 1 16 0
A P 2 203 0
J N 6 1994 28 2 5761 144 1 123
K 0 0 43
A D 2 16 0
A P 1 198 0
H 123 B 45 2 108 3 2 51 3
J N 6 1994 28 2 5761 0 1 124
K 0 0 43
A D 2 16 0
A P 2 198 0
H 124 B -53 2 108 3 2 51 3
J B 165 2050 1 82 6913 288 0
E *
L 406 0 -91 345 345 * 0 14 0
J D 0 -130 42 1 6913 0 0
W 0 0 31 Fag 1-2
J C 22 5 14 36 6913 0 0
J K 3 57 0 3 6913 0 0
K 0 14 63
K 15 35 63
K 30 7 63
J D 0 -27 -14 1 6913 0 0
W 0 0 0 \01\05\08
J N 8 145 -28 17 1 0 2 169 170
K 0 14 45
K 0 0 45
K 0 -14 45
K 0 -14 42
K -1 -14 45
K 2 -14 45
K 24 -20 44
K 0 0 42
K -1 0 45
K 2 0 45
K 24 -6 44
K 0 116 110
K 17 116 110
K 0 -14 60
K 0 0 60
K 0 28 60
A D 12 16 1
A P 1 187 1
A P 2 175 1
J B 159 441 1 82 6913 1728 0
J N 7 462 -28 15 1 0 2 169 170
K 0 14 45
K 0 0 45
K 0 -14 45
K 0 -14 43
K -1 -14 45
K 2 -14 45
K 24 -20 44
K 0 0 43
K -1 0 45
K 2 0 45
K 24 -6 44
K 0 -14 60
K 0 0 60
K 0 28 60
A D 6 16 0
A P 1 187 0
A P 2 175 0
H 169 T -42 0 0 0 0 0 5 0
H 170 T -28 0 0 0 0 0 15 0
J N 6 584 -28 13 3457 864 1 171
K 0 14 45
K 0 0 45
K 0 -14 45
K 0 -14 43
K -1 -14 45
K 2 -14 45
K 24 -20 44
K 0 0 43
K -1 0 45
K 2 0 45
K 24 -6 44
K 0 -14 60
A D 3 16 0
A P 1 187 0
A P 2 175 0
J N 5 637 -28 11 5185 432 1 171
K 0 14 45
K 0 0 45
K 0 -14 45
K 0 -14 43
K -1 -14 45
K 2 -14 45
K 0 0 43
K -1 0 45
K 2 0 45
K 0 -14 60
A D 1 16 0
A P 1 187 0
A P 2 175 0
J N 6 663 -28 11 5761 144 1 171
K 0 14 45
K 0 0 45
K 0 -14 45
K 0 -14 43
K -1 -14 45
K 2 -14 45
K 0 0 43
K -1 0 45
K 2 0 45
K 0 -14 60
A D 2 16 0
A P 1 187 0
A P 2 175 0
H 171 B -56 0 108 3 2 51 3
J B 160 706 1 82 6913 288 0
J N 8 736 -28 14 1 0 1 172
K 0 14 45
K 0 0 45
K 0 -7 42
K 0 0 45
K 1 0 45
K 25 -7 44
K -17 0 42
K -18 0 45
K -15 0 45
K 24 8 44
K 0 -7 60
K 0 0 60
K 0 28 60
A D 12 16 2
A P 1 181 1
A P 2 175 0
J B 161 980 1 82 6913 1728 0
J N 7 1010 -28 14 1 0 1 172
K 0 14 45
K 0 0 45
K 0 -7 43
K 0 0 45
K 1 0 45
K 25 -7 44
K -17 0 43
K -18 0 45
K -15 0 45
K 24 8 44
K 0 -7 60
K 0 0 60
K 0 28 60
A D 6 16 0
A P 1 181 0
A P 2 175 0
H 172 T -35 0 0 0 0 0 1 0
J N 6 1132 -28 12 3457 864 1 173
K 0 14 45
K 0 0 45
K 0 -7 43
K 0 0 45
K 1 0 45
K 25 -7 44
K -17 0 43
K -18 0 45
K -15 0 45
K 24 8 44
K 0 -7 60
A D 3 16 0
A P 1 181 0
A P 2 175 0
J N 5 1185 -28 10 5185 432 1 173
K 0 14 45
K 0 0 45
K 0 -7 43
K 0 0 45
K 1 0 45
K -17 0 43
K -18 0 45
K -15 0 45
K 0 -7 60
A D 1 16 0
A P 1 181 0
A P 2 175 0
J N 6 1232 -28 10 5761 144 1 173
K 0 14 45
K 0 0 45
K 0 -7 43
K 0 0 45
K 1 0 45
K -17 0 43
K -18 0 45
K -15 0 45
K 0 -7 60
A D 2 16 0
A P 1 181 0
A P 2 175 0
H 173 B -56 0 108 3 2 51 3
J B 162 1275 1 82 6913 288 0
J R 7 1298 -7 2 1 0 0
K 0 0 48
A D 4 16 1
A P 1 0 1
J R 9 1366 56 2 1 0 0
K 0 0 46
A D 12 16 0
A P 2 0 0
J R 6 1363 -7 2 2305 576 0
K 0 0 49
A D 2 16 0
A P 1 0 0
J N 7 1406 -35 12 3457 288 1 174
K 1 21 45
K 1 7 45
K -14 0 64
K 0 0 43
K 0 7 45
K 1 7 45
K 25 0 44
K 0 119 108
K 23 119 108
K 0 0 59
K 0 -7 59
A D 6 16 0
A P 1 180 0
J B 163 1486 1 82 6913 864 0
J D 0 1507 0 1 1 0 0
W 0 89 36 cresc.
J N 7 1513 -21 9 1 0 1 175
K 1 7 45
K -18 0 63
K 0 0 43
K 0 7 45
K 1 7 45
K 25 0 44
K 0 0 59
K 0 -7 59
A D 6 16 1
A P 1 170 1
J R 9 1590 56 2 1 0 0
K 0 0 46
A D 12 16 0
A P 2 0 0
J N 7 1593 -21 7 3457 864 2 175 174
K 1 7 45
K 0 0 43
K 0 7 45
K 1 7 45
K 0 0 59
K 0 -7 59
A D 4 16 0
A P 1 170 0
H 175 T -21 0 0 0 0 0 3 0
H 174 S 0 6 -28 6 -28 0 0 0 0
J N 6 1679 -7 4 5761 576 0
K 0 0 43
K 7 -52 96
K 0 0 51
A D 2 16 0
A P 1 158 0
J B 164 1722 1 82 6913 288 0
J N 7 1743 -7 7 1 0 1 176
K 0 0 43
K 25 0 44
K 0 92 110
K 17 92 110
K 0 0 59
K 0 -14 59
A D 6 16 1
A P 1 158 1
J N 7 1743 -7 7 1 0 1 177
K 0 0 43
K 25 0 44
K 0 92 110
K 17 92 110
K 0 0 60
K 0 21 60
A D 6 16 1
A P 2 158 1
J N 6 1899 -7 3 3457 864 2 178 176
K 0 0 43
K 25 0 44
A D 3 16 0
A P 1 158 0
H 176 T -7 0 0 0 0 0 3 0
J N 6 1899 -7 3 3457 0 2 179 177
K 0 0 43
K 25 0 44
A D 3 16 0
A P 2 158 0
H 177 T -7 0 0 0 0 0 11 0
J N 5 1968 0 2 5185 432 1 178
K 0 0 43
A D 1 16 0
A P 1 152 0
J N 5 1968 0 2 5185 0 1 179
K 0 0 43
A D 1 16 0
A P 2 152 0
J N 6 1994 7 2 5761 144 1 178
K 0 0 43
A D 2 16 0
A P 1 147 0
H 178 B 45 2 108 3 2 51 3
J N 6 1994 7 2 5761 0 1 179
K 0 0 43
A D 2 16 0
A P 2 147 0
H 179 B -51 1 108 3 2 51 3
J B 165 2050 1 82 6913 288 0
E *
L 561 0 -91 345 345 * 0 14 0
J D 0 -130 42 1 6913 0 0
W 0 -21 31 Cor 1-2
J D 0 -130 42 1 6913 0 0
W 0 21 31 (A)
J C 4 5 42 2 6913 0 0
K 0 0 33
K 0 0 34
J K 0 57 0 0 6913 0 0
J D 0 -27 -14 1 6913 0 0
W 0 0 0 \01\05\08
J N 8 145 42 15 1 0 2 120 121
K 1 28 45
K 1 42 45
K 0 0 42
K 24 -6 44
K 0 49 42
K 0 42 45
K 1 42 45
K 25 49 44
K -7 99 110
K 10 99 110
K 0 49 59
K 0 28 59
K 0 0 59
K 0 -21 59
A D 12 16 1
A P 1 186 1
A P 2 146 1
J B 159 441 1 82 6913 1728 0
J N 7 462 42 13 1 0 2 120 121
K 1 28 45
K 1 42 45
K 0 0 43
K 24 -6 44
K 0 49 43
K 0 42 45
K 1 42 45
K 25 49 44
K 0 49 59
K 0 28 59
K 0 0 59
K 0 -21 59
A D 6 16 0
A P 1 186 0
A P 2 146 0
H 120 T 42 0 0 0 0 0 7 0
H 121 T 91 0 0 0 0 0 9 0
J N 6 584 42 11 3457 864 1 122
K 1 28 45
K 1 42 45
K 0 0 43
K 24 -6 44
K 0 49 43
K 0 42 45
K 1 42 45
K 25 49 44
K 0 49 59
K 0 28 59
A D 3 16 0
A P 1 186 0
A P 2 146 0
J N 5 637 42 9 5185 432 1 122
K 1 28 45
K 1 42 45
K 0 0 43
K 0 49 43
K 0 42 45
K 1 42 45
K 0 49 59
K 0 28 59
A D 1 16 0
A P 1 186 0
A P 2 146 0
J N 6 663 42 9 5761 144 1 122
K 1 28 45
K 1 42 45
K 0 0 43
K 0 49 43
K 0 42 45
K 1 42 45
K 0 49 59
K 0 28 59
A D 2 16 0
A P 1 186 0
A P 2 146 0
H 122 B 46 0 108 3 2 51 3
J B 160 706 1 82 6913 288 0
J N 8 736 42 13 1 0 2 123 124
K 1 28 45
K 1 42 45
K 0 0 42
K 24 -6 44
K 0 49 42
K 0 42 45
K 1 42 45
K 25 49 44
K 0 49 59
K 0 28 59
K 0 0 59
K 0 -21 59
A D 12 16 1
A P 1 186 1
A P 2 146 1
J B 161 980 1 82 6913 1728 0
J N 7 1010 42 13 1 0 2 123 124
K 1 28 45
K 1 42 45
K 0 0 43
K 24 -6 44
K 0 49 43
K 0 42 45
K 1 42 45
K 25 49 44
K 0 49 59
K 0 28 59
K 0 0 59
K 0 -21 59
A D 6 16 0
A P 1 186 0
A P 2 146 0
H 123 T 42 0 0 0 0 0 7 0
H 124 T 91 0 0 0 0 0 9 0
J N 6 1132 42 11 3457 864 1 125
K 1 28 45
K 1 42 45
K 0 0 43
K 24 -6 44
K 0 49 43
K 0 42 45
K 1 42 45
K 25 49 44
K 0 49 59
K 0 28 59
A D 3 16 0
A P 1 186 0
A P 2 146 0
J N 5 1185 42 9 5185 432 1 125
K 1 28 45
K 1 42 45
K 0 0 43
K 0 49 43
K 0 42 45
K 1 42 45
K 0 49 59
K 0 28 59
A D 1 16 0
A P 1 186 0
A P 2 146 0
J N 6 1232 42 9 5761 144 1 125
K 1 28 45
K 1 42 45
K 0 0 43
K 0 49 43
K 0 42 45
K 1 42 45
K 0 49 59
K 0 28 59
A D 2 16 0
A P 1 186 0
A P 2 146 0
H 125 B 46 0 108 3 2 51 3
J B 162 1275 1 82 6913 288 0
J R 9 1366 28 2 1 0 0
K 0 0 46
A D 12 16 0
A P 3 0 0
J B 163 1486 1 82 6913 1728 0
J R 9 1590 28 2 1 0 0
K 0 0 46
A D 12 16 0
A P 3 0 0
J B 164 1722 1 82 6913 1728 0
J N 7 1743 42 13 1 0 0
K 1 28 45
K 1 42 45
K 0 0 43
K 0 49 43
K 0 42 45
K 1 42 45
K 0 85 110
K 17 85 110
K 0 49 59
K 0 28 59
K 0 0 59
K 0 -21 59
A D 4 16 0
A P 1 186 0
A P 2 146 0
J R 6 1847 28 2 2305 576 0
K 0 0 49
A D 2 16 0
A P 1 0 0
J N 7 1899 42 11 3457 288 0
K 1 28 45
K 1 42 45
K 0 0 43
K 0 49 43
K 0 42 45
K 1 42 45
K 0 49 59
K 0 28 59
K 0 0 59
K 0 -21 59
A D 4 16 0
A P 1 186 0
A P 2 146 0
J R 6 1994 28 2 5761 576 0
K 0 0 49
A D 2 16 0
A P 1 0 0
J B 165 2050 1 82 6913 288 0
E *
L 701 0 -91 345 345 * 0 14 0
J D 0 -111 42 1 6913 0 0
W 0 -21 31 Tr 1-2
J D 0 -111 42 1 6913 0 0
W 0 21 31 (D)
J C 4 5 42 2 6913 0 0
K 0 0 33
K 0 0 34
J K 0 57 0 0 6913 0 0
J D 0 -27 -14 1 6913 0 0
W 0 0 0 \01\05\08
J D 0 131 0 1 1 0 0
W 0 -14 32 zu 2
J N 7 145 14 6 1 0 0
K 0 0 43
K 0 74 110
K 17 74 110
K 0 0 60
K 0 21 60
A D 4 16 0
A P 3 209 0
J R 6 267 28 2 2305 576 0
K 0 0 49
A D 2 16 1
A P 3 0 1
J R 7 319 28 2 3457 288 0
K 0 0 48
A D 4 16 1
A P 3 0 1
J R 6 398 28 2 5761 576 0
K 0 0 49
A D 2 16 0
A P 3 0 0
J B 159 441 1 82 6913 288 0
J R 7 462 28 2 1 0 0
K 0 0 48
A D 4 16 1
A P 3 0 1
J R 6 541 28 2 2305 576 0
K 0 0 49
A D 2 16 0
A P 3 0 0
J N 6 584 14 3 3457 288 1 33
K 0 0 43
K 24 -6 44
A D 3 16 0
A P 3 209 0
J N 5 637 14 2 5185 432 1 33
K 0 0 43
A D 1 16 0
A P 3 209 0
J N 6 663 14 2 5761 144 1 33
K 0 0 43
A D 2 16 0
A P 3 209 0
H 33 B -46 0 108 3 2 51 3
J B 160 706 1 82 6913 288 0
J N 7 736 42 11 1 0 0
K 1 28 45
K 1 42 45
K 0 0 43
K 0 49 43
K 0 42 45
K 1 42 45
K 0 49 59
K 0 28 59
K 0 0 59
K 0 -21 59
A D 4 16 0
A P 1 186 0
A P 2 146 0
J R 6 815 28 2 2305 576 0
K 0 0 49
A D 2 16 1
A P 1 0 1
J R 7 858 28 2 3457 288 0
K 0 0 48
A D 4 16 1
A P 1 0 1
J R 6 937 28 2 5761 576 0
K 0 0 49
A D 2 16 0
A P 1 0 0
J B 161 980 1 82 6913 288 0
J R 7 1010 28 2 1 0 0
K 0 0 48
A D 4 16 1
A P 1 0 1
J R 6 1089 28 2 2305 576 0
K 0 0 49
A D 2 16 0
A P 1 0 0
J N 6 1132 42 11 3457 288 1 34
K 1 28 45
K 1 42 45
K 0 0 43
K 24 -6 44
K 0 49 43
K 0 42 45
K 1 42 45
K 25 49 44
K 0 49 59
K 0 28 59
A D 3 16 0
A P 1 186 0
A P 2 146 0
J N 5 1185 42 9 5185 432 1 34
K 1 28 45
K 1 42 45
K 0 0 43
K 0 49 43
K 0 42 45
K 1 42 45
K 0 49 59
K 0 28 59
A D 1 16 0
A P 1 186 0
A P 2 146 0
J N 6 1232 42 9 5761 144 1 34
K 1 28 45
K 1 42 45
K 0 0 43
K 0 49 43
K 0 42 45
K 1 42 45
K 0 49 59
K 0 28 59
A D 2 16 0
A P 1 186 0
A P 2 146 0
H 34 B 46 0 108 3 2 51 3
J B 162 1275 1 82 6913 288 0
J R 9 1366 28 2 1 0 0
K 0 0 46
A D 12 16 0
A P 3 0 0
J B 163 1486 1 82 6913 1728 0
J R 9 1590 28 2 1 0 0
K 0 0 46
A D 12 16 0
A P 3 0 0
J B 164 1722 1 82 6913 1728 0
J D 0 1729 0 1 1 0 0
W 0 -14 32 zu 2
J N 7 1743 14 6 1 0 0
K 0 0 43
K 0 74 110
K 17 74 110
K 0 0 60
K 0 21 60
A D 4 16 0
A P 3 209 0
J R 6 1847 28 2 2305 576 0
K 0 0 49
A D 2 16 1
A P 3 0 1
J R 7 1899 28 2 3457 288 0
K 0 0 48
A D 4 16 1
A P 3 0 1
J R 6 1994 28 2 5761 576 0
K 0 0 49
A D 2 16 0
A P 3 0 0
J B 165 2050 1 82 6913 288 0
E *
L 853 0 -91 345 345 * 0 14 0
J D 0 -109 42 1 6913 0 0
W 0 -21 31 Timp.
J D 0 -109 42 1 6913 0 0
W 0 21 31 (A-E)
J C 22 5 14 36 6913 0 0
J K 0 57 0 0 6913 0 0
J D 0 -27 -14 1 6913 0 0
W 0 0 0 \01\05\08
J N 7 145 21 6 1 0 0
K 0 0 43
K 0 71 110
K 17 71 110
K 0 0 60
K 0 21 60
A D 4 16 0
A P 1 135 0
J R 6 267 28 2 2305 576 0
K 0 0 49
A D 2 16 1
A P 1 0 1
J R 7 319 28 2 3457 288 0
K 0 0 48
A D 4 16 1
A P 1 0 1
J R 6 398 28 2 5761 576 0
K 0 0 49
A D 2 16 0
A P 1 0 0
J B 159 441 1 82 6913 288 0
J R 7 462 28 2 1 0 0
K 0 0 48
A D 4 16 1
A P 1 0 1
J R 6 541 28 2 2305 576 0
K 0 0 49
A D 2 16 0
A P 1 0 0
J N 6 584 21 3 3457 288 1 24
K 0 0 43
K 25 0 44
A D 3 16 0
A P 1 135 0
J N 5 637 21 2 5185 432 1 24
K 0 0 43
A D 1 16 0
A P 1 135 0
J N 6 663 21 2 5761 144 1 24
K 0 0 43
A D 2 16 0
A P 1 135 0
H 24 B -50 0 108 3 2 51 3
J B 160 706 1 82 6913 288 0
J N 7 736 49 4 1 0 0
K 0 0 43
K 0 0 59
K 0 -21 59
A D 4 16 0
A P 1 112 0
J R 6 815 28 2 2305 576 0
K 0 0 49
A D 2 16 1
A P 1 0 1
J R 7 858 28 2 3457 288 0
K 0 0 48
A D 4 16 1
A P 1 0 1
J R 6 937 28 2 5761 576 0
K 0 0 49
A D 2 16 0
A P 1 0 0
J B 161 980 1 82 6913 288 0
J R 7 1010 28 2 1 0 0
K 0 0 48
A D 4 16 1
A P 1 0 1
J R 6 1089 28 2 2305 576 0
K 0 0 49
A D 2 16 0
A P 1 0 0
J N 6 1132 49 3 3457 288 1 25
K 0 0 43
K 25 0 44
A D 3 16 0
A P 1 112 0
J N 5 1185 49 2 5185 432 1 25
K 0 0 43
A D 1 16 0
A P 1 112 0
J N 6 1232 49 2 5761 144 1 25
K 0 0 43
A D 2 16 0
A P 1 112 0
H 25 B 50 0 108 3 2 51 3
J B 162 1275 1 82 6913 288 0
J R 9 1366 28 2 1 0 0
K 0 0 46
A D 12 16 0
A P 1 0 0
J B 163 1486 1 82 6913 1728 0
J R 9 1590 28 2 1 0 0
K 0 0 46
A D 12 16 0
A P 1 0 0
J B 164 1722 1 82 6913 1728 0
J N 7 1743 21 6 1 0 0
K 0 0 43
K 0 71 110
K 17 71 110
K 0 0 60
K 0 21 60
A D 4 16 0
A P 1 135 0
J R 6 1847 28 2 2305 576 0
K 0 0 49
A D 2 16 0
A P 1 0 0
J N 7 1899 21 4 3457 288 0
K 0 0 43
K 0 0 60
K 0 21 60
A D 4 16 0
A P 1 135 0
J R 6 1994 28 2 5761 576 0
K 0 0 49
A D 2 16 0
A P 1 0 0
J B 165 2050 1 82 6913 288 0
E *
L 1005 0 -91 345 345 * 0 14 0
J D 0 -119 42 1 6913 0 0
W 0 0 31 Vln 1
J C 4 5 42 2 6913 0 0
K 0 0 33
K 0 0 34
J K 3 57 0 3 6913 0 0
K 0 0 63
K 15 21 63
K 30 -7 63
J D 0 -27 -14 1 6913 0 0
W 0 0 0 \01\05\08
J N 8 145 -56 16 1 0 0
K 0 42 45
K 0 28 45
K 0 14 45
K 0 0 45
K 0 0 42
K -1 0 45
K 2 0 45
K 24 -6 44
K 0 151 110
K 17 151 110
K 0 0 60
K 0 28 60
K 0 52 60
K -17 71 125
K -17 57 125
A D 36 48 0
A P 1 267 0
J B 159 441 1 82 6913 1728 0
J N 8 462 -56 14 1 0 0
K 0 42 45
K 0 28 45
K 0 14 45
K 0 0 45
K 0 0 42
K -1 0 45
K 2 0 45
K 24 -6 44
K 0 0 60
K 0 28 60
K 0 52 60
K -17 71 125
K -17 57 125
A D 36 48 0
A P 1 267 0
J B 160 706 1 82 6913 1728 0
J N 8 736 -49 13 1 0 0
K 0 35 45
K 0 21 45
K 0 7 45
K 0 0 42
K 0 7 45
K 1 7 45
K 25 0 44
K 0 0 60
K 0 28 60
K 0 45 60
K -17 64 125
K -17 50 125
A D 36 48 0
A P 1 261 0
J B 161 980 1 82 6913 1728 0
J N 8 1010 -49 13 1 0 0
K 0 35 45
K 0 21 45
K 0 7 45
K 0 0 42
K 0 7 45
K 1 7 45
K 25 0 44
K 0 0 60
K 0 28 60
K 0 45 60
K -17 64 125
K -17 50 125
A D 36 48 0
A P 1 261 0
J B 162 1275 1 82 6913 1728 0
J N 7 1298 -49 14 1 0 1 199
K 0 35 45
K 0 21 45
K 0 7 45
K -14 0 64
K 0 0 43
K 0 7 45
K 1 7 45
K 25 0 44
K 0 131 108
K 23 131 108
K 0 0 60
K 0 28 60
K 0 49 60
A D 18 48 0
A P 1 260 0
J N 7 1406 -28 10 3457 864 0
K 0 14 45
K 0 0 45
K -14 0 64
K 0 0 43
K -1 0 45
K 2 0 45
K 24 -6 44
K 0 0 60
K 0 28 60
A D 18 48 0
A P 1 243 0
J B 163 1486 1 82 6913 864 0
J D 0 1511 0 1 1 0 0
W 0 92 36 cresc.
J N 7 1513 14 6 1 0 0
K -18 0 63
K 0 0 43
K 24 -6 44
K 0 0 60
K 0 21 60
A D 18 48 0
A P 1 210 0
J N 7 1593 -21 7 3457 864 1 199
K 0 7 45
K 0 0 43
K 0 7 45
K 1 7 45
K 0 0 60
K 0 21 60
A D 12 48 0
A P 1 238 0
H 199 S 0 0 0 0 0 0 0 0 0
J N 6 1679 -21 8 5761 576 0
K 0 7 45
K 0 0 43
K 0 7 45
K 1 7 45
K 0 -17 96
K 0 0 60
K 0 0 54
A D 6 48 0
A P 1 238 0
J B 164 1722 1 82 6913 288 0
J N 7 1743 -21 10 1 0 1 200
K 0 7 45
K 0 0 43
K 0 7 45
K 1 7 45
K 25 0 44
K 0 109 110
K 17 109 110
K 0 0 60
K 0 21 60
A D 18 48 1
A P 1 238 1
J N 6 1899 -21 6 3457 864 2 201 200
K 0 7 45
K 0 0 43
K 0 7 45
K 1 7 45
K 25 0 44
A D 9 48 0
A P 1 238 0
H 200 T -21 0 0 0 0 0 1 0
J N 5 1968 -14 6 5185 432 1 201
K 0 0 45
K 0 0 43
K -1 0 45
K 2 0 45
K 0 -17 96
A D 3 48 0
A P 1 232 0
J N 6 1994 -7 3 5761 144 1 201
K 0 0 43
K 0 -17 96
A D 6 48 0
A P 1 227 0
H 201 B -51 0 108 3 2 51 3
J B 165 2050 1 82 6913 288 0
E *
L 1137 0 -91 345 345 * 0 14 0
J D 0 -119 42 1 6913 0 0
W 0 0 31 Vln 2
J C 4 5 42 2 6913 0 0
K 0 0 33
K 0 0 34
J K 3 57 0 3 6913 0 0
K 0 0 63
K 15 21 63
K 30 -7 63
J D 0 -27 -14 1 6913 0 0
W 0 0 0 \01\05\08
J N 5 145 7 4 1 0 1 206
K 0 0 43
K 0 88 110
K 17 88 110
A D 3 48 0
A P 1 215 0
J N 5 187 7 10 577 144 1 206
K 0 -21 45
K 0 -35 45
K 0 -49 45
K 0 -49 43
K -1 -49 45
K 2 -49 45
K 0 0 43
K 0 -49 60
K 0 -28 60
A D 3 48 0
A P 1 255 0
A P 1 215 0
J N 5 214 7 10 1153 144 1 206
K 0 -21 45
K 0 -35 45
K 0 -49 45
K 0 -49 43
K -1 -49 45
K 2 -49 45
K 0 0 43
K 0 -49 60
K 0 -28 60
A D 3 48 0
A P 1 255 0
A P 1 215 0
J N 5 241 7 10 1729 144 1 206
K 0 -21 45
K 0 -35 45
K 0 -49 45
K 0 -49 43
K -1 -49 45
K 2 -49 45
K 0 0 43
K 0 -49 60
K 0 -28 60
A D 3 48 0
A P 1 255 0
A P 1 215 0
J N 5 267 7 10 2305 144 1 206
K 0 -21 45
K 0 -35 45
K 0 -49 45
K 0 -49 43
K -1 -49 45
K 2 -49 45
K 0 0 43
K 0 -49 60
K 0 -28 60
A D 3 48 0
A P 1 255 0
A P 1 215 0
J N 5 293 7 10 2881 144 1 206
K 0 -21 45
K 0 -35 45
K 0 -49 45
K 0 -49 43
K -1 -49 45
K 2 -49 45
K 0 0 43
K 0 -49 60
K 0 -28 60
A D 3 48 0
A P 1 255 0
A P 1 215 0
H 206 B -50 0 108 6 22 11 11 11 11 33
J N 7 319 7 17 3457 144 0
K 0 -21 45
K 0 -35 45
K 0 -49 45
K 0 -49 43
K -1 -49 45
K 2 -49 45
K 24 -55 44
K 0 0 43
K 25 0 44
K 0 -49 60
K 0 -28 60
K 0 0 60
K 0 28 60
K 0 30 60
K -17 49 125
K -17 35 125
A D 18 48 0
A P 1 255 0
A P 1 215 0
J B 159 441 1 82 6913 864 0
J N 8 462 7 17 1 0 0
K 0 -21 45
K 0 -35 45
K 0 -49 45
K 0 -49 42
K -1 -49 45
K 2 -49 45
K 24 -55 44
K 0 0 42
K 25 0 44
K 0 -49 60
K 0 -28 60
K 0 0 60
K 0 28 60
K 0 30 60
K -17 49 125
K -17 35 125
A D 36 48 0
A P 1 255 0
A P 1 215 0
J B 160 706 1 82 6913 1728 0
J N 8 736 7 17 1 0 0
K 0 -21 45
K 0 -35 45
K 0 -49 45
K 0 -49 42
K -1 -49 45
K 2 -49 45
K 24 -55 44
K 0 0 42
K 25 0 44
K 0 -49 60
K 0 -28 60
K 0 0 60
K 0 28 60
K 0 30 60
K -17 49 125
K -17 35 125
A D 36 48 0
A P 1 255 0
A P 1 215 0
J B 161 980 1 82 6913 1728 0
J N 8 1010 7 17 1 0 0
K 0 -21 45
K 0 -35 45
K 0 -49 45
K 0 -49 42
K -1 -49 45
K 2 -49 45
K 24 -55 44
K 0 0 42
K 25 0 44
K 0 -49 60
K 0 -28 60
K 0 0 60
K 0 28 60
K 0 30 60
K -17 49 125
K -17 35 125
A D 36 48 0
A P 1 255 0
A P 1 215 0
J B 162 1275 1 82 6913 1728 0
J N 7 1298 0 8 1 0 1 207
K -14 0 64
K 0 0 43
K 24 -6 44
K 0 82 108
K 23 82 108
K 0 0 60
K 0 21 60
A D 18 48 0
A P 1 220 0
J N 7 1406 21 6 3457 864 0
K -14 0 64
K 0 0 43
K 25 0 44
K 0 0 60
K 0 21 60
A D 18 48 0
A P 1 203 0
J B 163 1486 1 82 6913 864 0
J D 0 1511 0 1 1 0 0
W 0 114 36 cresc.
J N 7 1513 63 6 1 0 2 208 207
K -18 0 63
K 0 0 43
K 25 0 44
K 0 0 59
K 0 -21 59
A D 18 48 1
A P 1 170 1
H 207 S 0 0 0 6 -42 0 0 0 0
J N 6 1593 63 2 3457 864 3 209 210 208
K 0 0 43
A D 6 48 0
A P 1 170 0
H 208 T 63 0 0 0 0 0 9 0
J N 6 1636 28 2 4609 288 2 210 209
K 0 0 43
A D 6 48 0
A P 1 198 0
H 209 S 12 0 0 0 0 0 0 0 0
J N 6 1679 28 3 5761 288 1 210
K 0 0 43
K 0 21 96
A D 6 48 0
A P 1 198 0
H 210 B 71 -4 108 3 2 1 3
J B 164 1722 1 82 6913 288 0
J N 6 1743 28 4 1 0 1 211
K 0 0 43
K 0 60 110
K 17 60 110
A D 6 48 0
A P 1 198 0
J N 5 1795 77 5 1153 288 1 211
K 1 -7 45
K 0 0 43
K 0 -7 45
K 1 -7 45
A D 3 48 0
A P 1 158 0
J N 5 1821 77 5 1729 144 1 211
K 1 -7 45
K 0 0 43
K 0 -7 45
K 1 -7 45
A D 3 48 0
A P 1 158 0
J N 5 1847 77 5 2305 144 1 211
K 1 -7 45
K 0 0 43
K 0 -7 45
K 1 -7 45
A D 3 48 0
A P 1 158 0
J N 5 1873 77 5 2881 144 1 211
K 1 -7 45
K 0 0 43
K 0 -7 45
K 1 -7 45
A D 3 48 0
A P 1 158 0
H 211 B 48 4 108 5 2 21 11 11 33
J N 6 1899 77 5 3457 144 1 212
K 1 -7 45
K 0 0 43
K 0 -7 45
K 1 -7 45
A D 6 48 0
A P 1 158 0
J N 5 1942 77 5 4609 288 1 212
K 1 -7 45
K 0 0 43
K 0 -7 45
K 1 -7 45
A D 3 48 0
A P 1 158 0
J N 5 1968 77 5 5185 144 1 212
K 1 -7 45
K 0 0 43
K 0 -7 45
K 1 -7 45
A D 3 48 0
A P 1 158 0
J N 5 1994 77 5 5761 144 1 212
K 1 -7 45
K 0 0 43
K 0 -7 45
K 1 -7 45
A D 3 48 0
A P 1 158 0
J N 5 2020 77 5 6337 144 1 212
K 1 -7 45
K 0 0 43
K 0 -7 45
K 1 -7 45
A D 3 48 0
A P 1 158 0
H 212 B 50 0 108 5 2 21 11 11 33
J B 165 2050 1 82 6913 144 0
E *
L 1269 0 -91 345 345 * 0 14 0
J D 0 -86 42 1 6913 0 0
W 0 0 31 Vla
J C 13 5 28 35 6913 0 0
J K 3 57 0 3 6913 0 0
K 0 7 63
K 15 28 63
K 30 0 63
J D 0 -27 -14 1 6913 0 0
W 0 0 0 \01\05\08
J N 5 145 63 4 1 0 1 152
K 0 0 43
K 0 35 110
K 17 35 110
A D 3 48 0
A P 3 135 0
J N 5 187 0 7 577 144 1 152
K 0 -14 45
K 0 -14 43
K -1 -14 45
K 2 -14 45
K 0 0 43
K 0 -14 60
A D 3 48 0
A P 3 198 0
A P 3 187 0
J N 5 214 0 7 1153 144 1 152
K 0 -14 45
K 0 -14 43
K -1 -14 45
K 2 -14 45
K 0 0 43
K 0 -14 60
A D 3 48 0
A P 3 198 0
A P 3 187 0
J N 5 241 0 7 1729 144 1 152
K 0 -14 45
K 0 -14 43
K -1 -14 45
K 2 -14 45
K 0 0 43
K 0 -14 60
A D 3 48 0
A P 3 198 0
A P 3 187 0
J N 5 267 0 7 2305 144 1 152
K 0 -14 45
K 0 -14 43
K -1 -14 45
K 2 -14 45
K 0 0 43
K 0 -14 60
A D 3 48 0
A P 3 198 0
A P 3 187 0
J N 5 293 0 7 2881 144 1 152
K 0 -14 45
K 0 -14 43
K -1 -14 45
K 2 -14 45
K 0 0 43
K 0 -14 60
A D 3 48 0
A P 3 198 0
A P 3 187 0
H 152 B 39 2 108 6 22 11 11 11 11 33
J N 7 319 0 13 3457 144 0
K 0 -14 45
K 0 -14 43
K -1 -14 45
K 2 -14 45
K 24 -20 44
K 0 0 43
K 24 -6 44
K 0 -14 60
K 0 0 60
K 0 23 60
K -17 42 125
K -17 28 125
A D 18 48 0
A P 3 198 0
A P 3 187 0
J B 159 441 1 82 6913 864 0
J N 8 462 0 13 1 0 0
K 0 -14 45
K 0 -14 42
K -1 -14 45
K 2 -14 45
K 24 -20 44
K 0 0 42
K 24 -6 44
K 0 -14 60
K 0 0 60
K 0 23 60
K -17 42 125
K -17 28 125
A D 36 48 0
A P 3 198 0
A P 3 187 0
J B 160 706 1 82 6913 1728 0
J N 8 736 -7 14 1 0 0
K 0 -7 45
K 0 -14 42
K 0 -7 45
K 1 -7 45
K 25 -14 44
K 0 0 42
K 25 0 44
K 0 -14 60
K 0 0 60
K 0 28 60
K 0 30 60
K -17 49 125
K -17 35 125
A D 36 48 0
A P 3 204 0
A P 3 192 0
J B 161 980 1 82 6913 1728 0
J N 8 1010 -7 14 1 0 0
K 0 -7 45
K 0 -14 42
K 0 -7 45
K 1 -7 45
K 25 -14 44
K 0 0 42
K 25 0 44
K 0 -14 60
K 0 0 60
K 0 28 60
K 0 30 60
K -17 49 125
K -17 35 125
A D 36 48 0
A P 3 204 0
A P 3 192 0
J B 162 1275 1 82 6913 1728 0
J N 7 1298 7 8 1 0 1 153
K -14 0 64
K 0 0 43
K 25 0 44
K 0 74 108
K 23 74 108
K 0 0 60
K 0 21 60
A D 18 48 0
A P 3 180 0
J N 7 1406 28 6 3457 864 0
K -14 0 64
K 0 0 43
K 24 -6 44
K 0 0 60
K 0 21 60
A D 18 48 0
A P 3 163 0
J B 163 1486 1 82 6913 864 0
J D 0 1504 0 1 1 0 0
W 0 121 36 cresc.
J N 7 1513 70 9 1 0 2 154 153
K 1 0 45
K -18 0 63
K 0 0 43
K -1 0 45
K 2 0 45
K 24 -6 44
K 0 0 59
K 0 -21 59
A D 18 48 1
A P 3 130 1
H 153 S 0 0 0 6 -42 0 0 0 0
J N 6 1593 70 5 3457 864 3 155 156 154
K 1 0 45
K 0 0 43
K -1 0 45
K 2 0 45
A D 6 48 0
A P 3 130 0
H 154 T 70 0 0 0 0 0 13 0
J N 6 1636 35 2 4609 288 2 156 155
K 0 0 43
A D 6 48 0
A P 3 158 0
H 155 S 12 0 0 0 0 0 0 0 0
J N 6 1679 35 3 5761 288 1 156
K 0 0 43
K 0 14 96
A D 6 48 0
A P 3 158 0
H 156 B 75 -4 108 3 2 1 3
J B 164 1722 1 82 6913 288 0
J N 5 1743 35 4 1 0 1 157
K 0 0 43
K 0 65 110
K 17 65 110
A D 3 48 0
A P 3 158 0
J N 5 1769 49 4 577 144 1 157
K 0 0 43
K 0 14 43
K 0 14 59
A D 3 48 0
A P 3 147 0
A P 3 135 0
J N 5 1795 49 4 1153 144 1 157
K 0 0 43
K 0 14 43
K 0 14 59
A D 3 48 0
A P 3 147 0
A P 3 135 0
J N 5 1821 49 4 1729 144 1 157
K 0 0 43
K 0 14 43
K 0 14 59
A D 3 48 0
A P 3 147 0
A P 3 135 0
J N 5 1847 49 4 2305 144 1 157
K 0 0 43
K 0 14 43
K 0 14 59
A D 3 48 0
A P 3 147 0
A P 3 135 0
J N 5 1873 49 4 2881 144 1 157
K 0 0 43
K 0 14 43
K 0 14 59
A D 3 48 0
A P 3 147 0
A P 3 135 0
H 157 B 40 1 108 6 22 11 11 11 11 33
J N 6 1899 49 4 3457 144 1 158
K 0 0 43
K 0 14 43
K 0 14 59
A D 6 48 0
A P 3 147 0
A P 3 135 0
J N 5 1942 49 4 4609 288 1 158
K 0 0 43
K 0 14 43
K 0 14 59
A D 3 48 0
A P 3 147 0
A P 3 135 0
J N 5 1968 49 4 5185 144 1 158
K 0 0 43
K 0 14 43
K 0 14 59
A D 3 48 0
A P 3 147 0
A P 3 135 0
J N 5 1994 49 4 5761 144 1 158
K 0 0 43
K 0 14 43
K 0 14 59
A D 3 48 0
A P 3 147 0
A P 3 135 0
J N 5 2020 49 4 6337 144 1 158
K 0 0 43
K 0 14 43
K 0 14 59
A D 3 48 0
A P 3 147 0
A P 3 135 0
H 158 B 50 0 108 5 2 21 11 11 33
J B 165 2050 1 82 6913 144 0
E *
L 1404 0 -91 345 345 * 0 14 0
J D 0 -83 42 1 6913 0 0
W 0 0 31 Vc
J C 22 5 14 36 6913 0 0
J K 3 57 0 3 6913 0 0
K 0 14 63
K 15 35 63
K 30 7 63
J D 0 -27 -14 1 6913 0 0
W 0 0 0 \01\05\08
J N 6 145 70 8 1 0 1 154
K 1 0 45
K 0 0 43
K -1 0 45
K 2 0 45
K 24 -6 44
K 0 33 110
K 17 33 110
A D 9 48 0
A P 1 95 0
J N 5 241 -28 6 1729 432 1 154
K 0 14 45
K 0 0 45
K 0 0 43
K -1 0 45
K 2 0 45
A D 3 48 0
A P 1 175 0
J N 6 267 -7 2 2305 144 1 154
K 0 0 43
A D 6 48 0
A P 1 158 0
H 154 B 46 8 108 3 2 51 3
J N 6 319 7 3 3457 288 1 155
K 0 0 43
K 25 0 44
A D 9 48 0
A P 1 147 0
J N 5 372 7 2 5185 432 1 155
K 0 0 43
A D 3 48 0
A P 1 147 0
J N 6 398 21 2 5761 144 1 155
K 0 0 43
A D 6 48 0
A P 1 135 0
H 155 B -50 2 108 3 2 51 3
J B 159 441 1 82 6913 288 0
J N 6 462 42 3 1 0 1 156
K 0 0 43
K 24 -6 44
A D 9 48 0
A P 1 118 0
J N 5 515 42 2 1729 432 1 156
K 0 0 43
A D 3 48 0
A P 1 118 0
J N 6 541 56 2 2305 144 1 156
K 0 0 43
A D 6 48 0
A P 1 107 0
H 156 B 47 1 108 3 2 51 3
J N 7 584 70 7 3457 288 0
K 1 0 45
K 0 0 43
K -1 0 45
K 2 0 45
K 0 0 59
K 0 -21 59
A D 12 48 0
A P 1 95 0
J R 6 663 28 2 5761 576 0
K 0 0 49
A D 6 48 0
A P 1 0 0
J B 160 706 1 82 6913 288 0
J N 6 736 -49 8 1 0 1 157
K 0 35 45
K 0 21 45
K 0 7 45
K 0 0 43
K 0 7 45
K 1 7 45
K 25 0 44
A D 9 48 0
A P 1 192 0
J N 5 789 -49 7 1729 432 1 157
K 0 35 45
K 0 21 45
K 0 7 45
K 0 0 43
K 0 7 45
K 1 7 45
A D 3 48 0
A P 1 192 0
J N 6 815 -35 6 2305 144 1 157
K 0 21 45
K 0 7 45
K 0 0 43
K 0 7 45
K 1 7 45
A D 6 48 0
A P 1 181 0
H 157 B -77 1 108 3 2 51 3
J N 6 858 -14 6 3457 288 1 158
K 0 0 45
K 0 0 43
K -1 0 45
K 2 0 45
K 24 -6 44
A D 9 48 0
A P 1 164 0
J N 5 911 -14 5 5185 432 1 158
K 0 0 45
K 0 0 43
K -1 0 45
K 2 0 45
A D 3 48 0
A P 1 164 0
J N 6 937 0 2 5761 144 1 158
K 0 0 43
A D 6 48 0
A P 1 152 0
H 158 B -57 2 108 3 2 51 3
J B 161 980 1 82 6913 288 0
J N 6 1010 14 3 1 0 1 159
K 0 0 43
K 24 -6 44
A D 9 48 0
A P 1 141 0
J N 5 1063 14 2 1729 432 1 159
K 0 0 43
A D 3 48 0
A P 1 141 0
J N 6 1089 35 2 2305 144 1 159
K 0 0 43
A D 6 48 0
A P 1 124 0
H 159 B -53 5 108 3 2 51 3
J N 7 1132 49 4 3457 288 0
K 0 0 43
K 0 0 59
K 0 -21 59
A D 12 48 0
A P 1 112 0
J R 6 1232 28 2 5761 576 0
K 0 0 49
A D 6 48 0
A P 1 0 0
J B 162 1275 1 82 6913 288 0
J N 8 1298 49 7 1 0 0
K 0 0 42
K 25 0 44
K 0 35 108
K 23 35 108
K 0 0 59
K 0 -21 59
A D 36 48 0
A P 1 112 0
J B 163 1486 1 82 6913 1728 0
J D 0 1513 0 1 1 0 0
W 0 91 36 cresc.
J N 8 1513 42 5 1 0 0
K 0 0 42
K 24 -6 44
K 0 0 59
K 0 -21 59
A D 36 48 0
A P 1 118 0
J B 164 1722 1 82 6913 1728 0
J N 7 1743 21 6 1 0 0
K 0 0 43
K 0 71 110
K 17 71 110
K 0 0 60
K 0 21 60
A D 12 48 0
A P 1 135 0
J R 6 1847 28 2 2305 576 0
K 0 0 49
A D 6 48 0
A P 1 0 0
J N 7 1899 7 4 3457 288 0
K 0 0 43
K 0 0 60
K 0 21 60
A D 12 48 0
A P 1 147 0
J R 6 1994 28 2 5761 576 0
K 0 0 49
A D 6 48 0
A P 1 0 0
J B 165 2050 1 82 6913 288 0
E *
L 1534 0 -91 345 345 * 0 14 0
J D 0 -83 42 1 6913 0 0
W 0 0 31 Cb
J C 22 5 14 36 6913 0 0
J K 3 57 0 3 6913 0 0
K 0 14 63
K 15 35 63
K 30 7 63
J D 0 -27 -14 1 6913 0 0
W 0 0 0 \01\05\08
J N 6 145 21 5 1 0 1 150
K 0 0 43
K 25 0 44
K 0 79 110
K 17 79 110
A D 9 48 0
A P 1 135 0
J N 5 241 -28 6 1729 432 1 150
K 0 14 45
K 0 0 45
K 0 0 43
K -1 0 45
K 2 0 45
A D 3 48 0
A P 1 175 0
J N 6 267 -7 2 2305 144 1 150
K 0 0 43
A D 6 48 0
A P 1 158 0
H 150 B -54 -4 108 3 2 51 3
J N 6 319 7 3 3457 288 1 151
K 0 0 43
K 25 0 44
A D 9 48 0
A P 1 147 0
J N 5 372 7 2 5185 432 1 151
K 0 0 43
A D 3 48 0
A P 1 147 0
J N 6 398 21 2 5761 144 1 151
K 0 0 43
A D 6 48 0
A P 1 135 0
H 151 B -50 2 108 3 2 51 3
J B 159 441 1 82 6913 288 0
J N 6 462 42 3 1 0 1 152
K 0 0 43
K 24 -6 44
A D 9 48 0
A P 1 118 0
J N 5 515 42 2 1729 432 1 152
K 0 0 43
A D 3 48 0
A P 1 118 0
J N 6 541 56 2 2305 144 1 152
K 0 0 43
A D 6 48 0
A P 1 107 0
H 152 B 47 1 108 3 2 51 3
J N 7 584 70 7 3457 288 0
K 1 0 45
K 0 0 43
K -1 0 45
K 2 0 45
K 0 0 59
K 0 -21 59
A D 12 48 0
A P 1 95 0
J R 6 663 28 2 5761 576 0
K 0 0 49
A D 6 48 0
A P 1 0 0
J B 160 706 1 82 6913 288 0
J N 6 736 -49 8 1 0 1 153
K 0 35 45
K 0 21 45
K 0 7 45
K 0 0 43
K 0 7 45
K 1 7 45
K 25 0 44
A D 9 48 0
A P 1 192 0
J N 5 789 -49 7 1729 432 1 153
K 0 35 45
K 0 21 45
K 0 7 45
K 0 0 43
K 0 7 45
K 1 7 45
A D 3 48 0
A P 1 192 0
J N 6 815 -35 6 2305 144 1 153
K 0 21 45
K 0 7 45
K 0 0 43
K 0 7 45
K 1 7 45
A D 6 48 0
A P 1 181 0
H 153 B -77 1 108 3 2 51 3
J N 6 858 -14 6 3457 288 1 154
K 0 0 45
K 0 0 43
K -1 0 45
K 2 0 45
K 24 -6 44
A D 9 48 0
A P 1 164 0
J N 5 911 -14 5 5185 432 1 154
K 0 0 45
K 0 0 43
K -1 0 45
K 2 0 45
A D 3 48 0
A P 1 164 0
J N 6 937 0 2 5761 144 1 154
K 0 0 43
A D 6 48 0
A P 1 152 0
H 154 B -57 2 108 3 2 51 3
J B 161 980 1 82 6913 288 0
J N 6 1010 14 3 1 0 1 155
K 0 0 43
K 24 -6 44
A D 9 48 0
A P 1 141 0
J N 5 1063 14 2 1729 432 1 155
K 0 0 43
A D 3 48 0
A P 1 141 0
J N 6 1089 35 2 2305 144 1 155
K 0 0 43
A D 6 48 0
A P 1 124 0
H 155 B -53 5 108 3 2 51 3
J N 7 1132 49 4 3457 288 0
K 0 0 43
K 0 0 59
K 0 -21 59
A D 12 48 0
A P 1 112 0
J R 6 1232 28 2 5761 576 0
K 0 0 49
A D 6 48 0
A P 1 0 0
J B 162 1275 1 82 6913 288 0
J N 8 1298 49 7 1 0 0
K 0 0 42
K 25 0 44
K 0 35 108
K 23 35 108
K 0 0 59
K 0 -21 59
A D 36 48 0
A P 1 112 0
J B 163 1486 1 82 6913 1728 0
J D 0 1513 0 1 1 0 0
W 0 91 36 cresc.
J N 8 1513 42 5 1 0 0
K 0 0 42
K 24 -6 44
K 0 0 59
K 0 -21 59
A D 36 48 0
A P 1 118 0
J B 164 1722 1 82 6913 1728 0
J N 7 1743 21 6 1 0 0
K 0 0 43
K 0 71 110
K 17 71 110
K 0 0 60
K 0 21 60
A D 12 48 0
A P 1 135 0
J R 6 1847 28 2 2305 576 0
K 0 0 49
A D 6 48 0
A P 1 0 0
J N 7 1899 7 4 3457 288 0
K 0 0 43
K 0 0 60
K 0 21 60
A D 12 48 0
A P 1 147 0
J R 6 1994 28 2 5761 576 0
K 0 0 49
A D 6 48 0
A P 1 0 0
J B 165 2050 1 82 6913 288 0
E *
B 1 441 0
B 1 706 0
B 1 980 0
B 1 1275 0
B 1 1486 0
B 1 1722 0
B 1 2050 0
