S 0 200 140 2050 458 4 "[({..}..)]"
L 0 0 0 300 300 * 0 14 0
J D 0 -119 42 1 6913 0 0
W 0 0 31 Vln 1
J C 4 5 42 2 6913 0 0
K 0 0 33
K 0 0 34
J K 0 57 0 0 6913 0 0
J D 0 -27 -14 1 6913 0 0
W 0 0 37 \01\08\06
J N 6 106 14 3 1 0 1 241
K 0 0 43
K 0 -21 96
A D 6 48 0
A P 1 209 0
J N 6 164 21 4 1729 288 1 241
K -14 0 64
K 0 0 43
K 0 -14 96
A D 6 48 0
A P 1 203 0
J N 6 222 28 3 3457 288 1 241
K 0 0 43
K 0 -21 96
A D 6 48 0
A P 1 198 0
J N 6 295 35 3 5185 288 1 241
K 0 0 43
K 0 -14 96
A D 6 48 0
A P 1 192 0
H 241 B -57 1 108 4 2 1 1 3
J B 187 370 1 82 6913 288 0
J D 0 391 0 1 1 0 0
W 0 95 33 sempre !1|pp
J N 5 391 42 3 1 0 1 242
K -14 0 64
K 0 0 43
A D 3 48 0
A P 1 186 0
J N 5 420 35 2 865 144 1 242
K 0 0 43
A D 3 48 0
A P 1 192 0
J N 5 449 28 2 1729 144 1 242
K 0 0 43
A D 3 48 0
A P 1 198 0
J N 5 478 35 2 2593 144 1 242
K 0 0 43
A D 3 48 0
A P 1 192 0
H 242 B 57 -1 108 4 22 11 11 33
J N 5 507 42 2 3457 144 1 243
K 0 0 43
A D 3 48 0
A P 1 186 0
J N 5 536 35 2 4321 144 1 243
K 0 0 43
A D 3 48 0
A P 1 192 0
J N 5 565 42 2 5185 144 1 243
K 0 0 43
A D 3 48 0
A P 1 186 0
J N 5 609 49 3 6049 144 1 243
K -18 0 63
K 0 0 43
A D 3 48 0
A P 1 181 0
H 243 B 57 0 108 4 22 11 11 33
J B 188 640 1 82 6913 144 0
J N 5 661 56 2 1 0 1 244
K 0 0 43
A D 3 48 0
A P 1 175 0
J N 5 705 49 3 865 144 1 244
K -18 0 63
K 0 0 43
A D 3 48 0
A P 1 181 0
J N 5 734 42 2 1729 144 1 244
K 0 0 43
A D 3 48 0
A P 1 186 0
J N 5 763 35 2 2593 144 1 244
K 0 0 43
A D 3 48 0
A P 1 192 0
H 244 B 59 -4 108 4 22 11 11 33
J N 5 792 28 2 3457 144 1 245
K 0 0 43
A D 3 48 0
A P 1 198 0
J N 5 836 21 3 4321 144 1 245
K -18 0 63
K 0 0 43
A D 3 48 0
A P 1 204 0
J N 5 880 14 3 5185 144 1 245
K -18 0 63
K 0 0 43
A D 3 48 0
A P 1 210 0
J N 5 909 7 2 6049 144 1 245
K 0 0 43
A D 3 48 0
A P 1 215 0
H 245 B -43 -3 108 4 22 11 11 33
J B 189 940 1 82 6913 144 0
J N 5 967 7 2 1 0 1 246
K 0 0 43
A D 3 48 0
A P 1 215 0
J N 5 996 35 2 865 144 1 246
K 0 0 43
A D 3 48 0
A P 1 192 0
J N 5 1025 28 2 1729 144 1 246
K 0 0 43
A D 3 48 0
A P 1 198 0
J N 5 1069 21 3 2593 144 1 246
K -18 0 63
K 0 0 43
A D 3 48 0
A P 1 204 0
H 246 B -73 0 108 4 22 11 11 33
J N 5 1109 14 3 3457 144 1 247
K -14 0 64
K 0 0 43
A D 3 48 0
A P 1 209 0
J N 5 1138 28 2 4321 144 1 247
K 0 0 43
A D 3 48 0
A P 1 198 0
J N 5 1167 7 2 5185 144 1 247
K 0 0 43
A D 3 48 0
A P 1 215 0
J N 5 1196 14 2 6049 144 1 247
K 0 0 43
A D 3 48 0
A P 1 209 0
H 247 B -59 0 108 4 22 11 11 33
J B 190 1227 1 82 6913 144 0
J N 5 1250 21 3 1 0 1 248
K -14 0 64
K 0 0 43
A D 3 48 0
A P 1 203 0
J N 5 1279 28 2 865 144 1 248
K 0 0 43
A D 3 48 0
A P 1 198 0
J N 5 1308 21 2 1729 144 1 248
K 0 0 43
A D 3 48 0
A P 1 203 0
J N 5 1337 14 2 2593 144 1 248
K 0 0 43
A D 3 48 0
A P 1 209 0
H 248 B -52 0 108 4 22 11 11 33
J N 5 1366 7 2 3457 144 1 249
K 0 0 43
A D 3 48 0
A P 1 215 0
J N 5 1395 56 2 4321 144 1 249
K 0 0 43
A D 3 48 0
A P 1 175 0
J N 5 1439 49 3 5185 144 1 249
K -18 0 63
K 0 0 43
A D 3 48 0
A P 1 181 0
J N 5 1483 42 3 6049 144 1 249
K -18 0 63
K 0 0 43
A D 3 48 0
A P 1 187 0
H 249 B 45 5 108 4 22 11 11 33
J B 191 1514 1 82 6913 144 0
J N 7 1535 35 4 1 0 0
K 0 0 43
K 0 0 59
K 0 -21 59
A D 12 48 0
A P 1 192 0
J R 7 1651 28 2 3457 576 0
K 0 0 48
A D 12 48 0
A P 1 0 0
J B 192 1769 1 82 6913 576 0
J R 9 1895 28 2 1 10000 0
K 0 0 46
A D 24 48 0
A P 1 0 0
J B 193 2050 1 82 6913 1152 0
E *
L 132 0 0 300 300 * 0 14 0
J D 0 -119 42 1 6913 0 0
W 0 0 31 Vln 2
J C 4 5 42 2 6913 0 0
K 0 0 33
K 0 0 34
J K 0 57 0 0 6913 0 0
J D 0 -27 -14 1 6913 0 0
W 0 0 0 \01\08\06
J N 5 106 0 3 1 0 1 212
K -18 0 63
K 0 0 43
A D 3 48 0
A P 1 221 0
J N 5 135 0 2 865 144 1 212
K 0 0 43
A D 3 48 0
A P 1 221 0
J N 5 164 -7 2 1729 144 1 212
K 0 0 43
A D 3 48 0
A P 1 226 0
J N 5 193 -14 5 2593 144 1 212
K 0 0 45
K 0 0 43
K -1 0 45
K 2 0 45
A D 3 48 0
A P 1 232 0
H 212 B -46 -1 108 4 22 11 11 33
J N 5 222 -21 5 3457 144 1 213
K 0 7 45
K 0 0 43
K 0 7 45
K 1 7 45
A D 3 48 0
A P 1 238 0
J N 5 251 28 2 4321 144 1 213
K 0 0 43
A D 3 48 0
A P 1 198 0
J N 5 295 21 3 5185 144 1 213
K -18 0 63
K 0 0 43
A D 3 48 0
A P 1 204 0
J N 5 339 14 3 6049 144 1 213
K -18 0 63
K 0 0 43
A D 3 48 0
A P 1 210 0
H 213 B -92 1 108 4 22 11 11 33
J B 187 370 1 82 6913 144 0
J D 0 391 0 1 1 0 0
W 0 96 33 sempre !1|pp
J N 7 391 7 4 1 0 0
K 0 0 43
K 0 0 60
K 0 21 60
A D 12 48 0
A P 1 215 0
J N 6 507 7 3 3457 576 1 214
K 0 0 43
K 0 -17 96
A D 6 48 0
A P 1 215 0
J N 6 565 0 4 5185 288 1 214
K -18 0 63
K 0 0 43
K 0 -17 96
A D 6 48 0
A P 1 221 0
H 214 B -41 -2 108 2 2 3
J B 188 640 1 82 6913 288 0
J N 7 661 -7 5 1 0 1 215
K 0 0 43
K 0 -17 96
K 0 0 60
K 0 21 60
A D 12 48 0
A P 1 226 0
J N 7 792 -7 5 3457 576 1 215
K 0 0 43
K 0 -17 96
K 0 0 60
K 0 21 60
A D 12 48 0
A P 1 226 0
H 215 S 0 0 -14 0 -14 0 0 0 0
J B 189 940 1 82 6913 576 0
J N 7 967 0 5 1 0 0
K -18 0 63
K 0 0 43
K 0 0 60
K 0 21 60
A D 12 48 0
A P 1 221 0
J N 6 1109 0 3 3457 576 1 216
K 0 0 43
K 0 -17 96
A D 6 48 0
A P 1 221 0
J N 6 1167 -7 4 5185 288 1 216
K -18 0 63
K 0 0 43
K 0 -17 96
A D 6 48 0
A P 1 227 0
H 216 B -46 -2 108 2 2 3
J B 190 1227 1 82 6913 288 0
J N 6 1250 -14 6 1 0 1 217
K 0 0 45
K 0 0 43
K -1 0 45
K 2 0 45
K 0 -17 96
A D 6 48 0
A P 1 232 0
J N 6 1308 0 3 1729 288 1 217
K 0 0 43
K 0 -17 96
A D 6 48 0
A P 1 220 0
J N 6 1366 7 3 3457 288 1 217
K 0 0 43
K 0 -17 96
A D 6 48 0
A P 1 215 0
J N 6 1439 14 2 5185 288 2 218 217
K 0 0 43
A D 6 48 1
A P 1 209 1
H 217 B -61 2 108 4 2 1 1 3
J B 191 1514 1 82 6913 288 0
J N 6 1535 14 3 1 0 1 218
K 0 0 43
K 0 0 54
A D 6 48 0
A P 1 209 0
H 218 T 14 0 0 0 0 0 5 0
J N 7 1593 21 4 1729 288 0
K 0 0 43
K 0 0 60
K 0 21 60
A D 12 48 0
A P 1 203 0
J N 6 1709 7 3 5185 576 1 219
K 0 0 43
K 0 0 54
A D 6 48 1
A P 1 215 1
J B 192 1769 1 82 6913 288 0
J N 6 1790 7 3 1 0 1 219
K 0 0 43
K 0 0 54
A D 6 48 0
A P 1 215 0
H 219 T 7 0 0 0 0 0 1 0
J N 7 1847 35 4 1729 288 0
K 0 0 43
K 0 0 59
K 0 -21 59
A D 12 48 0
A P 1 192 0
J N 6 1991 7 3 5185 576 1 220
K 0 0 43
K 0 0 54
A D 6 48 1
A P 1 215 1
J B 193 2050 1 82 6913 288 0
J M 0 2050 0 0 6913 0 1 220
H 220 T 7 0 0 0 0 0 1 0
E *
L 267 0 0 300 300 * 0 14 0
J D 0 -94 42 1 6913 0 0
W 0 0 31 Vla
J C 13 5 28 35 6913 0 0
J K 0 57 0 0 6913 0 0
J D 0 -27 -14 1 6913 0 0
W 0 0 0 \01\08\06
J R 9 210 28 2 1 10000 0
K 0 0 46
A D 24 48 0
A P 3 0 0
J B 187 370 1 82 6913 1152 0
J R 9 491 28 2 1 10000 0
K 0 0 46
A D 24 48 0
A P 3 0 0
J B 188 640 1 82 6913 1152 0
J R 9 776 28 2 1 10000 0
K 0 0 46
A D 24 48 0
A P 3 0 0
J B 189 940 1 82 6913 1152 0
J R 9 1069 28 2 1 10000 0
K 0 0 46
A D 24 48 0
A P 3 0 0
J B 190 1227 1 82 6913 1152 0
J R 9 1356 28 2 1 10000 0
K 0 0 46
A D 24 48 0
A P 3 0 0
J B 191 1514 1 82 6913 1152 0
J N 5 1535 28 4 1 0 1 240
K 0 0 43
K 0 71 108
K 23 71 108
A D 3 48 0
A P 3 163 0
J N 5 1564 21 2 865 144 1 240
K 0 0 43
A D 3 48 0
A P 3 169 0
J N 5 1593 14 2 1729 144 1 240
K 0 0 43
A D 3 48 0
A P 3 175 0
J N 5 1622 21 2 2593 144 1 240
K 0 0 43
A D 3 48 0
A P 3 169 0
H 240 B -46 -1 108 4 22 11 11 33
J N 5 1651 28 2 3457 144 1 241
K 0 0 43
A D 3 48 0
A P 3 163 0
J N 5 1680 21 2 4321 144 1 241
K 0 0 43
A D 3 48 0
A P 3 169 0
J N 5 1709 28 2 5185 144 1 241
K 0 0 43
A D 3 48 0
A P 3 163 0
J N 5 1738 35 2 6049 144 1 241
K 0 0 43
A D 3 48 0
A P 3 158 0
H 241 B -58 1 108 4 22 11 11 33
J B 192 1769 1 82 6913 144 0
J N 5 1790 42 2 1 0 1 242
K 0 0 43
A D 3 48 0
A P 3 152 0
J N 5 1819 35 2 865 144 1 242
K 0 0 43
A D 3 48 0
A P 3 158 0
J N 5 1847 28 2 1729 144 1 242
K 0 0 43
A D 3 48 0
A P 3 163 0
J N 5 1875 21 2 2593 144 1 242
K 0 0 43
A D 3 48 0
A P 3 169 0
H 242 B 60 -4 108 4 22 11 11 33
J N 5 1903 14 2 3457 144 1 243
K 0 0 43
A D 3 48 0
A P 3 175 0
J N 5 1947 7 3 4321 144 1 243
K -18 0 63
K 0 0 43
A D 3 48 0
A P 3 181 0
J N 5 1991 0 3 5185 144 1 243
K -18 0 63
K 0 0 43
A D 3 48 0
A P 3 187 0
J N 5 2019 -7 2 6049 144 1 243
K 0 0 43
A D 3 48 0
A P 3 192 0
H 243 B -43 -3 108 4 22 11 11 33
J B 193 2050 1 82 6913 144 0
E *
L 402 0 0 300 300 * 0 14 0
J D 0 -75 42 1 6913 0 0
W 0 -21 31 Vc
J D 0 -75 42 1 6913 0 0
W 0 21 31 Cb
J C 22 5 14 36 6913 0 0
J K 0 57 0 0 6913 0 0
J D 0 -27 -14 1 6913 0 0
W 0 0 0 \01\08\06
J R 9 210 28 2 1 10000 0
K 0 0 46
A D 24 48 0
A P 1 0 0
J B 187 370 1 82 6913 1152 0
J R 9 491 28 2 1 10000 0
K 0 0 46
A D 24 48 0
A P 1 0 0
J B 188 640 1 82 6913 1152 0
J R 9 776 28 2 1 10000 0
K 0 0 46
A D 24 48 0
A P 1 0 0
J B 189 940 1 82 6913 1152 0
J R 9 1069 28 2 1 10000 0
K 0 0 46
A D 24 48 0
A P 1 0 0
J B 190 1227 1 82 6913 1152 0
J R 9 1356 28 2 1 10000 0
K 0 0 46
A D 24 48 0
A P 1 0 0
J B 191 1514 1 82 6913 1152 0
J D 0 1530 0 1 1 0 0
W 0 -30 32 arco.
J N 7 1535 0 6 1 0 0
K 0 0 43
K 0 82 108
K 23 82 108
K 0 0 60
K 0 21 60
A D 12 48 0
A P 1 152 0
J N 6 1651 0 3 3457 576 1 139
K 0 0 43
K 0 -17 96
A D 6 48 0
A P 1 152 0
J N 6 1709 -7 3 5185 288 1 139
K 0 0 43
K 0 -17 96
A D 6 48 0
A P 1 158 0
H 139 B -46 -2 108 2 2 3
J B 192 1769 1 82 6913 288 0
J N 7 1790 -14 8 1 0 1 140
K 0 0 45
K 0 0 43
K -1 0 45
K 2 0 45
K 0 -17 96
K 0 0 60
K 0 21 60
A D 12 48 0
A P 1 163 0
J N 7 1903 -14 8 3457 576 1 140
K 0 0 45
K 0 0 43
K -1 0 45
K 2 0 45
K 0 -17 96
K 0 0 60
K 0 21 60
A D 12 48 0
A P 1 163 0
H 140 S 0 0 -14 0 -14 0 0 0 0
J B 193 2050 1 82 6913 576 0
E *
B 1 370 0
B 1 640 0
B 1 940 0
B 1 1227 0
B 1 1514 0
B 1 1769 0
B 1 2050 0
S 0 200 1042 2050 458 4 "[({..}..)]"
L 0 0 0 300 300 * 0 14 0
J D 0 -119 42 1 6913 0 0
W 0 0 31 Vln 1
J C 4 5 42 2 6913 0 0
K 0 0 33
K 0 0 34
J K 0 57 0 0 6913 0 0
J D 0 -27 -14 1 6913 0 0
W 0 0 37 \01\09\03
J R 9 208 28 2 1 10000 0
K 0 0 46
A D 24 48 0
A P 1 0 0
J B 194 366 1 82 6913 1152 0
J R 7 393 28 2 1 0 0
K 0 0 48
A D 12 48 1
A P 1 0 1
J R 6 509 28 2 3457 576 0
K 0 0 49
A D 6 48 0
A P 1 0 0
J N 6 581 0 4 5185 288 1 250
K -18 0 63
K 0 0 43
K 0 0 54
A D 6 48 1
A P 1 221 1
J B 195 656 1 82 6913 288 0
J D 0 675 0 1 1 0 0
W 0 95 33 sempre !1|pp
J N 6 677 0 4 1 0 1 250
k -18 0 63
K 0 0 43
K 0 0 54
A D 6 48 0
A P 1 221 0
H 250 T 0 0 0 0 0 0 5 0
J N 7 733 7 4 1729 288 0
K 0 0 43
K 0 0 60
K 0 21 60
A D 12 48 0
A P 1 215 0
J N 6 845 -21 7 5185 576 1 251
K 0 7 45
K 0 0 43
K 0 7 45
K 1 7 45
K 0 0 60
K 0 0 54
A D 6 48 1
A P 1 238 1
J B 196 920 1 82 6913 288 0
J N 6 941 -21 7 1 0 1 251
K 0 7 45
K 0 0 43
K 0 7 45
K 1 7 45
K 0 0 60
K 0 0 54
A D 6 48 0
A P 1 238 0
H 251 T -21 0 0 0 0 0 1 0
J N 7 1013 7 4 1729 288 0
K 0 0 43
K 0 0 60
K 0 21 60
A D 12 48 0
A P 1 215 0
J N 6 1157 -21 7 5185 576 1 252
K 0 7 45
K 0 0 43
K 0 7 45
K 1 7 45
K 0 0 60
K 0 0 54
A D 6 48 1
A P 1 238 1
J B 197 1216 1 82 6913 288 0
J N 6 1243 -21 7 1 0 1 252
K 0 7 45
K 0 0 43
K 0 7 45
K 1 7 45
K 0 0 60
K 0 0 54
A D 6 48 0
A P 1 238 0
H 252 T -21 0 0 0 0 0 1 0
J N 7 1299 -14 7 1729 288 0
K 0 0 45
K 0 0 43
K -1 0 45
K 2 0 45
K 0 0 60
K 0 21 60
A D 12 48 0
A P 1 232 0
J N 6 1439 -21 7 5185 576 0
K 0 7 45
K 0 0 43
K 0 7 45
K 1 7 45
K 0 0 60
K 0 0 54
A D 6 48 0
A P 1 238 0
J B 198 1498 1 82 6913 288 0
J N 6 1521 -28 7 1 0 1 253
K 0 14 45
K 0 0 45
K 0 0 43
K -1 0 45
K 2 0 45
K 0 -17 96
A D 6 48 0
A P 1 243 0
J N 6 1577 -14 6 1729 288 1 253
K 0 0 45
K 0 0 43
K -1 0 45
K 2 0 45
K 0 -17 96
A D 6 48 0
A P 1 232 0
H 253 B -56 2 108 2 2 3
J N 5 1633 -7 4 3457 288 1 254
K -18 0 63
K 0 0 43
K 0 -17 96
A D 3 48 0
A P 1 227 0
J N 5 1661 -7 3 4321 144 1 254
K 0 0 43
K 0 -17 96
A D 3 48 0
A P 1 227 0
J N 5 1705 -14 6 5185 144 1 254
K 0 0 45
K 0 0 43
K -1 0 45
K 2 0 45
K 0 -17 96
A D 3 48 0
A P 1 232 0
J N 5 1749 -21 6 6049 144 1 254
K 0 7 45
K 0 0 43
K 0 7 45
K 1 7 45
K 0 -17 96
A D 3 48 0
A P 1 238 0
H 254 B -53 -1 108 4 22 11 11 33
J B 199 1780 1 82 6913 144 0
J N 7 1807 -14 7 1 0 0
K 0 0 45
K 0 0 43
K -1 0 45
K 2 0 45
K 0 0 60
K 0 21 60
A D 12 48 0
A P 1 232 0
J R 7 1919 28 2 3457 576 0
K 0 0 48
A D 12 48 0
A P 1 0 0
J B 200 2050 1 82 6913 576 0
E *
L 132 0 0 300 300 * 0 14 0
J D 0 -119 42 1 6913 0 0
W 0 0 31 Vln 2
J C 4 5 42 2 6913 0 0
K 0 0 33
K 0 0 34
J K 0 57 0 0 6913 0 0
J D 0 -27 -14 1 6913 0 0
W 0 0 0 \01\09\03
J N 6 106 7 3 1 0 1 220
K 0 0 43
K 0 0 54
A D 6 48 0
A P 1 215 0
J M 0 54 0 0 6913 0 1 220
H 220 T 7 0 0 0 0 0 1 0
J N 7 179 14 4 1729 288 0
K 0 0 43
K 0 0 60
K 0 21 60
A D 12 48 0
A P 1 209 0
J N 6 295 7 3 5185 576 0
K 0 0 43
K 0 0 54
A D 6 48 0
A P 1 215 0
J B 194 366 1 82 6913 288 0
J N 6 393 0 4 1 0 1 221
K -18 0 63
K 0 0 43
K 0 -17 96
A D 6 48 0
A P 1 221 0
J N 6 451 7 3 1729 288 1 221
K 0 0 43
K 0 -17 96
A D 6 48 0
A P 1 215 0
H 221 B -45 2 108 2 2 3
J N 5 509 14 4 3457 288 1 222
K -18 0 63
K 0 0 43
K 0 -21 96
A D 3 48 0
A P 1 210 0
J N 5 537 14 3 4321 144 1 222
K 0 0 43
K 0 -21 96
A D 3 48 0
A P 1 210 0
J N 5 581 7 3 5185 144 1 222
K 0 0 43
K 0 -17 96
A D 3 48 0
A P 1 215 0
J N 5 625 0 3 6049 144 1 222
K 0 0 43
K 0 -17 96
A D 3 48 0
A P 1 221 0
H 222 B -46 -1 108 4 22 11 11 33
J B 195 656 1 82 6913 144 0
J N 7 677 -7 4 1 0 0
K 0 0 43
K 0 0 60
K 0 21 60
A D 12 48 0
A P 1 226 0
J R 7 789 28 2 3457 576 0
K 0 0 48
A D 12 48 0
A P 1 0 0
J B 196 920 1 82 6913 576 0
J R 9 1054 28 2 1 10000 0
K 0 0 46
A D 24 48 0
A P 1 0 0
J B 197 1216 1 82 6913 1152 0
J R 9 1343 28 2 1 10000 0
K 0 0 46
A D 24 48 0
A P 1 0 0
J B 198 1498 1 82 6913 1152 0
J R 9 1625 28 2 1 10000 0
K 0 0 46
A D 24 48 0
A P 1 0 0
J B 199 1780 1 82 6913 1152 0
J R 7 1807 28 2 1 0 0
K 0 0 48
A D 12 48 1
A P 1 0 1
J R 5 1919 28 3 3457 576 0
K 0 14 49
K 4 0 50
A D 3 48 0
A P 1 0 0
J N 5 1963 21 4 4321 144 1 223
K -18 0 63
K 0 0 43
K 0 -14 96
A D 3 48 0
A P 1 204 0
J N 5 1991 14 3 5185 144 1 223
K 0 0 43
K 0 -21 96
A D 3 48 0
A P 1 209 0
J N 5 2019 7 3 6049 144 1 223
K 0 0 43
K 0 -17 96
A D 3 48 0
A P 1 215 0
H 223 B -40 -3 108 3 22 11 33
J B 200 2050 1 82 6913 144 0
E *
L 267 0 0 300 300 * 0 14 0
J D 0 -94 42 1 6913 0 0
W 0 0 31 Vla
J C 13 5 28 35 6913 0 0
J K 0 57 0 0 6913 0 0
J D 0 -27 -14 1 6913 0 0
W 0 0 0 \01\09\03
J N 5 106 0 3 1 0 1 244
K -18 0 63
K 0 0 43
A D 3 48 0
A P 3 187 0
J N 5 135 14 2 865 144 1 244
K 0 0 43
A D 3 48 0
A P 3 175 0
J N 5 179 7 3 1729 144 1 244
K -18 0 63
K 0 0 43
A D 3 48 0
A P 3 181 0
J N 5 208 0 2 2593 144 1 244
K 0 0 43
A D 3 48 0
A P 3 187 0
H 244 B -60 0 108 4 22 11 11 33
J N 5 237 -7 2 3457 144 1 245
K 0 0 43
A D 3 48 0
A P 3 192 0
J N 5 266 -14 5 4321 144 1 245
K 0 0 45
K 0 0 43
K -1 0 45
K 2 0 45
A D 3 48 0
A P 3 198 0
J N 5 295 -7 2 5185 144 1 245
K 0 0 43
A D 3 48 0
A P 3 192 0
J N 5 335 0 3 6049 144 1 245
K -14 0 64
K 0 0 43
A D 3 48 0
A P 3 186 0
H 245 B -50 1 108 4 22 11 11 33
J B 194 366 1 82 6913 144 0
J N 5 393 7 3 1 0 1 246
K -18 0 63
K 0 0 43
A D 3 48 0
A P 3 181 0
J N 5 422 7 2 865 144 1 246
K 0 0 43
A D 3 48 0
A P 3 181 0
J N 5 451 0 2 1729 144 1 246
K 0 0 43
A D 3 48 0
A P 3 186 0
J N 5 480 -7 2 2593 144 1 246
K 0 0 43
A D 3 48 0
A P 3 192 0
H 246 B -53 -1 108 4 22 11 11 33
J N 5 509 -14 5 3457 144 1 247
K 0 0 45
K 0 0 43
K -1 0 45
K 2 0 45
A D 3 48 0
A P 3 198 0
J N 5 537 35 2 4321 144 1 247
K 0 0 43
A D 3 48 0
A P 3 158 0
J N 5 581 28 3 5185 144 1 247
K -18 0 63
K 0 0 43
A D 3 48 0
A P 3 164 0
J N 5 625 21 3 6049 144 1 247
K -18 0 63
K 0 0 43
A D 3 48 0
A P 3 170 0
H 247 B -99 1 108 4 22 11 11 33
J B 195 656 1 82 6913 144 0
J D 0 677 0 1 1 0 0
W 0 96 33 sempre !1|pp
J N 7 677 14 4 1 0 0
K 0 0 43
K 0 0 60
K 0 21 60
A D 12 48 0
A P 3 175 0
J N 6 789 14 3 3457 576 1 248
K 0 0 43
K 0 -21 96
A D 6 48 0
A P 3 175 0
J N 6 845 7 4 5185 288 1 248
K -18 0 63
K 0 0 43
K 0 -17 96
A D 6 48 0
A P 3 181 0
H 248 B -46 -2 108 2 2 3
J B 196 920 1 82 6913 288 0
J N 7 941 0 5 1 0 1 249
K 0 0 43
K 0 -17 96
K 0 0 60
K 0 21 60
A D 12 48 0
A P 3 186 0
J N 7 1069 0 5 3457 576 1 249
K 0 0 43
K 0 -17 96
K 0 0 60
K 0 21 60
A D 12 48 0
A P 3 186 0
H 249 S 0 0 -14 0 -14 0 0 0 0
J B 197 1216 1 82 6913 576 0
J N 7 1243 7 5 1 0 0
K -18 0 63
K 0 0 43
K 0 0 60
K 0 21 60
A D 12 48 0
A P 3 181 0
J N 6 1383 7 3 3457 576 1 250
K 0 0 43
K 0 -17 96
A D 6 48 0
A P 3 181 0
J N 6 1439 0 4 5185 288 1 250
K -18 0 63
K 0 0 43
K 0 -17 96
A D 6 48 0
A P 3 187 0
H 250 B -41 -2 108 2 2 3
J B 198 1498 1 82 6913 288 0
J N 6 1521 -7 3 1 0 1 251
K 0 0 43
K 0 -17 96
A D 6 48 0
A P 3 192 0
J N 6 1577 7 4 1729 288 1 251
K -14 0 64
K 0 0 43
K 0 -17 96
A D 6 48 0
A P 3 180 0
J N 6 1633 14 3 3457 288 1 251
K 0 0 43
K 0 -21 96
A D 6 48 0
A P 3 175 0
J N 6 1705 21 3 5185 288 1 251
K 0 0 43
K 0 -14 96
A D 6 48 0
A P 3 169 0
H 251 B -68 2 108 4 2 1 1 3
J B 199 1780 1 82 6913 288 0
J N 5 1807 28 3 1 0 1 252
K -18 0 63
K 0 0 43
A D 3 48 0
A P 3 164 0
J N 5 1835 28 2 865 144 1 252
K 0 0 43
A D 3 48 0
A P 3 164 0
J N 5 1863 21 2 1729 144 1 252
K 0 0 43
A D 3 48 0
A P 3 169 0
J N 5 1891 14 2 2593 144 1 252
K 0 0 43
A D 3 48 0
A P 3 175 0
H 252 B -46 -1 108 4 22 11 11 33
J N 5 1919 42 2 3457 144 1 253
K 0 0 43
A D 3 48 0
A P 3 152 0
J N 5 1963 42 2 4321 144 1 253
K 0 0 43
A D 3 48 0
A P 3 152 0
J N 5 1991 35 2 5185 144 1 253
K 0 0 43
A D 3 48 0
A P 3 158 0
J N 5 2019 28 2 6049 144 1 253
K 0 0 43
A D 3 48 0
A P 3 164 0
H 253 B 57 -1 108 4 22 11 11 33
J B 200 2050 1 82 6913 144 0
E *
L 402 0 0 300 300 * 0 14 0
J D 0 -75 42 1 6913 0 0
W 0 -21 31 Vc
J D 0 -75 42 1 6913 0 0
W 0 21 31 Cb
J C 22 5 14 36 6913 0 0
J K 0 57 0 0 6913 0 0
J D 0 -27 -14 1 6913 0 0
W 0 0 0 \01\09\03
J N 7 106 -7 4 1 0 0
K 0 0 43
K 0 0 60
K 0 21 60
A D 12 48 0
A P 1 158 0
J N 6 237 -7 3 3457 576 1 141
K 0 0 43
K 0 -17 96
A D 6 48 0
A P 1 158 0
J N 6 295 -14 7 5185 288 1 141
K 0 0 45
K -18 0 63
K 0 0 43
K -1 0 45
K 2 0 45
K 0 -17 96
A D 6 48 0
A P 1 164 0
H 141 B -41 -2 108 2 2 3
J B 194 366 1 82 6913 288 0
J N 6 393 -21 6 1 0 1 142
K 0 7 45
K 0 0 43
K 0 7 45
K 1 7 45
K 0 -17 96
A D 6 48 0
A P 1 169 0
J N 6 451 -14 7 1729 288 1 142
K 0 0 45
K -14 0 64
K 0 0 43
K -1 0 45
K 2 0 45
K 0 -17 96
A D 6 48 0
A P 1 163 0
J N 6 509 -7 3 3457 288 1 142
K 0 0 43
K 0 -17 96
A D 6 48 0
A P 1 158 0
J N 6 581 0 3 5185 288 1 142
K 0 0 43
K 0 -17 96
A D 6 48 0
A P 1 152 0
H 142 B -54 2 108 4 2 1 1 3
J B 195 656 1 82 6913 288 0
J D 0 677 0 1 1 0 0
W 0 89 33 sempre !1|pp
J N 5 677 7 2 1 0 1 143
K 0 0 43
A D 3 48 0
A P 1 146 0
J N 5 705 0 2 865 144 1 143
K 0 0 43
A D 3 48 0
A P 1 152 0
J N 5 733 -7 2 1729 144 1 143
K 0 0 43
A D 3 48 0
A P 1 158 0
J N 5 761 0 2 2593 144 1 143
K 0 0 43
A D 3 48 0
A P 1 152 0
H 143 B -53 -1 108 4 22 11 11 33
J N 5 789 7 2 3457 144 1 144
K 0 0 43
A D 3 48 0
A P 1 146 0
J N 5 817 0 2 4321 144 1 144
K 0 0 43
A D 3 48 0
A P 1 152 0
J N 5 845 7 2 5185 144 1 144
K 0 0 43
A D 3 48 0
A P 1 146 0
J N 5 889 14 3 6049 144 1 144
K -18 0 63
K 0 0 43
A D 3 48 0
A P 1 141 0
H 144 B -50 1 108 4 22 11 11 33
J B 196 920 1 82 6913 144 0
J N 5 941 21 2 1 0 1 145
K 0 0 43
A D 3 48 0
A P 1 135 0
J N 5 985 14 3 865 144 1 145
K -18 0 63
K 0 0 43
A D 3 48 0
A P 1 141 0
J N 5 1013 7 2 1729 144 1 145
K 0 0 43
A D 3 48 0
A P 1 146 0
J N 5 1041 0 2 2593 144 1 145
K 0 0 43
A D 3 48 0
A P 1 152 0
H 145 B -53 -1 108 4 22 11 11 33
J N 5 1069 -7 2 3457 144 1 146
K 0 0 43
A D 3 48 0
A P 1 158 0
J N 5 1113 -14 6 4321 144 1 146
K 0 0 45
K -18 0 63
K 0 0 43
K -1 0 45
K 2 0 45
A D 3 48 0
A P 1 164 0
J N 5 1157 -21 6 5185 144 1 146
K 0 7 45
K -18 0 63
K 0 0 43
K 0 7 45
K 1 7 45
A D 3 48 0
A P 1 170 0
J N 5 1185 -28 6 6049 144 1 146
K 0 14 45
K 0 0 45
K 0 0 43
K -1 0 45
K 2 0 45
A D 3 48 0
A P 1 175 0
H 146 B -50 -3 108 4 22 11 11 33
J B 197 1216 1 82 6913 144 0
J N 5 1243 -28 6 1 0 1 147
K 0 14 45
K 0 0 45
K 0 0 43
K -1 0 45
K 2 0 45
A D 3 48 0
A P 1 175 0
J N 5 1271 0 2 865 144 1 147
K 0 0 43
A D 3 48 0
A P 1 152 0
J N 5 1299 -7 2 1729 144 1 147
K 0 0 43
A D 3 48 0
A P 1 158 0
J N 5 1343 -14 6 2593 144 1 147
K 0 0 45
K -18 0 63
K 0 0 43
K -1 0 45
K 2 0 45
A D 3 48 0
A P 1 164 0
H 147 B -74 0 108 4 22 11 11 33
J N 5 1383 -21 6 3457 144 1 148
K 0 7 45
K -14 0 64
K 0 0 43
K 0 7 45
K 1 7 45
A D 3 48 0
A P 1 169 0
J N 5 1411 -7 2 4321 144 1 148
K 0 0 43
A D 3 48 0
A P 1 158 0
J N 5 1439 -28 6 5185 144 1 148
K 0 14 45
K 0 0 45
K 0 0 43
K -1 0 45
K 2 0 45
A D 3 48 0
A P 1 175 0
J N 5 1467 -21 5 6049 144 1 148
K 0 7 45
K 0 0 43
K 0 7 45
K 1 7 45
A D 3 48 0
A P 1 169 0
H 148 B -64 0 108 4 22 11 11 33
J B 198 1498 1 82 6913 144 0
J N 5 1521 -14 6 1 0 1 149
K 0 0 45
K -14 0 64
K 0 0 43
K -1 0 45
K 2 0 45
A D 3 48 0
A P 1 163 0
J N 5 1549 -7 2 865 144 1 149
K 0 0 43
A D 3 48 0
A P 1 158 0
J N 5 1577 -14 5 1729 144 1 149
K 0 0 45
K 0 0 43
K -1 0 45
K 2 0 45
A D 3 48 0
A P 1 163 0
J N 5 1605 -21 5 2593 144 1 149
K 0 7 45
K 0 0 43
K 0 7 45
K 1 7 45
A D 3 48 0
A P 1 169 0
H 149 B -57 0 108 4 22 11 11 33
J N 5 1633 -28 6 3457 144 1 150
K 0 14 45
K 0 0 45
K 0 0 43
K -1 0 45
K 2 0 45
A D 3 48 0
A P 1 175 0
J N 5 1661 21 2 4321 144 1 150
K 0 0 43
A D 3 48 0
A P 1 135 0
J N 5 1705 14 3 5185 144 1 150
K -18 0 63
K 0 0 43
A D 3 48 0
A P 1 141 0
J N 5 1749 7 3 6049 144 1 150
K -18 0 63
K 0 0 43
A D 3 48 0
A P 1 147 0
H 150 B -99 1 108 4 22 11 11 33
J B 199 1780 1 82 6913 144 0
J N 6 1807 0 3 1 0 1 151
K 0 0 43
K 0 -17 96
A D 6 48 0
A P 1 152 0
J N 6 1863 7 4 1729 288 1 151
K -14 0 64
K 0 0 43
K 0 -17 96
A D 6 48 0
A P 1 146 0
J N 6 1919 14 4 3457 288 1 151
K -18 0 63
K 0 0 43
K 0 -21 96
A D 6 48 0
A P 1 141 0
J N 6 1991 21 3 5185 288 1 151
K 0 0 43
K 0 -14 96
A D 6 48 0
A P 1 135 0
H 151 B -61 2 108 4 2 1 1 3
J B 200 2050 1 82 6913 288 0
E *
B 1 366 0
B 1 656 0
B 1 920 0
B 1 1216 0
B 1 1498 0
B 1 1780 0
B 1 2050 0
S 0 200 1944 2050 458 4 "[({..}..)]"
L 0 0 0 300 300 * 0 14 0
J D 0 -119 42 1 6913 0 0
W 0 0 31 Vln 1
J C 4 5 42 2 6913 0 0
K 0 0 33
K 0 0 34
J K 0 57 0 0 6913 0 0
J D 0 -27 -14 1 6913 0 0
W 0 0 37 \02\00\00
J R 7 106 28 2 1 0 0
K 0 0 48
A D 12 48 1
A P 1 0 1
J R 5 230 28 3 3457 576 0
K 0 14 49
K 4 0 50
A D 3 48 0
A P 1 0 0
J N 5 275 0 4 4321 144 1 255
K -18 0 63
K 0 0 43
K 0 -17 96
A D 3 48 0
A P 1 221 0
J N 5 317 -7 4 5185 144 1 255
K -14 0 64
K 0 0 43
K 0 -17 96
A D 3 48 0
A P 1 226 0
J N 5 348 -14 6 6049 144 1 255
K 0 0 45
K 0 0 43
K -1 0 45
K 2 0 45
K 0 -17 96
A D 3 48 0
A P 1 232 0
H 255 B -47 -2 108 3 22 11 33
J B 201 381 1 82 6913 144 0
J N 6 404 -7 2 1 0 1 256
K 0 0 43
A D 6 48 0
A P 1 226 0
J N 6 466 42 2 1729 288 1 256
K 0 0 43
A D 6 48 0
A P 1 186 0
H 256 B -69 11 108 2 2 3
J N 7 528 21 4 3457 288 1 257
K 0 0 43
K 0 0 60
K 0 21 60
A D 12 48 1
A P 1 203 1
J B 202 667 1 82 6913 576 0
J N 7 688 21 4 1 0 1 257
K 0 0 43
K 0 0 60
K 0 21 60
A D 12 48 0
A P 1 203 0
H 257 T 21 0 0 0 0 0 1 0
J N 6 812 21 3 3457 576 1 258
K 0 0 43
K 0 -14 96
A D 6 48 0
A P 1 203 0
J N 6 874 14 3 5185 288 1 258
K 0 0 43
K 0 -21 96
A D 6 48 0
A P 1 209 0
H 258 B -42 -2 108 2 2 3
J B 203 938 1 82 6913 288 0
J N 7 959 7 5 1 0 1 259
K 0 0 43
K 0 -17 96
K 0 0 60
K 0 21 60
A D 12 48 0
A P 1 215 0
J N 7 1083 7 5 3457 576 1 259
K 0 0 43
K 0 -17 96
K 0 0 60
K 0 21 60
A D 12 48 0
A P 1 215 0
H 259 S 0 0 -14 0 -14 0 0 0 0
J B 204 1209 1 82 6913 576 0
J N 5 1236 28 2 1 0 1 260
K 0 0 43
A D 3 48 0
A P 1 198 0
J N 5 1267 21 2 865 144 1 260
K 0 0 43
A D 3 48 0
A P 1 203 0
J N 5 1297 14 2 1729 144 1 260
K 0 0 43
A D 3 48 0
A P 1 209 0
J N 5 1327 21 2 2593 144 1 260
K 0 0 43
A D 3 48 0
A P 1 203 0
H 260 B -46 -1 108 4 22 11 11 33
J N 5 1357 28 2 3457 144 1 261
K 0 0 43
A D 3 48 0
A P 1 198 0
J N 5 1387 14 2 4321 144 1 261
K 0 0 43
A D 3 48 0
A P 1 209 0
J N 5 1417 21 2 5185 144 1 261
K 0 0 43
A D 3 48 0
A P 1 203 0
J N 5 1447 28 2 6049 144 1 261
K 0 0 43
A D 3 48 0
A P 1 198 0
H 261 B -45 0 108 4 22 11 11 33
J B 205 1479 1 82 6913 144 0
J N 5 1500 35 2 1 0 1 262
K 0 0 43
A D 3 48 0
A P 1 192 0
J N 5 1530 28 2 865 144 1 262
K 0 0 43
A D 3 48 0
A P 1 198 0
J N 5 1560 21 2 1729 144 1 262
K 0 0 43
A D 3 48 0
A P 1 203 0
J N 5 1590 14 2 2593 144 1 262
K 0 0 43
A D 3 48 0
A P 1 209 0
H 262 B -51 -4 108 4 22 11 11 33
J N 5 1620 7 2 3457 144 1 263
K 0 0 43
A D 3 48 0
A P 1 215 0
J N 5 1665 0 3 4321 144 1 263
K -18 0 63
K 0 0 43
A D 3 48 0
A P 1 221 0
J N 5 1710 -7 3 5185 144 1 263
K -18 0 63
K 0 0 43
A D 3 48 0
A P 1 227 0
J N 5 1740 -14 5 6049 144 1 263
K 0 0 45
K 0 0 43
K -1 0 45
K 2 0 45
A D 3 48 0
A P 1 232 0
H 263 B -51 -3 108 4 22 11 11 33
J B 206 1772 1 82 6913 144 0
J N 5 1796 42 3 1 0 1 264
K -14 0 64
K 0 0 43
A D 3 48 0
A P 1 186 0
J N 5 1826 35 2 865 144 1 264
K 0 0 43
A D 3 48 0
A P 1 192 0
J N 5 1868 28 3 1729 144 1 264
K -15 0 65
K 0 0 43
A D 3 48 0
A P 1 197 0
J N 5 1898 35 2 2593 144 1 264
K 0 0 43
A D 3 48 0
A P 1 192 0
H 264 B 57 -1 108 4 22 11 11 33
J N 5 1928 42 2 3457 144 1 265
K 0 0 43
A D 3 48 0
A P 1 186 0
J N 5 1958 28 2 4321 144 1 265
K 0 0 43
A D 3 48 0
A P 1 197 0
J N 5 1988 35 2 5185 144 1 265
K 0 0 43
A D 3 48 0
A P 1 192 0
J N 5 2018 42 2 6049 144 1 265
K 0 0 43
A D 3 48 0
A P 1 186 0
H 265 B 59 0 108 4 22 11 11 33
J B 207 2050 1 82 6913 144 0
E *
L 132 0 0 300 300 * 0 14 0
J D 0 -119 42 1 6913 0 0
W 0 0 31 Vln 2
J C 4 5 42 2 6913 0 0
K 0 0 33
K 0 0 34
J K 0 57 0 0 6913 0 0
J D 0 -27 -14 1 6913 0 0
W 0 0 0 \02\00\00
J N 7 106 14 4 1 0 0
K 0 0 43
K 0 0 60
K 0 21 60
A D 12 48 0
A P 1 209 0
J R 7 230 28 2 3457 576 0
K 0 0 48
A D 12 48 0
A P 1 0 0
J B 201 381 1 82 6913 576 0
J R 7 404 28 2 1 0 0
K 0 0 48
A D 12 48 1
A P 1 0 1
J R 5 528 28 3 3457 576 0
K 0 14 49
K 4 0 50
A D 3 48 0
A P 1 0 0
J N 5 561 28 2 4321 144 1 224
K 0 0 43
A D 3 48 0
A P 1 198 0
J N 5 603 21 3 5185 144 1 224
K -14 0 64
K 0 0 43
A D 3 48 0
A P 1 203 0
J N 5 634 14 2 6049 144 1 224
K 0 0 43
A D 3 48 0
A P 1 209 0
H 224 B -47 -2 108 3 22 11 33
J B 202 667 1 82 6913 144 0
J N 5 688 7 2 1 0 1 225
K 0 0 43
A D 3 48 0
A P 1 215 0
J N 5 719 0 2 865 144 1 225
K 0 0 43
A D 3 48 0
A P 1 220 0
J N 5 750 -7 2 1729 144 1 225
K 0 0 43
A D 3 48 0
A P 1 226 0
J N 5 781 0 2 2593 144 1 225
K 0 0 43
A D 3 48 0
A P 1 220 0
H 225 B -53 -1 108 4 22 11 11 33
J N 5 812 7 2 3457 144 1 226
K 0 0 43
A D 3 48 0
A P 1 215 0
J N 5 843 0 2 4321 144 1 226
K 0 0 43
A D 3 48 0
A P 1 220 0
J N 5 874 7 2 5185 144 1 226
K 0 0 43
A D 3 48 0
A P 1 215 0
J N 5 905 14 2 6049 144 1 226
K 0 0 43
A D 3 48 0
A P 1 209 0
H 226 B -50 1 108 4 22 11 11 33
J B 203 938 1 82 6913 144 0
J N 5 959 21 2 1 0 1 227
K 0 0 43
A D 3 48 0
A P 1 203 0
J N 5 990 14 2 865 144 1 227
K 0 0 43
A D 3 48 0
A P 1 209 0
J N 5 1021 7 2 1729 144 1 227
K 0 0 43
A D 3 48 0
A P 1 215 0
J N 5 1052 0 2 2593 144 1 227
K 0 0 43
A D 3 48 0
A P 1 220 0
H 227 B -51 -4 108 4 22 11 11 33
J N 5 1083 -7 2 3457 144 1 228
K 0 0 43
A D 3 48 0
A P 1 226 0
J N 5 1114 -14 5 4321 144 1 228
K 0 0 45
K 0 0 43
K -1 0 45
K 2 0 45
A D 3 48 0
A P 1 232 0
J N 5 1145 -21 5 5185 144 1 228
K 0 7 45
K 0 0 43
K 0 7 45
K 1 7 45
A D 3 48 0
A P 1 238 0
J N 5 1176 -28 6 6049 144 1 228
K 0 14 45
K 0 0 45
K 0 0 43
K -1 0 45
K 2 0 45
A D 3 48 0
A P 1 243 0
H 228 B -51 -4 108 4 22 11 11 33
J B 204 1209 1 82 6913 144 0
J N 7 1236 0 5 1 0 0
K -18 0 63
K 0 0 43
K 0 0 60
K 0 21 60
A D 12 48 0
A P 1 221 0
J N 6 1357 0 3 3457 576 1 229
K 0 0 43
K 0 -17 96
A D 6 48 0
A P 1 221 0
J N 6 1417 -7 4 5185 288 1 229
K -18 0 63
K 0 0 43
K 0 -17 96
A D 6 48 0
A P 1 227 0
H 229 B -47 -2 108 2 2 3
J B 205 1479 1 82 6913 288 0
J N 7 1500 -14 7 1 0 0
K 0 0 45
K 0 0 43
K -1 0 45
K 2 0 45
K 0 0 60
K 0 21 60
A D 12 48 0
A P 1 232 0
J N 7 1620 -14 7 3457 576 1 230
K 0 0 45
K 0 0 43
K -1 0 45
K 2 0 45
K 0 0 60
K 0 21 60
A D 12 48 1
A P 1 232 1
J B 206 1772 1 82 6913 576 0
J N 6 1796 -14 6 1 0 1 230
K 0 0 45
K 0 0 43
K -1 0 45
K 2 0 45
K 0 0 54
A D 6 48 0
A P 1 232 0
H 230 T -14 0 0 0 0 0 5 0
J N 7 1868 -7 5 1729 288 0
K -14 0 64
K 0 0 43
K 0 0 60
K 0 21 60
A D 12 48 0
A P 1 226 0
J N 6 1988 -7 3 5185 576 1 231
K 0 0 43
K 0 0 54
A D 6 48 1
A P 1 226 1
J B 207 2050 1 82 6913 288 0
J M 0 2050 0 0 6913 0 1 231
H 231 T -7 0 0 0 0 0 1 0
E *
L 267 0 0 300 300 * 0 14 0
J D 0 -94 42 1 6913 0 0
W 0 0 31 Vla
J C 13 5 28 35 6913 0 0
J K 0 57 0 0 6913 0 0
J D 0 -27 -14 1 6913 0 0
W 0 0 0 \02\00\00
J N 6 106 21 3 1 0 1 254
K 0 0 43
K 0 14 96
A D 6 48 0
A P 3 169 0
J N 6 168 28 4 1729 288 1 254
K -14 0 64
K 0 0 43
K 0 21 96
A D 6 48 0
A P 3 163 0
J N 6 230 35 4 3457 288 1 254
K -15 0 65
K 0 0 43
K 0 14 96
A D 6 48 0
A P 3 157 0
J N 6 317 42 3 5185 288 1 254
K 0 0 43
K 0 21 96
A D 6 48 0
A P 3 152 0
H 254 B 42 1 108 4 2 1 1 3
J B 201 381 1 82 6913 288 0
J N 5 404 35 3 1 0 1 255
K -14 0 64
K 0 0 43
A D 3 48 0
A P 3 158 0
J N 5 435 35 2 865 144 1 255
K 0 0 43
A D 3 48 0
A P 3 158 0
J N 5 466 28 2 1729 144 1 255
K 0 0 43
A D 3 48 0
A P 3 163 0
J N 5 497 21 2 2593 144 1 255
K 0 0 43
A D 3 48 0
A P 3 169 0
H 255 B 50 -1 108 4 22 11 11 33
J N 5 528 49 2 3457 144 1 256
K 0 0 43
A D 3 48 0
A P 3 146 0
J N 5 561 49 2 4321 144 1 256
K 0 0 43
A D 3 48 0
A P 3 146 0
J N 5 603 42 2 5185 144 1 256
K 0 0 43
A D 3 48 0
A P 3 152 0
J N 5 634 35 2 6049 144 1 256
K 0 0 43
A D 3 48 0
A P 3 158 0
H 256 B 50 -1 108 4 22 11 11 33
J B 202 667 1 82 6913 144 0
J N 7 688 28 4 1 0 0
K 0 0 43
K 0 0 60
K 0 21 60
A D 12 48 0
A P 3 163 0
J R 7 812 28 2 3457 576 0
K 0 0 48
A D 12 48 0
A P 3 0 0
J B 203 938 1 82 6913 576 0
J R 7 959 28 2 1 0 0
K 0 0 48
A D 12 48 1
A P 3 0 1
J R 6 1083 28 2 3457 576 0
K 0 0 49
A D 6 48 0
A P 3 0 0
J N 6 1145 14 3 5185 288 1 257
K 0 0 43
K 0 0 54
A D 6 48 1
A P 3 175 1
J B 204 1209 1 82 6913 288 0
J N 6 1236 14 3 1 0 1 257
K 0 0 43
K 0 0 54
A D 6 48 0
A P 3 175 0
H 257 T 14 0 0 0 0 0 5 0
J N 7 1297 21 4 1729 288 0
K 0 0 43
K 0 0 60
K 0 21 60
A D 12 48 0
A P 3 169 0
J N 6 1417 21 3 5185 576 1 258
K 0 0 43
K 0 0 54
A D 6 48 1
A P 3 169 1
J B 205 1479 1 82 6913 288 0
J N 6 1500 21 3 1 0 1 258
K 0 0 43
K 0 0 54
A D 6 48 0
A P 3 169 0
H 258 T 21 0 0 0 0 0 1 0
J N 7 1560 28 4 1729 288 0
K 0 0 43
K 0 0 60
K 0 21 60
A D 12 48 0
A P 3 163 0
J N 6 1710 -21 7 5185 576 0
K 0 7 45
K 0 0 43
K 0 7 45
K 1 7 45
K 0 0 60
K 0 0 54
A D 6 48 0
A P 3 203 0
J B 206 1772 1 82 6913 288 0
J N 5 1796 35 3 1 0 1 259
K -15 0 65
K 0 0 43
A D 3 48 0
A P 3 157 0
J N 5 1826 28 2 865 144 1 259
K 0 0 43
A D 3 48 0
A P 3 163 0
J N 5 1868 21 2 1729 144 1 259
K 0 0 43
A D 3 48 0
A P 3 169 0
J N 5 1898 28 2 2593 144 1 259
K 0 0 43
A D 3 48 0
A P 3 163 0
H 259 B 64 -1 108 4 22 11 11 33
J N 5 1928 35 2 3457 144 1 260
K 0 0 43
A D 3 48 0
A P 3 157 0
J N 5 1958 21 2 4321 144 1 260
K 0 0 43
A D 3 48 0
A P 3 169 0
J N 5 1988 28 2 5185 144 1 260
K 0 0 43
A D 3 48 0
A P 3 163 0
J N 5 2018 35 2 6049 144 1 260
K 0 0 43
A D 3 48 0
A P 3 157 0
H 260 B 59 0 108 4 22 11 11 33
J B 207 2050 1 82 6913 144 0
E *
L 402 0 0 300 300 * 0 14 0
J D 0 -75 42 1 6913 0 0
W 0 -21 31 Vc
J D 0 -75 42 1 6913 0 0
W 0 21 31 Cb
J C 22 5 14 36 6913 0 0
J K 0 57 0 0 6913 0 0
J D 0 -27 -14 1 6913 0 0
W 0 0 0 \02\00\00
J N 5 106 14 3 1 0 1 152
K -18 0 63
K 0 0 43
A D 3 48 0
A P 1 141 0
J N 5 137 14 2 865 144 1 152
K 0 0 43
A D 3 48 0
A P 1 141 0
J N 5 168 7 2 1729 144 1 152
K 0 0 43
A D 3 48 0
A P 1 146 0
J N 5 199 0 2 2593 144 1 152
K 0 0 43
A D 3 48 0
A P 1 152 0
H 152 B -46 -1 108 4 22 11 11 33
J N 5 230 28 2 3457 144 1 153
K 0 0 43
A D 3 48 0
A P 1 129 0
J N 5 275 28 2 4321 144 1 153
K 0 0 43
A D 3 48 0
A P 1 129 0
J N 5 317 21 2 5185 144 1 153
K 0 0 43
A D 3 48 0
A P 1 135 0
J N 5 348 14 2 6049 144 1 153
K 0 0 43
A D 3 48 0
A P 1 141 0
H 153 B -46 -1 108 4 22 11 11 33
J B 201 381 1 82 6913 144 0
J N 6 404 7 2 1 0 1 154
K 0 0 43
A D 6 48 0
A P 1 146 0
J N 6 466 14 3 1729 288 1 154
K -14 0 64
K 0 0 43
A D 6 48 0
A P 1 140 0
J N 6 528 21 2 3457 288 1 154
K 0 0 43
A D 6 48 0
A P 1 135 0
J N 6 603 28 2 5185 288 2 155 154
K 0 0 43
A D 6 48 1
A P 1 129 1
H 154 B -53 2 108 4 2 1 1 3
J B 202 667 1 82 6913 288 0
J N 6 688 28 3 1 0 1 155
K 0 0 43
K 0 0 54
A D 6 48 0
A P 1 129 0
H 155 T 28 0 0 0 0 0 5 0
J N 7 750 35 4 1729 288 0
K 0 0 43
K 0 0 59
K 0 -21 59
A D 12 48 0
A P 1 123 0
J N 6 874 7 3 5185 576 1 156
K 0 0 43
K 0 0 54
A D 6 48 1
A P 1 146 1
J B 203 938 1 82 6913 288 0
J N 6 959 7 3 1 0 1 156
K 0 0 43
K 0 0 54
A D 6 48 0
A P 1 146 0
H 156 T 7 0 0 0 0 0 1 0
J N 7 1021 35 4 1729 288 0
K 0 0 43
K 0 0 59
K 0 -21 59
A D 12 48 0
A P 1 123 0
J N 6 1145 -14 6 5185 576 0
K 0 0 45
K 0 0 43
K -1 0 45
K 2 0 45
K 0 0 54
A D 6 48 0
A P 1 163 0
J B 204 1209 1 82 6913 288 0
J R 9 1330 28 2 1 10000 0
K 0 0 46
A D 24 48 0
A P 1 0 0
J B 205 1479 1 82 6913 1152 0
J R 9 1611 28 2 1 10000 0
K 0 0 46
A D 24 48 0
A P 1 0 0
J B 206 1772 1 82 6913 1152 0
J N 7 1796 -21 7 1 0 0
K 0 7 45
K 0 0 43
K 0 7 45
K 1 7 45
K 0 0 60
K 0 21 60
A D 12 48 0
A P 1 169 0
J N 6 1928 -21 6 3457 576 1 157
K 0 7 45
K 0 0 43
K 0 7 45
K 1 7 45
K 0 -17 96
A D 6 48 0
A P 1 169 0
J N 6 1988 -28 7 5185 288 1 157
K 0 14 45
K 0 0 45
K 0 0 43
K -1 0 45
K 2 0 45
K 0 -17 96
A D 6 48 0
A P 1 175 0
H 157 B -54 -2 108 2 2 3
J B 207 2050 1 82 6913 288 0
E *
B 1 381 0
B 1 667 0
B 1 938 0
B 1 1209 0
B 1 1479 0
B 1 1772 0
B 1 2050 0
