X 46 1200C 120 III.    
X 46 575 270    
S 0 200 390 2150 84 1 "(.)"    
L 0 0 0 0 0 * 0 21 0    
J D 1 112 -56 1 6913 0 0    
W 0 -84 0 (44) Third Movement:  Oboe 2    
J C 4 7 63 2 6913 0 0    
K 0 0 33    
K 0 0 34    
J K 0 85 0 0 6913 0 0    
J T 304 99 0 2 6913 0 0    
K -15 42 74    
K -15 84 75    
J D 0 122 0 1 1 0 0
W 0 -84 37 Allegro molto e vivace.    
J D 0 148 0 1 1 0 0    
W 0 -31 32 Vln 1    
J N 7 158 63 4 1 0 0    
K 0 0 171    
K 0 0 187    
K 0 -21 187    
A D 1 4    
J R 7 158 126 2 1 0 0    
K 0 0 48    
A D 1 4    
J B 1 204 1 82 6913 576 0    
J N 8 236 52 4 1 0 0    
K 0 0 170    
K 0 0 187    
K 0 -21 187    
A D 2 4    
J R 9 252 105 2 1 10000 0    
K 0 0 46    
A D 3 4    
J N 7 297 42 4 4609 1152 0    
K 0 0 171    
K 0 0 187    
K 0 -11 187    
A D 1 4    
J B 2 343 1 82 6913 576 0    
J N 8 375 31 4 1 0 0    
K 0 0 170    
K 0 0 187    
K 0 -10 187    
A D 2 4    
J R 9 391 105 2 1 10000 0    
K 0 0 46    
A D 3 4    
J N 7 436 21 4 4609 1152 0    
K 0 0 171    
K 0 0 187    
K 0 -11 187    
A D 1 4    
J B 3 482 1 82 6913 576 0    
J N 7 514 10 4 1 0 0    
K 0 0 171    
K 0 0 187    
K 0 -10 187    
A D 1 4    
J R 9 546 105 2 1 10000 0    
K 0 0 46    
A D 3 4    
J N 7 555 10 4 2305 576 0    
K 0 0 171    
K 0 0 187    
K 0 -10 187    
A D 1 4    
J N 7 607 0 5 4609 576 0    
K -20 0 191    
K 0 0 171    
K 0 0 187    
K 0 -11 187    
A D 1 4    
J B 4 652 1 82 6913 576 0    
J N 8 684 -11 4 1 0 0    
K 0 0 170    
K 0 0 188    
K 0 21 188    
A D 2 4    
J R 9 699 105 2 1 10000 0    
K 0 0 46    
A D 3 4    
J N 7 744 -11 5 4609 1152 0    
K -20 0 191    
K 0 0 171    
K 0 0 188    
K 0 21 188    
A D 1 4    
J B 5 789 1 82 6913 576 0    
J R 9 895 42 46 1 10000 0
J B 6 1037 1 82 6913 1728 0
J R 7 1072 42 2 1 0 0
K 0 0 48    
A D 1 4    
J R 7 1116 42 2 2305 576 0
K 0 0 48    
A D 1 4    
J N 7 1182 31 7 4609 576 0
K -25 0 63    
K 0 0 43    
K 0 -21 96    
K 0 107 110    
K 0 0 60    
K 0 32 60    
A D 1 4    
J B 7 1230 1 82 6913 576 0
J N 7 1265 21 5 1 0 0
K 0 0 43    
K 0 -32 96    
K 0 0 60    
K 0 31 60    
A D 1 4    
J N 7 1312 21 5 2305 576 0
K 0 0 43    
K 0 -32 96    
K 0 0 60    
K 0 31 60    
A D 1 4    
J N 7 1359 21 5 4609 576 0
K 0 0 43    
K 0 -32 96    
K 0 0 60    
K 0 31 60    
A D 1 4    
J B 8 1407 1 82 6913 576 0
J N 7 1436 63 4 1 0 0
K 0 0 43    
K 0 0 59    
K 0 -32 59    
A D 1 4    
J R 7 1486 42 2 3457 576 0    
K 0 0 48    
A D 1 4    
J B 0 1565 10 6 6913 576 0
K -34 31 44    
K -34 52 44    
K -19 0 84    
K 0 0 84    
K 18 31 44    
K 18 52 44    
J R 7 1621 42 2 1 0 0    
K 0 0 48    
A D 1 4    
J B 9 1675 1 82 6913 576 0
J S 4 1750 31 8 2 576 0    
K 0 0 62    
K 0 5 62    
K 286 11 92    
K 256 11 92    
K 226 11 92    
K 196 11 92    
K 166 11 92    
K 136 11 92    
K 106 11 92    
K 76 11 92    
K 46 11 92    
K 16 11 92    
K 0 11 92    
K 316 0 62    
K 316 5 62    
K 143 9 73    
J B 11 2150 1 82 6913 1 0    
E *    
B 1 204 0    
B 1 343 0    
B 1 482 0    
B 1 652 0    
B 1 789 0    
B 1 1037 0
B 1 1230 0
B 1 1407 0
B 10 1565 0
B 1 1675 0
B 1 2150 0    
S 0 100 705 2250 84 1 "(.)"    
L 0 0 0 250 250 * 0 21 0    
J C 4 7 63 2 6913 0 0    
K 0 0 33    
K 0 0 34    
J K 0 85 0 0 6913 0 0    
J D 0 -16 -21 1 6913 0 0    
W 0 0 37 \01\01    
J R 7 151 42 2 1 0 0    
K 0 0 48    
A D 1 4    
J N 7 205 10 7 2305 576 0
K -23 0 65    
K 0 0 43    
K 0 -26 96    
K 0 122 110    
K 0 0 60    
K 0 32 60    
A D 1 4    
J N 7 251 0 5 4609 576 0
K 0 0 43    
K 0 -26 96    
K 0 0 60    
K 0 31 60    
A D 1 4    
J B 12 295 1 82 6913 576 0
J N 7 336 42 5 1 0 0
K -23 0 65    
K 0 0 43    
K 0 0 60    
K 0 31 60    
A D 1 4    
J R 7 374 42 2 2305 576 0
K 0 0 48    
A D 1 4    
J R 7 412 42 2 4609 576 0
K 0 0 48    
A D 1 4    
J B 13 462 1 82 6913 576 0
J S 4 504 31 8 2 576 0
K 0 0 62    
K 0 5 62    
K 151 11 92
K 127 11 92
K 103 11 92
K 79 11 92
K 55 11 92
K 31 11 92
K 7 11 92
K 0 11 92    
K 181 0 62
K 181 5 62
K 78 9 73
J B 15 727 1 82 6913 1 0
J R 7 753 42 2 1 0 0
K 0 0 48    
A D 1 4    
J N 7 791 31 6 2305 576 0
K 0 0 43    
K 0 -21 96    
K 0 107 110    
K 0 0 60    
K 0 32 60    
A D 1 4    
J N 7 837 21 5 4609 576 0
K 0 0 43    
K 0 -32 96    
K 0 0 60    
K 0 31 60    
A D 1 4    
J B 16 881 1 82 6913 576 0
J N 7 907 63 4 1 0 0
K 0 0 43    
K 0 0 59    
K 0 -32 59    
A D 1 4    
J R 7 960 42 2 2305 576 0
K 0 0 48    
A D 1 4    
J R 7 995 42 2 4609 576 0    
K 0 0 48    
A D 1 4    
J B 17 1036 1 82 6913 576 0
J S 4 1081 31 8 2 576 0
K 0 0 62    
K 0 5 62    
K 129 11 92
K 108 11 92
K 87 11 92
K 66 11 92
K 45 11 92
K 24 11 92
K 3 11 92
K 0 11 92    
K 159 0 62
K 159 5 62
K 69 9 73
J B 19 1282 1 82 6913 1 0
J N 7 1323 42 8 1 0 0
K -23 0 65    
K 0 0 43    
K 0 -32 96    
K -8 115 110    
K 17 115 110    
K 0 0 60    
K 0 31 60    
A D 1 4    
J N 7 1366 42 5 2305 576 0
K 0 0 43    
K 0 -32 96    
K 0 0 60    
K 0 31 60    
A D 1 4    
J N 7 1409 42 5 4609 576 0
K 0 0 43    
K 0 -32 96    
K 0 0 60    
K 0 31 60    
A D 1 4    
J B 20 1453 1 82 6913 576 0
J N 7 1494 42 6 1 0 0
K -23 0 65    
K 0 0 43    
K 0 -32 96    
K 0 0 60    
K 0 31 60    
A D 1 4    
J N 7 1537 42 5 2305 576 0
K 0 0 43    
K 0 -32 96    
K 0 0 60    
K 0 31 60    
A D 1 4    
J N 7 1580 31 5 4609 576 0
K 0 0 43    
K 0 -21 96    
K 0 0 60    
K 0 32 60    
A D 1 4    
J B 21 1624 1 82 6913 576 0
J N 7 1665 21 7 1 0 0
K -23 0 65    
K 0 0 43    
K -8 111 111    
K 10 111 110    
K 0 0 60    
K 0 31 60    
A D 1 4    
J R 7 1703 42 2 2305 576 0
K 0 0 48    
A D 1 4    
J R 7 1741 42 2 4609 576 0
K 0 0 48    
A D 1 4    
J B 22 1785 1 82 6913 576 0
J N 7 1826 42 7 1 0 0
K -23 0 65    
K 0 0 43    
K -8 107 111    
K 10 107 110    
K 0 0 60    
K 0 31 60    
A D 1 4    
J R 7 1864 42 2 2305 576 0
K 0 0 48    
A D 1 4    
J R 7 1902 42 2 4609 576 0
K 0 0 48    
A D 1 4    
J B 23 1946 1 82 6913 576 0
J N 7 1987 21 7 1 0 0
K -23 0 65    
K 0 0 43    
K -8 111 111    
K 10 111 110    
K 0 0 60    
K 0 31 60    
A D 1 4    
J R 7 2025 42 2 2305 576 0
K 0 0 48    
A D 1 4    
J R 7 2063 42 2 4609 576 0
K 0 0 48    
A D 1 4    
J B 24 2107 1 82 6913 576 0
J N 7 2133 31 6 1 0 0
K 0 0 43    
K -8 105 111    
K 10 105 110    
K 0 0 60    
K 0 32 60    
A D 1 4    
J R 7 2171 42 2 2305 576 0
K 0 0 48    
A D 1 4    
J R 7 2209 42 2 4609 576 0    
K 0 0 48    
A D 1 4    
J B 25 2250 1 82 6913 576 0    
E *    
B 1 295 0
B 1 462 0
B 1 727 0
B 1 881 0
B 1 1036 0
B 1 1282 0
B 1 1453 0
B 1 1624 0
B 1 1785 0
B 1 1946 0
B 1 2107 0
B 1 2250 0    
S 0 100 1020 2250 84 1 "(.)"    
L 0 0 0 250 250 * 0 21 0    
J C 4 7 63 2 6913 0 0    
K 0 0 33    
K 0 0 34    
J K 0 85 0 0 6913 0 0    
J D 0 -16 -21 1 6913 0 0    
W 0 0 37 \02\05    
J N 7 151 73 6 1 0 0    
K 0 0 43    
K -8 59 111    
K 10 59 110    
K 0 0 59    
K 0 -31 59    
A D 1 4    
J R 7 210 42 2 2305 576 0
K 0 0 48    
A D 1 4    
J R 7 254 42 2 4609 576 0
K 0 0 48    
A D 1 4    
J B 26 298 1 82 6913 576 0
J S 4 340 31 8 7 576 0
K 0 0 62    
K 0 5 62    
K 166 11 92    
K 136 11 92    
K 106 11 92    
K 76 11 92    
K 46 11 92    
K 16 11 92    
K 0 11 92    
K 196 0 62    
K 196 5 62    
K 83 9 78    
J B 33 578 1 82 6913 1 0
J S 4 620 31 8 4 576 0
K 0 0 62    
K 0 5 62    
K 148 11 92
K 121 11 92
K 94 11 92
K 67 11 92
K 40 11 92
K 13 11 92
K 0 11 92    
K 178 0 62
K 178 5 62
K 74 9 75
J B 37 840 1 82 6913 1 0
J S 4 882 31 8 4 0 0
K 0 0 62    
K 0 5 62    
K 164 11 92    
K 134 11 92    
K 104 11 92    
K 74 11 92    
K 44 11 92    
K 14 11 92    
K 0 11 92    
K 194 0 62    
K 194 5 62    
K 82 9 75    
J B 41 1121 1 82 6913 1 0
J R 9 1188 42 2 1 10000 0
K 0 0 46    
A D 3 4    
J C 22 1231 21 164 6913 1728 0
J B 42 1291 1 82 6913 0 0
J D 0 1401 -9 1 1 0 0
W 0 -31 32 Bassi    
J R 7 1317 63 2 1 0 0
K 0 0 176    
A D 1 4    
J R 9 1352 -3 2 1 10000 0
K 0 0 46    
A D 3 4    
J R 7 1358 63 2 2305 576 0
K 0 0 176    
A D 1 4    
J N 7 1409 63 5 4609 576 1 1
K -17 0 192    
K 0 0 171    
K 0 0 187    
K 0 -21 187    
A D 1 4    
J B 43 1447 1 82 6913 576 0
J N 8 1479 52 6 1 0 2 2 1
K -17 0 192    
K 0 0 170    
K 30 0 172    
K 0 0 187    
K 0 -21 187    
A D 3 4    
H 1 S 12 0 0 0 0 0 0 0 0    
J R 9 1505 -3 2 1 10000 0
K 0 0 46    
A D 3 4    
J B 44 1585 1 82 6913 1728 0
J N 8 1611 52 4 1 0 1 2
K 0 0 170    
K 0 0 187    
K 0 -21 187    
A D 2 4    
H 2 T 52 0 0 0 0 0 9 0    
J R 7 1610 -42 2 1 0 0
K 0 0 48    
A D 1 4    
J R 7 1655 -42 2 2305 576 0
K 0 0 48    
A D 1 4    
J C 4 1660 63 2 4609 576 0
K 0 0 161    
K 0 0 162    
J N 7 1722 84 6 4609 0 0
K 0 0 43    
K 0 26 96    
K 0 73 110    
K 0 0 59    
K 0 -32 59    
A D 1 4    
J B 45 1775 1 82 6913 576 0
J N 8 1801 73 5 1 0 0
K 0 0 42    
K 0 26 96    
K 0 0 59    
K 0 -31 59    
A D 2 4    
J N 7 1870 94 5 4609 1152 0
K 0 0 43    
K 0 26 96    
K 0 0 59    
K 0 -31 59    
A D 1 4    
J B 46 1921 1 82 6913 576 0
J N 8 1947 84 5 1 0 0
K 0 0 42    
K 0 26 96    
K 0 0 59    
K 0 -32 59    
A D 2 4    
J N 7 2020 63 5 4609 1152 0
K 0 0 43    
K 0 31 96    
K 0 0 59    
K 0 -32 59    
A D 1 4    
J B 47 2073 1 82 6913 576 0
J N 7 2099 63 5 1 0 0
K 0 0 43    
K 0 31 96    
K 0 0 59    
K 0 -32 59    
A D 1 4    
J N 7 2148 63 5 2305 576 0
K 0 0 43    
K 0 31 96    
K 0 0 59    
K 0 -32 59    
A D 1 4    
J N 7 2200 31 5 4609 576 0
K 0 0 43    
K 0 -21 96    
K 0 0 60    
K 0 32 60    
A D 1 4    
J B 48 2250 1 82 6913 576 0    
E *    
B 1 298 0
B 1 578 0
B 1 840 0
B 1 1121 0
B 1 1291 0
B 1 1447 0
B 1 1585 0
B 1 1775 0
B 1 1921 0
B 1 2073 0
B 1 2250 0    
S 0 100 1335 2250 84 1 "(.)"    
L 0 0 0 250 250 * 0 21 0    
J C 4 7 63 2 6913 0 0    
K 0 0 33    
K 0 0 34    
J K 0 85 0 0 6913 0 0    
J D 0 -16 -21 1 6913 0 0    
W 0 0 37 \04\08    
J N 8 151 63 7 1 0 1 3    
K 0 0 42    
K 36 -9 44    
K -8 81 110
K 17 81 110
K 0 0 59    
K 0 -32 59    
A D 3 4    
J B 49 230 1 82 6913 1728 0
J N 8 256 63 5 1 0 2 4 3
K 0 0 42    
K 36 -9 44    
K 0 0 59    
K 0 -32 59    
A D 3 4    
H  3 T 73 0 0 0 0 0 13 0
J B 50 338 1 82 6913 1728 0
J N 8 364 63 5 1 0 2 5 4
K 0 0 42    
K 36 -9 44    
K 0 0 59    
K 0 -32 59    
A D 3 4    
H  4 T 71 0 0 0 0 0 13 0
J B 51 448 1 82 6913 1728 0
J N 7 475 63 4 1 0 1 5
K 0 0 43    
K 0 0 59    
K 0 -32 59    
A D 1 4    
H  5 T 72 0 0 0 0 0 13 0
J N 7 526 31 5 2305 576 0
K 0 0 43    
K 0 -21 96    
K 0 0 60    
K 0 32 60    
A D 1 4    
J N 7 568 31 5 4609 576 0
K 0 0 43    
K 0 -21 96    
K 0 0 60    
K 0 32 60    
A D 1 4    
J B 52 612 1 82 6913 576 0
J N 8 635 63 7 1 0 0
K 0 0 42    
K 0 31 96    
K -21 79 111    
K -3 79 110    
K 0 0 59    
K 0 -32 59    
A D 2 4    
J N 7 704 105 8 4609 1152 0
K 1 0 45    
K 0 0 43    
K -1 0 45    
K 6 0 45    
K 0 26 96    
K 0 0 59    
K 0 -32 59    
A D 1 4    
J B 53 754 1 82 6913 576 0
J N 7 777 94 5 1 0 0
K 0 0 43    
K 0 26 96    
K 0 0 59    
K 0 -31 59    
A D 1 4    
J N 7 838 42 6 2305 576 0
K -23 0 65    
K 0 0 43    
K 0 -32 96    
K 0 0 60    
K 0 31 60    
A D 1 4    
J N 7 880 42 5 4609 576 0
K 0 0 43    
K 0 -32 96    
K 0 0 60    
K 0 31 60    
A D 1 4    
J B 54 925 1 82 6913 576 0
J N 8 953 31 7 1 0 0
K 0 0 42    
K 0 -21 96    
K -21 111 111    
K -3 111 110    
K 0 0 60    
K 0 32 60    
A D 2 4    
J N 7 1025 31 5 4609 1152 0
K 0 0 43    
K 0 -21 96    
K 0 0 60    
K 0 32 60    
A D 1 4    
J B 55 1070 1 82 6913 576 0
J N 7 1096 31 5 1 0 0
K 0 0 43    
K 0 -21 96    
K 0 0 60    
K 0 32 60    
A D 1 4    
J N 7 1140 0 5 2305 576 0
K 0 0 43    
K 0 -26 96    
K 0 0 60    
K 0 31 60    
A D 1 4    
J N 7 1182 0 5 4609 576 0
K 0 0 43    
K 0 -26 96    
K 0 0 60    
K 0 31 60    
A D 1 4    
J B 56 1231 1 82 6913 576 0
J N 7 1257 -11 4 1 0 0
K 0 0 43    
K 0 0 60    
K 0 32 60    
A D 1 4    
J N 7 1294 10 4 2305 576 0
K 0 0 43    
K 0 0 60    
K 0 32 60    
A D 1 4    
J N 7 1331 31 4 4609 576 0
K 0 0 43    
K 0 0 60    
K 0 32 60    
A D 1 4    
J B 57 1380 1 82 6913 576 0
J N 7 1406 10 4 1 0 0
K 0 0 43    
K 0 0 60    
K 0 32 60    
A D 1 4    
J N 7 1446 31 4 2305 576 0
K 0 0 43    
K 0 0 60    
K 0 32 60    
A D 1 4    
J N 7 1483 73 4 4609 576 0
K 0 0 43    
K 0 0 59    
K 0 -31 59    
A D 1 4    
J B 58 1532 1 82 6913 576 0
J N 7 1552 84 4 1 0 0
K 0 0 43    
K 0 0 59    
K 0 -32 59    
A D 1 4    
J R 7 1596 42 2 2305 576 0
K 0 0 48    
A D 1 4    
J R 7 1631 42 2 4609 576 0
K 0 0 48    
A D 1 4    
J B 59 1675 1 82 6913 576 0
J R 9 1742 42 46 1 10000 0
J B 60 1845 1 82 6913 1728 0
J R 7 1871 21 2 1 0 0
K 0 0 176    
A D 1 4    
J R 9 1898 105 2 1 10000 0
K 0 0 46    
A D 3 4    
J R 7 1912 21 2 2305 576 0
K 0 0 176    
A D 1 4    
J D 0 1926 -6 1 4609 576 0
W 0 -42 32 Ob. 1    
J N 7 1947 31 4 4609 0 0
K 0 0 171    
K 0 0 187    
K 0 -10 187    
A D 1 4    
J B 61 1982 1 82 6913 576 0
J N 8 2017 21 5 1 0 1 6
K -17 0 192    
K 0 0 170    
K 0 0 187    
K 0 -11 187    
A D 2 4    
J R 9 2029 105 2 1 10000 0
K 0 0 46    
A D 3 4    
J N 7 2072 42 4 4609 1152 1 6
K 0 0 171    
K 0 0 187    
K 0 -11 187    
A D 1 4    
H 6 S 12 0 0 0 0 0 0 0 0    
J B 62 2113 1 82 6913 576 0
J N 7 2139 31 4 1 0 0
K 0 0 171    
K 0 0 187    
K 0 -10 187    
A D 1 4    
J R 9 2160 105 2 1 10000 0
K 0 0 46    
A D 3 4    
J R 7 2180 21 2 2305 576 0
K 0 0 176    
A D 1 4    
J R 7 2209 21 2 4609 576 0    
K 0 0 176    
A D 1 4    
J B 63 2250 1 82 6913 576 0    
E *    
B 1 230 0
B 1 338 0
B 1 448 0
B 1 612 0
B 1 754 0
B 1 925 0
B 1 1070 0
B 1 1231 0
B 1 1380 0
B 1 1532 0
B 1 1675 0
B 1 1845 0
B 1 1982 0
B 1 2113 0
B 1 2250 0    
S 0 100 1650 2250 84 1 "(.)"    
L 0 0 0 250 250 * 0 21 0    
J C 4 7 63 2 6913 0 0    
K 0 0 33    
K 0 0 34    
J K 0 85 0 0 6913 0 0    
J D 0 -16 -21 1 6913 0 0    
W 0 0 37 \06\03    
J N 7 151 31 4 1 0 0    
K 0 0 171    
K 0 0 187    
K 0 -10 187    
A D 1 4    
J R 9 175 105 2 1 10000 0    
K 0 0 46    
A D 3 4    
J N 7 200 21 5 2305 576 1 7    
K -17 0 192    
K 0 0 171    
K 0 0 187    
K 0 -11 187    
A D 1 4    
J N 7 235 42 4 4609 576 1 7    
K 0 0 171    
K 0 0 187    
K 0 -11 187    
A D 1 4    
H 7 S 12 0 0 0 0 0 0 0 0    
J B 64 271 1 82 6913 576 0
J N 7 294 31 4 1 0 0
K 0 0 171    
K 0 0 187    
K 0 -10 187    
A D 1 4    
J R 9 316 105 2 1 10000 0
K 0 0 46    
A D 3 4    
J R 7 336 21 2 2305 576 0
K 0 0 176    
A D 1 4    
J R 7 371 21 2 4609 576 0
K 0 0 176    
A D 1 4    
J B 65 407 1 82 6913 576 0
J N 7 433 31 4 1 0 0
K 0 0 171    
K 0 0 187    
K 0 -10 187    
A D 1 4    
J R 9 457 105 2 1 10000 0
K 0 0 46    
A D 3 4    
J N 7 485 21 5 2305 576 1 8
K -17 0 192    
K 0 0 171    
K 0 0 187    
K 0 -11 187    
A D 1 4    
J N 7 520 42 4 4609 576 1 8
K 0 0 171    
K 0 0 187    
K 0 -11 187    
A D 1 4    
H 8 S 12 0 0 0 0 0 0 0 0    
J B 66 559 1 82 6913 576 0
J N 7 585 84 6 1 0 0
K 0 0 43    
K 0 26 96    
K 0 46 108    
K 0 0 59    
K 0 -32 59    
A D 1 4    
J R 7 632 42 2 2305 576 0
K 0 0 48    
A D 1 4    
J R 7 668 42 2 4609 576 0
K 0 0 48    
A D 1 4    
J B 67 709 1 82 6913 576 0
J N 7 741 42 4 1 0 0
K 0 0 43    
K 0 0 60    
K 0 31 60    
A D 1 4    
J R 7 785 42 2 2305 576 0
K 0 0 48    
A D 1 4    
J R 7 821 42 2 4609 576 0
K 0 0 48    
A D 1 4    
J B 68 862 1 82 6913 576 0
J N 7 894 31 4 1 0 0
K 0 0 43    
K 0 0 60    
K 0 32 60    
A D 1 4    
J R 7 938 42 2 2305 576 0
K 0 0 48    
A D 1 4    
J R 7 974 42 2 4609 576 0
K 0 0 48    
A D 1 4    
J B 69 1015 1 82 6913 576 0
J N 7 1047 42 4 1 0 0
K 0 0 43    
K 0 0 60    
K 0 31 60    
A D 1 4    
J R 7 1094 42 2 2305 576 0
K 0 0 48    
A D 1 4    
J R 7 1135 42 2 4609 576 0
K 0 0 48    
A D 1 4    
J B 70 1180 1 82 6913 576 0
J S 4 1216 31 8 4 576 0
K 0 0 62    
K 0 5 62    
K 100 11 92
K 73 11 92
K 46 11 92
K 19 11 92
K 0 11 92    
K 130 0 62
K 130 5 62
K 50 9 75
J B 74 1385 1 82 6913 1 0
J S 4 1424 31 8 2 576 0
K 0 0 62    
K 0 5 62    
K 99 11 92
K 72 11 92
K 45 11 92
K 18 11 92
K 0 11 92    
K 129 0 62
K 129 5 62
K 49 9 73
J B 76 1589 1 82 6913 1 0
J N 7 1621 31 7 1 0 0
K 0 0 43    
K 0 -21 96    
K -8 111 110    
K 17 111 110    
K 0 0 60    
K 0 32 60    
A D 1 4    
J N 7 1663 10 5 2305 576 0
K 0 0 43    
K 0 -26 96    
K 0 0 60    
K 0 32 60    
A D 1 4    
J N 7 1705 -11 6 4609 576 1 9    
K 0 0 43    
K -8 143 111    
K 10 143 110    
K 0 0 60    
K 0 32 60    
A D 1 4    
J B 77 1745 1 82 6913 576 0    
J N 7 1771 -11 4 1 0 1 9
K 0 0 43    
K 0 0 60    
K 0 32 60    
A D 1 4    
H 9 T -11 0 0 0 0 0 1 0    
J N 7 1809 0 5 2305 576 0
K 0 0 43    
K 0 -26 96    
K 0 0 60    
K 0 31 60    
A D 1 4    
J N 7 1847 21 5 4609 576 0    
K 0 0 43    
K 0 -32 96    
K 0 0 60    
K 0 31 60    
A D 1 4    
J B 78 1887 1 82 6913 576 0    
J N 7 1913 31 5 1 0 0
K 0 0 43    
K 0 -21 96    
K 0 0 60    
K 0 32 60    
A D 1 4    
J R 7 1954 42 2 2305 576 0    
K 0 0 48    
A D 1 4    
J R 7 1989 42 2 4609 576 0    
K 0 0 48    
A D 1 4    
J B 79 2029 1 82 6913 576 0    
J R 7 2055 42 2 1 0 0
K 0 0 48    
A D 1 4    
J R 7 2090 42 2 3457 576 0
K 0 0 48    
A D 1 4    
J B 0 2171 6 4 6913 576 0    
K -35 31 44    
K -35 52 44    
K -20 0 82    
K -9 0 84    
J D 5 2188 -60 1 6913 0 0    
J T 304 2202 0 2 6913 0 0    
K -15 42 74    
K -15 84 75    
E *    
B 1 271 0
B 1 407 0
B 1 559 0
B 1 709 0
B 1 862 0
B 1 1015 0
B 1 1180 0
B 1 1385 0
B 1 1589 0
B 1 1745 0    
B 1 1887 0    
B 1 2029 0    
B 6 2171 0    
S 0 100 1965 2250 84 1 "(.)"    
L 0 0 -60 267 267 * 0 21 0    
J C 4 7 63 2 6913 0 0    
K 0 0 33    
K 0 0 34    
J K 0 85 0 0 6913 0 0    
J T 304 109 0 2 6913 0 0    
K -16 42 74    
K -16 84 75    
J D 0 -16 -21 1 6913 0 0    
W 0 0 37 \07\09    
J D 5 32 -60 17 6913 0 0    
W 0 0 37 TRIO    
J R 7 153 42 2 1 0 0    
K 0 0 48    
A D 1 4    
J B 80 194 1 82 6913 576 0    
J N 8 223 31 6 1 0 1 10
K 0 0 42    
K 0 -21 96    
K 0 103 108    
K 0 0 60    
K 0 32 60    
A D 2 4    
J N 7 286 31 5 4609 1152 1 10    
K 0 0 43    
K 0 -21 96    
K 0 0 60    
K 0 32 60    
A D 1 4    
H 10 S 0 0 -21 0 -21 0 0 0 3
J B 81 327 1 82 6913 576 0    
J N 8 356 31 5 1 0 1 11
K 0 0 42    
K 0 -21 96    
K 0 0 60    
K 0 32 60    
A D 2 4    
J N 7 419 31 5 4609 1152 1 11    
K 0 0 43    
K 0 -21 96    
K 0 0 60    
K 0 32 60    
A D 1 4    
H 11 S 0 0 -21 0 -21 0 0 0 3
J B 82 460 1 82 6913 576 0    
J N 8 489 31 5 1 0 1 12
K 0 0 42    
K 0 -21 96    
K 0 0 60    
K 0 32 60    
A D 2 4    
J N 7 552 31 5 4609 1152 1 12    
K 0 0 43    
K 0 -21 96    
K 0 0 60    
K 0 32 60    
A D 1 4    
H 12 S 0 0 -21 0 -21 0 0 0 3
J B 83 593 1 82 6913 576 0    
J N 8 622 31 5 1 0 1 13
K 0 0 42    
K 0 -21 96    
K 0 0 60    
K 0 32 60    
A D 2 4    
J N 7 685 31 5 4609 1152 1 13    
K 0 0 43    
K 0 -21 96    
K 0 0 60    
K 0 32 60    
A D 1 4    
H 13 S 0 0 -21 0 -21 0 0 0 3
J B 84 726 1 82 6913 576 0    
J D 0 762 0 1 1 0 0
W 0 -31 32 1.    
J N 8 752 31 5 1 0 1 14
K 0 0 42    
K 38 0 44    
K 0 0 60    
K 0 32 60    
A D 3 4    
J B 85 834 1 82 6913 1728 0    
J D 0 870 0 1 1 0 0
W 0 -31 32 2.    
J N 8 860 31 5 1 0 2 15 14
K 0 0 42    
K 38 0 44    
K 0 0 60    
K 0 32 60    
A D 3 4    
H 14 T 31 0 0 0 0 0 1 0    
J B 86 942 1 82 6913 1728 0    
J D 0 978 0 1 1 0 0
W 0 -31 32 3.    
J N 8 968 31 5 1 0 2 16 15
K 0 0 42    
K 38 0 44    
K 0 0 60    
K 0 32 60    
A D 3 4    
H 15 T 31 0 0 0 0 0 1 0    
J B 87 1050 1 82 6913 1728 0    
J D 0 1086 0 1 1 0 0
W 0 -31 32 4.    
J N 8 1076 31 5 1 0 1 16
K 0 0 42    
K 38 0 44    
K 0 0 60    
K 0 32 60    
A D 3 4    
H 16 T 31 0 0 0 0 0 1 0    
J B 88 1158 1 82 6913 1728 0    
J N 8 1187 31 5 1 0 1 17
K 0 0 42    
K 0 -21 96    
K 0 0 60    
K 0 32 60    
A D 2 4    
J N 7 1250 31 5 4609 1152 1 17    
K 0 0 43    
K 0 -21 96    
K 0 0 60    
K 0 32 60    
A D 1 4    
H 17 S 0 0 -21 0 -21 0 0 0 3
J B 89 1291 1 82 6913 576 0    
J N 8 1320 31 5 1 0 1 18
K 0 0 42    
K 0 -21 96    
K 0 0 60    
K 0 32 60    
A D 2 4    
J N 7 1383 31 5 4609 1152 1 18    
K 0 0 43    
K 0 -21 96    
K 0 0 60    
K 0 32 60    
A D 1 4    
H 18 S 0 0 -21 0 -21 0 0 0 3
J B 90 1424 1 82 6913 576 0    
J N 8 1453 31 5 1 0 1 19
K 0 0 42    
K 0 -21 96    
K 0 0 60    
K 0 32 60    
A D 2 4    
J N 7 1516 31 5 4609 1152 1 19    
K 0 0 43    
K 0 -21 96    
K 0 0 60    
K 0 32 60    
A D 1 4    
H 19 S 0 0 -21 0 -21 0 0 0 3
J B 91 1557 1 82 6913 576 0    
J N 8 1586 31 5 1 0 1 20
K 0 0 42    
K 0 -21 96    
K 0 0 60    
K 0 32 60    
A D 2 4    
J N 7 1649 31 5 4609 1152 1 20    
K 0 0 43    
K 0 -21 96    
K 0 0 60    
K 0 32 60    
A D 1 4    
H 20 S 0 0 -21 0 -21 0 0 0 3
J B 92 1690 1 82 6913 576 0    
J D 0 1726 0 1 1 0 0
W 0 -42 32 1.    
J N 8 1716 52 5 1 0 1 21
K 0 0 42    
K 38 0 44    
K 0 0 59    
K 0 -31 59    
A D 3 4    
J B 93 1797 1 82 6913 1728 0    
J D 0 1833 0 1 1 0 0
W 0 -42 32 2.    
J N 8 1823 52 5 1 0 2 22 21
K 0 0 42    
K 38 0 44    
K 0 0 59    
K 0 -31 59    
A D 3 4    
H 21 T 52 0 0 0 0 0 9 0    
J B 94 1904 1 82 6913 1728 0    
J D 0 1940 0 1 1 0 0
W 0 -42 32 3.    
J N 8 1930 52 5 1 0 2 23 22
K 0 0 42    
K 38 0 44    
K 0 0 59    
K 0 -31 59    
A D 3 4    
H 22 T 52 0 0 0 0 0 9 0    
J B 95 2011 1 82 6913 1728 0    
J D 0 2047 0 1 1 0 0
W 0 -42 32 4.    
J N 8 2037 52 5 1 0 1 23
K 0 0 42    
K 38 0 44    
K 0 0 59    
K 0 -31 59    
A D 3 4    
H 23 T 52 0 0 0 0 0 9 0    
J B 96 2118 1 82 6913 1728 0    
J N 8 2147 42 5 1 0 1 24
K 0 0 42    
K 0 -32 96    
K 0 0 60    
K 0 31 60    
A D 2 4    
J N 7 2209 42 5 4609 1152 1 24    
K 0 0 43    
K 0 -32 96    
K 0 0 60    
K 0 31 60    
A D 1 4    
H 24 S 0 0 -31 0 -31 0 0 0 3
J B 97 2250 1 82 6913 576 0    
E *    
B 1 194 0    
B 1 327 0    
B 1 460 0    
B 1 593 0    
B 1 726 0    
B 1 834 0    
B 1 942 0    
B 1 1050 0    
B 1 1158 0    
B 1 1291 0    
B 1 1424 0    
B 1 1557 0    
B 1 1690 0    
B 1 1797 0    
B 1 1904 0    
B 1 2011 0    
B 1 2118 0    
B 1 2250 0    
S 0 100 2280 2250 84 1 "(.)"    
L 0 0 -60 250 250 * 0 21 0    
J C 4 7 63 2 6913 0 0    
K 0 0 33    
K 0 0 34    
J K 0 85 0 0 6913 0 0    
J D 0 -16 -21 1 6913 0 0    
W 0 0 37 \09\07    
J N 8 151 31 5 1 0 0    
K 0 0 42    
K 38 0 44    
K 0 0 60    
K 0 32 60    
A D 3 4    
J B 98 240 1 82 6913 1728 0
J N 8 263 0 5 1 0 1 25
K 0 0 42    
K 0 -26 96    
K 0 0 60    
K 0 31 60    
A D 2 4    
J N 7 333 0 5 4609 1152 1 25
K 0 0 43    
K 0 -26 96    
K 0 0 60    
K 0 31 60    
A D 1 4    
H 25 S 0 0 -21 0 -21 0 0 0 3
J B 99 380 1 82 6913 576 0
J N 8 409 10 4 1 0 1 26
K 0 0 42    
K 0 0 60    
K 0 32 60    
A D 2 4    
J N 7 479 31 4 4609 1152 1 26
K 0 0 43    
K 0 0 60    
K 0 32 60    
A D 1 4    
H 26 S 0 0 0 0 0 0 0 0 0    
J B 100 526 1 82 6913 576 0
J N 8 555 42 5 1 0 1 27
K 0 0 42    
K 0 -32 96    
K 0 0 60    
K 0 31 60    
A D 2 4    
J N 7 625 42 5 4609 1152 1 27
K 0 0 43    
K 0 -32 96    
K 0 0 60    
K 0 31 60    
A D 1 4    
H 27 S 0 0 -31 0 -31 0 0 0 3
J B 101 672 1 82 6913 576 0
J N 8 701 31 5 1 0 1 28
K 0 0 42    
K 0 -21 96    
K 0 0 60    
K 0 32 60    
A D 2 4    
J N 7 771 31 5 4609 1152 1 28
K 0 0 43    
K 0 -21 96    
K 0 0 60    
K 0 32 60    
A D 1 4    
H 28 S 0 0 -21 0 -21 0 0 0 3
J B 102 818 1 82 6913 576 0
J N 8 847 31 7 1 0 1 29
K 0 0 42    
K 38 0 44    
K -8 109 111    
K 10 109 110    
K 0 0 60    
K 0 32 60    
A D 3 4    
J B 103 945 1 82 6913 1728 0
J N 7 971 42 4 1 0 1 29
K 0 0 43    
K 0 0 60    
K 0 31 60    
A D 1 4    
H 29 S 0 0 0 0 0 0 0 0 0    
J R 7 1027 42 2 3457 576 0
K 0 0 48    
A D 1 4    
J B 0 1102 10 6 6913 576 0
K -34 31 44    
K -34 52 44    
K -19 0 84    
K 0 0 84    
K 18 31 44    
K 18 52 44    
J R 7 1152 42 2 1 0 0
K 0 0 48    
A D 1 4    
J B 104 1199 1 82 6913 576 0
J S 4 1271 31 8 8 576 0
K 0 0 62    
K 0 5 62    
K 126 11 92
K 105 11 92
K 84 11 92
K 63 11 92
K 42 11 92
K 21 11 92
K 0 11 92
K 0 11 92    
K 156 0 62
K 156 5 62
K 64 9 79
J B 112 1487 1 82 6913 1 0
J S 4 1571 31 8 8 0 0
K -2 0 62
K -2 5 62
K 124 11 92
K 103 11 92
K 82 11 92
K 61 11 92
K 40 11 92
K 19 11 92
K -2 11 92
K 0 11 92    
K 154 0 62
K 154 5 62
K 63 9 79
J B 120 1794 1 82 6913 1 0    
J R 9 1864 42 46 1 10000 0    
J B 121 1976 1 82 6913 1728 0    
J R 7 2008 21 2 1 0 0    
K 0 0 176    
A D 1 4    
J R 9 2032 105 2 1 10000 0    
K 0 0 46    
A D 3 4    
J R 7 2055 21 2 2305 576 0    
K 0 0 176    
A D 1 4    
J D 0 2059 0 1 4609 576 0    
W 0 -31 32 Clar    
J N 7 2090 63 4 4609 0 0    
K 0 0 171    
K 0 0 187    
K 0 -21 187    
A D 1 4    
J B 122 2131 1 82 6913 576 0    
J N 8 2163 10 6 1 0 0    
K 0 0 170    
K 0 21 170    
K 0 21 187    
K 0 0 187    
K 0 -10 187    
A D 2 4    
J R 9 2169 105 2 1 10000 0    
K 0 0 46    
A D 3 4    
J N 7 2209 10 6 4609 1152 0    
K 0 0 171    
K 0 21 171    
K 0 21 187    
K 0 0 187    
K 0 -10 187    
A D 1 4    
J B 123 2250 1 82 6913 576 0    
E *    
B 1 240 0
B 1 380 0
B 1 526 0
B 1 672 0
B 1 818 0
B 1 945 0
B 10 1102 0
B 1 1199 0
B 1 1487 0
B 1 1794 0    
B 1 1976 0    
B 1 2131 0    
B 1 2250 0    
S 0 100 2595 2250 84 1 "(.)"    
L 0 0 -60 250 250 * 0 21 0    
J C 4 7 63 2 6913 0 0    
K 0 0 33    
K 0 0 34    
J K 0 85 0 0 6913 0 0    
J D 0 -39 -21 1 6913 0 0    
W 0 0 37 \01\02\03    
J N 8 151 10 6 1 0 0    
K 0 0 170    
K 0 21 170    
K 0 21 187    
K 0 0 187    
K 0 -10 187    
A D 2 4    
J R 9 175 105 2 1 10000 0    
K 0 0 46    
A D 3 4    
J N 7 219 10 6 4609 1152 0    
K 0 0 171    
K 0 21 171    
K 0 21 187    
K 0 0 187    
K 0 -10 187    
A D 1 4    
J B 124 274 1 82 6913 576 0    
J S 0 303 132 108 1 0 1 30
J N 8 303 10 5 1 0 1 31
K 0 0 42    
K 0 -26 96    
K 0 0 60    
K 0 32 60    
A D 2 4    
J N 7 377 10 5 4609 1152 1 31
K 0 0 43    
K 0 -26 96    
K 0 0 60    
K 0 32 60    
A D 1 4    
H 31 S 0 0 -21 0 -21 0 0 0 3
J B 125 429 1 82 6913 576 0    
J N 8 458 10 5 1 0 1 32
K 0 0 42    
K 0 -26 96    
K 0 0 60    
K 0 32 60    
A D 2 4    
J N 7 532 10 5 4609 1152 1 32
K 0 0 43    
K 0 -26 96    
K 0 0 60    
K 0 32 60    
A D 1 4    
H 32 S 0 0 -21 0 -21 0 0 0 3
J M 0 581 0 0 6913 576 1 30
H 30 W 0 31 52 132 -21 132    
J B 126 584 1 82 6913 0 0    
J N 8 613 10 6 1 0 0
K 0 0 42    
K -8 122 110    
K 17 122 110    
K 0 0 60    
K 0 32 60    
A D 2 4    
J N 7 687 10 5 4609 1152 0
K 0 0 43    
K 0 -26 96    
K 0 0 60    
K 0 32 60    
A D 1 4    
J B 127 739 1 82 6913 576 0    
J N 8 768 0 7 1 0 1 33
K 0 0 42    
K 36 -9 44    
K -8 132 111    
K 10 132 110    
K 0 0 60    
K 0 31 60    
A D 3 4    
J B 128 852 1 82 6913 1728 0    
J N 8 887 10 4 1 0 1 33
K 0 0 42    
K 0 0 60    
K 0 32 60    
A D 2 4    
H 33 S 0 0 0 0 0 0 0 0 0    
J N 7 955 10 5 4609 1152 0
K 0 0 43    
K 0 -26 96    
K 0 0 60    
K 0 32 60    
A D 1 4    
J B 129 1007 1 82 6913 576 0    
J N 8 1039 0 7 1 0 1 34    
K 0 0 42    
K 36 -9 44    
K -8 132 111    
K 10 132 110    
K 0 0 60    
K 0 31 60    
A D 3 4    
J B 130 1120 1 82 6913 1728 0    
J N 8 1149 10 4 1 0 1 34
K 0 0 42    
K 0 0 60    
K 0 32 60    
A D 2 4    
H 34 S 0 0 0 0 0 0 0 0 0    
J N 7 1222 10 5 4609 1152 0
K 0 0 43    
K 0 -26 96    
K 0 0 60    
K 0 32 60    
A D 1 4    
J B 131 1273 1 82 6913 576 0
J N 8 1304 0 7 1 0 1 35
K 0 0 42    
K 36 -9 44    
K -8 132 111    
K 10 132 110    
K 0 0 60    
K 0 31 60    
A D 3 4    
J B 132 1384 1 82 6913 1728 0
J N 8 1412 10 4 1 0 1 35
K 0 0 42    
K 0 0 60    
K 0 32 60    
A D 2 4    
H 35 S 0 0 0 0 0 0 0 0 0    
J N 7 1485 10 5 4609 1152 0
K 0 0 43    
K 0 -26 96    
K 0 0 60    
K 0 32 60    
A D 1 4    
J B 133 1536 1 82 6913 576 0
J N 8 1564 0 7 1 0 1 36
K 0 0 42    
K 36 -9 44    
K -8 132 111    
K 10 132 110    
K 0 0 60    
K 0 31 60    
A D 3 4    
J B 134 1647 1 82 6913 1728 0
J N 7 1672 10 5 1 0 1 36
K 0 0 43    
K 0 -26 96    
K 0 0 60    
K 0 32 60    
A D 1 4    
H 36 S 0 0 0 0 -21 0 0 0 0    
J N 8 1713 0 6 2305 576 1 37
K 0 0 42    
K -8 132 111    
K 10 132 110    
K 0 0 60    
K 0 31 60    
A D 2 4    
J B 135 1798 1 82 6913 1152 0
J N 7 1823 10 5 1 0 1 37
K 0 0 43    
K 0 -26 96    
K 0 0 60    
K 0 32 60    
A D 1 4    
H 37 S 0 0 0 0 -21 0 0 0 0    
J N 8 1867 0 6 2305 576 0
K 0 0 42    
K -8 132 111    
K 10 132 110    
K 0 0 60    
K 0 31 60    
A D 2 4    
J B 136 1949 1 82 6913 1152 0
J D 9 1897 0 1 1 0 0
W 0 205 36 Men. da capo.    
J N 8 1981 0 7 1 0 1 38
K 0 0 42    
K 36 -9 44    
K -8 132 111    
K 10 132 110    
K 0 0 60    
K 0 31 60    
A D 3 4    
J B 137 2077 1 82 6913 1728 0
J N 7 2109 10 4 1 0 1 38
K 0 0 43    
K 0 0 60    
K 0 32 60    
A D 1 4    
H 38 S 0 0 0 0 0 0 0 0 0    
J R 7 2163 42 2 3457 576 0
K 0 0 48    
A D 1 4    
J B 0 2250 6 4 6913 576 0    
K -35 31 44    
K -35 52 44    
K -20 0 82    
K -9 0 84    
E *    
B 1 274 0    
B 1 429 0    
B 1 584 0    
B 1 739 0    
B 1 852 0    
B 1 1007 0    
B 1 1120 0    
B 1 1273 0
B 1 1384 0
B 1 1536 0
B 1 1647 0
B 1 1798 0
B 1 1949 0
B 1 2077 0
B 6 2250 0    
