S 0 200 140 2050 1448 11 "[(....)][(..)](.)[({..}..)]"
L 0 0 0 315 315 * 0 14 0
J D 0 -108 42 1 6913 0 0
W 0 0 31 Fl 1-2
J C 4 5 42 2 6913 0 0
K 0 0 33
K 0 0 34
J K -1 57 0 1 6913 0 0
K 0 28 65
J D 0 -11 -14 1 6913 0 0
W 0 0 37 \02\04
J N 7 115 -14 12 1 0 1 22
K 0 0 45
K 0 -14 45
K 0 -14 43
K -1 -14 45
K 2 -14 45
K 0 0 43
K -1 0 45
K 2 0 45
K 0 -14 60
K 0 0 60
K 0 21 60
A D 6 24 0
A P 1 243 0
A P 2 232 0
J N 7 193 -7 9 1729 576 1 22
K 0 -7 45
K 0 -14 43
K 0 -7 45
K 1 -7 45
K 0 0 43
K 0 -14 60
K 0 0 60
K 0 21 60
A D 6 24 0
A P 1 237 0
A P 2 226 0
H 22 S 0 0 -14 0 -14 0 0 0 0
J N 7 271 -21 16 3457 576 0
K 0 7 45
K 0 -7 45
K 0 -21 45
K 0 -35 45
K 0 -35 43
K -1 -35 45
K 2 -35 45
K 0 0 43
K 0 7 45
K 1 7 45
K 0 -52 96
K 0 -35 60
K 0 -28 60
K 0 0 60
K 0 21 60
A D 6 24 0
A P 1 266 0
A P 2 237 0
J N 7 349 -14 16 5185 576 0
K 0 0 45
K 0 -14 45
K 0 -28 45
K 0 -42 45
K 0 -42 43
K -1 -42 45
K 2 -42 45
K 0 0 43
K -1 0 45
K 2 0 45
K 0 -59 96
K 0 -42 60
K 0 -28 60
K 0 0 60
K 0 21 60
A D 6 24 0
A P 1 266 0
A P 2 232 0
J B 25 433 1 82 6913 576 0
J N 7 454 -7 14 1 0 0
K 0 -7 45
K 0 -21 45
K 0 -35 45
K 0 -49 45
K 0 -49 43
K -1 -49 45
K 2 -49 45
K 0 0 43
K 0 -66 96
K 0 -49 60
K 0 -28 60
K 0 0 60
K 0 21 60
A D 6 24 0
A P 1 266 0
A P 2 226 0
J N 7 534 0 15 1729 576 0
K 0 -14 45
K 0 -28 45
K 0 -42 45
K -18 -49 63
K -18 0 63
K 0 -49 43
K 0 -42 45
K 1 -42 45
K 0 0 43
K 0 -66 96
K 0 -49 60
K 0 -28 60
K 0 0 60
K 0 21 60
A D 6 24 0
A P 1 261 0
A P 2 221 0
J N 7 615 -7 14 3457 576 0
K 0 -7 45
K 0 -21 45
K 0 -35 45
K 0 -49 45
K 0 -49 43
K -1 -49 45
K 2 -49 45
K 0 0 43
K 0 -66 96
K 0 -49 60
K 0 -28 60
K 0 0 60
K 0 21 60
A D 6 24 0
A P 1 266 0
A P 2 226 0
J N 7 696 -14 16 5185 576 0
K 0 0 45
K 0 -14 45
K 0 -28 45
K 0 -42 45
K 0 -49 43
K 0 -42 45
K 1 -42 45
K 0 0 43
K -1 0 45
K 2 0 45
K 0 -66 96
K 0 -49 60
K 0 -28 60
K 0 0 60
K 0 21 60
A D 6 24 0
A P 1 272 0
A P 2 232 0
J B 26 782 1 82 6913 576 0
J N 7 803 -21 8 1 0 0
K 1 7 45
K 0 0 43
K 0 7 45
K 1 7 45
K 7 -45 96
K 0 0 59
K 0 -7 59
A D 6 24 0
A P 1 237 0
J N 7 803 -21 7 1 0 0
K 0 7 45
K 0 0 43
K 0 7 45
K 1 7 45
K 0 0 60
K 0 21 60
A D 6 24 0
A P 2 237 0
J N 7 884 -28 15 1729 576 0
K 0 14 45
K 0 0 45
K 0 -14 45
K 0 -28 45
K 0 -28 43
K -1 -28 45
K 2 -28 45
K 0 0 43
K -1 0 45
K 2 0 45
K 0 -45 96
K 0 -28 60
K 0 0 60
K 0 28 60
A D 6 24 0
A P 1 266 0
A P 2 243 0
J N 7 965 -28 16 3457 576 0
K 0 14 45
K 0 0 45
K 0 -14 45
K 0 -28 45
K 0 -35 43
K 0 -28 45
K 1 -28 45
K 0 0 43
K -1 0 45
K 2 0 45
K 0 -52 96
K 0 -35 60
K 0 -28 60
K 0 0 60
K 0 28 60
A D 6 24 0
A P 1 272 0
A P 2 243 0
J N 7 1046 -35 16 5185 576 0
K 0 21 45
K 0 7 45
K 0 -7 45
K -14 -14 64
K 0 -14 43
K 0 -7 45
K 1 -7 45
K 0 0 43
K 0 7 45
K 1 7 45
K 0 -31 96
K 0 -14 60
K 0 0 60
K 0 28 60
K 0 35 60
A D 6 24 0
A P 1 260 0
A P 2 249 0
J B 27 1132 1 82 6913 576 0
J N 7 1162 -35 8 1 0 0
K 1 21 45
K 1 7 45
K 0 0 43
K 0 7 45
K 1 7 45
K 0 0 59
K 0 -7 59
A D 6 24 0
A P 1 249 0
J N 7 1162 -35 9 1 0 0
K 0 21 45
K 0 7 45
K 0 0 43
K 0 7 45
K 1 7 45
K 0 0 60
K 0 28 60
K 0 35 60
A D 6 24 0
A P 2 249 0
J N 7 1243 -35 15 1729 576 0
K 0 21 45
K 0 7 45
K 0 -7 45
K 0 -21 45
K 0 -21 43
K -1 -21 45
K 2 -21 45
K 0 0 43
K 0 7 45
K 1 7 45
K 0 -21 60
K 0 0 60
K 0 28 60
K 0 35 60
A D 6 24 0
A P 1 266 0
A P 2 249 0
J N 7 1324 -28 13 3457 576 0
K 0 14 45
K 0 0 45
K 0 -14 45
K 0 -14 43
K -1 -14 45
K 2 -14 45
K 0 0 43
K -1 0 45
K 2 0 45
K 0 -14 60
K 0 0 60
K 0 28 60
A D 6 24 0
A P 1 255 0
A P 2 243 0
J N 7 1405 -28 13 5185 576 0
K 0 14 45
K 0 0 45
K 0 -14 45
K 0 -14 43
K -1 -14 45
K 2 -14 45
K 0 0 43
K -1 0 45
K 2 0 45
K 0 -14 60
K 0 0 60
K 0 28 60
A D 6 24 0
A P 1 255 0
A P 2 243 0
J B 28 1491 1 82 6913 576 0
J N 7 1512 -28 13 1 0 0
K 0 14 45
K 0 0 45
K 0 -14 45
K 0 -21 43
K 0 -14 45
K 1 -14 45
K 0 0 43
K -1 0 45
K 2 0 45
K 0 -21 60
K 0 0 60
K 0 28 60
A D 6 24 0
A P 1 260 0
A P 2 243 0
J R 7 1552 28 2 1729 576 0
K 0 0 48
A D 6 24 1
A P 1 0 1
J R 8 1592 28 2 3457 576 0
K 0 0 47
A D 12 24 0
A P 1 0 0
J B 29 1759 1 82 6913 1152 0
J N 7 1789 -28 13 1 0 0
K 0 14 45
K 0 0 45
K 0 -14 45
K 0 -21 43
K 0 -14 45
K 1 -14 45
K 0 0 43
K -1 0 45
K 2 0 45
K 0 -21 60
K 0 0 60
K 0 28 60
A D 6 24 0
A P 1 260 0
A P 2 243 0
J R 7 1829 28 2 1729 576 0
K 0 0 48
A D 6 24 1
A P 1 0 1
J R 8 1869 28 2 3457 576 0
K 0 0 47
A D 12 24 0
A P 1 0 0
J B 30 2050 1 82 6913 1152 0
E *
L 132 0 0 315 315 * 0 14 0
J D 0 -119 42 1 6913 0 0
W 0 0 31 Ob 1-2
J C 4 5 42 2 6913 0 0
K 0 0 33
K 0 0 34
J K -1 57 0 1 6913 0 0
K 0 28 65
J D 0 -11 -14 1 6913 0 0
W 0 0 0 \02\04
J N 7 115 -14 12 1 0 1 22
K 0 0 45
K 0 -14 45
K 0 -14 43
K -1 -14 45
K 2 -14 45
K 0 0 43
K -1 0 45
K 2 0 45
K 0 -14 60
K 0 0 60
K 0 21 60
A D 6 24 0
A P 1 243 0
A P 2 232 0
J N 7 193 -7 9 1729 576 1 22
K 0 -7 45
K 0 -14 43
K 0 -7 45
K 1 -7 45
K 0 0 43
K 0 -14 60
K 0 0 60
K 0 21 60
A D 6 24 0
A P 1 237 0
A P 2 226 0
H 22 S 0 0 -14 0 -14 0 0 0 0
J N 7 271 28 11 3457 576 0
K 0 -42 45
K 0 -49 43
K 0 -42 45
K 1 -42 45
K 0 0 43
K 0 -66 96
K 0 -49 60
K 0 -28 60
K 0 0 60
K 0 21 60
A D 6 24 0
A P 1 237 0
A P 2 197 0
J N 7 349 35 11 5185 576 0
K 0 -49 45
K 0 -49 43
K -1 -49 45
K 2 -49 45
K 0 0 43
K 0 -66 96
K 0 -49 60
K 0 -28 60
K 0 0 60
K 0 14 60
A D 6 24 0
A P 1 232 0
A P 2 192 0
J B 25 433 1 82 6913 576 0
J N 7 454 42 8 1 0 0
K 0 -49 43
K 0 0 43
K 0 -66 96
K 0 -49 60
K 0 -28 60
K 0 0 60
K 0 14 60
A D 6 24 0
A P 1 226 0
A P 2 186 0
J N 7 534 49 10 1729 576 0
K -18 -49 63
K -18 0 63
K 0 -49 43
K 0 0 43
K 0 -66 96
K 0 -49 60
K 0 -28 60
K 0 0 60
K 0 14 60
A D 6 24 0
A P 1 221 0
A P 2 181 0
J N 7 615 42 8 3457 576 0
K 0 -49 43
K 0 0 43
K 0 -66 96
K 0 -49 60
K 0 -28 60
K 0 0 60
K 0 14 60
A D 6 24 0
A P 1 226 0
A P 2 186 0
J N 7 696 35 11 5185 576 0
K 0 -49 45
K 0 -49 43
K -1 -49 45
K 2 -49 45
K 0 0 43
K 0 -66 96
K 0 -49 60
K 0 -28 60
K 0 0 60
K 0 14 60
A D 6 24 0
A P 1 232 0
A P 2 192 0
J B 26 782 1 82 6913 576 0
J N 7 803 28 11 1 0 0
K 0 -42 45
K 0 -49 43
K 0 -42 45
K 1 -42 45
K 0 0 43
K 0 -66 96
K 0 -49 60
K 0 -28 60
K 0 0 60
K 0 21 60
A D 6 24 0
A P 1 237 0
A P 2 197 0
J N 7 884 21 7 1729 576 0
K 0 -28 43
K 0 0 43
K 0 -45 96
K 0 -28 60
K 0 0 60
K 0 21 60
A D 6 24 0
A P 1 226 0
A P 2 203 0
J N 7 965 21 11 3457 576 0
K 0 -35 45
K 0 -35 43
K -1 -35 45
K 2 -35 45
K 0 0 43
K 0 -52 96
K 0 -35 60
K 0 -28 60
K 0 0 60
K 0 21 60
A D 6 24 0
A P 1 232 0
A P 2 203 0
J N 7 1046 14 8 5185 576 0
K -14 -14 64
K 0 -14 43
K 0 0 43
K 0 -31 96
K 0 -14 60
K 0 0 60
K 0 21 60
A D 6 24 0
A P 1 220 0
A P 2 209 0
J B 27 1132 1 82 6913 576 0
J N 7 1162 14 10 1 0 0
K 0 -28 45
K 0 -35 43
K 0 -28 45
K 1 -28 45
K 0 0 43
K 0 -35 60
K 0 -28 60
K 0 0 60
K 0 21 60
A D 6 24 0
A P 1 237 0
A P 2 209 0
J N 7 1243 14 10 1729 576 0
K 0 -28 45
K 0 -35 43
K 0 -28 45
K 1 -28 45
K 0 0 43
K 0 -35 60
K 0 -28 60
K 0 0 60
K 0 21 60
A D 6 24 0
A P 1 237 0
A P 2 209 0
J N 7 1324 7 6 3457 576 0
K 0 -14 43
K 0 0 43
K 0 -14 60
K 0 0 60
K 0 21 60
A D 6 24 0
A P 1 226 0
A P 2 215 0
J N 7 1405 7 6 5185 576 0
K 0 -14 43
K 0 0 43
K 0 -14 60
K 0 0 60
K 0 21 60
A D 6 24 0
A P 1 226 0
A P 2 215 0
J B 28 1491 1 82 6913 576 0
J N 7 1512 0 9 1 0 0
K 0 -14 45
K 0 -14 43
K -1 -14 45
K 2 -14 45
K 0 0 43
K 0 -14 60
K 0 0 60
K 0 21 60
A D 6 24 0
A P 1 232 0
A P 2 220 0
J R 7 1552 28 2 1729 576 0
K 0 0 48
A D 6 24 1
A P 1 0 1
J R 8 1592 28 2 3457 576 0
K 0 0 47
A D 12 24 0
A P 1 0 0
J B 29 1759 1 82 6913 1152 0
J N 7 1789 21 6 1 0 0
K 0 -21 43
K 0 0 43
K 0 -21 60
K 0 0 60
K 0 21 60
A D 6 24 0
A P 1 220 0
A P 2 203 0
J R 7 1829 28 2 1729 576 0
K 0 0 48
A D 6 24 1
A P 1 0 1
J R 8 1869 28 2 3457 576 0
K 0 0 47
A D 12 24 0
A P 1 0 0
J B 30 2050 1 82 6913 1152 0
E *
L 264 0 0 315 315 * 0 14 0
J D 0 -110 42 1 6913 0 0
W 0 -21 31 Cl 1-2
J D 0 -110 42 1 6913 0 0
W 0 21 31 (B\0.)
J C 4 5 42 2 6913 0 0
K 0 0 33
K 0 0 34
J K 1 57 0 1 6913 0 0
K 0 0 63
J D 0 -11 -14 1 6913 0 0
W 0 0 0 \02\04
J N 7 115 28 6 1 0 1 18
K 0 -14 43
K 0 0 43
K 0 -14 60
K 0 0 60
K 0 21 60
A D 6 24 0
A P 1 209 0
A P 2 198 0
J N 7 193 35 6 1729 576 1 18
K 0 -14 43
K 0 0 43
K 0 -14 60
K 0 0 60
K 0 14 60
A D 6 24 0
A P 1 203 0
A P 2 192 0
H 18 S 0 0 -14 0 -14 0 0 0 0
J N 7 271 21 5 3457 576 0
K 0 0 43
K 7 -52 96
K 0 0 59
K 0 -14 59
A D 6 24 0
A P 1 203 0
J N 7 271 21 4 3457 0 0
K 0 0 43
K 0 0 60
K 0 21 60
A D 6 24 0
A P 2 203 0
J N 7 349 28 5 5185 576 0
K 0 0 43
K 7 -52 96
K 0 0 59
K 0 -14 59
A D 6 24 0
A P 1 198 0
J N 7 349 28 4 5185 0 0
K 0 0 43
K 0 0 60
K 0 21 60
A D 6 24 0
A P 2 198 0
J B 25 433 1 82 6913 576 0
J N 7 454 35 5 1 0 0
K 0 0 43
K 7 -59 96
K 0 0 59
K 0 -21 59
A D 6 24 0
A P 1 192 0
J N 7 454 35 4 1 0 0
K 0 0 43
K 0 0 60
K 0 14 60
A D 6 24 0
A P 2 192 0
J N 7 534 42 6 1729 576 0
K -18 0 63
K 0 0 43
K 7 -59 96
K 0 0 59
K 0 -21 59
A D 6 24 0
A P 1 187 0
J N 7 534 42 4 1729 0 0
K 0 0 43
K 0 0 60
K 0 14 60
A D 6 24 0
A P 2 187 0
J N 7 615 35 5 3457 576 0
K 0 0 43
K 7 -59 96
K 0 0 59
K 0 -21 59
A D 6 24 0
A P 1 192 0
J N 7 615 35 4 3457 0 0
K 0 0 43
K 0 0 60
K 0 14 60
A D 6 24 0
A P 2 192 0
J N 7 696 28 5 5185 576 0
K 0 0 43
K 7 -52 96
K 0 0 59
K 0 -14 59
A D 6 24 0
A P 1 198 0
J N 7 696 28 4 5185 0 0
K 0 0 43
K 0 0 60
K 0 21 60
A D 6 24 0
A P 2 198 0
J B 26 782 1 82 6913 576 0
J N 7 803 21 5 1 0 0
K 0 0 43
K 7 -52 96
K 0 0 59
K 0 -14 59
A D 6 24 0
A P 1 203 0
J N 7 803 21 4 1 0 0
K 0 0 43
K 0 0 60
K 0 21 60
A D 6 24 0
A P 2 203 0
J N 7 884 35 5 1729 576 0
K 0 0 43
K 7 -59 96
K 0 0 59
K 0 -21 59
A D 6 24 0
A P 1 192 0
J N 7 884 35 4 1729 0 0
K 0 0 43
K 0 0 60
K 0 14 60
A D 6 24 0
A P 2 192 0
J N 7 965 28 5 3457 576 0
K 0 0 43
K 7 -52 96
K 0 0 59
K 0 -14 59
A D 6 24 0
A P 1 198 0
J N 7 965 28 4 3457 0 0
K 0 0 43
K 0 0 60
K 0 21 60
A D 6 24 0
A P 2 198 0
J N 7 1046 28 5 5185 576 0
K 0 0 43
K 7 -52 96
K 0 0 59
K 0 -14 59
A D 6 24 0
A P 1 198 0
J N 7 1046 42 5 5185 0 0
K -14 0 64
K 0 0 43
K 0 0 60
K 0 14 60
A D 6 24 0
A P 2 186 0
J B 27 1132 1 82 6913 576 0
J N 7 1162 21 6 1 0 0
K 0 -14 43
K 0 0 43
K 0 -14 60
K 0 0 60
K 0 21 60
A D 6 24 0
A P 1 215 0
A P 2 203 0
J N 7 1243 21 10 1729 576 0
K 0 -35 45
K 0 -35 43
K -1 -35 45
K 2 -35 45
K 0 0 43
K 0 -35 60
K 0 -28 60
K 0 0 60
K 0 21 60
A D 6 24 0
A P 1 232 0
A P 2 203 0
J N 7 1324 35 7 3457 576 0
K 0 -35 43
K 0 0 43
K 0 -35 60
K 0 -28 60
K 0 0 60
K 0 14 60
A D 6 24 0
A P 1 221 0
A P 2 192 0
J N 7 1405 35 7 5185 576 0
K 0 -35 43
K 0 0 43
K 0 -35 60
K 0 -28 60
K 0 0 60
K 0 14 60
A D 6 24 0
A P 1 221 0
A P 2 192 0
J B 28 1491 1 82 6913 576 0
J N 7 1512 28 7 1 0 0
K 0 -35 43
K 0 0 43
K 0 -35 60
K 0 -28 60
K 0 0 60
K 0 21 60
A D 6 24 0
A P 1 226 0
A P 2 198 0
J R 7 1552 28 2 1729 576 0
K 0 0 48
A D 6 24 1
A P 1 0 1
J R 8 1592 28 2 3457 576 0
K 0 0 47
A D 12 24 0
A P 1 0 0
J B 29 1759 1 82 6913 1152 0
J N 7 1789 28 7 1 0 0
K 0 -35 43
K 0 0 43
K 0 -35 60
K 0 -28 60
K 0 0 60
K 0 21 60
A D 6 24 0
A P 1 226 0
A P 2 198 0
J R 7 1829 28 2 1729 576 0
K 0 0 48
A D 6 24 1
A P 1 0 1
J R 8 1869 28 2 3457 576 0
K 0 0 47
A D 12 24 0
A P 1 0 0
J B 30 2050 1 82 6913 1152 0
E *
L 396 0 0 315 315 * 0 14 0
J D 0 -130 42 1 6913 0 0
W 0 0 31 Fag 1-2
J C 22 5 14 36 6913 0 0
J K -1 57 0 1 6913 0 0
K 0 42 65
J D 0 -11 -14 1 6913 0 0
W 0 0 0 \02\04
J N 7 115 0 9 1 0 1 18
K 0 -14 45
K 0 -14 43
K -1 -14 45
K 2 -14 45
K 0 0 43
K 0 -14 60
K 0 0 60
K 0 21 60
A D 6 24 0
A P 1 163 0
A P 2 152 0
J N 7 193 7 6 1729 576 1 18
K 0 -14 43
K 0 0 43
K 0 -14 60
K 0 0 60
K 0 21 60
A D 6 24 0
A P 1 157 0
A P 2 146 0
H 18 S 0 0 -14 0 -14 0 0 0 0
J N 7 271 -7 5 3457 576 0
K 0 0 43
K 7 -52 96
K 0 0 59
K 0 -14 59
A D 6 24 0
A P 1 157 0
J N 7 271 -7 4 3457 0 0
K 0 0 43
K 0 0 60
K 0 21 60
A D 6 24 0
A P 2 157 0
J N 7 349 0 5 5185 576 0
K 0 0 43
K 7 -52 96
K 0 0 59
K 0 -14 59
A D 6 24 0
A P 1 152 0
J N 7 349 0 4 5185 0 0
K 0 0 43
K 0 0 60
K 0 21 60
A D 6 24 0
A P 2 152 0
J B 25 433 1 82 6913 576 0
J N 7 454 7 5 1 0 0
K 0 0 43
K 7 -52 96
K 0 0 59
K 0 -14 59
A D 6 24 0
A P 1 146 0
J N 7 454 7 4 1 0 0
K 0 0 43
K 0 0 60
K 0 21 60
A D 6 24 0
A P 2 146 0
J N 7 534 0 10 1729 576 0
K 0 -14 45
K 0 -14 43
K -1 -14 45
K 2 -14 45
K 0 0 43
K 0 -31 96
K 0 -14 60
K 0 0 60
K 0 21 60
A D 6 24 0
A P 1 163 0
A P 2 152 0
J N 7 615 -7 10 3457 576 0
K 0 -7 45
K 0 -14 43
K 0 -7 45
K 1 -7 45
K 0 0 43
K 0 -31 96
K 0 -14 60
K 0 0 60
K 0 21 60
A D 6 24 0
A P 1 169 0
A P 2 157 0
J N 7 696 -14 13 5185 576 0
K 0 0 45
K 0 -14 45
K 0 -14 43
K -1 -14 45
K 2 -14 45
K 0 0 43
K -1 0 45
K 2 0 45
K 0 -31 96
K 0 -14 60
K 0 0 60
K 0 21 60
A D 6 24 0
A P 1 175 0
A P 2 163 0
J B 26 782 1 82 6913 576 0
J N 7 803 -21 13 1 0 0
K 0 7 45
K 0 -7 45
K 0 -14 43
K 0 -7 45
K 1 -7 45
K 0 0 43
K 0 7 45
K 1 7 45
K 0 -31 96
K 0 -14 60
K 0 0 60
K 0 21 60
A D 6 24 0
A P 1 180 0
A P 2 169 0
J N 7 884 21 7 1729 576 0
K 0 -14 43
K 0 0 43
K 0 -31 96
K 0 -14 60
K 0 0 60
K 0 21 60
A D 6 24 0
A P 1 146 0
A P 2 135 0
J N 7 965 14 7 3457 576 0
K 0 -14 43
K 0 0 43
K 0 -31 96
K 0 -14 60
K 0 0 60
K 0 21 60
A D 6 24 0
A P 1 152 0
A P 2 140 0
J N 7 1046 14 7 5185 576 0
K 0 -14 43
K 0 0 43
K 0 -31 96
K 0 -14 60
K 0 0 60
K 0 21 60
A D 6 24 0
A P 1 152 0
A P 2 140 0
J B 27 1132 1 82 6913 576 0
J N 7 1162 -7 9 1 0 0
K 0 -7 45
K 0 -14 43
K 0 -7 45
K 1 -7 45
K 0 0 43
K 0 -14 60
K 0 0 60
K 0 21 60
A D 6 24 0
A P 1 169 0
A P 2 157 0
J N 7 1243 -7 12 1729 576 0
K 0 -7 45
K 0 -21 45
K 0 -35 45
K 0 -35 43
K -1 -35 45
K 2 -35 45
K 0 0 43
K 0 -35 60
K 0 -28 60
K 0 0 60
K 0 21 60
A D 6 24 0
A P 1 186 0
A P 2 157 0
J N 7 1324 7 11 3457 576 0
K 0 -21 45
K 0 -35 45
K 0 -35 43
K -1 -35 45
K 2 -35 45
K 0 0 43
K 0 -35 60
K 0 -28 60
K 0 0 60
K 0 21 60
A D 6 24 0
A P 1 175 0
A P 2 146 0
J N 7 1405 7 11 5185 576 0
K 0 -21 45
K 0 -35 45
K 0 -35 43
K -1 -35 45
K 2 -35 45
K 0 0 43
K 0 -35 60
K 0 -28 60
K 0 0 60
K 0 21 60
A D 6 24 0
A P 1 175 0
A P 2 146 0
J B 28 1491 1 82 6913 576 0
J N 7 1512 0 11 1 0 0
K 0 -14 45
K 0 -28 45
K 0 -35 43
K 0 -28 45
K 1 -28 45
K 0 0 43
K 0 -35 60
K 0 -28 60
K 0 0 60
K 0 21 60
A D 6 24 0
A P 1 180 0
A P 2 152 0
J R 7 1552 28 2 1729 576 0
K 0 0 48
A D 6 24 1
A P 1 0 1
J R 8 1592 28 2 3457 576 0
K 0 0 47
A D 12 24 0
A P 1 0 0
J B 29 1759 1 82 6913 1152 0
J N 7 1789 14 5 1 0 0
K 0 0 43
K -17 0 43
K 0 0 60
K 0 21 60
A D 6 24 0
A P 1 140 0
A P 2 140 0
J R 7 1829 28 2 1729 576 0
K 0 0 48
A D 6 24 1
A P 1 0 1
J R 8 1869 28 2 3457 576 0
K 0 0 47
A D 12 24 0
A P 1 0 0
J B 30 2050 1 82 6913 1152 0
E *
L 551 0 0 315 315 * 0 14 0
J D 0 -130 42 1 6913 0 0
W 0 -21 31 Cor 1-2
J D 0 -130 42 1 6913 0 0
W 0 21 31 (F)
J C 4 5 42 2 6913 0 0
K 0 0 33
K 0 0 34
J K 0 57 0 0 6913 0 0
J D 0 -11 -14 1 6913 0 0
W 0 0 0 \02\04
J N 7 115 14 5 1 0 0
K 0 0 43
K 7 -52 96
K 0 0 59
K 0 -14 59
A D 6 24 0
A P 1 209 0
J N 7 115 14 4 1 0 0
K 0 0 43
K 0 0 60
K 0 21 60
A D 6 24 0
A P 2 209 0
J N 7 193 14 5 1729 576 0
K 0 0 43
K 7 -52 96
K 0 0 59
K 0 -14 59
A D 6 24 0
A P 1 209 0
J N 7 193 14 4 1729 0 0
K 0 0 43
K 0 0 60
K 0 21 60
A D 6 24 0
A P 2 209 0
J N 7 271 14 5 3457 576 0
K 0 0 43
K 7 -52 96
K 0 0 59
K 0 -14 59
A D 6 24 0
A P 1 209 0
J N 7 271 14 4 3457 0 0
K 0 0 43
K 0 0 60
K 0 21 60
A D 6 24 0
A P 2 209 0
J N 7 349 14 5 5185 576 0
K 0 0 43
K 7 -52 96
K 0 0 59
K 0 -14 59
A D 6 24 0
A P 1 209 0
J N 7 349 14 4 5185 0 0
K 0 0 43
K 0 0 60
K 0 21 60
A D 6 24 0
A P 2 209 0
J B 25 433 1 82 6913 576 0
J N 7 454 14 4 1 0 0
K 0 0 43
K 0 0 59
K 0 -14 59
A D 6 24 0
A P 1 209 0
J N 7 454 14 4 1 0 0
K 0 0 43
K 0 0 60
K 0 21 60
A D 6 24 0
A P 2 209 0
J R 7 534 28 2 1729 576 0
K 0 0 48
A D 6 24 1
A P 1 0 1
J R 7 615 28 2 3457 576 0
K 0 0 48
A D 6 24 0
A P 1 0 0
J N 7 696 7 7 5185 576 0
K 0 0 43
K 0 49 43
K 0 49 59
K 0 28 59
K 0 0 59
K 0 -14 59
A D 6 24 0
A P 1 215 0
A P 2 175 0
J B 26 782 1 82 6913 576 0
J N 7 803 21 10 1 0 0
K 1 49 45
K 0 0 43
K 0 49 43
K -1 49 45
K 2 49 45
K 0 49 59
K 0 28 59
K 0 0 59
K 0 -14 59
A D 6 24 0
A P 1 203 0
A P 2 163 0
J N 7 884 42 11 1729 576 0
K 1 28 45
K 1 42 45
K 0 0 43
K 0 49 43
K 0 42 45
K 1 42 45
K 0 49 59
K 0 28 59
K 0 0 59
K 0 -21 59
A D 6 24 0
A P 1 186 0
A P 2 146 0
J N 7 965 42 11 3457 576 0
K 1 28 45
K 1 42 45
K 0 0 43
K 0 49 43
K 0 42 45
K 1 42 45
K 0 49 59
K 0 28 59
K 0 0 59
K 0 -21 59
A D 6 24 0
A P 1 186 0
A P 2 146 0
J N 7 1046 21 6 5185 576 0
K 0 -14 43
K 0 0 43
K 0 -14 60
K 0 0 60
K 0 21 60
A D 6 24 0
A P 1 215 0
A P 2 203 0
J B 27 1132 1 82 6913 576 0
J N 7 1162 21 6 1 0 0
K 0 -7 43
K -17 0 43
K 0 -7 60
K 0 0 60
K 0 21 60
A D 6 24 0
A P 1 209 0
A P 2 203 0
J N 7 1243 21 6 1729 576 0
K 0 -7 43
K -17 0 43
K 0 -7 60
K 0 0 60
K 0 21 60
A D 6 24 0
A P 1 209 0
A P 2 203 0
J N 7 1324 42 6 3457 576 0
K 0 -28 43
K 0 0 43
K 0 -28 60
K 0 0 60
K 0 14 60
A D 6 24 0
A P 1 209 0
A P 2 186 0
J N 7 1405 42 6 5185 576 0
K 0 -28 43
K 0 0 43
K 0 -28 60
K 0 0 60
K 0 14 60
A D 6 24 0
A P 1 209 0
A P 2 186 0
J B 28 1491 1 82 6913 576 0
J N 7 1512 21 7 1 0 0
K 0 0 43
K 0 35 43
K 0 35 59
K 0 28 59
K 0 0 59
K 0 -14 59
A D 6 24 0
A P 1 203 0
A P 2 175 0
J R 7 1552 28 2 1729 576 0
K 0 0 48
A D 6 24 1
A P 1 0 1
J R 8 1592 28 2 3457 576 0
K 0 0 47
A D 12 24 0
A P 1 0 0
J B 29 1759 1 82 6913 1152 0
J N 7 1789 21 7 1 0 0
K 0 0 43
K 0 35 43
K 0 35 59
K 0 28 59
K 0 0 59
K 0 -14 59
A D 6 24 0
A P 1 203 0
A P 2 175 0
J R 7 1829 28 2 1729 576 0
K 0 0 48
A D 6 24 1
A P 1 0 1
J R 8 1869 28 2 3457 576 0
K 0 0 47
A D 12 24 0
A P 1 0 0
J B 30 2050 1 82 6913 1152 0
E *
L 696 0 0 315 315 * 0 14 0
J D 0 -111 42 1 6913 0 0
W 0 0 31 Tr 1-2
J C 4 5 42 2 6913 0 0
K 0 0 33
K 0 0 34
J K 0 57 0 0 6913 0 0
J D 0 -11 -14 1 6913 0 0
W 0 0 0 \02\04
J N 7 115 14 5 1 0 0
K 0 0 43
K 7 -52 96
K 0 0 59
K 0 -14 59
A D 6 24 0
A P 1 209 0
J N 7 115 14 4 1 0 0
K 0 0 43
K 0 0 60
K 0 21 60
A D 6 24 0
A P 2 209 0
J N 7 193 14 5 1729 576 0
K 0 0 43
K 7 -52 96
K 0 0 59
K 0 -14 59
A D 6 24 0
A P 1 209 0
J N 7 193 14 4 1729 0 0
K 0 0 43
K 0 0 60
K 0 21 60
A D 6 24 0
A P 2 209 0
J N 7 271 14 5 3457 576 0
K 0 0 43
K 7 -52 96
K 0 0 59
K 0 -14 59
A D 6 24 0
A P 1 209 0
J N 7 271 14 4 3457 0 0
K 0 0 43
K 0 0 60
K 0 21 60
A D 6 24 0
A P 2 209 0
J N 7 349 14 5 5185 576 0
K 0 0 43
K 7 -52 96
K 0 0 59
K 0 -14 59
A D 6 24 0
A P 1 209 0
J N 7 349 14 4 5185 0 0
K 0 0 43
K 0 0 60
K 0 21 60
A D 6 24 0
A P 2 209 0
J B 25 433 1 82 6913 576 0
J N 7 454 14 4 1 0 0
K 0 0 43
K 0 0 59
K 0 -14 59
A D 6 24 0
A P 1 209 0
J N 7 454 14 4 1 0 0
K 0 0 43
K 0 0 60
K 0 21 60
A D 6 24 0
A P 2 209 0
J R 7 534 28 2 1729 576 0
K 0 0 48
A D 6 24 1
A P 1 0 1
J R 7 615 28 2 3457 576 0
K 0 0 48
A D 6 24 0
A P 1 0 0
J N 7 696 7 7 5185 576 0
K 0 0 43
K 0 49 43
K 0 49 59
K 0 28 59
K 0 0 59
K 0 -14 59
A D 6 24 0
A P 1 215 0
A P 2 175 0
J B 26 782 1 82 6913 576 0
J N 7 803 21 10 1 0 0
K 1 49 45
K 0 0 43
K 0 49 43
K -1 49 45
K 2 49 45
K 0 49 59
K 0 28 59
K 0 0 59
K 0 -14 59
A D 6 24 0
A P 1 203 0
A P 2 163 0
J N 7 884 42 11 1729 576 0
K 1 28 45
K 1 42 45
K 0 0 43
K 0 49 43
K 0 42 45
K 1 42 45
K 0 49 59
K 0 28 59
K 0 0 59
K 0 -21 59
A D 6 24 0
A P 1 186 0
A P 2 146 0
J N 7 965 42 11 3457 576 0
K 1 28 45
K 1 42 45
K 0 0 43
K 0 49 43
K 0 42 45
K 1 42 45
K 0 49 59
K 0 28 59
K 0 0 59
K 0 -21 59
A D 6 24 0
A P 1 186 0
A P 2 146 0
J N 7 1046 21 10 5185 576 0
K 1 49 45
K 0 0 43
K 0 49 43
K -1 49 45
K 2 49 45
K 0 49 59
K 0 28 59
K 0 0 59
K 0 -14 59
A D 6 24 0
A P 1 203 0
A P 2 163 0
J B 27 1132 1 82 6913 576 0
J N 7 1162 21 10 1 0 0
K 1 49 45
K 0 0 43
K 0 49 43
K -1 49 45
K 2 49 45
K 0 49 59
K 0 28 59
K 0 0 59
K 0 -14 59
A D 6 24 0
A P 1 203 0
A P 2 163 0
J N 7 1243 21 10 1729 576 0
K 1 49 45
K 0 0 43
K 0 49 43
K -1 49 45
K 2 49 45
K 0 49 59
K 0 28 59
K 0 0 59
K 0 -14 59
A D 6 24 0
A P 1 203 0
A P 2 163 0
J N 7 1324 42 11 3457 576 0
K 1 28 45
K 1 42 45
K 0 0 43
K 0 49 43
K 0 42 45
K 1 42 45
K 0 49 59
K 0 28 59
K 0 0 59
K 0 -21 59
A D 6 24 0
A P 1 186 0
A P 2 146 0
J N 7 1405 42 11 5185 576 0
K 1 28 45
K 1 42 45
K 0 0 43
K 0 49 43
K 0 42 45
K 1 42 45
K 0 49 59
K 0 28 59
K 0 0 59
K 0 -21 59
A D 6 24 0
A P 1 186 0
A P 2 146 0
J B 28 1491 1 82 6913 576 0
J N 7 1512 70 7 1 0 0
K 1 0 45
K 0 0 43
K -1 0 45
K 2 0 45
K 0 0 59
K 0 -21 59
A D 6 24 0
A P 1 163 0
J N 7 1512 70 7 1 0 0
K 0 0 45
K 0 0 43
K -1 0 45
K 2 0 45
K 0 0 60
K 0 7 60
A D 6 24 0
A P 2 163 0
J R 7 1552 28 2 1729 576 0
K 0 0 48
A D 6 24 1
A P 1 0 1
J R 8 1592 28 2 3457 576 0
K 0 0 47
A D 12 24 0
A P 1 0 0
J B 29 1759 1 82 6913 1152 0
J N 7 1789 70 7 1 0 0
K 1 0 45
K 0 0 43
K -1 0 45
K 2 0 45
K 0 0 59
K 0 -21 59
A D 6 24 0
A P 1 163 0
J N 7 1789 70 7 1 0 0
K 0 0 45
K 0 0 43
K -1 0 45
K 2 0 45
K 0 0 60
K 0 7 60
A D 6 24 0
A P 2 163 0
J R 7 1829 28 2 1729 576 0
K 0 0 48
A D 6 24 1
A P 1 0 1
J R 8 1869 28 2 3457 576 0
K 0 0 47
A D 12 24 0
A P 1 0 0
J B 30 2050 1 82 6913 1152 0
E *
L 841 0 0 315 315 * 0 14 0
J D 0 -134 42 1 6913 0 0
W 0 -21 31 Timp.
J D 0 -134 42 1 6913 0 0
W 0 21 31 (F2-F3)
J C 22 5 14 36 6913 0 0
J K 0 57 0 0 6913 0 0
J D 0 -11 -14 1 6913 0 0
W 0 0 0 \02\04
J R 9 249 28 2 1 0 0
K 0 0 46
A D 24 24 0
A P 1 0 0
J B 25 433 1 82 6913 2304 0
J R 8 454 28 2 1 0 0
K 0 0 47
A D 12 24 1
A P 1 0 1
J R 7 615 28 2 3457 1152 0
K 0 0 48
A D 6 24 0
A P 1 0 0
J N 7 696 14 4 5185 576 0
K 0 0 43
K 0 0 60
K 0 21 60
A D 6 24 0
A P 1 140 0
J B 26 782 1 82 6913 576 0
J N 7 803 14 4 1 0 0
K 0 0 43
K 0 0 60
K 0 21 60
A D 6 24 0
A P 1 140 0
J R 7 884 28 2 1729 576 0
K 0 0 48
A D 6 24 0
A P 1 0 0
J N 7 965 14 4 3457 576 0
K 0 0 43
K 0 0 60
K 0 21 60
A D 6 24 0
A P 1 140 0
J N 7 1046 14 4 5185 576 0
K 0 0 43
K 0 0 60
K 0 21 60
A D 6 24 0
A P 1 140 0
J B 27 1132 1 82 6913 576 0
J N 7 1162 14 4 1 0 0
K 0 0 43
K 0 0 60
K 0 21 60
A D 6 24 0
A P 1 140 0
J N 7 1243 14 4 1729 576 0
K 0 0 43
K 0 0 60
K 0 21 60
A D 6 24 0
A P 1 140 0
J R 8 1324 28 2 3457 576 0
K 0 0 47
A D 12 24 0
A P 1 0 0
J B 28 1491 1 82 6913 1152 0
J N 7 1512 63 4 1 0 0
K 0 0 43
K 0 0 59
K 0 -21 59
A D 6 24 0
A P 1 100 0
J R 7 1552 28 2 1729 576 0
K 0 0 48
A D 6 24 1
A P 1 0 1
J R 8 1592 28 2 3457 576 0
K 0 0 47
A D 12 24 0
A P 1 0 0
J B 29 1759 1 82 6913 1152 0
J N 7 1789 63 4 1 0 0
K 0 0 43
K 0 0 59
K 0 -21 59
A D 6 24 0
A P 1 100 0
J R 7 1829 28 2 1729 576 0
K 0 0 48
A D 6 24 1
A P 1 0 1
J R 8 1869 28 2 3457 576 0
K 0 0 47
A D 12 24 0
A P 1 0 0
J B 30 2050 1 82 6913 1152 0
E *
L 993 0 0 315 315 * 0 14 0
J D 0 -119 42 1 6913 0 0
W 0 0 31 Vln 1
J C 4 5 42 2 6913 0 0
K 0 0 33
K 0 0 34
J K -1 57 0 1 6913 0 0
K 0 28 65
J D 0 -11 -14 1 6913 0 0
W 0 0 0 \02\04
J N 7 115 -28 8 1 0 1 64
K 0 14 45
K 0 0 45
K 0 0 43
K -1 0 45
K 2 0 45
K 0 0 60
K 0 28 60
A D 6 24 0
A P 3 243 0
J N 7 193 -21 7 1729 576 1 64
K 0 7 45
K 0 0 43
K 0 7 45
K 1 7 45
K 0 0 60
K 0 21 60
A D 6 24 0
A P 3 237 0
H 64 S 0 0 0 0 0 0 0 0 0
J N 7 271 -21 8 3457 576 0
K 0 7 45
K 0 0 43
K 0 7 45
K 1 7 45
K 0 -17 96
K 0 0 60
K 0 21 60
A D 6 24 0
A P 3 237 0
J N 7 349 -14 8 5185 576 0
K 0 0 45
K 0 0 43
K -1 0 45
K 2 0 45
K 0 -17 96
K 0 0 60
K 0 21 60
A D 6 24 0
A P 3 232 0
J B 25 433 1 82 6913 576 0
J N 7 454 -7 5 1 0 0
K 0 0 43
K 0 -17 96
K 0 0 60
K 0 21 60
A D 6 24 0
A P 3 226 0
J N 7 534 0 6 1729 576 0
K -18 0 63
K 0 0 43
K 0 -17 96
K 0 0 60
K 0 21 60
A D 6 24 0
A P 3 221 0
J N 7 615 -7 5 3457 576 0
K 0 0 43
K 0 -17 96
K 0 0 60
K 0 21 60
A D 6 24 0
A P 3 226 0
J N 7 696 -14 8 5185 576 0
K 0 0 45
K 0 0 43
K -1 0 45
K 2 0 45
K 0 -17 96
K 0 0 60
K 0 21 60
A D 6 24 0
A P 3 232 0
J B 26 782 1 82 6913 576 0
J N 7 803 -21 8 1 0 0
K 0 7 45
K 0 0 43
K 0 7 45
K 1 7 45
K 0 -17 96
K 0 0 60
K 0 21 60
A D 6 24 0
A P 3 237 0
J N 7 884 -7 5 1729 576 0
K 0 0 43
K 0 -17 96
K 0 0 60
K 0 21 60
A D 6 24 0
A P 3 226 0
J N 7 965 -14 8 3457 576 0
K 0 0 45
K 0 0 43
K -1 0 45
K 2 0 45
K 0 -17 96
K 0 0 60
K 0 21 60
A D 6 24 0
A P 3 232 0
J N 7 1046 0 6 5185 576 0
K -14 0 64
K 0 0 43
K 0 -17 96
K 0 0 60
K 0 21 60
A D 6 24 0
A P 3 220 0
J B 27 1132 1 82 6913 576 0
J N 7 1162 14 4 1 0 0
K 0 0 43
K 0 0 60
K 0 21 60
A D 6 24 0
A P 3 209 0
J N 7 1243 -7 4 1729 576 0
K 0 0 43
K 0 0 60
K 0 21 60
A D 6 24 0
A P 3 226 0
J N 7 1324 56 11 3457 576 0
K 1 14 45
K 1 28 45
K 0 0 43
K 0 35 43
K 0 28 45
K 1 28 45
K 0 35 59
K 0 28 59
K 0 0 59
K 0 -21 59
A D 6 24 0
A P 3 175 0
A P 3 146 0
J N 7 1405 7 4 5185 576 0
K 0 0 43
K 0 0 60
K 0 21 60
A D 6 24 0
A P 3 215 0
J B 28 1491 1 82 6913 576 0
J N 7 1512 0 4 1 0 0
K 0 0 43
K 0 0 60
K 0 21 60
A D 6 24 0
A P 3 220 0
J R 7 1552 28 2 1729 576 0
K 0 0 48
A D 6 24 0
A P 3 0 0
J N 6 1592 49 2 3457 576 1 65
K 0 0 43
A D 2 24 0
A P 3 180 0
J N 6 1619 49 2 4033 192 1 65
K 0 0 43
A D 2 24 0
A P 3 180 0
J N 6 1646 49 2 4609 192 1 65
K 0 0 43
A D 2 24 0
A P 3 180 0
H 65 B 49 0 108 3 2 1 3
J N 6 1673 49 2 5185 192 1 66
K 0 0 43
A D 2 24 0
A P 3 180 0
J N 6 1700 49 2 5761 192 1 66
K 0 0 43
A D 2 24 0
A P 3 180 0
J N 6 1727 49 2 6337 192 1 66
K 0 0 43
A D 2 24 0
A P 3 180 0
H 66 B 49 0 108 3 2 1 3
J B 29 1759 1 82 6913 192 0
J N 7 1789 49 4 1 0 0
K 0 0 43
K 0 0 59
K 0 -21 59
A D 6 24 0
A P 3 180 0
J R 7 1829 28 2 1729 576 0
K 0 0 48
A D 6 24 0
A P 3 0 0
J N 6 1869 49 2 3457 576 1 67
K 0 0 43
A D 2 24 0
A P 3 180 0
J N 6 1896 49 2 4033 192 1 67
K 0 0 43
A D 2 24 0
A P 3 180 0
J N 6 1923 49 2 4609 192 1 67
K 0 0 43
A D 2 24 0
A P 3 180 0
H 67 B 49 0 108 3 2 1 3
J N 6 1964 49 2 5185 192 1 68
K 0 0 43
A D 2 24 0
A P 3 180 0
J N 6 1991 49 2 5761 192 1 68
K 0 0 43
A D 2 24 0
A P 3 180 0
J N 6 2018 49 2 6337 192 1 68
K 0 0 43
A D 2 24 0
A P 3 180 0
H 68 B 49 0 108 3 2 1 3
J B 30 2050 1 82 6913 192 0
E *
L 1125 0 0 315 315 * 0 14 0
J D 0 -119 42 1 6913 0 0
W 0 0 31 Vln 2
J C 4 5 42 2 6913 0 0
K 0 0 33
K 0 0 34
J K -1 57 0 1 6913 0 0
K 0 28 65
J D 0 -11 -14 1 6913 0 0
W 0 0 0 \02\04
J N 6 115 77 5 1 0 1 92
K 1 -7 45
K 0 0 43
K 0 -7 45
K 1 -7 45
A D 2 24 0
A P 1 157 0
J N 6 141 77 5 577 192 1 92
K 1 -7 45
K 0 0 43
K 0 -7 45
K 1 -7 45
A D 2 24 0
A P 1 157 0
J N 6 167 77 5 1153 192 1 92
K 1 -7 45
K 0 0 43
K 0 -7 45
K 1 -7 45
A D 2 24 0
A P 1 157 0
H 92 B 49 0 108 3 2 1 3
J N 6 193 28 2 1729 192 1 93
K 0 0 43
A D 2 24 0
A P 1 197 0
J N 6 219 28 2 2305 192 1 93
K 0 0 43
A D 2 24 0
A P 1 197 0
J N 6 245 28 2 2881 192 1 93
K 0 0 43
A D 2 24 0
A P 1 197 0
H 93 B -42 0 108 3 2 1 3
J N 6 271 28 2 3457 192 1 94
K 0 0 43
A D 2 24 0
A P 1 197 0
J N 6 297 28 2 4033 192 1 94
K 0 0 43
A D 2 24 0
A P 1 197 0
J N 6 323 28 2 4609 192 1 94
K 0 0 43
A D 2 24 0
A P 1 197 0
H 94 B -42 0 108 3 2 1 3
J N 6 349 21 2 5185 192 1 95
K 0 0 43
A D 2 24 0
A P 1 203 0
J N 6 375 21 2 5761 192 1 95
K 0 0 43
A D 2 24 0
A P 1 203 0
J N 6 401 21 2 6337 192 1 95
K 0 0 43
A D 2 24 0
A P 1 203 0
H 95 B -42 0 108 3 2 1 3
J B 25 433 1 82 6913 192 0
J N 6 454 14 2 1 0 1 96
K 0 0 43
A D 2 24 0
A P 1 209 0
J N 6 480 63 2 577 192 1 96
K 0 0 43
A D 2 24 0
A P 1 169 0
J N 6 507 63 2 1153 192 1 96
K 0 0 43
A D 2 24 0
A P 1 169 0
H 96 B 42 12 108 3 2 1 3
J N 6 534 70 5 1729 192 1 97
K 1 0 45
K 0 0 43
K -1 0 45
K 2 0 45
A D 2 24 0
A P 1 163 0
J N 6 561 70 5 2305 192 1 97
K 1 0 45
K 0 0 43
K -1 0 45
K 2 0 45
A D 2 24 0
A P 1 163 0
J N 6 588 70 5 2881 192 1 97
K 1 0 45
K 0 0 43
K -1 0 45
K 2 0 45
A D 2 24 0
A P 1 163 0
H 97 B 46 0 108 3 2 1 3
J N 6 615 63 2 3457 192 1 98
K 0 0 43
A D 2 24 0
A P 1 169 0
J N 6 642 63 2 4033 192 1 98
K 0 0 43
A D 2 24 0
A P 1 169 0
J N 6 669 63 2 4609 192 1 98
K 0 0 43
A D 2 24 0
A P 1 169 0
H 98 B 49 0 108 3 2 1 3
J N 6 696 56 2 5185 192 1 99
K 0 0 43
A D 2 24 0
A P 1 175 0
J N 6 723 56 2 5761 192 1 99
K 0 0 43
A D 2 24 0
A P 1 175 0
J N 6 750 56 2 6337 192 1 99
K 0 0 43
A D 2 24 0
A P 1 175 0
H 99 B 46 0 108 3 2 1 3
J B 26 782 1 82 6913 192 0
J N 6 803 49 2 1 0 1 100
K 0 0 43
A D 2 24 0
A P 1 180 0
J N 6 830 49 2 577 192 1 100
K 0 0 43
A D 2 24 0
A P 1 180 0
J N 6 857 49 2 1153 192 1 100
K 0 0 43
A D 2 24 0
A P 1 180 0
H 100 B 49 0 108 3 2 1 3
J N 6 884 42 2 1729 192 1 101
K 0 0 43
A D 2 24 0
A P 1 186 0
J N 6 911 42 2 2305 192 1 101
K 0 0 43
A D 2 24 0
A P 1 186 0
J N 6 938 42 2 2881 192 1 101
K 0 0 43
A D 2 24 0
A P 1 186 0
H 101 B 46 0 108 3 2 1 3
J N 6 965 35 2 3457 192 1 102
K 0 0 43
A D 2 24 0
A P 1 192 0
J N 6 992 35 2 4033 192 1 102
K 0 0 43
A D 2 24 0
A P 1 192 0
J N 6 1019 35 2 4609 192 1 102
K 0 0 43
A D 2 24 0
A P 1 192 0
H 102 B 42 0 108 3 2 1 3
J N 6 1046 35 2 5185 192 1 103
K 0 0 43
A D 2 24 0
A P 1 192 0
J N 6 1073 35 2 5761 192 1 103
K 0 0 43
A D 2 24 0
A P 1 192 0
J N 6 1100 35 2 6337 192 1 103
K 0 0 43
A D 2 24 0
A P 1 192 0
H 103 B 42 0 108 3 2 1 3
J B 27 1132 1 82 6913 192 0
J N 6 1162 42 2 1 0 1 104
K 0 0 43
A D 2 24 0
A P 1 186 0
J N 6 1189 42 2 577 192 1 104
K 0 0 43
A D 2 24 0
A P 1 186 0
J N 6 1216 42 2 1153 192 1 104
K 0 0 43
A D 2 24 0
A P 1 186 0
H 104 B 46 0 108 3 2 1 3
J N 6 1243 42 2 1729 192 1 105
K 0 0 43
A D 2 24 0
A P 1 186 0
J N 6 1270 42 2 2305 192 1 105
K 0 0 43
A D 2 24 0
A P 1 186 0
J N 6 1297 42 2 2881 192 1 105
K 0 0 43
A D 2 24 0
A P 1 186 0
H 105 B 46 0 108 3 2 1 3
J N 6 1324 42 2 3457 192 1 106
K 0 0 43
A D 2 24 0
A P 1 186 0
J N 6 1351 42 2 4033 192 1 106
K 0 0 43
A D 2 24 0
A P 1 186 0
J N 6 1378 42 2 4609 192 1 106
K 0 0 43
A D 2 24 0
A P 1 186 0
H 106 B 46 0 108 3 2 1 3
J N 6 1405 77 5 5185 192 1 107
K 1 -7 45
K 0 0 43
K 0 -7 45
K 1 -7 45
A D 2 24 0
A P 1 157 0
J N 6 1432 77 5 5761 192 1 107
K 1 -7 45
K 0 0 43
K 0 -7 45
K 1 -7 45
A D 2 24 0
A P 1 157 0
J N 6 1459 77 5 6337 192 1 107
K 1 -7 45
K 0 0 43
K 0 -7 45
K 1 -7 45
A D 2 24 0
A P 1 157 0
H 107 B 49 0 108 3 2 1 3
J B 28 1491 1 82 6913 192 0
J N 7 1512 84 8 1 0 0
K 1 -14 45
K 1 0 45
K 0 0 43
K -1 0 45
K 2 0 45
K 0 0 59
K 0 -28 59
A D 6 24 0
A P 1 152 0
J R 7 1552 28 2 1729 576 0
K 0 0 48
A D 6 24 0
A P 1 0 0
J N 6 1592 84 6 3457 576 1 108
K 1 -14 45
K 1 0 45
K 0 0 43
K -1 0 45
K 2 0 45
A D 2 24 0
A P 1 152 0
J N 6 1619 84 6 4033 192 1 108
K 1 -14 45
K 1 0 45
K 0 0 43
K -1 0 45
K 2 0 45
A D 2 24 0
A P 1 152 0
J N 6 1646 84 6 4609 192 1 108
K 1 -14 45
K 1 0 45
K 0 0 43
K -1 0 45
K 2 0 45
A D 2 24 0
A P 1 152 0
H 108 B 56 0 108 3 2 1 3
J N 6 1673 84 6 5185 192 1 109
K 1 -14 45
K 1 0 45
K 0 0 43
K -1 0 45
K 2 0 45
A D 2 24 0
A P 1 152 0
J N 6 1700 84 6 5761 192 1 109
K 1 -14 45
K 1 0 45
K 0 0 43
K -1 0 45
K 2 0 45
A D 2 24 0
A P 1 152 0
J N 6 1727 84 6 6337 192 1 109
K 1 -14 45
K 1 0 45
K 0 0 43
K -1 0 45
K 2 0 45
A D 2 24 0
A P 1 152 0
H 109 B 56 0 108 3 2 1 3
J B 29 1759 1 82 6913 192 0
J N 7 1789 84 8 1 0 0
K 1 -14 45
K 1 0 45
K 0 0 43
K -1 0 45
K 2 0 45
K 0 0 59
K 0 -28 59
A D 6 24 0
A P 1 152 0
J R 7 1829 28 2 1729 576 0
K 0 0 48
A D 6 24 0
A P 1 0 0
J N 6 1869 84 6 3457 576 1 110
K 1 -14 45
K 1 0 45
K 0 0 43
K -1 0 45
K 2 0 45
A D 2 24 0
A P 1 152 0
J N 6 1896 84 6 4033 192 1 110
K 1 -14 45
K 1 0 45
K 0 0 43
K -1 0 45
K 2 0 45
A D 2 24 0
A P 1 152 0
J N 6 1923 84 6 4609 192 1 110
K 1 -14 45
K 1 0 45
K 0 0 43
K -1 0 45
K 2 0 45
A D 2 24 0
A P 1 152 0
H 110 B 56 0 108 3 2 1 3
J N 6 1964 84 7 5185 192 1 111
K 1 -14 45
K 1 0 45
K -15 0 65
K 0 0 43
K -1 0 45
K 2 0 45
A D 2 24 0
A P 1 151 0
J N 6 1991 84 6 5761 192 1 111
K 1 -14 45
K 1 0 45
K 0 0 43
K -1 0 45
K 2 0 45
A D 2 24 0
A P 1 151 0
J N 6 2018 84 6 6337 192 1 111
K 1 -14 45
K 1 0 45
K 0 0 43
K -1 0 45
K 2 0 45
A D 2 24 0
A P 1 151 0
H 111 B 56 0 108 3 2 1 3
J B 30 2050 1 82 6913 192 0
E *
L 1257 0 0 315 315 * 0 14 0
J D 0 -86 42 1 6913 0 0
W 0 0 31 Vla
J C 13 5 28 35 6913 0 0
J K -1 57 0 1 6913 0 0
K 0 35 65
J D 0 -11 -14 1 6913 0 0
W 0 0 0 \02\04
J N 6 115 49 2 1 0 1 70
K 0 0 43
A D 2 24 0
A P 3 146 0
J N 6 141 49 2 577 192 1 70
K 0 0 43
A D 2 24 0
A P 3 146 0
J N 6 167 49 2 1153 192 1 70
K 0 0 43
A D 2 24 0
A P 3 146 0
H 70 B 49 0 108 3 2 1 3
J N 6 193 35 2 1729 192 1 71
K 0 0 43
A D 2 24 0
A P 3 157 0
J N 6 219 35 2 2305 192 1 71
K 0 0 43
A D 2 24 0
A P 3 157 0
J N 6 245 35 2 2881 192 1 71
K 0 0 43
A D 2 24 0
A P 3 157 0
H 71 B 42 0 108 3 2 1 3
J N 6 271 35 2 3457 192 1 72
K 0 0 43
A D 2 24 0
A P 3 157 0
J N 6 297 35 2 4033 192 1 72
K 0 0 43
A D 2 24 0
A P 3 157 0
J N 6 323 35 2 4609 192 1 72
K 0 0 43
A D 2 24 0
A P 3 157 0
H 72 B 42 0 108 3 2 1 3
J N 6 349 28 2 5185 192 1 73
K 0 0 43
A D 2 24 0
A P 3 163 0
J N 6 375 28 2 5761 192 1 73
K 0 0 43
A D 2 24 0
A P 3 163 0
J N 6 401 28 2 6337 192 1 73
K 0 0 43
A D 2 24 0
A P 3 163 0
H 73 B -42 0 108 3 2 1 3
J B 25 433 1 82 6913 192 0
J N 6 454 21 2 1 0 1 74
K 0 0 43
A D 2 24 0
A P 3 169 0
J N 6 480 35 2 577 192 1 74
K 0 0 43
A D 2 24 0
A P 3 157 0
J N 6 507 35 2 1153 192 1 74
K 0 0 43
A D 2 24 0
A P 3 157 0
H 74 B -55 2 108 3 2 1 3
J N 6 534 42 2 1729 192 1 75
K 0 0 43
A D 2 24 0
A P 3 152 0
J N 6 561 42 2 2305 192 1 75
K 0 0 43
A D 2 24 0
A P 3 152 0
J N 6 588 42 2 2881 192 1 75
K 0 0 43
A D 2 24 0
A P 3 152 0
H 75 B 46 0 108 3 2 1 3
J N 6 615 35 2 3457 192 1 76
K 0 0 43
A D 2 24 0
A P 3 157 0
J N 6 642 35 2 4033 192 1 76
K 0 0 43
A D 2 24 0
A P 3 157 0
J N 6 669 35 2 4609 192 1 76
K 0 0 43
A D 2 24 0
A P 3 157 0
H 76 B 42 0 108 3 2 1 3
J N 6 696 28 2 5185 192 1 77
K 0 0 43
A D 2 24 0
A P 3 163 0
J N 6 723 28 2 5761 192 1 77
K 0 0 43
A D 2 24 0
A P 3 163 0
J N 6 750 28 2 6337 192 1 77
K 0 0 43
A D 2 24 0
A P 3 163 0
H 77 B -42 0 108 3 2 1 3
J B 26 782 1 82 6913 192 0
J N 6 803 21 2 1 0 1 78
K 0 0 43
A D 2 24 0
A P 3 169 0
J N 6 830 21 2 577 192 1 78
K 0 0 43
A D 2 24 0
A P 3 169 0
J N 6 857 21 2 1153 192 1 78
K 0 0 43
A D 2 24 0
A P 3 169 0
H 78 B -42 0 108 3 2 1 3
J N 6 884 28 2 1729 192 1 79
K 0 0 43
A D 2 24 0
A P 3 163 0
J N 6 911 28 2 2305 192 1 79
K 0 0 43
A D 2 24 0
A P 3 163 0
J N 6 938 28 2 2881 192 1 79
K 0 0 43
A D 2 24 0
A P 3 163 0
H 79 B -42 0 108 3 2 1 3
J N 6 965 28 2 3457 192 1 80
K 0 0 43
A D 2 24 0
A P 3 163 0
J N 6 992 28 2 4033 192 1 80
K 0 0 43
A D 2 24 0
A P 3 163 0
J N 6 1019 28 2 4609 192 1 80
K 0 0 43
A D 2 24 0
A P 3 163 0
H 80 B -42 0 108 3 2 1 3
J N 6 1046 7 2 5185 192 1 81
K 0 0 43
A D 2 24 0
A P 3 180 0
J N 6 1073 7 2 5761 192 1 81
K 0 0 43
A D 2 24 0
A P 3 180 0
J N 6 1100 7 2 6337 192 1 81
K 0 0 43
A D 2 24 0
A P 3 180 0
H 81 B -49 0 108 3 2 1 3
J B 27 1132 1 82 6913 192 0
J N 6 1162 7 2 1 0 1 82
K 0 0 43
A D 2 24 0
A P 3 180 0
J N 6 1189 35 2 577 192 1 82
K 0 0 43
A D 2 24 0
A P 3 157 0
J N 6 1216 35 2 1153 192 1 82
K 0 0 43
A D 2 24 0
A P 3 157 0
H 82 B -66 5 108 3 2 1 3
J N 6 1243 35 2 1729 192 1 83
K 0 0 43
A D 2 24 0
A P 3 157 0
J N 6 1270 35 2 2305 192 1 83
K 0 0 43
A D 2 24 0
A P 3 157 0
J N 6 1297 35 2 2881 192 1 83
K 0 0 43
A D 2 24 0
A P 3 157 0
H 83 B 42 0 108 3 2 1 3
J N 6 1324 35 2 3457 192 1 84
K 0 0 43
A D 2 24 0
A P 3 157 0
J N 6 1351 35 2 4033 192 1 84
K 0 0 43
A D 2 24 0
A P 3 157 0
J N 6 1378 35 2 4609 192 1 84
K 0 0 43
A D 2 24 0
A P 3 157 0
H 84 B 42 0 108 3 2 1 3
J N 6 1405 49 2 5185 192 1 85
K 0 0 43
A D 2 24 0
A P 3 146 0
J N 6 1432 49 2 5761 192 1 85
K 0 0 43
A D 2 24 0
A P 3 146 0
J N 6 1459 49 2 6337 192 1 85
K 0 0 43
A D 2 24 0
A P 3 146 0
H 85 B 49 0 108 3 2 1 3
J B 28 1491 1 82 6913 192 0
J N 7 1512 56 4 1 0 0
K 0 0 43
K 0 0 59
K 0 -21 59
A D 6 24 0
A P 3 140 0
J R 7 1552 28 2 1729 576 0
K 0 0 48
A D 6 24 0
A P 3 0 0
J N 6 1592 28 2 3457 576 1 86
K 0 0 43
A D 2 24 0
A P 3 163 0
J N 6 1619 28 2 4033 192 1 86
K 0 0 43
A D 2 24 0
A P 3 163 0
J N 6 1646 28 2 4609 192 1 86
K 0 0 43
A D 2 24 0
A P 3 163 0
H 86 B -42 0 108 3 2 1 3
J N 6 1673 28 2 5185 192 1 87
K 0 0 43
A D 2 24 0
A P 3 163 0
J N 6 1700 28 2 5761 192 1 87
K 0 0 43
A D 2 24 0
A P 3 163 0
J N 6 1727 28 2 6337 192 1 87
K 0 0 43
A D 2 24 0
A P 3 163 0
H 87 B -42 0 108 3 2 1 3
J B 29 1759 1 82 6913 192 0
J N 7 1789 28 4 1 0 0
K 0 0 43
K 0 0 60
K 0 21 60
A D 6 24 0
A P 3 163 0
J R 7 1829 28 2 1729 576 0
K 0 0 48
A D 6 24 0
A P 3 0 0
J N 6 1869 28 2 3457 576 1 88
K 0 0 43
A D 2 24 0
A P 3 163 0
J N 6 1896 28 2 4033 192 1 88
K 0 0 43
A D 2 24 0
A P 3 163 0
J N 6 1923 28 2 4609 192 1 88
K 0 0 43
A D 2 24 0
A P 3 163 0
H 88 B -42 0 108 3 2 1 3
J N 6 1964 35 3 5185 192 1 89
K -14 0 64
K 0 0 43
A D 2 24 0
A P 3 158 0
J N 6 1991 35 2 5761 192 1 89
K 0 0 43
A D 2 24 0
A P 3 158 0
J N 6 2018 35 2 6337 192 1 89
K 0 0 43
A D 2 24 0
A P 3 158 0
H 89 B 42 0 108 3 2 1 3
J B 30 2050 1 82 6913 192 0
E *
L 1392 0 0 315 315 * 0 14 0
J D 0 -75 42 1 6913 0 0
W 0 -21 31 Vc
J D 0 -75 42 1 6913 0 0
W 0 21 31 Cb
J C 22 5 14 36 6913 0 0
J K -1 57 0 1 6913 0 0
K 0 42 65
J D 0 -11 -14 1 6913 0 0
W 0 0 0 \02\04
J N 7 115 7 4 1 0 0
K 0 0 43
K 0 0 60
K 0 21 60
A D 6 24 0
A P 1 146 0
J N 7 193 -42 10 1729 576 0
K 0 28 45
K 0 14 45
K 0 0 45
K 0 0 43
K -1 0 45
K 2 0 45
K 0 0 60
K 0 28 60
K 0 42 60
A D 6 24 0
A P 1 186 0
J N 7 271 7 5 3457 576 0
K 0 0 43
K 0 -17 96
K 0 0 60
K 0 21 60
A D 6 24 0
A P 1 146 0
J N 7 349 0 5 5185 576 0
K 0 0 43
K 0 -17 96
K 0 0 60
K 0 21 60
A D 6 24 0
A P 1 152 0
J B 25 433 1 82 6913 576 0
J N 7 454 -7 5 1 0 0
K 0 0 43
K 0 -17 96
K 0 0 60
K 0 21 60
A D 6 24 0
A P 1 157 0
J N 7 534 0 5 1729 576 0
K 0 0 43
K 0 -17 96
K 0 0 60
K 0 21 60
A D 6 24 0
A P 1 152 0
J N 7 615 -7 5 3457 576 0
K 0 0 43
K 0 -17 96
K 0 0 60
K 0 21 60
A D 6 24 0
A P 1 157 0
J N 7 696 -14 8 5185 576 0
K 0 0 45
K 0 0 43
K -1 0 45
K 2 0 45
K 0 -17 96
K 0 0 60
K 0 21 60
A D 6 24 0
A P 1 163 0
J B 26 782 1 82 6913 576 0
J N 7 803 -21 8 1 0 0
K 0 7 45
K 0 0 43
K 0 7 45
K 1 7 45
K 0 -17 96
K 0 0 60
K 0 21 60
A D 6 24 0
A P 1 169 0
J N 7 884 -28 9 1729 576 0
K 0 14 45
K 0 0 45
K 0 0 43
K -1 0 45
K 2 0 45
K 0 -17 96
K 0 0 60
K 0 28 60
A D 6 24 0
A P 1 175 0
J N 7 965 -35 10 3457 576 0
K 0 21 45
K 0 7 45
K 0 0 43
K 0 7 45
K 1 7 45
K 0 -17 96
K 0 0 60
K 0 28 60
K 0 35 60
A D 6 24 0
A P 1 180 0
J N 7 1046 -21 8 5185 576 0
K 0 7 45
K 0 0 43
K 0 7 45
K 1 7 45
K 0 -17 96
K 0 0 60
K 0 21 60
A D 6 24 0
A P 1 169 0
J B 27 1132 1 82 6913 576 0
J N 7 1162 -7 4 1 0 0
K 0 0 43
K 0 0 60
K 0 21 60
A D 6 24 0
A P 1 157 0
J N 7 1243 7 4 1729 576 0
K 0 0 43
K 0 0 60
K 0 21 60
A D 6 24 0
A P 1 146 0
J N 7 1324 -14 7 3457 576 0
K 0 0 45
K 0 0 43
K -1 0 45
K 2 0 45
K 0 0 60
K 0 21 60
A D 6 24 0
A P 1 163 0
J N 7 1405 35 4 5185 576 0
K 0 0 43
K 0 0 59
K 0 -21 59
A D 6 24 0
A P 1 123 0
J B 28 1491 1 82 6913 576 0
J N 7 1512 14 4 1 0 0
K 0 0 43
K 0 0 60
K 0 21 60
A D 6 24 0
A P 1 140 0
J R 7 1552 28 2 1729 576 0
K 0 0 48
A D 6 24 0
A P 1 0 0
J N 7 1592 -35 9 3457 576 0
K 0 21 45
K 0 7 45
K 0 0 43
K 0 7 45
K 1 7 45
K 0 0 60
K 0 28 60
K 0 35 60
A D 6 24 0
A P 1 180 0
J N 7 1673 -14 7 5185 576 0
K 0 0 45
K 0 0 43
K -1 0 45
K 2 0 45
K 0 0 60
K 0 21 60
A D 6 24 0
A P 1 163 0
J B 29 1759 1 82 6913 576 0
J N 7 1789 -14 7 1 0 0
K 0 0 45
K 0 0 43
K -1 0 45
K 2 0 45
K 0 0 60
K 0 21 60
A D 6 24 0
A P 1 163 0
J N 7 1829 0 4 1729 576 0
K 0 0 43
K 0 0 60
K 0 21 60
A D 6 24 0
A P 1 152 0
J N 7 1869 0 4 3457 576 0
K 0 0 43
K 0 0 60
K 0 21 60
A D 6 24 0
A P 1 152 0
J N 7 1964 14 4 5185 576 0
K 0 0 43
K 0 0 60
K 0 21 60
A D 6 24 0
A P 1 140 0
J B 30 2050 1 82 6913 576 0
E *
B 1 433 0
B 1 782 0
B 1 1132 0
B 1 1491 0
B 1 1759 0
B 1 2050 0
