S 0 200 140 2050 1426 11 "[(....)][(..)][({..}.{..})]"
L 0 0 0 315 315 * 0 14 0
J D 0 -108 42 1 6913 0 0
W 0 0 31 Fl 1-2
J C 4 5 42 2 6913 0 0
K 0 0 33
K 0 0 34
J K -1 57 0 1 6913 0 0
K 0 28 65
J D 0 -11 -14 1 6913 0 0
W 0 0 37 \06\02
J N 7 117 -63 12 1 0 1 24
K 0 49 45
K 0 35 45
K 0 21 45
K 0 7 45
K 0 0 43
K 0 7 45
K 1 7 45
K 0 0 60
K 0 28 60
K 0 56 60
K 0 63 60
A D 6 24 0
A P 1 272 0
J N 7 179 -35 9 1729 576 1 24
K 0 21 45
K 0 7 45
K 0 0 43
K 0 7 45
K 1 7 45
K 0 0 60
K 0 28 60
K 0 35 60
A D 6 24 0
A P 1 249 0
H 24 S 0 0 0 0 0 0 0 0 0
J N 7 241 -35 9 3457 576 1 25
K 0 21 45
K 0 7 45
K 0 0 43
K 0 7 45
K 1 7 45
K 0 0 60
K 0 28 60
K 0 35 60
A D 6 24 0
A P 1 249 0
J N 7 303 -42 10 5185 576 0
K 0 28 45
K 0 14 45
K 0 0 45
K 0 0 43
K -1 0 45
K 2 0 45
K 0 0 60
K 0 28 60
K 0 42 60
A D 6 24 0
A P 1 255 0
J B 63 366 1 82 6913 576 0
J N 7 387 -49 10 1 0 1 25
K 0 35 45
K 0 21 45
K 0 7 45
K 0 0 43
K 0 7 45
K 1 7 45
K 0 0 60
K 0 28 60
K 0 49 60
A D 6 24 0
A P 1 260 0
H 25 S 0 0 0 0 0 0 0 0 0
J R 7 449 28 2 1729 576 0
K 0 0 48
A D 6 24 0
A P 1 0 0
J N 7 510 -56 11 3457 576 0
K 0 42 45
K 0 28 45
K 0 14 45
K 0 0 45
K 0 0 43
K -1 0 45
K 2 0 45
K 0 0 60
K 0 28 60
K 0 56 60
A D 6 24 0
A P 1 266 0
J R 7 571 28 2 5185 576 0
K 0 0 48
A D 6 24 0
A P 1 0 0
J B 64 633 1 82 6913 576 0
J N 9 654 -42 12 1 0 0
K 0 28 45
K 6 28 45
K 0 14 45
K 6 14 45
K 0 0 45
K 6 0 45
K 0 0 41
K -1 0 45
K 2 0 45
K 4 0 45
K 7 0 45
A D 24 24 0
A P 1 255 0
J B 65 898 1 82 6913 2304 0
J R 9 1042 28 2 1 0 0
K 0 0 46
A D 24 24 0
A P 3 0 0
J B 66 1215 1 82 6913 2304 0
J R 8 1238 28 2 1 0 0
K 0 0 47
A D 12 24 0
A P 1 0 0
J D 0 1325 0 1 3457 1152 0
W 0 -42 32 1.
J N 7 1360 -35 9 3457 0 1 26
K 0 21 45
K 0 7 45
K 0 0 43
K 0 7 45
K 1 7 45
K 0 0 60
K 0 28 60
K 0 35 60
A D 6 24 0
A P 1 249 0
J N 7 1421 -42 10 5185 576 0
K 0 28 45
K 0 14 45
K 0 0 45
K 0 0 43
K -1 0 45
K 2 0 45
K 0 0 60
K 0 28 60
K 0 42 60
A D 6 24 0
A P 1 255 0
J B 67 1483 1 82 6913 576 0
J N 7 1504 -49 10 1 0 1 26
K 0 35 45
K 0 21 45
K 0 7 45
K 0 0 43
K 0 7 45
K 1 7 45
K 0 0 60
K 0 28 60
K 0 49 60
A D 6 24 0
A P 1 260 0
H 26 S 0 0 0 0 0 0 0 0 0
J R 7 1565 28 2 1729 576 0
K 0 0 48
A D 6 24 0
A P 1 0 0
J N 7 1626 -56 11 3457 576 0
K 0 42 45
K 0 28 45
K 0 14 45
K 0 0 45
K 0 0 43
K -1 0 45
K 2 0 45
K 0 0 60
K 0 28 60
K 0 56 60
A D 6 24 0
A P 1 266 0
J R 7 1687 28 2 5185 576 0
K 0 0 48
A D 6 24 0
A P 1 0 0
J B 68 1749 1 82 6913 576 0
J N 7 1770 -42 12 1 0 0
K 0 28 45
K 0 14 45
K 0 0 45
K 0 0 43
K -1 0 45
K 2 0 45
K 0 123 108
K 23 123 108
K 0 0 60
K 0 28 60
K 0 42 60
A D 6 24 0
A P 1 255 0
J N 8 1831 7 4 1729 576 0
K 0 0 42
K 0 0 60
K 0 21 60
A D 12 24 0
A P 1 215 0
J N 6 1972 14 2 5185 1152 2 27 28
K 0 0 43
A D 3 24 0
A P 1 209 0
J N 6 2016 7 2 6049 288 1 28
K 0 0 43
A D 3 24 0
A P 1 215 0
H 28 B -47 -3 108 2 2 3
J B 69 2050 1 82 6913 288 0
J M 0 2050 -7 0 6913 0 1 27
H 27 S 0 0 0 0 0 0 0 0
E *
L 132 0 0 315 315 * 0 14 0
J D 0 -119 42 1 6913 0 0
W 0 0 31 Ob 1-2
J C 4 5 42 2 6913 0 0
K 0 0 33
K 0 0 34
J K -1 57 0 1 6913 0 0
K 0 28 65
J D 0 -11 -14 1 6913 0 0
W 0 0 0 \06\02
J N 7 117 -14 7 1 0 1 30
K 0 0 45
K 0 0 43
K -1 0 45
K 2 0 45
K 0 0 60
K 0 21 60
A D 6 24 0
A P 1 232 0
J N 7 179 14 4 1729 576 1 30
K 0 0 43
K 0 0 60
K 0 21 60
A D 6 24 0
A P 1 209 0
H 30 S 0 0 0 0 0 0 0 0 0
J N 7 241 14 4 3457 576 1 31
K 0 0 43
K 0 0 60
K 0 21 60
A D 6 24 0
A P 1 209 0
J N 7 303 7 4 5185 576 0
K 0 0 43
K 0 0 60
K 0 21 60
A D 6 24 0
A P 1 215 0
J B 63 366 1 82 6913 576 0
J N 7 387 0 4 1 0 1 31
K 0 0 43
K 0 0 60
K 0 21 60
A D 6 24 0
A P 1 220 0
H 31 S 0 0 0 0 0 0 0 0 0
J R 7 449 28 2 1729 576 0
K 0 0 48
A D 6 24 0
A P 1 0 0
J N 7 510 -7 4 3457 576 0
K 0 0 43
K 0 0 60
K 0 21 60
A D 6 24 0
A P 1 226 0
J R 7 571 28 2 5185 576 0
K 0 0 48
A D 6 24 0
A P 1 0 0
J B 64 633 1 82 6913 576 0
J N 9 654 7 2 1 0 1 32
K 0 0 41
A D 24 24 0
A P 1 215 0
J B 65 898 1 82 6913 2304 0
J N 7 919 -7 4 1 0 0
K 0 0 43
K 0 0 60
K 0 21 60
A D 6 24 0
A P 1 226 0
J N 6 980 -14 5 1729 576 2 33 34
K 0 0 45
K 0 0 43
K -1 0 45
K 2 0 45
A D 2 24 0
A P 1 232 0
J N 6 1008 -7 2 2305 192 1 34
K 0 0 43
A D 2 24 0
A P 1 226 0
J N 6 1052 0 3 2881 192 2 34 33
K -18 0 63
K 0 0 43
A D 2 24 0
A P 1 221 0
H 33 X 9 3 0 0 0 0 34
H 34 B -57 2 108 3 2 1 3
J N 7 1092 -7 5 3457 192 0
K -14 0 64
K 0 0 43
K 0 0 60
K 0 21 60
A D 6 24 0
A P 1 226 0
J N 7 1153 -7 5 5185 576 0
K -18 0 63
K 0 0 43
K 0 0 60
K 0 21 60
A D 6 24 0
A P 1 227 0
J B 66 1215 1 82 6913 576 0
J N 7 1238 -21 8 1 0 0
K 0 7 45
K -14 0 64
K 0 0 43
K 0 7 45
K 1 7 45
K 0 0 60
K 0 21 60
A D 6 24 0
A P 1 238 0
J N 7 1299 -14 7 1729 576 0
K 0 0 45
K 0 0 43
K -1 0 45
K 2 0 45
K 0 0 60
K 0 21 60
A D 6 24 0
A P 1 232 0
J N 7 1360 14 4 3457 576 0
K 0 0 43
K 0 0 60
K 0 21 60
A D 6 24 0
A P 1 209 0
J N 7 1421 7 4 5185 576 0
K 0 0 43
K 0 0 60
K 0 21 60
A D 6 24 0
A P 1 215 0
J B 67 1483 1 82 6913 576 0
J N 7 1504 0 5 1 0 1 32
K -14 0 64
K 0 0 43
K 0 0 60
K 0 21 60
A D 6 24 0
A P 1 220 0
H 32 S 0 0 -7 0 -7 1 0 0 0
J R 7 1565 28 2 1729 576 0
K 0 0 48
A D 6 24 0
A P 1 0 0
J N 7 1626 -7 5 3457 576 0
K -14 0 64
K 0 0 43
K 0 0 60
K 0 21 60
A D 6 24 0
A P 1 226 0
J R 7 1687 28 2 5185 576 0
K 0 0 48
A D 6 24 0
A P 1 0 0
J B 68 1749 1 82 6913 576 0
J N 7 1770 7 6 1 0 0
K 0 0 43
K 0 74 108
K 23 74 108
K 0 0 60
K 0 21 60
A D 6 24 0
A P 1 215 0
J N 8 1831 21 4 1729 576 0
K 0 0 42
K 0 0 60
K 0 21 60
A D 12 24 0
A P 1 203 0
J N 6 1972 28 3 5185 1152 2 35 36
K -14 0 64
K 0 0 43
A D 3 24 0
A P 1 198 0
J N 6 2016 21 3 6049 288 1 36
K -18 0 63
K 0 0 43
A D 3 24 0
A P 1 204 0
H 36 B -47 -3 108 2 2 3
J B 69 2050 1 82 6913 288 0
J M 0 2050 2 0 6913 0 1 35
H 35 S 0 0 0 0 0 0 0 0
E *
L 264 0 0 315 315 * 0 14 0
J D 0 -110 42 1 6913 0 0
W 0 -21 31 Cl 1-2
J D 0 -110 42 1 6913 0 0
W 0 21 31 (B\0.)
J C 4 5 42 2 6913 0 0
K 0 0 33
K 0 0 34
J K 1 57 0 1 6913 0 0
K 0 0 63
J D 0 -11 -14 1 6913 0 0
W 0 0 0 \06\02
J R 9 216 28 2 1 0 0
K 0 0 46
A D 24 24 0
A P 3 0 0
J B 63 366 1 82 6913 2304 0
J R 8 387 28 2 1 0 0
K 0 0 47
A D 12 24 0
A P 1 0 0
J D 0 482 0 1 3457 1152 0
W 0 -21 32 1.
J N 8 510 21 5 3457 0 2 23 22
K -18 0 63
K 0 0 42
K 0 0 60
K 0 21 60
A D 12 24 0
A P 1 204 0
J B 64 633 1 82 6913 1152 0
J N 8 654 14 5 1 0 1 22
K 0 0 42
K 24 -6 44
K 0 0 60
K 0 21 60
A D 18 24 0
A P 1 209 0
H 22 W 0 21 7 96 35 96
J N 6 837 7 2 5185 1728 2 25 24
K 0 0 43
A D 3 24 0
A P 1 215 0
J N 6 865 0 2 6049 288 1 25
K 0 0 43
A D 3 24 0
A P 1 221 0
H 25 B -41 -4 108 2 2 3
J B 65 898 1 82 6913 288 0
J N 7 919 35 4 1 0 2 23 24
K 0 0 43
K 0 0 59
K 0 -21 59
A D 6 24 0
A P 1 192 0
H 24 W 21 0 -21 96 14 96
H 23 S 0 0 -7 0 -27 2 0 0 0
J R 7 980 28 2 1729 576 0
K 0 0 48
A D 6 24 1
A P 1 0 1
J R 8 1092 28 2 3457 576 0
K 0 0 47
A D 12 24 0
A P 1 0 0
J B 66 1215 1 82 6913 1152 0
J R 9 1335 28 2 1 0 0
K 0 0 46
A D 24 24 0
A P 3 0 0
J B 67 1483 1 82 6913 2304 0
J R 8 1504 28 2 1 0 0
K 0 0 47
A D 12 24 0
A P 1 0 0
J D 0 1598 0 1 3457 1152 0
W 0 -21 32 1.
J N 8 1626 21 5 3457 0 2 27 26
K -18 0 63
K 0 0 42
K 0 0 60
K 0 21 60
A D 12 24 0
A P 1 204 0
J B 68 1749 1 82 6913 1152 0
J S 0 1770 95 2 1 0 1 26
K 0 0 108
K 23 0 108
H 26 W 0 21 7 95 -3 95
J N 7 1770 14 4 1 0 1 27
K 0 0 43
K 0 0 60
K 0 21 60
A D 6 24 0
A P 1 209 0
H 27 S 0 0 0 0 0 0 0 0 0
J R 7 1831 28 2 1729 576 0
K 0 0 48
A D 6 24 1
A P 1 0 1
J R 8 1907 28 2 3457 576 0
K 0 0 47
A D 12 24 0
A P 1 0 0
J B 69 2050 1 82 6913 1152 0
E *
L 396 0 0 315 315 * 0 14 0
J D 0 -130 42 1 6913 0 0
W 0 0 31 Fag 1-2
J C 22 5 14 36 6913 0 0
J K -1 57 0 1 6913 0 0
K 0 42 65
J D 0 -11 -14 1 6913 0 0
W 0 0 0 \06\02
J R 9 216 28 2 1 0 0
K 0 0 46
A D 24 24 0
A P 3 0 0
J B 63 366 1 82 6913 2304 0
J R 8 387 28 2 1 0 0
K 0 0 47
A D 12 24 0
A P 1 0 0
J C 12 467 14 163 3457 1152 0
J D 0 501 0 1 3457 0 0
W 0 -21 32 1.
J M 0 501 0 0 3457 0 1 22
J N 8 510 21 5 3457 0 1 23
K -14 0 64
K 0 0 42
K 0 0 60
K 0 21 60
A D 12 24 0
A P 1 158 0
J B 64 633 1 82 6913 1152 0
J N 8 654 14 5 1 0 1 22
K 0 0 42
K 24 -6 44
K 0 0 60
K 0 21 60
A D 18 24 0
A P 1 163 0
H 22 W 0 21 7 96 35 96
J N 6 837 7 2 5185 1728 2 25 24
K 0 0 43
A D 3 24 0
A P 1 169 0
J N 6 865 0 2 6049 288 1 25
K 0 0 43
A D 3 24 0
A P 1 175 0
H 25 B -41 -4 108 2 2 3
J B 65 898 1 82 6913 288 0
J N 7 919 35 4 1 0 2 23 24
K 0 0 43
K 0 0 59
K 0 -21 59
A D 6 24 0
A P 1 146 0
H 24 W 21 0 -21 96 14 96
H 23 S 0 0 -7 0 -27 2 0 0 0
J R 7 980 28 2 1729 576 0
K 0 0 48
A D 6 24 1
A P 1 0 1
J R 8 1092 28 2 3457 576 0
K 0 0 47
A D 12 24 0
A P 1 0 0
J C 22 1177 14 164 6913 1152 0
J B 66 1215 1 82 6913 0 0
J R 9 1335 28 2 1 0 0
K 0 0 46
A D 24 24 0
A P 3 0 0
J B 67 1483 1 82 6913 2304 0
J R 8 1504 28 2 1 0 0
K 0 0 47
A D 12 24 0
A P 1 0 0
J D 0 1577 0 1 3457 1152 0
W 0 -21 32 1.
J N 8 1626 -7 5 3457 0 2 27 26
K -14 0 64
K 0 0 42
K 0 0 60
K 0 21 60
A D 12 24 0
A P 1 158 0
J B 68 1749 1 82 6913 1152 0
J S 0 1770 92 2 1 0 1 26
K 0 0 108
K 23 0 108
H 26 W 0 21 7 92 -17 92
J N 7 1770 -14 7 1 0 1 27
K 0 0 45
K 0 0 43
K -1 0 45
K 2 0 45
K 0 0 60
K 0 21 60
A D 6 24 0
A P 1 163 0
H 27 S 0 0 0 0 0 0 0 0 0
J N 8 1831 -14 7 1729 576 0
K 0 0 45
K 0 0 42
K -1 0 45
K 2 0 45
K 0 0 60
K 0 21 60
A D 12 24 0
A P 1 163 0
J N 7 1972 0 4 5185 1152 0
K 0 0 43
K 0 0 60
K 0 21 60
A D 6 24 0
A P 1 152 0
J B 69 2050 1 82 6913 576 0
E *
L 551 0 0 315 315 * 0 14 0
J D 0 -130 42 1 6913 0 0
W 0 -21 31 Cor 1-2
J D 0 -130 42 1 6913 0 0
W 0 21 31 (F)
J C 4 5 42 2 6913 0 0
K 0 0 33
K 0 0 34
J K 0 57 0 0 6913 0 0
J D 0 -11 -14 1 6913 0 0
W 0 0 0 \06\02
J N 8 117 14 4 1 0 0
K 0 0 42
K 0 0 60
K 0 21 60
A D 12 24 0
A P 1 209 0
J N 8 241 14 4 3457 1152 0
K 0 0 42
K 0 0 60
K 0 21 60
A D 12 24 0
A P 1 209 0
J B 63 366 1 82 6913 1152 0
J N 8 387 14 4 1 0 0
K 0 0 42
K 0 0 60
K 0 21 60
A D 12 24 0
A P 1 209 0
J N 8 510 14 4 3457 1152 0
K 0 0 42
K 0 0 60
K 0 21 60
A D 12 24 0
A P 1 209 0
J B 64 633 1 82 6913 1152 0
J N 9 654 14 2 1 0 1 5
K 0 0 41
A D 24 24 1
A P 1 209 1
J B 65 898 1 82 6913 2304 0
J N 9 919 14 2 1 0 1 5
K 0 0 41
A D 24 24 0
A P 1 209 0
H 5 T 14 0 0 0 0 0 5 0
J B 66 1215 1 82 6913 2304 0
J N 8 1238 14 4 1 0 0
K 0 0 42
K 0 0 60
K 0 21 60
A D 12 24 0
A P 1 209 0
J N 8 1360 14 4 3457 1152 0
K 0 0 42
K 0 0 60
K 0 21 60
A D 12 24 0
A P 1 209 0
J B 67 1483 1 82 6913 1152 0
J N 8 1504 14 4 1 0 0
K 0 0 42
K 0 0 60
K 0 21 60
A D 12 24 0
A P 1 209 0
J N 8 1626 14 4 3457 1152 0
K 0 0 42
K 0 0 60
K 0 21 60
A D 12 24 0
A P 1 209 0
J B 68 1749 1 82 6913 1152 0
J N 7 1770 14 6 1 0 0
K 0 0 43
K 0 70 108
K 23 70 108
K 0 0 60
K 0 21 60
A D 6 24 0
A P 1 209 0
J R 7 1831 28 2 1729 576 0
K 0 0 48
A D 6 24 1
A P 1 0 1
J R 8 1907 28 2 3457 576 0
K 0 0 47
A D 12 24 0
A P 1 0 0
J B 69 2050 1 82 6913 1152 0
E *
L 696 0 0 315 315 * 0 14 0
J D 0 -111 42 1 6913 0 0
W 0 0 31 Tr 1-2
J C 4 5 42 2 6913 0 0
K 0 0 33
K 0 0 34
J K 0 57 0 0 6913 0 0
J D 0 -11 -14 1 6913 0 0
W 0 0 0 \06\02
J N 8 117 14 4 1 0 0
K 0 0 42
K 0 0 60
K 0 21 60
A D 12 24 0
A P 1 209 0
J N 8 241 14 4 3457 1152 0
K 0 0 42
K 0 0 60
K 0 21 60
A D 12 24 0
A P 1 209 0
J B 63 366 1 82 6913 1152 0
J N 8 387 14 4 1 0 0
K 0 0 42
K 0 0 60
K 0 21 60
A D 12 24 0
A P 1 209 0
J N 8 510 14 4 3457 1152 0
K 0 0 42
K 0 0 60
K 0 21 60
A D 12 24 0
A P 1 209 0
J B 64 633 1 82 6913 1152 0
J N 9 654 14 2 1 0 1 5
K 0 0 41
A D 24 24 1
A P 1 209 1
J B 65 898 1 82 6913 2304 0
J N 9 919 14 2 1 0 1 5
K 0 0 41
A D 24 24 0
A P 1 209 0
H 5 T 14 0 0 0 0 0 5 0
J B 66 1215 1 82 6913 2304 0
J N 8 1238 14 4 1 0 0
K 0 0 42
K 0 0 60
K 0 21 60
A D 12 24 0
A P 1 209 0
J N 8 1360 14 4 3457 1152 0
K 0 0 42
K 0 0 60
K 0 21 60
A D 12 24 0
A P 1 209 0
J B 67 1483 1 82 6913 1152 0
J N 8 1504 14 4 1 0 0
K 0 0 42
K 0 0 60
K 0 21 60
A D 12 24 0
A P 1 209 0
J N 8 1626 14 4 3457 1152 0
K 0 0 42
K 0 0 60
K 0 21 60
A D 12 24 0
A P 1 209 0
J B 68 1749 1 82 6913 1152 0
J N 7 1770 14 6 1 0 0
K 0 0 43
K 0 70 108
K 23 70 108
K 0 0 60
K 0 21 60
A D 6 24 0
A P 1 209 0
J R 7 1831 28 2 1729 576 0
K 0 0 48
A D 6 24 1
A P 1 0 1
J R 8 1907 28 2 3457 576 0
K 0 0 47
A D 12 24 0
A P 1 0 0
J B 69 2050 1 82 6913 1152 0
E *
L 841 0 0 315 315 * 0 14 0
J D 0 -119 42 1 6913 0 0
W 0 0 31 Vln 1
J C 4 5 42 2 6913 0 0
K 0 0 33
K 0 0 34
J K -1 57 0 1 6913 0 0
K 0 28 65
J D 0 -11 -14 1 6913 0 0
W 0 0 0 \06\02
J N 7 117 91 9 1 0 2 113 114
K 1 -21 45
K 1 -7 45
K 0 0 43
K 0 -7 45
K 1 -7 45
K 0 0 59
K 0 -28 59
K 0 -35 59
A D 4 24 0
A P 3 146 0
J N 7 161 63 4 1153 384 0
K 0 0 43
K 0 0 59
K 0 -21 59
A D 4 24 0
A P 3 169 0
J N 7 197 49 4 2305 384 0
K 0 0 43
K 0 0 59
K 0 -21 59
A D 4 24 0
A P 3 180 0
J N 7 241 42 4 3457 384 0
K 0 0 43
K 0 0 59
K 0 -21 59
A D 4 24 0
A P 3 186 0
J N 7 285 91 9 4609 384 0
K 1 -21 45
K 1 -7 45
K 0 0 43
K 0 -7 45
K 1 -7 45
K 0 0 59
K 0 -28 59
K 0 -35 59
A D 4 24 0
A P 3 146 0
J N 7 321 42 4 5761 384 2 113 114
K 0 0 43
K 0 0 59
K 0 -21 59
A D 4 24 0
A P 3 186 0
H 114 X 1 6 0 -105 6 -56 0
H 113 S 12 0 14 0 35 0 0 0 0
J B 63 366 1 82 6913 384 0
J N 7 387 91 9 1 0 2 115 116
K 1 -21 45
K 1 -7 45
K 0 0 43
K 0 -7 45
K 1 -7 45
K 0 0 59
K 0 -28 59
K 0 -35 59
A D 4 24 0
A P 3 146 0
J N 7 431 63 4 1153 384 0
K 0 0 43
K 0 0 59
K 0 -21 59
A D 4 24 0
A P 3 169 0
J N 7 467 49 4 2305 384 0
K 0 0 43
K 0 0 59
K 0 -21 59
A D 4 24 0
A P 3 180 0
J N 7 510 42 4 3457 384 0
K 0 0 43
K 0 0 59
K 0 -21 59
A D 4 24 0
A P 3 186 0
J N 7 553 91 9 4609 384 0
K 1 -21 45
K 1 -7 45
K 0 0 43
K 0 -7 45
K 1 -7 45
K 0 0 59
K 0 -28 59
K 0 -35 59
A D 4 24 0
A P 3 146 0
J N 7 589 42 4 5761 384 2 115 116
K 0 0 43
K 0 0 59
K 0 -21 59
A D 4 24 0
A P 3 186 0
H 116 X 1 6 0 -105 6 -56 0
H 115 S 12 0 14 0 35 0 0 0 0
J B 64 633 1 82 6913 384 0
J N 7 654 91 9 1 0 2 117 118
K 1 -21 45
K 1 -7 45
K 0 0 43
K 0 -7 45
K 1 -7 45
K 0 0 59
K 0 -28 59
K 0 -35 59
A D 4 24 0
A P 3 146 0
J N 7 697 70 7 1153 384 0
K 1 0 45
K 0 0 43
K -1 0 45
K 2 0 45
K 0 0 59
K 0 -21 59
A D 4 24 0
A P 3 163 0
J N 7 733 56 4 2305 384 0
K 0 0 43
K 0 0 59
K 0 -21 59
A D 4 24 0
A P 3 175 0
J N 7 776 42 4 3457 384 0
K 0 0 43
K 0 0 59
K 0 -21 59
A D 4 24 0
A P 3 186 0
J N 7 819 91 9 4609 384 0
K 1 -21 45
K 1 -7 45
K 0 0 43
K 0 -7 45
K 1 -7 45
K 0 0 59
K 0 -28 59
K 0 -35 59
A D 4 24 0
A P 3 146 0
J N 7 855 42 4 5761 384 2 117 118
K 0 0 43
K 0 0 59
K 0 -21 59
A D 4 24 0
A P 3 186 0
H 118 X 1 6 0 -105 6 -56 0
H 117 S 12 0 14 0 35 0 0 0 0
J B 65 898 1 82 6913 384 0
J N 7 919 91 9 1 0 2 119 120
K 1 -21 45
K 1 -7 45
K 0 0 43
K 0 -7 45
K 1 -7 45
K 0 0 59
K 0 -28 59
K 0 -35 59
A D 4 24 0
A P 3 146 0
J N 7 962 70 7 1153 384 0
K 1 0 45
K 0 0 43
K -1 0 45
K 2 0 45
K 0 0 59
K 0 -21 59
A D 4 24 0
A P 3 163 0
J N 7 1008 56 4 2305 384 0
K 0 0 43
K 0 0 59
K 0 -21 59
A D 4 24 0
A P 3 175 0
J N 7 1092 42 4 3457 384 0
K 0 0 43
K 0 0 59
K 0 -21 59
A D 4 24 0
A P 3 186 0
J N 7 1135 91 9 4609 384 0
K 1 -21 45
K 1 -7 45
K 0 0 43
K 0 -7 45
K 1 -7 45
K 0 0 59
K 0 -28 59
K 0 -35 59
A D 4 24 0
A P 3 146 0
J N 7 1171 42 4 5761 384 2 119 120
K 0 0 43
K 0 0 59
K 0 -21 59
A D 4 24 0
A P 3 186 0
H 120 X 1 6 0 -105 6 -56 0
H 119 S 12 0 14 0 35 0 0 0 0
J B 66 1215 1 82 6913 384 0
J N 7 1238 91 9 1 0 2 121 122
K 1 -21 45
K 1 -7 45
K 0 0 43
K 0 -7 45
K 1 -7 45
K 0 0 59
K 0 -28 59
K 0 -35 59
A D 4 24 0
A P 3 146 0
J N 7 1281 63 4 1153 384 0
K 0 0 43
K 0 0 59
K 0 -21 59
A D 4 24 0
A P 3 169 0
J N 7 1317 49 4 2305 384 0
K 0 0 43
K 0 0 59
K 0 -21 59
A D 4 24 0
A P 3 180 0
J N 7 1360 42 4 3457 384 0
K 0 0 43
K 0 0 59
K 0 -21 59
A D 4 24 0
A P 3 186 0
J N 7 1403 91 9 4609 384 0
K 1 -21 45
K 1 -7 45
K 0 0 43
K 0 -7 45
K 1 -7 45
K 0 0 59
K 0 -28 59
K 0 -35 59
A D 4 24 0
A P 3 146 0
J N 7 1439 42 4 5761 384 2 121 122
K 0 0 43
K 0 0 59
K 0 -21 59
A D 4 24 0
A P 3 186 0
H 122 X 1 6 0 -105 6 -56 0
H 121 S 12 0 14 0 35 0 0 0 0
J B 67 1483 1 82 6913 384 0
J N 7 1504 91 9 1 0 2 123 124
K 1 -21 45
K 1 -7 45
K 0 0 43
K 0 -7 45
K 1 -7 45
K 0 0 59
K 0 -28 59
K 0 -35 59
A D 4 24 0
A P 3 146 0
J N 7 1547 63 4 1153 384 0
K 0 0 43
K 0 0 59
K 0 -21 59
A D 4 24 0
A P 3 169 0
J N 7 1583 49 4 2305 384 0
K 0 0 43
K 0 0 59
K 0 -21 59
A D 4 24 0
A P 3 180 0
J N 7 1626 42 4 3457 384 0
K 0 0 43
K 0 0 59
K 0 -21 59
A D 4 24 0
A P 3 186 0
J N 7 1669 91 9 4609 384 0
K 1 -21 45
K 1 -7 45
K 0 0 43
K 0 -7 45
K 1 -7 45
K 0 0 59
K 0 -28 59
K 0 -35 59
A D 4 24 0
A P 3 146 0
J N 7 1705 42 4 5761 384 2 123 124
K 0 0 43
K 0 0 59
K 0 -21 59
A D 4 24 0
A P 3 186 0
H 124 X 1 6 0 -105 6 -56 0
H 123 S 12 0 14 0 35 0 0 0 0
J B 68 1749 1 82 6913 384 0
J N 7 1770 56 7 1 0 1 125
K 0 0 43
K 0 17 96
K 0 42 108
K 23 42 108
K 0 0 59
K 0 -21 59
A D 4 24 0
A P 3 175 0
J N 7 1813 56 4 1153 384 1 126
K 0 0 43
K 0 0 59
K 0 -21 59
A D 4 24 0
A P 3 175 0
J N 7 1860 63 4 2305 384 0
K 0 0 43
K 0 0 59
K 0 -21 59
A D 4 24 0
A P 3 169 0
J N 7 1907 56 4 3457 384 0
K 0 0 43
K 0 0 59
K 0 -21 59
A D 4 24 0
A P 3 175 0
J N 7 1954 63 4 4609 384 0
K 0 0 43
K 0 0 59
K 0 -21 59
A D 4 24 0
A P 3 169 0
J N 7 1998 56 4 5761 384 2 126 125
K 0 0 43
K 0 0 59
K 0 -21 59
A D 4 24 0
A P 3 175 0
H 125 X 1 6 0 -70 6 -70 0
H 126 S 12 0 0 0 0 0 0 0 0
J B 69 2050 1 82 6913 384 0
E *
L 973 0 0 315 315 * 0 14 0
J D 0 -119 42 1 6913 0 0
W 0 0 31 Vln 2
J C 4 5 42 2 6913 0 0
K 0 0 33
K 0 0 34
J K -1 57 0 1 6913 0 0
K 0 28 65
J D 0 -11 -14 1 6913 0 0
W 0 0 0 \06\02
J N 8 117 63 10 1 0 0
K 1 7 45
K -14 14 64
K 0 0 42
K 0 14 42
K 0 7 45
K 1 7 45
K 0 14 59
K 0 0 59
K 0 -21 59
A D 12 24 0
A P 1 169 0
A P 1 158 0
J N 8 241 49 6 3457 1152 0
K 0 0 42
K 0 14 42
K 0 14 59
K 0 0 59
K 0 -21 59
A D 12 24 0
A P 1 180 0
A P 1 169 0
J B 63 366 1 82 6913 1152 0
J N 8 387 49 6 1 0 0
K 0 0 42
K 0 14 42
K 0 14 59
K 0 0 59
K 0 -21 59
A D 12 24 0
A P 1 180 0
A P 1 169 0
J N 8 510 49 6 3457 1152 0
K 0 0 42
K 0 14 42
K 0 14 59
K 0 0 59
K 0 -21 59
A D 12 24 0
A P 1 180 0
A P 1 169 0
J B 64 633 1 82 6913 1152 0
J N 9 654 56 9 1 0 2 142 143
K 1 14 45
K 7 14 45
K 0 0 41
K 0 14 41
K -1 14 45
K 2 14 45
K 4 14 45
K 7 14 45
A D 24 24 1
A P 1 175 1
A P 1 163 1
J B 65 898 1 82 6913 2304 0
J N 9 919 56 9 1 0 2 142 143
K 1 14 45
K 7 14 45
K 0 0 41
K 0 14 41
K -1 14 45
K 2 14 45
K 4 14 45
K 7 14 45
A D 24 24 0
A P 1 175 0
A P 1 163 0
H 142 T 56 0 0 0 0 0 7 0
H 143 T 70 0 0 0 0 0 13 0
J B 66 1215 1 82 6913 2304 0
J N 8 1238 63 10 1 0 0
K 1 7 45
K -14 14 64
K 0 0 42
K 0 14 42
K 0 7 45
K 1 7 45
K 0 14 59
K 0 0 59
K 0 -21 59
A D 12 24 0
A P 1 169 0
A P 1 158 0
J N 8 1360 49 6 3457 1152 0
K 0 0 42
K 0 14 42
K 0 14 59
K 0 0 59
K 0 -21 59
A D 12 24 0
A P 1 180 0
A P 1 169 0
J B 67 1483 1 82 6913 1152 0
J N 8 1504 49 6 1 0 0
K 0 0 42
K 0 14 42
K 0 14 59
K 0 0 59
K 0 -21 59
A D 12 24 0
A P 1 180 0
A P 1 169 0
J N 8 1626 49 6 3457 1152 0
K 0 0 42
K 0 14 42
K 0 14 59
K 0 0 59
K 0 -21 59
A D 12 24 0
A P 1 180 0
A P 1 169 0
J B 68 1749 1 82 6913 1152 0
J N 7 1770 70 10 1 0 1 144
K 1 0 45
K 0 0 43
K -1 0 45
K 2 0 45
K 0 17 96
K 0 40 108
K 23 40 108
K 0 0 59
K 0 -21 59
A D 4 24 0
A P 1 163 0
J N 7 1813 70 7 1153 384 1 145
K 1 0 45
K 0 0 43
K -1 0 45
K 2 0 45
K 0 0 59
K 0 -21 59
A D 4 24 0
A P 1 163 0
J N 7 1860 77 8 2305 384 0
K 1 -7 45
K -14 0 64
K 0 0 43
K 0 -7 45
K 1 -7 45
K 0 0 59
K 0 -21 59
A D 4 24 0
A P 1 158 0
J N 7 1907 70 7 3457 384 0
K 1 0 45
K 0 0 43
K -1 0 45
K 2 0 45
K 0 0 59
K 0 -21 59
A D 4 24 0
A P 1 163 0
J N 7 1954 77 7 4609 384 0
K 1 -7 45
K 0 0 43
K 0 -7 45
K 1 -7 45
K 0 0 59
K 0 -21 59
A D 4 24 0
A P 1 158 0
J N 7 1998 70 8 5761 384 2 145 144
K 1 0 45
K -18 0 63
K 0 0 43
K -1 0 45
K 2 0 45
K 0 0 59
K 0 -21 59
A D 4 24 0
A P 1 164 0
H 144 X 1 6 0 -84 6 -84 0
H 145 S 12 0 0 0 0 0 0 0 0
J B 69 2050 1 82 6913 384 0
E *
L 1105 0 0 315 315 * 0 14 0
J D 0 -86 42 1 6913 0 0
W 0 0 31 Vla
J C 13 5 28 35 6913 0 0
J K -1 57 0 1 6913 0 0
K 0 35 65
J D 0 -11 -14 1 6913 0 0
W 0 0 0 \06\02
J N 8 117 56 9 1 0 0
K 1 14 45
K 0 0 42
K 0 14 42
K -1 14 45
K 2 14 45
K 0 14 59
K 0 0 59
K 0 -21 59
A D 12 24 0
A P 1 140 0
A P 2 129 0
J N 8 241 56 9 3457 1152 0
K 1 14 45
K 0 0 42
K 0 14 42
K -1 14 45
K 2 14 45
K 0 14 59
K 0 0 59
K 0 -21 59
A D 12 24 0
A P 1 140 0
A P 2 129 0
J B 63 366 1 82 6913 1152 0
J N 8 387 56 9 1 0 0
K 1 14 45
K 0 0 42
K 0 14 42
K -1 14 45
K 2 14 45
K 0 14 59
K 0 0 59
K 0 -21 59
A D 12 24 0
A P 1 140 0
A P 2 129 0
J N 8 510 56 9 3457 1152 0
K 1 14 45
K 0 0 42
K 0 14 42
K -1 14 45
K 2 14 45
K 0 14 59
K 0 0 59
K 0 -21 59
A D 12 24 0
A P 1 140 0
A P 2 129 0
J B 64 633 1 82 6913 1152 0
J N 9 654 63 9 1 0 2 108 109
K 1 7 45
K 7 7 45
K 0 0 41
K 0 14 41
K 0 7 45
K 1 7 45
K 5 7 45
K 6 7 45
A D 24 24 1
A P 1 135 1
A P 2 123 1
J B 65 898 1 82 6913 2304 0
J N 9 919 63 9 1 0 2 108 109
K 1 7 45
K 7 7 45
K 0 0 41
K 0 14 41
K 0 7 45
K 1 7 45
K 5 7 45
K 6 7 45
A D 24 24 0
A P 1 135 0
A P 2 123 0
H 108 T 63 0 0 0 0 0 3 0
H 109 T 77 0 0 0 0 0 9 0
J B 66 1215 1 82 6913 2304 0
J N 8 1238 56 9 1 0 0
K 1 14 45
K 0 0 42
K 0 14 42
K -1 14 45
K 2 14 45
K 0 14 59
K 0 0 59
K 0 -21 59
A D 12 24 0
A P 1 140 0
A P 2 129 0
J N 8 1360 56 9 3457 1152 0
K 1 14 45
K 0 0 42
K 0 14 42
K -1 14 45
K 2 14 45
K 0 14 59
K 0 0 59
K 0 -21 59
A D 12 24 0
A P 1 140 0
A P 2 129 0
J B 67 1483 1 82 6913 1152 0
J N 8 1504 56 9 1 0 0
K 1 14 45
K 0 0 42
K 0 14 42
K -1 14 45
K 2 14 45
K 0 14 59
K 0 0 59
K 0 -21 59
A D 12 24 0
A P 1 140 0
A P 2 129 0
J N 8 1626 56 9 3457 1152 0
K 1 14 45
K 0 0 42
K 0 14 42
K -1 14 45
K 2 14 45
K 0 14 59
K 0 0 59
K 0 -21 59
A D 12 24 0
A P 1 140 0
A P 2 129 0
J B 68 1749 1 82 6913 1152 0
J N 7 1770 63 11 1 0 1 110
K 1 7 45
K 0 0 43
K 0 14 43
K 0 7 45
K 1 7 45
K 0 43 108
K 23 43 108
K 0 14 59
K 0 0 59
K 0 -21 59
A D 4 24 0
A P 1 135 0
A P 2 123 0
J N 7 1813 28 5 1153 384 0
K 17 0 43
K 0 0 43
K 0 0 59
K 0 -14 59
A D 4 24 0
A P 1 163 0
A P 2 163 0
J N 7 1860 28 5 2305 384 0
K 17 0 43
K 0 0 43
K 0 0 59
K 0 -14 59
A D 4 24 0
A P 1 163 0
A P 2 163 0
J N 7 1907 28 5 3457 384 0
K 17 0 43
K 0 0 43
K 0 0 59
K 0 -14 59
A D 4 24 0
A P 1 163 0
A P 2 163 0
J N 7 1954 28 5 4609 384 0
K 17 0 43
K 0 0 43
K 0 0 59
K 0 -14 59
A D 4 24 0
A P 1 163 0
A P 2 163 0
J N 7 1998 42 5 5761 384 1 110
K 17 0 43
K 0 0 43
K 0 0 59
K 0 -21 59
A D 4 24 0
A P 1 152 0
A P 2 152 0
H 110 X 1 6 0 -77 6 -56 0
J B 69 2050 1 82 6913 384 0
E *
L 1240 0 0 315 315 * 0 14 0
J D 0 -83 42 1 6913 0 0
W 0 0 31 Vc
J C 22 5 14 36 6913 0 0
J K -1 57 0 1 6913 0 0
K 0 42 65
J D 0 -11 -14 1 6913 0 0
W 0 0 0 \06\02
J N 7 117 56 4 1 0 2 10 11
K 0 0 43
K 0 0 59
K 0 -21 59
A D 4 24 0
A P 1 106 0
J N 7 161 28 4 1153 384 0
K 0 0 43
K 0 0 60
K 0 21 60
A D 4 24 0
A P 1 129 0
J N 7 197 14 4 2305 384 0
K 0 0 43
K 0 0 60
K 0 21 60
A D 4 24 0
A P 1 140 0
J N 7 241 7 4 3457 384 0
K 0 0 43
K 0 0 60
K 0 21 60
A D 4 24 0
A P 1 146 0
J N 7 285 56 4 4609 384 0
K 0 0 43
K 0 0 59
K 0 -21 59
A D 4 24 0
A P 1 106 0
J N 7 321 7 4 5761 384 2 10 11
K 0 0 43
K 0 0 60
K 0 21 60
A D 4 24 0
A P 1 146 0
H 11 X 1 6 0 -91 0 -42 0
H 10 S 0 14 -14 0 0 1 0 0 0
J B 63 366 1 82 6913 384 0
J N 7 387 56 4 1 0 2 12 13
K 0 0 43
K 0 0 59
K 0 -21 59
A D 4 24 0
A P 1 106 0
J N 7 431 28 4 1153 384 0
K 0 0 43
K 0 0 60
K 0 21 60
A D 4 24 0
A P 1 129 0
J N 7 467 14 4 2305 384 0
K 0 0 43
K 0 0 60
K 0 21 60
A D 4 24 0
A P 1 140 0
J N 7 510 7 4 3457 384 0
K 0 0 43
K 0 0 60
K 0 21 60
A D 4 24 0
A P 1 146 0
J N 7 553 56 4 4609 384 0
K 0 0 43
K 0 0 59
K 0 -21 59
A D 4 24 0
A P 1 106 0
J N 7 589 7 4 5761 384 2 12 13
K 0 0 43
K 0 0 60
K 0 21 60
A D 4 24 0
A P 1 146 0
H 13 X 1 6 0 -91 0 -42 0
H 12 S 0 14 -14 0 0 1 0 0 0
J B 64 633 1 82 6913 384 0
J N 7 654 56 4 1 0 2 14 15
K 0 0 43
K 0 0 59
K 0 -21 59
A D 4 24 0
A P 1 106 0
J N 7 697 35 4 1153 384 0
K 0 0 43
K 0 0 59
K 0 -21 59
A D 4 24 0
A P 1 123 0
J N 7 733 21 4 2305 384 0
K 0 0 43
K 0 0 60
K 0 21 60
A D 4 24 0
A P 1 135 0
J N 7 776 7 4 3457 384 0
K 0 0 43
K 0 0 60
K 0 21 60
A D 4 24 0
A P 1 146 0
J N 7 819 56 4 4609 384 0
K 0 0 43
K 0 0 59
K 0 -21 59
A D 4 24 0
A P 1 106 0
J N 7 855 7 4 5761 384 2 14 15
K 0 0 43
K 0 0 60
K 0 21 60
A D 4 24 0
A P 1 146 0
H 15 X 1 6 0 -70 0 -21 0
H 14 S 0 14 -70 0 -14 0 0 0 0
J B 65 898 1 82 6913 384 0
J N 7 919 56 4 1 0 2 16 17
K 0 0 43
K 0 0 59
K 0 -21 59
A D 4 24 0
A P 1 106 0
J N 7 962 35 4 1153 384 0
K 0 0 43
K 0 0 59
K 0 -21 59
A D 4 24 0
A P 1 123 0
J N 7 1008 21 4 2305 384 0
K 0 0 43
K 0 0 60
K 0 21 60
A D 4 24 0
A P 1 135 0
J N 7 1092 7 4 3457 384 0
K 0 0 43
K 0 0 60
K 0 21 60
A D 4 24 0
A P 1 146 0
J N 7 1135 56 4 4609 384 0
K 0 0 43
K 0 0 59
K 0 -21 59
A D 4 24 0
A P 1 106 0
J N 7 1171 7 4 5761 384 2 16 17
K 0 0 43
K 0 0 60
K 0 21 60
A D 4 24 0
A P 1 146 0
H 17 X 1 6 0 -70 0 -21 0
H 16 S 0 14 -70 0 -14 0 0 0 0
J B 66 1215 1 82 6913 384 0
J N 7 1238 56 4 1 0 2 18 19
K 0 0 43
K 0 0 59
K 0 -21 59
A D 4 24 0
A P 1 106 0
J N 7 1281 28 4 1153 384 0
K 0 0 43
K 0 0 60
K 0 21 60
A D 4 24 0
A P 1 129 0
J N 7 1317 14 4 2305 384 0
K 0 0 43
K 0 0 60
K 0 21 60
A D 4 24 0
A P 1 140 0
J N 7 1360 7 4 3457 384 0
K 0 0 43
K 0 0 60
K 0 21 60
A D 4 24 0
A P 1 146 0
J N 7 1403 56 4 4609 384 0
K 0 0 43
K 0 0 59
K 0 -21 59
A D 4 24 0
A P 1 106 0
J N 7 1439 7 4 5761 384 2 18 19
K 0 0 43
K 0 0 60
K 0 21 60
A D 4 24 0
A P 1 146 0
H 19 X 1 6 0 -91 0 -42 0
H 18 S 0 14 -14 0 0 1 0 0 0
J B 67 1483 1 82 6913 384 0
J N 7 1504 56 4 1 0 2 20 21
K 0 0 43
K 0 0 59
K 0 -21 59
A D 4 24 0
A P 1 106 0
J N 7 1547 28 4 1153 384 0
K 0 0 43
K 0 0 60
K 0 21 60
A D 4 24 0
A P 1 129 0
J N 7 1583 14 4 2305 384 0
K 0 0 43
K 0 0 60
K 0 21 60
A D 4 24 0
A P 1 140 0
J N 7 1626 7 4 3457 384 0
K 0 0 43
K 0 0 60
K 0 21 60
A D 4 24 0
A P 1 146 0
J N 7 1669 56 4 4609 384 0
K 0 0 43
K 0 0 59
K 0 -21 59
A D 4 24 0
A P 1 106 0
J N 7 1705 7 4 5761 384 2 20 21
K 0 0 43
K 0 0 60
K 0 21 60
A D 4 24 0
A P 1 146 0
H 21 X 1 6 0 -91 0 -42 0
H 20 S 0 14 -14 0 0 1 0 0 0
J B 68 1749 1 82 6913 384 0
J N 7 1770 35 6 1 0 0
K 0 0 43
K 0 46 108
K 23 46 108
K 0 0 59
K 0 -21 59
A D 6 24 0
A P 1 123 0
J R 7 1831 28 2 1729 576 0
K 0 0 48
A D 6 24 1
A P 1 0 1
J R 7 1907 28 2 3457 576 0
K 0 0 48
A D 6 24 0
A P 1 0 0
J D 0 1960 0 1 5185 576 0
W 0 -25 32 pizz.
J N 7 1972 0 4 5185 0 0
K 0 0 43
K 0 0 60
K 0 21 60
A D 6 24 0
A P 1 152 0
J B 69 2050 1 82 6913 576 0
E *
L 1370 0 0 315 315 * 0 14 0
J D 0 -83 42 1 6913 0 0
W 0 0 31 Cb
J C 22 5 14 36 6913 0 0
J K -1 57 0 1 6913 0 0
K 0 42 65
J D 0 -11 -14 1 6913 0 0
W 0 0 0 \06\02
J N 7 117 35 4 1 0 0
K 0 0 43
K 0 0 59
K 0 -21 59
A D 6 24 0
A P 1 123 0
J R 7 179 28 2 1729 576 0
K 0 0 48
A D 6 24 0
A P 1 0 0
J N 7 241 35 4 3457 576 0
K 0 0 43
K 0 0 59
K 0 -21 59
A D 6 24 0
A P 1 123 0
J R 7 303 28 2 5185 576 0
K 0 0 48
A D 6 24 0
A P 1 0 0
J B 63 366 1 82 6913 576 0
J N 7 387 35 4 1 0 0
K 0 0 43
K 0 0 59
K 0 -21 59
A D 6 24 0
A P 1 123 0
J R 7 449 28 2 1729 576 0
K 0 0 48
A D 6 24 0
A P 1 0 0
J N 7 510 35 4 3457 576 0
K 0 0 43
K 0 0 59
K 0 -21 59
A D 6 24 0
A P 1 123 0
J R 7 571 28 2 5185 576 0
K 0 0 48
A D 6 24 0
A P 1 0 0
J B 64 633 1 82 6913 576 0
J N 7 654 35 4 1 0 0
K 0 0 43
K 0 0 59
K 0 -21 59
A D 6 24 0
A P 1 123 0
J R 7 715 28 2 1729 576 0
K 0 0 48
A D 6 24 1
A P 1 0 1
J R 8 776 28 2 3457 576 0
K 0 0 47
A D 12 24 0
A P 1 0 0
J B 65 898 1 82 6913 1152 0
J N 7 919 35 4 1 0 0
K 0 0 43
K 0 0 59
K 0 -21 59
A D 6 24 0
A P 1 123 0
J R 7 980 28 2 1729 576 0
K 0 0 48
A D 6 24 1
A P 1 0 1
J R 8 1092 28 2 3457 576 0
K 0 0 47
A D 12 24 0
A P 1 0 0
J B 66 1215 1 82 6913 1152 0
J N 7 1238 35 4 1 0 0
K 0 0 43
K 0 0 59
K 0 -21 59
A D 6 24 0
A P 1 123 0
J R 7 1299 28 2 1729 576 0
K 0 0 48
A D 6 24 0
A P 1 0 0
J N 7 1360 35 4 3457 576 0
K 0 0 43
K 0 0 59
K 0 -21 59
A D 6 24 0
A P 1 123 0
J R 7 1421 28 2 5185 576 0
K 0 0 48
A D 6 24 0
A P 1 0 0
J B 67 1483 1 82 6913 576 0
J N 7 1504 35 4 1 0 0
K 0 0 43
K 0 0 59
K 0 -21 59
A D 6 24 0
A P 1 123 0
J R 7 1565 28 2 1729 576 0
K 0 0 48
A D 6 24 0
A P 1 0 0
J N 7 1626 35 4 3457 576 0
K 0 0 43
K 0 0 59
K 0 -21 59
A D 6 24 0
A P 1 123 0
J R 7 1687 28 2 5185 576 0
K 0 0 48
A D 6 24 0
A P 1 0 0
J B 68 1749 1 82 6913 576 0
J N 7 1770 35 6 1 0 0
K 0 0 43
K 0 46 108
K 23 46 108
K 0 0 59
K 0 -21 59
A D 6 24 0
A P 1 123 0
J R 7 1831 28 2 1729 576 0
K 0 0 48
A D 6 24 1
A P 1 0 1
J R 7 1907 28 2 3457 576 0
K 0 0 48
A D 6 24 0
A P 1 0 0
J D 0 1960 0 1 5185 576 0
W 0 -25 32 pizz.
J N 7 1972 0 4 5185 0 0
K 0 0 43
K 0 0 60
K 0 21 60
A D 6 24 0
A P 1 152 0
J B 69 2050 1 82 6913 576 0
E *
B 1 366 0
B 1 633 0
B 1 898 0
B 1 1215 0
B 1 1483 0
B 1 1749 0
B 1 2050 0
S 0 200 1895 2050 1006 8 "[(....)][({..}..)]"
L 0 0 0 315 315 * 0 14 0
J D 0 -108 42 1 6913 0 0
W 0 0 31 Fl 1-2
J C 4 5 42 2 6913 0 0
K 0 0 33
K 0 0 34
J K -1 57 0 1 6913 0 0
K 0 28 65
J D 0 -11 -14 1 6913 0 0
W 0 0 37 \06\09
J N 7 115 0 5 1 0 1 27
K 0 0 43
K 0 -17 96
K 0 0 60
K 0 21 60
A D 6 24 0
A P 1 220 0
J M 0 80 0 0 6913 0 1 27
H 27 S 0 0 -7 0 -14 0 0 0
J N 8 176 0 4 1729 576 0
K 0 0 42
K 0 0 60
K 0 21 60
A D 12 24 0
A P 1 220 0
J N 6 307 7 2 5185 1152 2 29 30
K 0 0 43
A D 3 24 0
A P 1 215 0
J N 6 358 0 3 6049 288 1 30
K -18 0 63
K 0 0 43
A D 3 24 0
A P 1 221 0
H 30 B -41 -2 108 2 2 3
J B 70 392 1 82 6913 288 0
J D 0 413 0 1 1 0 0
W 0 92 33 sempre !1|pp
J N 7 413 -7 5 1 0 1 29
K 0 0 43
K 0 -17 96
K 0 0 60
K 0 21 60
A D 6 24 0
A P 1 226 0
H 29 S 0 0 0 0 -14 0 0 0 0
J N 8 477 -7 4 1729 576 0
K 0 0 42
K 0 0 60
K 0 21 60
A D 12 24 0
A P 1 226 0
J N 6 604 0 3 5185 1152 2 31 32
K -14 0 64
K 0 0 43
A D 3 24 0
A P 1 220 0
J N 6 639 -7 2 6049 288 1 32
K 0 0 43
A D 3 24 0
A P 1 226 0
H 32 B -47 -4 108 2 2 3
J B 71 673 1 82 6913 288 0
J N 7 694 -14 8 1 0 1 31
K 0 0 45
K 0 0 43
K -1 0 45
K 2 0 45
K 0 -17 96
K 0 0 60
K 0 21 60
A D 6 24 0
A P 1 232 0
H 31 S 0 0 0 0 -14 0 0 0 0
J N 8 754 -14 7 1729 576 0
K 0 0 45
K 0 0 42
K -1 0 45
K 2 0 45
K 0 0 60
K 0 21 60
A D 12 24 0
A P 1 232 0
J N 6 874 -7 2 5185 1152 2 33 34
K 0 0 43
A D 3 24 0
A P 1 226 0
J N 6 925 -14 5 6049 288 1 34
K 0 0 45
K 0 0 43
K -1 0 45
K 2 0 45
A D 3 24 0
A P 1 232 0
H 34 B -41 -2 108 2 2 3
J B 72 959 1 82 6913 288 0
J N 7 982 -21 9 1 0 1 33
K 0 7 45
K -14 0 64
K 0 0 43
K 0 7 45
K 1 7 45
K 0 -17 96
K 0 0 60
K 0 21 60
A D 6 24 0
A P 1 238 0
H 33 S 0 0 0 0 -14 0 0 0 0
J N 7 1042 -21 8 1729 576 0
K 0 7 45
K 0 0 43
K 0 7 45
K 1 7 45
K 0 -17 96
K 0 0 60
K 0 21 60
A D 6 24 0
A P 1 238 0
J N 7 1103 -21 8 3457 576 0
K 0 7 45
K 0 0 43
K 0 7 45
K 1 7 45
K 0 -17 96
K 0 0 60
K 0 21 60
A D 6 24 0
A P 1 238 0
J N 7 1163 -28 9 5185 576 0
K 0 14 45
K 0 0 45
K 0 0 43
K -1 0 45
K 2 0 45
K 0 -17 96
K 0 0 60
K 0 28 60
A D 6 24 0
A P 1 243 0
J B 73 1227 1 82 6913 576 0
J N 7 1250 -14 8 1 0 0
K 0 0 45
K 0 0 43
K -1 0 45
K 2 0 45
K 0 -17 96
K 0 0 60
K 0 21 60
A D 6 24 0
A P 1 232 0
J N 7 1313 -14 8 1729 576 0
K 0 0 45
K 0 0 43
K -1 0 45
K 2 0 45
K 0 -17 96
K 0 0 60
K 0 21 60
A D 6 24 0
A P 1 232 0
J N 7 1374 -14 8 3457 576 0
K 0 0 45
K 0 0 43
K -1 0 45
K 2 0 45
K 0 -17 96
K 0 0 60
K 0 21 60
A D 6 24 0
A P 1 232 0
J N 7 1434 -21 9 5185 576 0
K 0 7 45
K -14 0 64
K 0 0 43
K 0 7 45
K 1 7 45
K 0 -17 96
K 0 0 60
K 0 21 60
A D 6 24 0
A P 1 238 0
J B 74 1505 1 82 6913 576 0
J N 7 1526 -7 5 1 0 0
K 0 0 43
K 0 -17 96
K 0 0 60
K 0 21 60
A D 6 24 0
A P 1 226 0
J N 7 1586 -7 5 1729 576 0
K 0 0 43
K 0 -17 96
K 0 0 60
K 0 21 60
A D 6 24 0
A P 1 226 0
J N 7 1647 -7 5 3457 576 0
K 0 0 43
K 0 -17 96
K 0 0 60
K 0 21 60
A D 6 24 0
A P 1 226 0
J N 7 1707 -14 8 5185 576 0
K 0 0 45
K 0 0 43
K -1 0 45
K 2 0 45
K 0 -17 96
K 0 0 60
K 0 21 60
A D 6 24 0
A P 1 232 0
J B 75 1778 1 82 6913 576 0
J N 7 1801 0 5 1 0 0
K 0 0 43
K 0 -17 96
K 0 0 60
K 0 21 60
A D 6 24 0
A P 1 220 0
J N 7 1861 0 5 1729 576 0
K 0 0 43
K 0 -17 96
K 0 0 60
K 0 21 60
A D 6 24 0
A P 1 220 0
J N 7 1922 0 5 3457 576 0
K 0 0 43
K 0 -17 96
K 0 0 60
K 0 21 60
A D 6 24 0
A P 1 220 0
J N 7 1982 -7 5 5185 576 0
K 0 0 43
K 0 -17 96
K 0 0 60
K 0 21 60
A D 6 24 0
A P 1 226 0
J B 76 2050 1 82 6913 576 0
E *
L 132 0 0 315 315 * 0 14 0
J D 0 -119 42 1 6913 0 0
W 0 0 31 Ob 1-2
J C 4 5 42 2 6913 0 0
K 0 0 33
K 0 0 34
J K -1 57 0 1 6913 0 0
K 0 28 65
J D 0 -11 -14 1 6913 0 0
W 0 0 0 \06\09
J N 7 115 14 5 1 0 1 35
K 0 0 43
K 0 -21 96
K 0 0 60
K 0 21 60
A D 6 24 0
A P 1 209 0
J M 0 80 0 0 6913 0 1 35
H 35 S 0 0 2 0 -21 0 0 0
J N 8 176 14 4 1729 576 0
K 0 0 42
K 0 0 60
K 0 21 60
A D 12 24 0
A P 1 209 0
J N 6 307 21 3 5185 1152 2 37 38
K -18 0 63
K 0 0 43
A D 3 24 0
A P 1 204 0
J N 6 358 14 3 6049 288 1 38
K -18 0 63
K 0 0 43
A D 3 24 0
A P 1 210 0
H 38 B -41 -2 108 2 2 3
J B 70 392 1 82 6913 288 0
J D 0 413 0 1 1 0 0
W 0 92 33 sempre !1|pp
J N 7 413 7 5 1 0 1 37
K 0 0 43
K 0 -17 96
K 0 0 60
K 0 21 60
A D 6 24 0
A P 1 215 0
H 37 S 0 0 0 0 -14 0 0 0 0
J N 8 477 7 4 1729 576 0
K 0 0 42
K 0 0 60
K 0 21 60
A D 12 24 0
A P 1 215 0
J N 6 604 14 3 5185 1152 2 39 40
K -14 0 64
K 0 0 43
A D 3 24 0
A P 1 209 0
J N 6 639 7 2 6049 288 1 40
K 0 0 43
A D 3 24 0
A P 1 215 0
H 40 B -47 -4 108 2 2 3
J B 71 673 1 82 6913 288 0
J N 7 694 0 5 1 0 1 39
K 0 0 43
K 0 -17 96
K 0 0 60
K 0 21 60
A D 6 24 0
A P 1 220 0
H 39 S 0 0 0 0 -14 0 0 0 0
J N 8 754 0 4 1729 576 0
K 0 0 42
K 0 0 60
K 0 21 60
A D 12 24 0
A P 1 220 0
J N 6 874 7 2 5185 1152 2 41 42
K 0 0 43
A D 3 24 0
A P 1 215 0
J N 6 925 0 3 6049 288 1 42
K -18 0 63
K 0 0 43
A D 3 24 0
A P 1 221 0
H 42 B -41 -2 108 2 2 3
J B 72 959 1 82 6913 288 0
J N 7 982 -7 5 1 0 1 41
K 0 0 43
K 0 -17 96
K 0 0 60
K 0 21 60
A D 6 24 0
A P 1 226 0
H 41 S 0 0 0 0 -14 0 0 0 0
J N 7 1042 -7 5 1729 576 0
K 0 0 43
K 0 -17 96
K 0 0 60
K 0 21 60
A D 6 24 0
A P 1 226 0
J N 7 1103 -7 5 3457 576 0
K 0 0 43
K 0 -17 96
K 0 0 60
K 0 21 60
A D 6 24 0
A P 1 226 0
J N 7 1163 7 5 5185 576 0
K 0 0 43
K 0 -17 96
K 0 0 60
K 0 21 60
A D 6 24 0
A P 1 215 0
J B 73 1227 1 82 6913 576 0
J N 7 1250 0 6 1 0 0
K -14 0 64
K 0 0 43
K 0 -17 96
K 0 0 60
K 0 21 60
A D 6 24 0
A P 1 220 0
J N 7 1313 0 5 1729 576 0
K 0 0 43
K 0 -17 96
K 0 0 60
K 0 21 60
A D 6 24 0
A P 1 220 0
J N 7 1374 0 5 3457 576 0
K 0 0 43
K 0 -17 96
K 0 0 60
K 0 21 60
A D 6 24 0
A P 1 220 0
J N 7 1434 14 6 5185 576 0
K -18 0 63
K 0 0 43
K 0 -21 96
K 0 0 60
K 0 21 60
A D 6 24 0
A P 1 210 0
J B 74 1505 1 82 6913 576 0
J N 7 1526 7 5 1 0 0
K 0 0 43
K 0 -17 96
K 0 0 60
K 0 21 60
A D 6 24 0
A P 1 215 0
J N 7 1586 7 5 1729 576 0
K 0 0 43
K 0 -17 96
K 0 0 60
K 0 21 60
A D 6 24 0
A P 1 215 0
J N 7 1647 7 5 3457 576 0
K 0 0 43
K 0 -17 96
K 0 0 60
K 0 21 60
A D 6 24 0
A P 1 215 0
J N 7 1707 21 6 5185 576 0
K -18 0 63
K 0 0 43
K 0 -14 96
K 0 0 60
K 0 21 60
A D 6 24 0
A P 1 204 0
J B 75 1778 1 82 6913 576 0
J N 7 1801 14 6 1 0 0
K -14 0 64
K 0 0 43
K 0 -21 96
K 0 0 60
K 0 21 60
A D 6 24 0
A P 1 209 0
J N 7 1861 14 5 1729 576 0
K 0 0 43
K 0 -21 96
K 0 0 60
K 0 21 60
A D 6 24 0
A P 1 209 0
J N 7 1922 14 5 3457 576 0
K 0 0 43
K 0 -21 96
K 0 0 60
K 0 21 60
A D 6 24 0
A P 1 209 0
J N 7 1982 28 6 5185 576 0
K -14 0 64
K 0 0 43
K 0 -21 96
K 0 0 60
K 0 21 60
A D 6 24 0
A P 1 198 0
J B 76 2050 1 82 6913 576 0
E *
L 264 0 0 315 315 * 0 14 0
J D 0 -110 42 1 6913 0 0
W 0 -21 31 Cl 1-2
J D 0 -110 42 1 6913 0 0
W 0 21 31 (B\0.)
J C 4 5 42 2 6913 0 0
K 0 0 33
K 0 0 34
J K 1 57 0 1 6913 0 0
K 0 0 63
J D 0 -11 -14 1 6913 0 0
W 0 0 0 \06\09
J R 9 229 28 2 1 0 0
K 0 0 46
A D 24 24 0
A P 3 0 0
J B 70 392 1 82 6913 2304 0
J R 9 518 28 2 1 0 0
K 0 0 46
A D 24 24 0
A P 3 0 0
J B 71 673 1 82 6913 2304 0
J R 8 694 28 2 1 0 0
K 0 0 47
A D 12 24 1
A P 1 0 1
J R 7 815 28 2 3457 1152 0
K 0 0 48
A D 6 24 0
A P 1 0 0
J D 0 846 0 1 5185 576 0
W 0 -21 32 1.
J N 6 874 35 4 5185 0 2 28 29
K 0 0 43
K 0 46 108
K 23 46 108
A D 3 24 0
A P 1 192 0
J N 6 925 28 2 6049 288 1 29
K 0 0 43
A D 3 24 0
A P 1 198 0
H 29 B 50 -2 108 2 2 3
J B 72 959 1 82 6913 288 0
J N 7 982 21 6 1 0 1 28
K -18 0 63
K 0 0 43
K 0 -14 96
K 0 0 60
K 0 21 60
A D 6 24 0
A P 1 204 0
H 28 S 0 6 -49 0 -21 0 0 0 0
J N 7 1042 21 5 1729 576 0
K 0 0 43
K 0 -14 96
K 0 0 60
K 0 21 60
A D 6 24 0
A P 1 204 0
J N 7 1103 21 5 3457 576 0
K 0 0 43
K 0 -14 96
K 0 0 60
K 0 21 60
A D 6 24 0
A P 1 204 0
J N 7 1163 14 5 5185 576 0
K 0 0 43
K 0 -21 96
K 0 0 60
K 0 21 60
A D 6 24 0
A P 1 209 0
J B 73 1227 1 82 6913 576 0
J N 7 1250 28 5 1 0 0
K 0 0 43
K 0 -21 96
K 0 0 60
K 0 21 60
A D 6 24 0
A P 1 198 0
J N 7 1313 28 5 1729 576 0
K 0 0 43
K 0 -21 96
K 0 0 60
K 0 21 60
A D 6 24 0
A P 1 198 0
J N 7 1374 28 5 3457 576 0
K 0 0 43
K 0 -21 96
K 0 0 60
K 0 21 60
A D 6 24 0
A P 1 198 0
J N 7 1434 21 6 5185 576 0
K -18 0 63
K 0 0 43
K 0 -14 96
K 0 0 60
K 0 21 60
A D 6 24 0
A P 1 204 0
J B 74 1505 1 82 6913 576 0
J N 7 1526 35 5 1 0 0
K 0 0 43
K 0 14 96
K 0 0 59
K 0 -21 59
A D 6 24 0
A P 1 192 0
J N 7 1586 35 5 1729 576 0
K 0 0 43
K 0 14 96
K 0 0 59
K 0 -21 59
A D 6 24 0
A P 1 192 0
J N 7 1647 35 5 3457 576 0
K 0 0 43
K 0 14 96
K 0 0 59
K 0 -21 59
A D 6 24 0
A P 1 192 0
J N 7 1707 28 5 5185 576 0
K 0 0 43
K 0 21 96
K 0 0 59
K 0 -14 59
A D 6 24 0
A P 1 198 0
J B 75 1778 1 82 6913 576 0
J N 7 1801 42 5 1 0 0
K 0 0 43
K 0 21 96
K 0 0 59
K 0 -21 59
A D 6 24 0
A P 1 186 0
J N 7 1861 42 5 1729 576 0
K 0 0 43
K 0 21 96
K 0 0 59
K 0 -21 59
A D 6 24 0
A P 1 186 0
J N 7 1922 42 5 3457 576 0
K 0 0 43
K 0 21 96
K 0 0 59
K 0 -21 59
A D 6 24 0
A P 1 186 0
J N 7 1982 35 5 5185 576 0
K 0 0 43
K 0 14 96
K 0 0 59
K 0 -21 59
A D 6 24 0
A P 1 192 0
J B 76 2050 1 82 6913 576 0
E *
L 396 0 0 315 315 * 0 14 0
J D 0 -130 42 1 6913 0 0
W 0 0 31 Fag 1-2
J C 22 5 14 36 6913 0 0
J K -1 57 0 1 6913 0 0
K 0 42 65
J D 0 -11 -14 1 6913 0 0
W 0 0 0 \06\09
J N 7 115 -21 7 1 0 0
K 0 7 45
K 0 0 43
K 0 7 45
K 1 7 45
K 0 0 60
K 0 21 60
A D 6 24 0
A P 1 169 0
J N 8 176 -21 7 1729 576 0
K 0 7 45
K 0 0 42
K 0 7 45
K 1 7 45
K 0 0 60
K 0 21 60
A D 12 24 0
A P 1 169 0
J N 7 307 -7 5 5185 1152 0
K -14 0 64
K 0 0 43
K 0 0 60
K 0 21 60
A D 6 24 0
A P 1 158 0
J B 70 392 1 82 6913 576 0
J D 0 413 0 1 1 0 0
W 0 92 33 sempre !1|pp
J N 7 413 -28 8 1 0 0
K 0 14 45
K 0 0 45
K 0 0 43
K -1 0 45
K 2 0 45
K 0 0 60
K 0 28 60
A D 6 24 0
A P 1 175 0
J N 8 477 -28 8 1729 576 0
K 0 14 45
K 0 0 45
K 0 0 42
K -1 0 45
K 2 0 45
K 0 0 60
K 0 28 60
A D 12 24 0
A P 1 175 0
J N 7 604 -14 7 5185 1152 0
K 0 0 45
K 0 0 43
K -1 0 45
K 2 0 45
K 0 0 60
K 0 21 60
A D 6 24 0
A P 1 163 0
J B 71 673 1 82 6913 576 0
J N 7 694 -35 9 1 0 0
K 0 21 45
K 0 7 45
K 0 0 43
K 0 7 45
K 1 7 45
K 0 0 60
K 0 28 60
K 0 35 60
A D 6 24 0
A P 1 180 0
J N 8 754 -35 9 1729 576 0
K 0 21 45
K 0 7 45
K 0 0 42
K 0 7 45
K 1 7 45
K 0 0 60
K 0 28 60
K 0 35 60
A D 12 24 0
A P 1 180 0
J N 7 874 -21 7 5185 1152 0
K 0 7 45
K 0 0 43
K 0 7 45
K 1 7 45
K 0 0 60
K 0 21 60
A D 6 24 0
A P 1 169 0
J B 72 959 1 82 6913 576 0
J N 7 982 -42 11 1 0 0
K 0 28 45
K 0 14 45
K 0 0 45
K 0 0 43
K -1 0 45
K 2 0 45
K 0 -17 96
K 0 0 60
K 0 28 60
K 0 42 60
A D 6 24 0
A P 1 186 0
J N 7 1042 -42 11 1729 576 0
K 0 28 45
K 0 14 45
K 0 0 45
K 0 0 43
K -1 0 45
K 2 0 45
K 0 -17 96
K 0 0 60
K 0 28 60
K 0 42 60
A D 6 24 0
A P 1 186 0
J N 7 1103 -42 11 3457 576 0
K 0 28 45
K 0 14 45
K 0 0 45
K 0 0 43
K -1 0 45
K 2 0 45
K 0 -17 96
K 0 0 60
K 0 28 60
K 0 42 60
A D 6 24 0
A P 1 186 0
J N 7 1163 -14 8 5185 576 0
K 0 0 45
K 0 0 43
K -1 0 45
K 2 0 45
K 0 -17 96
K 0 0 60
K 0 21 60
A D 6 24 0
A P 1 163 0
J B 73 1227 1 82 6913 576 0
J N 7 1250 -35 10 1 0 0
K 0 21 45
K 0 7 45
K 0 0 43
K 0 7 45
K 1 7 45
K 0 -17 96
K 0 0 60
K 0 28 60
K 0 35 60
A D 6 24 0
A P 1 180 0
J N 7 1313 -35 10 1729 576 0
K 0 21 45
K 0 7 45
K 0 0 43
K 0 7 45
K 1 7 45
K 0 -17 96
K 0 0 60
K 0 28 60
K 0 35 60
A D 6 24 0
A P 1 180 0
J N 7 1374 -35 10 3457 576 0
K 0 21 45
K 0 7 45
K 0 0 43
K 0 7 45
K 1 7 45
K 0 -17 96
K 0 0 60
K 0 28 60
K 0 35 60
A D 6 24 0
A P 1 180 0
J N 7 1434 -7 6 5185 576 0
K -14 0 64
K 0 0 43
K 0 -17 96
K 0 0 60
K 0 21 60
A D 6 24 0
A P 1 158 0
J B 74 1505 1 82 6913 576 0
J N 7 1526 -28 9 1 0 0
K 0 14 45
K 0 0 45
K 0 0 43
K -1 0 45
K 2 0 45
K 0 -17 96
K 0 0 60
K 0 28 60
A D 6 24 0
A P 1 175 0
J N 7 1586 -28 9 1729 576 0
K 0 14 45
K 0 0 45
K 0 0 43
K -1 0 45
K 2 0 45
K 0 -17 96
K 0 0 60
K 0 28 60
A D 6 24 0
A P 1 175 0
J N 7 1647 -28 9 3457 576 0
K 0 14 45
K 0 0 45
K 0 0 43
K -1 0 45
K 2 0 45
K 0 -17 96
K 0 0 60
K 0 28 60
A D 6 24 0
A P 1 175 0
J N 7 1707 0 5 5185 576 0
K 0 0 43
K 0 -17 96
K 0 0 60
K 0 21 60
A D 6 24 0
A P 1 152 0
J B 75 1778 1 82 6913 576 0
J N 7 1801 -21 8 1 0 0
K 0 7 45
K 0 0 43
K 0 7 45
K 1 7 45
K 0 -17 96
K 0 0 60
K 0 21 60
A D 6 24 0
A P 1 169 0
J N 7 1861 -21 8 1729 576 0
K 0 7 45
K 0 0 43
K 0 7 45
K 1 7 45
K 0 -17 96
K 0 0 60
K 0 21 60
A D 6 24 0
A P 1 169 0
J N 7 1922 -21 8 3457 576 0
K 0 7 45
K 0 0 43
K 0 7 45
K 1 7 45
K 0 -17 96
K 0 0 60
K 0 21 60
A D 6 24 0
A P 1 169 0
J N 7 1982 7 5 5185 576 0
K 0 0 43
K 0 -17 96
K 0 0 60
K 0 21 60
A D 6 24 0
A P 1 146 0
J B 76 2050 1 82 6913 576 0
E *
L 551 0 0 315 315 * 0 14 0
J D 0 -119 42 1 6913 0 0
W 0 0 31 Vln 1
J C 4 5 42 2 6913 0 0
K 0 0 33
K 0 0 34
J K -1 57 0 1 6913 0 0
K 0 28 65
J D 0 -11 -14 1 6913 0 0
W 0 0 0 \06\09
J N 7 115 49 5 1 0 0
K 0 0 43
K 0 17 96
K 0 0 59
K 0 -21 59
A D 4 24 0
A P 3 180 0
J N 7 155 49 4 1153 384 1 127
K 0 0 43
K 0 0 59
K 0 -21 59
A D 4 24 0
A P 3 180 0
J N 7 205 56 4 2305 384 0
K 0 0 43
K 0 0 59
K 0 -21 59
A D 4 24 0
A P 3 175 0
J N 7 244 49 4 3457 384 0
K 0 0 43
K 0 0 59
K 0 -21 59
A D 4 24 0
A P 3 180 0
J N 7 283 56 4 4609 384 0
K 0 0 43
K 0 0 59
K 0 -21 59
A D 4 24 0
A P 3 175 0
J N 7 341 49 5 5761 384 0
K -18 0 63
K 0 0 43
K 0 0 59
K 0 -21 59
A D 4 24 0
A P 3 181 0
J B 70 392 1 82 6913 384 0
J D 0 413 0 1 1 0 0
W 0 96 33 sempre !1|pp
J N 7 413 42 4 1 0 1 127
K 0 0 43
K 0 0 59
K 0 -21 59
A D 4 24 0
A P 3 186 0
H 127 S 12 0 0 0 0 0 0 0 0
J N 7 452 42 4 1153 384 1 128
K 0 0 43
K 0 0 59
K 0 -21 59
A D 4 24 0
A P 3 186 0
J N 7 503 49 5 2305 384 0
K -18 0 63
K 0 0 43
K 0 0 59
K 0 -21 59
A D 4 24 0
A P 3 181 0
J N 7 542 42 4 3457 384 0
K 0 0 43
K 0 0 59
K 0 -21 59
A D 4 24 0
A P 3 186 0
J N 7 584 49 5 4609 384 0
K -14 0 64
K 0 0 43
K 0 0 59
K 0 -21 59
A D 4 24 0
A P 3 180 0
J N 7 627 42 4 5761 384 0
K 0 0 43
K 0 0 59
K 0 -21 59
A D 4 24 0
A P 3 186 0
J B 71 673 1 82 6913 384 0
J N 7 694 35 4 1 0 1 128
K 0 0 43
K 0 0 59
K 0 -21 59
A D 4 24 0
A P 3 192 0
H 128 S 12 0 0 0 0 0 0 0 0
J N 7 733 35 4 1153 384 1 129
K 0 0 43
K 0 0 59
K 0 -21 59
A D 4 24 0
A P 3 192 0
J N 7 776 42 4 2305 384 0
K 0 0 43
K 0 0 59
K 0 -21 59
A D 4 24 0
A P 3 186 0
J N 7 815 35 4 3457 384 0
K 0 0 43
K 0 0 59
K 0 -21 59
A D 4 24 0
A P 3 192 0
J N 7 854 42 4 4609 384 0
K 0 0 43
K 0 0 59
K 0 -21 59
A D 4 24 0
A P 3 186 0
J N 7 905 35 4 5761 384 1 129
K 0 0 43
K 0 0 59
K 0 -21 59
A D 4 24 0
A P 3 192 0
H 129 S 12 0 0 0 0 0 0 0 0
J B 72 959 1 82 6913 384 0
J N 7 982 28 5 1 0 1 130
K -14 0 64
K 0 0 43
K 0 0 60
K 0 21 60
A D 4 24 0
A P 3 198 0
J N 7 1021 21 4 1153 384 0
K 0 0 43
K 0 0 60
K 0 21 60
A D 4 24 0
A P 3 203 0
J N 7 1064 28 4 2305 384 0
K 0 0 43
K 0 0 60
K 0 21 60
A D 4 24 0
A P 3 198 0
J N 7 1103 21 4 3457 384 0
K 0 0 43
K 0 0 60
K 0 21 60
A D 4 24 0
A P 3 203 0
J N 7 1142 28 4 4609 384 0
K 0 0 43
K 0 0 60
K 0 21 60
A D 4 24 0
A P 3 198 0
J N 7 1185 21 4 5761 384 0
K 0 0 43
K 0 0 60
K 0 21 60
A D 4 24 0
A P 3 203 0
J B 73 1227 1 82 6913 384 0
J N 7 1250 35 4 1 0 0
K 0 0 43
K 0 0 59
K 0 -21 59
A D 4 24 0
A P 3 192 0
J N 7 1292 28 5 1153 384 0
K -14 0 64
K 0 0 43
K 0 0 59
K 0 -14 59
A D 4 24 0
A P 3 198 0
J N 7 1335 35 4 2305 384 0
K 0 0 43
K 0 0 59
K 0 -21 59
A D 4 24 0
A P 3 192 0
J N 7 1374 28 4 3457 384 0
K 0 0 43
K 0 0 59
K 0 -14 59
A D 4 24 0
A P 3 198 0
J N 7 1413 35 4 4609 384 0
K 0 0 43
K 0 0 59
K 0 -21 59
A D 4 24 0
A P 3 192 0
J N 7 1463 28 4 5761 384 0
K 0 0 43
K 0 0 59
K 0 -14 59
A D 4 24 0
A P 3 198 0
J B 74 1505 1 82 6913 384 0
J N 7 1526 42 4 1 0 0
K 0 0 43
K 0 0 59
K 0 -21 59
A D 4 24 0
A P 3 186 0
J N 7 1565 35 4 1153 384 0
K 0 0 43
K 0 0 59
K 0 -21 59
A D 4 24 0
A P 3 192 0
J N 7 1608 42 4 2305 384 0
K 0 0 43
K 0 0 59
K 0 -21 59
A D 4 24 0
A P 3 186 0
J N 7 1647 35 4 3457 384 0
K 0 0 43
K 0 0 59
K 0 -21 59
A D 4 24 0
A P 3 192 0
J N 7 1686 42 4 4609 384 0
K 0 0 43
K 0 0 59
K 0 -21 59
A D 4 24 0
A P 3 186 0
J N 7 1736 35 4 5761 384 0
K 0 0 43
K 0 0 59
K 0 -21 59
A D 4 24 0
A P 3 192 0
J B 75 1778 1 82 6913 384 0
J N 7 1801 49 4 1 0 0
K 0 0 43
K 0 0 59
K 0 -21 59
A D 4 24 0
A P 3 180 0
J N 7 1840 42 4 1153 384 0
K 0 0 43
K 0 0 59
K 0 -21 59
A D 4 24 0
A P 3 186 0
J N 7 1883 49 4 2305 384 0
K 0 0 43
K 0 0 59
K 0 -21 59
A D 4 24 0
A P 3 180 0
J N 7 1922 42 4 3457 384 0
K 0 0 43
K 0 0 59
K 0 -21 59
A D 4 24 0
A P 3 186 0
J N 7 1961 49 4 4609 384 0
K 0 0 43
K 0 0 59
K 0 -21 59
A D 4 24 0
A P 3 180 0
J N 7 2008 42 4 5761 384 1 130
K 0 0 43
K 0 0 59
K 0 -21 59
A D 4 24 0
A P 3 186 0
H 130 S 0 0 -21 0 -21 3 0 0 0
J B 76 2050 1 82 6913 384 0
E *
L 683 0 0 315 315 * 0 14 0
J D 0 -119 42 1 6913 0 0
W 0 0 31 Vln 2
J C 4 5 42 2 6913 0 0
K 0 0 33
K 0 0 34
J K -1 57 0 1 6913 0 0
K 0 28 65
J D 0 -11 -14 1 6913 0 0
W 0 0 0 \06\09
J N 7 115 63 5 1 0 0
K 0 0 43
K 0 17 96
K 0 0 59
K 0 -21 59
A D 4 24 0
A P 1 169 0
J N 7 155 63 4 1153 384 1 146
K 0 0 43
K 0 0 59
K 0 -21 59
A D 4 24 0
A P 1 169 0
J N 7 205 70 8 2305 384 0
K 1 0 45
K -18 0 63
K 0 0 43
K -1 0 45
K 2 0 45
K 0 0 59
K 0 -21 59
A D 4 24 0
A P 1 164 0
J N 7 244 63 4 3457 384 0
K 0 0 43
K 0 0 59
K 0 -21 59
A D 4 24 0
A P 1 169 0
J N 7 283 70 7 4609 384 0
K 1 0 45
K 0 0 43
K -1 0 45
K 2 0 45
K 0 0 59
K 0 -21 59
A D 4 24 0
A P 1 164 0
J N 7 341 63 5 5761 384 0
K -18 0 63
K 0 0 43
K 0 0 59
K 0 -21 59
A D 4 24 0
A P 1 170 0
J B 70 392 1 82 6913 384 0
J D 0 413 0 1 1 0 0
W 0 107 33 sempre !1|pp
J N 7 413 56 4 1 0 1 146
K 0 0 43
K 0 0 59
K 0 -21 59
A D 4 24 0
A P 1 175 0
H 146 S 12 0 0 0 0 0 0 0 0
J N 7 452 56 4 1153 384 1 147
K 0 0 43
K 0 0 59
K 0 -21 59
A D 4 24 0
A P 1 175 0
J N 7 503 63 5 2305 384 0
K -18 0 63
K 0 0 43
K 0 0 59
K 0 -21 59
A D 4 24 0
A P 1 170 0
J N 7 542 56 4 3457 384 0
K 0 0 43
K 0 0 59
K 0 -21 59
A D 4 24 0
A P 1 175 0
J N 7 584 63 5 4609 384 0
K -14 0 64
K 0 0 43
K 0 0 59
K 0 -21 59
A D 4 24 0
A P 1 169 0
J N 7 627 56 4 5761 384 0
K 0 0 43
K 0 0 59
K 0 -21 59
A D 4 24 0
A P 1 175 0
J B 71 673 1 82 6913 384 0
J N 7 694 49 4 1 0 1 147
K 0 0 43
K 0 0 59
K 0 -21 59
A D 4 24 0
A P 1 180 0
H 147 S 12 0 0 0 0 0 0 0 0
J N 7 733 49 4 1153 384 1 148
K 0 0 43
K 0 0 59
K 0 -21 59
A D 4 24 0
A P 1 180 0
J N 7 776 56 4 2305 384 0
K 0 0 43
K 0 0 59
K 0 -21 59
A D 4 24 0
A P 1 175 0
J N 7 815 49 4 3457 384 0
K 0 0 43
K 0 0 59
K 0 -21 59
A D 4 24 0
A P 1 180 0
J N 7 854 56 4 4609 384 0
K 0 0 43
K 0 0 59
K 0 -21 59
A D 4 24 0
A P 1 175 0
J N 7 905 49 5 5761 384 1 148
K -18 0 63
K 0 0 43
K 0 0 59
K 0 -21 59
A D 4 24 0
A P 1 181 0
H 148 S 12 0 0 0 0 0 0 0 0
J B 72 959 1 82 6913 384 0
J N 7 982 42 4 1 0 1 149
K 0 0 43
K 0 0 59
K 0 -21 59
A D 4 24 0
A P 1 186 0
J N 7 1021 63 4 1153 384 0
K 0 0 43
K 0 0 59
K 0 -21 59
A D 4 24 0
A P 1 169 0
J N 7 1064 42 4 2305 384 0
K 0 0 43
K 0 0 59
K 0 -21 59
A D 4 24 0
A P 1 186 0
J N 7 1103 63 4 3457 384 0
K 0 0 43
K 0 0 59
K 0 -21 59
A D 4 24 0
A P 1 169 0
J N 7 1142 42 4 4609 384 0
K 0 0 43
K 0 0 59
K 0 -21 59
A D 4 24 0
A P 1 186 0
J N 7 1185 56 4 5761 384 0
K 0 0 43
K 0 0 59
K 0 -21 59
A D 4 24 0
A P 1 175 0
J B 73 1227 1 82 6913 384 0
J N 7 1250 49 5 1 0 0
K -14 0 64
K 0 0 43
K 0 0 59
K 0 -21 59
A D 4 24 0
A P 1 180 0
J N 7 1292 70 8 1153 384 0
K 1 0 45
K -14 0 64
K 0 0 43
K -1 0 45
K 2 0 45
K 0 0 59
K 0 -21 59
A D 4 24 0
A P 1 163 0
J N 7 1335 49 4 2305 384 0
K 0 0 43
K 0 0 59
K 0 -21 59
A D 4 24 0
A P 1 180 0
J N 7 1374 70 7 3457 384 0
K 1 0 45
K 0 0 43
K -1 0 45
K 2 0 45
K 0 0 59
K 0 -21 59
A D 4 24 0
A P 1 163 0
J N 7 1413 49 4 4609 384 0
K 0 0 43
K 0 0 59
K 0 -21 59
A D 4 24 0
A P 1 180 0
J N 7 1463 63 5 5761 384 0
K -18 0 63
K 0 0 43
K 0 0 59
K 0 -21 59
A D 4 24 0
A P 1 170 0
J B 74 1505 1 82 6913 384 0
J N 7 1526 56 4 1 0 0
K 0 0 43
K 0 0 59
K 0 -21 59
A D 4 24 0
A P 1 175 0
J N 7 1565 77 8 1153 384 0
K 1 -7 45
K -14 0 64
K 0 0 43
K 0 -7 45
K 1 -7 45
K 0 0 59
K 0 -21 59
A D 4 24 0
A P 1 158 0
J N 7 1608 56 4 2305 384 0
K 0 0 43
K 0 0 59
K 0 -21 59
A D 4 24 0
A P 1 175 0
J N 7 1647 77 7 3457 384 0
K 1 -7 45
K 0 0 43
K 0 -7 45
K 1 -7 45
K 0 0 59
K 0 -21 59
A D 4 24 0
A P 1 158 0
J N 7 1686 56 4 4609 384 0
K 0 0 43
K 0 0 59
K 0 -21 59
A D 4 24 0
A P 1 175 0
J N 7 1736 70 8 5761 384 0
K 1 0 45
K -18 0 63
K 0 0 43
K -1 0 45
K 2 0 45
K 0 0 59
K 0 -21 59
A D 4 24 0
A P 1 164 0
J B 75 1778 1 82 6913 384 0
J N 7 1801 63 5 1 0 0
K -14 0 64
K 0 0 43
K 0 0 59
K 0 -21 59
A D 4 24 0
A P 1 169 0
J N 7 1840 84 8 1153 384 0
K 1 -14 45
K 1 0 45
K 0 0 43
K -1 0 45
K 2 0 45
K 0 0 59
K 0 -28 59
A D 4 24 0
A P 1 152 0
J N 7 1883 63 4 2305 384 0
K 0 0 43
K 0 0 59
K 0 -21 59
A D 4 24 0
A P 1 169 0
J N 7 1922 84 8 3457 384 0
K 1 -14 45
K 1 0 45
K 0 0 43
K -1 0 45
K 2 0 45
K 0 0 59
K 0 -28 59
A D 4 24 0
A P 1 152 0
J N 7 1961 63 4 4609 384 0
K 0 0 43
K 0 0 59
K 0 -21 59
A D 4 24 0
A P 1 169 0
J N 7 2008 77 8 5761 384 1 149
K 1 -7 45
K -14 0 64
K 0 0 43
K 0 -7 45
K 1 -7 45
K 0 0 59
K 0 -21 59
A D 4 24 0
A P 1 158 0
H 149 S 12 0 14 0 0 0 0 0 0
J B 76 2050 1 82 6913 384 0
E *
L 815 0 0 315 315 * 0 14 0
J D 0 -86 42 1 6913 0 0
W 0 0 31 Vla
J C 13 5 28 35 6913 0 0
J K -1 57 0 1 6913 0 0
K 0 35 65
J D 0 -11 -14 1 6913 0 0
W 0 0 0 \06\09
J N 7 115 21 4 1 0 0
K 0 0 43
K 0 0 60
K 0 21 60
A D 4 24 0
A P 3 169 0
J N 7 155 21 4 1153 384 0
K 0 0 43
K 0 0 60
K 0 21 60
A D 4 24 0
A P 3 169 0
J N 7 205 21 4 2305 384 0
K 0 0 43
K 0 0 60
K 0 21 60
A D 4 24 0
A P 3 169 0
J N 7 244 21 4 3457 384 0
K 0 0 43
K 0 0 60
K 0 21 60
A D 4 24 0
A P 3 169 0
J N 7 283 21 4 4609 384 0
K 0 0 43
K 0 0 60
K 0 21 60
A D 4 24 0
A P 3 169 0
J N 7 341 35 5 5761 384 0
K -14 0 64
K 0 0 43
K 0 0 59
K 0 -21 59
A D 4 24 0
A P 3 158 0
J B 70 392 1 82 6913 384 0
J D 0 413 0 1 1 0 0
W 0 95 33 sempre !1|pp
J N 7 413 14 4 1 0 0
K 0 0 43
K 0 0 60
K 0 21 60
A D 4 24 0
A P 3 175 0
J N 7 452 14 4 1153 384 0
K 0 0 43
K 0 0 60
K 0 21 60
A D 4 24 0
A P 3 175 0
J N 7 503 14 4 2305 384 0
K 0 0 43
K 0 0 60
K 0 21 60
A D 4 24 0
A P 3 175 0
J N 7 542 14 4 3457 384 0
K 0 0 43
K 0 0 60
K 0 21 60
A D 4 24 0
A P 3 175 0
J N 7 584 14 4 4609 384 0
K 0 0 43
K 0 0 60
K 0 21 60
A D 4 24 0
A P 3 175 0
J N 7 627 28 4 5761 384 0
K 0 0 43
K 0 0 60
K 0 21 60
A D 4 24 0
A P 3 163 0
J B 71 673 1 82 6913 384 0
J N 7 694 7 4 1 0 0
K 0 0 43
K 0 0 60
K 0 21 60
A D 4 24 0
A P 3 180 0
J N 7 733 7 4 1153 384 0
K 0 0 43
K 0 0 60
K 0 21 60
A D 4 24 0
A P 3 180 0
J N 7 776 7 4 2305 384 0
K 0 0 43
K 0 0 60
K 0 21 60
A D 4 24 0
A P 3 180 0
J N 7 815 7 4 3457 384 0
K 0 0 43
K 0 0 60
K 0 21 60
A D 4 24 0
A P 3 180 0
J N 7 854 7 4 4609 384 0
K 0 0 43
K 0 0 60
K 0 21 60
A D 4 24 0
A P 3 180 0
J N 7 905 21 4 5761 384 0
K 0 0 43
K 0 0 60
K 0 21 60
A D 4 24 0
A P 3 169 0
J B 72 959 1 82 6913 384 0
J N 7 982 0 4 1 0 0
K 0 0 43
K 0 0 60
K 0 21 60
A D 4 24 0
A P 3 186 0
J N 7 1021 0 4 1153 384 0
K 0 0 43
K 0 0 60
K 0 21 60
A D 4 24 0
A P 3 186 0
J N 7 1064 0 4 2305 384 0
K 0 0 43
K 0 0 60
K 0 21 60
A D 4 24 0
A P 3 186 0
J N 7 1103 0 4 3457 384 0
K 0 0 43
K 0 0 60
K 0 21 60
A D 4 24 0
A P 3 186 0
J N 7 1142 0 4 4609 384 0
K 0 0 43
K 0 0 60
K 0 21 60
A D 4 24 0
A P 3 186 0
J N 7 1185 28 4 5761 384 0
K 0 0 43
K 0 0 60
K 0 21 60
A D 4 24 0
A P 3 163 0
J B 73 1227 1 82 6913 384 0
J N 7 1250 7 4 1 0 0
K 0 0 43
K 0 0 60
K 0 21 60
A D 4 24 0
A P 3 180 0
J N 7 1292 7 4 1153 384 0
K 0 0 43
K 0 0 60
K 0 21 60
A D 4 24 0
A P 3 180 0
J N 7 1335 7 4 2305 384 0
K 0 0 43
K 0 0 60
K 0 21 60
A D 4 24 0
A P 3 180 0
J N 7 1374 7 4 3457 384 0
K 0 0 43
K 0 0 60
K 0 21 60
A D 4 24 0
A P 3 180 0
J N 7 1413 7 4 4609 384 0
K 0 0 43
K 0 0 60
K 0 21 60
A D 4 24 0
A P 3 180 0
J N 7 1463 35 5 5761 384 0
K -14 0 64
K 0 0 43
K 0 0 59
K 0 -21 59
A D 4 24 0
A P 3 158 0
J B 74 1505 1 82 6913 384 0
J N 7 1526 14 4 1 0 0
K 0 0 43
K 0 0 60
K 0 21 60
A D 4 24 0
A P 3 175 0
J N 7 1565 14 4 1153 384 0
K 0 0 43
K 0 0 60
K 0 21 60
A D 4 24 0
A P 3 175 0
J N 7 1608 14 4 2305 384 0
K 0 0 43
K 0 0 60
K 0 21 60
A D 4 24 0
A P 3 175 0
J N 7 1647 14 4 3457 384 0
K 0 0 43
K 0 0 60
K 0 21 60
A D 4 24 0
A P 3 175 0
J N 7 1686 14 4 4609 384 0
K 0 0 43
K 0 0 60
K 0 21 60
A D 4 24 0
A P 3 175 0
J N 7 1736 42 4 5761 384 0
K 0 0 43
K 0 0 59
K 0 -21 59
A D 4 24 0
A P 3 152 0
J B 75 1778 1 82 6913 384 0
J N 7 1801 21 4 1 0 0
K 0 0 43
K 0 0 60
K 0 21 60
A D 4 24 0
A P 3 169 0
J N 7 1840 21 4 1153 384 0
K 0 0 43
K 0 0 60
K 0 21 60
A D 4 24 0
A P 3 169 0
J N 7 1883 21 4 2305 384 0
K 0 0 43
K 0 0 60
K 0 21 60
A D 4 24 0
A P 3 169 0
J N 7 1922 21 4 3457 384 0
K 0 0 43
K 0 0 60
K 0 21 60
A D 4 24 0
A P 3 169 0
J N 7 1961 21 4 4609 384 0
K 0 0 43
K 0 0 60
K 0 21 60
A D 4 24 0
A P 3 169 0
J N 7 2008 49 4 5761 384 0
K 0 0 43
K 0 0 59
K 0 -21 59
A D 4 24 0
A P 3 146 0
J B 76 2050 1 82 6913 384 0
E *
L 950 0 0 315 315 * 0 14 0
J D 0 -75 42 1 6913 0 0
W 0 -21 31 Vc
J D 0 -75 42 1 6913 0 0
W 0 21 31 Cb
J C 22 5 14 36 6913 0 0
J K -1 57 0 1 6913 0 0
K 0 42 65
J D 0 -11 -14 1 6913 0 0
W 0 0 0 \06\09
J N 7 115 -21 7 1 0 0
K 0 7 45
K 0 0 43
K 0 7 45
K 1 7 45
K 0 0 60
K 0 21 60
A D 6 24 0
A P 1 169 0
J R 7 176 28 2 1729 576 0
K 0 0 48
A D 6 24 1
A P 1 0 1
J R 7 244 28 2 3457 576 0
K 0 0 48
A D 6 24 0
A P 1 0 0
J N 7 307 -7 5 5185 576 0
K -14 0 64
K 0 0 43
K 0 0 60
K 0 21 60
A D 6 24 0
A P 1 158 0
J B 70 392 1 82 6913 576 0
J N 7 413 -28 8 1 0 0
K 0 14 45
K 0 0 45
K 0 0 43
K -1 0 45
K 2 0 45
K 0 0 60
K 0 28 60
A D 6 24 0
A P 1 175 0
J R 7 477 28 2 1729 576 0
K 0 0 48
A D 6 24 1
A P 1 0 1
J R 7 542 28 2 3457 576 0
K 0 0 48
A D 6 24 0
A P 1 0 0
J N 7 604 -14 7 5185 576 0
K 0 0 45
K 0 0 43
K -1 0 45
K 2 0 45
K 0 0 60
K 0 21 60
A D 6 24 0
A P 1 163 0
J B 71 673 1 82 6913 576 0
J N 7 694 -35 9 1 0 0
K 0 21 45
K 0 7 45
K 0 0 43
K 0 7 45
K 1 7 45
K 0 0 60
K 0 28 60
K 0 35 60
A D 6 24 0
A P 1 180 0
J R 7 754 28 2 1729 576 0
K 0 0 48
A D 6 24 1
A P 1 0 1
J R 7 815 28 2 3457 576 0
K 0 0 48
A D 6 24 0
A P 1 0 0
J N 7 874 -21 7 5185 576 0
K 0 7 45
K 0 0 43
K 0 7 45
K 1 7 45
K 0 0 60
K 0 21 60
A D 6 24 0
A P 1 169 0
J B 72 959 1 82 6913 576 0
J N 7 982 -42 10 1 0 0
K 0 28 45
K 0 14 45
K 0 0 45
K 0 0 43
K -1 0 45
K 2 0 45
K 0 0 60
K 0 28 60
K 0 42 60
A D 6 24 0
A P 1 186 0
J R 7 1042 28 2 1729 576 0
K 0 0 48
A D 6 24 1
A P 1 0 1
J R 7 1103 28 2 3457 576 0
K 0 0 48
A D 6 24 0
A P 1 0 0
J N 7 1163 -14 7 5185 576 0
K 0 0 45
K 0 0 43
K -1 0 45
K 2 0 45
K 0 0 60
K 0 21 60
A D 6 24 0
A P 1 163 0
J B 73 1227 1 82 6913 576 0
J N 7 1250 14 4 1 0 0
K 0 0 43
K 0 0 60
K 0 21 60
A D 6 24 0
A P 1 140 0
J R 7 1313 28 2 1729 576 0
K 0 0 48
A D 6 24 1
A P 1 0 1
J R 7 1374 28 2 3457 576 0
K 0 0 48
A D 6 24 0
A P 1 0 0
J N 7 1434 -7 5 5185 576 0
K -14 0 64
K 0 0 43
K 0 0 60
K 0 21 60
A D 6 24 0
A P 1 158 0
J B 74 1505 1 82 6913 576 0
J N 7 1526 21 4 1 0 0
K 0 0 43
K 0 0 60
K 0 21 60
A D 6 24 0
A P 1 135 0
J R 7 1586 28 2 1729 576 0
K 0 0 48
A D 6 24 1
A P 1 0 1
J R 7 1647 28 2 3457 576 0
K 0 0 48
A D 6 24 0
A P 1 0 0
J N 7 1707 0 4 5185 576 0
K 0 0 43
K 0 0 60
K 0 21 60
A D 6 24 0
A P 1 152 0
J B 75 1778 1 82 6913 576 0
J N 7 1801 28 4 1 0 0
K 0 0 43
K 0 0 60
K 0 21 60
A D 6 24 0
A P 1 129 0
J R 7 1861 28 2 1729 576 0
K 0 0 48
A D 6 24 1
A P 1 0 1
J R 7 1922 28 2 3457 576 0
K 0 0 48
A D 6 24 0
A P 1 0 0
J D 0 1970 0 1 5185 576 0
W 0 -21 32 arco
J N 7 1982 7 4 5185 0 0
K 0 0 43
K 0 0 60
K 0 21 60
A D 6 24 0
A P 1 146 0
J B 76 2050 1 82 6913 576 0
E *
B 1 392 0
B 1 673 0
B 1 959 0
B 1 1227 0
B 1 1505 0
B 1 1778 0
B 1 2050 0
