S 0 200 140 2050 1281 10 "[(....)][(.)][({..}.{..})]"
L 0 0 0 315 315 * 0 14 0
J D 0 -108 42 1 6913 0 0
W 0 0 31 Fl 1-2
J C 4 5 42 2 6913 0 0
K 0 0 33
K 0 0 34
J K -1 57 0 1 6913 0 0
K 0 28 65
J D 0 -27 -14 1 6913 0 0
W 0 0 37 \03\06\07
J N 7 115 -35 9 1 0 2 165 166
K 0 21 45
K 0 7 45
K 0 0 43
K 0 7 45
K 1 7 45
K 0 0 60
K 0 28 60
K 0 35 60
A D 4 24 0
A P 1 249 0
J N 7 156 -42 10 1153 384 1 165
K 0 28 45
K 0 14 45
K 0 0 45
K 0 0 43
K -1 0 45
K 2 0 45
K 0 0 60
K 0 28 60
K 0 42 60
A D 4 24 0
A P 1 255 0
H 165 S 0 0 0 0 0 0 0 0 0
J N 7 189 -28 9 2305 384 1 166
K 0 14 45
K 0 0 45
K 0 0 43
K -1 0 45
K 2 0 45
K 0 -17 96
K 0 0 60
K 0 28 60
A D 4 24 0
A P 1 243 0
H 166 X 1 3 0 -30 0 -30 0
J D 0 214 0 1 3457 384 0
W 0 92 33 sempre pi\u8 !1|p
J N 8 230 -28 8 3457 0 1 167
K 0 14 45
K 0 0 45
K 0 0 42
K -1 0 45
K 2 0 45
K 0 0 60
K 0 28 60
A D 12 24 1
A P 1 243 1
J B 368 402 1 82 6913 1152 0
J N 9 423 -28 10 1 0 2 168 167
K 0 14 45
K 6 14 45
K 0 0 45
K 6 0 45
K 0 0 41
K -1 0 45
K 2 0 45
K 4 0 45
K 7 0 45
A D 24 24 1
A P 1 243 1
H 167 T -28 0 0 0 0 0 5 0
J B 369 671 1 82 6913 2304 0
J N 9 692 -28 10 1 0 2 169 168
K 0 14 45
K 6 14 45
K 0 0 45
K 6 0 45
K 0 0 41
K -1 0 45
K 2 0 45
K 4 0 45
K 7 0 45
A D 24 24 1
A P 1 243 1
H 168 T -28 0 0 0 0 0 5 0
J B 370 940 1 82 6913 2304 0
J N 9 961 -28 12 1 0 2 170 169
K 0 14 45
K 6 14 45
K 0 0 45
K 6 0 45
K 0 0 41
K -1 0 45
K 2 0 45
K 4 0 45
K 7 0 45
K 0 109 108
K 23 109 108
A D 24 24 1
A P 1 243 1
H 169 T -28 0 0 0 0 0 5 0
J B 371 1148 1 82 6913 2304 0
J N 9 1169 -28 10 1 0 2 171 170
K 0 14 45
K 6 14 45
K 0 0 45
K 6 0 45
K 0 0 41
K -1 0 45
K 2 0 45
K 4 0 45
K 7 0 45
A D 24 24 1
A P 1 243 1
H 170 T -28 0 0 0 0 0 5 0
J B 372 1356 1 82 6913 2304 0
J N 8 1377 -28 8 1 0 1 171
K 1 14 45
K 1 0 45
K 0 0 42
K -1 0 45
K 2 0 45
K 0 0 59
K 0 -7 59
A D 12 24 0
A P 1 243 0
H 171 T -28 0 0 0 0 0 7 0
J R 8 1377 42 2 1 0 0
K 0 0 47
A D 12 24 0
A P 2 0 0
J N 8 1497 -35 11 3457 1152 1 172
K 1 21 45
K 1 7 45
K -15 0 65
K 0 0 42
K 0 7 45
K 1 7 45
K 0 123 110
K 17 123 110
K 0 0 59
K 0 -7 59
A D 12 24 1
A P 1 248 1
J N 8 1497 -35 9 3457 0 1 173
K 0 21 45
K 0 7 45
K 0 0 42
K 0 7 45
K 1 7 45
K 0 0 60
K 0 28 60
K 0 35 60
A D 12 24 1
A P 2 248 1
J B 373 1564 1 82 6913 1152 0
J N 8 1588 -35 9 1 0 1 172
K 1 21 45
K 1 7 45
k -15 0 65
K 0 0 42
K 0 7 45
K 1 7 45
K 0 0 59
K 0 -7 59
A D 12 24 0
A P 1 248 0
H 172 T -35 0 0 0 0 0 3 0
J N 8 1588 -35 9 1 0 1 173
K 0 21 45
K 0 7 45
K 0 0 42
K 0 7 45
K 1 7 45
K 0 0 60
K 0 28 60
K 0 35 60
A D 12 24 0
A P 2 248 0
H 173 T -35 0 0 0 0 0 11 0
J R 8 1653 28 2 3457 1152 0
K 0 0 47
A D 12 24 0
A P 1 0 0
J B 374 1825 1 82 6913 1152 0
J R 8 1849 28 2 1 0 0
K 0 0 47
A D 12 24 0
A P 3 0 0
J D 0 1962 0 1 3457 1152 0
W 0 -56 32 zu 2
J N 8 1983 -28 11 3457 0 1 174
K 0 14 45
K 0 0 45
K -18 0 63
K 0 0 42
K -1 0 45
K 2 0 45
K 0 116 110
K 17 116 110
K 0 0 60
K 0 28 60
A D 12 24 1
A P 3 244 1
J B 375 2050 1 82 6913 1152 0
J M 0 2050 0 0 6913 0 1 174
H 174 T -28 0 0 0 0 0 5 0
E *
L 132 0 0 315 315 * 0 14 0
J D 0 -119 42 1 6913 0 0
W 0 0 31 Ob 1-2
J C 4 5 42 2 6913 0 0
K 0 0 33
K 0 0 34
J K -1 57 0 1 6913 0 0
K 0 28 65
J D 0 -27 -14 1 6913 0 0
W 0 0 0 \03\06\07
J N 7 115 -7 4 1 0 2 158 159
K 0 0 43
K 0 0 60
K 0 21 60
A D 4 24 0
A P 1 226 0
J N 7 156 -28 8 1153 384 1 158
K 0 14 45
K 0 0 45
K 0 0 43
K -1 0 45
K 2 0 45
K 0 0 60
K 0 28 60
A D 4 24 0
A P 1 243 0
H 158 S 0 0 0 0 0 0 0 0 0
J N 7 189 7 5 2305 384 1 159
K 0 0 43
K 0 -17 96
K 0 0 60
K 0 21 60
A D 4 24 0
A P 1 215 0
H 159 X 1 3 0 -56 0 -63 0
J D 0 214 0 1 3457 384 0
W 0 95 33 sempre pi\u8 !1|p
J N 8 230 21 4 3457 0 1 160
K 0 0 42
K 0 0 60
K 0 21 60
A D 12 24 1
A P 1 203 1
J B 368 402 1 82 6913 1152 0
J N 9 423 21 2 1 0 2 161 160
K 0 0 41
A D 24 24 1
A P 1 203 1
H 160 T 21 0 0 0 0 0 1 0
J B 369 671 1 82 6913 2304 0
J N 9 692 21 2 1 0 2 162 161
K 0 0 41
A D 24 24 1
A P 1 203 1
H 161 T 21 0 0 0 0 0 1 0
J B 370 940 1 82 6913 2304 0
J N 9 961 21 4 1 0 2 163 162
K 0 0 41
K 0 60 108
K 23 60 108
A D 24 24 1
A P 1 203 1
H 162 T 21 0 0 0 0 0 1 0
J B 371 1148 1 82 6913 2304 0
J N 9 1169 21 2 1 0 2 164 163
K 0 0 41
A D 24 24 1
A P 1 203 1
H 163 T 21 0 0 0 0 0 1 0
J B 372 1356 1 82 6913 2304 0
J N 8 1377 21 4 1 0 1 164
K 0 0 42
K 0 0 59
K 0 -14 59
A D 12 24 0
A P 1 203 0
H 164 T 21 0 0 0 0 0 3 0
J R 8 1377 56 2 1 0 0
K 0 0 47
A D 12 24 0
A P 2 0 0
J N 8 1497 14 7 3457 1152 1 165
K -15 0 65
K 0 0 42
K 0 74 110
K 17 74 110
K 0 0 59
K 0 -14 59
A D 12 24 1
A P 1 208 1
J N 8 1497 14 4 3457 0 1 166
K 0 0 42
K 0 0 60
K 0 21 60
A D 12 24 1
A P 2 208 1
J B 373 1564 1 82 6913 1152 0
J N 8 1588 14 5 1 0 1 165
k -15 0 65
K 0 0 42
K 0 0 59
K 0 -14 59
A D 12 24 0
A P 1 208 0
H 165 T 14 0 0 0 0 0 7 0
J N 8 1588 14 4 1 0 1 166
K 0 0 42
K 0 0 60
K 0 21 60
A D 12 24 0
A P 2 208 0
H 166 T 14 0 0 0 0 0 15 0
J R 8 1653 28 2 3457 1152 0
K 0 0 47
A D 12 24 0
A P 1 0 0
J B 374 1825 1 82 6913 1152 0
J R 8 1849 28 2 1 0 0
K 0 0 47
A D 12 24 0
A P 1 0 0
J N 8 1983 21 15 3457 1152 2 167 168
K 0 -35 45
K 0 -49 45
K -18 -49 63
K -18 0 63
K 0 -49 42
K -1 -49 45
K 2 -49 45
K 0 0 42
K 0 71 110
K 17 71 110
K 0 -49 60
K 0 -28 60
K 0 0 60
K 0 21 60
A D 12 24 1
A P 1 244 1
A P 2 204 1
J B 375 2050 1 82 6913 1152 0
J M 0 2050 0 0 6913 0 1 167
H 167 T -28 0 0 0 0 0 5 0
J M 0 2050 0 0 6913 0 1 168
H 168 T 21 0 0 0 0 0 11 0
E *
L 264 0 0 315 315 * 0 14 0
J D 0 -110 42 1 6913 0 0
W 0 -21 31 Cl 1-2
J D 0 -110 42 1 6913 0 0
W 0 21 31 (B\0.)
J C 4 5 42 2 6913 0 0
K 0 0 33
K 0 0 34
J K 1 57 0 1 6913 0 0
K 0 0 63
J D 0 -27 -14 1 6913 0 0
W 0 0 0 \03\06\07
J N 7 115 35 6 1 0 2 128 129
K 0 -28 43
K 0 0 43
K 0 -28 60
K 0 0 60
K 0 14 60
A D 4 24 0
A P 1 215 0
A P 2 192 0
J N 7 156 14 6 1153 384 1 128
K 0 -14 43
K 0 0 43
K 0 -14 60
K 0 0 60
K 0 21 60
A D 4 24 0
A P 1 221 0
A P 2 209 0
H 128 S 0 0 -28 0 -14 0 0 0 0
J N 7 189 14 8 2305 384 1 129
K 0 0 43
K 0 35 43
K 0 52 96
K 0 35 59
K 0 28 59
K 0 0 59
K 0 -14 59
A D 4 24 0
A P 1 209 0
A P 2 181 0
H 129 X 1 3 0 -71 0 -78 0
J R 8 230 28 2 3457 384 0
K 0 0 47
A D 12 24 0
A P 1 0 0
J B 368 402 1 82 6913 1152 0
J R 9 522 28 2 1 0 0
K 0 0 46
A D 24 24 0
A P 3 0 0
J B 369 671 1 82 6913 2304 0
J R 9 791 28 2 1 0 0
K 0 0 46
A D 24 24 0
A P 3 0 0
J B 370 940 1 82 6913 2304 0
J R 9 1030 28 2 1 0 0
K 0 0 46
A D 24 24 0
A P 3 0 0
J B 371 1148 1 82 6913 2304 0
J R 9 1238 28 2 1 0 0
K 0 0 46
A D 24 24 0
A P 3 0 0
J B 372 1356 1 82 6913 2304 0
J R 8 1377 28 2 1 0 0
K 0 0 47
A D 12 24 0
A P 3 0 0
J D 0 1483 0 1 3457 1152 0
W 0 -28 32 zu 2
J N 8 1497 7 7 3457 0 1 130
K -15 0 65
K 0 0 42
K 0 81 110
K 17 81 110
K 0 0 60
K 0 21 60
A D 12 24 1
A P 3 214 1
J B 373 1564 1 82 6913 1152 0
J N 8 1588 7 5 1 0 1 130
k -15 0 65
K 0 0 42
K 0 0 60
K 0 21 60
A D 12 24 0
A P 3 214 0
H 130 T 7 0 0 0 0 0 1 0
J R 8 1653 28 2 3457 1152 0
K 0 0 47
A D 12 24 0
A P 3 0 0
J B 374 1825 1 82 6913 1152 0
J R 8 1849 28 2 1 0 0
K 0 0 47
A D 12 24 0
A P 3 0 0
J D 0 1969 0 1 3457 1152 0
W 0 -21 32 zu 2
J N 8 1983 14 7 3457 0 1 131
K -18 0 63
K 0 0 42
K 0 74 110
K 17 74 110
K 0 0 60
K 0 21 60
A D 12 24 1
A P 3 210 1
J B 375 2050 1 82 6913 1152 0
J M 0 2050 0 0 6913 0 1 131
H 131 T 14 0 0 0 0 0 5 0
E *
L 396 0 0 315 315 * 0 14 0
J D 0 -130 42 1 6913 0 0
W 0 0 31 Fag 1-2
J C 22 5 14 36 6913 0 0
J K -1 57 0 1 6913 0 0
K 0 42 65
J D 0 -27 -14 1 6913 0 0
W 0 0 0 \03\06\07
J N 7 115 7 9 1 0 2 124 125
K 0 -21 45
K 0 -28 43
K 0 -21 45
K 1 -21 45
K 0 0 43
K 0 -28 60
K 0 0 60
K 0 21 60
A D 4 24 0
A P 1 169 0
A P 2 146 0
J N 7 156 -14 12 1153 384 1 124
K 0 0 45
K 0 -14 45
K 0 -14 43
K -1 -14 45
K 2 -14 45
K 0 0 43
K -1 0 45
K 2 0 45
K 0 -14 60
K 0 0 60
K 0 21 60
A D 4 24 0
A P 1 175 0
A P 2 163 0
H 124 S 0 0 -28 0 -14 0 0 0 0
J N 7 189 21 11 2305 384 1 125
K 0 -35 45
K 0 -35 43
K -1 -35 45
K 2 -35 45
K 0 0 43
K 0 -52 96
K 0 -35 60
K 0 -28 60
K 0 0 60
K 0 21 60
A D 4 24 0
A P 1 163 0
A P 2 135 0
H 125 X 1 3 0 -77 0 -70 0
J R 8 230 28 2 3457 384 0
K 0 0 47
A D 12 24 0
A P 1 0 0
J B 368 402 1 82 6913 1152 0
J R 9 522 28 2 1 0 0
K 0 0 46
A D 24 24 0
A P 3 0 0
J B 369 671 1 82 6913 2304 0
J R 9 791 28 2 1 0 0
K 0 0 46
A D 24 24 0
A P 3 0 0
J B 370 940 1 82 6913 2304 0
J R 9 1030 28 2 1 0 0
K 0 0 46
A D 24 24 0
A P 3 0 0
J B 371 1148 1 82 6913 2304 0
J R 9 1238 28 2 1 0 0
K 0 0 46
A D 24 24 0
A P 3 0 0
J B 372 1356 1 82 6913 2304 0
J R 8 1377 28 2 1 0 0
K 0 0 47
A D 12 24 0
A P 3 0 0
J D 0 1483 0 1 3457 1152 0
W 0 -14 32 zu 2
J N 8 1497 28 7 3457 0 1 126
K -15 0 65
K 0 0 42
K 0 68 110
K 17 68 110
K 0 0 60
K 0 21 60
A D 12 24 1
A P 3 128 1
J B 373 1564 1 82 6913 1152 0
J N 8 1588 28 5 1 0 1 126
k -15 0 65
K 0 0 42
K 0 0 60
K 0 21 60
A D 12 24 0
A P 3 128 0
H 126 T 28 0 0 0 0 0 5 0
J R 8 1653 28 2 3457 1152 0
K 0 0 47
A D 12 24 0
A P 3 0 0
J B 374 1825 1 82 6913 1152 0
J R 8 1849 28 2 1 0 0
K 0 0 47
A D 12 24 0
A P 3 0 0
J D 0 1969 0 1 3457 1152 0
W 0 -28 32 zu 2
J N 8 1983 35 7 3457 0 1 127
K -18 0 63
K 0 0 42
K 0 63 110
K 17 63 110
K 0 0 59
K 0 -21 59
A D 12 24 1
A P 3 124 1
J B 375 2050 1 82 6913 1152 0
J M 0 2050 0 0 6913 0 1 127
H 127 T 35 0 0 0 0 0 9 0
E *
L 551 0 0 315 315 * 0 14 0
J D 0 -130 42 1 6913 0 0
W 0 -21 31 Cor 1-2
J D 0 -130 42 1 6913 0 0
W 0 21 31 (F)
J C 4 5 42 2 6913 0 0
K 0 0 33
K 0 0 34
J K 0 57 0 0 6913 0 0
J D 0 -27 -14 1 6913 0 0
W 0 0 0 \03\06\07
J N 9 115 42 11 1 0 4 100 101 98 99
K 1 28 45
K 7 28 45
K 1 42 45
K 7 42 45
K 0 0 41
K 0 49 41
K 0 42 45
K 1 42 45
K 5 42 45
K 6 42 45
A D 24 24 1
A P 1 186 1
A P 2 146 1
J M 0 63 0 0 6913 0 1 98
H 98 T 42 0 0 0 0 0 7 0
J M 0 63 0 0 6913 0 1 99
H 99 T 91 0 0 0 0 0 9 0
J B 368 402 1 82 6913 2304 0
J N 9 423 42 11 1 0 4 102 103 100 101
K 1 28 45
K 7 28 45
K 1 42 45
K 7 42 45
K 0 0 41
K 0 49 41
K 0 42 45
K 1 42 45
K 5 42 45
K 6 42 45
A D 24 24 1
A P 1 186 1
A P 2 146 1
H 100 T 42 0 0 0 0 0 7 0
H 101 T 91 0 0 0 0 0 9 0
J B 369 671 1 82 6913 2304 0
J N 9 692 42 11 1 0 4 104 105 102 103
K 1 28 45
K 7 28 45
K 1 42 45
K 7 42 45
K 0 0 41
K 0 49 41
K 0 42 45
K 1 42 45
K 5 42 45
K 6 42 45
A D 24 24 1
A P 1 186 1
A P 2 146 1
H 102 T 42 0 0 0 0 0 7 0
H 103 T 91 0 0 0 0 0 9 0
J B 370 940 1 82 6913 2304 0
J N 9 961 42 13 1 0 4 106 107 104 105
K 1 28 45
K 7 28 45
K 1 42 45
K 7 42 45
K 0 0 41
K 0 49 41
K 0 42 45
K 1 42 45
K 5 42 45
K 6 42 45
K 0 93 108
K 23 93 108
A D 24 24 1
A P 1 186 1
A P 2 146 1
H 104 T 42 0 0 0 0 0 7 0
H 105 T 91 0 0 0 0 0 9 0
J B 371 1148 1 82 6913 2304 0
J N 9 1169 42 11 1 0 4 108 109 106 107
K 1 28 45
K 7 28 45
K 1 42 45
K 7 42 45
K 0 0 41
K 0 49 41
K 0 42 45
K 1 42 45
K 5 42 45
K 6 42 45
A D 24 24 1
A P 1 186 1
A P 2 146 1
H 106 T 42 0 0 0 0 0 7 0
H 107 T 91 0 0 0 0 0 9 0
J B 372 1356 1 82 6913 2304 0
J N 8 1377 42 11 1 0 2 108 109
K 1 28 45
K 1 42 45
K 0 0 42
K 0 49 42
K 0 42 45
K 1 42 45
K 0 49 59
K 0 28 59
K 0 0 59
K 0 -21 59
A D 12 24 0
A P 1 186 0
A P 2 146 0
H 108 T 42 0 0 0 0 0 7 0
H 109 T 91 0 0 0 0 0 9 0
J R 8 1497 28 2 3457 1152 0
K 0 0 47
A D 12 24 0
A P 1 0 0
J B 373 1564 1 82 6913 1152 0
J R 9 1680 28 2 1 0 0
K 0 0 46
A D 24 24 0
A P 3 0 0
J B 374 1825 1 82 6913 2304 0
J R 9 1923 28 2 1 0 0
K 0 0 46
A D 24 24 0
A P 3 0 0
J B 375 2050 1 82 6913 2304 0
E *
L 696 0 0 315 315 * 0 14 0
J D 0 -119 42 1 6913 0 0
W 0 0 31 Vln 1
J C 4 5 42 2 6913 0 0
K 0 0 33
K 0 0 34
J K -1 57 0 1 6913 0 0
K 0 28 65
J D 0 -27 -14 1 6913 0 0
W 0 0 0 \03\06\07
J N 8 115 56 11 1 0 2 563 564
K 1 14 45
K 1 28 45
K 0 0 42
K 0 35 42
K 0 28 45
K 1 28 45
K 0 35 59
K 0 28 59
K 0 0 59
K 0 -21 59
A D 12 24 0
A P 1 175 0
A P 2 146 0
J M 0 63 0 0 6913 0 1 563
H 563 T 91 0 0 0 0 0 9 0
J M 0 80 0 0 6913 0 1 564
H 564 S 0 0 54 0 0 0 0 0
J D 0 214 0 1 3457 1152 0
W 0 95 33 sempre pi\u8 !1|p
J N 6 230 14 2 3457 0 2 565 566
K 0 0 43
A D 2 24 0
A P 1 209 0
J N 6 258 14 2 4033 192 1 566
K 0 0 43
A D 2 24 0
A P 1 209 0
J N 6 286 14 2 4609 192 2 566 565
K 0 0 43
A D 2 24 0
A P 1 209 0
H 565 X 9 3 0 0 0 0 566
H 566 B -46 0 108 3 2 1 3
J N 6 314 14 2 5185 192 2 567 568
K 0 0 43
A D 2 24 0
A P 1 209 0
J N 6 342 14 2 5761 192 1 568
K 0 0 43
A D 2 24 0
A P 1 209 0
J N 6 370 14 2 6337 192 2 568 567
K 0 0 43
A D 2 24 0
A P 1 209 0
H 567 X 9 3 0 0 0 0 568
H 568 B -46 0 108 3 2 1 3
J B 368 402 1 82 6913 192 0
J N 6 423 14 2 1 0 2 569 570
K 0 0 43
A D 3 24 0
A P 3 209 0
J N 6 459 7 2 865 288 2 570 569
K 0 0 43
A D 3 24 0
A P 3 215 0
H 570 B -46 -3 108 2 2 3
H 569 S 0 0 0 0 0 0 0 0 0
J N 7 495 21 5 1729 288 0
K 0 0 43
K 0 -14 96
K 0 0 60
K 0 21 60
A D 6 24 0
A P 3 203 0
J N 6 546 28 3 3457 576 2 571 572
K -14 0 64
K 0 0 43
A D 3 24 0
A P 3 198 0
J N 6 582 21 2 4321 288 2 572 571
K 0 0 43
A D 3 24 0
A P 3 203 0
H 572 B -46 -3 108 2 2 3
H 571 S 0 0 0 0 0 0 0 0 0
J N 7 618 42 5 5185 288 0
K 0 0 43
K 0 21 96
K 0 0 59
K 0 -21 59
A D 6 24 0
A P 3 186 0
J B 369 671 1 82 6913 576 0
J N 6 692 49 2 1 0 2 573 574
K 0 0 43
A D 3 24 0
A P 3 180 0
J N 6 728 42 2 865 288 2 574 573
K 0 0 43
A D 3 24 0
A P 3 186 0
H 574 B 49 -3 108 2 2 3
H 573 S 12 0 0 0 0 0 0 0 0
J N 7 764 56 5 1729 288 0
K 0 0 43
K 0 17 96
K 0 0 59
K 0 -21 59
A D 6 24 0
A P 3 175 0
J N 6 815 63 2 3457 576 2 575 576
K 0 0 43
A D 3 24 0
A P 3 169 0
J N 6 851 56 2 4321 288 2 576 575
K 0 0 43
A D 3 24 0
A P 3 175 0
H 576 B 50 -3 108 2 2 3
H 575 S 12 0 0 0 0 0 0 0 0
J N 7 887 70 8 5185 288 0
K 1 0 45
K 0 0 43
K -1 0 45
K 2 0 45
K 0 17 96
K 0 0 59
K 0 -21 59
A D 6 24 0
A P 3 163 0
J B 370 940 1 82 6913 576 0
J N 6 961 63 4 1 0 2 577 578
K 0 0 43
K 0 46 108
K 23 46 108
A D 3 24 0
A P 3 169 0
J N 6 996 56 2 865 288 2 578 577
K 0 0 43
A D 3 24 0
A P 3 175 0
H 578 B 50 -4 108 2 2 3
H 577 S 12 0 0 0 0 0 0 0 0
J N 7 1031 70 8 1729 288 0
K 1 0 45
K 0 0 43
K -1 0 45
K 2 0 45
K 0 17 96
K 0 0 59
K 0 -21 59
A D 6 24 0
A P 3 163 0
J R 8 1081 28 2 3457 576 0
K 0 0 47
A D 12 24 0
A P 3 0 0
J B 371 1148 1 82 6913 1152 0
J N 6 1169 63 2 1 0 2 579 580
K 0 0 43
A D 3 24 0
A P 3 169 0
J N 6 1204 56 2 865 288 2 580 579
K 0 0 43
A D 3 24 0
A P 3 175 0
H 580 B 50 -4 108 2 2 3
H 579 S 12 0 0 0 0 0 0 0 0
J N 7 1239 70 8 1729 288 0
K 1 0 45
K 0 0 43
K -1 0 45
K 2 0 45
K 0 17 96
K 0 0 59
K 0 -21 59
A D 6 24 0
A P 3 163 0
J R 8 1289 28 2 3457 576 0
K 0 0 47
A D 12 24 0
A P 3 0 0
J B 372 1356 1 82 6913 1152 0
J N 6 1377 63 2 1 0 2 581 582
K 0 0 43
A D 3 24 0
A P 3 169 0
J N 6 1412 56 2 865 288 2 582 581
K 0 0 43
A D 3 24 0
A P 3 175 0
H 582 B 50 -4 108 2 2 3
H 581 S 12 0 0 0 0 0 0 0 0
J N 7 1447 70 8 1729 288 0
K 1 0 45
K 0 0 43
K -1 0 45
K 2 0 45
K 0 17 96
K 0 0 59
K 0 -21 59
A D 6 24 0
A P 3 163 0
J N 8 1497 63 7 3457 576 1 583
K -15 0 65
K 0 0 42
K 0 51 110
K 17 51 110
K 0 0 59
K 0 -21 59
A D 12 24 1
A P 3 168 1
J B 373 1564 1 82 6913 1152 0
J N 8 1588 63 5 1 0 1 583
k -15 0 65
K 0 0 42
K 0 0 59
K 0 -21 59
A D 12 24 0
A P 3 168 0
H 583 T 63 0 0 0 0 0 9 0
J N 6 1653 49 4 3457 1152 2 584 585
K 0 0 43
K 0 36 108
K 23 36 108
A D 2 24 0
A P 3 180 0
J N 6 1681 49 2 4033 192 1 585
K 0 0 43
A D 2 24 0
A P 3 180 0
J N 6 1709 49 2 4609 192 2 585 584
K 0 0 43
A D 2 24 0
A P 3 180 0
H 584 X 25 3 0 0 0 0 585
H 585 B 49 0 108 3 2 1 3
J N 6 1737 49 2 5185 192 2 586 587
K 0 0 43
A D 2 24 0
A P 3 180 0
J N 6 1765 49 2 5761 192 1 587
K 0 0 43
A D 2 24 0
A P 3 180 0
J N 6 1793 49 2 6337 192 2 587 586
K 0 0 43
A D 2 24 0
A P 3 180 0
H 586 X 25 3 0 0 0 0 587
H 587 B 49 0 108 3 2 1 3
J B 374 1825 1 82 6913 192 0
J N 6 1849 49 2 1 0 2 588 589
K 0 0 43
A D 3 24 0
A P 3 180 0
J N 6 1890 42 3 865 288 2 589 588
K -15 0 65
K 0 0 43
A D 3 24 0
A P 3 185 0
H 589 B 49 -3 108 2 2 3
H 588 S 12 0 0 0 0 0 0 0 0
J N 7 1931 56 6 1729 288 0
K -15 0 65
K 0 0 43
K 0 17 96
K 0 0 59
K 0 -21 59
A D 6 24 0
A P 3 174 0
J N 8 1983 70 10 3457 576 1 590
K 1 0 45
K -18 0 63
K 0 0 42
K -1 0 45
K 2 0 45
K 0 51 110
K 17 51 110
K 0 0 59
K 0 -21 59
A D 12 24 1
A P 3 164 1
J B 375 2050 1 82 6913 1152 0
J M 0 2050 0 0 6913 0 1 590
H 590 T 70 0 0 0 0 0 13 0
E *
L 828 0 0 315 315 * 0 14 0
J D 0 -119 42 1 6913 0 0
W 0 0 31 Vln 2
J C 4 5 42 2 6913 0 0
K 0 0 33
K 0 0 34
J K -1 57 0 1 6913 0 0
K 0 28 65
J D 0 -27 -14 1 6913 0 0
W 0 0 0 \03\06\07
J N 8 115 70 7 1 0 1 595
K 1 0 45
K 0 0 42
K -1 0 45
K 2 0 45
K 0 0 59
K 0 -21 59
A D 12 24 0
A P 1 163 0
J M 0 80 0 0 6913 0 1 595
H 595 S 12 0 72 0 0 0 0 0
J D 0 214 0 1 3457 1152 0
W 0 92 33 sempre pi\u8 !1|p
J N 6 230 42 2 3457 0 1 596
K 0 0 43
A D 2 24 0
A P 1 186 0
J N 6 258 42 2 4033 192 1 596
K 0 0 43
A D 2 24 0
A P 1 186 0
J N 6 286 42 2 4609 192 1 596
K 0 0 43
A D 2 24 0
A P 1 186 0
H 596 B 46 0 108 3 2 1 3
J N 6 314 42 2 5185 192 1 597
K 0 0 43
A D 2 24 0
A P 1 186 0
J N 6 342 42 2 5761 192 1 597
K 0 0 43
A D 2 24 0
A P 1 186 0
J N 6 370 42 2 6337 192 1 597
K 0 0 43
A D 2 24 0
A P 1 186 0
H 597 B 46 0 108 3 2 1 3
J B 368 402 1 82 6913 192 0
J N 6 423 42 2 1 0 2 598 599
K 0 0 43
A D 3 24 0
A P 1 186 0
J N 6 459 21 2 865 288 2 599 598
K 0 0 43
A D 3 24 0
A P 1 203 0
H 599 B 58 -4 108 2 2 3
H 598 S 12 0 0 0 0 0 0 0 0
J N 7 495 56 5 1729 288 0
K 0 0 43
K 0 17 96
K 0 0 59
K 0 -21 59
A D 6 24 0
A P 1 175 0
J N 6 546 28 3 3457 576 2 600 601
K -14 0 64
K 0 0 43
A D 3 24 0
A P 1 198 0
J N 6 582 21 2 4321 288 2 601 600
K 0 0 43
A D 3 24 0
A P 1 203 0
H 601 B -46 -3 108 2 2 3
H 600 S 0 0 0 0 0 0 0 0 0
J N 7 618 42 5 5185 288 0
K 0 0 43
K 0 21 96
K 0 0 59
K 0 -21 59
A D 6 24 0
A P 1 186 0
J B 369 671 1 82 6913 576 0
J N 6 692 49 2 1 0 2 602 603
K 0 0 43
A D 3 24 0
A P 1 180 0
J N 6 728 42 2 865 288 2 603 602
K 0 0 43
A D 3 24 0
A P 1 186 0
H 603 B 49 -3 108 2 2 3
H 602 S 12 0 0 0 0 0 0 0 0
J N 7 764 56 5 1729 288 0
K 0 0 43
K 0 17 96
K 0 0 59
K 0 -21 59
A D 6 24 0
A P 1 175 0
J N 6 815 63 2 3457 576 2 604 605
K 0 0 43
A D 3 24 0
A P 1 169 0
J N 6 851 56 2 4321 288 2 605 604
K 0 0 43
A D 3 24 0
A P 1 175 0
H 605 B 50 -3 108 2 2 3
H 604 S 12 0 0 0 0 0 0 0 0
J N 7 887 70 8 5185 288 0
K 1 0 45
K 0 0 43
K -1 0 45
K 2 0 45
K 0 17 96
K 0 0 59
K 0 -21 59
A D 6 24 0
A P 1 163 0
J B 370 940 1 82 6913 576 0
J N 6 961 63 4 1 0 2 606 607
K 0 0 43
K 0 44 108
K 23 44 108
A D 3 24 0
A P 1 169 0
J N 6 996 56 2 865 288 2 607 606
K 0 0 43
A D 3 24 0
A P 1 175 0
H 607 B 50 -4 108 2 2 3
H 606 S 12 0 0 0 0 0 0 0 0
J N 7 1031 70 8 1729 288 0
K 1 0 45
K 0 0 43
K -1 0 45
K 2 0 45
K 0 17 96
K 0 0 59
K 0 -21 59
A D 6 24 0
A P 1 163 0
J R 8 1081 28 2 3457 576 0
K 0 0 47
A D 12 24 0
A P 1 0 0
J B 371 1148 1 82 6913 1152 0
J N 6 1169 63 2 1 0 2 608 609
K 0 0 43
A D 3 24 0
A P 1 169 0
J N 6 1204 56 2 865 288 2 609 608
K 0 0 43
A D 3 24 0
A P 1 175 0
H 609 B 50 -4 108 2 2 3
H 608 S 12 0 0 0 0 0 0 0 0
J N 7 1239 70 8 1729 288 0
K 1 0 45
K 0 0 43
K -1 0 45
K 2 0 45
K 0 17 96
K 0 0 59
K 0 -21 59
A D 6 24 0
A P 1 163 0
J R 8 1289 28 2 3457 576 0
K 0 0 47
A D 12 24 0
A P 1 0 0
J B 372 1356 1 82 6913 1152 0
J N 6 1377 63 2 1 0 2 610 611
K 0 0 43
A D 3 24 0
A P 1 169 0
J N 6 1412 56 2 865 288 2 611 610
K 0 0 43
A D 3 24 0
A P 1 175 0
H 611 B 50 -4 108 2 2 3
H 610 S 12 0 0 0 0 0 0 0 0
J N 7 1447 70 8 1729 288 0
K 1 0 45
K 0 0 43
K -1 0 45
K 2 0 45
K 0 17 96
K 0 0 59
K 0 -21 59
A D 6 24 0
A P 1 163 0
J N 8 1497 63 7 3457 576 1 612
K -15 0 65
K 0 0 42
K 0 51 110
K 17 51 110
K 0 0 59
K 0 -21 59
A D 12 24 1
A P 1 168 1
J B 373 1564 1 82 6913 1152 0
J N 8 1588 63 5 1 0 1 612
k -15 0 65
K 0 0 42
K 0 0 59
K 0 -21 59
A D 12 24 0
A P 1 168 0
H 612 T 63 0 0 0 0 0 9 0
J N 6 1653 63 5 3457 1152 2 613 614
K -15 0 65
K 0 0 43
K 0 33 108
K 23 33 108
A D 2 24 0
A P 1 168 0
J N 6 1681 63 2 4033 192 1 614
K 0 0 43
A D 2 24 0
A P 1 168 0
J N 6 1709 63 2 4609 192 2 614 613
K 0 0 43
A D 2 24 0
A P 1 168 0
H 613 X 25 3 0 0 0 0 614
H 614 B 49 0 108 3 2 1 3
J N 6 1737 63 2 5185 192 2 615 616
K 0 0 43
A D 2 24 0
A P 1 168 0
J N 6 1765 63 2 5761 192 1 616
K 0 0 43
A D 2 24 0
A P 1 168 0
J N 6 1793 63 2 6337 192 2 616 615
K 0 0 43
A D 2 24 0
A P 1 168 0
H 615 X 25 3 0 0 0 0 616
H 616 B 49 0 108 3 2 1 3
J B 374 1825 1 82 6913 192 0
J N 6 1849 63 3 1 0 2 617 618
K -15 0 65
K 0 0 43
A D 3 24 0
A P 1 168 0
J N 6 1890 56 3 865 288 2 618 617
K -15 0 65
K 0 0 43
A D 3 24 0
A P 1 174 0
H 618 B 50 -3 108 2 2 3
H 617 S 12 0 0 0 0 0 0 0 0
J N 7 1931 70 8 1729 288 0
K 1 0 45
K 0 0 43
K -1 0 45
K 2 0 45
K 0 17 96
K 0 0 59
K 0 -21 59
A D 6 24 0
A P 1 163 0
J N 8 1983 70 10 3457 576 1 619
K 1 0 45
K -18 0 63
K 0 0 42
K -1 0 45
K 2 0 45
K 0 51 110
K 17 51 110
K 0 0 59
K 0 -21 59
A D 12 24 1
A P 1 164 1
J B 375 2050 1 82 6913 1152 0
J M 0 2050 0 0 6913 0 1 619
H 619 T 70 0 0 0 0 0 13 0
E *
L 960 0 0 315 315 * 0 14 0
J D 0 -86 42 1 6913 0 0
W 0 0 31 Vla
J C 13 5 28 35 6913 0 0
J K -1 57 0 1 6913 0 0
K 0 35 65
J D 0 -27 -14 1 6913 0 0
W 0 0 0 \03\06\07
J N 8 115 49 4 1 0 1 448
K 0 0 42
K 0 0 59
K 0 -21 59
A D 12 24 0
A P 3 146 0
J M 0 80 0 0 6913 0 1 448
H 448 S 0 0 43 0 0 0 0 0
J D 0 214 0 1 3457 1152 0
W 0 95 33 sempre pi\u8 !1|p
J N 6 230 21 4 3457 0 1 449
K 0 0 43
K 0 28 43
K 0 28 59
A D 2 24 0
A P 1 169 0
A P 2 146 0
J N 6 258 21 4 4033 192 1 449
K 0 0 43
K 0 28 43
K 0 28 59
A D 2 24 0
A P 1 169 0
A P 2 146 0
J N 6 286 21 4 4609 192 1 449
K 0 0 43
K 0 28 43
K 0 28 59
A D 2 24 0
A P 1 169 0
A P 2 146 0
H 449 B 42 0 108 3 2 1 3
J N 6 314 21 4 5185 192 1 450
K 0 0 43
K 0 28 43
K 0 28 59
A D 2 24 0
A P 1 169 0
A P 2 146 0
J N 6 342 21 4 5761 192 1 450
K 0 0 43
K 0 28 43
K 0 28 59
A D 2 24 0
A P 1 169 0
A P 2 146 0
J N 6 370 21 4 6337 192 1 450
K 0 0 43
K 0 28 43
K 0 28 59
A D 2 24 0
A P 1 169 0
A P 2 146 0
H 450 B 42 0 108 3 2 1 3
J B 368 402 1 82 6913 192 0
J N 6 423 21 4 1 0 2 451 452
K 0 0 43
K 0 28 43
K 0 28 59
A D 3 24 0
A P 1 169 0
A P 2 146 0
J N 6 459 14 4 865 288 2 452 451
K 0 0 43
K 0 14 43
K 0 14 59
A D 3 24 0
A P 1 175 0
A P 2 163 0
H 452 B 45 -3 108 2 2 3
H 451 S 12 0 28 0 14 0 0 0 0
J N 7 495 28 8 1729 288 0
K 0 0 43
K 0 35 43
K 0 52 96
K 0 35 59
K 0 28 59
K 0 0 59
K 0 -14 59
A D 6 24 0
A P 1 163 0
A P 2 135 0
J N 6 546 35 3 3457 576 2 453 454
K -14 0 64
K 0 0 43
A D 3 24 0
A P 3 158 0
J N 6 582 28 2 4321 288 2 454 453
K 0 0 43
A D 3 24 0
A P 3 163 0
H 454 B 50 -3 108 2 2 3
H 453 S 12 0 0 0 0 0 0 0 0
J N 7 618 49 5 5185 288 0
K 0 0 43
K 0 17 96
K 0 0 59
K 0 -21 59
A D 6 24 0
A P 3 146 0
J B 369 671 1 82 6913 576 0
J N 6 692 56 2 1 0 2 455 456
K 0 0 43
A D 3 24 0
A P 3 140 0
J N 6 728 49 2 865 288 2 456 455
K 0 0 43
A D 3 24 0
A P 3 146 0
H 456 B 45 -3 108 2 2 3
H 455 S 12 0 0 0 0 0 0 0 0
J N 7 764 63 5 1729 288 0
K 0 0 43
K 0 17 96
K 0 0 59
K 0 -21 59
A D 6 24 0
A P 3 135 0
J N 6 815 70 5 3457 576 2 457 458
K 1 0 45
K 0 0 43
K -1 0 45
K 2 0 45
A D 3 24 0
A P 3 129 0
J N 6 851 63 2 4321 288 2 458 457
K 0 0 43
A D 3 24 0
A P 3 135 0
H 458 B 45 -3 108 2 2 3
H 457 S 12 0 0 0 0 0 0 0 0
J N 7 887 77 8 5185 288 0
K 1 -7 45
K 0 0 43
K 0 -7 45
K 1 -7 45
K 0 17 96
K 0 0 59
K 0 -21 59
A D 6 24 0
A P 3 123 0
J B 370 940 1 82 6913 576 0
J N 6 961 70 7 1 0 2 459 460
K 1 0 45
K 0 0 43
K -1 0 45
K 2 0 45
K 0 44 108
K 23 44 108
A D 3 24 0
A P 3 129 0
J N 6 996 63 2 865 288 2 460 459
K 0 0 43
A D 3 24 0
A P 3 135 0
H 460 B 45 -4 108 2 2 3
H 459 S 12 0 0 0 0 0 0 0 0
J N 7 1031 77 8 1729 288 0
K 1 -7 45
K 0 0 43
K 0 -7 45
K 1 -7 45
K 0 17 96
K 0 0 59
K 0 -21 59
A D 6 24 0
A P 3 123 0
J R 8 1081 28 2 3457 576 0
K 0 0 47
A D 12 24 0
A P 3 0 0
J B 371 1148 1 82 6913 1152 0
J N 6 1169 70 5 1 0 2 461 462
K 1 0 45
K 0 0 43
K -1 0 45
K 2 0 45
A D 3 24 0
A P 3 129 0
J N 6 1204 63 2 865 288 2 462 461
K 0 0 43
A D 3 24 0
A P 3 135 0
H 462 B 45 -4 108 2 2 3
H 461 S 12 0 0 0 0 0 0 0 0
J N 7 1239 77 8 1729 288 0
K 1 -7 45
K 0 0 43
K 0 -7 45
K 1 -7 45
K 0 17 96
K 0 0 59
K 0 -21 59
A D 6 24 0
A P 3 123 0
J R 8 1289 28 2 3457 576 0
K 0 0 47
A D 12 24 0
A P 3 0 0
J B 372 1356 1 82 6913 1152 0
J N 6 1377 70 5 1 0 2 463 464
K 1 0 45
K 0 0 43
K -1 0 45
K 2 0 45
A D 3 24 0
A P 3 129 0
J N 6 1412 63 2 865 288 2 464 463
K 0 0 43
A D 3 24 0
A P 3 135 0
H 464 B 45 -4 108 2 2 3
H 463 S 12 0 0 0 0 0 0 0 0
J N 7 1447 77 8 1729 288 0
K 1 -7 45
K 0 0 43
K 0 -7 45
K 1 -7 45
K 0 17 96
K 0 0 59
K 0 -21 59
A D 6 24 0
A P 3 123 0
J N 8 1497 70 10 3457 576 1 465
K 1 0 45
K -15 0 65
K 0 0 42
K -1 0 45
K 2 0 45
K 0 49 110
K 17 49 110
K 0 0 59
K 0 -21 59
A D 12 24 1
A P 3 128 1
J B 373 1564 1 82 6913 1152 0
J N 8 1588 70 8 1 0 1 465
K 1 0 45
k -15 0 65
K 0 0 42
K -1 0 45
K 2 0 45
K 0 0 59
K 0 -21 59
A D 12 24 0
A P 3 128 0
H 465 T 70 0 0 0 0 0 13 0
J R 8 1653 28 2 3457 1152 0
K 0 0 47
A D 12 24 0
A P 3 0 0
J B 374 1825 1 82 6913 1152 0
J R 8 1849 28 2 1 0 0
K 0 0 47
A D 12 24 0
A P 3 0 0
J N 8 1983 77 10 3457 1152 1 466
K 1 -7 45
K -18 0 63
K 0 0 42
K 0 -7 45
K 1 -7 45
K 0 51 110
K 17 51 110
K 0 0 59
K 0 -21 59
A D 12 24 1
A P 3 124 1
J B 375 2050 1 82 6913 1152 0
J M 0 2050 0 0 6913 0 1 466
H 466 T 77 0 0 0 0 0 9 0
E *
L 1095 0 0 315 315 * 0 14 0
J D 0 -83 42 1 6913 0 0
W 0 0 31 Vc
J C 22 5 14 36 6913 0 0
J K -1 57 0 1 6913 0 0
K 0 42 65
J D 0 -27 -14 1 6913 0 0
W 0 0 0 \03\06\07
J N 7 115 84 8 1 0 0
K 1 -14 45
K 1 0 45
K 0 0 43
K -1 0 45
K 2 0 45
K 0 0 59
K 0 -28 59
A D 6 24 0
A P 1 83 0
J N 7 172 35 4 1729 576 0
K 0 0 43
K 0 0 59
K 0 -21 59
A D 6 24 0
A P 1 123 0
J D 0 214 0 1 3457 576 0
W 0 119 33 sempre pi\u8 !1|p
J N 7 230 84 8 3457 0 0
K 1 -14 45
K 1 0 45
K 0 0 43
K -1 0 45
K 2 0 45
K 0 0 59
K 0 -28 59
A D 6 24 0
A P 1 83 0
J N 7 314 35 4 5185 576 0
K 0 0 43
K 0 0 59
K 0 -21 59
A D 6 24 0
A P 1 123 0
J B 368 402 1 82 6913 576 0
J N 7 423 84 8 1 0 0
K 1 -14 45
K 1 0 45
K 0 0 43
K -1 0 45
K 2 0 45
K 0 0 59
K 0 -28 59
A D 6 24 0
A P 1 83 0
J N 7 495 35 4 1729 576 0
K 0 0 43
K 0 0 59
K 0 -21 59
A D 6 24 0
A P 1 123 0
J N 7 546 84 8 3457 576 0
K 1 -14 45
K 1 0 45
K 0 0 43
K -1 0 45
K 2 0 45
K 0 0 59
K 0 -28 59
A D 6 24 0
A P 1 83 0
J N 7 618 35 4 5185 576 0
K 0 0 43
K 0 0 59
K 0 -21 59
A D 6 24 0
A P 1 123 0
J B 369 671 1 82 6913 576 0
J N 7 692 84 8 1 0 0
K 1 -14 45
K 1 0 45
K 0 0 43
K -1 0 45
K 2 0 45
K 0 0 59
K 0 -28 59
A D 6 24 0
A P 1 83 0
J N 7 764 35 4 1729 576 0
K 0 0 43
K 0 0 59
K 0 -21 59
A D 6 24 0
A P 1 123 0
J N 7 815 84 8 3457 576 0
K 1 -14 45
K 1 0 45
K 0 0 43
K -1 0 45
K 2 0 45
K 0 0 59
K 0 -28 59
A D 6 24 0
A P 1 83 0
J N 7 887 35 4 5185 576 0
K 0 0 43
K 0 0 59
K 0 -21 59
A D 6 24 0
A P 1 123 0
J B 370 940 1 82 6913 576 0
J N 7 961 84 10 1 0 0
K 1 -14 45
K 1 0 45
K 0 0 43
K -1 0 45
K 2 0 45
K 0 29 108
K 23 29 108
K 0 0 59
K 0 -28 59
A D 6 24 0
A P 1 83 0
J N 7 1031 35 4 1729 576 0
K 0 0 43
K 0 0 59
K 0 -21 59
A D 6 24 0
A P 1 123 0
J R 8 1081 28 2 3457 576 0
K 0 0 47
A D 12 24 0
A P 1 0 0
J B 371 1148 1 82 6913 1152 0
J N 7 1169 84 8 1 0 0
K 1 -14 45
K 1 0 45
K 0 0 43
K -1 0 45
K 2 0 45
K 0 0 59
K 0 -28 59
A D 6 24 0
A P 1 83 0
J N 7 1239 35 4 1729 576 0
K 0 0 43
K 0 0 59
K 0 -21 59
A D 6 24 0
A P 1 123 0
J R 8 1289 28 2 3457 576 0
K 0 0 47
A D 12 24 0
A P 1 0 0
J B 372 1356 1 82 6913 1152 0
J N 7 1377 84 8 1 0 0
K 1 -14 45
K 1 0 45
K 0 0 43
K -1 0 45
K 2 0 45
K 0 0 59
K 0 -28 59
A D 6 24 0
A P 1 83 0
J N 7 1447 35 4 1729 576 0
K 0 0 43
K 0 0 59
K 0 -21 59
A D 6 24 0
A P 1 123 0
J N 8 1497 77 10 3457 576 1 110
K 1 -7 45
K -15 0 65
K 0 0 42
K 0 -7 45
K 1 -7 45
K 0 53 110
K 17 53 110
K 0 0 59
K 0 -21 59
A D 12 24 1
A P 1 88 1
J B 373 1564 1 82 6913 1152 0
J N 8 1588 77 8 1 0 1 110
K 1 -7 45
k -15 0 65
K 0 0 42
K 0 -7 45
K 1 -7 45
K 0 0 59
K 0 -21 59
A D 12 24 0
A P 1 88 0
H 110 T 77 0 0 0 0 0 9 0
J R 8 1653 28 2 3457 1152 0
K 0 0 47
A D 12 24 0
A P 1 0 0
J B 374 1825 1 82 6913 1152 0
J R 8 1849 28 2 1 0 0
K 0 0 47
A D 12 24 0
A P 1 0 0
J N 8 1983 84 11 3457 1152 1 111
K 1 -14 45
K 1 0 45
K -18 0 63
K 0 0 42
K -1 0 45
K 2 0 45
K 0 50 110
K 17 50 110
K 0 0 59
K 0 -28 59
A D 12 24 1
A P 1 84 1
J B 375 2050 1 82 6913 1152 0
J M 0 2050 0 0 6913 0 1 111
H 111 T 84 0 0 0 0 0 13 0
E *
L 1225 0 0 315 315 * 0 14 0
J D 0 -83 42 1 6913 0 0
W 0 0 31 Cb
J C 22 5 14 36 6913 0 0
J K -1 57 0 1 6913 0 0
K 0 42 65
J D 0 -27 -14 1 6913 0 0
W 0 0 0 \03\06\07
J R 9 234 28 2 1 10000 0
K 0 0 46
A D 24 24 0
A P 1 0 0
J B 368 402 1 82 6913 2304 0
J R 9 522 28 2 1 10000 0
K 0 0 46
A D 24 24 0
A P 1 0 0
J B 369 671 1 82 6913 2304 0
J R 9 791 28 2 1 10000 0
K 0 0 46
A D 24 24 0
A P 1 0 0
J B 370 940 1 82 6913 2304 0
J R 9 1030 28 2 1 10000 0
K 0 0 46
A D 24 24 0
A P 1 0 0
J B 371 1148 1 82 6913 2304 0
J R 9 1238 28 2 1 10000 0
K 0 0 46
A D 24 24 0
A P 1 0 0
J B 372 1356 1 82 6913 2304 0
J R 8 1377 28 2 1 0 0
K 0 0 47
A D 12 24 0
A P 1 0 0
J N 8 1497 28 7 3457 1152 1 85
K -15 0 65
K 0 0 42
K 0 68 110
K 17 68 110
K 0 0 60
K 0 21 60
A D 12 24 1
A P 1 128 1
J B 373 1564 1 82 6913 1152 0
J N 8 1588 28 5 1 0 1 85
k -15 0 65
K 0 0 42
K 0 0 60
K 0 21 60
A D 12 24 0
A P 1 128 0
H 85 T 28 0 0 0 0 0 5 0
J R 8 1653 28 2 3457 1152 0
K 0 0 47
A D 12 24 0
A P 1 0 0
J B 374 1825 1 82 6913 1152 0
J R 8 1849 28 2 1 0 0
K 0 0 47
A D 12 24 0
A P 1 0 0
J N 8 1983 35 7 3457 1152 1 86
K -18 0 63
K 0 0 42
K 0 53 110
K 17 53 110
K 0 0 59
K 0 -21 59
A D 12 24 1
A P 1 124 1
J B 375 2050 1 82 6913 1152 0
J M 0 2050 0 0 6913 0 1 86
H 86 T 35 0 0 0 0 0 9 0
E *
B 1 402 0
B 1 671 0
B 1 940 0
B 1 1148 0
B 1 1356 0
B 1 1564 0
B 1 1825 0
B 1 2050 0
S 0 200 1750 2050 1136 9 "[(....)][({..}.{..})]"
L 0 0 0 315 315 * 0 14 0
J D 0 -108 42 1 6913 0 0
W 0 0 31 Fl 1-2
J C 4 5 42 2 6913 0 0
K 0 0 33
K 0 0 34
J K -1 57 0 1 6913 0 0
K 0 28 65
J D 0 -27 -14 1 6913 0 0
W 0 0 37 \03\07\05
J N 8 121 -28 9 1 0 1 174
K 0 14 45
K 0 0 45
K -18 0 63
K 0 0 42
K -1 0 45
K 2 0 45
K 0 0 60
K 0 28 60
A D 12 24 0
A P 3 244 0
J M 0 69 0 0 6913 0 1 174
H 174 T -28 0 0 0 0 0 5 0
J R 8 194 28 2 3457 1152 0
K 0 0 47
A D 12 24 0
A P 3 0 0
J B 376 366 1 82 6913 1152 0
J R 8 393 28 2 1 0 0
K 0 0 47
A D 12 24 0
A P 3 0 0
J D 0 519 0 1 3457 1152 0
W 0 -63 32 zu 2
J N 8 540 -28 11 3457 0 1 175
K 0 14 45
K 0 0 45
K -18 0 63
K 0 0 42
K -1 0 45
K 2 0 45
K 0 116 110
K 17 116 110
K 0 0 60
K 0 28 60
A D 12 24 1
A P 3 244 1
J B 377 612 1 82 6913 1152 0
J N 8 639 -28 9 1 0 1 175
K 0 14 45
K 0 0 45
k -18 0 63
K 0 0 42
K -1 0 45
K 2 0 45
K 0 0 60
K 0 28 60
A D 12 24 0
A P 3 244 0
H 175 T -28 0 0 0 0 0 5 0
J N 8 711 -28 9 3457 1152 1 176
K 0 14 45
K 0 0 45
K -18 0 63
K 0 0 42
K -1 0 45
K 2 0 45
K 0 0 60
K 0 28 60
A D 12 24 1
A P 3 244 1
J B 378 783 1 82 6913 1152 0
J N 8 810 -28 9 1 0 1 176
K 0 14 45
K 0 0 45
k -18 0 63
K 0 0 42
K -1 0 45
K 2 0 45
K 0 0 60
K 0 28 60
A D 12 24 0
A P 3 244 0
H 176 T -28 0 0 0 0 0 5 0
J N 8 882 -28 9 3457 1152 1 177
K 0 14 45
K 0 0 45
K -18 0 63
K 0 0 42
K -1 0 45
K 2 0 45
K 0 0 60
K 0 28 60
A D 12 24 1
A P 3 244 1
J B 379 954 1 82 6913 1152 0
J N 8 981 -28 9 1 0 1 177
K 0 14 45
K 0 0 45
k -18 0 63
K 0 0 42
K -1 0 45
K 2 0 45
K 0 0 60
K 0 28 60
A D 12 24 0
A P 3 244 0
H 177 T -28 0 0 0 0 0 7 0
J D 0 1053 0 1 3457 1152 0
W 0 93 33 sempre !1|ff
J N 7 1053 -14 7 3457 0 1 178
K 1 0 45
K 0 0 43
K -1 0 45
K 2 0 45
K 0 0 59
K 0 -7 59
A D 4 24 0
A P 1 232 0
J N 7 1053 -14 7 3457 0 0
K 0 0 45
K 0 0 43
K -1 0 45
K 2 0 45
K 0 0 60
K 0 21 60
A D 4 24 0
A P 2 232 0
J N 7 1115 -49 10 4609 384 0
K 1 35 45
K 1 21 45
K 1 7 45
K -18 0 63
K 0 0 43
K 0 7 45
K 1 7 45
K 0 0 59
K 0 -7 59
A D 4 24 0
A P 1 261 0
J N 7 1115 -28 9 4609 0 0
K 0 14 45
K 0 0 45
K -36 0 63
K 0 0 43
K -1 0 45
K 2 0 45
K 0 0 60
K 0 28 60
A D 4 24 0
A P 2 244 0
J N 7 1187 -49 9 5761 384 1 178
K 1 35 45
K 1 21 45
K 1 7 45
K 0 0 43
K 0 7 45
K 1 7 45
K 0 0 59
K 0 -7 59
A D 4 24 0
A P 1 261 0
H 178 X 1 3 0 -56 6 -56 0
J N 7 1187 -28 8 5761 0 0
K 0 14 45
K 0 0 45
K 0 0 43
K -1 0 45
K 2 0 45
K 0 0 60
K 0 28 60
A D 4 24 0
A P 2 244 0
J B 380 1255 5 2 6913 384 0
K -8 0 82
K 0 0 82
J K 2 1276 0 3 6913 0 0
K 0 28 64
K 13 0 63
K 28 21 63
J N 6 1335 -49 7 1 0 2 179 180
K 1 35 45
K 1 21 45
K 1 7 45
K 0 0 43
K 0 7 45
K 1 7 45
A D 3 24 0
A P 1 261 0
J N 7 1335 -28 8 1 0 0
K 0 14 45
K 0 0 45
K 0 0 43
K -1 0 45
K 2 0 45
K 0 0 60
K 0 28 60
A D 6 24 0
A P 2 244 0
J N 6 1379 -56 9 865 288 2 180 179
K 1 42 45
K 1 28 45
K 1 14 45
K 1 0 45
K -18 0 63
K 0 0 43
K -1 0 45
K 2 0 45
A D 3 24 0
A P 1 267 0
H 180 B 37 -3 108 2 2 3
H 179 S 0 6 -30 6 -27 0 0 0 0
J N 7 1423 -42 11 1729 288 0
K 1 28 45
K 1 14 45
K 1 0 45
K -18 0 63
K 0 0 43
K -1 0 45
K 2 0 45
K 7 -45 96
K 0 0 59
K 0 -7 59
A D 6 24 0
A P 1 256 0
J N 7 1423 -28 8 1729 0 0
K 0 14 45
K 0 0 45
K 0 0 43
K -1 0 45
K 2 0 45
K 0 0 60
K 0 28 60
A D 6 24 0
A P 2 244 0
J N 6 1507 -49 7 3457 576 2 181 182
K 1 35 45
K 1 21 45
K 1 7 45
K 0 0 43
K 0 7 45
K 1 7 45
A D 3 24 0
A P 1 261 0
J N 7 1507 -28 8 3457 0 0
K 0 14 45
K 0 0 45
K 0 0 43
K -1 0 45
K 2 0 45
K 0 0 60
K 0 28 60
A D 6 24 0
A P 2 244 0
J N 6 1549 -56 8 4321 288 2 182 181
K 1 42 45
K 1 28 45
K 1 14 45
K 1 0 45
K 0 0 43
K -1 0 45
K 2 0 45
A D 3 24 0
A P 1 267 0
H 182 B 37 -3 108 2 2 3
H 181 S 0 6 -30 6 -27 0 0 0 0
J N 7 1591 -42 10 5185 288 0
K 1 28 45
K 1 14 45
K 1 0 45
K 0 0 43
K -1 0 45
K 2 0 45
K 7 -45 96
K 0 0 59
K 0 -7 59
A D 6 24 0
A P 1 256 0
J N 7 1591 -28 8 5185 0 0
K 0 14 45
K 0 0 45
K 0 0 43
K -1 0 45
K 2 0 45
K 0 0 60
K 0 28 60
A D 6 24 0
A P 2 244 0
J B 381 1679 1 82 6913 576 0
J N 6 1706 -49 7 1 0 2 183 184
K 1 35 45
K 1 21 45
K 1 7 45
K 0 0 43
K 0 7 45
K 1 7 45
A D 3 24 0
A P 1 261 0
J N 7 1706 -28 8 1 0 0
K 0 14 45
K 0 0 45
K 0 0 43
K -1 0 45
K 2 0 45
K 0 0 60
K 0 28 60
A D 6 24 0
A P 2 244 0
J N 6 1750 -56 9 865 288 2 184 183
K 1 42 45
K 1 28 45
K 1 14 45
K 1 0 45
K -18 0 63
K 0 0 43
K -1 0 45
K 2 0 45
A D 3 24 0
A P 1 267 0
H 184 B 37 -3 108 2 2 3
H 183 S 0 6 -30 6 -27 0 0 0 0
J N 7 1794 -42 10 1729 288 0
K 1 28 45
K 1 14 45
K 1 0 45
K -18 0 63
K 0 0 43
K -1 0 45
K 2 0 45
K 0 0 59
K 0 -7 59
A D 6 24 0
A P 1 256 0
J N 7 1794 -28 8 1729 0 0
K 0 14 45
K 0 0 45
K 0 0 43
K -1 0 45
K 2 0 45
K 0 0 60
K 0 28 60
A D 6 24 0
A P 2 244 0
J N 7 1878 -28 14 3457 576 1 185
K 0 14 45
K 0 0 45
K 0 -14 45
K 0 -28 45
K 0 -28 43
K -1 -28 45
K 2 -28 45
K 0 0 43
K -1 0 45
K 2 0 45
K 0 -28 60
K 0 0 60
K 0 28 60
A D 4 24 0
A P 1 267 0
A P 2 244 0
J N 7 1934 -28 14 4609 384 0
K 0 14 45
K 0 0 45
K 0 -14 45
K 0 -28 45
K 0 -28 43
K -1 -28 45
K 2 -28 45
K 0 0 43
K -1 0 45
K 2 0 45
K 0 -28 60
K 0 0 60
K 0 28 60
A D 4 24 0
A P 1 267 0
A P 2 244 0
J N 7 1990 -28 14 5761 384 1 185
K 0 14 45
K 0 0 45
K 0 -14 45
K 0 -28 45
K 0 -28 43
K -1 -28 45
K 2 -28 45
K 0 0 43
K -1 0 45
K 2 0 45
K 0 -28 60
K 0 0 60
K 0 28 60
A D 4 24 0
A P 1 267 0
A P 2 244 0
H 185 X 1 3 0 -58 0 -30 0
J B 382 2050 1 82 6913 384 0
E *
L 132 0 0 315 315 * 0 14 0
J D 0 -119 42 1 6913 0 0
W 0 0 31 Ob 1-2
J C 4 5 42 2 6913 0 0
K 0 0 33
K 0 0 34
J K -1 57 0 1 6913 0 0
K 0 28 65
J D 0 -27 -14 1 6913 0 0
W 0 0 0 \03\07\05
J N 8 121 21 13 1 0 2 167 168
K 0 -35 45
K 0 -49 45
K -18 -49 63
K -18 0 63
K 0 -49 42
K -1 -49 45
K 2 -49 45
K 0 0 42
K 0 -49 60
K 0 -28 60
K 0 0 60
K 0 21 60
A D 12 24 0
A P 1 244 0
A P 2 204 0
J M 0 69 0 0 6913 0 1 167
H 167 T -28 0 0 0 0 0 5 0
J M 0 69 0 0 6913 0 1 168
H 168 T 21 0 0 0 0 0 11 0
J R 8 194 28 2 3457 1152 0
K 0 0 47
A D 12 24 0
A P 1 0 0
J B 376 366 1 82 6913 1152 0
J R 8 393 28 2 1 0 0
K 0 0 47
A D 12 24 0
A P 1 0 0
J N 8 540 21 15 3457 1152 2 169 170
K 0 -35 45
K 0 -49 45
K -18 -49 63
K -18 0 63
K 0 -49 42
K -1 -49 45
K 2 -49 45
K 0 0 42
K 0 71 110
K 17 71 110
K 0 -49 60
K 0 -28 60
K 0 0 60
K 0 21 60
A D 12 24 1
A P 1 244 1
A P 2 204 1
J B 377 612 1 82 6913 1152 0
J N 8 639 21 13 1 0 2 169 170
K 0 -35 45
K 0 -49 45
k -18 -49 63
k -18 0 63
K 0 -49 42
K -1 -49 45
K 2 -49 45
K 0 0 42
K 0 -49 60
K 0 -28 60
K 0 0 60
K 0 21 60
A D 12 24 0
A P 1 244 0
A P 2 204 0
H 169 T -28 0 0 0 0 0 5 0
H 170 T 21 0 0 0 0 0 11 0
J N 8 711 21 13 3457 1152 2 171 172
K 0 -35 45
K 0 -49 45
K -18 -49 63
K -18 0 63
K 0 -49 42
K -1 -49 45
K 2 -49 45
K 0 0 42
K 0 -49 60
K 0 -28 60
K 0 0 60
K 0 21 60
A D 12 24 1
A P 1 244 1
A P 2 204 1
J B 378 783 1 82 6913 1152 0
J N 8 810 21 13 1 0 2 171 172
K 0 -35 45
K 0 -49 45
k -18 -49 63
k -18 0 63
K 0 -49 42
K -1 -49 45
K 2 -49 45
K 0 0 42
K 0 -49 60
K 0 -28 60
K 0 0 60
K 0 21 60
A D 12 24 0
A P 1 244 0
A P 2 204 0
H 171 T -28 0 0 0 0 0 5 0
H 172 T 21 0 0 0 0 0 11 0
J N 8 882 21 13 3457 1152 2 173 174
K 0 -35 45
K 0 -49 45
K -18 -49 63
K -18 0 63
K 0 -49 42
K -1 -49 45
K 2 -49 45
K 0 0 42
K 0 -49 60
K 0 -28 60
K 0 0 60
K 0 21 60
A D 12 24 1
A P 1 244 1
A P 2 204 1
J B 379 954 1 82 6913 1152 0
J N 8 981 21 13 1 0 2 173 174
K 0 -35 45
K 0 -49 45
k -18 -49 63
k -18 0 63
K 0 -49 42
K -1 -49 45
K 2 -49 45
K 0 0 42
K 0 -49 60
K 0 -28 60
K 0 0 60
K 0 21 60
A D 12 24 0
A P 1 244 0
A P 2 204 0
H 173 T -28 0 0 0 0 0 5 0
H 174 T 21 0 0 0 0 0 11 0
J D 0 1053 0 1 3457 1152 0
W 0 93 33 sempre !1|ff
J N 7 1053 0 10 3457 0 1 175
K 0 -14 45
K -18 0 63
K 0 -14 43
K -1 -14 45
K 2 -14 45
K 0 0 43
K 0 -14 60
K 0 0 60
K 0 21 60
A D 4 24 0
A P 1 232 0
A P 2 221 0
J N 7 1115 0 9 4609 384 0
K 0 -14 45
K 0 -14 43
K -1 -14 45
K 2 -14 45
K 0 0 43
K 0 -14 60
K 0 0 60
K 0 21 60
A D 4 24 0
A P 1 232 0
A P 2 221 0
J N 7 1187 0 9 5761 384 1 175
K 0 -14 45
K 0 -14 43
K -1 -14 45
K 2 -14 45
K 0 0 43
K 0 -14 60
K 0 0 60
K 0 21 60
A D 4 24 0
A P 1 232 0
A P 2 221 0
H 175 X 1 3 0 -39 0 -25 0
J B 380 1255 5 2 6913 384 0
K -8 0 82
K 0 0 82
J K 2 1276 0 3 6913 0 0
K 0 28 64
K 13 0 63
K 28 21 63
J N 6 1335 0 7 1 0 2 176 177
K 0 -14 45
K 0 -14 43
K -1 -14 45
K 2 -14 45
K 0 0 43
K 0 -14 60
A D 3 24 0
A P 1 232 0
A P 2 221 0
J N 6 1379 -7 8 865 288 2 177 176
K 0 -7 45
K -18 0 63
K 0 -14 43
K 0 -7 45
K 1 -7 45
K 0 0 43
K 0 -14 60
A D 3 24 0
A P 1 238 0
A P 2 227 0
H 177 B -47 -3 108 2 2 3
H 176 S 0 0 -14 0 -14 0 0 0 0
J N 7 1423 21 8 1729 288 0
K -18 -28 63
K 0 -28 43
K 0 0 43
K 0 -45 96
K 0 -28 60
K 0 0 60
K 0 21 60
A D 6 24 0
A P 1 227 0
A P 2 204 0
J N 6 1507 0 7 3457 576 2 178 179
K 0 -14 45
K 0 -14 43
K -1 -14 45
K 2 -14 45
K 0 0 43
K 0 -14 60
A D 3 24 0
A P 1 232 0
A P 2 221 0
J N 6 1549 -7 7 4321 288 2 179 178
K 0 -7 45
K 0 -14 43
K 0 -7 45
K 1 -7 45
K 0 0 43
K 0 -14 60
A D 3 24 0
A P 1 238 0
A P 2 227 0
H 179 B -47 -3 108 2 2 3
H 178 S 0 0 -14 0 -14 0 0 0 0
J N 7 1591 21 7 5185 288 0
K 0 -28 43
K 0 0 43
K 0 -45 96
K 0 -28 60
K 0 0 60
K 0 21 60
A D 6 24 0
A P 1 227 0
A P 2 204 0
J B 381 1679 1 82 6913 576 0
J N 6 1706 0 7 1 0 2 180 181
K 0 -14 45
K 0 -14 43
K -1 -14 45
K 2 -14 45
K 0 0 43
K 0 -14 60
A D 3 24 0
A P 1 232 0
A P 2 221 0
J N 6 1750 -7 8 865 288 2 181 180
K 0 -7 45
K -18 0 63
K 0 -14 43
K 0 -7 45
K 1 -7 45
K 0 0 43
K 0 -14 60
A D 3 24 0
A P 1 238 0
A P 2 227 0
H 181 B -47 -3 108 2 2 3
H 180 S 0 0 -14 0 -14 0 0 0 0
J N 7 1794 21 8 1729 288 0
K -18 -28 63
K 0 -28 43
K 0 0 43
K 0 -45 96
K 0 -28 60
K 0 0 60
K 0 21 60
A D 6 24 0
A P 1 227 0
A P 2 204 0
J N 7 1878 -7 9 3457 576 1 182
K 0 -7 45
K 0 -14 43
K 0 -7 45
K 1 -7 45
K 0 0 43
K 0 -14 60
K 0 0 60
K 0 21 60
A D 4 24 0
A P 1 238 0
A P 2 227 0
J N 7 1934 -7 9 4609 384 0
K 0 -7 45
K 0 -14 43
K 0 -7 45
K 1 -7 45
K 0 0 43
K 0 -14 60
K 0 0 60
K 0 21 60
A D 4 24 0
A P 1 238 0
A P 2 227 0
J N 7 1990 -7 9 5761 384 1 182
K 0 -7 45
K 0 -14 43
K 0 -7 45
K 1 -7 45
K 0 0 43
K 0 -14 60
K 0 0 60
K 0 21 60
A D 4 24 0
A P 1 238 0
A P 2 227 0
H 182 X 1 3 0 -42 0 -28 0
J B 382 2050 1 82 6913 384 0
E *
L 264 0 0 315 315 * 0 14 0
J D 0 -110 42 1 6913 0 0
W 0 -21 31 Cl 1-2
J D 0 -110 42 1 6913 0 0
W 0 21 31 (B\0.)
J C 4 5 42 2 6913 0 0
K 0 0 33
K 0 0 34
J K 1 57 0 1 6913 0 0
K 0 0 63
J D 0 -27 -14 1 6913 0 0
W 0 0 0 \03\07\05
J N 8 121 14 5 1 0 1 131
K -18 0 63
K 0 0 42
K 0 0 60
K 0 21 60
A D 12 24 0
A P 3 210 0
J M 0 69 0 0 6913 0 1 131
H 131 T 14 0 0 0 0 0 5 0
J R 8 194 28 2 3457 1152 0
K 0 0 47
A D 12 24 0
A P 3 0 0
J B 376 366 1 82 6913 1152 0
J R 8 393 28 2 1 0 0
K 0 0 47
A D 12 24 0
A P 3 0 0
J D 0 526 0 1 3457 1152 0
W 0 -21 32 zu 2
J N 8 540 14 7 3457 0 1 132
K -18 0 63
K 0 0 42
K 0 74 110
K 17 74 110
K 0 0 60
K 0 21 60
A D 12 24 1
A P 3 210 1
J B 377 612 1 82 6913 1152 0
J N 8 639 14 5 1 0 1 132
k -18 0 63
K 0 0 42
K 0 0 60
K 0 21 60
A D 12 24 0
A P 3 210 0
H 132 T 14 0 0 0 0 0 5 0
J N 8 711 14 5 3457 1152 1 133
K -18 0 63
K 0 0 42
K 0 0 60
K 0 21 60
A D 12 24 1
A P 3 210 1
J B 378 783 1 82 6913 1152 0
J N 8 810 14 5 1 0 1 133
k -18 0 63
K 0 0 42
K 0 0 60
K 0 21 60
A D 12 24 0
A P 3 210 0
H 133 T 14 0 0 0 0 0 5 0
J N 8 882 14 5 3457 1152 1 134
K -18 0 63
K 0 0 42
K 0 0 60
K 0 21 60
A D 12 24 1
A P 3 210 1
J B 379 954 1 82 6913 1152 0
J N 8 981 14 5 1 0 1 134
k -18 0 63
K 0 0 42
K 0 0 60
K 0 21 60
A D 12 24 0
A P 3 210 0
H 134 T 14 0 0 0 0 0 7 0
J D 0 1053 0 1 3457 1152 0
W 0 106 33 sempre !1|ff
J N 7 1053 28 4 3457 0 1 135
K 0 0 43
K 0 0 59
K 0 -14 59
A D 4 24 0
A P 1 198 0
J N 7 1053 28 4 3457 0 0
K 0 0 43
K 0 0 60
K 0 21 60
A D 4 24 0
A P 2 198 0
J N 7 1115 42 9 4609 384 0
K -18 -49 63
K -18 0 63
K 0 -49 43
K 0 0 43
K 0 -49 60
K 0 -28 60
K 0 0 60
K 0 14 60
A D 4 24 0
A P 1 227 0
A P 2 187 0
J N 7 1187 42 7 5761 384 1 135
K 0 -49 43
K 0 0 43
K 0 -49 60
K 0 -28 60
K 0 0 60
K 0 14 60
A D 4 24 0
A P 1 227 0
A P 2 187 0
H 135 X 1 3 0 -84 0 -84 0
J B 380 1255 5 2 6913 384 0
K -8 0 82
K 0 0 82
J N 7 1335 42 9 1 0 0
K -18 -49 63
K -18 0 63
K 0 -49 43
K 0 0 43
K 0 -49 60
K 0 -28 60
K 0 0 60
K 0 14 60
A D 6 24 0
A P 1 227 0
A P 2 187 0
J N 7 1423 42 7 1729 576 0
K 0 -49 43
K 0 0 43
K 0 -49 60
K 0 -28 60
K 0 0 60
K 0 14 60
A D 6 24 0
A P 1 227 0
A P 2 187 0
J N 7 1507 42 7 3457 576 0
K 0 -49 43
K 0 0 43
K 0 -49 60
K 0 -28 60
K 0 0 60
K 0 14 60
A D 6 24 0
A P 1 227 0
A P 2 187 0
J N 7 1591 42 7 5185 576 0
K 0 -49 43
K 0 0 43
K 0 -49 60
K 0 -28 60
K 0 0 60
K 0 14 60
A D 6 24 0
A P 1 227 0
A P 2 187 0
J B 381 1679 1 82 6913 576 0
J N 7 1706 42 9 1 0 0
K -18 -49 63
K -18 0 63
K 0 -49 43
K 0 0 43
K 0 -49 60
K 0 -28 60
K 0 0 60
K 0 14 60
A D 6 24 0
A P 1 227 0
A P 2 187 0
J N 7 1794 42 7 1729 576 0
K 0 -49 43
K 0 0 43
K 0 -49 60
K 0 -28 60
K 0 0 60
K 0 14 60
A D 6 24 0
A P 1 227 0
A P 2 187 0
J N 7 1878 42 7 3457 576 1 136
K 0 -49 43
K 0 0 43
K 0 -49 60
K 0 -28 60
K 0 0 60
K 0 14 60
A D 4 24 0
A P 1 227 0
A P 2 187 0
J N 7 1934 42 7 4609 384 0
K 0 -49 43
K 0 0 43
K 0 -49 60
K 0 -28 60
K 0 0 60
K 0 14 60
A D 4 24 0
A P 1 227 0
A P 2 187 0
J N 7 1990 42 7 5761 384 1 136
K 0 -49 43
K 0 0 43
K 0 -49 60
K 0 -28 60
K 0 0 60
K 0 14 60
A D 4 24 0
A P 1 227 0
A P 2 187 0
H 136 X 1 3 0 -79 0 -72 0
J B 382 2050 1 82 6913 384 0
E *
L 396 0 0 315 315 * 0 14 0
J D 0 -130 42 1 6913 0 0
W 0 0 31 Fag 1-2
J C 22 5 14 36 6913 0 0
J K -1 57 0 1 6913 0 0
K 0 42 65
J D 0 -27 -14 1 6913 0 0
W 0 0 0 \03\07\05
J N 8 121 35 5 1 0 1 127
K -18 0 63
K 0 0 42
K 0 0 59
K 0 -21 59
A D 12 24 0
A P 3 124 0
J M 0 69 0 0 6913 0 1 127
H 127 T 35 0 0 0 0 0 9 0
J R 8 194 28 2 3457 1152 0
K 0 0 47
A D 12 24 0
A P 3 0 0
J B 376 366 1 82 6913 1152 0
J R 8 393 28 2 1 0 0
K 0 0 47
A D 12 24 0
A P 3 0 0
J D 0 526 0 1 3457 1152 0
W 0 -28 32 zu 2
J N 8 540 35 7 3457 0 1 128
K -18 0 63
K 0 0 42
K 0 63 110
K 17 63 110
K 0 0 59
K 0 -21 59
A D 12 24 1
A P 3 124 1
J B 377 612 1 82 6913 1152 0
J N 8 639 35 5 1 0 1 128
k -18 0 63
K 0 0 42
K 0 0 59
K 0 -21 59
A D 12 24 0
A P 3 124 0
H 128 T 35 0 0 0 0 0 9 0
J N 8 711 35 5 3457 1152 1 129
K -18 0 63
K 0 0 42
K 0 0 59
K 0 -21 59
A D 12 24 1
A P 3 124 1
J B 378 783 1 82 6913 1152 0
J N 8 810 35 5 1 0 1 129
k -18 0 63
K 0 0 42
K 0 0 59
K 0 -21 59
A D 12 24 0
A P 3 124 0
H 129 T 35 0 0 0 0 0 9 0
J N 8 882 35 5 3457 1152 1 130
K -18 0 63
K 0 0 42
K 0 0 59
K 0 -21 59
A D 12 24 1
A P 3 124 1
J B 379 954 1 82 6913 1152 0
J N 8 981 35 5 1 0 1 130
k -18 0 63
K 0 0 42
K 0 0 59
K 0 -21 59
A D 12 24 0
A P 3 124 0
H 130 T 35 0 0 0 0 0 11 0
J D 0 1053 0 1 3457 1152 0
W 0 95 33 sempre !1|ff
J N 7 1053 14 13 3457 0 1 131
K 0 -28 45
K 0 -42 45
K -18 -49 63
K -18 0 63
K 0 -49 43
K 0 -42 45
K 1 -42 45
K 0 0 43
K 0 -49 60
K 0 -28 60
K 0 0 60
K 0 21 60
A D 4 24 0
A P 1 181 0
A P 2 141 0
J N 7 1115 14 11 4609 384 0
K 0 -28 45
K 0 -42 45
K 0 -49 43
K 0 -42 45
K 1 -42 45
K 0 0 43
K 0 -49 60
K 0 -28 60
K 0 0 60
K 0 21 60
A D 4 24 0
A P 1 181 0
A P 2 141 0
J N 7 1187 14 11 5761 384 1 131
K 0 -28 45
K 0 -42 45
K 0 -49 43
K 0 -42 45
K 1 -42 45
K 0 0 43
K 0 -49 60
K 0 -28 60
K 0 0 60
K 0 21 60
A D 4 24 0
A P 1 181 0
A P 2 141 0
H 131 X 1 3 0 -85 0 -50 0
J B 380 1255 5 2 6913 384 0
K -8 0 82
K 0 0 82
J K 2 1276 0 3 6913 0 0
K 0 42 64
K 13 14 63
K 28 35 63
J N 7 1335 14 11 1 0 0
K 0 -28 45
K 0 -42 45
K 0 -49 43
K 0 -42 45
K 1 -42 45
K 0 0 43
K 0 -49 60
K 0 -28 60
K 0 0 60
K 0 21 60
A D 6 24 0
A P 1 181 0
A P 2 141 0
J N 7 1423 14 11 1729 576 0
K 0 -28 45
K 0 -42 45
K 0 -49 43
K 0 -42 45
K 1 -42 45
K 0 0 43
K 0 -49 60
K 0 -28 60
K 0 0 60
K 0 21 60
A D 6 24 0
A P 1 181 0
A P 2 141 0
J N 7 1507 14 11 3457 576 0
K 0 -28 45
K 0 -42 45
K 0 -49 43
K 0 -42 45
K 1 -42 45
K 0 0 43
K 0 -49 60
K 0 -28 60
K 0 0 60
K 0 21 60
A D 6 24 0
A P 1 181 0
A P 2 141 0
J N 7 1591 14 11 5185 576 0
K 0 -28 45
K 0 -42 45
K 0 -49 43
K 0 -42 45
K 1 -42 45
K 0 0 43
K 0 -49 60
K 0 -28 60
K 0 0 60
K 0 21 60
A D 6 24 0
A P 1 181 0
A P 2 141 0
J B 381 1679 1 82 6913 576 0
J N 7 1706 14 11 1 0 0
K 0 -28 45
K 0 -42 45
K 0 -49 43
K 0 -42 45
K 1 -42 45
K 0 0 43
K 0 -49 60
K 0 -28 60
K 0 0 60
K 0 21 60
A D 6 24 0
A P 1 181 0
A P 2 141 0
J N 7 1794 14 11 1729 576 0
K 0 -28 45
K 0 -42 45
K 0 -49 43
K 0 -42 45
K 1 -42 45
K 0 0 43
K 0 -49 60
K 0 -28 60
K 0 0 60
K 0 21 60
A D 6 24 0
A P 1 181 0
A P 2 141 0
J N 7 1878 14 11 3457 576 1 132
K 0 -28 45
K 0 -42 45
K 0 -49 43
K 0 -42 45
K 1 -42 45
K 0 0 43
K 0 -49 60
K 0 -28 60
K 0 0 60
K 0 21 60
A D 4 24 0
A P 1 181 0
A P 2 141 0
J N 7 1934 14 11 4609 384 0
K 0 -28 45
K 0 -42 45
K 0 -49 43
K 0 -42 45
K 1 -42 45
K 0 0 43
K 0 -49 60
K 0 -28 60
K 0 0 60
K 0 21 60
A D 4 24 0
A P 1 181 0
A P 2 141 0
J N 7 1990 14 11 5761 384 1 132
K 0 -28 45
K 0 -42 45
K 0 -49 43
K 0 -42 45
K 1 -42 45
K 0 0 43
K 0 -49 60
K 0 -28 60
K 0 0 60
K 0 21 60
A D 4 24 0
A P 1 181 0
A P 2 141 0
H 132 X 1 3 0 -85 0 -50 0
J B 382 2050 1 82 6913 384 0
E *
L 551 0 0 315 315 * 0 14 0
J D 0 -119 42 1 6913 0 0
W 0 0 31 Vln 1
J C 4 5 42 2 6913 0 0
K 0 0 33
K 0 0 34
J K -1 57 0 1 6913 0 0
K 0 28 65
J D 0 -27 -14 1 6913 0 0
W 0 0 0 \03\07\05
J N 8 121 70 8 1 0 1 590
K 1 0 45
K -18 0 63
K 0 0 42
K -1 0 45
K 2 0 45
K 0 0 59
K 0 -21 59
A D 12 24 0
A P 3 164 0
J M 0 69 0 0 6913 0 1 590
H 590 T 70 0 0 0 0 0 13 0
J N 6 194 56 5 3457 1152 2 591 592
K -14 0 64
K 0 0 43
K 0 30 108
K 23 30 108
A D 2 24 0
A P 3 175 0
J N 6 222 56 2 4033 192 1 592
K 0 0 43
A D 2 24 0
A P 3 175 0
J N 6 250 56 2 4609 192 2 592 591
K 0 0 43
A D 2 24 0
A P 3 175 0
H 591 X 25 3 0 0 0 0 592
H 592 B 46 0 108 3 2 1 3
J N 6 278 56 2 5185 192 2 593 594
K 0 0 43
A D 2 24 0
A P 3 175 0
J N 6 306 56 2 5761 192 1 594
K 0 0 43
A D 2 24 0
A P 3 175 0
J N 6 334 56 2 6337 192 2 594 593
K 0 0 43
A D 2 24 0
A P 3 175 0
H 593 X 25 3 0 0 0 0 594
H 594 B 46 0 108 3 2 1 3
J B 376 366 1 82 6913 192 0
J N 6 393 56 2 1 0 2 595 596
K 0 0 43
A D 3 24 0
A P 3 175 0
J N 6 439 49 3 865 288 2 596 595
K -18 0 63
K 0 0 43
A D 3 24 0
A P 3 181 0
H 596 B 45 -3 108 2 2 3
H 595 S 12 0 0 0 0 0 0 0 0
J N 7 484 63 6 1729 288 0
K -18 0 63
K 0 0 43
K 0 17 96
K 0 0 59
K 0 -21 59
A D 6 24 0
A P 3 170 0
J N 8 540 70 10 3457 576 1 597
K 1 0 45
K -18 0 63
K 0 0 42
K -1 0 45
K 2 0 45
K 0 51 110
K 17 51 110
K 0 0 59
K 0 -21 59
A D 12 24 1
A P 3 164 1
J B 377 612 1 82 6913 1152 0
J N 8 639 70 8 1 0 1 597
K 1 0 45
k -18 0 63
K 0 0 42
K -1 0 45
K 2 0 45
K 0 0 59
K 0 -21 59
A D 12 24 0
A P 3 164 0
H 597 T 70 0 0 0 0 0 13 0
J N 8 711 70 8 3457 1152 1 598
K 1 0 45
K -18 0 63
K 0 0 42
K -1 0 45
K 2 0 45
K 0 0 59
K 0 -21 59
A D 12 24 1
A P 3 164 1
J B 378 783 1 82 6913 1152 0
J N 8 810 70 8 1 0 1 598
K 1 0 45
k -18 0 63
K 0 0 42
K -1 0 45
K 2 0 45
K 0 0 59
K 0 -21 59
A D 12 24 0
A P 3 164 0
H 598 T 70 0 0 0 0 0 13 0
J N 8 882 70 8 3457 1152 1 599
K 1 0 45
K -18 0 63
K 0 0 42
K -1 0 45
K 2 0 45
K 0 0 59
K 0 -21 59
A D 12 24 1
A P 3 164 1
J B 379 954 1 82 6913 1152 0
J N 8 981 70 8 1 0 1 599
K 1 0 45
k -18 0 63
K 0 0 42
K -1 0 45
K 2 0 45
K 0 0 59
K 0 -21 59
A D 12 24 0
A P 3 164 0
H 599 T 70 0 0 0 0 0 13 0
J D 0 1053 0 1 3457 1152 0
W 0 93 33 sempre !1|ff
J N 6 1053 -14 5 3457 0 2 600 601
K 0 0 45
K 0 0 43
K -1 0 45
K 2 0 45
A D 2 24 0
A P 3 232 0
J N 6 1081 -14 5 4033 192 1 601
K 0 0 45
K 0 0 43
K -1 0 45
K 2 0 45
A D 2 24 0
A P 3 232 0
J N 6 1115 -14 5 4609 192 2 601 600
K 0 0 45
K 0 0 43
K -1 0 45
K 2 0 45
A D 2 24 0
A P 3 232 0
H 600 X 9 3 0 0 0 0 601
H 601 B -46 0 108 3 2 1 3
J N 6 1159 -14 5 5185 192 2 602 603
K 0 0 45
K 0 0 43
K -1 0 45
K 2 0 45
A D 2 24 0
A P 3 232 0
J N 6 1187 -14 5 5761 192 1 603
K 0 0 45
K 0 0 43
K -1 0 45
K 2 0 45
A D 2 24 0
A P 3 232 0
J N 6 1215 -14 5 6337 192 2 603 602
K 0 0 45
K 0 0 43
K -1 0 45
K 2 0 45
A D 2 24 0
A P 3 232 0
H 602 X 9 3 0 0 0 0 603
H 603 B -46 0 108 3 2 1 3
J B 380 1255 5 2 6913 192 0
K -8 0 82
K 0 0 82
J K 2 1276 0 3 6913 0 0
K 0 28 64
K 13 0 63
K 28 21 63
J N 6 1335 -14 5 1 0 2 604 605
K 0 0 45
K 0 0 43
K -1 0 45
K 2 0 45
A D 3 24 0
A P 3 232 0
J N 6 1379 -21 5 865 288 2 605 604
K 0 7 45
K 0 0 43
K 0 7 45
K 1 7 45
A D 3 24 0
A P 3 238 0
H 605 B -47 -2 108 2 2 3
H 604 S 0 0 0 0 0 0 0 0 0
J N 7 1423 -7 6 1729 288 0
K -18 0 63
K 0 0 43
K 0 -17 96
K 0 0 60
K 0 21 60
A D 6 24 0
A P 3 227 0
J N 6 1507 -14 5 3457 576 2 606 607
K 0 0 45
K 0 0 43
K -1 0 45
K 2 0 45
A D 3 24 0
A P 3 232 0
J N 6 1549 -21 5 4321 288 2 607 606
K 0 7 45
K 0 0 43
K 0 7 45
K 1 7 45
A D 3 24 0
A P 3 238 0
H 607 B -47 -2 108 2 2 3
H 606 S 0 0 0 0 0 0 0 0 0
J N 7 1591 -7 5 5185 288 0
K 0 0 43
K 0 -17 96
K 0 0 60
K 0 21 60
A D 6 24 0
A P 3 227 0
J B 381 1679 1 82 6913 576 0
J N 6 1706 -14 5 1 0 2 608 609
K 0 0 45
K 0 0 43
K -1 0 45
K 2 0 45
A D 3 24 0
A P 3 232 0
J N 6 1750 -21 5 865 288 2 609 608
K 0 7 45
K 0 0 43
K 0 7 45
K 1 7 45
A D 3 24 0
A P 3 238 0
H 609 B -47 -2 108 2 2 3
H 608 S 0 0 0 0 0 0 0 0 0
J N 7 1794 -7 6 1729 288 0
K -18 0 63
K 0 0 43
K 0 -17 96
K 0 0 60
K 0 21 60
A D 6 24 0
A P 3 227 0
J N 6 1878 -21 5 3457 576 2 610 611
K 0 7 45
K 0 0 43
K 0 7 45
K 1 7 45
A D 2 24 0
A P 3 238 0
J N 6 1906 -21 5 4033 192 1 611
K 0 7 45
K 0 0 43
K 0 7 45
K 1 7 45
A D 2 24 0
A P 3 238 0
J N 6 1934 -21 5 4609 192 2 611 610
K 0 7 45
K 0 0 43
K 0 7 45
K 1 7 45
A D 2 24 0
A P 3 238 0
H 610 X 9 3 0 0 0 0 611
H 611 B -49 0 108 3 2 1 3
J N 6 1962 -21 5 5185 192 2 612 613
K 0 7 45
K 0 0 43
K 0 7 45
K 1 7 45
A D 2 24 0
A P 3 238 0
J N 6 1990 -21 5 5761 192 1 613
K 0 7 45
K 0 0 43
K 0 7 45
K 1 7 45
A D 2 24 0
A P 3 238 0
J N 6 2018 -21 5 6337 192 2 613 612
K 0 7 45
K 0 0 43
K 0 7 45
K 1 7 45
A D 2 24 0
A P 3 238 0
H 612 X 9 3 0 0 0 0 613
H 613 B -49 0 108 3 2 1 3
J B 382 2050 1 82 6913 192 0
E *
L 683 0 0 315 315 * 0 14 0
J D 0 -119 42 1 6913 0 0
W 0 0 31 Vln 2
J C 4 5 42 2 6913 0 0
K 0 0 33
K 0 0 34
J K -1 57 0 1 6913 0 0
K 0 28 65
J D 0 -27 -14 1 6913 0 0
W 0 0 0 \03\07\05
J N 8 121 70 8 1 0 1 619
K 1 0 45
K -18 0 63
K 0 0 42
K -1 0 45
K 2 0 45
K 0 0 59
K 0 -21 59
A D 12 24 0
A P 1 164 0
J M 0 69 0 0 6913 0 1 619
H 619 T 70 0 0 0 0 0 13 0
J N 6 194 70 8 3457 1152 2 620 621
K 1 0 45
K -18 0 63
K 0 0 43
K -1 0 45
K 2 0 45
K 0 32 108
K 23 32 108
A D 2 24 0
A P 1 164 0
J N 6 222 70 5 4033 192 1 621
K 1 0 45
K 0 0 43
K -1 0 45
K 2 0 45
A D 2 24 0
A P 1 164 0
J N 6 250 70 5 4609 192 2 621 620
K 1 0 45
K 0 0 43
K -1 0 45
K 2 0 45
A D 2 24 0
A P 1 164 0
H 620 X 25 3 0 0 0 0 621
H 621 B 46 0 108 3 2 1 3
J N 6 278 70 5 5185 192 2 622 623
K 1 0 45
K 0 0 43
K -1 0 45
K 2 0 45
A D 2 24 0
A P 1 164 0
J N 6 306 70 5 5761 192 1 623
K 1 0 45
K 0 0 43
K -1 0 45
K 2 0 45
A D 2 24 0
A P 1 164 0
J N 6 334 70 5 6337 192 2 623 622
K 1 0 45
K 0 0 43
K -1 0 45
K 2 0 45
A D 2 24 0
A P 1 164 0
H 622 X 25 3 0 0 0 0 623
H 623 B 46 0 108 3 2 1 3
J B 376 366 1 82 6913 192 0
J N 6 393 70 6 1 0 2 624 625
K 1 0 45
K -18 0 63
K 0 0 43
K -1 0 45
K 2 0 45
A D 3 24 0
A P 1 164 0
J N 6 439 63 3 865 288 2 625 624
K -18 0 63
K 0 0 43
A D 3 24 0
A P 1 170 0
H 625 B 45 -3 108 2 2 3
H 624 S 12 0 0 0 0 0 0 0 0
J N 7 484 77 9 1729 288 0
K 1 -7 45
K -18 0 63
K 0 0 43
K 0 -7 45
K 1 -7 45
K 0 17 96
K 0 0 59
K 0 -21 59
A D 6 24 0
A P 1 159 0
J N 8 540 70 9 3457 576 1 626
K 1 0 45
K 0 0 42
K -1 0 45
K 2 0 45
K 0 51 110
K 17 51 110
K 0 0 59
K 0 -21 59
A D 12 24 1
A P 1 164 1
J B 377 612 1 82 6913 1152 0
J N 8 639 70 8 1 0 1 626
K 1 0 45
k -18 0 63
K 0 0 42
K -1 0 45
K 2 0 45
K 0 0 59
K 0 -21 59
A D 12 24 0
A P 1 164 0
H 626 T 70 0 0 0 0 0 13 0
J N 8 711 70 8 3457 1152 1 627
K 1 0 45
K -18 0 63
K 0 0 42
K -1 0 45
K 2 0 45
K 0 0 59
K 0 -21 59
A D 12 24 1
A P 1 164 1
J B 378 783 1 82 6913 1152 0
J N 8 810 70 8 1 0 1 627
K 1 0 45
k -18 0 63
K 0 0 42
K -1 0 45
K 2 0 45
K 0 0 59
K 0 -21 59
A D 12 24 0
A P 1 164 0
H 627 T 70 0 0 0 0 0 13 0
J N 8 882 70 8 3457 1152 1 628
K 1 0 45
K -18 0 63
K 0 0 42
K -1 0 45
K 2 0 45
K 0 0 59
K 0 -21 59
A D 12 24 1
A P 1 164 1
J B 379 954 1 82 6913 1152 0
J N 8 981 70 8 1 0 1 628
K 1 0 45
k -18 0 63
K 0 0 42
K -1 0 45
K 2 0 45
K 0 0 59
K 0 -21 59
A D 12 24 0
A P 1 164 0
H 628 T 70 0 0 0 0 0 13 0
J D 0 1053 0 1 3457 1152 0
W 0 93 33 sempre !1|ff
J N 6 1053 0 3 3457 0 2 629 630
K -18 0 63
K 0 0 43
A D 2 24 0
A P 1 221 0
J N 6 1081 0 2 4033 192 1 630
K 0 0 43
A D 2 24 0
A P 1 221 0
J N 6 1115 0 2 4609 192 2 630 629
K 0 0 43
A D 2 24 0
A P 1 221 0
H 629 X 9 3 0 0 0 0 630
H 630 B -46 0 108 3 2 1 3
J N 6 1159 0 2 5185 192 2 631 632
K 0 0 43
A D 2 24 0
A P 1 221 0
J N 6 1187 0 2 5761 192 1 632
K 0 0 43
A D 2 24 0
A P 1 221 0
J N 6 1215 0 2 6337 192 2 632 631
K 0 0 43
A D 2 24 0
A P 1 221 0
H 631 X 9 3 0 0 0 0 632
H 632 B -46 0 108 3 2 1 3
J B 380 1255 5 2 6913 192 0
K -8 0 82
K 0 0 82
J K 2 1276 0 3 6913 0 0
K 0 28 64
K 13 0 63
K 28 21 63
J N 6 1335 0 2 1 0 2 633 634
K 0 0 43
A D 3 24 0
A P 1 221 0
J N 6 1379 -7 3 865 288 2 634 633
K -18 0 63
K 0 0 43
A D 3 24 0
A P 1 227 0
H 634 B -47 -3 108 2 2 3
H 633 S 0 0 0 0 0 0 0 0 0
J N 7 1423 21 5 1729 288 0
K 0 0 43
K 0 -14 96
K 0 0 60
K 0 21 60
A D 6 24 0
A P 1 204 0
J N 6 1507 0 2 3457 576 2 635 636
K 0 0 43
A D 3 24 0
A P 1 221 0
J N 6 1549 -7 2 4321 288 2 636 635
K 0 0 43
A D 3 24 0
A P 1 227 0
H 636 B -47 -3 108 2 2 3
H 635 S 0 0 0 0 0 0 0 0 0
J N 7 1591 21 5 5185 288 0
K 0 0 43
K 0 -14 96
K 0 0 60
K 0 21 60
A D 6 24 0
A P 1 204 0
J B 381 1679 1 82 6913 576 0
J N 6 1706 0 2 1 0 2 637 638
K 0 0 43
A D 3 24 0
A P 1 221 0
J N 6 1750 -7 3 865 288 2 638 637
K -18 0 63
K 0 0 43
A D 3 24 0
A P 1 227 0
H 638 B -47 -3 108 2 2 3
H 637 S 0 0 0 0 0 0 0 0 0
J N 7 1794 21 5 1729 288 0
K 0 0 43
K 0 -14 96
K 0 0 60
K 0 21 60
A D 6 24 0
A P 1 204 0
J N 6 1878 -7 2 3457 576 2 639 640
K 0 0 43
A D 2 24 0
A P 1 227 0
J N 6 1906 -7 2 4033 192 1 640
K 0 0 43
A D 2 24 0
A P 1 227 0
J N 6 1934 -7 2 4609 192 2 640 639
K 0 0 43
A D 2 24 0
A P 1 227 0
H 639 X 9 3 0 0 0 0 640
H 640 B -49 0 108 3 2 1 3
J N 6 1962 -7 2 5185 192 2 641 642
K 0 0 43
A D 2 24 0
A P 1 227 0
J N 6 1990 -7 2 5761 192 1 642
K 0 0 43
A D 2 24 0
A P 1 227 0
J N 6 2018 -7 2 6337 192 2 642 641
K 0 0 43
A D 2 24 0
A P 1 227 0
H 641 X 9 3 0 0 0 0 642
H 642 B -49 0 108 3 2 1 3
J B 382 2050 1 82 6913 192 0
E *
L 815 0 0 315 315 * 0 14 0
J D 0 -86 42 1 6913 0 0
W 0 0 31 Vla
J C 13 5 28 35 6913 0 0
J K -1 57 0 1 6913 0 0
K 0 35 65
J D 0 -27 -14 1 6913 0 0
W 0 0 0 \03\07\05
J N 8 121 77 8 1 0 1 466
K 1 -7 45
K -18 0 63
K 0 0 42
K 0 -7 45
K 1 -7 45
K 0 0 59
K 0 -21 59
A D 12 24 0
A P 3 124 0
J M 0 69 0 0 6913 0 1 466
H 466 T 77 0 0 0 0 0 9 0
J R 8 194 28 2 3457 1152 0
K 0 0 47
A D 12 24 0
A P 3 0 0
J B 376 366 1 82 6913 1152 0
J R 8 393 28 2 1 0 0
K 0 0 47
A D 12 24 0
A P 3 0 0
J N 8 540 77 10 3457 1152 1 467
K 1 -7 45
K -18 0 63
K 0 0 42
K 0 -7 45
K 1 -7 45
K 0 51 110
K 17 51 110
K 0 0 59
K 0 -21 59
A D 12 24 1
A P 3 124 1
J B 377 612 1 82 6913 1152 0
J N 8 639 77 8 1 0 1 467
K 1 -7 45
k -18 0 63
K 0 0 42
K 0 -7 45
K 1 -7 45
K 0 0 59
K 0 -21 59
A D 12 24 0
A P 3 124 0
H 467 T 77 0 0 0 0 0 9 0
J N 8 711 77 8 3457 1152 1 468
K 1 -7 45
K -18 0 63
K 0 0 42
K 0 -7 45
K 1 -7 45
K 0 0 59
K 0 -21 59
A D 12 24 1
A P 3 124 1
J B 378 783 1 82 6913 1152 0
J N 8 810 77 8 1 0 1 468
K 1 -7 45
k -18 0 63
K 0 0 42
K 0 -7 45
K 1 -7 45
K 0 0 59
K 0 -21 59
A D 12 24 0
A P 3 124 0
H 468 T 77 0 0 0 0 0 9 0
J N 8 882 77 8 3457 1152 1 469
K 1 -7 45
K -18 0 63
K 0 0 42
K 0 -7 45
K 1 -7 45
K 0 0 59
K 0 -21 59
A D 12 24 1
A P 3 124 1
J B 379 954 1 82 6913 1152 0
J N 8 981 77 8 1 0 1 469
K 1 -7 45
k -18 0 63
K 0 0 42
K 0 -7 45
K 1 -7 45
K 0 0 59
K 0 -21 59
A D 12 24 0
A P 3 124 0
H 469 T 77 0 0 0 0 0 9 0
J D 0 1053 0 1 3457 1152 0
W 0 100 33 sempre !1|ff
J N 6 1053 56 3 3457 0 2 470 471
K -18 0 63
K 0 0 43
A D 2 24 0
A P 3 141 0
J N 6 1081 56 2 4033 192 1 471
K 0 0 43
A D 2 24 0
A P 3 141 0
J N 6 1115 56 2 4609 192 2 471 470
K 0 0 43
A D 2 24 0
A P 3 141 0
H 470 X 25 3 0 0 0 0 471
H 471 B 46 0 108 3 2 1 3
J N 6 1159 7 3 5185 192 2 472 473
K -18 0 63
K 0 0 43
A D 2 24 0
A P 3 181 0
J N 6 1187 7 2 5761 192 1 473
K 0 0 43
A D 2 24 0
A P 3 181 0
J N 6 1215 7 2 6337 192 2 473 472
K 0 0 43
A D 2 24 0
A P 3 181 0
H 472 X 9 3 0 0 0 0 473
H 473 B -49 0 108 3 2 1 3
J B 380 1255 5 2 6913 192 0
K -8 0 82
K 0 0 82
J K 2 1276 0 3 6913 0 0
K 0 35 64
K 13 7 63
K 28 28 63
J N 6 1335 56 2 1 0 2 474 475
K 0 0 43
A D 2 24 0
A P 3 141 0
J N 6 1363 56 2 577 192 1 475
K 0 0 43
A D 2 24 0
A P 3 141 0
J N 6 1393 56 2 1153 192 2 475 474
K 0 0 43
A D 2 24 0
A P 3 141 0
H 474 X 25 3 0 0 0 0 475
H 475 B 46 0 108 3 2 1 3
J N 6 1423 7 2 1729 192 2 476 477
K 0 0 43
A D 2 24 0
A P 3 181 0
J N 6 1451 7 2 2305 192 1 477
K 0 0 43
A D 2 24 0
A P 3 181 0
J N 6 1479 7 2 2881 192 2 477 476
K 0 0 43
A D 2 24 0
A P 3 181 0
H 476 X 9 3 0 0 0 0 477
H 477 B -49 0 108 3 2 1 3
J N 6 1507 56 2 3457 192 2 478 479
K 0 0 43
A D 2 24 0
A P 3 141 0
J N 6 1535 56 2 4033 192 1 479
K 0 0 43
A D 2 24 0
A P 3 141 0
J N 6 1563 56 2 4609 192 2 479 478
K 0 0 43
A D 2 24 0
A P 3 141 0
H 478 X 25 3 0 0 0 0 479
H 479 B 46 0 108 3 2 1 3
J N 6 1591 7 2 5185 192 2 480 481
K 0 0 43
A D 2 24 0
A P 3 181 0
J N 6 1619 7 2 5761 192 1 481
K 0 0 43
A D 2 24 0
A P 3 181 0
J N 6 1647 7 2 6337 192 2 481 480
K 0 0 43
A D 2 24 0
A P 3 181 0
H 480 X 9 3 0 0 0 0 481
H 481 B -49 0 108 3 2 1 3
J B 381 1679 1 82 6913 192 0
J N 6 1706 56 2 1 0 2 482 483
K 0 0 43
A D 2 24 0
A P 3 141 0
J N 6 1734 56 2 577 192 1 483
K 0 0 43
A D 2 24 0
A P 3 141 0
J N 6 1764 56 2 1153 192 2 483 482
K 0 0 43
A D 2 24 0
A P 3 141 0
H 482 X 25 3 0 0 0 0 483
H 483 B 46 0 108 3 2 1 3
J N 6 1794 7 2 1729 192 2 484 485
K 0 0 43
A D 2 24 0
A P 3 181 0
J N 6 1822 7 2 2305 192 1 485
K 0 0 43
A D 2 24 0
A P 3 181 0
J N 6 1850 7 2 2881 192 2 485 484
K 0 0 43
A D 2 24 0
A P 3 181 0
H 484 X 9 3 0 0 0 0 485
H 485 B -49 0 108 3 2 1 3
J N 6 1878 56 2 3457 192 2 486 487
K 0 0 43
A D 2 24 0
A P 3 141 0
J N 6 1906 56 2 4033 192 1 487
K 0 0 43
A D 2 24 0
A P 3 141 0
J N 6 1934 56 2 4609 192 2 487 486
K 0 0 43
A D 2 24 0
A P 3 141 0
H 486 X 25 3 0 0 0 0 487
H 487 B 46 0 108 3 2 1 3
J N 6 1962 7 2 5185 192 2 488 489
K 0 0 43
A D 2 24 0
A P 3 181 0
J N 6 1990 7 2 5761 192 1 489
K 0 0 43
A D 2 24 0
A P 3 181 0
J N 6 2018 7 2 6337 192 2 489 488
K 0 0 43
A D 2 24 0
A P 3 181 0
H 488 X 9 3 0 0 0 0 489
H 489 B -49 0 108 3 2 1 3
J B 382 2050 1 82 6913 192 0
E *
L 950 0 0 315 315 * 0 14 0
J D 0 -83 42 1 6913 0 0
W 0 0 31 Vc
J C 22 5 14 36 6913 0 0
J K -1 57 0 1 6913 0 0
K 0 42 65
J D 0 -27 -14 1 6913 0 0
W 0 0 0 \03\07\05
J N 8 121 84 9 1 0 1 111
K 1 -14 45
K 1 0 45
K -18 0 63
K 0 0 42
K -1 0 45
K 2 0 45
K 0 0 59
K 0 -28 59
A D 12 24 0
A P 1 84 0
J M 0 69 0 0 6913 0 1 111
H 111 T 84 0 0 0 0 0 13 0
J R 8 194 28 2 3457 1152 0
K 0 0 47
A D 12 24 0
A P 1 0 0
J B 376 366 1 82 6913 1152 0
J R 8 393 28 2 1 0 0
K 0 0 47
A D 12 24 0
A P 1 0 0
J N 8 540 84 11 3457 1152 1 112
K 1 -14 45
K 1 0 45
K -18 0 63
K 0 0 42
K -1 0 45
K 2 0 45
K 0 50 110
K 17 50 110
K 0 0 59
K 0 -28 59
A D 12 24 1
A P 1 84 1
J B 377 612 1 82 6913 1152 0
J N 8 639 84 9 1 0 1 112
K 1 -14 45
K 1 0 45
k -18 0 63
K 0 0 42
K -1 0 45
K 2 0 45
K 0 0 59
K 0 -28 59
A D 12 24 0
A P 1 84 0
H 112 T 84 0 0 0 0 0 13 0
J N 8 711 84 9 3457 1152 1 113
K 1 -14 45
K 1 0 45
K -18 0 63
K 0 0 42
K -1 0 45
K 2 0 45
K 0 0 59
K 0 -28 59
A D 12 24 1
A P 1 84 1
J B 378 783 1 82 6913 1152 0
J N 8 810 84 9 1 0 1 113
K 1 -14 45
K 1 0 45
k -18 0 63
K 0 0 42
K -1 0 45
K 2 0 45
K 0 0 59
K 0 -28 59
A D 12 24 0
A P 1 84 0
H 113 T 84 0 0 0 0 0 13 0
J N 8 882 84 9 3457 1152 1 114
K 1 -14 45
K 1 0 45
K -18 0 63
K 0 0 42
K -1 0 45
K 2 0 45
K 0 0 59
K 0 -28 59
A D 12 24 1
A P 1 84 1
J B 379 954 1 82 6913 1152 0
J N 8 981 84 9 1 0 1 114
K 1 -14 45
K 1 0 45
k -18 0 63
K 0 0 42
K -1 0 45
K 2 0 45
K 0 0 59
K 0 -28 59
A D 12 24 0
A P 1 84 0
H 114 T 84 0 0 0 0 0 13 0
J D 0 1053 0 1 3457 1152 0
W 0 107 33 sempre !1|ff
J N 7 1053 63 6 3457 0 0
K -18 0 63
K 0 0 43
K 0 17 96
K 0 0 59
K 0 -21 59
A D 6 24 0
A P 1 101 0
J N 7 1159 14 6 5185 576 0
K -18 0 63
K 0 0 43
K 0 -21 96
K 0 0 60
K 0 21 60
A D 6 24 0
A P 1 141 0
J B 380 1255 5 2 6913 576 0
K -8 0 82
K 0 0 82
J K 2 1276 0 3 6913 0 0
K 0 42 64
K 13 14 63
K 28 35 63
J N 7 1335 63 5 1 0 0
K 0 0 43
K 0 17 96
K 0 0 59
K 0 -21 59
A D 6 24 0
A P 1 101 0
J N 7 1423 14 5 1729 576 0
K 0 0 43
K 0 -21 96
K 0 0 60
K 0 21 60
A D 6 24 0
A P 1 141 0
J N 7 1507 63 5 3457 576 0
K 0 0 43
K 0 17 96
K 0 0 59
K 0 -21 59
A D 6 24 0
A P 1 101 0
J N 7 1591 14 5 5185 576 0
K 0 0 43
K 0 -21 96
K 0 0 60
K 0 21 60
A D 6 24 0
A P 1 141 0
J B 381 1679 1 82 6913 576 0
J N 7 1706 63 5 1 0 0
K 0 0 43
K 0 17 96
K 0 0 59
K 0 -21 59
A D 6 24 0
A P 1 101 0
J N 7 1794 14 5 1729 576 0
K 0 0 43
K 0 -21 96
K 0 0 60
K 0 21 60
A D 6 24 0
A P 1 141 0
J N 7 1878 63 5 3457 576 0
K 0 0 43
K 0 17 96
K 0 0 59
K 0 -21 59
A D 6 24 0
A P 1 101 0
J N 7 1962 14 5 5185 576 0
K 0 0 43
K 0 -21 96
K 0 0 60
K 0 21 60
A D 6 24 0
A P 1 141 0
J B 382 2050 1 82 6913 576 0
E *
L 1080 0 0 315 315 * 0 14 0
J D 0 -83 42 1 6913 0 0
W 0 0 31 Cb
J C 22 5 14 36 6913 0 0
J K -1 57 0 1 6913 0 0
K 0 42 65
J D 0 -27 -14 1 6913 0 0
W 0 0 0 \03\07\05
J N 8 121 35 5 1 0 1 86
K -18 0 63
K 0 0 42
K 0 0 59
K 0 -21 59
A D 12 24 0
A P 1 124 0
J M 0 69 0 0 6913 0 1 86
H 86 T 35 0 0 0 0 0 9 0
J R 8 194 28 2 3457 1152 0
K 0 0 47
A D 12 24 0
A P 1 0 0
J B 376 366 1 82 6913 1152 0
J R 8 393 28 2 1 0 0
K 0 0 47
A D 12 24 0
A P 1 0 0
J N 8 540 35 7 3457 1152 1 87
K -18 0 63
K 0 0 42
K 0 53 110
K 17 53 110
K 0 0 59
K 0 -21 59
A D 12 24 1
A P 1 124 1
J B 377 612 1 82 6913 1152 0
J N 8 639 35 5 1 0 1 87
k -18 0 63
K 0 0 42
K 0 0 59
K 0 -21 59
A D 12 24 0
A P 1 124 0
H 87 T 35 0 0 0 0 0 9 0
J N 8 711 35 5 3457 1152 1 88
K -18 0 63
K 0 0 42
K 0 0 59
K 0 -21 59
A D 12 24 1
A P 1 124 1
J B 378 783 1 82 6913 1152 0
J N 8 810 35 5 1 0 1 88
k -18 0 63
K 0 0 42
K 0 0 59
K 0 -21 59
A D 12 24 0
A P 1 124 0
H 88 T 35 0 0 0 0 0 9 0
J N 8 882 35 5 3457 1152 1 89
K -18 0 63
K 0 0 42
K 0 0 59
K 0 -21 59
A D 12 24 1
A P 1 124 1
J B 379 954 1 82 6913 1152 0
J N 8 981 35 5 1 0 1 89
k -18 0 63
K 0 0 42
K 0 0 59
K 0 -21 59
A D 12 24 0
A P 1 124 0
H 89 T 35 0 0 0 0 0 9 0
J D 0 1053 0 1 3457 1152 0
W 0 107 33 sempre !1|ff
J N 7 1053 63 6 3457 0 0
K -18 0 63
K 0 0 43
K 0 17 96
K 0 0 59
K 0 -21 59
A D 6 24 0
A P 1 101 0
J N 7 1159 14 6 5185 576 0
K -18 0 63
K 0 0 43
K 0 -21 96
K 0 0 60
K 0 21 60
A D 6 24 0
A P 1 141 0
J B 380 1255 5 2 6913 576 0
K -8 0 82
K 0 0 82
J K 2 1276 0 3 6913 0 0
K 0 42 64
K 13 14 63
K 28 35 63
J N 7 1335 63 5 1 0 0
K 0 0 43
K 0 17 96
K 0 0 59
K 0 -21 59
A D 6 24 0
A P 1 101 0
J N 7 1423 14 5 1729 576 0
K 0 0 43
K 0 -21 96
K 0 0 60
K 0 21 60
A D 6 24 0
A P 1 141 0
J N 7 1507 63 5 3457 576 0
K 0 0 43
K 0 17 96
K 0 0 59
K 0 -21 59
A D 6 24 0
A P 1 101 0
J N 7 1591 14 5 5185 576 0
K 0 0 43
K 0 -21 96
K 0 0 60
K 0 21 60
A D 6 24 0
A P 1 141 0
J B 381 1679 1 82 6913 576 0
J N 7 1706 63 5 1 0 0
K 0 0 43
K 0 17 96
K 0 0 59
K 0 -21 59
A D 6 24 0
A P 1 101 0
J N 7 1794 14 5 1729 576 0
K 0 0 43
K 0 -21 96
K 0 0 60
K 0 21 60
A D 6 24 0
A P 1 141 0
J N 7 1878 63 5 3457 576 0
K 0 0 43
K 0 17 96
K 0 0 59
K 0 -21 59
A D 6 24 0
A P 1 101 0
J N 7 1962 14 5 5185 576 0
K 0 0 43
K 0 -21 96
K 0 0 60
K 0 21 60
A D 6 24 0
A P 1 141 0
J B 382 2050 1 82 6913 576 0
E *
B 1 366 0
B 1 612 0
B 1 783 0
B 1 954 0
B 5 1255 0
B 1 1679 0
B 1 2050 0
