S 0 200 140 2050 1578 12 "[(....)][(..)](.)[({..}.{..})]"
L 0 0 0 315 315 * 0 14 0
J D 0 -108 42 1 6913 0 0
W 0 0 31 Fl 1-2
J C 4 5 42 2 6913 0 0
K 0 0 33
K 0 0 34
J K -1 57 0 1 6913 0 0
K 0 28 65
J D 0 -27 -14 1 6913 0 0
W 0 0 37 \04\00\07
J N 7 115 -28 16 1 0 0
K 0 14 45
K 0 0 45
K 0 -14 45
K 0 -28 45
K 0 -28 43
K -1 -28 45
K 2 -28 45
K 0 0 43
K -1 0 45
K 2 0 45
K 0 112 111
K 12 112 110
K 0 -28 60
K 0 0 60
K 0 28 60
A D 6 24 0
A P 1 266 0
A P 2 243 0
J N 7 199 -28 14 1729 576 0
K 0 14 45
K 0 0 45
K 0 -14 45
K 0 -28 45
K 0 -28 43
K -1 -28 45
K 2 -28 45
K 0 0 43
K -1 0 45
K 2 0 45
K 0 -28 60
K 0 0 60
K 0 28 60
A D 6 24 0
A P 1 266 0
A P 2 243 0
J N 7 283 -28 15 3457 576 0
K 0 14 45
K 0 0 45
K 0 -14 45
K 0 -14 43
K -1 -14 45
K 2 -14 45
K 0 0 43
K -1 0 45
K 2 0 45
K 0 112 111
K 12 112 110
K 0 -14 60
K 0 0 60
K 0 28 60
A D 6 24 0
A P 1 255 0
A P 2 243 0
J N 7 367 -28 8 5185 576 0
K 1 14 45
K 1 0 45
K 0 0 43
K -1 0 45
K 2 0 45
K 0 0 59
K 0 -7 59
A D 6 24 0
A P 1 243 0
J N 7 367 -28 8 5185 0 0
K 0 14 45
K 0 0 45
K 0 0 43
K -1 0 45
K 2 0 45
K 0 0 60
K 0 28 60
A D 6 24 0
A P 2 243 0
J B 408 455 1 82 6913 576 0
J D 0 462 0 1 1 0 0
W 0 -21 32 1.
J N 9 476 0 4 1 0 1 194
K 0 0 41
K 0 85 110
K 17 85 108
A D 24 24 0
A P 1 220 0
J N 7 493 0 4 1 0 0
K 0 0 43
K 0 0 60
K 0 21 60
A D 6 24 0
A P 2 220 0
J R 7 560 42 2 1729 576 0
K 0 0 48
A D 6 24 1
A P 2 0 1
J R 8 644 42 2 3457 576 0
K 0 0 47
A D 12 24 0
A P 2 0 0
J B 409 721 1 82 6913 1152 0
J N 8 742 -28 9 1 0 0
K 0 14 45
K 0 0 45
K 0 0 42
K -1 0 45
K 2 0 45
K 24 -6 44
K 0 0 60
K 0 28 60
A D 18 24 0
A P 1 243 0
J N 7 841 -35 9 5185 1728 1 194
K 0 21 45
K 0 7 45
K 0 0 43
K 0 7 45
K 1 7 45
K 0 0 60
K 0 28 60
K 0 35 60
A D 6 24 0
A P 1 249 0
H 194 S 0 14 0 0 0 0 0 0 0
J B 410 897 1 82 6913 576 0
J N 7 918 -35 9 1 0 1 195
K 0 21 45
K 0 7 45
K 0 0 43
K 0 7 45
K 1 7 45
K 0 0 60
K 0 28 60
K 0 35 60
A D 6 24 0
A P 1 249 0
J N 7 957 -7 4 1729 576 1 195
K 0 0 43
K 0 0 60
K 0 21 60
A D 6 24 0
A P 1 226 0
H 195 S 0 0 0 0 0 0 0 0 0
J N 7 996 -7 4 3457 576 1 196
K 0 0 43
K 0 0 60
K 0 21 60
A D 6 24 0
A P 1 226 0
J N 7 1035 -14 7 5185 576 0
K 0 0 45
K 0 0 43
K -1 0 45
K 2 0 45
K 0 0 60
K 0 21 60
A D 6 24 0
A P 1 232 0
J B 411 1077 1 82 6913 576 0
J N 7 1098 -21 7 1 0 1 196
K 0 7 45
K 0 0 43
K 0 7 45
K 1 7 45
K 0 0 60
K 0 21 60
A D 6 24 0
A P 1 237 0
H 196 S 0 0 0 0 0 0 0 0 0
J R 7 1137 28 2 1729 576 0
K 0 0 48
A D 6 24 0
A P 1 0 0
J N 7 1176 -28 8 3457 576 0
K 0 14 45
K 0 0 45
K 0 0 43
K -1 0 45
K 2 0 45
K 0 0 60
K 0 28 60
A D 6 24 0
A P 1 243 0
J R 7 1215 28 2 5185 576 0
K 0 0 48
A D 6 24 0
A P 1 0 0
J B 412 1257 1 82 6913 576 0
J N 9 1278 -14 8 1 0 1 197
K 0 0 45
K 6 0 45
K 0 0 41
K -1 0 45
K 2 0 45
K 4 0 45
K 7 0 45
A D 24 24 0
A P 1 232 0
J B 413 1450 1 82 6913 2304 0
J N 7 1471 -28 8 1 0 0
K 0 14 45
K 0 0 45
K 0 0 43
K -1 0 45
K 2 0 45
K 0 0 60
K 0 28 60
A D 6 24 0
A P 1 243 0
J N 6 1512 -35 6 1729 576 2 198 199
K 0 21 45
K 0 7 45
K 0 0 43
K 0 7 45
K 1 7 45
A D 2 24 0
A P 1 249 0
J N 6 1540 -28 6 2305 192 1 199
K 0 14 45
K 0 0 45
K 0 0 43
K -1 0 45
K 2 0 45
A D 2 24 0
A P 1 243 0
J N 6 1584 -21 6 2881 192 2 199 198
K 0 7 45
K -14 0 64
K 0 0 43
K 0 7 45
K 1 7 45
A D 2 24 0
A P 1 238 0
H 198 X 9 3 0 0 0 0 199
H 199 B -63 2 108 3 2 1 3
J N 7 1612 -28 8 3457 192 0
K 0 14 45
K 0 0 45
K 0 0 43
K -1 0 45
K 2 0 45
K 0 0 60
K 0 28 60
A D 6 24 0
A P 1 243 0
J N 7 1657 -28 9 5185 576 0
K 0 14 45
K 0 0 45
K -18 0 63
K 0 0 43
K -1 0 45
K 2 0 45
K 0 0 60
K 0 28 60
A D 6 24 0
A P 1 244 0
J B 414 1698 1 82 6913 576 0
J N 7 1719 -42 10 1 0 0
K 0 28 45
K 0 14 45
K 0 0 45
K 0 0 43
K -1 0 45
K 2 0 45
K 0 0 60
K 0 28 60
K 0 42 60
A D 6 24 0
A P 1 255 0
J N 7 1757 -35 9 1729 576 0
K 0 21 45
K 0 7 45
K 0 0 43
K 0 7 45
K 1 7 45
K 0 0 60
K 0 28 60
K 0 35 60
A D 6 24 0
A P 1 249 0
J N 7 1795 -7 4 3457 576 0
K 0 0 43
K 0 0 60
K 0 21 60
A D 6 24 0
A P 1 226 0
J N 7 1833 -14 7 5185 576 0
K 0 0 45
K 0 0 43
K -1 0 45
K 2 0 45
K 0 0 60
K 0 21 60
A D 6 24 0
A P 1 232 0
J B 415 1874 1 82 6913 576 0
J N 7 1895 -21 8 1 0 1 197
K 0 7 45
K -15 0 65
K 0 0 43
K 0 7 45
K 1 7 45
K 0 0 60
K 0 21 60
A D 6 24 0
A P 1 237 0
H 197 S 0 0 -7 0 -7 1 0 0 0
J R 7 1933 28 2 1729 576 0
K 0 0 48
A D 6 24 0
A P 1 0 0
J N 7 1971 -28 9 3457 576 0
K 0 14 45
K 0 0 45
K -14 0 64
K 0 0 43
K -1 0 45
K 2 0 45
K 0 0 60
K 0 28 60
A D 6 24 0
A P 1 243 0
J R 7 2009 28 2 5185 576 0
K 0 0 48
A D 6 24 0
A P 1 0 0
J B 416 2050 1 82 6913 576 0
E *
L 132 0 0 315 315 * 0 14 0
J D 0 -119 42 1 6913 0 0
W 0 0 31 Ob 1-2
J C 4 5 42 2 6913 0 0
K 0 0 33
K 0 0 34
J K -1 57 0 1 6913 0 0
K 0 28 65
J D 0 -27 -14 1 6913 0 0
W 0 0 0 \04\00\07
J N 7 115 -7 11 1 0 0
K 0 -7 45
K 0 -14 43
K 0 -7 45
K 1 -7 45
K 0 0 43
K 0 95 111
K 12 95 110
K 0 -14 60
K 0 0 60
K 0 21 60
A D 6 24 0
A P 1 237 0
A P 2 226 0
J N 7 199 -7 9 1729 576 0
K 0 -7 45
K 0 -14 43
K 0 -7 45
K 1 -7 45
K 0 0 43
K 0 -14 60
K 0 0 60
K 0 21 60
A D 6 24 0
A P 1 237 0
A P 2 226 0
J N 7 283 -7 11 3457 576 0
K 0 -7 45
K 0 -14 43
K 0 -7 45
K 1 -7 45
K 0 0 43
K 0 95 111
K 12 95 110
K 0 -14 60
K 0 0 60
K 0 21 60
A D 6 24 0
A P 1 237 0
A P 2 226 0
J N 7 367 42 7 5185 576 0
K 0 -35 43
K 0 0 43
K 0 -35 60
K 0 -28 60
K 0 0 60
K 0 14 60
A D 6 24 0
A P 1 215 0
A P 2 186 0
J B 408 455 1 82 6913 576 0
J N 7 476 35 9 1 0 0
K 0 -35 43
K 0 0 43
K 0 61 110
K 17 61 108
K 0 -35 60
K 0 -28 60
K 0 0 60
K 0 14 60
A D 6 24 0
A P 1 220 0
A P 2 192 0
J R 7 560 28 2 1729 576 0
K 0 0 48
A D 6 24 1
A P 1 0 1
J R 8 644 28 2 3457 576 0
K 0 0 47
A D 12 24 0
A P 1 0 0
J B 409 721 1 82 6913 1152 0
J R 9 795 28 2 1 0 0
K 0 0 46
A D 24 24 0
A P 3 0 0
J B 410 897 1 82 6913 2304 0
J R 9 973 28 2 1 0 0
K 0 0 46
A D 24 24 0
A P 3 0 0
J B 411 1077 1 82 6913 2304 0
J R 9 1153 28 2 1 0 0
K 0 0 46
A D 24 24 0
A P 3 0 0
J B 412 1257 1 82 6913 2304 0
J R 9 1339 28 2 1 0 0
K 0 0 46
A D 24 24 0
A P 3 0 0
J B 413 1450 1 82 6913 2304 0
J R 9 1560 28 2 1 0 0
K 0 0 46
A D 24 24 0
A P 3 0 0
J B 414 1698 1 82 6913 2304 0
J R 9 1772 28 2 1 0 0
K 0 0 46
A D 24 24 0
A P 3 0 0
J B 415 1874 1 82 6913 2304 0
J R 9 1948 28 2 1 0 0
K 0 0 46
A D 24 24 0
A P 3 0 0
J B 416 2050 1 82 6913 2304 0
E *
L 264 0 0 315 315 * 0 14 0
J D 0 -110 42 1 6913 0 0
W 0 -21 31 Cl 1-2
J D 0 -110 42 1 6913 0 0
W 0 21 31 (B\0.)
J C 4 5 42 2 6913 0 0
K 0 0 33
K 0 0 34
J K 1 57 0 1 6913 0 0
K 0 0 63
J D 0 -27 -14 1 6913 0 0
W 0 0 0 \04\00\07
J N 7 115 35 8 1 0 0
K 0 -14 43
K 0 0 43
K 0 65 111
K 12 65 110
K 0 -14 60
K 0 0 60
K 0 14 60
A D 6 24 0
A P 1 203 0
A P 2 192 0
J N 7 199 35 6 1729 576 0
K 0 -14 43
K 0 0 43
K 0 -14 60
K 0 0 60
K 0 14 60
A D 6 24 0
A P 1 203 0
A P 2 192 0
J N 7 283 35 8 3457 576 0
K 0 -14 43
K 0 0 43
K 0 65 111
K 12 65 110
K 0 -14 60
K 0 0 60
K 0 14 60
A D 6 24 0
A P 1 203 0
A P 2 192 0
J N 7 367 35 6 5185 576 0
K 0 0 43
K 0 14 43
K 0 14 59
K 0 0 59
K 0 -21 59
A D 6 24 0
A P 1 192 0
A P 2 181 0
J B 408 455 1 82 6913 576 0
J D 0 476 0 1 1 0 0
W 0 -14 32 1.
J N 9 476 42 4 1 0 1 137
K 0 0 41
K 0 64 110
K 17 64 108
A D 24 24 0
A P 1 186 0
J N 7 493 42 4 1 0 0
K 0 0 43
K 0 0 60
K 0 14 60
A D 6 24 0
A P 2 186 0
J R 7 560 56 2 1729 576 0
K 0 0 48
A D 6 24 1
A P 2 0 1
J R 8 644 56 2 3457 576 0
K 0 0 47
A D 12 24 0
A P 2 0 0
J B 409 721 1 82 6913 1152 0
J N 8 742 14 5 1 0 0
K 0 0 42
K 24 -6 44
K 0 0 60
K 0 21 60
A D 18 24 0
A P 1 209 0
J N 7 841 7 4 5185 1728 1 137
K 0 0 43
K 0 0 60
K 0 21 60
A D 6 24 0
A P 1 215 0
H 137 S 0 6 14 0 0 2 0 0 0
J B 410 897 1 82 6913 576 0
J N 7 918 7 4 1 0 1 138
K 0 0 43
K 0 0 60
K 0 21 60
A D 6 24 0
A P 1 215 0
J N 7 957 35 4 1729 576 1 138
K 0 0 43
K 0 0 59
K 0 -21 59
A D 6 24 0
A P 1 192 0
H 138 S 0 0 0 0 0 0 0 0 0
J N 7 996 35 4 3457 576 1 139
K 0 0 43
K 0 0 59
K 0 -21 59
A D 6 24 0
A P 1 192 0
J N 7 1035 28 4 5185 576 0
K 0 0 43
K 0 0 60
K 0 21 60
A D 6 24 0
A P 1 198 0
J B 411 1077 1 82 6913 576 0
J N 7 1098 21 4 1 0 1 139
K 0 0 43
K 0 0 60
K 0 21 60
A D 6 24 0
A P 1 203 0
H 139 S 0 14 0 0 0 0 0 0 0
J R 7 1137 28 2 1729 576 0
K 0 0 48
A D 6 24 0
A P 1 0 0
J N 7 1176 14 4 3457 576 0
K 0 0 43
K 0 0 60
K 0 21 60
A D 6 24 0
A P 1 209 0
J R 7 1215 28 2 5185 576 0
K 0 0 48
A D 6 24 0
A P 1 0 0
J B 412 1257 1 82 6913 576 0
J N 9 1278 28 2 1 0 1 140
K 0 0 41
A D 24 24 0
A P 1 198 0
J B 413 1450 1 82 6913 2304 0
J N 7 1471 14 4 1 0 0
K 0 0 43
K 0 0 60
K 0 21 60
A D 6 24 0
A P 1 209 0
J N 6 1512 7 2 1729 576 2 141 142
K 0 0 43
A D 2 24 0
A P 1 215 0
J N 6 1540 14 2 2305 192 1 142
K 0 0 43
A D 2 24 0
A P 1 209 0
J N 6 1584 21 3 2881 192 2 142 141
K -18 0 63
K 0 0 43
A D 2 24 0
A P 1 204 0
H 141 X 9 3 0 0 0 0 142
H 142 B -52 2 108 3 2 1 3
J N 7 1612 14 4 3457 192 0
K 0 0 43
K 0 0 60
K 0 21 60
A D 6 24 0
A P 1 209 0
J N 7 1657 14 5 5185 576 0
K -18 0 63
K 0 0 43
K 0 0 60
K 0 21 60
A D 6 24 0
A P 1 210 0
J B 414 1698 1 82 6913 576 0
J N 7 1719 0 4 1 0 0
K 0 0 43
K 0 0 60
K 0 21 60
A D 6 24 0
A P 1 221 0
J N 7 1757 7 4 1729 576 0
K 0 0 43
K 0 0 60
K 0 21 60
A D 6 24 0
A P 1 215 0
J N 7 1795 35 4 3457 576 0
K 0 0 43
K 0 0 59
K 0 -21 59
A D 6 24 0
A P 1 192 0
J N 7 1833 28 4 5185 576 0
K 0 0 43
K 0 0 60
K 0 21 60
A D 6 24 0
A P 1 198 0
J B 415 1874 1 82 6913 576 0
J N 7 1895 21 5 1 0 1 140
K -14 0 64
K 0 0 43
K 0 0 60
K 0 21 60
A D 6 24 0
A P 1 203 0
H 140 S 0 0 -7 0 -21 3 0 0 0
J R 7 1933 28 2 1729 576 0
K 0 0 48
A D 6 24 0
A P 1 0 0
J N 7 1971 14 5 3457 576 0
K -14 0 64
K 0 0 43
K 0 0 60
K 0 21 60
A D 6 24 0
A P 1 209 0
J R 7 2009 28 2 5185 576 0
K 0 0 48
A D 6 24 0
A P 1 0 0
J B 416 2050 1 82 6913 576 0
E *
L 396 0 0 315 315 * 0 14 0
J D 0 -130 42 1 6913 0 0
W 0 0 31 Fag 1-2
J C 22 5 14 36 6913 0 0
J K -1 57 0 1 6913 0 0
K 0 42 65
J D 0 -27 -14 1 6913 0 0
W 0 0 0 \04\00\07
J N 7 115 7 8 1 0 0
K 0 -14 43
K 0 0 43
K 0 77 111
K 12 77 110
K 0 -14 60
K 0 0 60
K 0 21 60
A D 6 24 0
A P 1 157 0
A P 2 146 0
J N 7 199 7 6 1729 576 0
K 0 -14 43
K 0 0 43
K 0 -14 60
K 0 0 60
K 0 21 60
A D 6 24 0
A P 1 157 0
A P 2 146 0
J N 7 283 7 8 3457 576 0
K 0 -14 43
K 0 0 43
K 0 77 111
K 12 77 110
K 0 -14 60
K 0 0 60
K 0 21 60
A D 6 24 0
A P 1 157 0
A P 2 146 0
J N 7 367 21 6 5185 576 0
K 0 -14 43
K 0 0 43
K 0 -14 60
K 0 0 60
K 0 21 60
A D 6 24 0
A P 1 146 0
A P 2 135 0
J B 408 455 1 82 6913 576 0
J D 0 462 0 1 1 0 0
W 0 -28 32 1.
J N 8 476 0 6 1 0 1 133
K 0 0 42
K 0 88 110
K 17 88 108
K 0 0 59
K 0 -14 59
A D 12 24 0
A P 1 152 0
J N 7 476 14 4 1 0 0
K 0 0 43
K 0 0 60
K 0 21 60
A D 6 24 0
A P 2 140 0
J R 7 560 42 2 1729 576 0
K 0 0 48
A D 6 24 1
A P 2 0 1
J N 8 644 14 4 3457 576 0
K 0 0 42
K 0 0 59
K 0 -14 59
A D 12 24 0
A P 1 140 0
J R 8 644 42 2 3457 0 0
K 0 0 47
A D 12 24 0
A P 2 0 0
J B 409 721 1 82 6913 1152 0
J N 8 742 -14 8 1 0 0
K 0 0 45
K 0 0 42
K -1 0 45
K 2 0 45
K 24 -6 44
K 0 0 60
K 0 21 60
A D 18 24 0
A P 1 163 0
J N 7 841 -21 7 5185 1728 1 133
K 0 7 45
K 0 0 43
K 0 7 45
K 1 7 45
K 0 0 60
K 0 21 60
A D 6 24 0
A P 1 169 0
H 133 S 0 12 -7 0 0 0 0 0 0
J B 410 897 1 82 6913 576 0
J N 7 918 -21 7 1 0 1 134
K 0 7 45
K 0 0 43
K 0 7 45
K 1 7 45
K 0 0 60
K 0 21 60
A D 6 24 0
A P 1 169 0
J N 7 957 7 4 1729 576 1 134
K 0 0 43
K 0 0 60
K 0 21 60
A D 6 24 0
A P 1 146 0
H 134 S 0 0 0 0 0 0 0 0 0
J N 7 996 7 4 3457 576 1 135
K 0 0 43
K 0 0 60
K 0 21 60
A D 6 24 0
A P 1 146 0
J N 7 1035 0 4 5185 576 0
K 0 0 43
K 0 0 60
K 0 21 60
A D 6 24 0
A P 1 152 0
J B 411 1077 1 82 6913 576 0
J N 7 1098 -7 4 1 0 1 135
K 0 0 43
K 0 0 60
K 0 21 60
A D 6 24 0
A P 1 157 0
H 135 S 0 0 0 0 0 0 0 0 0
J R 7 1137 28 2 1729 576 0
K 0 0 48
A D 6 24 0
A P 1 0 0
J N 7 1176 -14 7 3457 576 0
K 0 0 45
K 0 0 43
K -1 0 45
K 2 0 45
K 0 0 60
K 0 21 60
A D 6 24 0
A P 1 163 0
J R 7 1215 28 2 5185 576 0
K 0 0 48
A D 6 24 0
A P 1 0 0
J B 412 1257 1 82 6913 576 0
J N 9 1278 0 2 1 0 1 136
K 0 0 41
A D 24 24 0
A P 1 152 0
J B 413 1450 1 82 6913 2304 0
J N 7 1471 -14 7 1 0 0
K 0 0 45
K 0 0 43
K -1 0 45
K 2 0 45
K 0 0 60
K 0 21 60
A D 6 24 0
A P 1 163 0
J N 6 1512 -21 5 1729 576 2 137 138
K 0 7 45
K 0 0 43
K 0 7 45
K 1 7 45
A D 2 24 0
A P 1 169 0
J N 6 1540 -14 5 2305 192 1 138
K 0 0 45
K 0 0 43
K -1 0 45
K 2 0 45
A D 2 24 0
A P 1 163 0
J N 6 1584 -7 3 2881 192 2 138 137
K -14 0 64
K 0 0 43
A D 2 24 0
A P 1 158 0
H 137 X 9 3 0 0 0 0 138
H 138 B -52 2 108 3 2 1 3
J N 7 1612 -14 7 3457 192 0
K 0 0 45
K 0 0 43
K -1 0 45
K 2 0 45
K 0 0 60
K 0 21 60
A D 6 24 0
A P 1 163 0
J N 7 1657 -14 8 5185 576 0
K 0 0 45
K -18 0 63
K 0 0 43
K -1 0 45
K 2 0 45
K 0 0 60
K 0 21 60
A D 6 24 0
A P 1 164 0
J B 414 1698 1 82 6913 576 0
J N 7 1719 -28 8 1 0 0
K 0 14 45
K 0 0 45
K 0 0 43
K -1 0 45
K 2 0 45
K 0 0 60
K 0 28 60
A D 6 24 0
A P 1 175 0
J N 7 1757 -21 7 1729 576 0
K 0 7 45
K 0 0 43
K 0 7 45
K 1 7 45
K 0 0 60
K 0 21 60
A D 6 24 0
A P 1 169 0
J N 7 1795 7 4 3457 576 0
K 0 0 43
K 0 0 60
K 0 21 60
A D 6 24 0
A P 1 146 0
J N 7 1833 0 4 5185 576 0
K 0 0 43
K 0 0 60
K 0 21 60
A D 6 24 0
A P 1 152 0
J B 415 1874 1 82 6913 576 0
J N 7 1895 -7 5 1 0 1 136
K -15 0 65
K 0 0 43
K 0 0 60
K 0 21 60
A D 6 24 0
A P 1 157 0
H 136 S 0 0 -7 0 -7 1 0 0 0
J R 7 1933 28 2 1729 576 0
K 0 0 48
A D 6 24 0
A P 1 0 0
J N 7 1971 -14 8 3457 576 0
K 0 0 45
K -14 0 64
K 0 0 43
K -1 0 45
K 2 0 45
K 0 0 60
K 0 21 60
A D 6 24 0
A P 1 163 0
J R 7 2009 28 2 5185 576 0
K 0 0 48
A D 6 24 0
A P 1 0 0
J B 416 2050 1 82 6913 576 0
E *
L 551 0 0 315 315 * 0 14 0
J D 0 -130 42 1 6913 0 0
W 0 -21 31 Cor 1-2
J D 0 -130 42 1 6913 0 0
W 0 21 31 (F)
J C 4 5 42 2 6913 0 0
K 0 0 33
K 0 0 34
J K 0 57 0 0 6913 0 0
J D 0 -27 -14 1 6913 0 0
W 0 0 0 \04\00\07
J N 7 115 42 13 1 0 0
K 1 28 45
K 1 42 45
K 0 0 43
K 0 49 43
K 0 42 45
K 1 42 45
K 0 85 111
K 12 85 110
K 0 49 59
K 0 28 59
K 0 0 59
K 0 -21 59
A D 6 24 0
A P 1 186 0
A P 2 146 0
J N 7 199 42 11 1729 576 0
K 1 28 45
K 1 42 45
K 0 0 43
K 0 49 43
K 0 42 45
K 1 42 45
K 0 49 59
K 0 28 59
K 0 0 59
K 0 -21 59
A D 6 24 0
A P 1 186 0
A P 2 146 0
J N 7 283 42 13 3457 576 0
K 1 28 45
K 1 42 45
K 0 0 43
K 0 49 43
K 0 42 45
K 1 42 45
K 0 85 111
K 12 85 110
K 0 49 59
K 0 28 59
K 0 0 59
K 0 -21 59
A D 6 24 0
A P 1 186 0
A P 2 146 0
J N 7 367 42 11 5185 576 0
K 1 28 45
K 1 42 45
K 0 0 43
K 0 49 43
K 0 42 45
K 1 42 45
K 0 49 59
K 0 28 59
K 0 0 59
K 0 -21 59
A D 6 24 0
A P 1 186 0
A P 2 146 0
J B 408 455 1 82 6913 576 0
J N 9 476 56 5 1 0 2 110 111
K 0 -35 41
K 0 0 41
K 0 46 110
K 17 46 108
A D 24 24 1
A P 1 203 1
A P 2 175 1
J B 409 721 1 82 6913 2304 0
J N 9 742 56 3 1 0 2 110 111
K 0 -35 41
K 0 0 41
A D 24 24 0
A P 1 203 0
A P 2 175 0
H 110 T 21 0 0 0 0 0 1 0
H 111 T 56 0 0 0 0 0 15 0
J B 410 897 1 82 6913 2304 0
J N 8 918 42 6 1 0 0
K 0 -28 42
K 0 0 42
K 0 -28 60
K 0 0 60
K 0 14 60
A D 12 24 0
A P 1 209 0
A P 2 186 0
J N 8 996 42 6 3457 1152 0
K 0 -28 42
K 0 0 42
K 0 -28 60
K 0 0 60
K 0 14 60
A D 12 24 0
A P 1 209 0
A P 2 186 0
J B 411 1077 1 82 6913 1152 0
J N 8 1098 42 6 1 0 0
K 0 -28 42
K 0 0 42
K 0 -28 60
K 0 0 60
K 0 14 60
A D 12 24 0
A P 1 209 0
A P 2 186 0
J N 8 1176 42 6 3457 1152 0
K 0 -28 42
K 0 0 42
K 0 -28 60
K 0 0 60
K 0 14 60
A D 12 24 0
A P 1 209 0
A P 2 186 0
J B 412 1257 1 82 6913 1152 0
J N 8 1278 21 6 1 0 0
K 0 -14 42
K 0 0 42
K 0 -14 60
K 0 0 60
K 0 21 60
A D 12 24 0
A P 1 215 0
A P 2 203 0
J N 8 1356 21 7 3457 1152 2 112 113
K 0 0 42
K 0 35 42
K 0 35 59
K 0 28 59
K 0 0 59
K 0 -14 59
A D 12 24 1
A P 1 203 1
A P 2 175 1
J B 413 1450 1 82 6913 1152 0
J N 9 1471 21 2 1 0 1 112
K 0 0 41
A D 24 24 0
A P 1 203 0
H 112 T 21 0 0 0 0 0 3 0
J N 9 1471 56 2 1 0 1 113
K 0 0 41
A D 24 24 0
A P 2 175 0
H 113 T 56 0 0 0 0 0 15 0
J B 414 1698 1 82 6913 2304 0
J N 8 1719 42 6 1 0 0
K 0 -28 42
K 0 0 42
K 0 -28 60
K 0 0 60
K 0 14 60
A D 12 24 0
A P 1 209 0
A P 2 186 0
J N 8 1795 42 6 3457 1152 0
K 0 -28 42
K 0 0 42
K 0 -28 60
K 0 0 60
K 0 14 60
A D 12 24 0
A P 1 209 0
A P 2 186 0
J B 415 1874 1 82 6913 1152 0
J N 8 1895 42 6 1 0 0
K 0 -28 42
K 0 0 42
K 0 -28 60
K 0 0 60
K 0 14 60
A D 12 24 0
A P 1 209 0
A P 2 186 0
J N 8 1971 42 6 3457 1152 0
K 0 -28 42
K 0 0 42
K 0 -28 60
K 0 0 60
K 0 14 60
A D 12 24 0
A P 1 209 0
A P 2 186 0
J B 416 2050 1 82 6913 1152 0
E *
L 696 0 0 315 315 * 0 14 0
J D 0 -111 42 1 6913 0 0
W 0 0 31 Tr 1-2
J C 4 5 42 2 6913 0 0
K 0 0 33
K 0 0 34
J K 0 57 0 0 6913 0 0
J D 0 -27 -14 1 6913 0 0
W 0 0 0 \04\00\07
J N 7 115 42 13 1 0 0
K 1 28 45
K 1 42 45
K 0 0 43
K 0 49 43
K 0 42 45
K 1 42 45
K 0 85 111
K 12 85 110
K 0 49 59
K 0 28 59
K 0 0 59
K 0 -21 59
A D 6 24 0
A P 1 186 0
A P 2 146 0
J N 7 199 42 11 1729 576 0
K 1 28 45
K 1 42 45
K 0 0 43
K 0 49 43
K 0 42 45
K 1 42 45
K 0 49 59
K 0 28 59
K 0 0 59
K 0 -21 59
A D 6 24 0
A P 1 186 0
A P 2 146 0
J N 7 283 42 13 3457 576 0
K 1 28 45
K 1 42 45
K 0 0 43
K 0 49 43
K 0 42 45
K 1 42 45
K 0 85 111
K 12 85 110
K 0 49 59
K 0 28 59
K 0 0 59
K 0 -21 59
A D 6 24 0
A P 1 186 0
A P 2 146 0
J N 7 367 42 11 5185 576 0
K 1 28 45
K 1 42 45
K 0 0 43
K 0 49 43
K 0 42 45
K 1 42 45
K 0 49 59
K 0 28 59
K 0 0 59
K 0 -21 59
A D 6 24 0
A P 1 186 0
A P 2 146 0
J B 408 455 1 82 6913 576 0
J N 9 476 42 13 1 0 2 41 42
K 1 28 45
K 7 28 45
K 1 42 45
K 7 42 45
K 0 0 41
K 0 49 41
K 0 42 45
K 1 42 45
K 5 42 45
K 6 42 45
K 0 93 110
K 17 93 108
A D 24 24 1
A P 1 186 1
A P 2 146 1
J B 409 721 1 82 6913 2304 0
J N 9 742 42 11 1 0 2 41 42
K 1 28 45
K 7 28 45
K 1 42 45
K 7 42 45
K 0 0 41
K 0 49 41
K 0 42 45
K 1 42 45
K 5 42 45
K 6 42 45
A D 24 24 0
A P 1 186 0
A P 2 146 0
H 41 T 42 0 0 0 0 0 7 0
H 42 T 91 0 0 0 0 0 9 0
J B 410 897 1 82 6913 2304 0
J N 8 918 42 11 1 0 0
K 1 28 45
K 1 42 45
K 0 0 42
K 0 49 42
K 0 42 45
K 1 42 45
K 0 49 59
K 0 28 59
K 0 0 59
K 0 -21 59
A D 12 24 0
A P 1 186 0
A P 2 146 0
J N 8 996 42 11 3457 1152 0
K 1 28 45
K 1 42 45
K 0 0 42
K 0 49 42
K 0 42 45
K 1 42 45
K 0 49 59
K 0 28 59
K 0 0 59
K 0 -21 59
A D 12 24 0
A P 1 186 0
A P 2 146 0
J B 411 1077 1 82 6913 1152 0
J N 8 1098 42 11 1 0 0
K 1 28 45
K 1 42 45
K 0 0 42
K 0 49 42
K 0 42 45
K 1 42 45
K 0 49 59
K 0 28 59
K 0 0 59
K 0 -21 59
A D 12 24 0
A P 1 186 0
A P 2 146 0
J N 8 1176 42 11 3457 1152 0
K 1 28 45
K 1 42 45
K 0 0 42
K 0 49 42
K 0 42 45
K 1 42 45
K 0 49 59
K 0 28 59
K 0 0 59
K 0 -21 59
A D 12 24 0
A P 1 186 0
A P 2 146 0
J B 412 1257 1 82 6913 1152 0
J N 9 1278 42 11 1 0 2 43 44
K 1 28 45
K 7 28 45
K 1 42 45
K 7 42 45
K 0 0 41
K 0 49 41
K 0 42 45
K 1 42 45
K 5 42 45
K 6 42 45
A D 24 24 1
A P 1 186 1
A P 2 146 1
J B 413 1450 1 82 6913 2304 0
J N 9 1471 42 11 1 0 2 43 44
K 1 28 45
K 7 28 45
K 1 42 45
K 7 42 45
K 0 0 41
K 0 49 41
K 0 42 45
K 1 42 45
K 5 42 45
K 6 42 45
A D 24 24 0
A P 1 186 0
A P 2 146 0
H 43 T 42 0 0 0 0 0 7 0
H 44 T 91 0 0 0 0 0 9 0
J B 414 1698 1 82 6913 2304 0
J N 8 1719 42 11 1 0 0
K 1 28 45
K 1 42 45
K 0 0 42
K 0 49 42
K 0 42 45
K 1 42 45
K 0 49 59
K 0 28 59
K 0 0 59
K 0 -21 59
A D 12 24 0
A P 1 186 0
A P 2 146 0
J N 8 1795 42 11 3457 1152 0
K 1 28 45
K 1 42 45
K 0 0 42
K 0 49 42
K 0 42 45
K 1 42 45
K 0 49 59
K 0 28 59
K 0 0 59
K 0 -21 59
A D 12 24 0
A P 1 186 0
A P 2 146 0
J B 415 1874 1 82 6913 1152 0
J N 8 1895 42 11 1 0 0
K 1 28 45
K 1 42 45
K 0 0 42
K 0 49 42
K 0 42 45
K 1 42 45
K 0 49 59
K 0 28 59
K 0 0 59
K 0 -21 59
A D 12 24 0
A P 1 186 0
A P 2 146 0
J N 8 1971 42 11 3457 1152 0
K 1 28 45
K 1 42 45
K 0 0 42
K 0 49 42
K 0 42 45
K 1 42 45
K 0 49 59
K 0 28 59
K 0 0 59
K 0 -21 59
A D 12 24 0
A P 1 186 0
A P 2 146 0
J B 416 2050 1 82 6913 1152 0
E *
L 841 0 0 315 315 * 0 14 0
J D 0 -134 42 1 6913 0 0
W 0 -21 31 Timp.
J D 0 -134 42 1 6913 0 0
W 0 21 31 (F2-F3)
J C 22 5 14 36 6913 0 0
J K 0 57 0 0 6913 0 0
J D 0 -27 -14 1 6913 0 0
W 0 0 0 \04\00\07
J R 9 260 28 2 1 0 0
K 0 0 46
A D 24 24 0
A P 1 0 0
J B 408 455 1 82 6913 2304 0
J N 7 476 63 5 1 0 0
K 0 0 43
K 0 36 110
K 0 0 59
K 0 -21 59
A D 6 24 0
A P 1 100 0
J R 7 560 28 2 1729 576 0
K 0 0 48
A D 6 24 1
A P 1 0 1
J R 8 644 28 2 3457 576 0
K 0 0 47
A D 12 24 0
A P 1 0 0
J B 409 721 1 82 6913 1152 0
J R 9 795 28 2 1 0 0
K 0 0 46
A D 24 24 0
A P 1 0 0
J B 410 897 1 82 6913 2304 0
J R 8 918 28 2 1 0 0
K 0 0 47
A D 12 24 0
A P 1 0 0
J N 7 996 14 5 3457 1152 0
K 0 0 43
K 0 70 108
K 0 0 60
K 0 21 60
A D 6 24 0
A P 1 140 0
J R 7 1035 28 2 5185 576 0
K 0 0 48
A D 6 24 0
A P 1 0 0
J B 411 1077 1 82 6913 576 0
J N 7 1098 14 4 1 0 0
K 0 0 43
K 0 0 60
K 0 21 60
A D 6 24 0
A P 1 140 0
J R 7 1137 28 2 1729 576 0
K 0 0 48
A D 6 24 0
A P 1 0 0
J N 7 1176 14 4 3457 576 0
K 0 0 43
K 0 0 60
K 0 21 60
A D 6 24 0
A P 1 140 0
J R 7 1215 28 2 5185 576 0
K 0 0 48
A D 6 24 0
A P 1 0 0
J B 412 1257 1 82 6913 576 0
J N 7 1278 14 4 1 0 0
K 0 0 43
K 0 0 60
K 0 21 60
A D 6 24 0
A P 1 140 0
J R 7 1310 28 2 1729 576 0
K 0 0 48
A D 6 24 1
A P 1 0 1
J R 8 1356 28 2 3457 576 0
K 0 0 47
A D 12 24 0
A P 1 0 0
J B 413 1450 1 82 6913 1152 0
J R 9 1560 28 2 1 0 0
K 0 0 46
A D 24 24 0
A P 1 0 0
J B 414 1698 1 82 6913 2304 0
J R 8 1719 28 2 1 0 0
K 0 0 47
A D 12 24 0
A P 1 0 0
J N 7 1795 14 6 3457 1152 0
K 0 0 43
K 0 70 108
K 23 70 108
K 0 0 60
K 0 21 60
A D 6 24 0
A P 1 140 0
J R 7 1833 28 2 5185 576 0
K 0 0 48
A D 6 24 0
A P 1 0 0
J B 415 1874 1 82 6913 576 0
J N 7 1895 14 4 1 0 0
K 0 0 43
K 0 0 60
K 0 21 60
A D 6 24 0
A P 1 140 0
J R 7 1933 28 2 1729 576 0
K 0 0 48
A D 6 24 0
A P 1 0 0
J N 7 1971 14 4 3457 576 0
K 0 0 43
K 0 0 60
K 0 21 60
A D 6 24 0
A P 1 140 0
J R 7 2009 28 2 5185 576 0
K 0 0 48
A D 6 24 0
A P 1 0 0
J B 416 2050 1 82 6913 576 0
E *
L 993 0 0 315 315 * 0 14 0
J D 0 -119 42 1 6913 0 0
W 0 0 31 Vln 1
J C 4 5 42 2 6913 0 0
K 0 0 33
K 0 0 34
J K -1 57 0 1 6913 0 0
K 0 28 65
J D 0 -27 -14 1 6913 0 0
W 0 0 0 \04\00\07
J N 7 115 -21 9 1 0 0
K 0 7 45
K 0 0 43
K 0 7 45
K 1 7 45
K 0 109 111
K 12 109 110
K 0 0 60
K 0 21 60
A D 6 24 0
A P 3 237 0
J N 7 199 -7 4 1729 576 0
K 0 0 43
K 0 0 60
K 0 21 60
A D 6 24 0
A P 3 226 0
J N 7 283 7 6 3457 576 0
K 0 0 43
K 0 81 111
K 12 81 110
K 0 0 60
K 0 21 60
A D 6 24 0
A P 3 215 0
J N 7 367 -28 8 5185 576 0
K 0 14 45
K 0 0 45
K 0 0 43
K -1 0 45
K 2 0 45
K 0 0 60
K 0 28 60
A D 6 24 0
A P 3 243 0
J B 408 455 1 82 6913 576 0
J N 6 476 35 8 1 0 1 622
K 0 -35 43
K 0 0 43
K 0 64 110
K 17 64 108
K 0 -35 60
K 0 -28 60
K 0 0 52
A D 2 24 0
A P 3 220 0
A P 3 192 0
J N 6 504 35 4 577 192 1 623
K 0 0 43
K 0 14 43
K 0 14 59
A D 2 24 0
A P 3 192 0
A P 3 180 0
J N 6 532 35 4 1153 192 2 623 622
K 0 0 43
K 0 14 43
K 0 14 59
A D 2 24 0
A P 3 192 0
A P 3 180 0
H 622 X 1 3 0 -49 6 -56 0
H 623 B 42 0 108 2 2 3
J N 6 560 35 4 1729 192 2 624 625
K 0 0 43
K 0 14 43
K 0 14 59
A D 2 24 0
A P 3 192 0
A P 3 180 0
J N 6 588 35 4 2305 192 1 625
K 0 0 43
K 0 14 43
K 0 14 59
A D 2 24 0
A P 3 192 0
A P 3 180 0
J N 6 616 35 4 2881 192 2 625 624
K 0 0 43
K 0 14 43
K 0 14 59
A D 2 24 0
A P 3 192 0
A P 3 180 0
H 624 X 25 3 0 0 0 0 625
H 625 B 42 0 108 3 2 1 3
J N 8 644 35 11 3457 192 0
K 0 0 42
K 25 0 44
K 0 14 42
K 25 14 44
K 0 14 59
K 0 -17 59
K 0 0 59
K 0 -16 59
K 10 -52 227
K 0 -35 125
A D 12 24 0
A P 3 192 0
A P 3 180 0
J B 409 721 1 82 6913 1152 0
J N 8 742 35 10 1 0 0
K 0 0 42
K 25 0 44
K 0 14 42
K 25 14 44
K 0 14 59
K 0 -17 59
K 0 0 59
K 0 -16 59
K 0 -35 125
A D 12 24 0
A P 3 192 0
A P 3 180 0
J N 8 815 35 10 3457 1152 0
K 0 0 42
K 25 0 44
K 0 14 42
K 25 14 44
K 0 14 59
K 0 -17 59
K 0 0 59
K 0 -16 59
K 0 -35 125
A D 12 24 0
A P 3 192 0
A P 3 180 0
J B 410 897 1 82 6913 1152 0
J N 8 918 28 9 1 0 0
K 0 0 42
K 24 -6 44
K 0 14 42
K 24 8 44
K 0 14 59
K 0 0 59
K 0 -23 59
K 0 -42 125
A D 12 24 0
A P 3 197 0
A P 3 186 0
J N 8 996 28 9 3457 1152 0
K 0 0 42
K 24 -6 44
K 0 14 42
K 24 8 44
K 0 14 59
K 0 0 59
K 0 -23 59
K 0 -42 125
A D 12 24 0
A P 3 197 0
A P 3 186 0
J B 411 1077 1 82 6913 1152 0
J N 8 1098 28 9 1 0 0
K 0 0 42
K 24 -6 44
K 0 14 42
K 24 8 44
K 0 14 59
K 0 0 59
K 0 -23 59
K 0 -42 125
A D 12 24 0
A P 3 197 0
A P 3 186 0
J N 8 1176 28 9 3457 1152 0
K 0 0 42
K 24 -6 44
K 0 14 42
K 24 8 44
K 0 14 59
K 0 0 59
K 0 -23 59
K 0 -42 125
A D 12 24 0
A P 3 197 0
A P 3 186 0
J B 412 1257 1 82 6913 1152 0
J N 8 1278 35 10 1 0 0
K 0 0 42
K 25 0 44
K 0 14 42
K 25 14 44
K 0 14 59
K 0 -17 59
K 0 0 59
K 0 -16 59
K 0 -35 125
A D 12 24 0
A P 3 192 0
A P 3 180 0
J N 8 1356 35 10 3457 1152 0
K 0 0 42
K 25 0 44
K 0 14 42
K 25 14 44
K 0 14 59
K 0 -17 59
K 0 0 59
K 0 -16 59
K 0 -35 125
A D 12 24 0
A P 3 192 0
A P 3 180 0
J B 413 1450 1 82 6913 1152 0
J N 8 1471 35 10 1 0 0
K 0 0 42
K 25 0 44
K 0 14 42
K 25 14 44
K 0 14 59
K 0 -17 59
K 0 0 59
K 0 -16 59
K 0 -35 125
A D 12 24 0
A P 3 192 0
A P 3 180 0
J N 8 1612 35 10 3457 1152 0
K 0 0 42
K 25 0 44
K 0 14 42
K 25 14 44
K 0 14 59
K 0 -17 59
K 0 0 59
K 0 -16 59
K 0 -35 125
A D 12 24 0
A P 3 192 0
A P 3 180 0
J B 414 1698 1 82 6913 1152 0
J N 8 1719 28 9 1 0 0
K 0 0 42
K 24 -6 44
K 0 14 42
K 24 8 44
K 0 14 59
K 0 0 59
K 0 -23 59
K 0 -42 125
A D 12 24 0
A P 3 197 0
A P 3 186 0
J N 8 1795 28 9 3457 1152 0
K 0 0 42
K 24 -6 44
K 0 14 42
K 24 8 44
K 0 14 59
K 0 0 59
K 0 -23 59
K 0 -42 125
A D 12 24 0
A P 3 197 0
A P 3 186 0
J B 415 1874 1 82 6913 1152 0
J N 8 1895 28 9 1 0 0
K 0 0 42
K 24 -6 44
K 0 14 42
K 24 8 44
K 0 14 59
K 0 0 59
K 0 -23 59
K 0 -42 125
A D 12 24 0
A P 3 197 0
A P 3 186 0
J N 8 1971 28 9 3457 1152 0
K 0 0 42
K 24 -6 44
K 0 14 42
K 24 8 44
K 0 14 59
K 0 0 59
K 0 -23 59
K 0 -42 125
A D 12 24 0
A P 3 197 0
A P 3 186 0
J B 416 2050 1 82 6913 1152 0
E *
L 1125 0 0 315 315 * 0 14 0
J D 0 -119 42 1 6913 0 0
W 0 0 31 Vln 2
J C 4 5 42 2 6913 0 0
K 0 0 33
K 0 0 34
J K -1 57 0 1 6913 0 0
K 0 28 65
J D 0 -27 -14 1 6913 0 0
W 0 0 0 \04\00\07
J N 8 115 56 15 1 0 0
K 1 14 45
K 1 28 45
K 0 0 42
K 0 35 42
K 0 28 45
K 1 28 45
K 0 70 111
K 12 70 110
K 0 35 59
K 0 28 59
K 0 0 59
K 0 -23 59
K 10 -59 227
K 0 -42 125
A D 12 24 0
A P 1 175 0
A P 1 146 0
J N 8 283 56 15 3457 1152 0
K 1 14 45
K 1 28 45
K 0 0 42
K 0 35 42
K 0 28 45
K 1 28 45
K 0 70 111
K 12 70 110
K 0 35 59
K 0 28 59
K 0 0 59
K 0 -23 59
K 10 -59 227
K 0 -42 125
A D 12 24 0
A P 1 175 0
A P 1 146 0
J B 408 455 1 82 6913 1152 0
J N 7 476 49 13 1 0 0
K 1 21 45
K 1 35 45
K 0 0 43
K 0 35 43
K -1 35 45
K 2 35 45
K 0 70 110
K 17 70 108
K 0 35 59
K 0 28 59
K 0 0 59
K 0 -21 59
A D 6 24 0
A P 1 180 0
A P 1 152 0
J R 7 560 28 2 1729 576 0
K 0 0 48
A D 6 24 1
A P 1 0 1
J R 8 644 28 2 3457 576 0
K 0 0 47
A D 12 24 0
A P 1 0 0
J B 409 721 1 82 6913 1152 0
J R 9 795 28 2 1 10000 0
K 0 0 46
A D 24 24 0
A P 1 0 0
J B 410 897 1 82 6913 2304 0
J R 9 973 28 2 1 10000 0
K 0 0 46
A D 24 24 0
A P 1 0 0
J B 411 1077 1 82 6913 2304 0
J R 8 1098 28 2 1 0 0
K 0 0 47
A D 12 24 0
A P 1 0 0
J N 8 1176 7 4 3457 1152 2 735 734
K 0 0 42
K 0 0 60
K 0 21 60
A D 12 24 0
A P 1 215 0
J B 412 1257 1 82 6913 1152 0
J N 8 1278 0 5 1 0 1 734
K 0 0 42
K 24 -6 44
K 0 0 60
K 0 21 60
A D 18 24 0
A P 1 220 0
H 734 W 0 21 7 93 35 93
J N 6 1384 -7 2 5185 1728 2 737 736
K 0 0 43
A D 3 24 0
A P 1 226 0
J N 6 1415 -14 5 6049 288 1 737
K 0 0 45
K 0 0 43
K -1 0 45
K 2 0 45
A D 3 24 0
A P 1 232 0
H 737 B -42 -4 108 2 2 3
J B 413 1450 1 82 6913 288 0
J N 7 1471 21 4 1 0 2 735 736
K 0 0 43
K 0 0 60
K 0 21 60
A D 6 24 0
A P 1 203 0
H 736 W 21 0 -21 93 14 93
H 735 S 0 0 -7 0 -14 2 0 0 0
J R 7 1512 28 2 1729 576 0
K 0 0 48
A D 6 24 1
A P 1 0 1
J R 8 1612 28 2 3457 576 0
K 0 0 47
A D 12 24 0
A P 1 0 0
J B 414 1698 1 82 6913 1152 0
J R 9 1772 28 2 1 10000 0
K 0 0 46
A D 24 24 0
A P 1 0 0
J B 415 1874 1 82 6913 2304 0
J R 8 1895 28 2 1 0 0
K 0 0 47
A D 12 24 0
A P 1 0 0
J N 8 1971 7 4 3457 1152 1 738
K 0 0 42
K 0 0 60
K 0 21 60
A D 12 24 0
A P 1 215 0
J B 416 2050 1 82 6913 1152 0
J M 0 2050 0 0 6913 0 1 738
H 738 W 0 15 7 106 0 106
E *
L 1257 0 0 315 315 * 0 14 0
J D 0 -86 42 1 6913 0 0
W 0 0 31 Vla
J C 13 5 28 35 6913 0 0
J K -1 57 0 1 6913 0 0
K 0 35 65
J D 0 -27 -14 1 6913 0 0
W 0 0 0 \04\00\07
J N 6 115 49 4 1 0 1 595
K 0 0 43
K 0 39 111
K 12 39 110
A D 2 24 0
A P 3 146 0
J N 6 143 49 2 577 192 1 595
K 0 0 43
A D 2 24 0
A P 3 146 0
J N 6 171 49 2 1153 192 1 595
K 0 0 43
A D 2 24 0
A P 3 146 0
H 595 B 49 0 108 3 2 1 3
J N 6 199 35 2 1729 192 1 596
K 0 0 43
A D 2 24 0
A P 3 157 0
J N 6 227 35 2 2305 192 1 596
K 0 0 43
A D 2 24 0
A P 3 157 0
J N 6 255 35 2 2881 192 1 596
K 0 0 43
A D 2 24 0
A P 3 157 0
H 596 B 42 0 108 3 2 1 3
J N 6 283 28 4 3457 192 1 597
K 0 0 43
K 0 77 111
K 12 77 110
A D 2 24 0
A P 3 163 0
J N 6 311 28 2 4033 192 1 597
K 0 0 43
A D 2 24 0
A P 3 163 0
J N 6 339 28 2 4609 192 1 597
K 0 0 43
A D 2 24 0
A P 3 163 0
H 597 B -42 0 108 3 2 1 3
J N 6 367 77 5 5185 192 1 598
K 1 -7 45
K 0 0 43
K 0 -7 45
K 1 -7 45
A D 2 24 0
A P 3 123 0
J N 6 395 77 5 5761 192 1 598
K 1 -7 45
K 0 0 43
K 0 -7 45
K 1 -7 45
A D 2 24 0
A P 3 123 0
J N 6 423 77 5 6337 192 1 598
K 1 -7 45
K 0 0 43
K 0 -7 45
K 1 -7 45
A D 2 24 0
A P 3 123 0
H 598 B 49 0 108 3 2 1 3
J B 408 455 1 82 6913 192 0
J N 7 476 56 6 1 0 0
K 0 0 43
K 0 36 110
K 17 36 108
K 0 0 59
K 0 -21 59
A D 6 24 0
A P 3 140 0
J R 7 560 28 2 1729 576 0
K 0 0 48
A D 6 24 1
A P 3 0 1
J R 8 644 28 2 3457 576 0
K 0 0 47
A D 12 24 0
A P 3 0 0
J B 409 721 1 82 6913 1152 0
J R 9 795 28 2 1 10000 0
K 0 0 46
A D 24 24 0
A P 3 0 0
J B 410 897 1 82 6913 2304 0
J R 9 973 28 2 1 10000 0
K 0 0 46
A D 24 24 0
A P 3 0 0
J B 411 1077 1 82 6913 2304 0
J R 8 1098 28 2 1 0 0
K 0 0 47
A D 12 24 0
A P 3 0 0
J N 8 1176 14 4 3457 1152 2 600 599
K 0 0 42
K 0 0 60
K 0 21 60
A D 12 24 0
A P 3 175 0
J B 412 1257 1 82 6913 1152 0
J N 8 1278 7 5 1 0 1 599
K 0 0 42
K 25 0 44
K 0 0 60
K 0 21 60
A D 18 24 0
A P 3 180 0
H 599 W 0 21 7 98 35 98
J N 6 1384 0 2 5185 1728 2 602 601
K 0 0 43
A D 3 24 0
A P 3 186 0
J N 6 1415 -7 2 6049 288 1 602
K 0 0 43
A D 3 24 0
A P 3 192 0
H 602 B -47 -4 108 2 2 3
J B 413 1450 1 82 6913 288 0
J N 7 1471 28 4 1 0 2 600 601
K 0 0 43
K 0 0 60
K 0 21 60
A D 6 24 0
A P 3 163 0
H 601 W 21 0 -21 98 14 98
H 600 S 0 0 -7 0 -14 2 0 0 0
J R 7 1512 28 2 1729 576 0
K 0 0 48
A D 6 24 1
A P 3 0 1
J R 8 1612 28 2 3457 576 0
K 0 0 47
A D 12 24 0
A P 3 0 0
J B 414 1698 1 82 6913 1152 0
J R 9 1772 28 2 1 10000 0
K 0 0 46
A D 24 24 0
A P 3 0 0
J B 415 1874 1 82 6913 2304 0
J R 8 1895 28 2 1 0 0
K 0 0 47
A D 12 24 0
A P 3 0 0
J N 8 1971 14 4 3457 1152 1 603
K 0 0 42
K 0 0 60
K 0 21 60
A D 12 24 0
A P 3 175 0
J B 416 2050 1 82 6913 1152 0
J M 0 2050 0 0 6913 0 1 603
H 603 W 0 15 7 102 0 102
E *
L 1392 0 0 315 315 * 0 14 0
J D 0 -83 42 1 6913 0 0
W 0 0 31 Vc
J C 22 5 14 36 6913 0 0
J K -1 57 0 1 6913 0 0
K 0 42 65
J D 0 -27 -14 1 6913 0 0
W 0 0 0 \04\00\07
J N 7 115 56 6 1 0 0
K 0 0 43
K 0 36 111
K 12 36 110
K 0 0 59
K 0 -21 59
A D 6 24 0
A P 1 106 0
J N 7 199 42 4 1729 576 0
K 0 0 43
K 0 0 59
K 0 -21 59
A D 6 24 0
A P 1 117 0
J N 7 283 35 6 3457 576 0
K 0 0 43
K 0 53 111
K 12 53 110
K 0 0 59
K 0 -21 59
A D 6 24 0
A P 1 123 0
J N 7 367 84 8 5185 576 0
K 1 -14 45
K 1 0 45
K 0 0 43
K -1 0 45
K 2 0 45
K 0 0 59
K 0 -28 59
A D 6 24 0
A P 1 83 0
J B 408 455 1 82 6913 576 0
J N 9 476 14 4 1 0 1 115
K 0 0 41
K 0 74 110
K 17 74 108
A D 24 24 1
A P 1 140 1
J B 409 721 1 82 6913 2304 0
J N 9 742 14 2 1 0 1 115
K 0 0 41
A D 24 24 0
A P 1 140 0
H 115 T 14 0 0 0 0 0 5 0
J B 410 897 1 82 6913 2304 0
J N 8 918 14 4 1 0 0
K 0 0 42
K 0 0 60
K 0 21 60
A D 12 24 0
A P 1 140 0
J N 8 996 14 4 3457 1152 0
K 0 0 42
K 0 0 60
K 0 21 60
A D 12 24 0
A P 1 140 0
J B 411 1077 1 82 6913 1152 0
J N 8 1098 14 4 1 0 0
K 0 0 42
K 0 0 60
K 0 21 60
A D 12 24 0
A P 1 140 0
J N 8 1176 -28 8 3457 1152 2 117 116
K 0 14 45
K 0 0 45
K 0 0 42
K -1 0 45
K 2 0 45
K 0 0 60
K 0 28 60
A D 12 24 0
A P 1 175 0
J B 412 1257 1 82 6913 1152 0
J N 8 1278 -35 10 1 0 1 116
K 0 21 45
K 0 7 45
K 0 0 42
K 0 7 45
K 1 7 45
K 25 0 44
K 0 0 60
K 0 28 60
K 0 35 60
A D 18 24 0
A P 1 180 0
H 116 W 0 21 7 95 35 95
J N 6 1384 -42 7 5185 1728 2 119 118
K 0 28 45
K 0 14 45
K 0 0 45
K 0 0 43
K -1 0 45
K 2 0 45
A D 3 24 0
A P 1 186 0
J N 6 1415 -49 7 6049 288 1 119
K 0 35 45
K 0 21 45
K 0 7 45
K 0 0 43
K 0 7 45
K 1 7 45
A D 3 24 0
A P 1 192 0
H 119 B -75 -4 108 2 2 3
J B 413 1450 1 82 6913 288 0
J N 7 1471 -14 7 1 0 2 117 118
K 0 0 45
K 0 0 43
K -1 0 45
K 2 0 45
K 0 0 60
K 0 21 60
A D 6 24 0
A P 1 163 0
H 118 W 21 0 -21 95 14 95
H 117 S 0 0 -7 0 -14 2 0 0 0
J R 7 1512 28 2 1729 576 0
K 0 0 48
A D 6 24 1
A P 1 0 1
J R 8 1612 28 2 3457 576 0
K 0 0 47
A D 12 24 0
A P 1 0 0
J B 414 1698 1 82 6913 1152 0
J R 9 1772 28 2 1 10000 0
K 0 0 46
A D 24 24 0
A P 1 0 0
J B 415 1874 1 82 6913 2304 0
J R 8 1895 28 2 1 0 0
K 0 0 47
A D 12 24 0
A P 1 0 0
J N 8 1971 -28 8 3457 1152 1 120
K 0 14 45
K 0 0 45
K 0 0 42
K -1 0 45
K 2 0 45
K 0 0 60
K 0 28 60
A D 12 24 0
A P 1 175 0
J M 0 2046 0 0 6913 1152 1 120
H 120 W 0 21 7 95 -7 95
J B 416 2050 1 82 6913 0 0
E *
L 1522 0 0 315 315 * 0 14 0
J D 0 -83 42 1 6913 0 0
W 0 0 31 Cb
J C 22 5 14 36 6913 0 0
J K -1 57 0 1 6913 0 0
K 0 42 65
J D 0 -27 -14 1 6913 0 0
W 0 0 0 \04\00\07
J N 7 115 7 6 1 0 0
K 0 0 43
K 0 81 111
K 12 81 110
K 0 0 60
K 0 21 60
A D 6 24 0
A P 1 146 0
J N 7 199 -7 4 1729 576 0
K 0 0 43
K 0 0 60
K 0 21 60
A D 6 24 0
A P 1 157 0
J N 7 283 -14 9 3457 576 0
K 0 0 45
K 0 0 43
K -1 0 45
K 2 0 45
K 0 102 111
K 12 102 110
K 0 0 60
K 0 21 60
A D 6 24 0
A P 1 163 0
J N 7 367 35 4 5185 576 0
K 0 0 43
K 0 0 59
K 0 -21 59
A D 6 24 0
A P 1 123 0
J B 408 455 1 82 6913 576 0
J N 9 476 14 4 1 0 1 90
K 0 0 41
K 0 74 110
K 17 74 108
A D 24 24 1
A P 1 140 1
J B 409 721 1 82 6913 2304 0
J N 9 742 14 2 1 0 1 90
K 0 0 41
A D 24 24 0
A P 1 140 0
H 90 T 14 0 0 0 0 0 5 0
J B 410 897 1 82 6913 2304 0
J N 8 918 14 4 1 0 0
K 0 0 42
K 0 0 60
K 0 21 60
A D 12 24 0
A P 1 140 0
J N 8 996 14 4 3457 1152 0
K 0 0 42
K 0 0 60
K 0 21 60
A D 12 24 0
A P 1 140 0
J B 411 1077 1 82 6913 1152 0
J N 8 1098 14 4 1 0 0
K 0 0 42
K 0 0 60
K 0 21 60
A D 12 24 0
A P 1 140 0
J N 8 1176 14 4 3457 1152 0
K 0 0 42
K 0 0 60
K 0 21 60
A D 12 24 0
A P 1 140 0
J B 412 1257 1 82 6913 1152 0
J N 9 1278 14 2 1 0 1 91
K 0 0 41
A D 24 24 1
A P 1 140 1
J B 413 1450 1 82 6913 2304 0
J N 9 1471 14 2 1 0 1 91
K 0 0 41
A D 24 24 0
A P 1 140 0
H 91 T 14 0 0 0 0 0 5 0
J B 414 1698 1 82 6913 2304 0
J N 8 1719 14 4 1 0 0
K 0 0 42
K 0 0 60
K 0 21 60
A D 12 24 0
A P 1 140 0
J N 8 1795 14 4 3457 1152 0
K 0 0 42
K 0 0 60
K 0 21 60
A D 12 24 0
A P 1 140 0
J B 415 1874 1 82 6913 1152 0
J N 8 1895 14 4 1 0 0
K 0 0 42
K 0 0 60
K 0 21 60
A D 12 24 0
A P 1 140 0
J N 8 1971 14 4 3457 1152 0
K 0 0 42
K 0 0 60
K 0 21 60
A D 12 24 0
A P 1 140 0
J B 416 2050 1 82 6913 1152 0
E *
B 1 455 0
B 1 721 0
B 1 897 0
B 1 1077 0
B 1 1257 0
B 1 1450 0
B 1 1698 0
B 1 1874 0
B 1 2050 0
