S 0 200 140 2050 1573 12 "[....][..](.)[{..}.{..}]"
L 0 0 0 326 326 * 0 14 0
J D 0 -66 42 1 6913 0 0
W 0 0 31 Fl
J C 4 5 42 2 6913 0 0
K 0 0 33
K 0 0 34
J K -2 57 0 2 6913 0 0
K 0 28 65
K 13 7 65
J D 0 -27 -14 1 6913 0 0
W 0 0 37 \02\05\02
J R 9 206 28 2 1 0 0
K 0 0 46
A D 8 16 0
A P 1 0 0
J B 253 335 1 82 6913 1152 0
J R 9 434 28 2 1 0 0
K 0 0 46
A D 8 16 0
A P 1 0 0
J B 254 561 1 82 6913 1152 0
J R 9 660 28 2 1 0 0
K 0 0 46
A D 8 16 0
A P 1 0 0
J B 255 787 1 82 6913 1152 0
J R 9 886 28 2 1 0 0
K 0 0 46
A D 8 16 0
A P 1 0 0
J B 256 1013 1 82 6913 1152 0
J N 7 1037 -42 13 1 0 0
K 0 28 45
K 0 14 45
K 0 0 45
K -14 0 64
K 0 0 43
K -1 0 45
K 2 0 45
K 0 126 110
K 17 126 110
K 0 0 60
K 0 28 60
K 0 42 60
A D 4 16 0
A P 1 255 0
J N 7 1085 -42 12 3457 576 0
K 0 28 45
K 0 14 45
K 0 0 45
K 0 0 43
K -1 0 45
K 2 0 45
K 0 126 111
K 12 126 110
K 0 0 60
K 0 28 60
K 0 42 60
A D 4 16 0
A P 1 255 0
J B 257 1209 1 82 6913 576 0
J R 7 1233 28 2 1 0 0
K 0 0 48
A D 4 16 0
A P 1 0 0
J N 7 1285 -42 13 3457 576 0
K 0 28 45
K 0 14 45
K 0 0 45
K -14 0 64
K 0 0 43
K -1 0 45
K 2 0 45
K 0 126 111
K 12 126 110
K 0 0 60
K 0 28 60
K 0 42 60
A D 4 16 0
A P 1 255 0
J B 258 1409 1 82 6913 576 0
J R 7 1433 28 2 1 0 0
K 0 0 48
A D 4 16 0
A P 1 0 0
J N 7 1485 -42 13 3457 576 0
K 0 28 45
K 0 14 45
K 0 0 45
K -14 0 64
K 0 0 43
K -1 0 45
K 2 0 45
K 0 126 111
K 12 126 110
K 0 0 60
K 0 28 60
K 0 42 60
A D 4 16 0
A P 1 255 0
J B 259 1611 1 82 6913 576 0
J R 7 1635 28 2 1 0 0
K 0 0 48
A D 4 16 0
A P 1 0 0
J N 7 1687 -42 13 3457 576 0
K 0 28 45
K 0 14 45
K 0 0 45
K -14 0 64
K 0 0 43
K -1 0 45
K 2 0 45
K 0 126 111
K 12 126 110
K 0 0 60
K 0 28 60
K 0 42 60
A D 4 16 0
A P 1 255 0
J B 260 1813 1 82 6913 576 0
J R 9 1917 28 2 1 0 0
K 0 0 46
A D 8 16 0
A P 1 0 0
J B 261 2050 1 82 6913 1152 0
E *
L 132 0 0 326 326 * 0 14 0
J D 0 -119 42 1 6913 0 0
W 0 0 31 Ob 1-2
J C 4 5 42 2 6913 0 0
K 0 0 33
K 0 0 34
J K -2 57 0 2 6913 0 0
K 0 28 65
K 13 7 65
J D 0 -27 -14 1 6913 0 0
W 0 0 0 \02\05\02
J R 9 206 28 2 1 0 0
K 0 0 46
A D 8 16 0
A P 3 0 0
J B 253 335 1 82 6913 1152 0
J R 9 434 28 2 1 0 0
K 0 0 46
A D 8 16 0
A P 3 0 0
J B 254 561 1 82 6913 1152 0
J R 9 660 28 2 1 0 0
K 0 0 46
A D 8 16 0
A P 3 0 0
J B 255 787 1 82 6913 1152 0
J R 9 886 28 2 1 0 0
K 0 0 46
A D 8 16 0
A P 3 0 0
J B 256 1013 1 82 6913 1152 0
J N 7 1037 7 9 1 0 0
K -14 0 64
K 0 -14 43
K 0 0 43
K 0 78 110
K 17 78 110
K 0 -14 60
K 0 0 60
K 0 21 60
A D 4 16 0
A P 1 226 0
A P 2 215 0
J N 7 1085 7 8 3457 576 0
K 0 -14 43
K 0 0 43
K 0 77 111
K 12 77 110
K 0 -14 60
K 0 0 60
K 0 21 60
A D 4 16 0
A P 1 226 0
A P 2 215 0
J B 257 1209 1 82 6913 576 0
J R 7 1233 28 2 1 0 0
K 0 0 48
A D 4 16 0
A P 1 0 0
J N 7 1285 7 9 3457 576 0
K -14 0 64
K 0 -14 43
K 0 0 43
K 0 77 111
K 12 77 110
K 0 -14 60
K 0 0 60
K 0 21 60
A D 4 16 0
A P 1 226 0
A P 2 215 0
J B 258 1409 1 82 6913 576 0
J R 7 1433 28 2 1 0 0
K 0 0 48
A D 4 16 0
A P 1 0 0
J N 7 1485 7 9 3457 576 0
K -14 0 64
K 0 -14 43
K 0 0 43
K 0 77 111
K 12 77 110
K 0 -14 60
K 0 0 60
K 0 21 60
A D 4 16 0
A P 1 226 0
A P 2 215 0
J B 259 1611 1 82 6913 576 0
J R 7 1635 28 2 1 0 0
K 0 0 48
A D 4 16 0
A P 1 0 0
J N 7 1687 7 9 3457 576 0
K -14 0 64
K 0 -14 43
K 0 0 43
K 0 77 111
K 12 77 110
K 0 -14 60
K 0 0 60
K 0 21 60
A D 4 16 0
A P 1 226 0
A P 2 215 0
J B 260 1813 1 82 6913 576 0
J R 9 1917 28 2 1 0 0
K 0 0 46
A D 8 16 0
A P 3 0 0
J B 261 2050 1 82 6913 1152 0
E *
L 264 0 0 326 326 * 0 14 0
J D 0 -110 42 1 6913 0 0
W 0 -21 31 Cl 1-2
J D 0 -110 42 1 6913 0 0
W 0 21 31 (B\0.)
J C 4 5 42 2 6913 0 0
K 0 0 33
K 0 0 34
J K 0 57 0 0 6913 0 0
J D 0 -27 -14 1 6913 0 0
W 0 0 0 \02\05\02
J R 9 206 28 2 1 0 0
K 0 0 46
A D 24 48 0
A P 3 0 0
J B 253 335 1 82 6913 1152 0
J R 9 434 28 2 1 0 0
K 0 0 46
A D 24 48 0
A P 3 0 0
J B 254 561 1 82 6913 1152 0
J R 9 660 28 2 1 0 0
K 0 0 46
A D 24 48 0
A P 3 0 0
J B 255 787 1 82 6913 1152 0
J R 9 886 28 2 1 0 0
K 0 0 46
A D 24 48 0
A P 3 0 0
J B 256 1013 1 82 6913 1152 0
J N 7 1037 35 8 1 0 0
K 0 -14 43
K 0 0 43
K 0 63 110
K 17 63 110
K 0 -14 60
K 0 0 60
K 0 14 60
A D 12 48 0
A P 1 203 0
A P 2 192 0
J N 7 1085 35 8 3457 576 0
K 0 -14 43
K 0 0 43
K 0 63 111
K 12 63 110
K 0 -14 60
K 0 0 60
K 0 14 60
A D 12 48 0
A P 1 203 0
A P 2 192 0
J B 257 1209 1 82 6913 576 0
J R 7 1233 28 2 1 0 0
K 0 0 48
A D 12 48 0
A P 1 0 0
J N 7 1285 35 8 3457 576 0
K 0 -14 43
K 0 0 43
K 0 63 111
K 12 63 110
K 0 -14 60
K 0 0 60
K 0 14 60
A D 12 48 0
A P 1 203 0
A P 2 192 0
J B 258 1409 1 82 6913 576 0
J R 7 1433 28 2 1 0 0
K 0 0 48
A D 12 48 0
A P 1 0 0
J N 7 1485 35 8 3457 576 0
K 0 -14 43
K 0 0 43
K 0 63 111
K 12 63 110
K 0 -14 60
K 0 0 60
K 0 14 60
A D 12 48 0
A P 1 203 0
A P 2 192 0
J B 259 1611 1 82 6913 576 0
J R 7 1635 28 2 1 0 0
K 0 0 48
A D 12 48 0
A P 1 0 0
J N 7 1687 35 8 3457 576 0
K 0 -14 43
K 0 0 43
K 0 65 111
K 12 65 110
K 0 -14 60
K 0 0 60
K 0 14 60
A D 12 48 0
A P 1 203 0
A P 2 192 0
J B 260 1813 1 82 6913 576 0
J R 9 1917 28 2 1 0 0
K 0 0 46
A D 24 48 0
A P 3 0 0
J B 261 2050 1 82 6913 1152 0
E *
L 396 0 0 326 326 * 0 14 0
J D 0 -130 42 1 6913 0 0
W 0 0 31 Fag 1-2
J C 22 5 14 36 6913 0 0
J K -2 57 0 2 6913 0 0
K 0 42 65
K 13 21 65
J D 0 -27 -14 1 6913 0 0
W 0 0 0 \02\05\02
J R 9 206 28 2 1 0 0
K 0 0 46
A D 8 16 0
A P 3 0 0
J B 253 335 1 82 6913 1152 0
J R 9 434 28 2 1 0 0
K 0 0 46
A D 8 16 0
A P 3 0 0
J B 254 561 1 82 6913 1152 0
J R 9 660 28 2 1 0 0
K 0 0 46
A D 8 16 0
A P 3 0 0
J B 255 787 1 82 6913 1152 0
J R 9 886 28 2 1 0 0
K 0 0 46
A D 8 16 0
A P 3 0 0
J B 256 1013 1 82 6913 1152 0
J N 7 1037 -7 12 1 0 0
K 0 -7 45
K -15 -14 65
K 0 -14 43
K 0 -7 45
K 1 -7 45
K 0 0 43
K 0 91 110
K 17 91 110
K 0 -14 60
K 0 0 60
K 0 21 60
A D 4 16 0
A P 1 168 0
A P 2 157 0
J N 7 1085 -7 11 3457 576 0
K 0 -7 45
K 0 -14 43
K 0 -7 45
K 1 -7 45
K 0 0 43
K 0 91 111
K 12 91 110
K 0 -14 60
K 0 0 60
K 0 21 60
A D 4 16 0
A P 1 168 0
A P 2 157 0
J B 257 1209 1 82 6913 576 0
J R 7 1233 28 2 1 0 0
K 0 0 48
A D 4 16 0
A P 1 0 0
J N 7 1285 -7 12 3457 576 0
K 0 -7 45
K -15 -14 65
K 0 -14 43
K 0 -7 45
K 1 -7 45
K 0 0 43
K 0 91 111
K 12 91 110
K 0 -14 60
K 0 0 60
K 0 21 60
A D 4 16 0
A P 1 168 0
A P 2 157 0
J B 258 1409 1 82 6913 576 0
J R 7 1433 28 2 1 0 0
K 0 0 48
A D 4 16 0
A P 1 0 0
J N 7 1485 -7 12 3457 576 0
K 0 -7 45
K -15 -14 65
K 0 -14 43
K 0 -7 45
K 1 -7 45
K 0 0 43
K 0 91 111
K 12 91 110
K 0 -14 60
K 0 0 60
K 0 21 60
A D 4 16 0
A P 1 168 0
A P 2 157 0
J B 259 1611 1 82 6913 576 0
J R 7 1635 28 2 1 0 0
K 0 0 48
A D 4 16 0
A P 1 0 0
J N 7 1687 -7 12 3457 576 0
K 0 -7 45
K -15 -14 65
K 0 -14 43
K 0 -7 45
K 1 -7 45
K 0 0 43
K 0 91 111
K 12 91 110
K 0 -14 60
K 0 0 60
K 0 21 60
A D 4 16 0
A P 1 168 0
A P 2 157 0
J B 260 1813 1 82 6913 576 0
J R 9 1917 28 2 1 0 0
K 0 0 46
A D 8 16 0
A P 3 0 0
J B 261 2050 1 82 6913 1152 0
E *
L 551 0 0 326 326 * 0 14 0
J D 0 -130 42 1 6913 0 0
W 0 -21 31 Cor 1-2
J D 0 -130 42 1 6913 0 0
W 0 21 31 (B\0.)
J C 4 5 42 2 6913 0 0
K 0 0 33
K 0 0 34
J K 0 57 0 0 6913 0 0
J D 0 -27 -14 1 6913 0 0
W 0 0 0 \02\05\02
J R 9 206 28 2 1 0 0
K 0 0 46
A D 4 8 0
A P 3 0 0
J B 253 335 1 82 6913 1152 0
J R 9 434 28 2 1 0 0
K 0 0 46
A D 4 8 0
A P 3 0 0
J B 254 561 1 82 6913 1152 0
J R 9 660 28 2 1 0 0
K 0 0 46
A D 4 8 0
A P 3 0 0
J B 255 787 1 82 6913 1152 0
J R 9 886 28 2 1 0 0
K 0 0 46
A D 4 8 0
A P 3 0 0
J B 256 1013 1 82 6913 1152 0
J N 7 1037 21 12 1 0 0
K 1 49 45
K 0 0 43
K 0 49 43
K -1 49 45
K 2 49 45
K 0 85 110
K 17 85 110
K 0 49 59
K 0 28 59
K 0 0 59
K 0 -14 59
A D 2 8 0
A P 1 203 0
A P 2 163 0
J N 7 1085 21 12 3457 576 0
K 1 49 45
K 0 0 43
K 0 49 43
K -1 49 45
K 2 49 45
K 0 85 111
K 12 85 110
K 0 49 59
K 0 28 59
K 0 0 59
K 0 -14 59
A D 2 8 0
A P 1 203 0
A P 2 163 0
J B 257 1209 1 82 6913 576 0
J R 7 1233 28 2 1 0 0
K 0 0 48
A D 2 8 0
A P 1 0 0
J N 7 1285 21 12 3457 576 0
K 1 49 45
K 0 0 43
K 0 49 43
K -1 49 45
K 2 49 45
K 0 85 111
K 12 85 110
K 0 49 59
K 0 28 59
K 0 0 59
K 0 -14 59
A D 2 8 0
A P 1 203 0
A P 2 163 0
J B 258 1409 1 82 6913 576 0
J R 7 1433 28 2 1 0 0
K 0 0 48
A D 2 8 0
A P 1 0 0
J N 7 1485 21 12 3457 576 0
K 1 49 45
K 0 0 43
K 0 49 43
K -1 49 45
K 2 49 45
K 0 85 111
K 12 85 110
K 0 49 59
K 0 28 59
K 0 0 59
K 0 -14 59
A D 2 8 0
A P 1 203 0
A P 2 163 0
J B 259 1611 1 82 6913 576 0
J R 7 1635 28 2 1 0 0
K 0 0 48
A D 2 8 0
A P 1 0 0
J N 7 1687 21 12 3457 576 0
K 1 49 45
K 0 0 43
K 0 49 43
K -1 49 45
K 2 49 45
K 0 85 111
K 12 85 110
K 0 49 59
K 0 28 59
K 0 0 59
K 0 -14 59
A D 2 8 0
A P 1 203 0
A P 2 163 0
J B 260 1813 1 82 6913 576 0
J R 9 1917 28 2 1 0 0
K 0 0 46
A D 4 8 0
A P 3 0 0
J B 261 2050 1 82 6913 1152 0
E *
L 696 0 0 326 326 * 0 14 0
J D 0 -111 42 1 6913 0 0
W 0 -21 31 Tr 1-2
J D 0 -111 42 1 6913 0 0
W 0 21 31 (B\0.)
J C 4 5 42 2 6913 0 0
K 0 0 33
K 0 0 34
J K 0 57 0 0 6913 0 0
J D 0 -27 -14 1 6913 0 0
W 0 0 0 \02\05\02
J R 9 206 28 2 1 0 0
K 0 0 46
A D 4 8 0
A P 3 0 0
J B 253 335 1 82 6913 1152 0
J R 9 434 28 2 1 0 0
K 0 0 46
A D 4 8 0
A P 3 0 0
J B 254 561 1 82 6913 1152 0
J R 9 660 28 2 1 0 0
K 0 0 46
A D 4 8 0
A P 3 0 0
J B 255 787 1 82 6913 1152 0
J R 9 886 28 2 1 0 0
K 0 0 46
A D 4 8 0
A P 3 0 0
J B 256 1013 1 82 6913 1152 0
J N 7 1037 21 12 1 0 0
K 1 49 45
K 0 0 43
K 0 49 43
K -1 49 45
K 2 49 45
K 0 85 110
K 17 85 110
K 0 49 59
K 0 28 59
K 0 0 59
K 0 -14 59
A D 2 8 0
A P 1 203 0
A P 2 163 0
J N 7 1085 21 12 3457 576 0
K 1 49 45
K 0 0 43
K 0 49 43
K -1 49 45
K 2 49 45
K 0 85 111
K 12 85 110
K 0 49 59
K 0 28 59
K 0 0 59
K 0 -14 59
A D 2 8 0
A P 1 203 0
A P 2 163 0
J B 257 1209 1 82 6913 576 0
J R 7 1233 28 2 1 0 0
K 0 0 48
A D 2 8 0
A P 1 0 0
J N 7 1285 21 12 3457 576 0
K 1 49 45
K 0 0 43
K 0 49 43
K -1 49 45
K 2 49 45
K 0 85 111
K 12 85 110
K 0 49 59
K 0 28 59
K 0 0 59
K 0 -14 59
A D 2 8 0
A P 1 203 0
A P 2 163 0
J B 258 1409 1 82 6913 576 0
J R 7 1433 28 2 1 0 0
K 0 0 48
A D 2 8 0
A P 1 0 0
J N 7 1485 21 12 3457 576 0
K 1 49 45
K 0 0 43
K 0 49 43
K -1 49 45
K 2 49 45
K 0 85 111
K 12 85 110
K 0 49 59
K 0 28 59
K 0 0 59
K 0 -14 59
A D 2 8 0
A P 1 203 0
A P 2 163 0
J B 259 1611 1 82 6913 576 0
J R 7 1635 28 2 1 0 0
K 0 0 48
A D 2 8 0
A P 1 0 0
J N 7 1687 21 12 3457 576 0
K 1 49 45
K 0 0 43
K 0 49 43
K -1 49 45
K 2 49 45
K 0 85 111
K 12 85 110
K 0 49 59
K 0 28 59
K 0 0 59
K 0 -14 59
A D 2 8 0
A P 1 203 0
A P 2 163 0
J B 260 1813 1 82 6913 576 0
J R 9 1917 28 2 1 0 0
K 0 0 46
A D 4 8 0
A P 3 0 0
J B 261 2050 1 82 6913 1152 0
E *
L 836 0 0 326 326 * 0 14 0
J D 0 -111 42 1 6913 0 0
W 0 -21 31 Timp.
J D 0 -111 42 1 6913 0 0
W 0 21 31 (B\0.-F)
J C 22 5 14 36 6913 0 0
J K 0 57 0 0 6913 0 0
J D 0 -27 -14 1 6913 0 0
W 0 0 0 \02\05\02
J R 9 206 28 2 1 0 0
K 0 0 46
A D 8 16 0
A P 1 0 0
J B 253 335 1 82 6913 1152 0
J R 9 434 28 2 1 0 0
K 0 0 46
A D 8 16 0
A P 1 0 0
J B 254 561 1 82 6913 1152 0
J R 9 660 28 2 1 0 0
K 0 0 46
A D 8 16 0
A P 1 0 0
J B 255 787 1 82 6913 1152 0
J R 9 886 28 2 1 0 0
K 0 0 46
A D 8 16 0
A P 1 0 0
J B 256 1013 1 82 6913 1152 0
J N 7 1037 42 6 1 0 0
K 0 0 43
K 0 44 110
K 17 44 110
K 0 0 59
K 0 -21 59
A D 4 16 0
A P 1 117 0
J N 7 1085 42 6 3457 576 0
K 0 0 43
K 0 44 111
K 12 44 110
K 0 0 59
K 0 -21 59
A D 4 16 0
A P 1 117 0
J B 257 1209 1 82 6913 576 0
J R 7 1233 28 2 1 0 0
K 0 0 48
A D 4 16 0
A P 1 0 0
J N 7 1285 42 6 3457 576 0
K 0 0 43
K 0 44 111
K 12 44 110
K 0 0 59
K 0 -21 59
A D 4 16 0
A P 1 117 0
J B 258 1409 1 82 6913 576 0
J R 7 1433 28 2 1 0 0
K 0 0 48
A D 4 16 0
A P 1 0 0
J N 7 1485 42 6 3457 576 0
K 0 0 43
K 0 44 111
K 12 44 110
K 0 0 59
K 0 -21 59
A D 4 16 0
A P 1 117 0
J B 259 1611 1 82 6913 576 0
J R 7 1635 28 2 1 0 0
K 0 0 48
A D 4 16 0
A P 1 0 0
J N 7 1687 42 6 3457 576 0
K 0 0 43
K 0 44 111
K 12 44 110
K 0 0 59
K 0 -21 59
A D 4 16 0
A P 1 117 0
J B 260 1813 1 82 6913 576 0
J R 9 1917 28 2 1 0 0
K 0 0 46
A D 8 16 0
A P 1 0 0
J B 261 2050 1 82 6913 1152 0
E *
L 988 0 0 326 326 * 0 14 0
J D 0 -119 42 1 6913 0 0
W 0 0 31 Vln 1
J C 4 5 42 2 6913 0 0
K 0 0 33
K 0 0 34
J K -2 57 0 2 6913 0 0
K 0 28 65
K 13 7 65
J D 0 -27 -14 1 6913 0 0
W 0 0 0 \02\05\02
J R 7 130 28 2 1 0 0
K 0 0 48
A D 8 32 0
A P 1 0 0
J N 7 230 0 5 3457 576 1 320
K 0 0 43
K 0 79 108
K 0 0 60
K 0 21 60
A D 8 32 1
A P 1 220 1
J B 253 335 1 82 6913 576 0
J N 6 356 0 2 1 0 2 321 320
K 0 0 43
A D 4 32 0
A P 1 220 0
H 320 T 0 0 0 0 0 0 5 0
J N 5 406 -7 2 1729 288 2 322 321
K 0 0 43
A D 2 32 0
A P 1 226 0
J N 5 431 0 2 2593 144 2 321 322
K 0 0 43
A D 2 32 0
A P 1 220 0
H 321 B -46 0 108 3 2 21 33
H 322 S 0 0 0 0 0 0 0 0 0
J R 6 456 28 2 3457 144 0
K 0 0 49
A D 4 32 0
A P 1 0 0
J N 5 506 7 2 5185 288 2 323 324
K 0 0 43
A D 2 32 0
A P 1 214 0
J N 5 531 14 2 6049 144 2 324 323
K 0 0 43
A D 2 32 0
A P 1 209 0
H 324 B -50 4 108 2 22 33
H 323 S 0 0 0 0 0 0 0 0 0
J B 254 561 1 82 6913 144 0
J R 6 582 28 2 1 0 0
K 0 0 49
A D 4 32 0
A P 1 0 0
J N 5 632 0 2 1729 288 2 325 326
K 0 0 43
A D 2 32 0
A P 1 220 0
J N 5 657 7 2 2593 144 2 326 325
K 0 0 43
A D 2 32 0
A P 1 214 0
H 326 B -57 4 108 2 22 33
H 325 S 0 0 0 0 0 0 0 0 0
J R 6 682 28 2 3457 144 0
K 0 0 49
A D 4 32 0
A P 1 0 0
J N 5 732 14 2 5185 288 2 327 328
K 0 0 43
A D 2 32 0
A P 1 209 0
J N 5 757 21 2 6049 144 2 328 327
K 0 0 43
A D 2 32 0
A P 1 203 0
H 328 B -57 4 108 2 22 33
H 327 S 0 0 0 0 0 0 0 0 0
J B 255 787 1 82 6913 144 0
J R 6 808 28 2 1 0 0
K 0 0 49
A D 4 32 0
A P 1 0 0
J N 5 858 21 2 1729 288 2 329 330
K 0 0 43
A D 2 32 0
A P 1 203 0
J N 5 883 28 2 2593 144 2 330 329
K 0 0 43
A D 2 32 0
A P 1 197 0
H 330 B -50 4 108 2 22 33
H 329 S 0 0 0 0 0 0 0 0 0
J R 6 908 28 2 3457 144 0
K 0 0 49
A D 4 32 0
A P 1 0 0
J N 5 958 28 2 5185 288 2 331 332
K 0 0 43
A D 2 32 0
A P 1 197 0
J N 5 983 35 2 6049 144 2 332 331
K 0 0 43
A D 2 32 0
A P 1 192 0
H 332 B 47 4 108 2 22 33
H 331 S 12 0 0 0 0 0 0 0 0
J B 256 1013 1 82 6913 144 0
J N 7 1037 14 11 1 0 0
K -15 0 65
K -14 42 64
K 0 0 43
K 0 42 43
K 0 77 110
K 17 77 110
K 0 42 59
K 0 28 59
K 0 0 59
K 0 -14 59
A D 8 32 0
A P 1 208 0
A P 1 175 0
J D 0 1085 0 1 3457 576 0
W 0 -18 35 sul G
J N 5 1085 56 4 3457 0 2 333 334
K 0 0 43
K 0 53 111
K 12 53 110
A D 2 32 0
A P 1 175 0
J N 5 1129 63 3 4321 144 1 334
K -18 0 63
K 0 0 43
A D 2 32 0
A P 1 170 0
J N 5 1154 56 2 5185 144 1 334
K 0 0 43
A D 2 32 0
A P 1 175 0
J N 5 1179 42 2 6049 144 2 334 333
K 0 0 43
A D 2 32 0
A P 1 186 0
H 334 B 57 -1 108 4 22 11 11 33
H 333 S 12 0 7 0 0 0 0 0 0
J B 257 1209 1 82 6913 144 0
J R 7 1233 28 2 1 0 0
K 0 0 48
A D 8 32 0
A P 1 0 0
J N 5 1285 56 5 3457 576 2 335 336
K -14 0 64
K 0 0 43
K 0 53 111
K 12 53 110
A D 2 32 0
A P 1 175 0
J N 5 1329 63 3 4321 144 1 336
K -18 0 63
K 0 0 43
A D 2 32 0
A P 1 170 0
J N 5 1354 56 2 5185 144 1 336
K 0 0 43
A D 2 32 0
A P 1 175 0
J N 5 1379 42 2 6049 144 2 336 335
K 0 0 43
A D 2 32 0
A P 1 186 0
H 336 B 57 -1 108 4 22 11 11 33
H 335 S 12 0 7 0 0 0 0 0 0
J B 258 1409 1 82 6913 144 0
J R 7 1433 28 2 1 0 0
K 0 0 48
A D 8 32 0
A P 1 0 0
J N 5 1485 56 5 3457 576 2 337 338
K -14 0 64
K 0 0 43
K 0 53 111
K 12 53 110
A D 2 32 0
A P 1 175 0
J N 5 1529 63 3 4321 144 1 338
K -18 0 63
K 0 0 43
A D 2 32 0
A P 1 170 0
J N 5 1555 56 2 5185 144 1 338
K 0 0 43
A D 2 32 0
A P 1 175 0
J N 5 1581 42 2 6049 144 2 338 337
K 0 0 43
A D 2 32 0
A P 1 186 0
H 338 B 57 -1 108 4 22 11 11 33
H 337 S 12 0 7 0 0 0 0 0 0
J B 259 1611 1 82 6913 144 0
J R 7 1635 28 2 1 0 0
K 0 0 48
A D 8 32 0
A P 1 0 0
J N 5 1687 56 5 3457 576 2 339 340
K -14 0 64
K 0 0 43
K 0 53 111
K 12 53 110
A D 2 32 0
A P 1 175 0
J N 5 1731 63 3 4321 144 1 340
K -18 0 63
K 0 0 43
A D 2 32 0
A P 1 170 0
J N 5 1757 56 2 5185 144 1 340
K 0 0 43
A D 2 32 0
A P 1 175 0
J N 5 1783 42 2 6049 144 2 340 339
K 0 0 43
A D 2 32 0
A P 1 186 0
H 340 B 57 -1 108 4 22 11 11 33
H 339 S 12 0 7 0 0 0 0 0 0
J B 260 1813 1 82 6913 144 0
J R 7 1838 28 2 1 0 0
K 0 0 48
A D 8 32 0
A P 1 0 0
J N 7 1942 -7 5 3457 576 1 341
K 0 0 43
K 0 86 108
K 0 0 60
K 0 21 60
A D 8 32 1
A P 1 226 1
J B 261 2050 1 82 6913 576 0
J M 0 2050 0 0 6913 0 1 341
H 341 T -7 0 0 0 0 0 1 0
E *
L 1120 0 0 326 326 * 0 14 0
J D 0 -119 42 1 6913 0 0
W 0 0 31 Vln 2
J C 4 5 42 2 6913 0 0
K 0 0 33
K 0 0 34
J K -2 57 0 2 6913 0 0
K 0 28 65
K 13 7 65
J D 0 -27 -14 1 6913 0 0
W 0 0 0 \02\05\02
J N 5 130 56 4 1 0 1 238
K -15 0 65
K 0 0 43
K 0 30 108
A D 2 32 0
A P 1 174 0
J N 5 155 56 2 865 144 1 238
K 0 0 43
A D 2 32 0
A P 1 174 0
J N 5 180 49 2 1729 144 1 238
K 0 0 43
A D 2 32 0
A P 1 180 0
J N 5 205 49 2 2593 144 1 238
K 0 0 43
A D 2 32 0
A P 1 180 0
H 238 B 57 0 108 4 22 11 11 33
J N 5 230 56 2 3457 144 1 239
K 0 0 43
A D 2 32 0
A P 1 174 0
J N 5 255 56 2 4321 144 1 239
K 0 0 43
A D 2 32 0
A P 1 174 0
J N 5 280 49 2 5185 144 1 239
K 0 0 43
A D 2 32 0
A P 1 180 0
J N 5 305 49 2 6049 144 1 239
K 0 0 43
A D 2 32 0
A P 1 180 0
H 239 B 57 0 108 4 22 11 11 33
J B 253 335 1 82 6913 144 0
J N 5 356 56 2 1 0 1 240
K 0 0 43
A D 2 32 0
A P 1 174 0
J N 5 381 56 2 865 144 1 240
K 0 0 43
A D 2 32 0
A P 1 174 0
J N 5 406 49 2 1729 144 1 240
K 0 0 43
A D 2 32 0
A P 1 180 0
J N 5 431 49 2 2593 144 1 240
K 0 0 43
A D 2 32 0
A P 1 180 0
H 240 B 57 0 108 4 22 11 11 33
J N 5 456 63 2 3457 144 1 241
K 0 0 43
A D 2 32 0
A P 1 169 0
J N 5 481 63 2 4321 144 1 241
K 0 0 43
A D 2 32 0
A P 1 169 0
J N 5 506 49 2 5185 144 1 241
K 0 0 43
A D 2 32 0
A P 1 180 0
J N 5 531 49 2 6049 144 1 241
K 0 0 43
A D 2 32 0
A P 1 180 0
H 241 B 64 -1 108 4 22 11 11 33
J B 254 561 1 82 6913 144 0
J N 5 582 56 2 1 0 1 242
K 0 0 43
A D 2 32 0
A P 1 174 0
J N 5 607 56 2 865 144 1 242
K 0 0 43
A D 2 32 0
A P 1 174 0
J N 5 632 42 2 1729 144 1 242
K 0 0 43
A D 2 32 0
A P 1 186 0
J N 5 657 42 2 2593 144 1 242
K 0 0 43
A D 2 32 0
A P 1 186 0
H 242 B 57 -1 108 4 22 11 11 33
J N 5 682 70 5 3457 144 1 243
K 1 0 45
K 0 0 43
K -1 0 45
K 2 0 45
A D 2 32 0
A P 1 163 0
J N 5 707 70 5 4321 144 1 243
K 1 0 45
K 0 0 43
K -1 0 45
K 2 0 45
A D 2 32 0
A P 1 163 0
J N 5 732 42 2 5185 144 1 243
K 0 0 43
A D 2 32 0
A P 1 186 0
J N 5 757 42 2 6049 144 1 243
K 0 0 43
A D 2 32 0
A P 1 186 0
H 243 B 70 -2 108 4 22 11 11 33
J B 255 787 1 82 6913 144 0
J N 5 808 63 2 1 0 1 244
K 0 0 43
A D 2 32 0
A P 1 169 0
J N 5 833 63 2 865 144 1 244
K 0 0 43
A D 2 32 0
A P 1 169 0
J N 5 858 49 2 1729 144 1 244
K 0 0 43
A D 2 32 0
A P 1 180 0
J N 5 883 49 2 2593 144 1 244
K 0 0 43
A D 2 32 0
A P 1 180 0
H 244 B 64 -1 108 4 22 11 11 33
J N 5 908 56 2 3457 144 1 245
K 0 0 43
A D 2 32 0
A P 1 174 0
J N 5 933 56 2 4321 144 1 245
K 0 0 43
A D 2 32 0
A P 1 174 0
J N 5 958 49 2 5185 144 1 245
K 0 0 43
A D 2 32 0
A P 1 180 0
J N 5 983 49 2 6049 144 1 245
K 0 0 43
A D 2 32 0
A P 1 180 0
H 245 B 57 0 108 4 22 11 11 33
J B 256 1013 1 82 6913 144 0
J N 8 1037 14 11 1 0 0
K -15 0 65
K -14 42 64
K 0 0 42
K 0 42 42
K 0 77 110
K 17 77 110
K 0 42 59
K 0 28 59
K 0 0 59
K 0 -14 59
A D 16 32 0
A P 1 208 0
A P 1 175 0
J B 257 1209 1 82 6913 1152 0
J N 8 1233 14 11 1 0 0
K -15 0 65
K -14 42 64
K 0 0 42
K 0 42 42
K 0 77 111
K 12 77 110
K 0 42 59
K 0 28 59
K 0 0 59
K 0 -14 59
A D 16 32 0
A P 1 208 0
A P 1 175 0
J B 258 1409 1 82 6913 1152 0
J N 8 1433 14 11 1 0 0
K -15 0 65
K -14 42 64
K 0 0 42
K 0 42 42
K 0 77 111
K 12 77 110
K 0 42 59
K 0 28 59
K 0 0 59
K 0 -14 59
A D 16 32 0
A P 1 208 0
A P 1 175 0
J B 259 1611 1 82 6913 1152 0
J N 8 1635 14 11 1 0 0
K -15 0 65
K -14 42 64
K 0 0 42
K 0 42 42
K 0 77 111
K 12 77 110
K 0 42 59
K 0 28 59
K 0 0 59
K 0 -14 59
A D 16 32 0
A P 1 208 0
A P 1 175 0
J B 260 1813 1 82 6913 1152 0
J N 5 1838 49 3 1 0 1 246
K 0 0 43
K 0 32 108
A D 2 32 0
A P 1 180 0
J N 5 1864 49 2 865 144 1 246
K 0 0 43
A D 2 32 0
A P 1 180 0
J N 5 1890 42 2 1729 144 1 246
K 0 0 43
A D 2 32 0
A P 1 186 0
J N 5 1916 42 2 2593 144 1 246
K 0 0 43
A D 2 32 0
A P 1 186 0
H 246 B 53 0 108 4 22 11 11 33
J N 5 1942 49 2 3457 144 1 247
K 0 0 43
A D 2 32 0
A P 1 180 0
J N 5 1968 49 2 4321 144 1 247
K 0 0 43
A D 2 32 0
A P 1 180 0
J N 5 1994 42 2 5185 144 1 247
K 0 0 43
A D 2 32 0
A P 1 186 0
J N 5 2020 42 2 6049 144 1 247
K 0 0 43
A D 2 32 0
A P 1 186 0
H 247 B 53 0 108 4 22 11 11 33
J B 261 2050 1 82 6913 144 0
E *
L 1252 0 0 326 326 * 0 14 0
J D 0 -86 42 1 6913 0 0
W 0 0 31 Vla
J C 13 5 28 35 6913 0 0
J K -2 57 0 2 6913 0 0
K 0 35 65
K 13 14 65
J D 0 -27 -14 1 6913 0 0
W 0 0 0 \02\05\02
J N 5 130 28 3 1 0 1 216
K 0 0 43
K 0 71 108
A D 2 32 0
A P 1 163 0
J N 5 155 28 2 865 144 1 216
K 0 0 43
A D 2 32 0
A P 1 163 0
J N 5 180 14 2 1729 144 1 216
K 0 0 43
A D 2 32 0
A P 1 174 0
J N 5 205 14 2 2593 144 1 216
K 0 0 43
A D 2 32 0
A P 1 174 0
H 216 B -46 -1 108 4 22 11 11 33
J N 5 230 28 2 3457 144 1 217
K 0 0 43
A D 2 32 0
A P 1 163 0
J N 5 255 28 2 4321 144 1 217
K 0 0 43
A D 2 32 0
A P 1 163 0
J N 5 280 14 2 5185 144 1 217
K 0 0 43
A D 2 32 0
A P 1 174 0
J N 5 305 14 2 6049 144 1 217
K 0 0 43
A D 2 32 0
A P 1 174 0
H 217 B -46 -1 108 4 22 11 11 33
J B 253 335 1 82 6913 144 0
J N 5 356 28 2 1 0 1 218
K 0 0 43
A D 2 32 0
A P 1 163 0
J N 5 381 28 2 865 144 1 218
K 0 0 43
A D 2 32 0
A P 1 163 0
J N 5 406 14 2 1729 144 1 218
K 0 0 43
A D 2 32 0
A P 1 174 0
J N 5 431 14 2 2593 144 1 218
K 0 0 43
A D 2 32 0
A P 1 174 0
H 218 B -46 -1 108 4 22 11 11 33
J N 5 456 35 2 3457 144 1 219
K 0 0 43
A D 2 32 0
A P 1 157 0
J N 5 481 35 2 4321 144 1 219
K 0 0 43
A D 2 32 0
A P 1 157 0
J N 5 506 21 2 5185 144 1 219
K 0 0 43
A D 2 32 0
A P 1 169 0
J N 5 531 21 2 6049 144 1 219
K 0 0 43
A D 2 32 0
A P 1 169 0
H 219 B -53 -1 108 4 22 11 11 33
J B 254 561 1 82 6913 144 0
J N 5 582 35 2 1 0 1 220
K 0 0 43
A D 2 32 0
A P 1 157 0
J N 5 607 35 2 865 144 1 220
K 0 0 43
A D 2 32 0
A P 1 157 0
J N 5 632 14 2 1729 144 1 220
K 0 0 43
A D 2 32 0
A P 1 174 0
J N 5 657 14 2 2593 144 1 220
K 0 0 43
A D 2 32 0
A P 1 174 0
H 220 B -42 -2 108 4 22 11 11 33
J N 5 682 35 2 3457 144 1 221
K 0 0 43
A D 2 32 0
A P 1 157 0
J N 5 707 35 2 4321 144 1 221
K 0 0 43
A D 2 32 0
A P 1 157 0
J N 5 732 28 2 5185 144 1 221
K 0 0 43
A D 2 32 0
A P 1 163 0
J N 5 757 28 2 6049 144 1 221
K 0 0 43
A D 2 32 0
A P 1 163 0
H 221 B 52 0 108 4 22 11 11 33
J B 255 787 1 82 6913 144 0
J N 5 808 35 2 1 0 1 222
K 0 0 43
A D 2 32 0
A P 1 157 0
J N 5 833 35 2 865 144 1 222
K 0 0 43
A D 2 32 0
A P 1 157 0
J N 5 858 21 2 1729 144 1 222
K 0 0 43
A D 2 32 0
A P 1 169 0
J N 5 883 21 2 2593 144 1 222
K 0 0 43
A D 2 32 0
A P 1 169 0
H 222 B -53 -1 108 4 22 11 11 33
J N 5 908 28 2 3457 144 1 223
K 0 0 43
A D 2 32 0
A P 1 163 0
J N 5 933 28 2 4321 144 1 223
K 0 0 43
A D 2 32 0
A P 1 163 0
J N 5 958 14 2 5185 144 1 223
K 0 0 43
A D 2 32 0
A P 1 174 0
J N 5 983 14 2 6049 144 1 223
K 0 0 43
A D 2 32 0
A P 1 174 0
H 223 B -46 -1 108 4 22 11 11 33
J B 256 1013 1 82 6913 144 0
J N 8 1037 21 9 1 0 0
K -15 0 65
K 0 0 42
K 0 14 42
K 0 63 110
K 17 63 110
K 0 14 59
K 0 0 59
K 0 -14 59
A D 16 32 0
A P 1 168 0
A P 1 157 0
J B 257 1209 1 82 6913 1152 0
J N 8 1233 21 9 1 0 0
K -15 0 65
K 0 0 42
K 0 14 42
K 0 63 111
K 12 63 110
K 0 14 59
K 0 0 59
K 0 -14 59
A D 16 32 0
A P 1 168 0
A P 1 157 0
J B 258 1409 1 82 6913 1152 0
J N 8 1433 21 9 1 0 0
K -15 0 65
K 0 0 42
K 0 14 42
K 0 63 111
K 12 63 110
K 0 14 59
K 0 0 59
K 0 -14 59
A D 16 32 0
A P 1 168 0
A P 1 157 0
J B 259 1611 1 82 6913 1152 0
J N 8 1635 21 9 1 0 0
K -15 0 65
K 0 0 42
K 0 14 42
K 0 63 111
K 12 63 110
K 0 14 59
K 0 0 59
K 0 -14 59
A D 16 32 0
A P 1 168 0
A P 1 157 0
J B 260 1813 1 82 6913 1152 0
J N 5 1838 21 4 1 0 1 224
K -14 0 64
K 0 0 43
K 0 74 108
A D 2 32 0
A P 1 169 0
J N 5 1864 21 2 865 144 1 224
K 0 0 43
A D 2 32 0
A P 1 169 0
J N 5 1890 7 2 1729 144 1 224
K 0 0 43
A D 2 32 0
A P 1 180 0
J N 5 1916 7 2 2593 144 1 224
K 0 0 43
A D 2 32 0
A P 1 180 0
H 224 B -53 -1 108 4 22 11 11 33
J N 5 1942 21 2 3457 144 1 225
K 0 0 43
A D 2 32 0
A P 1 169 0
J N 5 1968 21 2 4321 144 1 225
K 0 0 43
A D 2 32 0
A P 1 169 0
J N 5 1994 7 2 5185 144 1 225
K 0 0 43
A D 2 32 0
A P 1 180 0
J N 5 2020 7 2 6049 144 1 225
K 0 0 43
A D 2 32 0
A P 1 180 0
H 225 B -53 -1 108 4 22 11 11 33
J B 261 2050 1 82 6913 144 0
E *
L 1387 0 0 326 326 * 0 14 0
J D 0 -83 42 1 6913 0 0
W 0 0 31 Vc
J C 22 5 14 36 6913 0 0
J K -2 57 0 2 6913 0 0
K 0 42 65
K 13 21 65
J D 0 -27 -14 1 6913 0 0
W 0 0 0 \02\05\02
J N 6 130 0 3 1 0 1 194
K 0 0 43
K 0 81 108
A D 4 32 0
A P 1 152 0
J N 6 180 0 2 1729 288 1 194
K 0 0 43
A D 4 32 0
A P 1 152 0
J N 6 230 0 2 3457 288 1 194
K 0 0 43
A D 4 32 0
A P 1 152 0
J N 6 280 0 2 5185 288 1 194
K 0 0 43
A D 4 32 0
A P 1 152 0
H 194 B -46 0 108 4 2 1 1 3
J B 253 335 1 82 6913 288 0
J N 6 356 0 2 1 0 1 195
K 0 0 43
A D 4 32 0
A P 1 152 0
J N 6 406 0 2 1729 288 1 195
K 0 0 43
A D 4 32 0
A P 1 152 0
J N 6 456 -7 2 3457 288 1 195
K 0 0 43
A D 4 32 0
A P 1 157 0
J N 6 506 -7 2 5185 288 1 195
K 0 0 43
A D 4 32 0
A P 1 157 0
H 195 B -46 0 108 4 2 1 1 3
J B 254 561 1 82 6913 288 0
J N 6 582 7 2 1 0 1 196
K 0 0 43
A D 4 32 0
A P 1 146 0
J N 6 632 7 2 1729 288 1 196
K 0 0 43
A D 4 32 0
A P 1 146 0
J N 6 682 21 2 3457 288 1 196
K 0 0 43
A D 4 32 0
A P 1 134 0
J N 6 732 21 2 5185 288 1 196
K 0 0 43
A D 4 32 0
A P 1 134 0
H 196 B -56 0 108 4 2 1 1 3
J B 255 787 1 82 6913 288 0
J N 6 808 14 2 1 0 1 197
K 0 0 43
A D 4 32 0
A P 1 140 0
J N 6 858 14 2 1729 288 1 197
K 0 0 43
A D 4 32 0
A P 1 140 0
J N 6 908 14 2 3457 288 1 197
K 0 0 43
A D 4 32 0
A P 1 140 0
J N 6 958 14 2 5185 288 1 197
K 0 0 43
A D 4 32 0
A P 1 140 0
H 197 B -46 0 108 4 2 1 1 3
J B 256 1013 1 82 6913 288 0
J N 8 1037 42 6 1 0 0
K 0 0 42
K 0 44 110
K 17 44 110
K 0 0 59
K 0 -21 59
A D 16 32 0
A P 1 117 0
J B 257 1209 1 82 6913 1152 0
J N 8 1233 42 6 1 0 0
K 0 0 42
K 0 44 111
K 12 44 110
K 0 0 59
K 0 -21 59
A D 16 32 0
A P 1 117 0
J B 258 1409 1 82 6913 1152 0
J N 8 1433 42 6 1 0 0
K 0 0 42
K 0 44 111
K 12 44 110
K 0 0 59
K 0 -21 59
A D 16 32 0
A P 1 117 0
J B 259 1611 1 82 6913 1152 0
J N 8 1635 42 6 1 0 0
K 0 0 42
K 0 44 111
K 12 44 110
K 0 0 59
K 0 -21 59
A D 16 32 0
A P 1 117 0
J B 260 1813 1 82 6913 1152 0
J N 6 1838 -7 4 1 0 1 198
K -14 0 64
K 0 0 43
K 0 86 108
A D 4 32 0
A P 1 158 0
J N 6 1890 -7 2 1729 288 1 198
K 0 0 43
A D 4 32 0
A P 1 158 0
J N 6 1942 -7 2 3457 288 1 198
K 0 0 43
A D 4 32 0
A P 1 158 0
J N 6 1994 -7 2 5185 288 1 198
K 0 0 43
A D 4 32 0
A P 1 158 0
H 198 B -49 0 108 4 2 1 1 3
J B 261 2050 1 82 6913 288 0
E *
L 1517 0 0 326 326 * 0 14 0
J D 0 -83 42 1 6913 0 0
W 0 0 31 Cb
J C 22 5 14 36 6913 0 0
J K -2 57 0 2 6913 0 0
K 0 42 65
K 13 21 65
J D 0 -27 -14 1 6913 0 0
W 0 0 0 \02\05\02
J R 9 206 28 2 1 0 0
K 0 0 46
A D 16 32 0
A P 1 0 0
J B 253 335 1 82 6913 1152 0
J R 9 434 28 2 1 0 0
K 0 0 46
A D 16 32 0
A P 1 0 0
J B 254 561 1 82 6913 1152 0
J R 9 660 28 2 1 0 0
K 0 0 46
A D 16 32 0
A P 1 0 0
J B 255 787 1 82 6913 1152 0
J R 9 886 28 2 1 0 0
K 0 0 46
A D 16 32 0
A P 1 0 0
J B 256 1013 1 82 6913 1152 0
J N 8 1037 42 6 1 0 0
K 0 0 42
K 0 44 110
K 17 44 110
K 0 0 59
K 0 -21 59
A D 16 32 0
A P 1 117 0
J B 257 1209 1 82 6913 1152 0
J N 8 1233 42 6 1 0 0
K 0 0 42
K 0 44 111
K 12 44 110
K 0 0 59
K 0 -21 59
A D 16 32 0
A P 1 117 0
J B 258 1409 1 82 6913 1152 0
J N 8 1433 42 6 1 0 0
K 0 0 42
K 0 44 111
K 12 44 110
K 0 0 59
K 0 -21 59
A D 16 32 0
A P 1 117 0
J B 259 1611 1 82 6913 1152 0
J N 8 1635 42 6 1 0 0
K 0 0 42
K 0 44 111
K 12 44 110
K 0 0 59
K 0 -21 59
A D 16 32 0
A P 1 117 0
J B 260 1813 1 82 6913 1152 0
J R 9 1917 28 2 1 0 0
K 0 0 46
A D 16 32 0
A P 1 0 0
J B 261 2050 1 82 6913 1152 0
E *
B 1 335 0
B 1 561 0
B 1 787 0
B 1 1013 0
B 1 1209 0
B 1 1409 0
B 1 1611 0
B 1 1813 0
B 1 2050 0
