S 0 200 140 2050 1288 10 "[(....)](.)[({..}.{..})]"
L 0 0 0 326 326 * 0 14 0
J D 0 -108 42 1 6913 0 0
W 0 0 31 Fl 1-2
J C 4 5 42 2 6913 0 0
K 0 0 33
K 0 0 34
J K -2 57 0 2 6913 0 0
K 0 28 65
K 13 7 65
J D 0 -27 -14 1 6913 0 0
W 0 0 37 \01\01\07
J S 0 126 91 2 1 0 1 166
K 0 0 111
K 12 0 110
J N 7 126 -21 14 1 0 2 167 168
K 0 7 45
K 0 -7 45
K 0 -14 43
K 0 -7 45
K 1 -7 45
K 25 -14 44
K 0 0 43
K 0 7 45
K 1 7 45
K 25 0 44
K 0 -14 60
K 0 0 60
K 0 21 60
A D 6 16 1
A P 1 249 1
A P 2 237 1
J M 0 281 0 0 1729 864 1 166
H 166 W 21 0 38 91 14 91
J N 6 282 -21 12 1729 0 2 167 168
K 0 7 45
K 0 -7 45
K 0 -14 43
K 0 -7 45
K 1 -7 45
K 0 0 43
K 0 7 45
K 1 7 45
K 0 -14 60
K 0 0 60
K 0 0 54
A D 2 16 0
A P 1 249 0
A P 2 237 0
H 167 T -35 0 0 0 0 0 1 0
H 168 T -21 0 0 0 0 0 11 0
J R 6 323 28 2 2305 288 0
K 0 0 49
A D 2 16 1
A P 1 0 1
J R 6 361 28 2 2881 288 0
K 0 0 49
A D 2 16 1
A P 1 0 1
J R 8 399 28 3 3457 288 0
K 0 0 47
K 31 -7 44
A D 12 16 0
A P 1 0 0
J B 118 640 1 82 6913 1728 0
J R 7 661 28 2 1 0 0
K 0 0 48
A D 4 16 1
A P 1 0 1
J R 6 747 28 2 1153 576 0
K 0 0 49
A D 2 16 0
A P 1 0 0
J D 0 764 0 1 1729 288 0
W 0 -14 32 1.
J N 6 785 49 4 1729 0 1 169
K 0 0 43
K 0 17 96
K 0 43 108
A D 2 16 0
A P 1 180 0
J N 6 823 28 3 2305 288 1 169
K 0 0 43
K 0 21 96
A D 2 16 0
A P 1 197 0
J N 6 861 14 3 2881 288 1 169
K 0 0 43
K 0 21 96
A D 2 16 0
A P 1 209 0
H 169 B 56 -8 108 3 2 1 3
J N 6 899 0 3 3457 288 1 170
K 0 0 43
K 0 -17 96
A D 2 16 0
A P 1 220 0
J N 6 937 -21 6 4033 288 1 170
K 0 7 45
K 0 0 43
K 0 7 45
K 1 7 45
K 0 -17 96
A D 2 16 0
A P 1 237 0
J N 6 975 -35 7 4609 288 1 170
K 0 21 45
K 0 7 45
K 0 0 43
K 0 7 45
K 1 7 45
K 0 -17 96
A D 2 16 0
A P 1 249 0
H 170 B -47 -7 108 3 2 1 3
J N 6 1013 -49 10 5185 288 0
K 0 35 45
K 0 21 45
K 0 7 45
K 0 0 43
K 0 7 45
K 1 7 45
K 0 0 60
K 0 28 60
K 0 28 54
A D 2 16 0
A P 1 260 0
J R 6 1053 28 2 5761 288 0
K 0 0 49
A D 2 16 0
A P 1 0 0
J N 6 1091 -28 8 6337 288 0
K 0 14 45
K 0 0 45
K 0 0 43
K -1 0 45
K 2 0 45
K 0 0 60
K 0 7 54
A D 2 16 0
A P 1 243 0
J B 119 1136 1 82 6913 288 0
J N 7 1166 -28 8 1 0 0
K 0 14 45
K 0 0 45
K 0 0 43
K -1 0 45
K 2 0 45
K 0 0 60
K 0 28 60
A D 4 16 0
A P 1 243 0
J R 6 1217 28 2 1153 576 0
K 0 0 49
A D 2 16 1
A P 1 0 1
J R 7 1255 28 2 1729 288 0
K 0 0 48
A D 4 16 1
A P 1 0 1
J R 6 1306 28 2 2881 576 0
K 0 0 49
A D 2 16 0
A P 1 0 0
J N 7 1365 -28 8 3457 288 0
K 0 14 45
K 0 0 45
K 0 0 43
K -1 0 45
K 2 0 45
K 0 0 60
K 0 28 60
A D 4 16 0
A P 1 243 0
J R 6 1440 28 2 4609 576 0
K 0 0 49
A D 2 16 1
A P 1 0 1
J R 7 1477 28 2 5185 288 0
K 0 0 48
A D 4 16 1
A P 1 0 1
J R 6 1551 28 2 6337 576 0
K 0 0 49
A D 2 16 0
A P 1 0 0
J B 120 1591 1 82 6913 288 0
J N 7 1612 -21 7 1 0 0
K 0 7 45
K 0 0 43
K 0 7 45
K 1 7 45
K 0 0 60
K 0 21 60
A D 4 16 0
A P 1 237 0
J R 6 1662 28 2 1153 576 0
K 0 0 49
A D 2 16 1
A P 1 0 1
J R 7 1699 28 2 1729 288 0
K 0 0 48
A D 4 16 1
A P 1 0 1
J R 6 1773 28 2 2881 576 0
K 0 0 49
A D 2 16 1
A P 1 0 1
J R 8 1825 28 3 3457 288 0
K 0 0 47
K 31 -7 44
A D 12 16 0
A P 1 0 0
J B 121 2050 1 82 6913 1728 0
E *
L 132 0 0 326 326 * 0 14 0
J D 0 -119 42 1 6913 0 0
W 0 0 31 Ob 1-2
J C 4 5 42 2 6913 0 0
K 0 0 33
K 0 0 34
J K -2 57 0 2 6913 0 0
K 0 28 65
K 13 7 65
J D 0 -27 -14 1 6913 0 0
W 0 0 0 \01\01\07
J S 0 126 91 2 1 0 1 140
K 0 0 111
K 12 0 110
J N 7 126 14 12 1 0 2 141 142
K 0 -28 45
K 0 -35 43
K 0 -28 45
K 1 -28 45
K 25 -35 44
K 0 0 43
K 24 -6 44
K 0 -35 60
K 0 -28 60
K 0 0 60
K 0 21 60
A D 12 32 1
A P 1 237 1
A P 2 209 1
J N 6 282 14 9 1729 864 3 141 142 140
K 0 -28 45
K 0 -35 43
K 0 -28 45
K 1 -28 45
K 0 0 43
K 0 -35 60
K 0 -28 60
K 0 0 54
A D 4 32 0
A P 1 237 0
A P 2 209 0
H 140 W 21 0 38 91 14 91
H 141 T -21 0 0 0 0 0 1 0
H 142 T 14 0 0 0 0 0 15 0
J R 6 323 28 2 2305 288 0
K 0 0 49
A D 4 32 1
A P 1 0 1
J R 6 361 28 2 2881 288 0
K 0 0 49
A D 4 32 1
A P 1 0 1
J R 8 399 28 3 3457 288 0
K 0 0 47
K 31 -7 44
A D 24 32 0
A P 1 0 0
J B 118 640 1 82 6913 1728 0
J R 8 661 28 3 1 0 0
K 0 0 47
K 31 -7 44
A D 24 32 1
A P 1 0 1
J R 7 899 28 2 3457 1728 0
K 0 0 48
A D 8 32 1
A P 1 0 1
J R 6 975 28 2 4609 576 0
K 0 0 49
A D 4 32 1
A P 1 0 1
J R 7 1013 28 2 5185 288 0
K 0 0 48
A D 8 32 0
A P 1 0 0
J N 6 1091 28 7 6337 576 0
K 0 -35 43
K 0 0 43
K 0 67 108
K 0 -35 60
K 0 -28 60
K 0 0 54
A D 4 32 0
A P 1 226 0
A P 2 197 0
J B 119 1136 1 82 6913 288 0
J N 7 1166 28 6 1 0 0
K 0 -21 43
K 0 0 43
K 0 -21 60
K 0 0 60
K 0 21 60
A D 8 32 0
A P 1 214 0
A P 2 197 0
J R 6 1217 28 2 1153 576 0
K 0 0 49
A D 4 32 1
A P 1 0 1
J R 7 1255 28 2 1729 288 0
K 0 0 48
A D 8 32 1
A P 1 0 1
J R 6 1306 28 2 2881 576 0
K 0 0 49
A D 4 32 0
A P 1 0 0
J N 7 1365 35 6 3457 288 0
K 0 -28 43
K 0 0 43
K 0 -28 60
K 0 0 60
K 0 14 60
A D 8 32 0
A P 1 214 0
A P 2 192 0
J R 6 1440 28 2 4609 576 0
K 0 0 49
A D 4 32 1
A P 1 0 1
J R 7 1477 28 2 5185 288 0
K 0 0 48
A D 8 32 1
A P 1 0 1
J R 6 1551 28 2 6337 576 0
K 0 0 49
A D 4 32 0
A P 1 0 0
J B 120 1591 1 82 6913 288 0
J N 7 1612 14 7 1 0 0
K 0 0 43
K 0 35 43
K 0 35 59
K 0 28 59
K 0 0 59
K 0 -14 59
A D 8 32 0
A P 1 209 0
A P 2 180 0
J R 6 1662 28 2 1153 576 0
K 0 0 49
A D 4 32 1
A P 1 0 1
J R 7 1699 28 2 1729 288 0
K 0 0 48
A D 8 32 1
A P 1 0 1
J R 6 1773 28 2 2881 576 0
K 0 0 49
A D 4 32 1
A P 1 0 1
J R 8 1825 28 3 3457 288 0
K 0 0 47
K 31 -7 44
A D 24 32 0
A P 1 0 0
J B 121 2050 1 82 6913 1728 0
E *
L 264 0 0 326 326 * 0 14 0
J D 0 -110 42 1 6913 0 0
W 0 -21 31 Cl 1-2
J D 0 -110 42 1 6913 0 0
W 0 21 31 (B\0.)
J C 4 5 42 2 6913 0 0
K 0 0 33
K 0 0 34
J K 0 57 0 0 6913 0 0
J D 0 -27 -14 1 6913 0 0
W 0 0 0 \01\01\07
J S 0 126 95 2 1 0 1 261
K 0 0 111
K 12 0 110
J N 7 126 7 8 1 0 2 262 263
K 0 -14 43
K 25 -14 44
K 0 0 43
K 25 0 44
K 0 -14 60
K 0 0 60
K 0 21 60
A D 6 16 1
A P 1 226 1
A P 2 215 1
J M 0 281 0 0 1729 864 1 261
H 261 W 21 0 38 95 14 95
J N 6 282 7 5 1729 0 2 262 263
K 0 -14 43
K 0 0 43
K 0 -14 60
K 0 0 54
A D 2 16 0
A P 1 226 0
A P 2 215 0
H 262 T -7 0 0 0 0 0 1 0
H 263 T 7 0 0 0 0 0 11 0
J R 6 323 28 2 2305 288 0
K 0 0 49
A D 2 16 1
A P 1 0 1
J R 6 361 28 2 2881 288 0
K 0 0 49
A D 2 16 1
A P 1 0 1
J R 8 399 28 3 3457 288 0
K 0 0 47
K 31 -7 44
A D 12 16 0
A P 1 0 0
J B 118 640 1 82 6913 1728 0
J R 8 661 28 3 1 0 0
K 0 0 47
K 30 -6 44
A D 12 16 0
A P 1 0 0
J N 6 899 42 4 3457 1728 1 264
K 0 0 43
K 7 -67 96
K -11 -77 108
A D 2 16 0
A P 1 186 0
J R 7 899 77 2 3457 0 0
K 0 0 48
A D 4 16 1
A P 2 0 1
J N 6 937 21 3 4033 288 1 264
K 0 0 43
K 7 -55 96
A D 2 16 0
A P 1 203 0
J N 6 975 7 3 4609 288 1 264
K 0 0 43
K 7 -51 96
A D 2 16 0
A P 1 215 0
H 264 B 56 -8 108 3 2 1 3
J R 6 975 70 2 4609 0 0
K 0 0 49
A D 2 16 1
A P 2 0 1
J N 6 1013 -7 4 5185 288 0
K 0 0 43
K 7 -52 96
K 0 0 51
A D 2 16 0
A P 1 226 0
J R 6 1013 70 2 5185 0 0
K 0 0 49
A D 2 16 1
A P 2 0 1
J R 6 1053 0 2 5761 288 0
K 0 0 49
A D 2 16 0
A P 1 0 0
J R 6 1053 70 2 5761 0 0
K 0 0 49
A D 2 16 0
A P 2 0 0
J N 6 1091 14 3 6337 288 0
K 0 0 43
K 0 0 51
A D 2 16 0
A P 1 209 0
J N 6 1104 21 4 6337 0 0
K 0 0 43
K 0 68 108
K 0 0 54
A D 2 16 0
A P 2 203 0
J B 119 1136 1 82 6913 288 0
J N 7 1166 21 6 1 0 0
K 0 -7 43
K -17 0 43
K 0 -7 60
K 0 0 60
K 0 21 60
A D 4 16 0
A P 1 209 0
A P 2 203 0
J R 6 1217 28 2 1153 576 0
K 0 0 49
A D 2 16 1
A P 1 0 1
J R 7 1255 28 2 1729 288 0
K 0 0 48
A D 4 16 1
A P 1 0 1
J R 6 1306 28 2 2881 576 0
K 0 0 49
A D 2 16 0
A P 1 0 0
J N 7 1365 28 6 3457 288 0
K 0 -14 43
K 0 0 43
K 0 -14 60
K 0 0 60
K 0 21 60
A D 4 16 0
A P 1 209 0
A P 2 198 0
J R 6 1440 28 2 4609 576 0
K 0 0 49
A D 2 16 1
A P 1 0 1
J R 7 1477 28 2 5185 288 0
K 0 0 48
A D 4 16 1
A P 1 0 1
J R 6 1551 28 2 6337 576 0
K 0 0 49
A D 2 16 0
A P 1 0 0
J B 120 1591 1 82 6913 288 0
J N 7 1612 21 7 1 0 0
K 0 0 43
K 0 35 43
K 0 35 59
K 0 28 59
K 0 0 59
K 0 -14 59
A D 4 16 0
A P 1 203 0
A P 2 175 0
J R 6 1662 28 2 1153 576 0
K 0 0 49
A D 2 16 1
A P 1 0 1
J R 7 1699 28 2 1729 288 0
K 0 0 48
A D 4 16 1
A P 1 0 1
J R 6 1773 28 2 2881 576 0
K 0 0 49
A D 2 16 1
A P 1 0 1
J R 8 1825 28 3 3457 288 0
K 0 0 47
K 31 -7 44
A D 12 16 0
A P 1 0 0
J B 121 2050 1 82 6913 1728 0
E *
L 396 0 0 326 326 * 0 14 0
J D 0 -130 42 1 6913 0 0
W 0 0 31 Fag 1-2
J C 22 5 14 36 6913 0 0
J K -2 57 0 2 6913 0 0
K 0 42 65
K 13 21 65
J D 0 -27 -14 1 6913 0 0
W 0 0 0 \01\01\07
J S 0 126 135 2 1 0 1 270
K 0 0 111
K 12 0 110
J N 7 126 -7 5 1 0 1 271
K 0 0 43
K 25 0 44
K 0 0 59
K 0 -14 59
A D 6 16 1
A P 1 157 1
J N 6 126 63 2 1 0 1 272
K 0 0 43
A D 2 16 0
A P 2 100 0
J N 6 178 63 2 577 288 1 272
K 0 0 43
A D 2 16 0
A P 2 100 0
J N 6 230 63 2 1153 288 1 272
K 0 0 43
A D 2 16 0
A P 2 100 0
H 272 B -42 0 108 3 2 1 3
J M 0 279 0 0 1729 288 1 270
H 270 W 21 0 38 135 14 135
J N 6 282 -7 2 1729 0 2 273 271
K 0 0 43
A D 2 16 0
A P 1 157 0
H 271 T -7 0 0 0 0 0 3 0
J N 6 282 63 3 1729 0 0
K 0 0 43
K 0 0 52
A D 2 16 0
A P 2 100 0
J N 6 323 14 4 2305 288 1 273
K 0 0 43
K 7 -62 96
K -7 -71 108
A D 2 16 0
A P 1 140 0
J R 6 323 70 2 2305 0 0
K 0 0 49
A D 2 16 1
A P 2 0 1
J N 6 361 28 3 2881 288 1 273
K 0 0 43
K 7 -65 96
A D 2 16 0
A P 1 129 0
H 273 B 42 8 108 3 2 1 3
J R 6 361 70 2 2881 0 0
K 0 0 49
A D 2 16 1
A P 2 0 1
J N 6 399 14 3 3457 288 1 274
K 0 0 43
K 7 -52 96
A D 2 16 0
A P 1 140 0
J R 8 399 70 3 3457 0 0
K 0 0 47
K 30 -6 44
A D 12 16 0
A P 2 0 0
J N 6 447 28 3 4033 288 1 274
K 0 0 43
K 7 -58 96
A D 2 16 0
A P 1 129 0
J N 6 485 42 3 4609 288 1 274
K 0 0 43
K 7 -64 96
A D 2 16 0
A P 1 117 0
H 274 B 42 6 108 3 2 1 3
J N 6 523 63 3 5185 288 1 275
K 0 0 43
K 7 -76 96
A D 2 16 0
A P 1 100 0
J N 6 561 42 3 5761 288 1 275
K 0 0 43
K 7 -63 96
A D 2 16 0
A P 1 117 0
J N 6 599 28 3 6337 288 1 275
K 0 0 43
K 7 -57 96
A D 2 16 0
A P 1 129 0
H 275 B 65 -7 108 3 2 1 3
J B 118 640 1 82 6913 288 0
J N 6 661 14 3 1 0 1 276
K 0 0 43
K 7 -52 96
A D 2 16 0
A P 1 140 0
J R 8 661 70 3 1 0 0
K 0 0 47
K 30 -6 44
A D 12 16 1
A P 2 0 1
J N 6 709 28 3 577 288 1 276
K 0 0 43
K 7 -58 96
A D 2 16 0
A P 1 129 0
J N 6 747 42 3 1153 288 1 276
K 0 0 43
K 7 -64 96
A D 2 16 0
A P 1 117 0
H 276 B 42 6 108 3 2 1 3
J N 6 785 63 3 1729 288 1 277
K 0 0 43
K 7 -76 96
A D 2 16 0
A P 1 100 0
J N 6 823 42 3 2305 288 1 277
K 0 0 43
K 7 -63 96
A D 2 16 0
A P 1 117 0
J N 6 861 28 3 2881 288 1 277
K 0 0 43
K 7 -57 96
A D 2 16 0
A P 1 129 0
H 277 B 65 -7 108 3 2 1 3
J N 6 899 14 3 3457 288 1 278
K 0 0 43
K 7 -67 96
A D 2 16 0
A P 1 140 0
J R 7 899 70 2 3457 0 0
K 0 0 48
A D 4 16 1
A P 2 0 1
J N 6 937 -7 3 4033 288 1 278
K 0 0 43
K 7 -55 96
A D 2 16 0
A P 1 157 0
J N 6 975 -21 6 4609 288 1 278
K 1 7 45
K 0 0 43
K 0 7 45
K 1 7 45
K 7 -51 96
A D 2 16 0
A P 1 169 0
H 278 B 56 -8 108 3 2 1 3
J R 6 975 70 2 4609 0 0
K 0 0 49
A D 2 16 1
A P 2 0 1
J N 6 1013 -35 7 5185 288 1 279
K 1 21 45
K 1 7 45
K 0 0 43
K 0 7 45
K 1 7 45
K 7 -53 96
A D 2 16 0
A P 1 180 0
J R 6 1013 70 2 5185 0 0
K 0 0 49
A D 2 16 1
A P 2 0 1
J N 6 1053 42 3 5761 288 1 279
K 0 0 43
K 7 -130 96
A D 2 16 0
A P 1 117 0
J R 6 1053 70 2 5761 0 0
K 0 0 49
A D 2 16 0
A P 2 0 0
J N 6 1091 21 3 6337 288 1 279
K 0 0 43
K 7 -109 96
A D 2 16 0
A P 1 134 0
H 279 B 42 0 108 3 2 1 3
J N 6 1091 70 7 6337 0 0
K 0 0 45
K 0 0 43
K -1 0 45
K 2 0 45
K 5 56 108
K 0 0 52
A D 2 16 0
A P 2 94 0
J B 119 1136 1 82 6913 288 0
J N 7 1166 35 6 1 0 0
K 0 0 43
K 0 28 43
K 0 28 59
K 0 0 59
K 0 -21 59
A D 4 16 0
A P 1 123 0
A P 2 100 0
J R 6 1217 28 2 1153 576 0
K 0 0 49
A D 2 16 1
A P 1 0 1
J R 7 1255 28 2 1729 288 0
K 0 0 48
A D 4 16 1
A P 1 0 1
J R 6 1306 28 2 2881 576 0
K 0 0 49
A D 2 16 0
A P 1 0 0
J N 7 1365 14 7 3457 288 0
K 0 0 43
K 0 49 43
K 0 49 59
K 0 28 59
K 0 0 59
K 0 -14 59
A D 4 16 0
A P 1 140 0
A P 2 100 0
J R 6 1440 28 2 4609 576 0
K 0 0 49
A D 2 16 1
A P 1 0 1
J R 7 1477 28 2 5185 288 0
K 0 0 48
A D 4 16 1
A P 1 0 1
J R 6 1551 28 2 6337 576 0
K 0 0 49
A D 2 16 0
A P 1 0 0
J B 120 1591 1 82 6913 288 0
J N 7 1612 42 4 1 0 0
K 0 0 43
K 0 0 59
K 0 -21 59
A D 4 16 0
A P 1 117 0
J N 7 1612 42 4 1 0 0
K 0 0 43
K 0 0 60
K 0 14 60
A D 4 16 0
A P 2 117 0
J R 6 1662 28 2 1153 576 0
K 0 0 49
A D 2 16 1
A P 1 0 1
J R 7 1699 28 2 1729 288 0
K 0 0 48
A D 4 16 1
A P 1 0 1
J R 6 1773 28 2 2881 576 0
K 0 0 49
A D 2 16 1
A P 1 0 1
J R 8 1825 28 3 3457 288 0
K 0 0 47
K 30 -6 44
A D 12 16 0
A P 1 0 0
J B 121 2050 1 82 6913 1728 0
E *
L 551 0 0 326 326 * 0 14 0
J D 0 -130 42 1 6913 0 0
W 0 -21 31 Cor 1-2
J D 0 -130 42 1 6913 0 0
W 0 21 31 (B\0.)
J C 4 5 42 2 6913 0 0
K 0 0 33
K 0 0 34
J K 0 57 0 0 6913 0 0
J D 0 -27 -14 1 6913 0 0
W 0 0 0 \01\01\07
J S 0 126 98 2 1 0 1 162
K 0 0 111
K 12 0 110
J N 6 126 21 5 1 0 1 163
K 0 0 43
K 0 35 43
K 0 35 59
K 0 28 59
A D 2 16 0
A P 1 203 0
A P 2 175 0
J N 6 178 21 5 577 288 1 163
K 0 0 43
K 0 35 43
K 0 35 59
K 0 28 59
A D 2 16 0
A P 1 203 0
A P 2 175 0
J N 6 230 21 5 1153 288 1 163
K 0 0 43
K 0 35 43
K 0 35 59
K 0 28 59
A D 2 16 0
A P 1 203 0
A P 2 175 0
H 163 B 42 0 108 3 2 1 3
J M 0 279 0 0 1729 288 1 162
H 162 W 21 0 38 98 14 98
J N 6 282 21 6 1729 0 0
K 0 0 43
K 0 35 43
K 0 35 59
K 0 28 59
K 0 0 51
A D 2 16 0
A P 1 203 0
A P 2 175 0
J R 6 323 28 2 2305 288 0
K 0 0 49
A D 2 16 1
A P 1 0 1
J R 6 361 28 2 2881 288 0
K 0 0 49
A D 2 16 1
A P 1 0 1
J R 8 399 28 3 3457 288 0
K 0 0 47
K 31 -7 44
A D 12 16 0
A P 1 0 0
J B 118 640 1 82 6913 1728 0
J R 8 661 28 3 1 0 0
K 0 0 47
K 31 -7 44
A D 12 16 1
A P 1 0 1
J R 7 899 28 2 3457 1728 0
K 0 0 48
A D 4 16 1
A P 1 0 1
J R 6 975 28 2 4609 576 0
K 0 0 49
A D 2 16 1
A P 1 0 1
J R 7 1013 28 2 5185 288 0
K 0 0 48
A D 4 16 0
A P 1 0 0
J N 6 1091 21 6 6337 576 0
K 0 -7 43
K -17 0 43
K 0 68 108
K 0 -7 60
K 0 0 54
A D 2 16 0
A P 1 209 0
A P 2 203 0
J B 119 1136 1 82 6913 288 0
J N 7 1166 21 6 1 0 0
K 0 -7 43
K -17 0 43
K 0 -7 60
K 0 0 60
K 0 21 60
A D 4 16 0
A P 1 209 0
A P 2 203 0
J R 6 1217 28 2 1153 576 0
K 0 0 49
A D 2 16 1
A P 1 0 1
J R 7 1255 28 2 1729 288 0
K 0 0 48
A D 4 16 1
A P 1 0 1
J R 6 1306 28 2 2881 576 0
K 0 0 49
A D 2 16 0
A P 1 0 0
J N 7 1365 42 6 3457 288 0
K 0 -28 43
K 0 0 43
K 0 -28 60
K 0 0 60
K 0 14 60
A D 4 16 0
A P 1 209 0
A P 2 186 0
J R 6 1440 28 2 4609 576 0
K 0 0 49
A D 2 16 1
A P 1 0 1
J R 7 1477 28 2 5185 288 0
K 0 0 48
A D 4 16 1
A P 1 0 1
J R 6 1551 28 2 6337 576 0
K 0 0 49
A D 2 16 0
A P 1 0 0
J B 120 1591 1 82 6913 288 0
J N 7 1612 21 7 1 0 0
K 0 0 43
K 0 35 43
K 0 35 59
K 0 28 59
K 0 0 59
K 0 -14 59
A D 4 16 0
A P 1 203 0
A P 2 175 0
J R 6 1662 28 2 1153 576 0
K 0 0 49
A D 2 16 1
A P 1 0 1
J R 7 1699 28 2 1729 288 0
K 0 0 48
A D 4 16 1
A P 1 0 1
J R 6 1773 28 2 2881 576 0
K 0 0 49
A D 2 16 0
A P 1 0 0
J D 0 1825 0 1 3457 288 0
W 0 95 36 cresc.
J N 8 1825 -7 5 3457 0 0
K 0 0 42
K 25 0 44
K 0 0 59
K 0 -14 59
A D 12 16 0
A P 1 226 0
J R 8 1825 42 3 3457 0 0
K 0 0 47
K 30 -6 44
A D 12 16 0
A P 2 0 0
J B 121 2050 1 82 6913 1728 0
E *
L 703 0 0 326 326 * 0 14 0
J D 0 -119 42 1 6913 0 0
W 0 0 31 Vln 1
J C 4 5 42 2 6913 0 0
K 0 0 33
K 0 0 34
J K -2 57 0 2 6913 0 0
K 0 28 65
K 13 7 65
J D 0 -27 -14 1 6913 0 0
W 0 0 0 \01\01\07
J S 0 126 91 2 1 0 1 435
K 0 0 111
K 12 0 110
J N 7 126 -21 8 1 0 1 436
K 0 7 45
K 0 0 43
K 0 7 45
K 1 7 45
K 25 0 44
K 0 0 60
K 0 21 60
A D 12 32 1
A P 1 237 1
J N 6 282 -21 5 1729 864 3 437 436 435
K 0 7 45
K 0 0 43
K 0 7 45
K 1 7 45
A D 4 32 0
A P 1 237 0
H 435 W 21 0 38 91 14 91
H 436 T -21 0 0 0 0 0 1 0
J N 6 323 0 4 2305 288 1 437
K 0 0 43
K 0 -17 96
K 0 88 108
A D 4 32 0
A P 1 220 0
J N 6 361 14 3 2881 288 1 437
K 0 0 43
K 0 -21 96
A D 4 32 0
A P 1 209 0
H 437 B -65 7 108 3 2 1 3
J N 6 399 0 3 3457 288 1 438
K 0 0 43
K 0 -17 96
A D 4 32 0
A P 1 220 0
J N 6 447 14 3 4033 288 1 438
K 0 0 43
K 0 -21 96
A D 4 32 0
A P 1 209 0
J N 6 485 28 3 4609 288 1 438
K 0 0 43
K 0 -21 96
A D 4 32 0
A P 1 197 0
H 438 B -58 6 108 3 2 1 3
J N 6 523 49 3 5185 288 1 439
K 0 0 43
K 0 17 96
A D 4 32 0
A P 1 180 0
J N 6 561 28 3 5761 288 1 439
K 0 0 43
K 0 21 96
A D 4 32 0
A P 1 197 0
J N 6 599 14 3 6337 288 1 439
K 0 0 43
K 0 21 96
A D 4 32 0
A P 1 209 0
H 439 B 56 -8 108 3 2 1 3
J B 118 640 1 82 6913 288 0
J N 6 661 0 3 1 0 1 440
K 0 0 43
K 0 -17 96
A D 4 32 0
A P 1 220 0
J N 6 709 14 3 577 288 1 440
K 0 0 43
K 0 -21 96
A D 4 32 0
A P 1 209 0
J N 6 747 28 3 1153 288 1 440
K 0 0 43
K 0 -21 96
A D 4 32 0
A P 1 197 0
H 440 B -58 6 108 3 2 1 3
J N 6 785 49 3 1729 288 1 441
K 0 0 43
K 0 17 96
A D 4 32 0
A P 1 180 0
J N 6 823 28 3 2305 288 1 441
K 0 0 43
K 0 21 96
A D 4 32 0
A P 1 197 0
J N 6 861 14 3 2881 288 1 441
K 0 0 43
K 0 21 96
A D 4 32 0
A P 1 209 0
H 441 B 56 -8 108 3 2 1 3
J N 6 899 0 3 3457 288 1 442
K 0 0 43
K 0 -17 96
A D 4 32 0
A P 1 220 0
J N 6 937 -21 6 4033 288 1 442
K 0 7 45
K 0 0 43
K 0 7 45
K 1 7 45
K 0 -17 96
A D 4 32 0
A P 1 237 0
J N 6 975 -35 7 4609 288 1 442
K 0 21 45
K 0 7 45
K 0 0 43
K 0 7 45
K 1 7 45
K 0 -17 96
A D 4 32 0
A P 1 249 0
H 442 B -47 -7 108 3 2 1 3
J N 6 1013 -49 8 5185 288 1 443
K 0 35 45
K 0 21 45
K 0 7 45
K 0 0 43
K 0 7 45
K 1 7 45
K 0 -17 96
A D 4 32 0
A P 1 260 0
J N 6 1053 77 6 5761 288 1 443
K 1 -7 45
K 0 0 43
K 0 -7 45
K 1 -7 45
K 0 17 96
A D 4 32 0
A P 1 157 0
J N 6 1091 56 3 6337 288 1 443
K 0 0 43
K 0 17 96
A D 4 32 0
A P 1 174 0
H 443 B -53 0 108 3 2 1 3
J B 119 1136 1 82 6913 288 0
J N 7 1166 70 9 1 0 0
K 1 0 45
K 0 0 43
K -1 0 45
K 2 0 45
K 24 -6 44
K 0 -84 236
K 0 0 59
K 0 -21 59
A D 12 32 0
A P 1 163 0
J N 7 1255 21 6 1729 864 0
K 0 0 43
K 25 0 44
K 0 -31 236
K 0 0 60
K 0 21 60
A D 12 32 0
A P 1 203 0
J D 0 1365 0 1 3457 864 0
W 0 95 36 cresc.
J N 8 1365 21 6 3457 0 0
K 0 0 42
K 25 0 44
K 0 -31 236
K 0 0 60
K 0 21 60
A D 24 32 0
A P 1 203 0
J B 120 1591 1 82 6913 1728 0
J N 7 1612 28 4 1 0 0
K 0 0 43
K 0 0 60
K 0 21 60
A D 8 32 0
A P 1 197 0
J R 6 1662 28 2 1153 576 0
K 0 0 49
A D 4 32 1
A P 1 0 1
J R 7 1699 28 2 1729 288 0
K 0 0 48
A D 8 32 0
A P 1 0 0
J N 6 1773 28 3 2881 576 0
K 0 0 43
K 0 0 54
A D 4 32 0
A P 1 197 0
J G 5 1804 28 3 3457 288 0
K 0 0 171
K 0 0 183
A D 0 32 0
A P 1 197 0
J N 6 1825 35 2 3457 0 2 444 445
K 0 0 43
A D 4 32 0
A P 1 192 0
J N 6 1862 42 2 4033 288 1 445
K 0 0 43
A D 4 32 0
A P 1 186 0
J N 6 1899 49 2 4609 288 2 445 444
K 0 0 43
A D 4 32 0
A P 1 180 0
H 445 B 42 2 108 3 2 1 3
H 444 S 12 0 0 0 0 0 0 0 0
J N 6 1936 49 2 5185 288 2 446 447
K 0 0 43
A D 4 32 0
A P 1 180 0
J N 6 1973 42 2 5761 288 1 447
K 0 0 43
A D 4 32 0
A P 1 186 0
J N 6 2010 35 2 6337 288 2 447 446
K 0 0 43
A D 4 32 0
A P 1 192 0
H 447 B 51 -2 108 3 2 1 3
H 446 S 12 0 0 0 0 0 0 0 0
J B 121 2050 1 82 6913 288 0
E *
L 835 0 0 326 326 * 0 14 0
J D 0 -119 42 1 6913 0 0
W 0 0 31 Vln 2
J C 4 5 42 2 6913 0 0
K 0 0 33
K 0 0 34
J K -2 57 0 2 6913 0 0
K 0 28 65
K 13 7 65
J D 0 -27 -14 1 6913 0 0
W 0 0 0 \01\01\07
J S 0 126 123 2 1 0 1 505
K 0 0 111
K 12 0 110
J N 5 126 49 2 1 0 2 506 507
K 0 0 43
A D 1 16 0
A P 3 180 0
J N 5 152 63 2 289 144 1 507
K 0 0 43
A D 1 16 0
A P 3 169 0
J N 5 178 49 2 577 144 1 507
K 0 0 43
A D 1 16 0
A P 3 180 0
J N 5 204 63 2 865 144 1 507
K 0 0 43
A D 1 16 0
A P 3 169 0
J N 5 230 49 2 1153 144 1 507
K 0 0 43
A D 1 16 0
A P 3 180 0
J N 5 256 63 2 1441 144 2 507 506
K 0 0 43
A D 1 16 0
A P 3 169 0
H 507 B 42 1 108 6 22 11 11 11 11 33
H 506 S 12 0 7 0 0 0 0 0 0
J M 0 279 0 0 1729 144 1 505
H 505 W 21 0 38 123 14 123
J N 6 282 28 6 1729 0 0
K 0 0 43
K 0 35 43
K 0 35 59
K 0 28 59
K 0 0 51
A D 2 16 0
A P 3 197 0
A P 3 169 0
J R 6 323 28 2 2305 288 0
K 0 0 49
A D 2 16 1
A P 3 0 1
J R 6 361 28 2 2881 288 0
K 0 0 49
A D 2 16 1
A P 3 0 1
J R 8 399 28 3 3457 288 0
K 0 0 47
K 31 -7 44
A D 12 16 0
A P 3 0 0
J B 118 640 1 82 6913 1728 0
J R 8 661 28 3 1 0 0
K 0 0 47
K 31 -7 44
A D 12 16 1
A P 3 0 1
J R 7 899 28 2 3457 1728 0
K 0 0 48
A D 4 16 1
A P 3 0 1
J R 6 975 28 2 4609 576 0
K 0 0 49
A D 2 16 1
A P 3 0 1
J R 6 1013 28 2 5185 288 0
K 0 0 49
A D 2 16 0
A P 3 0 0
J N 6 1053 14 4 5761 288 1 508
K 0 0 43
K 0 -21 96
K 0 70 108
A D 2 16 0
A P 3 209 0
J N 6 1091 -7 3 6337 288 1 508
K 0 0 43
K 0 -17 96
A D 2 16 0
A P 3 226 0
H 508 B -47 -4 108 2 2 3
J B 119 1136 1 82 6913 288 0
J N 7 1166 70 7 1 0 0
K 1 0 45
K 0 0 43
K -1 0 45
K 2 0 45
K 0 0 59
K 0 -21 59
A D 4 16 0
A P 3 163 0
J R 6 1217 28 2 1153 576 0
K 0 0 49
A D 2 16 1
A P 3 0 1
J R 7 1255 28 2 1729 288 0
K 0 0 48
A D 4 16 1
A P 3 0 1
J R 6 1306 28 2 2881 576 0
K 0 0 49
A D 2 16 0
A P 3 0 0
J D 0 1351 0 1 3457 288 0
W 0 -22 32 pizz.
J N 7 1365 49 11 3457 0 0
K 1 21 45
K 1 35 45
K 0 0 43
K 0 35 43
K -1 35 45
K 2 35 45
K 0 35 59
K 0 28 59
K 0 0 59
K 0 -21 59
A D 4 16 0
A P 3 180 0
A P 3 152 0
J R 6 1440 28 2 4609 576 0
K 0 0 49
A D 2 16 1
A P 3 0 1
J R 7 1477 28 2 5185 288 0
K 0 0 48
A D 4 16 1
A P 3 0 1
J R 6 1551 28 2 6337 576 0
K 0 0 49
A D 2 16 0
A P 3 0 0
J B 120 1591 1 82 6913 288 0
J N 7 1612 63 9 1 0 0
K 1 7 45
K 0 0 43
K 0 14 43
K 0 7 45
K 1 7 45
K 0 14 59
K 0 0 59
K 0 -21 59
A D 4 16 0
A P 3 169 0
A P 3 157 0
J R 6 1662 28 2 1153 576 0
K 0 0 49
A D 2 16 1
A P 3 0 1
J R 7 1699 28 2 1729 288 0
K 0 0 48
A D 4 16 1
A P 3 0 1
J R 6 1773 28 2 2881 576 0
K 0 0 49
A D 2 16 1
A P 3 0 1
J R 7 1825 28 2 3457 288 0
K 0 0 48
A D 4 16 1
A P 3 0 1
J R 6 1899 28 2 4609 576 0
K 0 0 49
A D 2 16 1
A P 3 0 1
J R 7 1936 28 2 5185 288 0
K 0 0 48
A D 4 16 0
A P 3 0 0
J D 0 1978 0 1 6337 576 0
W 0 -23 32 arco
J D 0 1971 0 1 6337 0 0
W 0 95 36 cresc.
J N 6 2010 0 3 6337 0 0
K 0 0 43
K 0 0 54
A D 2 16 0
A P 3 220 0
J B 121 2050 1 82 6913 288 0
E *
L 967 0 0 326 326 * 0 14 0
J D 0 -86 42 1 6913 0 0
W 0 0 31 Vla
J C 13 5 28 35 6913 0 0
J K -2 57 0 2 6913 0 0
K 0 35 65
K 13 14 65
J D 0 -27 -14 1 6913 0 0
W 0 0 0 \01\01\07
J S 0 126 128 2 1 0 1 439
K 0 0 111
K 12 0 110
J N 5 126 21 2 1 0 2 440 441
K 0 0 43
A D 1 16 0
A P 3 169 0
J N 5 152 35 2 289 144 1 441
K 0 0 43
A D 1 16 0
A P 3 157 0
J N 5 178 21 2 577 144 1 441
K 0 0 43
A D 1 16 0
A P 3 169 0
J N 5 204 35 2 865 144 1 441
K 0 0 43
A D 1 16 0
A P 3 157 0
J N 5 230 21 2 1153 144 1 441
K 0 0 43
A D 1 16 0
A P 3 169 0
J N 5 256 35 2 1441 144 2 441 440
K 0 0 43
A D 1 16 0
A P 3 157 0
H 441 B -64 1 108 6 22 11 11 11 11 33
H 440 S 0 0 0 0 -7 0 0 0 0
J N 6 282 7 3 1729 144 1 439
K 0 0 43
K 0 0 54
A D 2 16 0
A P 3 180 0
H 439 W 21 0 38 128 14 128
J R 6 323 28 2 2305 288 0
K 0 0 49
A D 2 16 1
A P 3 0 1
J R 6 361 28 2 2881 288 0
K 0 0 49
A D 2 16 1
A P 3 0 1
J R 8 399 28 3 3457 288 0
K 0 0 47
K 31 -7 44
A D 12 16 0
A P 3 0 0
J B 118 640 1 82 6913 1728 0
J R 8 661 28 3 1 0 0
K 0 0 47
K 31 -7 44
A D 12 16 1
A P 3 0 1
J R 7 899 28 2 3457 1728 0
K 0 0 48
A D 4 16 1
A P 3 0 1
J R 6 975 28 2 4609 576 0
K 0 0 49
A D 2 16 1
A P 3 0 1
J R 6 1013 28 2 5185 288 0
K 0 0 49
A D 2 16 0
A P 3 0 0
J N 6 1053 21 4 5761 288 1 442
K 0 0 43
K 0 -14 96
K 0 74 108
A D 2 16 0
A P 3 169 0
J N 6 1091 0 3 6337 288 1 442
K 0 0 43
K 0 -17 96
A D 2 16 0
A P 3 186 0
H 442 B -42 -4 108 2 2 3
J B 119 1136 1 82 6913 288 0
J N 7 1166 35 4 1 0 0
K 0 0 43
K 0 0 59
K 0 -21 59
A D 4 16 0
A P 3 157 0
J R 6 1217 28 2 1153 576 0
K 0 0 49
A D 2 16 1
A P 3 0 1
J R 7 1255 28 2 1729 288 0
K 0 0 48
A D 4 16 0
A P 3 0 0
J N 6 1306 35 3 2881 576 0
K 0 0 43
K 0 0 53
A D 2 16 0
A P 3 157 0
J G 5 1344 35 3 3457 288 0
K 0 0 171
K 0 0 183
A D 0 16 0
A P 3 157 0
J D 0 1365 0 1 3457 0 0
W 0 109 36 cresc.
J N 6 1365 42 2 3457 0 2 443 444
K 0 0 43
A D 2 16 0
A P 3 152 0
J N 6 1403 49 2 4033 288 1 444
K 0 0 43
A D 2 16 0
A P 3 146 0
J N 6 1440 56 2 4609 288 2 444 443
K 0 0 43
A D 2 16 0
A P 3 140 0
H 444 B 47 2 108 3 2 1 3
H 443 S 12 0 0 0 0 0 0 0 0
J N 6 1477 56 2 5185 288 2 445 446
K 0 0 43
A D 2 16 0
A P 3 140 0
J N 6 1514 49 2 5761 288 1 446
K 0 0 43
A D 2 16 0
A P 3 146 0
J N 6 1551 42 2 6337 288 2 446 445
K 0 0 43
A D 2 16 0
A P 3 152 0
H 446 B 56 -2 108 3 2 1 3
H 445 S 12 0 0 0 0 0 0 0 0
J B 120 1591 1 82 6913 288 0
J N 7 1612 35 5 1 0 1 447
K 0 0 43
K 25 0 44
K 0 0 59
K 0 -21 59
A D 6 16 1
A P 3 157 1
J N 6 1699 35 2 1729 864 3 448 449 447
K 0 0 43
A D 2 16 0
A P 3 157 0
H 447 T 35 0 0 0 0 0 9 0
J N 6 1736 28 2 2305 288 1 449
K 0 0 43
A D 2 16 0
A P 3 163 0
J N 6 1773 21 2 2881 288 2 449 448
K 0 0 43
A D 2 16 0
A P 3 169 0
H 449 B 48 -3 108 3 2 1 3
H 448 S 12 0 0 0 0 0 0 0 0
J G 5 1804 7 3 3457 288 0
K 0 0 171
K 0 0 183
A D 0 16 0
A P 3 180 0
J N 7 1825 14 4 3457 0 1 450
K 0 0 43
K 0 0 60
K 0 21 60
A D 4 16 0
A P 3 174 0
J N 6 1899 21 3 4609 576 0
K 0 0 43
K 0 0 54
A D 2 16 0
A P 3 169 0
J N 7 1936 28 4 5185 288 0
K 0 0 43
K 0 0 60
K 0 21 60
A D 4 16 0
A P 3 163 0
J N 6 2010 7 3 6337 576 1 450
K 0 0 43
K 0 0 54
A D 2 16 0
A P 3 180 0
H 450 S 0 0 0 0 0 0 0 0 0
J B 121 2050 1 82 6913 288 0
E *
L 1102 0 0 326 326 * 0 14 0
J D 0 -91 42 1 6913 0 0
W 0 -21 31 Vc
J D 0 -91 42 1 6913 0 0
W 0 21 31 Soli
J C 22 5 14 36 6913 0 0
J K -2 57 0 2 6913 0 0
K 0 42 65
K 13 21 65
J D 0 -27 -14 1 6913 0 0
W 0 0 0 \01\01\07
J S 0 126 119 2 1 0 1 485
K 0 0 111
K 12 0 110
J N 5 126 28 4 1 0 3 486 487 488
K 0 0 43
K 0 14 43
K 0 14 59
A D 1 16 0
A P 1 129 0
A P 2 117 0
J N 5 152 42 4 289 144 1 488
K 0 0 43
K 0 21 43
K 0 21 59
A D 1 16 0
A P 1 117 0
A P 2 100 0
J N 5 178 28 4 577 144 1 488
K 0 0 43
K 0 14 43
K 0 14 59
A D 1 16 0
A P 1 129 0
A P 2 117 0
J N 5 204 42 4 865 144 1 488
K 0 0 43
K 0 21 43
K 0 21 59
A D 1 16 0
A P 1 117 0
A P 2 100 0
J N 5 230 28 4 1153 144 1 488
K 0 0 43
K 0 14 43
K 0 14 59
A D 1 16 0
A P 1 129 0
A P 2 117 0
J N 5 256 42 4 1441 144 3 488 486 487
K 0 0 43
K 0 21 43
K 0 21 59
A D 1 16 0
A P 1 117 0
A P 2 100 0
H 488 B 47 1 108 6 22 11 11 11 11 33
H 486 S 0 14 -28 0 -42 0 0 0 -13
H 487 S 12 0 28 0 21 0 0 0 0
J M 0 279 0 0 1729 144 1 485
H 485 W 21 0 38 119 14 119
J N 6 282 14 6 1729 0 0
K 0 0 43
K 0 49 43
K 0 49 59
K 0 28 59
K 0 0 51
A D 2 16 0
A P 1 140 0
A P 2 100 0
J R 6 323 28 2 2305 288 0
K 0 0 49
A D 2 16 1
A P 1 0 1
J R 6 361 28 2 2881 288 0
K 0 0 49
A D 2 16 1
A P 1 0 1
J R 8 399 28 3 3457 288 0
K 0 0 47
K 31 -7 44
A D 12 16 0
A P 1 0 0
J B 118 640 1 82 6913 1728 0
J R 8 661 28 3 1 0 0
K 0 0 47
K 31 -7 44
A D 12 16 1
A P 3 0 1
J R 7 899 28 2 3457 1728 0
K 0 0 48
A D 4 16 1
A P 3 0 1
J R 6 975 28 2 4609 576 0
K 0 0 49
A D 2 16 1
A P 3 0 1
J R 6 1013 28 2 5185 288 0
K 0 0 49
A D 2 16 0
A P 3 0 0
J D 0 1039 0 1 5761 288 0
W 0 -21 32 pizz.
J N 6 1053 42 2 5761 0 1 489
K 0 0 43
A D 2 16 0
A P 3 117 0
J N 6 1091 70 5 6337 288 1 489
K 1 0 45
K 0 0 43
K -1 0 45
K 2 0 45
A D 2 16 0
A P 3 94 0
H 489 B 47 4 108 2 2 3
J B 119 1136 1 82 6913 288 0
J N 7 1166 63 4 1 0 0
K 0 0 43
K 0 0 59
K 0 -21 59
A D 4 16 0
A P 3 100 0
J R 6 1217 28 2 1153 576 0
K 0 0 49
A D 2 16 1
A P 3 0 1
J R 7 1255 28 2 1729 288 0
K 0 0 48
A D 4 16 0
A P 3 0 0
J D 0 1280 0 1 2881 576 0
W 0 -28 32 arco
J N 6 1306 -7 3 2881 0 0
K 0 0 43
K 0 0 54
A D 2 16 0
A P 3 157 0
J G 5 1344 -7 3 3457 288 0
K 0 0 171
K 0 0 183
A D 0 16 0
A P 3 157 0
J D 0 1365 0 1 3457 0 0
W 0 95 36 cresc.
J N 6 1365 0 2 3457 0 2 490 491
K 0 0 43
A D 2 16 0
A P 3 152 0
J N 6 1403 7 2 4033 288 1 491
K 0 0 43
A D 2 16 0
A P 3 146 0
J N 6 1440 14 2 4609 288 2 491 490
K 0 0 43
A D 2 16 0
A P 3 140 0
H 491 B -56 2 108 3 2 1 3
H 490 S 0 0 0 0 0 0 0 0 0
J N 6 1477 14 2 5185 288 2 492 493
K 0 0 43
A D 2 16 0
A P 3 140 0
J N 6 1514 7 2 5761 288 1 493
K 0 0 43
A D 2 16 0
A P 3 146 0
J N 6 1551 0 2 6337 288 2 493 492
K 0 0 43
A D 2 16 0
A P 3 152 0
H 493 B -47 -2 108 3 2 1 3
H 492 S 0 0 0 0 0 0 0 0 0
J B 120 1591 1 82 6913 288 0
J N 7 1612 -7 5 1 0 1 494
K 0 0 43
K 25 0 44
K 0 0 60
K 0 21 60
A D 6 16 1
A P 3 157 1
J N 6 1699 -7 2 1729 864 3 495 496 494
K 0 0 43
A D 2 16 0
A P 3 157 0
H 494 T -7 0 0 0 0 0 1 0
J N 6 1736 -14 5 2305 288 1 496
K 0 0 45
K 0 0 43
K -1 0 45
K 2 0 45
A D 2 16 0
A P 3 163 0
J N 6 1773 -21 5 2881 288 2 496 495
K 0 7 45
K 0 0 43
K 0 7 45
K 1 7 45
A D 2 16 0
A P 3 169 0
H 496 B -42 -2 108 3 2 1 3
H 495 S 0 0 0 0 0 0 0 0 0
J G 5 1804 -35 6 3457 288 0
K 1 21 173
K 1 7 173
K 0 0 171
K 0 7 173
K 0 0 183
A D 0 16 0
A P 3 180 0
J N 7 1825 -28 8 3457 0 1 497
K 0 14 45
K 0 0 45
K 0 0 43
K -1 0 45
K 2 0 45
K 0 0 60
K 0 28 60
A D 4 16 0
A P 3 174 0
J N 6 1899 -21 7 4609 576 0
K 0 7 45
K 0 0 43
K 0 7 45
K 1 7 45
K 0 0 60
K 0 0 54
A D 2 16 0
A P 3 169 0
J N 7 1936 -14 7 5185 288 0
K 0 0 45
K 0 0 43
K -1 0 45
K 2 0 45
K 0 0 60
K 0 21 60
A D 4 16 0
A P 3 163 0
J N 6 2010 -35 8 6337 576 1 497
K 0 21 45
K 0 7 45
K 0 0 43
K 0 7 45
K 1 7 45
K 0 0 60
K 0 14 54
A D 2 16 0
A P 3 180 0
H 497 S 0 0 0 0 0 0 0 0 0
J B 121 2050 1 82 6913 288 0
E *
L 1232 0 0 326 326 * 0 14 0
J D 0 -75 42 1 6913 0 0
W 0 -21 31 Vc
J D 0 -75 42 1 6913 0 0
W 0 21 31 Cb
J C 22 5 14 36 6913 0 0
J K -2 57 0 2 6913 0 0
K 0 42 65
K 13 21 65
J D 0 -27 -14 1 6913 0 0
W 0 0 0 \01\01\07
J S 0 126 103 2 1 0 1 32
K 0 0 111
K 12 0 110
J N 6 126 63 2 1 0 1 33
K 0 0 43
A D 1 8 0
A P 1 100 0
J N 6 178 63 2 577 288 1 33
K 0 0 43
A D 1 8 0
A P 1 100 0
J N 6 230 63 2 1153 288 1 33
K 0 0 43
A D 1 8 0
A P 1 100 0
H 33 B 49 0 108 3 2 1 3
J N 6 282 63 3 1729 288 1 32
K 0 0 43
K 0 0 53
A D 1 8 0
A P 1 100 0
H 32 W 21 0 38 103 14 103
J R 6 323 28 2 2305 288 0
K 0 0 49
A D 1 8 1
A P 1 0 1
J R 6 361 28 2 2881 288 0
K 0 0 49
A D 1 8 1
A P 1 0 1
J R 8 399 28 3 3457 288 0
K 0 0 47
K 31 -7 44
A D 6 8 0
A P 1 0 0
J B 118 640 1 82 6913 1728 0
J R 8 661 28 3 1 0 0
K 0 0 47
K 31 -7 44
A D 6 8 1
A P 1 0 1
J R 7 899 28 2 3457 1728 0
K 0 0 48
A D 2 8 1
A P 1 0 1
J R 6 975 28 2 4609 576 0
K 0 0 49
A D 1 8 1
A P 1 0 1
J R 6 1013 28 2 5185 288 0
K 0 0 49
A D 1 8 0
A P 1 0 0
J D 0 1039 0 1 5761 288 0
W 0 -23 32 pizz.
J N 6 1053 42 2 5761 0 1 34
K 0 0 43
A D 1 8 0
A P 1 117 0
J N 6 1091 70 5 6337 288 1 34
K 1 0 45
K 0 0 43
K -1 0 45
K 2 0 45
A D 1 8 0
A P 1 94 0
H 34 B 47 4 108 2 2 3
J B 119 1136 1 82 6913 288 0
J N 7 1166 63 4 1 0 0
K 0 0 43
K 0 0 59
K 0 -21 59
A D 2 8 0
A P 1 100 0
J R 6 1217 28 2 1153 576 0
K 0 0 49
A D 1 8 1
A P 1 0 1
J R 7 1255 28 2 1729 288 0
K 0 0 48
A D 2 8 1
A P 1 0 1
J R 6 1306 28 2 2881 576 0
K 0 0 49
A D 1 8 0
A P 1 0 0
J D 0 1351 0 1 3457 288 0
W 0 -16 32 arco
J D 0 1365 0 1 3457 0 0
W 0 91 36 cresc.
J N 8 1365 14 5 3457 0 0
K 0 0 42
K 24 -6 44
K 0 0 60
K 0 21 60
A D 6 8 0
A P 1 140 0
J B 120 1591 1 82 6913 1728 0
J N 8 1612 -7 5 1 0 0
K 0 0 42
K 25 0 44
K 0 0 60
K 0 21 60
A D 6 8 0
A P 1 157 0
J N 8 1825 14 5 3457 1728 0
K 0 0 42
K 24 -6 44
K 0 0 60
K 0 21 60
A D 6 8 0
A P 1 140 0
J B 121 2050 1 82 6913 1728 0
E *
B 1 640 0
B 1 1136 0
B 1 1591 0
B 1 2050 0
