@ SOURCE: {beet/bhl/orch/sym9/stage2/04d/s20} DEC/30/2005 [md5sum:a472e4caaa5887ea7aed5166fc6b16f8]
L 0 98 14 !39Tenore
J D 4 500 -120 1 6913 0 0
W 0 0 44 Fourth Movement:  Part 4 (Soli + Chorus Alla Marcia)
Y U 2
J D 1 75 -37 1 6913 0 0
W 0 -56 44 Fourth Movement:  Part 4 (Soli + Chorus Alla Marcia):  Tenore
J C 34 5 42 3 6913 0 0
K 0 0 33
K 0 0 34
K 14 56 234
J K -2 57 0 2 6913 0 0
K 0 28 65
K 13 7 65
J T 608 108 0 2 6913 0 0
K -10 28 77
K -10 56 79
Y U 2
Y P 31 T.__
J D 0 147 0 1 1 0 0
W 0 -77 0 Allegro assai vivace. (\0*\0( = 84.)
J D 0 126 0 1 1 0 0
W 0 -11 0 Alla Marcia
J R 9 150 28 2 1 10001 0
K 0 0 46
A D 6 8 0
A P 1 0 0
J B 2 255 1 82 6913 1728 0
J R 9 276 28 2 1 10001 0
K 0 0 46
A D 6 8 0
A P 1 0 0
J B 3 381 1 82 6913 1728 0
J R 9 402 28 2 1 10001 0
K 0 0 46
A D 6 8 0
A P 1 0 0
J B 4 507 1 82 6913 1728 0
J R 9 528 28 2 1 10001 0
K 0 0 46
A D 6 8 0
A P 1 0 0
J B 5 633 1 82 6913 1728 0
J R 9 654 28 2 1 10001 0
K 0 0 46
A D 6 8 0
A P 1 0 0
J B 6 759 1 82 6913 1728 0
J R 9 780 28 2 1 10001 0
K 0 0 46
A D 6 8 0
A P 1 0 0
J B 7 885 1 82 6913 1728 0
J R 9 906 28 2 1 10001 0
K 0 0 46
A D 6 8 0
A P 1 0 0
J B 8 1011 1 82 6913 1728 0
J R 9 1032 28 2 1 10001 0
K 0 0 46
A D 6 8 0
A P 1 0 0
J B 9 1137 1 82 6913 1728 0
J R 9 1158 28 2 1 10001 0
K 0 0 46
A D 6 8 0
A P 1 0 0
J B 10 1263 1 82 6913 1728 0
J R 9 1284 28 2 1 10001 0
K 0 0 46
A D 6 8 0
A P 1 0 0
J B 11 1389 1 82 6913 1728 0
J R 9 1410 28 2 1 10001 0
K 0 0 46
A D 6 8 0
A P 1 0 0
J B 12 1515 1 82 6913 1728 0
J R 9 1536 28 2 1 10001 0
K 0 0 46
A D 6 8 0
A P 1 0 0
J B 13 1641 1 82 6913 1728 0
J R 9 1662 28 2 1 10001 0
K 0 0 46
A D 6 8 0
A P 1 0 0
J B 14 1767 1 82 6913 1728 0
J R 9 1788 28 2 1 10001 0
K 0 0 46
A D 6 8 0
A P 1 0 0
J B 15 1893 1 82 6913 1728 0
J R 9 1914 28 2 1 10001 0
K 0 0 46
A D 6 8 0
A P 1 0 0
J B 16 2019 1 82 6913 1728 0
J R 9 2040 28 2 1 10001 0
K 0 0 46
A D 6 8 0
A P 1 0 0
J B 17 2145 1 82 6913 1728 0
J R 9 2166 28 2 1 10001 0
K 0 0 46
A D 6 8 0
A P 1 0 0
J B 18 2271 1 82 6913 1728 0
J R 9 2292 28 2 1 10001 0
K 0 0 46
A D 6 8 0
A P 1 0 0
J B 19 2397 1 82 6913 1728 0
J R 9 2418 28 2 1 10001 0
K 0 0 46
A D 6 8 0
A P 1 0 0
J B 20 2523 1 82 6913 1728 0
J R 9 2544 28 2 1 10001 0
K 0 0 46
A D 6 8 0
A P 1 0 0
J B 21 2649 1 82 6913 1728 0
J R 9 2670 28 2 1 10001 0
K 0 0 46
A D 6 8 0
A P 1 0 0
J B 22 2775 1 82 6913 1728 0
J R 9 2796 28 2 1 10001 0
K 0 0 46
A D 6 8 0
A P 1 0 0
J B 23 2901 1 82 6913 1728 0
J R 9 2922 28 2 1 10001 0
K 0 0 46
A D 6 8 0
A P 1 0 0
J B 24 3027 1 82 6913 1728 0
J R 9 3048 28 2 1 10001 0
K 0 0 46
A D 6 8 0
A P 1 0 0
J B 25 3153 1 82 6913 1728 0
J R 9 3174 28 2 1 10001 0
K 0 0 46
A D 6 8 0
A P 1 0 0
J B 26 3279 1 82 6913 1728 0
J R 9 3300 28 2 1 10001 0
K 0 0 46
A D 6 8 0
A P 1 0 0
J B 27 3405 1 82 6913 1728 0
J R 9 3426 28 2 1 10001 0
K 0 0 46
A D 6 8 0
A P 1 0 0
J B 28 3531 1 82 6913 1728 0
J R 9 3552 28 2 1 10001 0
K 0 0 46
A D 6 8 0
A P 1 0 0
J B 29 3657 1 82 6913 1728 0
J R 9 3678 28 2 1 10001 0
K 0 0 46
A D 6 8 0
A P 1 0 0
J B 30 3783 1 82 6913 1728 0
J R 9 3804 28 2 1 10001 0
K 0 0 46
A D 6 8 0
A P 1 0 0
J B 31 3909 1 82 6913 1728 0
J R 9 3930 28 2 1 10001 0
K 0 0 46
A D 6 8 0
A P 1 0 0
J B 32 4035 1 82 6913 1728 0
J R 9 4056 28 2 1 10001 0
K 0 0 46
A D 6 8 0
A P 1 0 0
J B 33 4161 1 82 6913 1728 0
J R 9 4182 28 2 1 10001 0
K 0 0 46
A D 6 8 0
A P 1 0 0
J B 34 4287 1 82 6913 1728 0
J R 9 4308 28 2 1 10001 0
K 0 0 46
A D 6 8 0
A P 1 0 0
J B 35 4413 1 82 6913 1728 0
J R 9 4434 28 2 1 10001 0
K 0 0 46
A D 6 8 0
A P 1 0 0
J B 36 4539 1 82 6913 1728 0
J R 9 4560 28 2 1 10001 0
K 0 0 46
A D 6 8 0
A P 1 0 0
J B 37 4665 1 82 6913 1728 0
J R 9 4686 28 2 1 10001 0
K 0 0 46
A D 6 8 0
A P 1 0 0
J B 38 4791 1 82 6913 1728 0
J R 9 4812 28 2 1 10001 0
K 0 0 46
A D 6 8 0
A P 1 0 0
J B 39 4917 1 82 6913 1728 0
J R 9 4938 28 2 1 10001 0
K 0 0 46
A D 6 8 0
A P 1 0 0
J B 40 5043 1 82 6913 1728 0
J R 9 5064 28 2 1 10001 0
K 0 0 46
A D 6 8 0
A P 1 0 0
J B 41 5169 1 82 6913 1728 0
J R 9 5190 28 2 1 10001 0
K 0 0 46
A D 6 8 0
A P 1 0 0
J B 42 5295 1 82 6913 1728 0
J R 9 5316 28 2 1 10001 0
K 0 0 46
A D 6 8 0
A P 1 0 0
J B 43 5421 1 82 6913 1728 0
J R 9 5442 28 2 1 10001 0
K 0 0 46
A D 6 8 0
A P 1 0 0
J B 44 5547 1 82 6913 1728 0
J R 9 5568 28 2 1 10001 0
K 0 0 46
A D 6 8 0
A P 1 0 0
J B 45 5673 1 82 6913 1728 0
J R 9 5694 28 2 1 10001 0
K 0 0 46
A D 6 8 0
A P 1 0 0
J B 46 5799 1 82 6913 1728 0
J R 9 5820 28 2 1 10001 0
K 0 0 46
A D 6 8 0
A P 1 0 0
J B 47 5925 1 82 6913 1728 0
J R 9 5946 28 2 1 10001 0
K 0 0 46
A D 6 8 0
A P 1 0 0
J B 48 6051 1 82 6913 1728 0
J R 9 6072 28 2 1 10001 0
K 0 0 46
A D 6 8 0
A P 1 0 0
J B 49 6177 1 82 6913 1728 0
J R 9 6198 28 2 1 10001 0
K 0 0 46
A D 6 8 0
A P 1 0 0
J B 50 6303 1 82 6913 1728 0
J R 9 6324 28 2 1 10001 0
K 0 0 46
A D 6 8 0
A P 1 0 0
J B 51 6429 1 82 6913 1728 0
J R 9 6450 28 2 1 10001 0
K 0 0 46
A D 6 8 0
A P 1 0 0
J B 52 6555 1 82 6913 1728 0
J R 9 6576 28 2 1 10001 0
K 0 0 46
A D 6 8 0
A P 1 0 0
J B 53 6681 1 82 6913 1728 0
J R 9 6702 28 2 1 10001 0
K 0 0 46
A D 6 8 0
A P 1 0 0
J B 54 6807 1 82 6913 1728 0
J R 9 6828 28 2 1 10001 0
K 0 0 46
A D 6 8 0
A P 1 0 0
J B 55 6933 1 82 6913 1728 0
J R 9 6954 28 2 1 10001 0
K 0 0 46
A D 6 8 0
A P 1 0 0
J B 56 7059 1 82 6913 1728 0
J R 9 7080 28 2 1 10001 0
K 0 0 46
A D 6 8 0
A P 1 0 0
J B 57 7185 1 82 6913 1728 0
J R 9 7206 28 2 1 10001 0
K 0 0 46
A D 6 8 0
A P 1 0 0
J B 58 7311 1 82 6913 1728 0
J R 9 7332 28 2 1 10001 0
K 0 0 46
A D 6 8 0
A P 1 0 0
J B 59 7437 1 82 6913 1728 0
J R 9 7458 28 2 1 10001 0
K 0 0 46
A D 6 8 0
A P 1 0 0
J B 60 7563 1 82 6913 1728 0
J R 9 7584 28 2 1 10001 0
K 0 0 46
A D 6 8 0
A P 1 0 0
J B 61 7689 1 82 6913 1728 0
J R 9 7710 28 2 1 10001 0
K 0 0 46
A D 6 8 0
A P 1 0 0
J B 62 7815 1 82 6913 1728 0
J R 9 7836 28 2 1 10001 0
K 0 0 46
A D 6 8 0
A P 1 0 0
J B 63 7941 1 82 6913 1728 0
J R 9 7962 28 2 1 10001 0
K 0 0 46
A D 6 8 0
A P 1 0 0
J B 64 8067 1 82 6913 1728 0
J R 9 8088 28 2 1 10001 0
K 0 0 46
A D 6 8 0
A P 1 0 0
J B 65 8193 1 82 6913 1728 0
J R 9 8214 28 2 1 10001 0
K 0 0 46
A D 6 8 0
A P 1 0 0
J B 66 8319 1 82 6913 1728 0
J R 9 8340 28 2 1 10001 0
K 0 0 46
A D 6 8 0
A P 1 0 0
J B 67 8445 1 82 6913 1728 0
J R 9 8466 28 2 1 10001 0
K 0 0 46
A D 6 8 0
A P 1 0 0
J B 68 8571 1 82 6913 1728 0
J R 9 8592 28 2 1 10001 0
K 0 0 46
A D 6 8 0
A P 1 0 0
J B 69 8697 1 82 6913 1728 0
J R 9 8718 28 2 1 10001 0
K 0 0 46
A D 6 8 0
A P 1 0 0
J B 70 8823 1 82 6913 1728 0
J R 9 8844 28 2 1 10001 0
K 0 0 46
A D 6 8 0
A P 1 0 0
J B 71 8949 1 82 6913 1728 0
J R 9 8970 28 2 1 10001 0
K 0 0 46
A D 6 8 0
A P 1 0 0
J B 72 9075 1 82 6913 1728 0
J R 9 9096 28 2 1 10001 0
K 0 0 46
A D 6 8 0
A P 1 0 0
J B 73 9201 1 82 6913 1728 0
J R 9 9222 28 2 1 10001 0
K 0 0 46
A D 6 8 0
A P 1 0 0
J B 74 9327 1 82 6913 1728 0
J R 9 9348 28 2 1 10001 0
K 0 0 46
A D 6 8 0
A P 1 0 0
J B 75 9453 1 82 6913 1728 0
J R 9 9474 28 2 1 10001 0
K 0 0 46
A D 6 8 0
A P 1 0 0
J B 76 9579 1 82 6913 1728 0
J R 9 9600 28 2 1 10001 0
K 0 0 46
A D 6 8 0
A P 1 0 0
J B 77 9705 1 82 6913 1728 0
J R 9 9726 28 2 1 10001 0
K 0 0 46
A D 6 8 0
A P 1 0 0
J B 78 9831 1 82 6913 1728 0
J R 9 9852 28 2 1 10001 0
K 0 0 46
A D 6 8 0
A P 1 0 0
J B 79 9957 1 82 6913 1728 0
J R 9 9978 28 2 1 10001 0
K 0 0 46
A D 6 8 0
A P 1 0 0
J B 80 10083 1 82 6913 1728 0
J R 9 10104 28 2 1 10001 0
K 0 0 46
A D 6 8 0
A P 1 0 0
J B 81 10209 1 82 6913 1728 0
J N 7 10230 0 5 1 0 0
T -13 1 La\-u - 53
K 0 0 43
K 0 0 60
K 0 21 60
A D 2 8 0
A P 1 180 0
J R 6 10268 28 2 2305 576 0
K 0 0 49
A D 1 8 0
A P 1 0 0
J N 7 10297 49 5 3457 288 0
T -10 1 fe\-t, * 44
K 0 0 43
K 0 0 59
K 0 -21 59
A D 2 8 0
A P 1 140 0
J R 6 10335 28 2 5761 576 0
K 0 0 49
A D 1 8 0
A P 1 0 0
J B 82 10368 1 82 6913 288 0
J N 7 10389 0 6 1 0 0
T -12 1 Br\u3 - 51
K 0 0 43
K 24 -6 44
K 0 0 60
K 0 21 60
A D 3 8 0
A P 1 180 0
J N 7 10438 14 5 3457 864 1 1
T 6 1 d\!er , 46
K 0 0 43
K 0 0 60
K 0 21 60
A D 2 8 0
A P 1 169 0
J N 6 10482 21 3 5761 576 1 1
K 0 0 43
K 0 0 54
A D 1 8 0
A P 1 163 0
H 1 S 0 0 0 0 0 0 0 0 0
J B 83 10515 1 82 6913 288 0
J N 7 10536 28 5 1 0 1 2
T 0 1 eu - 32
K 0 0 43
K 0 0 60
K 0 14 60
A D 2 8 0
A P 1 157 0
J N 6 10574 35 3 2305 576 1 2
K 0 0 43
K 0 0 53
A D 1 8 0
A P 1 152 0
H 2 S 0 0 0 0 0 0 0 0 0
J N 7 10611 28 5 3457 288 1 3
T 0 1 r\!e _ 29
K 0 0 43
K 0 0 60
K 0 14 60
A D 2 8 0
A P 1 157 0
J N 6 10649 21 3 5761 576 1 3
K 0 0 43
K 0 0 54
A D 1 8 0
A P 1 163 0
H 3 S 0 0 0 0 0 0 0 0 0
J B 84 10682 1 82 6913 288 0
J N 7 10703 7 6 1 0 1 4
T -5 1 Bahn , 71
K 0 0 43
K 25 0 44
K 0 0 60
K 0 21 60
A D 3 8 0
A P 1 174 0
J N 7 10745 14 4 3457 864 0
K 0 0 43
K 0 0 60
K 0 21 60
A D 2 8 0
A P 1 169 0
J N 6 10787 21 3 5761 576 1 4
K 0 0 43
K 0 0 54
A D 1 8 0
A P 1 163 0
H 4 S 0 0 0 0 0 0 0 0 0
J B 85 10820 1 82 6913 288 0
J N 7 10841 14 6 1 0 0
T -13 1 fr\!eu - 57
K 0 0 43
K 24 -6 44
K 0 0 60
K 0 21 60
A D 3 8 0
A P 1 169 0
J N 7 10900 28 5 3457 864 0
T 0|-12 1 dig, * 51
K 0 0 43
K 0 0 60
K 0 14 60
A D 2 8 0
A P 1 157 0
J R 6 10950 28 2 5761 576 0
K 0 0 49
A D 1 8 0
A P 1 0 0
J B 86 10983 1 82 6913 288 0
J N 7 11004 14 6 1 0 0
T -10 1 wie * 47
K 0 0 43
K 24 -6 44
K 0 0 60
K 0 21 60
A D 3 8 0
A P 1 169 0
J N 7 11058 28 6 3457 864 0
T -1|-9 1 ein * 42
K 0 0 43
K 24 -6 44
K 0 0 60
K 0 14 60
A D 2 8 0
A P 1 157 0
J R 6 11112 28 2 5761 576 0
K 0 0 49
A D 1 8 0
A P 1 0 0
J B 87 11145 1 82 6913 288 0
J N 7 11166 7 5 1 0 0
T -18 1 He\-l\-d * 67
K 0 0 43
K 0 0 60
K 0 21 60
A D 2 8 0
A P 1 174 0
J R 6 11204 28 2 2305 576 0
K 0 0 49
A D 1 8 0
A P 1 0 0
J N 7 11234 7 5 3457 288 1 5
T -1 1 zu\!m _ 59
K 0 0 43
K 0 0 60
K 0 21 60
A D 2 8 0
A P 1 174 0
J N 6 11272 0 3 5761 576 1 5
K 0 0 43
K 0 0 54
A D 1 8 0
A P 1 180 0
H 5 S 0 0 0 0 0 0 0 0 0
J B 88 11307 1 82 6913 288 0
J N 7 11328 -7 6 1 0 0
T -9 1 Sie - 43
K 0 0 43
K 25 0 44
K 0 0 60
K 0 21 60
A D 3 8 0
A P 1 186 0
J N 7 11378 -7 5 3457 864 0
T 0|-13 1 gen, * 56
K 0 0 43
K 0 0 60
K 0 21 60
A D 2 8 0
A P 1 186 0
J R 6 11429 28 2 5761 576 0
K 0 0 49
A D 1 8 0
A P 1 0 0
J B 89 11462 1 82 6913 288 0
J N 7 11483 0 5 1 0 0
T -10 1 wie * 47
K 0 0 43
K 0 0 60
K 0 21 60
A D 2 8 0
A P 1 180 0
J R 6 11521 28 2 2305 576 0
K 0 0 49
A D 1 8 0
A P 1 0 0
J N 7 11550 49 5 3457 288 0
T -9 1 ein * 42
K 0 0 43
K 0 0 59
K 0 -21 59
A D 2 8 0
A P 1 140 0
J R 6 11588 28 2 5761 576 0
K 0 0 49
A D 1 8 0
A P 1 0 0
J B 90 11621 1 82 6913 288 0
J N 8 11642 0 6 1 0 1 6
T 0 1 He\-l\-d _ 67
K 0 0 42
K 24 -6 44
K 0 0 60
K 0 21 60
A D 6 8 1
A P 1 180 1
J B 91 11727 1 82 6913 1728 0
J N 7 11748 0 5 1 0 1 6
K 0 0 43
K 24 -6 44
K 0 0 60
K 0 21 60
A D 3 8 0
A P 1 180 0
H 6 T 0 0 0 0 0 0 5 0
J N 7 11793 21 5 3457 864 1 7
T 0|-1 1 zu\!m _ 59
K 0 0 43
K 0 0 60
K 0 14 60
A D 2 8 0
A P 1 163 0
J N 6 11832 14 3 5761 576 1 7
K 0 0 43
K 0 0 54
A D 1 8 0
A P 1 169 0
H 7 S 0 0 0 0 0 0 0 0 0
J B 92 11867 1 82 6913 288 0
J N 7 11888 14 5 1 0 1 8
T 0 1 Sie - 43
K 0 0 43
K 0 0 60
K 0 21 60
A D 2 8 0
A P 1 169 0
J N 6 11928 21 3 2305 576 1 8
K 0 0 43
K 0 0 54
A D 1 8 0
A P 1 163 0
H 8 S 0 0 0 0 0 0 0 0 0
J N 7 11959 21 5 3457 288 0
T -13 1 gen, * 56
K 0 0 43
K 0 0 60
K 0 14 60
A D 2 8 0
A P 1 163 0
J R 6 11997 28 2 5761 576 0
K 0 0 49
A D 1 8 0
A P 1 0 0
J B 93 12030 1 82 6913 288 0
J R 9 12051 28 2 1 10001 0
K 0 0 46
A D 6 8 0
A P 1 0 0
J B 94 12156 1 82 6913 1728 0
J R 9 12177 28 2 1 10001 0
K 0 0 46
A D 6 8 0
A P 1 0 0
J B 95 12282 1 82 6913 1728 0
J S 0 12294 -28 2 1 0 0
K 0 0 111
K 12 0 110
J N 7 12303 -7 6 1 0 0
T -13 1 fr\!eu - 57
K 0 0 43
K 25 0 44
K 0 0 60
K 0 21 60
A D 3 8 0
A P 1 186 0
J N 7 12362 -7 5 3457 864 0
T 0|-12 1 dig, * 51
K 0 0 43
K 0 0 60
K 0 21 60
A D 2 8 0
A P 1 186 0
J R 6 12412 28 2 5761 576 0
K 0 0 49
A D 1 8 0
A P 1 0 0
J B 96 12445 1 82 6913 288 0
J S 0 12457 -28 2 1 0 0
K 0 0 111
K 12 0 110
J N 7 12466 -7 6 1 0 0
T -13 1 fr\!eu - 57
K 0 0 43
K 25 0 44
K 0 0 60
K 0 21 60
A D 3 8 0
A P 1 186 0
J N 7 12525 -7 5 3457 864 0
T 0|-9 1 dig * 43
K 0 0 43
K 0 0 60
K 0 21 60
A D 2 8 0
A P 1 186 0
J R 6 12572 28 2 5761 576 0
K 0 0 49
A D 1 8 0
A P 1 0 0
J B 97 12605 1 82 6913 288 0
J N 7 12626 0 6 1 0 0
T -10 1 wie * 47
K 0 0 43
K 24 -6 44
K 0 0 60
K 0 21 60
A D 3 8 0
A P 1 180 0
J N 7 12680 49 6 3457 864 0
T -1|-9 1 ein * 42
K 0 0 43
K 25 0 44
K 0 0 59
K 0 -21 59
A D 3 8 0
A P 1 140 0
J B 98 12738 1 82 6913 864 0
J S 0 12747 -21 2 1 0 0
K 0 0 111
K 12 0 110
J N 8 12759 0 6 1 0 1 9
T 0 1 He\-l\-d _ 67
K 0 0 42
K 24 -6 44
K 0 0 60
K 0 21 60
A D 6 8 1
A P 1 180 1
J B 99 12844 1 82 6913 1728 0
J N 7 12865 0 5 1 0 1 9
K 0 0 43
K 24 -6 44
K 0 0 60
K 0 21 60
A D 3 8 0
A P 1 180 0
H 9 T 0 0 0 0 0 0 5 0
J N 7 12916 0 6 3457 864 0
T -19|-14 1 zu\!m * 59
K 0 0 43
K 24 -6 44
K 0 0 60
K 0 21 60
A D 3 8 0
A P 1 180 0
J B 100 12971 1 82 6913 864 0
J S 0 12980 -21 2 1 0 0
K 0 0 111
K 12 0 110
J N 8 12992 0 6 1 0 1 10
T 0 1 Sie - 43
K 0 0 42
K 24 -6 44
K 0 0 60
K 0 21 60
A D 6 8 1
A P 1 180 1
J B 101 13064 1 82 6913 1728 0
J N 7 13085 0 5 1 0 1 10
K 0 0 43
K 24 -6 44
K 0 0 60
K 0 21 60
A D 3 8 0
A P 1 180 0
H 10 T 0 0 0 0 0 0 5 0
J N 7 13127 28 5 3457 864 0
T -9|-13 1 gen, * 56
K 0 0 43
K 0 0 60
K 0 14 60
A D 2 8 0
A P 1 157 0
J R 6 13169 28 2 5761 576 0
K 0 0 49
A D 1 8 0
A P 1 0 0
J B 102 13202 1 82 6913 288 0
J R 9 13223 28 2 1 10001 0
K 0 0 46
A D 6 8 0
A P 1 0 0
J B 103 13328 1 82 6913 1728 0
J R 9 13349 28 2 1 10001 0
K 0 0 46
A D 6 8 0
A P 1 0 0
J B 104 13454 1 82 6913 1728 0
J R 9 13475 28 2 1 10001 0
K 0 0 46
A D 6 8 0
A P 1 0 0
J B 105 13580 1 82 6913 1728 0
J R 9 13601 28 2 1 10001 0
K 0 0 46
A D 6 8 0
A P 1 0 0
J B 106 13706 1 82 6913 1728 0
J R 9 13727 28 2 1 10001 0
K 0 0 46
A D 6 8 0
A P 1 0 0
J B 107 13832 1 82 6913 1728 0
J R 9 13853 28 2 1 10001 0
K 0 0 46
A D 6 8 0
A P 1 0 0
J B 108 13958 1 82 6913 1728 0
J R 9 13979 28 2 1 10001 0
K 0 0 46
A D 6 8 0
A P 1 0 0
J B 109 14084 1 82 6913 1728 0
J R 9 14105 28 2 1 10001 0
K 0 0 46
A D 6 8 0
A P 1 0 0
J B 110 14210 1 82 6913 1728 0
J R 9 14231 28 2 1 10001 0
K 0 0 46
A D 6 8 0
A P 1 0 0
J B 111 14336 1 82 6913 1728 0
J R 9 14357 28 2 1 10001 0
K 0 0 46
A D 6 8 0
A P 1 0 0
J B 112 14462 1 82 6913 1728 0
J R 9 14483 28 2 1 10001 0
K 0 0 46
A D 6 8 0
A P 1 0 0
J B 113 14588 1 82 6913 1728 0
J R 9 14609 28 2 1 10001 0
K 0 0 46
A D 6 8 0
A P 1 0 0
J B 114 14714 1 82 6913 1728 0
J R 9 14735 28 2 1 10001 0
K 0 0 46
A D 6 8 0
A P 1 0 0
J B 115 14840 1 82 6913 1728 0
J R 9 14861 28 2 1 10001 0
K 0 0 46
A D 6 8 0
A P 1 0 0
J B 116 14966 1 82 6913 1728 0
J R 9 14987 28 2 1 10001 0
K 0 0 46
A D 6 8 0
A P 1 0 0
J B 117 15092 1 82 6913 1728 0
J R 9 15113 28 2 1 10001 0
K 0 0 46
A D 6 8 0
A P 1 0 0
J B 118 15218 1 82 6913 1728 0
J R 9 15239 28 2 1 10001 0
K 0 0 46
A D 6 8 0
A P 1 0 0
J B 119 15344 1 82 6913 1728 0
J R 9 15365 28 2 1 10001 0
K 0 0 46
A D 6 8 0
A P 1 0 0
J B 120 15470 1 82 6913 1728 0
J R 9 15491 28 2 1 10001 0
K 0 0 46
A D 6 8 0
A P 1 0 0
J B 121 15596 1 82 6913 1728 0
J R 9 15617 28 2 1 10001 0
K 0 0 46
A D 6 8 0
A P 1 0 0
J B 122 15722 1 82 6913 1728 0
J R 9 15743 28 2 1 10001 0
K 0 0 46
A D 6 8 0
A P 1 0 0
J B 123 15848 1 82 6913 1728 0
J R 9 15869 28 2 1 10001 0
K 0 0 46
A D 6 8 0
A P 1 0 0
J B 124 15974 1 82 6913 1728 0
J R 9 15995 28 2 1 10001 0
K 0 0 46
A D 6 8 0
A P 1 0 0
J B 125 16100 1 82 6913 1728 0
J R 9 16121 28 2 1 10001 0
K 0 0 46
A D 6 8 0
A P 1 0 0
J B 126 16226 1 82 6913 1728 0
J R 9 16247 28 2 1 10001 0
K 0 0 46
A D 6 8 0
A P 1 0 0
J B 127 16352 1 82 6913 1728 0
J R 9 16373 28 2 1 10001 0
K 0 0 46
A D 6 8 0
A P 1 0 0
J B 128 16478 1 82 6913 1728 0
J R 9 16499 28 2 1 10001 0
K 0 0 46
A D 6 8 0
A P 1 0 0
J B 129 16604 1 82 6913 1728 0
J R 9 16625 28 2 1 10001 0
K 0 0 46
A D 6 8 0
A P 1 0 0
J B 130 16730 1 82 6913 1728 0
J R 9 16751 28 2 1 10001 0
K 0 0 46
A D 6 8 0
A P 1 0 0
J B 131 16856 1 82 6913 1728 0
J R 9 16877 28 2 1 10001 0
K 0 0 46
A D 6 8 0
A P 1 0 0
J B 132 16982 1 82 6913 1728 0
J R 9 17003 28 2 1 10001 0
K 0 0 46
A D 6 8 0
A P 1 0 0
J B 133 17108 1 82 6913 1728 0
J R 9 17129 28 2 1 10001 0
K 0 0 46
A D 6 8 0
A P 1 0 0
J B 134 17234 1 82 6913 1728 0
J R 9 17255 28 2 1 10001 0
K 0 0 46
A D 6 8 0
A P 1 0 0
J B 135 17360 1 82 6913 1728 0
J R 9 17381 28 2 1 10001 0
K 0 0 46
A D 6 8 0
A P 1 0 0
J B 136 17486 1 82 6913 1728 0
J R 9 17507 28 2 1 10001 0
K 0 0 46
A D 6 8 0
A P 1 0 0
J B 137 17612 1 82 6913 1728 0
J R 9 17633 28 2 1 10001 0
K 0 0 46
A D 6 8 0
A P 1 0 0
J B 138 17738 1 82 6913 1728 0
J R 9 17759 28 2 1 10001 0
K 0 0 46
A D 6 8 0
A P 1 0 0
J B 139 17864 1 82 6913 1728 0
J R 9 17885 28 2 1 10001 0
K 0 0 46
A D 6 8 0
A P 1 0 0
J B 140 17990 1 82 6913 1728 0
J R 9 18011 28 2 1 10001 0
K 0 0 46
A D 6 8 0
A P 1 0 0
J B 141 18116 1 82 6913 1728 0
J R 9 18137 28 2 1 10001 0
K 0 0 46
A D 6 8 0
A P 1 0 0
J B 142 18242 1 82 6913 1728 0
J R 9 18263 28 2 1 10001 0
K 0 0 46
A D 6 8 0
A P 1 0 0
J B 143 18368 1 82 6913 1728 0
J R 9 18389 28 2 1 10001 0
K 0 0 46
A D 6 8 0
A P 1 0 0
J B 144 18494 1 82 6913 1728 0
J R 9 18515 28 2 1 10001 0
K 0 0 46
A D 6 8 0
A P 1 0 0
J B 145 18620 1 82 6913 1728 0
J R 9 18641 28 2 1 10001 0
K 0 0 46
A D 6 8 0
A P 1 0 0
J B 146 18746 1 82 6913 1728 0
J R 9 18767 28 2 1 10001 0
K 0 0 46
A D 6 8 0
A P 1 0 0
J B 147 18872 1 82 6913 1728 0
J R 9 18893 28 2 1 10001 0
K 0 0 46
A D 6 8 0
A P 1 0 0
J B 148 18998 1 82 6913 1728 0
J R 9 19019 28 2 1 10001 0
K 0 0 46
A D 6 8 0
A P 1 0 0
J B 149 19124 1 82 6913 1728 0
J R 9 19145 28 2 1 10001 0
K 0 0 46
A D 6 8 0
A P 1 0 0
J B 150 19250 1 82 6913 1728 0
J R 9 19271 28 2 1 10001 0
K 0 0 46
A D 6 8 0
A P 1 0 0
J B 151 19376 1 82 6913 1728 0
J R 9 19397 28 2 1 10001 0
K 0 0 46
A D 6 8 0
A P 1 0 0
J B 152 19502 1 82 6913 1728 0
J R 9 19523 28 2 1 10001 0
K 0 0 46
A D 6 8 0
A P 1 0 0
J B 153 19628 1 82 6913 1728 0
J R 9 19649 28 2 1 10001 0
K 0 0 46
A D 6 8 0
A P 1 0 0
J B 154 19754 1 82 6913 1728 0
J R 9 19775 28 2 1 10001 0
K 0 0 46
A D 6 8 0
A P 1 0 0
J B 155 19880 1 82 6913 1728 0
J R 9 19901 28 2 1 10001 0
K 0 0 46
A D 6 8 0
A P 1 0 0
J B 156 20006 1 82 6913 1728 0
J R 9 20027 28 2 1 10001 0
K 0 0 46
A D 6 8 0
A P 1 0 0
J B 157 20132 1 82 6913 1728 0
J R 9 20153 28 2 1 10001 0
K 0 0 46
A D 6 8 0
A P 1 0 0
J B 158 20258 1 82 6913 1728 0
J R 9 20279 28 2 1 10001 0
K 0 0 46
A D 6 8 0
A P 1 0 0
J B 159 20384 1 82 6913 1728 0
J R 9 20405 28 2 1 10001 0
K 0 0 46
A D 6 8 0
A P 1 0 0
J B 160 20510 1 82 6913 1728 0
J R 9 20531 28 2 1 10001 0
K 0 0 46
A D 6 8 0
A P 1 0 0
J B 161 20636 1 82 6913 1728 0
J R 9 20657 28 2 1 10001 0
K 0 0 46
A D 6 8 0
A P 1 0 0
J B 162 20762 1 82 6913 1728 0
J R 9 20783 28 2 1 10001 0
K 0 0 46
A D 6 8 0
A P 1 0 0
J B 163 20896 5 2 6913 1728 0
K -8 0 82
K 0 0 82
J K 2 20917 0 4 6913 0 0
K 0 28 64
K 13 7 64
K 26 0 63
K 41 21 63
Y U 0
J R 9 20989 28 2 1 10001 0
K 0 0 46
A D 6 8 0
A P 1 0 0
J B 164 21094 1 82 6913 1728 0
J R 9 21115 28 2 1 10001 0
K 0 0 46
A D 6 8 0
A P 1 0 0
J B 165 21220 1 82 6913 1728 0
J R 9 21241 28 2 1 10001 0
K 0 0 46
A D 6 8 0
A P 1 0 0
J B 166 21346 1 82 6913 1728 0
J R 9 21367 28 2 1 10001 0
K 0 0 46
A D 6 8 0
A P 1 0 0
J B 167 21472 1 82 6913 1728 0
J R 9 21493 28 2 1 10001 0
K 0 0 46
A D 6 8 0
A P 1 0 0
J B 168 21598 1 82 6913 1728 0
J R 9 21619 28 2 1 10001 0
K 0 0 46
A D 6 8 0
A P 1 0 0
J B 169 21724 1 82 6913 1728 0
J R 9 21745 28 2 1 10001 0
K 0 0 46
A D 6 8 0
A P 1 0 0
J B 170 21850 1 82 6913 1728 0
J R 9 21871 28 2 1 10001 0
K 0 0 46
A D 6 8 0
A P 1 0 0
J B 171 21976 1 82 6913 1728 0
J R 9 21997 28 2 1 10001 0
K 0 0 46
A D 6 8 0
A P 1 0 0
J B 172 22102 1 82 6913 1728 0
J R 9 22123 28 2 1 10001 0
K 0 0 46
A D 6 8 0
A P 1 0 0
J B 173 22228 1 82 6913 1728 0
J R 9 22249 28 2 1 10001 0
K 0 0 46
A D 6 8 0
A P 1 0 0
J B 174 22354 1 82 6913 1728 0
J R 9 22375 28 2 1 10001 0
K 0 0 46
A D 6 8 0
A P 1 0 0
J B 175 22480 1 82 6913 1728 0
J R 9 22501 28 2 1 10001 0
K 0 0 46
A D 6 8 0
A P 1 0 0
J B 176 22606 1 82 6913 1728 0
J R 9 22627 28 2 1 10001 0
K 0 0 46
A D 6 8 0
A P 1 0 0
J B 177 22732 1 82 6913 1728 0
J R 9 22753 28 2 1 10001 0
K 0 0 46
A D 6 8 0
A P 1 0 0
J B 178 22858 1 82 6913 1728 0
J R 9 22879 28 2 1 10001 0
K 0 0 46
A D 6 8 0
A P 1 0 0
J B 179 22984 1 82 6913 1728 0
J R 9 23005 28 2 1 10001 0
K 0 0 46
A D 6 8 0
A P 1 0 0
J B 180 23110 1 82 6913 1728 0
J R 9 23131 28 2 1 10001 0
K 0 0 46
A D 6 8 0
A P 1 0 0
J B 181 23236 1 82 6913 1728 0
J R 9 23257 28 2 1 10001 0
K 0 0 46
A D 6 8 0
A P 1 0 0
J B 182 23362 1 82 6913 1728 0
J R 9 23383 28 2 1 10001 0
K 0 0 46
A D 6 8 0
A P 1 0 0
J B 183 23488 1 82 6913 1728 0
J R 9 23509 28 2 1 10001 0
K 0 0 46
A D 6 8 0
A P 1 0 0
J B 184 23614 1 82 6913 1728 0
J R 9 23635 28 2 1 10001 0
K 0 0 46
A D 6 8 0
A P 1 0 0
J B 185 23740 1 82 6913 1728 0
J R 9 23761 28 2 1 10001 0
K 0 0 46
A D 6 8 0
A P 1 0 0
J B 186 23866 1 82 6913 1728 0
J R 9 23887 28 2 1 10001 0
K 0 0 46
A D 6 8 0
A P 1 0 0
J B 187 23992 1 82 6913 1728 0
J R 9 24013 28 2 1 10001 0
K 0 0 46
A D 6 8 0
A P 1 0 0
J B 188 24118 1 82 6913 1728 0
J R 9 24139 28 2 1 10001 0
K 0 0 46
A D 6 8 0
A P 1 0 0
J B 189 24244 1 82 6913 1728 0
J R 9 24265 28 2 1 10001 0
K 0 0 46
A D 6 8 0
A P 1 0 0
J B 190 24370 1 82 6913 1728 0
J R 9 24391 28 2 1 10001 0
K 0 0 46
A D 6 8 0
A P 1 0 0
J B 191 24496 1 82 6913 1728 0
J R 9 24517 28 2 1 10001 0
K 0 0 46
A D 6 8 0
A P 1 0 0
J B 192 24622 1 82 6913 1728 0
J R 9 24643 28 2 1 10001 0
K 0 0 46
A D 6 8 0
A P 1 0 0
J B 193 24748 1 82 6913 1728 0
J R 9 24769 28 2 1 10001 0
K 0 0 46
A D 6 8 0
A P 1 0 0
J B 194 24874 1 82 6913 1728 0
J R 9 24895 28 2 1 10001 0
K 0 0 46
A D 6 8 0
A P 1 0 0
J B 195 25000 1 82 6913 1728 0
J R 9 25021 28 2 1 10001 0
K 0 0 46
A D 6 8 0
A P 1 0 0
J B 196 25126 1 82 6913 1728 0
J R 9 25147 28 2 1 10001 0
K 0 0 46
A D 6 8 0
A P 1 0 0
J B 197 25252 1 82 6913 1728 0
J R 9 25273 28 2 1 10001 0
K 0 0 46
A D 6 8 0
A P 1 0 0
J B 198 25378 1 82 6913 1728 0
J R 9 25399 28 2 1 10001 0
K 0 0 46
A D 6 8 0
A P 1 0 0
J B 199 25504 1 82 6913 1728 0
J R 9 25525 28 2 1 10001 0
K 0 0 46
A D 6 8 0
A P 1 0 0
J B 200 25630 1 82 6913 1728 0
J R 9 25651 28 2 1 10001 0
K 0 0 46
A D 6 8 0
A P 1 0 0
J B 201 25756 1 82 6913 1728 0
J R 9 25777 28 2 1 10001 0
K 0 0 46
A D 6 8 0
A P 1 0 0
J B 202 25882 1 82 6913 1728 0
J R 9 25903 28 2 1 10001 0
K 0 0 46
A D 6 8 0
A P 1 0 0
J B 203 26008 1 82 6913 1728 0
J R 9 26029 28 2 1 10001 0
K 0 0 46
A D 6 8 0
A P 1 0 0
J B 204 26134 1 82 6913 1728 0
J R 9 26155 28 2 1 10001 0
K 0 0 46
A D 6 8 0
A P 1 0 0
J B 205 26260 1 82 6913 1728 0
J R 9 26281 28 2 1 10001 0
K 0 0 46
A D 6 8 0
A P 1 0 0
J B 206 26386 1 82 6913 1728 0
J R 9 26407 28 2 1 10001 0
K 0 0 46
A D 6 8 0
A P 1 0 0
J B 207 26512 1 82 6913 1728 0
J R 9 26533 28 2 1 10001 0
K 0 0 46
A D 6 8 0
A P 1 0 0
J B 208 26638 1 82 6913 1728 0
J R 9 26659 28 2 1 10001 0
K 0 0 46
A D 6 8 0
A P 1 0 0
J B 209 26764 1 82 6913 1728 0
J R 9 26785 28 2 1 10001 0
K 0 0 46
A D 6 8 0
A P 1 0 0
J B 210 26890 1 82 6913 1728 0
J R 9 26911 28 2 1 10001 0
K 0 0 46
A D 6 8 0
A P 1 0 0
J B 211 27016 1 82 6913 1728 0
J R 9 27037 28 2 1 10001 0
K 0 0 46
A D 6 8 0
A P 1 0 0
J B 212 27142 1 82 6913 1728 0
J R 9 27163 28 2 1 10001 0
K 0 0 46
A D 6 8 0
A P 1 0 0
J B 213 27268 1 82 6913 1728 0
J S 0 27277 0 110 1 0 0
J N 7 27289 14 6 1 0 0
T -16 1 Fr\!eu - 66
K 0 0 43
K 24 -6 44
K 0 0 60
K 0 21 60
A D 3 8 0
A P 1 169 0
J N 7 27354 14 6 3457 864 0
T 0|-8 1 d\!e, * 41
K 0 0 43
K 24 -6 44
K 0 0 60
K 0 21 60
A D 3 8 0
A P 1 169 0
J B 214 27412 1 82 6913 864 0
J N 7 27433 7 6 1 0 0
T -15 1 sch\o3 - 62
K 0 0 43
K 25 0 44
K 0 0 60
K 0 21 60
A D 3 8 0
A P 1 175 0
J N 7 27496 0 6 3457 864 0
T 0|-10 1 n\!er * 46
K 0 0 43
K 24 -6 44
K 0 0 60
K 0 21 60
A D 3 8 0
A P 1 181 0
J B 215 27557 1 82 6913 864 0
J N 7 27578 0 6 1 0 0
T -13 1 G\o3t - 54
K 0 0 43
K 24 -6 44
K 0 0 60
K 0 21 60
A D 3 8 0
A P 1 181 0
J N 7 27635 7 6 3457 864 0
T 0|-8 1 t\!er - 40
K 0 0 43
K 25 0 44
K 0 0 60
K 0 21 60
A D 3 8 0
A P 1 175 0
J B 216 27693 1 82 6913 864 0
J N 7 27714 14 6 1 0 0
T -10 1 fun - 45
K 0 0 43
K 24 -6 44
K 0 0 60
K 0 21 60
A D 3 8 0
A P 1 169 0
J N 7 27765 14 5 3457 864 1 11
T 0|-1 1 ken , 49
K 0 0 43
K 0 0 60
K 0 21 60
A D 2 8 0
A P 1 169 0
J N 6 27804 7 3 5761 576 1 11
K 0 0 43
K 0 0 54
A D 1 8 0
A P 1 175 0
H 11 S 0 0 0 0 0 0 0 0 0
J B 217 27838 1 82 6913 288 0
J N 7 27859 0 6 1 0 0
T -18 1 To\-ch - 68
K 0 0 43
K 24 -6 44
K 0 0 60
K 0 21 60
A D 3 8 0
A P 1 181 0
J N 7 27926 0 6 3457 864 0
T 0|-8 1 t\!er * 40
K 0 0 43
K 24 -6 44
K 0 0 60
K 0 21 60
A D 3 8 0
A P 1 181 0
J B 218 27984 1 82 6913 864 0
J N 7 28005 35 6 1 0 0
T -10 1 a\-us * 45
K 0 0 43
K 25 0 44
K 0 0 59
K 0 -21 59
A D 3 8 0
A P 1 152 0
J N 7 28057 14 6 3457 864 0
T 0|-2 1 E - 22
K 0 0 43
K 24 -6 44
K 0 0 60
K 0 21 60
A D 3 8 0
A P 1 169 0
J B 219 28109 1 82 6913 864 0
J S 0 28130 -16 2 1 0 0
K 0 0 111
K 12 0 110
J N 7 28130 14 6 1 0 1 12
T 0 1 li - 20
K 0 0 43
K 24 -6 44
K 0 0 60
K 0 21 60
A D 3 8 1
A P 1 169 1
J N 7 28172 14 4 3457 864 1 12
K 0 0 43
K 0 0 60
K 0 21 60
A D 2 8 0
A P 1 169 0
H 12 T 14 0 0 0 0 0 5 0
J N 6 28214 21 4 5761 576 0
T -2 1 si - 23
K 0 0 43
K 0 0 54
A D 1 8 0
A P 1 164 0
J B 220 28251 1 82 6913 288 0
J N 7 28272 21 5 1 0 0
T -12 1 u\!m, * 52
K 0 0 43
K 0 0 60
K 0 14 60
A D 2 8 0
A P 1 164 0
J R 6 28310 28 2 2305 576 0
K 0 0 49
A D 1 8 1
A P 1 0 1
J R 7 28339 28 2 3457 288 0
K 0 0 48
A D 2 8 1
A P 1 0 1
J R 6 28377 28 2 5761 576 0
K 0 0 49
A D 1 8 0
A P 1 0 0
J B 221 28410 1 82 6913 288 0
J N 7 28431 14 6 1 0 0
T -10 1 wir * 45
K 0 0 43
K 24 -6 44
K 0 0 60
K 0 21 60
A D 3 8 0
A P 1 169 0
J N 7 28482 14 6 3457 864 0
T 0|-5 1 b\!e - 33
K 0 0 43
K 24 -6 44
K 0 0 60
K 0 21 60
A D 3 8 0
A P 1 169 0
J B 222 28537 1 82 6913 864 0
J N 7 28558 14 6 1 0 0
T -8 1 tr\!e - 40
K 0 0 43
K 24 -6 44
K 0 0 60
K 0 21 60
A D 3 8 0
A P 1 169 0
J N 7 28609 14 6 3457 864 0
T -4|-9 1 t\!en * 44
K 0 0 43
K 24 -6 44
K 0 0 60
K 0 21 60
A D 3 8 0
A P 1 169 0
J B 223 28664 1 82 6913 864 0
J S 0 28685 -15 2 1 0 0
K 0 0 111
K 12 0 110
J N 7 28685 14 6 1 0 0
T -9 1 feu - 43
K 0 0 43
K 24 -6 44
K 0 0 60
K 0 21 60
A D 3 8 0
A P 1 169 0
J N 7 28735 14 6 3457 864 0
T 0|-4 1 er - 28
K 0 0 43
K 24 -6 44
K 0 0 60
K 0 21 60
A D 3 8 0
A P 1 169 0
J B 224 28789 1 82 6913 864 0
J N 7 28810 14 6 1 0 0
T -14 1 trun - 58
K 0 0 43
K 24 -6 44
K 0 0 60
K 0 21 60
A D 3 8 0
A P 1 169 0
J N 7 28874 14 6 3457 864 0
T -4|-14 1 ken, * 57
K 0 0 43
K 24 -6 44
K 0 0 60
K 0 21 60
A D 3 8 0
A P 1 169 0
J B 225 28943 1 82 6913 864 0
J N 7 28967 14 6 1 0 0
T -24 1 Himm - 89
K 0 0 43
K 24 -6 44
K 0 0 60
K 0 21 60
A D 3 8 0
A P 1 169 0
J N 7 29048 14 6 3457 864 0
T 0|-1 1 li - 20
K 0 0 43
K 24 -6 44
K 0 0 60
K 0 21 60
A D 3 8 0
A P 1 169 0
J B 226 29099 1 82 6913 864 0
J N 7 29120 21 6 1 0 0
T -17 1 sche, * 68
K 0 0 43
K 25 0 44
K 0 0 60
K 0 14 60
A D 3 8 0
A P 1 164 0
J N 7 29189 14 6 3457 864 0
T -2|-14 1 d\!ein * 60
K 0 0 43
K 24 -6 44
K 0 0 60
K 0 21 60
A D 3 8 0
A P 1 169 0
J B 227 29262 1 82 6913 864 0
J S 0 29283 -16 2 1 0 0
K 0 0 111
K 12 0 110
J N 7 29283 21 6 1 0 1 13
T 0 1 Hei - 52
K 0 0 43
K 25 0 44
K 0 0 60
K 0 14 60
A D 3 8 1
A P 1 164 1
J N 7 29325 21 4 3457 864 1 13
K 0 0 43
K 0 0 60
K 0 14 60
A D 2 8 0
A P 1 164 0
H 13 T 21 0 0 0 0 0 1 0
J N 6 29367 14 4 5761 576 0
T -7 1 lig - 36
K 0 0 43
K 0 0 54
A D 1 8 0
A P 1 169 0
J B 228 29412 1 82 6913 288 0
J N 7 29434 14 5 1 0 0
T -22 1 thu\!m! * 83
K 0 0 43
K 0 0 60
K 0 21 60
A D 2 8 0
A P 1 169 0
J R 6 29472 28 2 2305 576 0
K 0 0 49
A D 1 8 1
A P 1 0 1
J R 7 29501 28 2 3457 288 0
K 0 0 48
A D 2 8 1
A P 1 0 1
J R 6 29539 28 2 5761 576 0
K 0 0 49
A D 1 8 0
A P 1 0 0
J B 229 29572 1 82 6913 288 0
J N 7 29593 21 6 1 0 0
T -11 1 Dei - 50
K 0 0 43
K 25 0 44
K 0 0 60
K 0 14 60
A D 3 8 0
A P 1 164 0
J N 7 29648 21 6 3457 864 0
T 0|-5 1 n\!e * 33
K 0 0 43
K 25 0 44
K 0 0 60
K 0 14 60
A D 3 8 0
A P 1 164 0
J B 230 29703 1 82 6913 864 0
J N 7 29724 14 6 1 0 0
T -13 1 Za\-u - 55
K 0 0 43
K 24 -6 44
K 0 0 60
K 0 21 60
A D 3 8 0
A P 1 169 0
J N 7 29783 0 6 3457 864 0
T 0|-10 1 b\!er * 46
K 0 0 43
K 24 -6 44
K 0 0 60
K 0 21 60
A D 3 8 0
A P 1 181 0
J B 231 29844 1 82 6913 864 0
J N 7 29865 21 6 1 0 0
T -9 1 b\-in - 43
K 0 0 43
K 25 0 44
K 0 0 60
K 0 14 60
A D 3 8 0
A P 1 164 0
J N 7 29910 14 5 3457 864 1 14
T 6 1 d\!en _ 50
K 0 0 43
K 0 0 60
K 0 21 60
A D 2 8 0
A P 1 169 0
J N 6 29954 7 3 5761 576 1 14
K 0 0 43
K 0 0 54
A D 1 8 0
A P 1 175 0
H 14 S 0 0 0 0 0 0 0 0 0
J B 232 29987 1 82 6913 288 0
J N 7 30008 14 6 1 0 0
T -10 1 wie - 47
K 0 0 43
K 24 -6 44
K 0 0 60
K 0 21 60
A D 3 8 0
A P 1 169 0
J N 7 30067 0 6 3457 864 0
T -6|-12 1 d\!er, * 54
K 0 0 43
K 24 -6 44
K 0 0 60
K 0 21 60
A D 3 8 0
A P 1 181 0
J B 233 30130 1 82 6913 864 0
J N 7 30151 21 6 1 0 0
T -12 1 was * 51
K 0 0 43
K 25 0 44
K 0 0 60
K 0 14 60
A D 3 8 0
A P 1 164 0
J N 7 30200 14 5 3457 864 1 15
T 6 1 die _ 42
K 0 0 43
K 0 0 60
K 0 21 60
A D 2 8 0
A P 1 169 0
J N 6 30244 7 3 5761 576 1 15
K 0 0 43
K 0 0 54
A D 1 8 0
A P 1 175 0
H 15 S 0 0 0 0 0 0 0 0 0
J B 234 30277 1 82 6913 288 0
J N 7 30298 21 6 1 0 0
T -11 1 Mo - 48
K 0 0 43
K 25 0 44
K 0 0 60
K 0 14 60
A D 3 8 0
A P 1 164 0
J N 7 30354 35 7 3457 864 0
T 0|-5 1 d\!e * 33
K -18 0 63
K 0 0 43
K 25 0 44
K 0 0 59
K 0 -21 59
A D 3 8 0
A P 1 153 0
J B 235 30409 1 82 6913 864 0
J N 7 30432 28 6 1 0 0
T -23 1 s\-tr\!en\!g * 86
K 0 0 43
K 24 -6 44
K 0 0 60
K 0 14 60
A D 3 8 0
A P 1 158 0
J N 7 30510 28 6 3457 864 0
T 0|-5 1 ge - 31
K 0 0 43
K 24 -6 44
K 0 0 60
K 0 14 60
A D 3 8 0
A P 1 158 0
J B 236 30565 1 82 6913 864 0
J N 7 30587 21 6 1 0 0
T -22 1 theil\-t; * 82
K 0 0 43
K 25 0 44
K 0 0 60
K 0 14 60
A D 3 8 0
A P 1 164 0
J S 0 30658 -16 2 3457 864 0
K 0 0 110
K 19 0 110
J N 7 30658 14 6 3457 0 1 16
T 6 1 a\-l - 25
K 0 0 43
K 24 -6 44
K 0 0 60
K 0 21 60
A D 3 8 1
A P 1 169 1
J B 237 30714 1 82 6913 864 0
J N 7 30735 14 5 1 0 1 16
K 0 0 43
K 24 -6 44
K 0 0 60
K 0 21 60
A D 3 8 0
A P 1 169 0
H 16 T 14 0 0 0 0 0 5 0
J N 7 30781 14 6 3457 864 0
T -3 1 le * 25
K 0 0 43
K 24 -6 44
K 0 0 60
K 0 21 60
A D 3 8 0
A P 1 169 0
J B 238 30831 1 82 6913 864 0
J N 7 30852 14 6 1 0 0
T -16 1 Men - 63
K 0 0 43
K 24 -6 44
K 0 0 60
K 0 21 60
A D 3 8 0
A P 1 169 0
J N 7 30915 7 5 3457 864 1 17
T 0|-7 1 schen _ 77
K 0 0 43
K 0 0 60
K 0 21 60
A D 2 8 0
A P 1 175 0
J N 6 30960 0 3 5761 576 1 17
K 0 0 43
K 0 0 54
A D 1 8 0
A P 1 181 0
H 17 S 0 0 0 0 0 0 0 0 0
J B 239 31008 1 82 6913 288 0
J N 7 31029 -7 6 1 0 0
T -11 1 wer - 50
K 0 0 43
K 25 0 44
K 0 0 60
K 0 21 60
A D 3 8 0
A P 1 186 0
J N 7 31087 -7 6 3457 864 0
T -3|-11 1 d\!en * 50
K 0 0 43
K 25 0 44
K 0 0 60
K 0 21 60
A D 3 8 0
A P 1 186 0
J B 240 31149 1 82 6913 864 0
J S 0 31170 -19 2 1 0 0
K 0 0 111
K 12 0 110
J N 7 31170 14 6 1 0 1 18
T 0 1 Br\u3 - 51
K 0 0 43
K 24 -6 44
K 0 0 60
K 0 21 60
A D 3 8 0
A P 1 169 0
J N 7 31215 28 4 3457 864 1 18
K 0 0 43
K 0 0 60
K 0 14 60
A D 2 8 0
A P 1 158 0
H 18 S 0 0 0 0 0 0 0 0 0
J N 6 31261 42 4 5761 576 0
T -19|-12 1 d\!er, * 54
K 0 0 43
K 0 0 53
A D 1 8 0
A P 1 146 0
J B 241 31311 1 82 6913 288 0
J N 7 31332 35 6 1 0 0
T -8 1 wo * 39
K 0 0 43
K 25 0 44
K 0 0 59
K 0 -21 59
A D 3 8 0
A P 1 152 0
J N 7 31391 14 6 3457 864 0
T -12|-14 1 d\!ein * 60
K 0 0 43
K 24 -6 44
K 0 0 60
K 0 21 60
A D 3 8 0
A P 1 169 0
J B 242 31454 1 82 6913 864 0
J N 7 31475 14 6 1 0 0
T -14 1 sanf - 57
K 0 0 43
K 24 -6 44
K 0 0 60
K 0 21 60
A D 3 8 0
A P 1 169 0
J N 7 31534 14 6 3457 864 0
T 0|-8 1 t\!er * 40
K 0 0 43
K 24 -6 44
K 0 0 60
K 0 21 60
A D 3 8 0
A P 1 169 0
J B 243 31592 1 82 6913 864 0
J N 7 31613 21 6 1 0 1 19
T 0 1 Fl\u3 - 47
K 0 0 43
K 25 0 44
K 0 0 60
K 0 14 60
A D 3 8 1
A P 1 164 1
J N 7 31656 21 4 3457 864 1 19
K 0 0 43
K 0 0 60
K 0 14 60
A D 2 8 0
A P 1 164 0
H 19 T 21 0 0 0 0 0 1 0
J N 6 31699 14 4 5761 576 0
T -10|-8 1 ge\-l * 40
K 0 0 43
K 0 0 54
A D 1 8 0
A P 1 169 0
J B 244 31746 1 82 6913 288 0
J N 7 31767 14 6 1 0 0
T -20 1 weil\-t; * 76
K 0 0 43
K 24 -6 44
K 0 0 60
K 0 21 60
A D 3 8 0
A P 1 169 0
J R 7 31809 28 2 3457 864 0
K 0 0 48
A D 2 8 1
A P 1 0 1
J R 6 31851 28 2 5761 576 0
K 0 0 49
A D 1 8 0
A P 1 0 0
J B 245 31884 1 82 6913 288 0
J N 7 31905 21 6 1 0 0
T -9 1 d\!ei - 43
K 0 0 43
K 25 0 44
K 0 0 60
K 0 14 60
A D 3 8 0
A P 1 164 0
J N 7 31955 21 6 3457 864 0
T -1|-5 1 n\!e * 33
K 0 0 43
K 25 0 44
K 0 0 60
K 0 14 60
A D 3 8 0
A P 1 164 0
J B 246 32009 1 82 6913 864 0
J N 7 32030 14 6 1 0 0
T -13 1 Za\-u - 55
K 0 0 43
K 24 -6 44
K 0 0 60
K 0 21 60
A D 3 8 0
A P 1 169 0
J N 7 32089 0 6 3457 864 0
T 0|-10 1 b\!er * 46
K 0 0 43
K 24 -6 44
K 0 0 60
K 0 21 60
A D 3 8 0
A P 1 181 0
J B 247 32150 1 82 6913 864 0
J N 7 32171 21 6 1 0 0
T -9 1 b\-in - 43
K 0 0 43
K 25 0 44
K 0 0 60
K 0 14 60
A D 3 8 0
A P 1 164 0
J N 7 32216 14 5 3457 864 1 20
T 6 1 d\!en _ 50
K 0 0 43
K 0 0 60
K 0 21 60
A D 2 8 0
A P 1 169 0
J N 6 32260 7 3 5761 576 1 20
K 0 0 43
K 0 0 54
A D 1 8 0
A P 1 175 0
H 20 S 0 0 0 0 0 0 0 0 0
J B 248 32293 1 82 6913 288 0
J N 7 32314 14 6 1 0 0
T -10 1 wie - 47
K 0 0 43
K 24 -6 44
K 0 0 60
K 0 21 60
A D 3 8 0
A P 1 169 0
J N 7 32373 0 6 3457 864 0
T -6|-12 1 d\!er, * 54
K 0 0 43
K 24 -6 44
K 0 0 60
K 0 21 60
A D 3 8 0
A P 1 181 0
J B 249 32436 1 82 6913 864 0
J N 7 32457 21 6 1 0 0
T -12 1 was * 51
K 0 0 43
K 25 0 44
K 0 0 60
K 0 14 60
A D 3 8 0
A P 1 164 0
J N 7 32506 14 5 3457 864 1 21
T 6 1 die _ 42
K 0 0 43
K 0 0 60
K 0 21 60
A D 2 8 0
A P 1 169 0
J N 6 32550 7 3 5761 576 1 21
K 0 0 43
K 0 0 54
A D 1 8 0
A P 1 175 0
H 21 S 0 0 0 0 0 0 0 0 0
J B 250 32583 1 82 6913 288 0
J N 7 32604 21 6 1 0 0
T -11 1 Mo - 48
K 0 0 43
K 25 0 44
K 0 0 60
K 0 14 60
A D 3 8 0
A P 1 164 0
J N 7 32660 35 7 3457 864 0
T 0|-5 1 d\!e * 33
K -18 0 63
K 0 0 43
K 25 0 44
K 0 0 59
K 0 -21 59
A D 3 8 0
A P 1 153 0
J B 251 32715 1 82 6913 864 0
J N 7 32738 28 6 1 0 0
T -23 1 s\-tr\!en\!g * 86
K 0 0 43
K 24 -6 44
K 0 0 60
K 0 14 60
A D 3 8 0
A P 1 158 0
J N 7 32816 28 6 3457 864 0
T 0|-5 1 ge - 31
K 0 0 43
K 24 -6 44
K 0 0 60
K 0 14 60
A D 3 8 0
A P 1 158 0
J B 252 32871 1 82 6913 864 0
J N 7 32893 21 6 1 0 0
T -22 1 theil\-t; * 82
K 0 0 43
K 25 0 44
K 0 0 60
K 0 14 60
A D 3 8 0
A P 1 164 0
J S 0 32964 -16 2 3457 864 0
K 0 0 110
K 19 0 110
J N 7 32964 14 6 3457 0 1 22
T 6 1 a\-l - 25
K 0 0 43
K 24 -6 44
K 0 0 60
K 0 21 60
A D 3 8 1
A P 1 169 1
J B 253 33020 1 82 6913 864 0
J N 7 33041 14 5 1 0 1 22
K 0 0 43
K 24 -6 44
K 0 0 60
K 0 21 60
A D 3 8 0
A P 1 169 0
H 22 T 14 0 0 0 0 0 5 0
J N 7 33087 14 6 3457 864 0
T -3 1 le * 25
K 0 0 43
K 24 -6 44
K 0 0 60
K 0 21 60
A D 3 8 0
A P 1 169 0
J B 254 33137 1 82 6913 864 0
J N 7 33158 14 6 1 0 0
T -16 1 Men - 63
K 0 0 43
K 24 -6 44
K 0 0 60
K 0 21 60
A D 3 8 0
A P 1 169 0
J N 7 33221 7 5 3457 864 1 23
T 0|-7 1 schen _ 77
K 0 0 43
K 0 0 60
K 0 21 60
A D 2 8 0
A P 1 175 0
J N 6 33266 0 3 5761 576 1 23
K 0 0 43
K 0 0 54
A D 1 8 0
A P 1 181 0
H 23 S 0 0 0 0 0 0 0 0 0
J B 255 33314 1 82 6913 288 0
J N 7 33335 -7 6 1 0 0
T -11 1 wer - 50
K 0 0 43
K 25 0 44
K 0 0 60
K 0 21 60
A D 3 8 0
A P 1 186 0
J N 7 33393 -7 6 3457 864 0
T -3|-11 1 d\!en * 50
K 0 0 43
K 25 0 44
K 0 0 60
K 0 21 60
A D 3 8 0
A P 1 186 0
J B 256 33455 1 82 6913 864 0
J S 0 33476 -19 2 1 0 0
K 0 0 111
K 12 0 110
J N 7 33476 14 6 1 0 1 24
T 0 1 Br\u3 - 51
K 0 0 43
K 24 -6 44
K 0 0 60
K 0 21 60
A D 3 8 0
A P 1 169 0
J N 7 33521 28 4 3457 864 1 24
K 0 0 43
K 0 0 60
K 0 14 60
A D 2 8 0
A P 1 158 0
H 24 S 0 0 0 0 0 0 0 0 0
J N 6 33567 42 4 5761 576 0
T -19|-12 1 d\!er, * 54
K 0 0 43
K 0 0 53
A D 1 8 0
A P 1 146 0
J B 257 33617 1 82 6913 288 0
J N 7 33638 35 6 1 0 0
T -8 1 wo * 39
K 0 0 43
K 25 0 44
K 0 0 59
K 0 -21 59
A D 3 8 0
A P 1 152 0
J N 7 33697 14 6 3457 864 0
T -12|-14 1 d\!ein * 60
K 0 0 43
K 24 -6 44
K 0 0 60
K 0 21 60
A D 3 8 0
A P 1 169 0
J B 258 33760 1 82 6913 864 0
J N 7 33781 14 6 1 0 0
T -14 1 sanf - 57
K 0 0 43
K 24 -6 44
K 0 0 60
K 0 21 60
A D 3 8 0
A P 1 169 0
J N 7 33840 14 6 3457 864 0
T 0|-8 1 t\!er * 40
K 0 0 43
K 24 -6 44
K 0 0 60
K 0 21 60
A D 3 8 0
A P 1 169 0
J B 259 33898 1 82 6913 864 0
J N 7 33919 21 6 1 0 1 25
T 0 1 Fl\u3 - 47
K 0 0 43
K 25 0 44
K 0 0 60
K 0 14 60
A D 3 8 1
A P 1 164 1
J N 7 33962 21 4 3457 864 1 25
K 0 0 43
K 0 0 60
K 0 14 60
A D 2 8 0
A P 1 164 0
H 25 T 21 0 0 0 0 0 1 0
J N 6 34005 14 4 5761 576 0
T -10|-8 1 ge\-l * 40
K 0 0 43
K 0 0 54
A D 1 8 0
A P 1 169 0
J B 260 34052 1 82 6913 288 0
J N 7 34073 14 6 1 0 0
T -20 1 weil\-t. * 75
K 0 0 43
K 24 -6 44
K 0 0 60
K 0 21 60
A D 3 8 0
A P 1 169 0
J R 7 34115 28 2 3457 864 0
K 0 0 48
A D 2 8 1
A P 1 0 1
J R 6 34157 28 2 5761 576 0
K 0 0 49
A D 1 8 0
A P 1 0 0
J B 261 34190 1 82 6913 288 0
J R 9 34211 28 2 1 10001 0
K 0 0 46
A D 6 8 0
A P 1 0 0
J B 262 34316 1 82 6913 1728 0
J R 9 34337 28 2 1 10001 0
K 0 0 46
A D 6 8 0
A P 1 0 0
J B 263 34442 1 82 6913 1728 0
J R 9 34463 28 2 1 10001 0
K 0 0 46
A D 6 8 0
A P 1 0 0
J B 264 34568 1 82 6913 1728 0
J R 9 34589 28 3 1 10001 0
K 0 0 46
K 0 -35 101
A D 6 8 0
A P 1 0 0
J B 265 34702 5 2 6913 1728 0
K -8 0 82
K 0 0 82
J K 1 34723 0 2 6913 0 0
K 0 21 64
K 13 0 63
J T 302 34776 0 2 6913 0 0
K -10 28 74
K -10 56 73
J M 0 34776 0 0 10000 0 0
