S 0 140 140 2210 1968 11 "[(....)][(..)](.)[({..}..)]"
L 0 0 0 256 256 * 0 16 0
J D 0 -82 48 1 6913 0 0
W 0 0 31 Fls
J C 4 6 48 2 6913 0 0
K 0 0 33
K 0 0 34
J K 0 66 0 0 6913 0 0
J D 0 -11 -16 1 6913 0 0
W 0 0 37 \04\06
J N 6 117 -40 7 1 0 1 46
K 1 24 45
K 1 8 45
K 0 0 43
K 0 8 45
K 1 8 45
K 8 -75 96
A D 2 16 0
A P 1 249 0
J N 7 117 -24 7 1 0 0
K 0 8 45
K 0 0 43
K 0 8 45
K 1 8 45
K 0 0 60
K 0 24 60
A D 4 16 0
A P 2 238 0
J N 6 146 -64 9 865 288 1 46
K 1 48 45
K 1 32 45
K 1 16 45
K 1 0 45
K 0 0 43
K -1 0 45
K 3 0 45
K 8 -52 96
A D 2 16 0
A P 1 266 0
J N 6 175 -64 9 1729 288 1 46
K 1 48 45
K 1 32 45
K 1 16 45
K 1 0 45
K 0 0 43
K -1 0 45
K 3 0 45
K 8 -54 96
A D 2 16 0
A P 1 266 0
J R 7 175 32 2 1729 0 0
K 0 0 48
A D 4 16 1
A P 2 0 1
J N 6 204 -64 9 2593 288 1 46
K 1 48 45
K 1 32 45
K 1 16 45
K 1 0 45
K 0 0 43
K -1 0 45
K 3 0 45
K 8 -55 96
A D 2 16 0
A P 1 266 0
H 46 B 61 -2 109 4 2 1 1 3
J N 6 233 -56 7 3457 288 2 47 48
K 1 40 45
K 1 24 45
K 1 8 45
K 0 0 43
K 0 8 45
K 1 8 45
A D 2 16 0
A P 1 260 0
J R 8 233 32 2 3457 0 0
K 0 0 47
A D 8 16 0
A P 2 0 0
J N 6 262 -48 7 4321 288 2 48 47
K 1 32 45
K 1 16 45
K 1 0 45
K 0 0 43
K -1 0 45
K 3 0 45
A D 2 16 0
A P 1 255 0
H 47 S 0 7 -41 7 -45 0 0 0 0
J N 6 291 -40 7 5185 288 1 48
K 1 24 45
K 1 8 45
K 0 0 43
K 0 8 45
K 1 8 45
K 8 -68 96
A D 2 16 0
A P 1 249 0
J N 6 321 -32 7 6049 288 1 48
K 1 16 45
K 1 0 45
K 0 0 43
K -1 0 45
K 3 0 45
K 8 -71 96
A D 2 16 0
A P 1 243 0
H 48 B 47 5 109 4 2 1 1 3
J B 47 355 1 82 6913 288 0
J N 7 380 -8 4 1 0 0
K 0 0 43
K 0 0 59
K 0 -16 59
A D 4 16 0
A P 1 226 0
J N 7 380 -8 4 1 0 0
K 0 0 43
K 0 0 60
K 0 24 60
A D 4 16 0
A P 2 226 0
J N 7 440 -24 12 1729 576 0
K 0 8 45
K 0 -8 45
K 0 -16 43
K 0 -8 45
K 1 -8 45
K 0 0 43
K 0 8 45
K 1 8 45
K 0 -16 60
K 0 0 60
K 0 24 60
A D 4 16 0
A P 1 249 0
A P 2 238 0
J N 7 498 -32 13 3457 576 0
K 0 16 45
K 0 0 45
K 0 -16 45
K 0 -16 43
K -1 -16 45
K 3 -16 45
K 0 0 43
K -1 0 45
K 3 0 45
K 0 -16 60
K 0 0 60
K 0 32 60
A D 4 16 0
A P 1 255 0
A P 2 243 0
J N 7 554 -32 13 5185 576 0
K 0 16 45
K 0 0 45
K 0 -16 45
K 0 -16 43
K -1 -16 45
K 3 -16 45
K 0 0 43
K -1 0 45
K 3 0 45
K 0 -16 60
K 0 0 60
K 0 32 60
A D 4 16 0
A P 1 255 0
A P 2 243 0
J B 48 616 1 82 6913 576 0
J N 6 641 -40 7 1 0 1 49
K 1 24 45
K 1 8 45
K 0 0 43
K 0 8 45
K 1 8 45
K 8 -75 96
A D 2 16 0
A P 1 249 0
J N 7 641 -24 7 1 0 0
K 0 8 45
K 0 0 43
K 0 8 45
K 1 8 45
K 0 0 60
K 0 24 60
A D 4 16 0
A P 2 238 0
J N 6 671 -64 9 865 288 1 49
K 1 48 45
K 1 32 45
K 1 16 45
K 1 0 45
K 0 0 43
K -1 0 45
K 3 0 45
K 8 -52 96
A D 2 16 0
A P 1 266 0
J N 6 701 -64 9 1729 288 1 49
K 1 48 45
K 1 32 45
K 1 16 45
K 1 0 45
K 0 0 43
K -1 0 45
K 3 0 45
K 8 -54 96
A D 2 16 0
A P 1 266 0
J R 7 701 32 2 1729 0 0
K 0 0 48
A D 4 16 1
A P 2 0 1
J N 6 731 -64 9 2593 288 1 49
K 1 48 45
K 1 32 45
K 1 16 45
K 1 0 45
K 0 0 43
K -1 0 45
K 3 0 45
K 8 -55 96
A D 2 16 0
A P 1 266 0
H 49 B 61 -2 109 4 2 1 1 3
J N 6 761 -56 7 3457 288 2 50 51
K 1 40 45
K 1 24 45
K 1 8 45
K 0 0 43
K 0 8 45
K 1 8 45
A D 2 16 0
A P 1 260 0
J R 8 761 32 2 3457 0 0
K 0 0 47
A D 8 16 0
A P 2 0 0
J N 6 791 -48 7 4321 288 2 51 50
K 1 32 45
K 1 16 45
K 1 0 45
K 0 0 43
K -1 0 45
K 3 0 45
A D 2 16 0
A P 1 255 0
H 50 S 0 7 -41 7 -45 0 0 0 0
J N 6 821 -40 7 5185 288 1 51
K 1 24 45
K 1 8 45
K 0 0 43
K 0 8 45
K 1 8 45
K 8 -68 96
A D 2 16 0
A P 1 249 0
J N 6 851 -32 7 6049 288 1 51
K 1 16 45
K 1 0 45
K 0 0 43
K -1 0 45
K 3 0 45
K 8 -71 96
A D 2 16 0
A P 1 243 0
H 51 B 47 5 109 4 2 1 1 3
J B 49 885 1 82 6913 288 0
J N 7 910 -8 4 1 0 0
K 0 0 43
K 0 0 59
K 0 -16 59
A D 4 16 0
A P 1 226 0
J N 7 910 -8 4 1 0 0
K 0 0 43
K 0 0 60
K 0 24 60
A D 4 16 0
A P 2 226 0
J N 7 970 -24 12 1729 576 0
K 0 8 45
K 0 -8 45
K 0 -16 43
K 0 -8 45
K 1 -8 45
K 0 0 43
K 0 8 45
K 1 8 45
K 0 -16 60
K 0 0 60
K 0 24 60
A D 4 16 0
A P 1 249 0
A P 2 238 0
J R 7 1028 32 2 3457 576 0
K 0 0 48
A D 4 16 0
A P 1 0 0
J N 7 1084 -32 13 5185 576 0
K 0 16 45
K 0 0 45
K 0 -16 45
K 0 -16 43
K -1 -16 45
K 3 -16 45
K 0 0 43
K -1 0 45
K 3 0 45
K 0 -16 60
K 0 0 60
K 0 32 60
A D 4 16 0
A P 1 255 0
A P 2 243 0
J B 50 1146 1 82 6913 576 0
J R 7 1171 32 2 1 0 0
K 0 0 48
A D 4 16 0
A P 1 0 0
J N 7 1231 -24 12 1729 576 0
K 0 8 45
K 0 -8 45
K 0 -16 43
K 0 -8 45
K 1 -8 45
K 0 0 43
K 0 8 45
K 1 8 45
K 0 -16 60
K 0 0 60
K 0 24 60
A D 4 16 0
A P 1 249 0
A P 2 238 0
J R 7 1289 32 2 3457 576 0
K 0 0 48
A D 4 16 0
A P 1 0 0
J N 7 1345 -32 13 5185 576 0
K 0 16 45
K 0 0 45
K 0 -16 45
K 0 -16 43
K -1 -16 45
K 3 -16 45
K 0 0 43
K -1 0 45
K 3 0 45
K 0 -16 60
K 0 0 60
K 0 32 60
A D 4 16 0
A P 1 255 0
A P 2 243 0
J B 51 1407 1 82 6913 576 0
J N 7 1432 -24 12 1 0 0
K 0 8 45
K 0 -8 45
K 0 -16 43
K 0 -8 45
K 1 -8 45
K 0 0 43
K 0 8 45
K 1 8 45
K 0 -16 60
K 0 0 60
K 0 24 60
A D 4 16 0
A P 1 249 0
A P 2 238 0
J R 7 1468 32 2 1729 576 0
K 0 0 48
A D 4 16 0
A P 1 0 0
J N 7 1504 -8 4 3457 576 0
K 0 0 43
K 0 0 59
K 0 -16 59
A D 4 16 0
A P 1 226 0
J N 7 1504 -8 4 3457 0 0
K 0 0 43
K 0 0 60
K 0 24 60
A D 4 16 0
A P 2 226 0
J R 7 1540 32 2 5185 576 0
K 0 0 48
A D 4 16 0
A P 1 0 0
J B 52 1582 1 82 6913 576 0
J N 7 1607 -8 4 1 0 0
K 0 0 43
K 0 0 59
K 0 -16 59
A D 4 16 0
A P 1 226 0
J N 7 1607 -8 4 1 0 0
K 0 0 43
K 0 0 60
K 0 24 60
A D 4 16 0
A P 2 226 0
J R 7 1643 32 2 1729 576 0
K 0 0 48
A D 4 16 1
A P 1 0 1
J R 8 1679 32 2 3457 576 0
K 0 0 47
A D 8 16 0
A P 1 0 0
J B 53 1757 1 82 6913 1152 0
J R 9 1860 32 2 1 10000 0
K 0 0 46
A D 16 16 0
A P 3 0 0
J B 54 1995 1 82 6913 2304 0
J D 0 1987 0 1 1 0 0
W 0 -44 32 1.
J N 8 2020 -32 9 1 0 1 52
K 0 16 45
K 0 0 45
K 0 0 42
K -1 0 45
K 3 0 45
K 0 124 108
K 0 0 60
K 0 32 60
A D 8 16 1
A P 1 243 1
J N 6 2092 -32 6 3457 1152 3 53 54 52
K 0 16 45
K 0 0 45
K 0 0 43
K -1 0 45
K 3 0 45
A D 2 16 0
A P 1 243 0
H 52 T -32 0 0 0 0 0 5 0
J N 6 2120 -24 5 4321 288 1 54
K 0 8 45
K 0 0 43
K 0 8 45
K 1 8 45
A D 2 16 0
A P 1 238 0
J N 6 2148 -16 5 5185 288 1 54
K 0 0 45
K 0 0 43
K -1 0 45
K 3 0 45
A D 2 16 0
A P 1 232 0
J N 6 2176 -8 2 6049 288 2 54 53
K 0 0 43
A D 2 16 0
A P 1 226 0
H 54 B -69 5 109 4 2 1 1 3
H 53 S 0 0 0 0 0 0 0 0 0
J B 55 2210 1 82 6913 288 0
E *
L 192 0 0 256 256 * 0 16 0
J D 0 -96 48 1 6913 0 0
W 0 0 31 Obs
J C 4 6 48 2 6913 0 0
K 0 0 33
K 0 0 34
J K 0 66 0 0 6913 0 0
J D 0 -11 -16 1 6913 0 0
W 0 0 0 \04\06
J R 6 117 32 2 1 0 0
K 0 0 49
A D 2 16 0
A P 1 0 0
J D 0 105 0 1 865 288 0
W 0 -20 32 1.
J N 6 146 -8 3 865 0 1 41
K 0 0 43
K 0 -20 96
A D 2 16 0
A P 1 226 0
J N 6 175 -8 3 1729 288 1 41
K 0 0 43
K 0 -20 96
A D 2 16 0
A P 1 226 0
J N 6 204 -8 3 2593 288 1 41
K 0 0 43
K 0 -20 96
A D 2 16 0
A P 1 226 0
H 41 B -56 0 109 3 2 1 3
J N 6 233 0 2 3457 288 2 42 43
K 0 0 43
A D 2 16 0
A P 1 220 0
J N 6 262 8 2 4321 288 2 43 42
K 0 0 43
A D 2 16 0
A P 1 215 0
H 42 S 0 0 0 0 0 0 0 0 0
J N 6 291 16 3 5185 288 1 43
K 0 0 43
K 0 -24 96
A D 2 16 0
A P 1 209 0
J N 6 321 24 3 6049 288 1 43
K 0 0 43
K 0 -16 96
A D 2 16 0
A P 1 203 0
H 43 B -69 5 109 4 2 1 1 3
J B 47 355 1 82 6913 288 0
J N 7 380 48 4 1 0 0
K 0 0 43
K 0 0 59
K 0 -24 59
A D 4 16 0
A P 1 186 0
J R 7 440 32 2 1729 576 0
K 0 0 48
A D 4 16 1
A P 1 0 1
J R 8 498 32 2 3457 576 0
K 0 0 47
A D 8 16 0
A P 1 0 0
J B 48 616 1 82 6913 1152 0
J R 6 641 32 2 1 0 0
K 0 0 49
A D 2 16 0
A P 1 0 0
J N 6 671 -8 3 865 288 1 44
K 0 0 43
K 0 -20 96
A D 2 16 0
A P 1 226 0
J N 6 701 -8 3 1729 288 1 44
K 0 0 43
K 0 -20 96
A D 2 16 0
A P 1 226 0
J N 6 731 -8 3 2593 288 1 44
K 0 0 43
K 0 -20 96
A D 2 16 0
A P 1 226 0
H 44 B -56 0 109 3 2 1 3
J N 6 761 0 2 3457 288 2 45 46
K 0 0 43
A D 2 16 0
A P 1 220 0
J N 6 791 8 2 4321 288 2 46 45
K 0 0 43
A D 2 16 0
A P 1 215 0
H 45 S 0 0 0 0 0 0 0 0 0
J N 6 821 16 3 5185 288 1 46
K 0 0 43
K 0 -24 96
A D 2 16 0
A P 1 209 0
J N 6 851 24 3 6049 288 1 46
K 0 0 43
K 0 -16 96
A D 2 16 0
A P 1 203 0
H 46 B -68 5 109 4 2 1 1 3
J B 49 885 1 82 6913 288 0
J N 7 910 48 4 1 0 0
K 0 0 43
K 0 0 59
K 0 -24 59
A D 4 16 0
A P 1 186 0
J N 7 910 48 4 1 0 0
K 0 0 43
K 0 0 60
K 0 16 60
A D 4 16 0
A P 2 186 0
J N 7 970 16 6 1729 576 0
K 0 -24 43
K 0 0 43
K 0 -24 60
K 0 0 60
K 0 24 60
A D 4 16 0
A P 1 226 0
A P 2 209 0
J R 7 1028 32 2 3457 576 0
K 0 0 48
A D 4 16 0
A P 1 0 0
J N 7 1084 8 6 5185 576 0
K 0 -16 43
K 0 0 43
K 0 -16 60
K 0 0 60
K 0 24 60
A D 4 16 0
A P 1 226 0
A P 2 215 0
J B 50 1146 1 82 6913 576 0
J R 7 1171 32 2 1 0 0
K 0 0 48
A D 4 16 0
A P 1 0 0
J N 7 1231 16 6 1729 576 0
K 0 -24 43
K 0 0 43
K 0 -24 60
K 0 0 60
K 0 24 60
A D 4 16 0
A P 1 226 0
A P 2 209 0
J R 7 1289 32 2 3457 576 0
K 0 0 48
A D 4 16 0
A P 1 0 0
J N 7 1345 8 6 5185 576 0
K 0 -16 43
K 0 0 43
K 0 -16 60
K 0 0 60
K 0 24 60
A D 4 16 0
A P 1 226 0
A P 2 215 0
J B 51 1407 1 82 6913 576 0
J N 7 1432 16 6 1 0 0
K 0 -24 43
K 0 0 43
K 0 -24 60
K 0 0 60
K 0 24 60
A D 4 16 0
A P 1 226 0
A P 2 209 0
J R 7 1468 32 2 1729 576 0
K 0 0 48
A D 4 16 0
A P 1 0 0
J N 7 1504 -8 4 3457 576 0
K 0 0 43
K 0 0 59
K 0 -16 59
A D 4 16 0
A P 1 226 0
J N 7 1504 -8 4 3457 0 0
K 0 0 43
K 0 0 60
K 0 24 60
A D 4 16 0
A P 2 226 0
J R 7 1540 32 2 5185 576 0
K 0 0 48
A D 4 16 0
A P 1 0 0
J B 52 1582 1 82 6913 576 0
J N 7 1607 48 4 1 0 0
K 0 0 43
K 0 0 59
K 0 -24 59
A D 4 16 0
A P 1 186 0
J N 7 1607 48 4 1 0 0
K 0 0 43
K 0 0 60
K 0 16 60
A D 4 16 0
A P 2 186 0
J R 7 1643 32 2 1729 576 0
K 0 0 48
A D 4 16 1
A P 1 0 1
J R 7 1679 32 2 3457 576 0
K 0 0 48
A D 4 16 0
A P 1 0 0
J D 0 1698 0 1 5185 576 0
W 0 -20 32 1.
J N 7 1715 16 5 5185 0 0
K 0 0 43
K 0 80 108
K 0 0 60
K 0 24 60
A D 4 16 0
A P 1 209 0
J B 53 1757 1 82 6913 576 0
J N 8 1782 -8 4 1 0 1 47
K 0 0 42
K 0 0 60
K 0 24 60
A D 8 16 1
A P 1 226 1
J N 6 1854 -8 2 3457 1152 3 48 49 47
K 0 0 43
A D 2 16 0
A P 1 226 0
H 47 T -8 0 0 0 0 0 1 0
J N 6 1905 0 3 4321 288 1 49
K -20 0 63
K 0 0 43
A D 2 16 0
A P 1 221 0
J N 6 1933 8 2 5185 288 1 49
K 0 0 43
A D 2 16 0
A P 1 215 0
J N 6 1961 16 2 6049 288 2 49 48
K 0 0 43
A D 2 16 0
A P 1 209 0
H 49 B -61 4 109 4 2 1 1 3
H 48 S 0 0 0 0 0 0 0 0 0
J B 54 1995 1 82 6913 288 0
J N 7 2020 24 4 1 0 0
K 0 0 43
K 0 0 60
K 0 24 60
A D 4 16 0
A P 1 203 0
J R 7 2056 32 2 1729 576 0
K 0 0 48
A D 4 16 1
A P 1 0 1
J R 8 2092 32 2 3457 576 0
K 0 0 47
A D 8 16 0
A P 1 0 0
J B 55 2210 1 82 6913 1152 0
E *
L 384 0 0 256 256 * 0 16 0
J D 0 -87 48 1 6913 0 0
W 0 -24 31 Cls
J D 0 -87 48 1 6913 0 0
W 0 24 31 (C)
J C 4 6 48 2 6913 0 0
K 0 0 33
K 0 0 34
J K 0 66 0 0 6913 0 0
J D 0 -11 -16 1 6913 0 0
W 0 0 0 \04\06
J N 7 117 32 6 1 0 0
K 0 -16 43
K 0 0 43
K 0 -16 60
K 0 0 60
K 0 24 60
A D 4 16 0
A P 1 209 0
A P 2 198 0
J R 7 175 32 2 1729 576 0
K 0 0 48
A D 4 16 1
A P 1 0 1
J R 8 233 32 2 3457 576 0
K 0 0 47
A D 8 16 0
A P 1 0 0
J B 47 355 1 82 6913 1152 0
J R 7 380 32 2 1 0 0
K 0 0 48
A D 4 16 0
A P 1 0 0
J N 7 440 32 6 1729 576 0
K 0 -16 43
K 0 0 43
K 0 -16 60
K 0 0 60
K 0 24 60
A D 4 16 0
A P 1 209 0
A P 2 198 0
J N 7 498 24 6 3457 576 0
K 0 -16 43
K 0 0 43
K 0 -16 60
K 0 0 60
K 0 24 60
A D 4 16 0
A P 1 215 0
A P 2 203 0
J N 7 554 24 6 5185 576 0
K 0 -16 43
K 0 0 43
K 0 -16 60
K 0 0 60
K 0 24 60
A D 4 16 0
A P 1 215 0
A P 2 203 0
J B 48 616 1 82 6913 576 0
J N 7 641 32 6 1 0 0
K 0 -16 43
K 0 0 43
K 0 -16 60
K 0 0 60
K 0 24 60
A D 4 16 0
A P 1 209 0
A P 2 198 0
J R 7 701 32 2 1729 576 0
K 0 0 48
A D 4 16 1
A P 1 0 1
J R 8 761 32 2 3457 576 0
K 0 0 47
A D 8 16 0
A P 1 0 0
J B 49 885 1 82 6913 1152 0
J N 7 910 48 4 1 0 0
K 0 0 43
K 0 0 59
K 0 -24 59
A D 4 16 0
A P 1 186 0
J N 7 910 48 4 1 0 0
K 0 0 43
K 0 0 60
K 0 16 60
A D 4 16 0
A P 2 186 0
J N 7 970 32 6 1729 576 0
K 0 -16 43
K 0 0 43
K 0 -16 60
K 0 0 60
K 0 24 60
A D 4 16 0
A P 1 209 0
A P 2 198 0
J R 7 1028 32 2 3457 576 0
K 0 0 48
A D 4 16 0
A P 1 0 0
J N 7 1084 24 6 5185 576 0
K 0 -16 43
K 0 0 43
K 0 -16 60
K 0 0 60
K 0 24 60
A D 4 16 0
A P 1 215 0
A P 2 203 0
J B 50 1146 1 82 6913 576 0
J R 7 1171 32 2 1 0 0
K 0 0 48
A D 4 16 0
A P 1 0 0
J N 7 1231 32 6 1729 576 0
K 0 -16 43
K 0 0 43
K 0 -16 60
K 0 0 60
K 0 24 60
A D 4 16 0
A P 1 209 0
A P 2 198 0
J R 7 1289 32 2 3457 576 0
K 0 0 48
A D 4 16 0
A P 1 0 0
J N 7 1345 24 6 5185 576 0
K 0 -16 43
K 0 0 43
K 0 -16 60
K 0 0 60
K 0 24 60
A D 4 16 0
A P 1 215 0
A P 2 203 0
J B 51 1407 1 82 6913 576 0
J N 7 1432 32 6 1 0 0
K 0 -16 43
K 0 0 43
K 0 -16 60
K 0 0 60
K 0 24 60
A D 4 16 0
A P 1 209 0
A P 2 198 0
J R 7 1468 32 2 1729 576 0
K 0 0 48
A D 4 16 0
A P 1 0 0
J N 7 1504 -8 4 3457 576 0
K 0 0 43
K 0 0 59
K 0 -16 59
A D 4 16 0
A P 1 226 0
J N 7 1504 -8 4 3457 0 0
K 0 0 43
K 0 0 60
K 0 24 60
A D 4 16 0
A P 2 226 0
J R 7 1540 32 2 5185 576 0
K 0 0 48
A D 4 16 0
A P 1 0 0
J B 52 1582 1 82 6913 576 0
J N 7 1607 48 4 1 0 0
K 0 0 43
K 0 0 59
K 0 -24 59
A D 4 16 0
A P 1 186 0
J N 7 1607 48 4 1 0 0
K 0 0 43
K 0 0 60
K 0 16 60
A D 4 16 0
A P 2 186 0
J R 7 1643 32 2 1729 576 0
K 0 0 48
A D 4 16 1
A P 1 0 1
J R 8 1679 32 2 3457 576 0
K 0 0 47
A D 8 16 0
A P 1 0 0
J B 53 1757 1 82 6913 1152 0
J R 9 1860 32 2 1 10000 0
K 0 0 46
A D 16 16 0
A P 3 0 0
J B 54 1995 1 82 6913 2304 0
J R 9 2086 32 2 1 10000 0
K 0 0 46
A D 16 16 0
A P 3 0 0
J B 55 2210 1 82 6913 2304 0
E *
L 576 0 0 256 256 * 0 16 0
J D 0 -108 48 1 6913 0 0
W 0 0 31 Fags
J C 22 6 16 36 6913 0 0
J K 0 66 0 0 6913 0 0
J D 0 -11 -16 1 6913 0 0
W 0 0 0 \04\06
J R 6 117 32 2 1 0 0
K 0 0 49
A D 2 16 0
A P 1 0 0
J D 0 98 0 1 865 288 0
W 0 -40 32 1.
J N 6 146 -48 8 865 0 1 50
K 0 32 45
K 0 16 45
K 0 0 45
K 0 0 43
K -1 0 45
K 3 0 45
K 0 -20 96
A D 2 16 0
A P 1 186 0
J N 6 175 -48 8 1729 288 1 50
K 0 32 45
K 0 16 45
K 0 0 45
K 0 0 43
K -1 0 45
K 3 0 45
K 0 -20 96
A D 2 16 0
A P 1 186 0
J N 6 204 -48 8 2593 288 1 50
K 0 32 45
K 0 16 45
K 0 0 45
K 0 0 43
K -1 0 45
K 3 0 45
K 0 -20 96
A D 2 16 0
A P 1 186 0
H 50 B -80 0 109 3 2 1 3
J N 6 233 -40 6 3457 288 2 51 52
K 0 24 45
K 0 8 45
K 0 0 43
K 0 8 45
K 1 8 45
A D 2 16 0
A P 1 180 0
J N 6 262 -32 6 4321 288 2 52 51
K 0 16 45
K 0 0 45
K 0 0 43
K -1 0 45
K 3 0 45
A D 2 16 0
A P 1 175 0
H 51 S 0 0 0 0 0 0 0 0 0
J N 6 291 -24 6 5185 288 1 52
K 0 8 45
K 0 0 43
K 0 8 45
K 1 8 45
K 0 -20 96
A D 2 16 0
A P 1 169 0
J N 6 321 -16 6 6049 288 1 52
K 0 0 45
K 0 0 43
K -1 0 45
K 3 0 45
K 0 -20 96
A D 2 16 0
A P 1 163 0
H 52 B -72 1 109 4 2 1 1 3
J B 47 355 1 82 6913 288 0
J N 7 380 8 4 1 0 0
K 0 0 43
K 0 0 60
K 0 24 60
A D 4 16 0
A P 1 146 0
J R 7 440 32 2 1729 576 0
K 0 0 48
A D 4 16 1
A P 1 0 1
J R 8 498 32 2 3457 576 0
K 0 0 47
A D 8 16 0
A P 1 0 0
J B 48 616 1 82 6913 1152 0
J R 6 641 32 2 1 0 0
K 0 0 49
A D 2 16 0
A P 1 0 0
J N 6 671 -48 8 865 288 1 53
K 0 32 45
K 0 16 45
K 0 0 45
K 0 0 43
K -1 0 45
K 3 0 45
K 0 -20 96
A D 2 16 0
A P 1 186 0
J N 6 701 -48 8 1729 288 1 53
K 0 32 45
K 0 16 45
K 0 0 45
K 0 0 43
K -1 0 45
K 3 0 45
K 0 -20 96
A D 2 16 0
A P 1 186 0
J N 6 731 -48 8 2593 288 1 53
K 0 32 45
K 0 16 45
K 0 0 45
K 0 0 43
K -1 0 45
K 3 0 45
K 0 -20 96
A D 2 16 0
A P 1 186 0
H 53 B -80 0 109 3 2 1 3
J N 6 761 -40 6 3457 288 2 54 55
K 0 24 45
K 0 8 45
K 0 0 43
K 0 8 45
K 1 8 45
A D 2 16 0
A P 1 180 0
J N 6 791 -32 6 4321 288 2 55 54
K 0 16 45
K 0 0 45
K 0 0 43
K -1 0 45
K 3 0 45
A D 2 16 0
A P 1 175 0
H 54 S 0 0 0 0 0 0 0 0 0
J N 6 821 -24 6 5185 288 1 55
K 0 8 45
K 0 0 43
K 0 8 45
K 1 8 45
K 0 -20 96
A D 2 16 0
A P 1 169 0
J N 6 851 -16 6 6049 288 1 55
K 0 0 45
K 0 0 43
K -1 0 45
K 3 0 45
K 0 -20 96
A D 2 16 0
A P 1 163 0
H 55 B -72 1 109 4 2 1 1 3
J B 49 885 1 82 6913 288 0
J N 7 910 8 7 1 0 0
K 0 0 43
K 0 56 43
K 0 56 59
K 0 24 59
K 0 0 59
K 0 -16 59
A D 4 16 0
A P 1 146 0
A P 2 106 0
J N 7 970 8 12 1729 576 0
K 0 -24 45
K 0 -40 45
K 0 -56 45
K 0 -56 43
K -1 -56 45
K 3 -56 45
K 0 0 43
K 0 -56 60
K 0 -24 60
K 0 0 60
K 0 24 60
A D 4 16 0
A P 1 186 0
A P 2 146 0
J R 7 1028 32 2 3457 576 0
K 0 0 48
A D 4 16 0
A P 1 0 0
J N 7 1084 40 10 5185 576 0
K 0 -56 45
K 0 -56 43
K -1 -56 45
K 3 -56 45
K 0 0 43
K 0 -56 60
K 0 -24 60
K 0 0 60
K 0 16 60
A D 4 16 0
A P 1 163 0
A P 2 123 0
J B 50 1146 1 82 6913 576 0
J R 7 1171 32 2 1 0 0
K 0 0 48
A D 4 16 0
A P 1 0 0
J N 7 1231 8 12 1729 576 0
K 0 -24 45
K 0 -40 45
K 0 -56 45
K 0 -56 43
K -1 -56 45
K 3 -56 45
K 0 0 43
K 0 -56 60
K 0 -24 60
K 0 0 60
K 0 24 60
A D 4 16 0
A P 1 186 0
A P 2 146 0
J R 7 1289 32 2 3457 576 0
K 0 0 48
A D 4 16 0
A P 1 0 0
J N 7 1345 40 10 5185 576 0
K 0 -56 45
K 0 -56 43
K -1 -56 45
K 3 -56 45
K 0 0 43
K 0 -56 60
K 0 -24 60
K 0 0 60
K 0 16 60
A D 4 16 0
A P 1 163 0
A P 2 123 0
J B 51 1407 1 82 6913 576 0
J N 7 1432 8 12 1 0 0
K 0 -24 45
K 0 -40 45
K 0 -56 45
K 0 -56 43
K -1 -56 45
K 3 -56 45
K 0 0 43
K 0 -56 60
K 0 -24 60
K 0 0 60
K 0 24 60
A D 4 16 0
A P 1 186 0
A P 2 146 0
J R 7 1468 32 2 1729 576 0
K 0 0 48
A D 4 16 0
A P 1 0 0
J N 7 1504 8 4 3457 576 0
K 0 0 43
K 0 0 59
K 0 -16 59
A D 4 16 0
A P 1 146 0
J N 7 1504 8 4 3457 0 0
K 0 0 43
K 0 0 60
K 0 24 60
A D 4 16 0
A P 2 146 0
J R 7 1540 32 2 5185 576 0
K 0 0 48
A D 4 16 0
A P 1 0 0
J B 52 1582 1 82 6913 576 0
J N 7 1607 64 4 1 0 0
K 0 0 43
K 0 0 59
K 0 -24 59
A D 4 16 0
A P 1 106 0
J N 7 1607 64 4 1 0 0
K 0 0 43
K 0 0 60
K 0 16 60
A D 4 16 0
A P 2 106 0
J R 7 1643 32 2 1729 576 0
K 0 0 48
A D 4 16 1
A P 1 0 1
J R 8 1679 32 2 3457 576 0
K 0 0 47
A D 8 16 0
A P 1 0 0
J B 53 1757 1 82 6913 1152 0
J R 9 1860 32 2 1 10000 0
K 0 0 46
A D 16 16 0
A P 3 0 0
J B 54 1995 1 82 6913 2304 0
J R 9 2086 32 2 1 10000 0
K 0 0 46
A D 16 16 0
A P 3 0 0
J B 55 2210 1 82 6913 2304 0
E *
L 784 0 0 256 256 * 0 16 0
J D 0 -109 48 1 6913 0 0
W 0 -24 31 Cors
J D 0 -109 48 1 6913 0 0
W 0 24 31 (C)
J C 4 6 48 2 6913 0 0
K 0 0 33
K 0 0 34
J K 0 66 0 0 6913 0 0
J D 0 -11 -16 1 6913 0 0
W 0 0 0 \04\06
J N 7 117 48 6 1 0 0
K 0 -32 43
K 0 0 43
K 0 -32 60
K 0 0 60
K 0 16 60
A D 2 8 0
A P 1 209 0
A P 2 186 0
J R 7 175 32 2 1729 576 0
K 0 0 48
A D 2 8 1
A P 1 0 1
J R 8 233 32 2 3457 576 0
K 0 0 47
A D 4 8 0
A P 1 0 0
J B 47 355 1 82 6913 1152 0
J R 7 380 32 2 1 0 0
K 0 0 48
A D 2 8 0
A P 1 0 0
J N 7 440 48 6 1729 576 0
K 0 -32 43
K 0 0 43
K 0 -32 60
K 0 0 60
K 0 16 60
A D 2 8 0
A P 1 209 0
A P 2 186 0
J N 7 498 24 6 3457 576 0
K 0 -16 43
K 0 0 43
K 0 -16 60
K 0 0 60
K 0 24 60
A D 2 8 0
A P 1 215 0
A P 2 203 0
J N 7 554 24 6 5185 576 0
K 0 -16 43
K 0 0 43
K 0 -16 60
K 0 0 60
K 0 24 60
A D 2 8 0
A P 1 215 0
A P 2 203 0
J B 48 616 1 82 6913 576 0
J N 7 641 48 6 1 0 0
K 0 -32 43
K 0 0 43
K 0 -32 60
K 0 0 60
K 0 16 60
A D 2 8 0
A P 1 209 0
A P 2 186 0
J R 7 701 32 2 1729 576 0
K 0 0 48
A D 2 8 1
A P 1 0 1
J R 8 761 32 2 3457 576 0
K 0 0 47
A D 4 8 0
A P 1 0 0
J B 49 885 1 82 6913 1152 0
J R 7 910 32 2 1 0 0
K 0 0 48
A D 2 8 0
A P 1 0 0
J N 7 970 48 6 1729 576 0
K 0 -32 43
K 0 0 43
K 0 -32 60
K 0 0 60
K 0 16 60
A D 2 8 0
A P 1 209 0
A P 2 186 0
J R 7 1028 32 2 3457 576 0
K 0 0 48
A D 2 8 0
A P 1 0 0
J N 7 1084 24 6 5185 576 0
K 0 -16 43
K 0 0 43
K 0 -16 60
K 0 0 60
K 0 24 60
A D 2 8 0
A P 1 215 0
A P 2 203 0
J B 50 1146 1 82 6913 576 0
J R 7 1171 32 2 1 0 0
K 0 0 48
A D 2 8 0
A P 1 0 0
J N 7 1231 48 6 1729 576 0
K 0 -32 43
K 0 0 43
K 0 -32 60
K 0 0 60
K 0 16 60
A D 2 8 0
A P 1 209 0
A P 2 186 0
J R 7 1289 32 2 3457 576 0
K 0 0 48
A D 2 8 0
A P 1 0 0
J N 7 1345 24 6 5185 576 0
K 0 -16 43
K 0 0 43
K 0 -16 60
K 0 0 60
K 0 24 60
A D 2 8 0
A P 1 215 0
A P 2 203 0
J B 51 1407 1 82 6913 576 0
J N 7 1432 48 6 1 0 0
K 0 -32 43
K 0 0 43
K 0 -32 60
K 0 0 60
K 0 16 60
A D 2 8 0
A P 1 209 0
A P 2 186 0
J R 7 1468 32 2 1729 576 0
K 0 0 48
A D 2 8 0
A P 1 0 0
J N 7 1504 48 6 3457 576 0
K 0 -32 43
K 0 0 43
K 0 -32 60
K 0 0 60
K 0 16 60
A D 2 8 0
A P 1 209 0
A P 2 186 0
J R 7 1540 32 2 5185 576 0
K 0 0 48
A D 2 8 0
A P 1 0 0
J B 52 1582 1 82 6913 576 0
J N 7 1607 48 11 1 0 0
K 1 32 45
K 1 48 45
K 0 0 43
K 0 56 43
K 0 48 45
K 1 48 45
K 0 56 59
K 0 24 59
K 0 0 59
K 0 -24 59
A D 2 8 0
A P 1 186 0
A P 2 146 0
J R 7 1643 32 2 1729 576 0
K 0 0 48
A D 2 8 1
A P 1 0 1
J R 8 1679 32 2 3457 576 0
K 0 0 47
A D 4 8 0
A P 1 0 0
J B 53 1757 1 82 6913 1152 0
J R 9 1860 32 2 1 10000 0
K 0 0 46
A D 8 8 0
A P 3 0 0
J B 54 1995 1 82 6913 2304 0
J R 9 2086 32 2 1 10000 0
K 0 0 46
A D 8 8 0
A P 3 0 0
J B 55 2210 1 82 6913 2304 0
E *
L 976 0 0 256 256 * 0 16 0
J D 0 -87 48 1 6913 0 0
W 0 -24 31 Trs
J D 0 -87 48 1 6913 0 0
W 0 24 31 (C)
J C 4 6 48 2 6913 0 0
K 0 0 33
K 0 0 34
J K 0 66 0 0 6913 0 0
J D 0 -11 -16 1 6913 0 0
W 0 0 0 \04\06
J N 7 117 48 13 1 0 0
K 1 32 45
K 1 48 45
K 0 0 43
K 0 56 43
K 0 48 45
K 1 48 45
K 0 97 110
K 19 97 110
K 0 56 59
K 0 24 59
K 0 0 59
K 0 -24 59
A D 2 8 0
A P 1 186 0
A P 2 146 0
J R 7 175 32 2 1729 576 0
K 0 0 48
A D 2 8 0
A P 1 0 0
J N 7 233 48 11 3457 576 0
K 1 32 45
K 1 48 45
K 0 0 43
K 0 56 43
K 0 48 45
K 1 48 45
K 0 56 59
K 0 24 59
K 0 0 59
K 0 -24 59
A D 2 8 0
A P 1 186 0
A P 2 146 0
J R 7 291 32 2 5185 576 0
K 0 0 48
A D 2 8 0
A P 1 0 0
J B 47 355 1 82 6913 576 0
J N 7 380 48 11 1 0 0
K 1 32 45
K 1 48 45
K 0 0 43
K 0 56 43
K 0 48 45
K 1 48 45
K 0 56 59
K 0 24 59
K 0 0 59
K 0 -24 59
A D 2 8 0
A P 1 186 0
A P 2 146 0
J R 7 440 32 2 1729 576 0
K 0 0 48
A D 2 8 1
A P 1 0 1
J R 8 498 32 2 3457 576 0
K 0 0 47
A D 4 8 0
A P 1 0 0
J B 48 616 1 82 6913 1152 0
J N 7 641 48 11 1 0 0
K 1 32 45
K 1 48 45
K 0 0 43
K 0 56 43
K 0 48 45
K 1 48 45
K 0 56 59
K 0 24 59
K 0 0 59
K 0 -24 59
A D 2 8 0
A P 1 186 0
A P 2 146 0
J R 7 701 32 2 1729 576 0
K 0 0 48
A D 2 8 1
A P 1 0 1
J R 8 761 32 2 3457 576 0
K 0 0 47
A D 4 8 0
A P 1 0 0
J B 49 885 1 82 6913 1152 0
J N 7 910 48 11 1 0 0
K 1 32 45
K 1 48 45
K 0 0 43
K 0 56 43
K 0 48 45
K 1 48 45
K 0 56 59
K 0 24 59
K 0 0 59
K 0 -24 59
A D 2 8 0
A P 1 186 0
A P 2 146 0
J N 7 970 48 6 1729 576 0
K 0 -32 43
K 0 0 43
K 0 -32 60
K 0 0 60
K 0 16 60
A D 2 8 0
A P 1 209 0
A P 2 186 0
J R 7 1028 32 2 3457 576 0
K 0 0 48
A D 2 8 0
A P 1 0 0
J N 7 1084 24 6 5185 576 0
K 0 -16 43
K 0 0 43
K 0 -16 60
K 0 0 60
K 0 24 60
A D 2 8 0
A P 1 215 0
A P 2 203 0
J B 50 1146 1 82 6913 576 0
J R 7 1171 32 2 1 0 0
K 0 0 48
A D 2 8 0
A P 1 0 0
J N 7 1231 48 6 1729 576 0
K 0 -32 43
K 0 0 43
K 0 -32 60
K 0 0 60
K 0 16 60
A D 2 8 0
A P 1 209 0
A P 2 186 0
J R 7 1289 32 2 3457 576 0
K 0 0 48
A D 2 8 0
A P 1 0 0
J N 7 1345 24 6 5185 576 0
K 0 -16 43
K 0 0 43
K 0 -16 60
K 0 0 60
K 0 24 60
A D 2 8 0
A P 1 215 0
A P 2 203 0
J B 51 1407 1 82 6913 576 0
J N 7 1432 16 6 1 0 0
K 0 0 43
K 0 32 43
K 0 32 59
K 0 0 59
K 0 -16 59
A D 2 8 0
A P 1 209 0
A P 2 186 0
J R 7 1468 32 2 1729 576 0
K 0 0 48
A D 2 8 0
A P 1 0 0
J N 7 1504 48 11 3457 576 0
K 1 32 45
K 1 48 45
K 0 0 43
K 0 56 43
K 0 48 45
K 1 48 45
K 0 56 59
K 0 24 59
K 0 0 59
K 0 -24 59
A D 2 8 0
A P 1 186 0
A P 2 146 0
J R 7 1540 32 2 5185 576 0
K 0 0 48
A D 2 8 0
A P 1 0 0
J B 52 1582 1 82 6913 576 0
J N 7 1607 48 11 1 0 0
K 1 32 45
K 1 48 45
K 0 0 43
K 0 56 43
K 0 48 45
K 1 48 45
K 0 56 59
K 0 24 59
K 0 0 59
K 0 -24 59
A D 2 8 0
A P 1 186 0
A P 2 146 0
J R 7 1643 32 2 1729 576 0
K 0 0 48
A D 2 8 1
A P 1 0 1
J R 8 1679 32 2 3457 576 0
K 0 0 47
A D 4 8 0
A P 1 0 0
J B 53 1757 1 82 6913 1152 0
J R 9 1860 32 2 1 10000 0
K 0 0 46
A D 8 8 0
A P 3 0 0
J B 54 1995 1 82 6913 2304 0
J R 9 2086 32 2 1 10000 0
K 0 0 46
A D 8 8 0
A P 3 0 0
J B 55 2210 1 82 6913 2304 0
E *
L 1168 0 0 256 256 * 0 16 0
J D 0 -108 48 1 6913 0 0
W 0 -24 31 Tmp
J D 0 -108 48 1 6913 0 0
W 0 24 31 C,G
J C 22 6 16 36 6913 0 0
J K 0 66 0 0 6913 0 0
J D 0 -11 -16 1 6913 0 0
W 0 0 0 \04\06
J N 7 117 64 6 1 0 0
K 0 0 43
K 0 41 110
K 19 41 110
K 0 0 59
K 0 -24 59
A D 4 16 0
A P 1 106 0
J R 7 175 32 2 1729 576 0
K 0 0 48
A D 4 16 0
A P 1 0 0
J N 7 233 64 4 3457 576 0
K 0 0 43
K 0 0 59
K 0 -24 59
A D 4 16 0
A P 1 106 0
J R 7 291 32 2 5185 576 0
K 0 0 48
A D 4 16 0
A P 1 0 0
J B 47 355 1 82 6913 576 0
J N 7 380 64 4 1 0 0
K 0 0 43
K 0 0 59
K 0 -24 59
A D 4 16 0
A P 1 106 0
J R 7 440 32 2 1729 576 0
K 0 0 48
A D 4 16 1
A P 1 0 1
J R 8 498 32 2 3457 576 0
K 0 0 47
A D 8 16 0
A P 1 0 0
J B 48 616 1 82 6913 1152 0
J N 7 641 64 4 1 0 0
K 0 0 43
K 0 0 59
K 0 -24 59
A D 4 16 0
A P 1 106 0
J R 7 701 32 2 1729 576 0
K 0 0 48
A D 4 16 1
A P 1 0 1
J R 8 761 32 2 3457 576 0
K 0 0 47
A D 8 16 0
A P 1 0 0
J B 49 885 1 82 6913 1152 0
J N 7 910 64 4 1 0 0
K 0 0 43
K 0 0 59
K 0 -24 59
A D 4 16 0
A P 1 106 0
J R 7 970 32 2 1729 576 0
K 0 0 48
A D 4 16 0
A P 1 0 0
J N 7 1028 40 4 3457 576 0
K 0 0 43
K 0 0 59
K 0 -24 59
A D 4 16 0
A P 1 123 0
J R 7 1084 32 2 5185 576 0
K 0 0 48
A D 4 16 0
A P 1 0 0
J B 50 1146 1 82 6913 576 0
J N 7 1171 64 4 1 0 0
K 0 0 43
K 0 0 59
K 0 -24 59
A D 4 16 0
A P 1 106 0
J R 7 1231 32 2 1729 576 0
K 0 0 48
A D 4 16 0
A P 1 0 0
J N 7 1289 40 4 3457 576 0
K 0 0 43
K 0 0 59
K 0 -24 59
A D 4 16 0
A P 1 123 0
J R 7 1345 32 2 5185 576 0
K 0 0 48
A D 4 16 0
A P 1 0 0
J B 51 1407 1 82 6913 576 0
J N 7 1432 64 4 1 0 0
K 0 0 43
K 0 0 59
K 0 -24 59
A D 4 16 0
A P 1 106 0
J R 7 1468 32 2 1729 576 0
K 0 0 48
A D 4 16 0
A P 1 0 0
J N 7 1504 64 4 3457 576 0
K 0 0 43
K 0 0 59
K 0 -24 59
A D 4 16 0
A P 1 106 0
J R 7 1540 32 2 5185 576 0
K 0 0 48
A D 4 16 0
A P 1 0 0
J B 52 1582 1 82 6913 576 0
J N 7 1607 64 4 1 0 0
K 0 0 43
K 0 0 59
K 0 -24 59
A D 4 16 0
A P 1 106 0
J R 7 1643 32 2 1729 576 0
K 0 0 48
A D 4 16 1
A P 1 0 1
J R 8 1679 32 2 3457 576 0
K 0 0 47
A D 8 16 0
A P 1 0 0
J B 53 1757 1 82 6913 1152 0
J R 9 1860 32 2 1 10000 0
K 0 0 46
A D 16 16 0
A P 1 0 0
J B 54 1995 1 82 6913 2304 0
J R 9 2086 32 2 1 10000 0
K 0 0 46
A D 16 16 0
A P 1 0 0
J B 55 2210 1 82 6913 2304 0
E *
L 1376 0 0 256 256 * 0 16 0
J D 0 -89 48 1 6913 0 0
W 0 0 31 V1
J C 4 6 48 2 6913 0 0
K 0 0 33
K 0 0 34
J K 0 66 0 0 6913 0 0
J D 0 -11 -16 1 6913 0 0
W 0 0 0 \04\06
J N 7 117 48 12 1 0 0
K 0 -64 45
K 0 -72 43
K 0 -64 45
K 1 -64 45
K 0 -32 43
K 0 0 43
K 0 -72 60
K 0 -40 60
K 0 -8 60
K 0 0 60
K 0 16 60
A D 8 32 0
A P 1 238 0
A P 1 209 0
A P 1 186 0
J R 7 175 32 2 1729 576 0
K 0 0 48
A D 8 32 0
A P 1 0 0
J N 7 233 48 13 3457 576 0
K 0 -64 45
K 0 -80 45
K 0 -80 43
K -1 -80 45
K 3 -80 45
K 0 -40 43
K 0 0 43
K 0 -80 60
K 0 -48 60
K 0 -16 60
K 0 0 60
K 0 16 60
A D 8 32 0
A P 1 243 0
A P 1 215 0
A P 1 186 0
J R 7 291 32 2 5185 576 0
K 0 0 48
A D 8 32 0
A P 1 0 0
J B 47 355 1 82 6913 576 0
J N 7 380 48 12 1 0 0
K 0 -64 45
K 0 -72 43
K 0 -64 45
K 1 -64 45
K 0 -32 43
K 0 0 43
K 0 -72 60
K 0 -40 60
K 0 -8 60
K 0 0 60
K 0 16 60
A D 8 32 0
A P 1 238 0
A P 1 209 0
A P 1 186 0
J R 7 440 32 2 1729 576 0
K 0 0 48
A D 8 32 1
A P 1 0 1
J R 8 498 32 2 3457 576 0
K 0 0 47
A D 16 32 0
A P 1 0 0
J B 48 616 1 82 6913 1152 0
J N 7 641 48 12 1 0 0
K 0 -64 45
K 0 -72 43
K 0 -64 45
K 1 -64 45
K 0 -32 43
K 0 0 43
K 0 -72 60
K 0 -40 60
K 0 -8 60
K 0 0 60
K 0 16 60
A D 8 32 0
A P 1 238 0
A P 1 209 0
A P 1 186 0
J R 7 701 32 2 1729 576 0
K 0 0 48
A D 8 32 0
A P 1 0 0
J N 7 761 48 13 3457 576 0
K 0 -64 45
K 0 -80 45
K 0 -80 43
K -1 -80 45
K 3 -80 45
K 0 -40 43
K 0 0 43
K 0 -80 60
K 0 -48 60
K 0 -16 60
K 0 0 60
K 0 16 60
A D 8 32 0
A P 1 243 0
A P 1 215 0
A P 1 186 0
J R 7 821 32 2 5185 576 0
K 0 0 48
A D 8 32 0
A P 1 0 0
J B 49 885 1 82 6913 576 0
J N 7 910 48 12 1 0 0
K 0 -64 45
K 0 -72 43
K 0 -64 45
K 1 -64 45
K 0 -32 43
K 0 0 43
K 0 -72 60
K 0 -40 60
K 0 -8 60
K 0 0 60
K 0 16 60
A D 8 32 0
A P 1 238 0
A P 1 209 0
A P 1 186 0
J R 7 970 32 2 1729 576 0
K 0 0 48
A D 8 32 0
A P 1 0 0
J N 7 1028 48 13 3457 576 0
K 0 -64 45
K 0 -80 45
K 0 -80 43
K -1 -80 45
K 3 -80 45
K 0 -40 43
K 0 0 43
K 0 -80 60
K 0 -48 60
K 0 -16 60
K 0 0 60
K 0 16 60
A D 8 32 0
A P 1 243 0
A P 1 215 0
A P 1 186 0
J R 7 1084 32 2 5185 576 0
K 0 0 48
A D 8 32 0
A P 1 0 0
J B 50 1146 1 82 6913 576 0
J N 7 1171 48 12 1 0 0
K 0 -64 45
K 0 -72 43
K 0 -64 45
K 1 -64 45
K 0 -32 43
K 0 0 43
K 0 -72 60
K 0 -40 60
K 0 -8 60
K 0 0 60
K 0 16 60
A D 8 32 0
A P 1 238 0
A P 1 209 0
A P 1 186 0
J R 7 1231 32 2 1729 576 0
K 0 0 48
A D 8 32 0
A P 1 0 0
J N 7 1289 48 13 3457 576 0
K 0 -64 45
K 0 -80 45
K 0 -80 43
K -1 -80 45
K 3 -80 45
K 0 -40 43
K 0 0 43
K 0 -80 60
K 0 -48 60
K 0 -16 60
K 0 0 60
K 0 16 60
A D 8 32 0
A P 1 243 0
A P 1 215 0
A P 1 186 0
J R 7 1345 32 2 5185 576 0
K 0 0 48
A D 8 32 0
A P 1 0 0
J B 51 1407 1 82 6913 576 0
J N 7 1432 48 12 1 0 0
K 0 -64 45
K 0 -72 43
K 0 -64 45
K 1 -64 45
K 0 -32 43
K 0 0 43
K 0 -72 60
K 0 -40 60
K 0 -8 60
K 0 0 60
K 0 16 60
A D 8 32 0
A P 1 238 0
A P 1 209 0
A P 1 186 0
J R 7 1468 32 2 1729 576 0
K 0 0 48
A D 8 32 0
A P 1 0 0
J N 7 1504 72 9 3457 576 0
K 0 -80 43
K 0 -40 43
K 0 0 43
K 0 -80 60
K 0 -48 60
K 0 -16 60
K 0 0 60
K 0 16 60
A D 8 32 0
A P 1 226 0
A P 1 198 0
A P 1 169 0
J R 7 1540 32 2 5185 576 0
K 0 0 48
A D 8 32 0
A P 1 0 0
J B 52 1582 1 82 6913 576 0
J N 7 1607 104 9 1 0 0
K 1 -24 45
K 1 -8 45
K 0 0 43
K 0 -8 45
K 1 -8 45
K 0 0 59
K 0 -32 59
K 0 -40 59
A D 8 32 0
A P 1 146 0
J R 7 1643 32 2 1729 576 0
K 0 0 48
A D 8 32 1
A P 1 0 1
J R 8 1679 32 2 3457 576 0
K 0 0 47
A D 16 32 0
A P 1 0 0
J B 53 1757 1 82 6913 1152 0
J R 9 1860 32 2 1 10000 0
K 0 0 46
A D 32 32 0
A P 1 0 0
J B 54 1995 1 82 6913 2304 0
J R 7 2020 32 2 1 0 0
K 0 0 48
A D 8 32 0
A P 1 0 0
J N 7 2056 24 6 1729 576 0
K 0 0 43
K 0 -16 96
K 0 78 108
K 0 0 60
K 0 24 60
A D 8 32 0
A P 1 203 0
J N 7 2092 40 5 3457 576 0
K 0 0 43
K 0 16 96
K 0 0 59
K 0 -24 59
A D 8 32 0
A P 1 192 0
J N 7 2148 56 6 5185 576 0
K -20 0 63
K 0 0 43
K 0 20 96
K 0 0 59
K 0 -24 59
A D 8 32 0
A P 1 181 0
J B 55 2210 1 82 6913 576 0
E *
L 1552 0 0 256 256 * 0 16 0
J D 0 -89 48 1 6913 0 0
W 0 0 31 V2
J C 4 6 48 2 6913 0 0
K 0 0 33
K 0 0 34
J K 0 66 0 0 6913 0 0
J D 0 -11 -16 1 6913 0 0
W 0 0 0 \04\06
J N 7 117 72 9 1 0 0
K 0 -80 43
K 0 -40 43
K 0 0 43
K 0 -80 60
K 0 -48 60
K 0 -16 60
K 0 0 60
K 0 16 60
A D 8 32 0
A P 1 226 0
A P 1 198 0
A P 1 169 0
J R 7 175 32 2 1729 576 0
K 0 0 48
A D 8 32 0
A P 1 0 0
J N 7 233 64 9 3457 576 0
K 0 -72 43
K 0 -40 43
K 0 0 43
K 0 -72 60
K 0 -40 60
K 0 -8 60
K 0 0 60
K 0 16 60
A D 8 32 0
A P 1 226 0
A P 1 203 0
A P 1 175 0
J R 7 291 32 2 5185 576 0
K 0 0 48
A D 8 32 0
A P 1 0 0
J B 47 355 1 82 6913 576 0
J N 7 380 72 9 1 0 0
K 0 -80 43
K 0 -40 43
K 0 0 43
K 0 -80 60
K 0 -48 60
K 0 -16 60
K 0 0 60
K 0 16 60
A D 8 32 0
A P 1 226 0
A P 1 198 0
A P 1 169 0
J R 7 440 32 2 1729 576 0
K 0 0 48
A D 8 32 1
A P 1 0 1
J R 8 498 32 2 3457 576 0
K 0 0 47
A D 16 32 0
A P 1 0 0
J B 48 616 1 82 6913 1152 0
J N 7 641 72 9 1 0 0
K 0 -80 43
K 0 -40 43
K 0 0 43
K 0 -80 60
K 0 -48 60
K 0 -16 60
K 0 0 60
K 0 16 60
A D 8 32 0
A P 1 226 0
A P 1 198 0
A P 1 169 0
J R 7 701 32 2 1729 576 0
K 0 0 48
A D 8 32 0
A P 1 0 0
J N 7 761 64 9 3457 576 0
K 0 -72 43
K 0 -40 43
K 0 0 43
K 0 -72 60
K 0 -40 60
K 0 -8 60
K 0 0 60
K 0 16 60
A D 8 32 0
A P 1 226 0
A P 1 203 0
A P 1 175 0
J R 7 821 32 2 5185 576 0
K 0 0 48
A D 8 32 0
A P 1 0 0
J B 49 885 1 82 6913 576 0
J N 7 910 72 9 1 0 0
K 0 -80 43
K 0 -40 43
K 0 0 43
K 0 -80 60
K 0 -48 60
K 0 -16 60
K 0 0 60
K 0 16 60
A D 8 32 0
A P 1 226 0
A P 1 198 0
A P 1 169 0
J R 7 970 32 2 1729 576 0
K 0 0 48
A D 8 32 0
A P 1 0 0
J N 7 1028 64 9 3457 576 0
K 0 -72 43
K 0 -40 43
K 0 0 43
K 0 -72 60
K 0 -40 60
K 0 -8 60
K 0 0 60
K 0 16 60
A D 8 32 0
A P 1 226 0
A P 1 203 0
A P 1 175 0
J R 7 1084 32 2 5185 576 0
K 0 0 48
A D 8 32 0
A P 1 0 0
J B 50 1146 1 82 6913 576 0
J N 7 1171 72 9 1 0 0
K 0 -80 43
K 0 -40 43
K 0 0 43
K 0 -80 60
K 0 -48 60
K 0 -16 60
K 0 0 60
K 0 16 60
A D 8 32 0
A P 1 226 0
A P 1 198 0
A P 1 169 0
J R 7 1231 32 2 1729 576 0
K 0 0 48
A D 8 32 0
A P 1 0 0
J N 7 1289 64 9 3457 576 0
K 0 -72 43
K 0 -40 43
K 0 0 43
K 0 -72 60
K 0 -40 60
K 0 -8 60
K 0 0 60
K 0 16 60
A D 8 32 0
A P 1 226 0
A P 1 203 0
A P 1 175 0
J R 7 1345 32 2 5185 576 0
K 0 0 48
A D 8 32 0
A P 1 0 0
J B 51 1407 1 82 6913 576 0
J N 7 1432 72 9 1 0 0
K 0 -80 43
K 0 -40 43
K 0 0 43
K 0 -80 60
K 0 -48 60
K 0 -16 60
K 0 0 60
K 0 16 60
A D 8 32 0
A P 1 226 0
A P 1 198 0
A P 1 169 0
J R 7 1468 32 2 1729 576 0
K 0 0 48
A D 8 32 0
A P 1 0 0
J N 7 1504 72 9 3457 576 0
K 0 -80 43
K 0 -40 43
K 0 0 43
K 0 -80 60
K 0 -48 60
K 0 -16 60
K 0 0 60
K 0 16 60
A D 8 32 0
A P 1 226 0
A P 1 198 0
A P 1 169 0
J R 7 1540 32 2 5185 576 0
K 0 0 48
A D 8 32 0
A P 1 0 0
J B 52 1582 1 82 6913 576 0
J N 7 1607 104 9 1 0 0
K 1 -24 45
K 1 -8 45
K 0 0 43
K 0 -8 45
K 1 -8 45
K 0 0 59
K 0 -32 59
K 0 -40 59
A D 8 32 0
A P 1 146 0
J R 7 1643 32 2 1729 576 0
K 0 0 48
A D 8 32 1
A P 1 0 1
J R 8 1679 32 2 3457 576 0
K 0 0 47
A D 16 32 0
A P 1 0 0
J B 53 1757 1 82 6913 1152 0
J N 7 1782 88 9 1 0 0
K 1 -8 45
K 0 0 43
K 0 -8 45
K 1 -8 45
K 0 20 96
K 0 46 108
K 0 0 59
K 0 -24 59
A D 8 32 0
A P 1 158 0
J N 7 1818 72 5 1729 576 0
K 0 0 43
K 0 20 96
K 0 0 59
K 0 -24 59
A D 8 32 0
A P 1 169 0
J N 7 1854 48 5 3457 576 0
K 0 0 43
K 0 24 96
K 0 0 59
K 0 -24 59
A D 8 32 0
A P 1 186 0
J N 7 1933 32 5 5185 576 0
K 0 0 43
K 0 24 96
K 0 0 59
K 0 -16 59
A D 8 32 0
A P 1 198 0
J B 54 1995 1 82 6913 576 0
J N 7 2020 24 4 1 0 0
K 0 0 43
K 0 0 60
K 0 24 60
A D 8 32 0
A P 1 203 0
J R 7 2056 32 2 1729 576 0
K 0 0 48
A D 8 32 1
A P 1 0 1
J R 8 2092 32 2 3457 576 0
K 0 0 47
A D 16 32 0
A P 1 0 0
J B 55 2210 1 82 6913 1152 0
E *
L 1728 0 0 256 256 * 0 16 0
J D 0 -91 48 1 6913 0 0
W 0 0 31 Vla
J C 13 6 32 35 6913 0 0
J K 0 66 0 0 6913 0 0
J D 0 -11 -16 1 6913 0 0
W 0 0 0 \04\06
J N 7 117 56 4 1 0 0
K 0 0 43
K 0 0 59
K 0 -24 59
A D 8 32 0
A P 1 146 0
J R 7 175 32 2 1729 576 0
K 0 0 48
A D 8 32 0
A P 1 0 0
J N 7 233 0 4 3457 576 0
K 0 0 43
K 0 0 60
K 0 24 60
A D 8 32 0
A P 1 186 0
J R 7 291 32 2 5185 576 0
K 0 0 48
A D 8 32 0
A P 1 0 0
J B 47 355 1 82 6913 576 0
J N 6 380 56 2 1 0 1 40
K 0 0 43
A D 4 32 0
A P 1 146 0
J N 6 410 0 3 865 288 1 40
K 0 0 43
K 0 -20 96
A D 4 32 0
A P 1 186 0
J N 6 440 0 3 1729 288 1 40
K 0 0 43
K 0 -20 96
A D 4 32 0
A P 1 186 0
J N 6 470 0 3 2593 288 1 40
K 0 0 43
K 0 -20 96
A D 4 32 0
A P 1 186 0
H 40 B -47 -9 109 4 2 1 1 3
J N 6 498 8 2 3457 288 2 41 42
K 0 0 43
A D 4 32 0
A P 1 180 0
J N 6 526 16 2 4321 288 2 42 41
K 0 0 43
A D 4 32 0
A P 1 175 0
H 41 S 0 0 0 0 0 0 0 0 0
J N 6 554 24 3 5185 288 1 42
K 0 0 43
K 0 -16 96
A D 4 32 0
A P 1 169 0
J N 6 582 32 3 6049 288 1 42
K 0 0 43
K 0 -24 96
A D 4 32 0
A P 1 163 0
H 42 B -61 5 109 4 2 1 1 3
J B 48 616 1 82 6913 288 0
J N 7 641 56 4 1 0 0
K 0 0 43
K 0 0 59
K 0 -24 59
A D 8 32 0
A P 1 146 0
J R 7 701 32 2 1729 576 0
K 0 0 48
A D 8 32 0
A P 1 0 0
J N 7 761 0 4 3457 576 0
K 0 0 43
K 0 0 60
K 0 24 60
A D 8 32 0
A P 1 186 0
J R 7 821 32 2 5185 576 0
K 0 0 48
A D 8 32 0
A P 1 0 0
J B 49 885 1 82 6913 576 0
J N 6 910 56 2 1 0 1 43
K 0 0 43
A D 4 32 0
A P 1 146 0
J N 6 940 0 3 865 288 1 43
K 0 0 43
K 0 -20 96
A D 4 32 0
A P 1 186 0
J N 6 970 0 3 1729 288 1 43
K 0 0 43
K 0 -20 96
A D 4 32 0
A P 1 186 0
J N 6 1000 0 3 2593 288 1 43
K 0 0 43
K 0 -20 96
A D 4 32 0
A P 1 186 0
H 43 B -47 -9 109 4 2 1 1 3
J N 6 1028 8 2 3457 288 2 44 45
K 0 0 43
A D 4 32 0
A P 1 180 0
J N 6 1056 16 2 4321 288 2 45 44
K 0 0 43
A D 4 32 0
A P 1 175 0
H 44 S 0 0 0 0 0 0 0 0 0
J N 6 1084 24 3 5185 288 1 45
K 0 0 43
K 0 -16 96
A D 4 32 0
A P 1 169 0
J N 6 1112 32 3 6049 288 1 45
K 0 0 43
K 0 -24 96
A D 4 32 0
A P 1 163 0
H 45 B -61 5 109 4 2 1 1 3
J B 50 1146 1 82 6913 288 0
J N 6 1171 56 2 1 0 1 46
K 0 0 43
A D 4 32 0
A P 1 146 0
J N 6 1201 0 3 865 288 1 46
K 0 0 43
K 0 -20 96
A D 4 32 0
A P 1 186 0
J N 6 1231 0 3 1729 288 1 46
K 0 0 43
K 0 -20 96
A D 4 32 0
A P 1 186 0
J N 6 1261 0 3 2593 288 1 46
K 0 0 43
K 0 -20 96
A D 4 32 0
A P 1 186 0
H 46 B -47 -9 109 4 2 1 1 3
J N 6 1289 8 2 3457 288 2 47 48
K 0 0 43
A D 4 32 0
A P 1 180 0
J N 6 1317 16 2 4321 288 2 48 47
K 0 0 43
A D 4 32 0
A P 1 175 0
H 47 S 0 0 0 0 0 0 0 0 0
J N 6 1345 24 3 5185 288 1 48
K 0 0 43
K 0 -16 96
A D 4 32 0
A P 1 169 0
J N 6 1373 32 3 6049 288 1 48
K 0 0 43
K 0 -24 96
A D 4 32 0
A P 1 163 0
H 48 B -61 5 109 4 2 1 1 3
J B 51 1407 1 82 6913 288 0
J N 7 1432 56 4 1 0 0
K 0 0 43
K 0 0 59
K 0 -24 59
A D 8 32 0
A P 1 146 0
J R 7 1468 32 2 1729 576 0
K 0 0 48
A D 8 32 0
A P 1 0 0
J N 7 1504 0 4 3457 576 0
K 0 0 43
K 0 0 60
K 0 24 60
A D 8 32 0
A P 1 186 0
J R 7 1540 32 2 5185 576 0
K 0 0 48
A D 8 32 0
A P 1 0 0
J B 52 1582 1 82 6913 576 0
J N 7 1607 56 4 1 0 0
K 0 0 43
K 0 0 59
K 0 -24 59
A D 8 32 0
A P 1 146 0
J R 7 1643 32 2 1729 576 0
K 0 0 48
A D 8 32 1
A P 1 0 1
J R 8 1679 32 2 3457 576 0
K 0 0 47
A D 16 32 0
A P 1 0 0
J B 53 1757 1 82 6913 1152 0
J N 7 1782 56 5 1 0 0
K 0 0 43
K 0 36 108
K 0 0 59
K 0 -24 59
A D 8 32 0
A P 1 146 0
J R 7 1818 32 2 1729 576 0
K 0 0 48
A D 8 32 1
A P 1 0 1
J R 8 1854 32 2 3457 576 0
K 0 0 47
A D 16 32 0
A P 1 0 0
J B 54 1995 1 82 6913 1152 0
J N 7 2020 48 4 1 0 0
K 0 0 43
K 0 0 59
K 0 -24 59
A D 8 32 0
A P 1 152 0
J R 7 2056 32 2 1729 576 0
K 0 0 48
A D 8 32 1
A P 1 0 1
J R 8 2092 32 2 3457 576 0
K 0 0 47
A D 16 32 0
A P 1 0 0
J B 55 2210 1 82 6913 1152 0
E *
L 1904 0 0 256 256 * 0 16 0
J D 0 -79 48 1 6913 0 0
W 0 -24 31 Vc
J D 0 -79 48 1 6913 0 0
W 0 24 31 Cb
J C 22 6 16 36 6913 0 0
J K 0 66 0 0 6913 0 0
J D 0 -11 -16 1 6913 0 0
W 0 0 0 \04\06
J N 7 117 64 4 1 0 0
K 0 0 43
K 0 0 59
K 0 -24 59
A D 8 32 0
A P 1 106 0
J R 7 175 32 2 1729 576 0
K 0 0 48
A D 8 32 0
A P 1 0 0
J N 7 233 8 4 3457 576 0
K 0 0 43
K 0 0 60
K 0 24 60
A D 8 32 0
A P 1 146 0
J R 7 291 32 2 5185 576 0
K 0 0 48
A D 8 32 0
A P 1 0 0
J B 47 355 1 82 6913 576 0
J N 6 380 64 2 1 0 1 38
K 0 0 43
A D 4 32 0
A P 1 106 0
J N 6 410 8 3 865 288 1 38
K 0 0 43
K 0 -20 96
A D 4 32 0
A P 1 146 0
J N 6 440 8 3 1729 288 1 38
K 0 0 43
K 0 -20 96
A D 4 32 0
A P 1 146 0
J N 6 470 8 3 2593 288 1 38
K 0 0 43
K 0 -20 96
A D 4 32 0
A P 1 146 0
H 38 B -47 -9 109 4 2 1 1 3
J N 6 498 16 2 3457 288 2 39 40
K 0 0 43
A D 4 32 0
A P 1 140 0
J N 6 526 24 2 4321 288 2 40 39
K 0 0 43
A D 4 32 0
A P 1 135 0
H 39 S 0 0 0 0 0 0 0 0 0
J N 6 554 32 3 5185 288 1 40
K 0 0 43
K 0 -24 96
A D 4 32 0
A P 1 129 0
J N 6 582 40 3 6049 288 1 40
K 0 0 43
K 0 -16 96
A D 4 32 0
A P 1 123 0
H 40 B -57 5 109 4 2 1 1 3
J B 48 616 1 82 6913 288 0
J N 7 641 64 4 1 0 0
K 0 0 43
K 0 0 59
K 0 -24 59
A D 8 32 0
A P 1 106 0
J R 7 701 32 2 1729 576 0
K 0 0 48
A D 8 32 0
A P 1 0 0
J N 7 761 8 4 3457 576 0
K 0 0 43
K 0 0 60
K 0 24 60
A D 8 32 0
A P 1 146 0
J R 7 821 32 2 5185 576 0
K 0 0 48
A D 8 32 0
A P 1 0 0
J B 49 885 1 82 6913 576 0
J N 6 910 64 2 1 0 1 41
K 0 0 43
A D 4 32 0
A P 1 106 0
J N 6 940 8 3 865 288 1 41
K 0 0 43
K 0 -20 96
A D 4 32 0
A P 1 146 0
J N 6 970 8 3 1729 288 1 41
K 0 0 43
K 0 -20 96
A D 4 32 0
A P 1 146 0
J N 6 1000 8 3 2593 288 1 41
K 0 0 43
K 0 -20 96
A D 4 32 0
A P 1 146 0
H 41 B -47 -9 109 4 2 1 1 3
J N 6 1028 16 2 3457 288 2 42 43
K 0 0 43
A D 4 32 0
A P 1 140 0
J N 6 1056 24 2 4321 288 2 43 42
K 0 0 43
A D 4 32 0
A P 1 135 0
H 42 S 0 0 0 0 0 0 0 0 0
J N 6 1084 32 3 5185 288 1 43
K 0 0 43
K 0 -24 96
A D 4 32 0
A P 1 129 0
J N 6 1112 40 3 6049 288 1 43
K 0 0 43
K 0 -16 96
A D 4 32 0
A P 1 123 0
H 43 B -57 5 109 4 2 1 1 3
J B 50 1146 1 82 6913 288 0
J N 6 1171 64 2 1 0 1 44
K 0 0 43
A D 4 32 0
A P 1 106 0
J N 6 1201 8 3 865 288 1 44
K 0 0 43
K 0 -20 96
A D 4 32 0
A P 1 146 0
J N 6 1231 8 3 1729 288 1 44
K 0 0 43
K 0 -20 96
A D 4 32 0
A P 1 146 0
J N 6 1261 8 3 2593 288 1 44
K 0 0 43
K 0 -20 96
A D 4 32 0
A P 1 146 0
H 44 B -47 -9 109 4 2 1 1 3
J N 6 1289 16 2 3457 288 2 45 46
K 0 0 43
A D 4 32 0
A P 1 140 0
J N 6 1317 24 2 4321 288 2 46 45
K 0 0 43
A D 4 32 0
A P 1 135 0
H 45 S 0 0 0 0 0 0 0 0 0
J N 6 1345 32 3 5185 288 1 46
K 0 0 43
K 0 -24 96
A D 4 32 0
A P 1 129 0
J N 6 1373 40 3 6049 288 1 46
K 0 0 43
K 0 -16 96
A D 4 32 0
A P 1 123 0
H 46 B -57 5 109 4 2 1 1 3
J B 51 1407 1 82 6913 288 0
J N 7 1432 64 4 1 0 0
K 0 0 43
K 0 0 59
K 0 -24 59
A D 8 32 0
A P 1 106 0
J R 7 1468 32 2 1729 576 0
K 0 0 48
A D 8 32 0
A P 1 0 0
J N 7 1504 8 4 3457 576 0
K 0 0 43
K 0 0 60
K 0 24 60
A D 8 32 0
A P 1 146 0
J R 7 1540 32 2 5185 576 0
K 0 0 48
A D 8 32 0
A P 1 0 0
J B 52 1582 1 82 6913 576 0
J N 7 1607 64 4 1 0 0
K 0 0 43
K 0 0 59
K 0 -24 59
A D 8 32 0
A P 1 106 0
J R 7 1643 32 2 1729 576 0
K 0 0 48
A D 8 32 1
A P 1 0 1
J R 8 1679 32 2 3457 576 0
K 0 0 47
A D 16 32 0
A P 1 0 0
J B 53 1757 1 82 6913 1152 0
J N 7 1782 8 5 1 0 0
K 0 0 43
K 0 84 108
K 0 0 60
K 0 24 60
A D 8 32 0
A P 1 146 0
J R 7 1818 32 2 1729 576 0
K 0 0 48
A D 8 32 1
A P 1 0 1
J R 8 1854 32 2 3457 576 0
K 0 0 47
A D 16 32 0
A P 1 0 0
J B 54 1995 1 82 6913 1152 0
J N 7 2020 0 4 1 0 0
K 0 0 43
K 0 0 60
K 0 24 60
A D 8 32 0
A P 1 152 0
J R 7 2056 32 2 1729 576 0
K 0 0 48
A D 8 32 1
A P 1 0 1
J R 8 2092 32 2 3457 576 0
K 0 0 47
A D 16 32 0
A P 1 0 0
J B 55 2210 1 82 6913 1152 0
E *
B 1 355 0
B 1 616 0
B 1 885 0
B 1 1146 0
B 1 1407 0
B 1 1582 0
B 1 1757 0
B 1 1995 0
B 1 2210 0
