S 0 100 140 2250 84 1 "(.)"            
L 0 0 0 250 250 * 0 21 0            
J C 4 7 63 2 6913 0 0            
K 0 0 33            
K 0 0 34            
J K 0 85 0 0 6913 0 0            
J D 0 -16 -21 1 6913 0 0            
W 0 0 37 \09\07            
J N 7 157 -32 9 1 0 0            
K 0 11 45            
K -23 0 65            
K 0 0 43            
K 0 11 45            
K 2 11 45            
K 0 -26 96            
K 0 0 60            
K 0 32 60            
A D 4 16            
J N 7 216 -11 6 1729 576 0        
K -22 0 64            
K 0 0 43            
K 0 -26 96            
K 0 0 60            
K 0 32 60            
A D 4 16            
J N 7 263 10 5 3457 576 0        
K 0 0 43            
K 0 -26 96            
K 0 0 60            
K 0 32 60            
A D 4 16            
J N 7 323 31 6 5185 576 0            
K -25 0 63            
K 0 0 43            
K 0 -21 96            
K 0 0 60            
K 0 32 60            
A D 4 16            
J B 98 370 1 82 6913 576 0            
J N 8 402 21 6 1 0 0            
K 0 0 42            
K -8 111 111            
K 10 111 110            
K 0 0 60            
K 0 31 60            
A D 8 16            
J N 8 459 10 6 3457 1152 0            
K 0 0 42            
K -8 122 111            
K 10 122 110            
K 0 0 60            
K 0 32 60            
A D 8 16            
J B 99 522 1 82 6913 1152 0            
J N 8 559 31 7 1 0 0            
K -22 0 64            
K 0 0 42            
K -8 105 111            
K 10 105 110            
K 0 0 60            
K 0 32 60            
A D 8 16            
J N 8 616 21 6 3457 1152 0            
K 0 0 42            
K -8 111 111            
K 10 111 110            
K 0 0 60            
K 0 31 60            
A D 8 16            
J B 100 679 1 82 6913 1152 0            
J N 7 711 63 6 1 0 0            
K 0 0 43            
K -8 69 110            
K 22 69 108            
K 0 0 59            
K 0 -32 59            
A D 4 16            
J R 7 752 42 2 1729 576 0            
K 0 0 48            
A D 4 16            
J R 8 793 42 2 3457 576 0            
K 0 0 47            
A D 8 16            
J B 101 856 1 82 6913 1152 0            
J R 8 888 42 2 1 0 0            
K 0 0 47            
A D 8 16            
J R 7 945 42 2 3457 1152 0            
K 0 0 48            
A D 4 16            
J N 7 1004 0 7 5185 576 1 64            
K -25 0 63            
K 0 0 43            
K -8 132 111            
K 10 132 110            
K 0 0 60            
K 0 31 60            
A D 4 16            
J B 102 1051 1 82 6913 576 0            
J N 7 1083 -11 4 1 0 1 64            
K 0 0 43            
K 0 0 60            
K 0 32 60            
A D 4 16            
H 64 S 0 0 0 0 0 0 0 0 0            
J R 7 1124 42 2 1729 576 0            
K 0 0 48            
A D 4 16            
J R 8 1165 42 2 3457 576 0            
K 0 0 47            
A D 8 16            
J B 103 1228 1 82 6913 1152 0            
J R 8 1260 42 2 1 0 0            
K 0 0 47            
A D 8 16            
J R 7 1317 42 2 3457 1152 0            
K 0 0 48            
A D 4 16            
J N 7 1376 0 7 5185 576 1 65            
K -25 0 63            
K 0 0 43            
K -8 132 111            
K 10 132 110            
K 0 0 60            
K 0 31 60            
A D 4 16            
J B 104 1423 1 82 6913 576 0            
J N 7 1455 -11 4 1 0 1 65            
K 0 0 43            
K 0 0 60            
K 0 32 60            
A D 4 16            
H 65 S 0 0 0 0 0 0 0 0 0            
J R 7 1496 42 2 1729 576 0            
K 0 0 48            
A D 4 16            
J R 7 1537 42 2 3457 576 0            
K 0 0 48            
A D 4 16            
J N 7 1578 -42 10 5185 576 1 66            
K 0 21 45            
K 0 0 45            
K 0 0 43            
K -1 0 45            
K 6 0 45            
K -8 174 111            
K 10 174 110            
K 0 0 60            
K 0 42 60            
A D 4 16            
J B 105 1625 1 82 6913 576 0            
J N 7 1657 -32 7 1 0 1 66            
K 0 11 45            
K 0 0 43            
K 0 11 45            
K 2 11 45            
K 0 0 60            
K 0 32 60            
A D 4 16            
H 66 S 0 0 0 0 0 0 0 0 0            
J R 7 1698 42 2 1729 576 0            
K 0 0 48            
A D 4 16            
J R 7 1739 42 2 3457 576 0            
K 0 0 48            
A D 4 16            
J N 7 1780 -42 10 5185 576 1 67            
K 0 21 45            
K 0 0 45            
K 0 0 43            
K -1 0 45            
K 6 0 45            
K -8 174 110            
K 17 174 110            
K 0 0 60            
K 0 42 60            
A D 4 16            
J B 106 1827 1 82 6913 576 0            
J N 7 1859 -32 7 1 0 1 67            
K 0 11 45            
K 0 0 43            
K 0 11 45            
K 2 11 45            
K 0 0 60            
K 0 32 60            
A D 4 16            
H 67 S 0 0 0 0 0 0 0 0 0            
J R 7 1900 42 2 1729 576 0            
K 0 0 48            
A D 4 16            
J R 8 1941 42 2 3457 576 0            
K 0 0 47            
A D 8 16            
J B 107 2004 1 82 6913 1152 0            
J R 9 2106 42 2 1 10000 0            
K 0 0 46            
A D 16 16            
J B 108 2250 1 82 6913 2304 1 68            
J M 0 2250 0 0 6913 0 1 68            
H 68 N            
E *            
B 1 370 0            
B 1 522 0            
B 1 679 0            
B 1 856 0            
B 1 1051 0            
B 1 1228 0            
B 1 1423 0            
B 1 1625 0            
B 1 1827 0            
B 1 2004 0            
B 1 2250 0            
S 0 100 476 2250 84 1 "(.)"
L 0 0 0 250 250 * 0 21 0            
J C 4 7 63 2 6913 0 0            
K 0 0 33            
K 0 0 34            
J K 0 85 0 0 6913 0 0            
J D 0 -39 -21 1 6913 0 0            
W 0 0 37 \01\00\08            
J D 0 119 0 0 6913 0 1 68            
J R 8 151 42 2 1 0 0            
K 0 0 47            
A D 8 16            
J N 8 208 -11 4 3457 1152 2 70 69            
K 0 0 42            
K 0 0 60            
K 0 32 60            
A D 8 16            
J B 109 271 1 82 6913 1152 0            
J N 8 303 0 5 1 0 0            
K -22 0 64            
K 0 0 42            
K 0 0 60            
K 0 31 60            
A D 8 16            
J N 8 360 21 4 3457 1152 2 70 69            
K 0 0 42            
K 0 0 60            
K 0 31 60            
A D 8 16            
H 69 W 31 0 10 136 21 136            
H 70 S 0 0 0 0 0 0 0 0 0            
J B 110 458 6 4 6913 1152 2 68 71            
K -35 31 44            
K -35 52 44            
K -20 0 82            
K -9 0 84            
J M 0 119 0 0 6913 0 1 68            
H 68 E 1 0 -13 -63 31 31            
J R 8 490 42 2 1 0 0            
K 0 0 47            
A D 8 16            
J N 8 547 -11 4 3457 1152 2 73 72            
K 0 0 42            
K 0 0 60            
K 0 32 60            
A D 8 16            
J B 111 610 1 82 6913 1152 0            
J N 8 642 0 4 1 0 0            
K 0 0 42            
K 0 0 60            
K 0 31 60            
A D 8 16            
J N 8 699 21 4 3457 1152 2 73 72            
K 0 0 42            
K 0 0 60            
K 0 31 60            
A D 8 16            
H 72 W 31 0 10 136 21 136            
H 73 S 0 0 0 0 0 0 0 0 0            
J B 112 775 5 2 6913 1152 1 71            
K -13 0 82            
K 0 0 82            
H 71 E 2 0 0 -63 31 31            
J N 8 807 10 6 1 0 0            
K 0 0 42            
K 38 0 44            
K 0 122 110            
K 0 0 60            
K 0 32 60            
A D 12 16            
J R 7 887 42 2 5185 1728 0        
K 0 0 48            
A D 4 16            
J B 113 940 1 82 6913 576 0        
J S 4 979 31 8 3 576 0        
K 0 0 62            
K 0 5 62            
K 201 11 92        
K 174 11 92        
K 147 11 92        
K 120 11 92        
K 93 11 92        
K 66 11 92        
K 39 11 92        
K 12 11 92        
K 0 11 92            
K 231 0 62        
K 231 5 62        
K 100 9 74        
J B 116 1249 1 82 6913 1 0        
J N 8 1281 -21 9 1 0 0        
K 0 0 45            
K 0 0 42            
K -1 0 45            
K 6 0 45            
K 36 -9 44            
K 0 153 110            
K 0 0 60            
K 0 31 60            
A D 12 16            
J R 7 1361 42 2 5185 1728 0        
K 0 0 48            
A D 4 16            
J B 117 1411 1 82 6913 576 0        
J S 4 1453 31 8 3 576 0        
K 0 0 62            
K 0 5 62            
K 225 11 92            
K 195 11 92            
K 165 11 92            
K 135 11 92            
K 105 11 92            
K 75 11 92            
K 45 11 92            
K 15 11 92            
K 0 11 92            
K 255 0 62            
K 255 5 62            
K 112 9 74            
J B 120 1750 1 82 6913 1 0        
J N 8 1782 -53 11 1 0 0        
K 0 32 45            
K 0 11 45            
K 0 0 42            
K 0 11 45            
K 2 11 45            
K 38 0 44            
K 0 185 110            
K 0 0 60            
K 0 42 60            
K 0 53 60            
A D 12 16            
J R 7 1862 42 2 5185 1728 0        
K 0 0 48            
A D 4 16            
J B 121 1912 1 82 6913 576 0            
J S 4 1954 31 9 14 576 0            
K 0 0 62            
K 0 5 62            
K 224 11 92            
K 194 11 92            
K 164 11 92            
K 134 11 92            
K 104 11 92            
K 74 11 92            
K 44 11 92            
K 14 11 92            
K 0 11 92            
K 254 0 62            
K 254 5 62            
K 127 9 75            
K 96 9 72            
J B 135 2250 1 82 6913 1 0            
E *            
B 1 271 0            
B 6 458 0            
B 1 610 0            
B 5 775 0            
B 1 940 0        
B 1 1249 0        
B 1 1411 0        
B 1 1750 0        
B 1 1912 0            
B 1 2250 0            
S 0 100 812 2250 84 1 "(.)"
L 0 0 0 250 250 * 0 21 0            
J C 4 7 63 2 6913 0 0            
K 0 0 33            
K 0 0 34            
J K 0 85 0 0 6913 0 0            
J D 0 -39 -21 1 6913 0 0            
W 0 0 37 \01\03\05            
J D 0 114 0 1 1 0 0        
W 0 -42 32 Fl. 1            
J N 7 151 10 5 1 0 0            
K -18 0 193            
K 0 0 171            
K 0 0 188            
K 0 21 188            
A D 4 16            
J R 9 207 84 2 1 10000 0            
K 0 0 46            
A D 16 16            
J N 7 203 -11 4 1729 576 0            
K 0 0 171            
K 0 0 188            
K 0 21 188            
A D 4 16            
J N 7 249 -32 8 3457 576 0            
K 0 11 173            
K -18 0 193            
K 0 0 171            
K 0 11 173            
K 2 11 173            
K 0 0 188            
K 0 22 188            
A D 4 16            
J N 7 299 -63 11 5185 576 0        
K 0 42 173            
K 0 21 173            
K 0 0 173            
K -18 0 193            
K 0 0 171            
K -1 0 173            
K 6 0 173            
K 0 0 188            
K 0 42 188            
K 0 53 188            
A D 4 16            
J B 136 337 1 82 6913 576 0            
J N 9 370 -84 13 1 0 1 74            
K 0 63 173            
K 7 63 173            
K 0 42 173            
K 7 42 173            
K 0 21 173            
K 7 21 173            
K 0 0 173            
K 7 0 173            
K -18 0 193            
K 0 0 169            
K -1 0 173            
K 6 0 173            
A D 16 16            
J R 9 399 84 2 1 10000 0            
K 0 0 46            
A D 16 16            
J B 137 491 1 82 6913 2304 0        
J N 7 524 -84 12 1 0 1 74        
K 0 63 173            
K 0 42 173            
K 0 21 173            
K 0 0 173            
k -18 0 193            
K 0 0 171            
K -1 0 173            
K 6 0 173            
K 0 0 188            
K 0 42 188            
K 0 74 188            
A D 4 16            
H 74 T -84 0 0 0 0 0 5 0            
J R 9 577 84 2 1 10000 0        
K 0 0 46            
A D 16 16            
J N 7 576 -21 7 1729 576 0        
K 0 0 173            
K 0 0 171            
K -1 0 173            
K 6 0 173            
K 0 0 188            
K 0 21 188            
A D 4 16            
J N 7 617 -21 7 3457 576 0        
K 0 0 173            
K 0 0 171            
K -1 0 173            
K 6 0 173            
K 0 0 188            
K 0 21 188            
A D 4 16            
J N 7 658 -21 7 5185 576 0        
K 0 0 173            
K 0 0 171            
K -1 0 173            
K 6 0 173            
K 0 0 188            
K 0 21 188            
A D 4 16            
J B 138 705 1 82 6913 576 0        
J N 7 738 -32 8 1 0 0        
K 0 11 173            
K -18 0 193            
K 0 0 171            
K 0 11 173            
K 2 11 173            
K 0 0 188            
K 0 22 188            
A D 4 16            
J R 9 777 84 2 1 10000 0        
K 0 0 46            
A D 16 16            
J R 7 781 21 2 1729 576 0        
K 0 0 176            
A D 4 16            
J R 8 822 21 2 3457 576 0        
K 0 0 175            
A D 8 16            
J B 139 885 1 82 6913 1152 0        
J S 4 969 31 8 3 1152 0        
K 0 0 62            
K 0 5 62            
K 154 11 92            
K 124 11 92            
K 94 11 92            
K 64 11 92            
K 34 11 92            
K 4 11 92            
K 0 11 92            
K 184 0 62            
K 184 5 62            
K 77 9 74            
J B 142 1240 1 82 6913 1 0        
J N 7 1271 -32 9 1 0 0        
K 0 11 45            
K -23 0 65            
K 0 0 43            
K 0 11 45            
K 2 11 45            
K 0 164 110            
K 0 0 60            
K 0 32 60            
A D 4 16            
J N 7 1321 -53 9 1729 576 0        
K 0 32 45            
K 0 11 45            
K 0 0 43            
K 0 11 45            
K 2 11 45            
K 0 0 60            
K 0 42 60            
K 0 53 60            
A D 4 16            
J N 7 1381 -63 11 3457 576 0        
K 0 42 45            
K 0 21 45            
K 0 0 45            
K -23 0 65            
K 0 0 43            
K -1 0 45            
K 6 0 45            
K 0 0 60            
K 0 42 60            
K 0 63 60            
A D 4 16            
J N 7 1425 -63 10 5185 576 0        
K 0 42 45            
K 0 21 45            
K 0 0 45            
K 0 0 43            
K -1 0 45            
K 6 0 45            
K 0 0 60            
K 0 42 60            
K 0 63 60            
A D 4 16            
J B 143 1475 1 82 6913 576 0        
J N 7 1510 -53 9 1 0 0        
K 0 32 45            
K 0 11 45            
K 0 0 43            
K 0 11 45            
K 2 11 45            
K 0 0 60            
K 0 42 60            
K 0 53 60            
A D 4 16            
J N 7 1554 -53 9 1729 576 0        
K 0 32 45            
K 0 11 45            
K 0 0 43            
K 0 11 45            
K 2 11 45            
K 0 0 60            
K 0 42 60            
K 0 53 60            
A D 4 16            
J N 7 1620 -63 11 3457 576 0        
K 0 42 45            
K 0 21 45            
K 0 0 45            
K -23 0 65            
K 0 0 43            
K -1 0 45            
K 6 0 45            
K 0 0 60            
K 0 42 60            
K 0 63 60            
A D 4 16            
J N 7 1664 -63 10 5185 576 0        
K 0 42 45            
K 0 21 45            
K 0 0 45            
K 0 0 43            
K -1 0 45            
K 6 0 45            
K 0 0 60            
K 0 42 60            
K 0 63 60            
A D 4 16            
J B 144 1714 1 82 6913 576 0        
J N 7 1749 -53 9 1 0 0        
K 0 32 45            
K 0 11 45            
K 0 0 43            
K 0 11 45            
K 2 11 45            
K 0 0 60            
K 0 42 60            
K 0 53 60            
A D 4 16            
J R 7 1793 42 2 1729 576 0        
K 0 0 48            
A D 4 16            
J R 8 1837 42 2 3457 576 0            
K 0 0 47            
A D 8 16            
J B 145 1900 1 82 6913 1152 0        
J S 4 1984 31 9 15 1152 0            
K 0 0 62            
K 0 5 62            
K 152 11 92            
K 122 11 92            
K 92 11 92            
K 62 11 92            
K 32 11 92            
K 2 11 92            
K 0 11 92            
K 182 0 62            
K 182 5 62            
K 91 9 76            
K 60 9 72            
J B 160 2250 1 82 6913 1 0            
E *            
B 1 337 0            
B 1 491 0        
B 1 705 0        
B 1 885 0        
B 1 1240 0        
B 1 1475 0        
B 1 1714 0        
B 1 1900 0        
B 1 2250 0            
S 0 100 1148 2250 84 1 "(.)"
L 0 0 0 250 250 * 0 21 0            
J C 4 7 63 2 6913 0 0            
K 0 0 33            
K 0 0 34            
J K 0 85 0 0 6913 0 0            
J D 0 -39 -21 1 6913 0 0            
W 0 0 37 \01\06\00            
J D 0 151 0 1 1 0 0            
W 0 -63 32 Fl. 1            
J R 7 151 21 2 1 0 0            
K 0 0 176            
A D 4 16            
J R 9 224 84 2 1 10000 0    
K 0 0 46            
A D 16 16            
J N 7 203 -11 5 1729 576 1 75    
K -20 0 191            
K 0 0 171            
K 0 0 188            
K 0 21 188            
A D 4 16            
J N 7 247 -21 7 3457 576 0    
K 0 0 173            
K 0 0 171            
K -1 0 173            
K 6 0 173            
K 0 0 188            
K 0 21 188            
A D 4 16            
J N 7 292 -32 8 5185 576 0    
K 0 11 173            
K -17 0 192            
K 0 0 171            
K 0 11 173            
K 2 11 173            
K 0 0 188            
K 0 22 188            
A D 4 16            
J B 161 330 1 82 6913 576 0    
J N 7 347 -42 8 1 0 1 75    
K 0 21 173            
K 0 0 173            
K 0 0 171            
K -1 0 173            
K 6 0 173            
K 0 0 188            
K 0 32 188            
A D 4 16            
H 75 S 0 0 0 0 0 0 0 0 0            
J R 9 400 84 2 1 10000 0    
K 0 0 46            
A D 16 16            
J N 7 396 -42 8 1729 576 1 76    
K 0 21 173            
K 0 0 173            
K 0 0 171            
K -1 0 173            
K 6 0 173            
K 0 0 188            
K 0 32 188            
A D 4 16            
J N 7 434 -32 7 3457 576 0    
K 0 11 173            
K 0 0 171            
K 0 11 173            
K 2 11 173            
K 0 0 188            
K 0 22 188            
A D 4 16            
J N 7 475 -21 7 5185 576 1 76    
K 0 0 173            
K 0 0 171            
K -1 0 173            
K 6 0 173            
K 0 0 188            
K 0 21 188            
A D 4 16            
H 76 S 0 0 0 0 0 0 0 0 0            
J B 162 513 1 82 6913 576 0    
J N 7 548 -11 5 1 0 0    
K -20 0 191            
K 0 0 171            
K 0 0 188            
K 0 21 188            
A D 4 16            
J R 9 574 84 2 1 10000 0    
K 0 0 46            
A D 16 16            
J R 7 588 21 2 1729 576 0    
K 0 0 176            
A D 4 16            
J R 8 620 21 2 3457 576 0    
K 0 0 175            
A D 8 16            
J B 163 674 1 82 6913 1152 0    
J R 9 763 42 46 1 10000 0    
J B 164 888 1 82 6913 2304 0    
J N 8 920 -21 10 1 0 1 77    
K 0 0 45            
K 0 0 42            
K -1 0 45            
K 6 0 45            
K 36 -9 44            
K -8 153 110            
K 17 153 110            
K 0 0 60            
K 0 31 60            
A D 12 16            
J N 7 1003 -32 7 5185 1728 0    
K 0 11 45            
K 0 0 43            
K 0 11 45            
K 2 11 45            
K 0 0 60            
K 0 32 60            
A D 4 16            
J B 165 1047 1 82 6913 576 0    
J N 7 1079 -53 9 1 0 0    
K 0 32 45            
K 0 11 45            
K 0 0 43            
K 0 11 45            
K 2 11 45            
K 0 0 60            
K 0 42 60            
K 0 53 60            
A D 4 16            
J N 7 1123 -42 8 1729 576 0    
K 0 21 45            
K 0 0 45            
K 0 0 43            
K -1 0 45            
K 6 0 45            
K 0 0 60            
K 0 42 60            
A D 4 16            
J N 7 1167 -32 7 3457 576 0    
K 0 11 45            
K 0 0 43            
K 0 11 45            
K 2 11 45            
K 0 0 60            
K 0 32 60            
A D 4 16            
J N 7 1211 -21 7 5185 576 0    
K 0 0 45            
K 0 0 43            
K -1 0 45            
K 6 0 45            
K 0 0 60            
K 0 31 60            
A D 4 16            
J B 166 1252 1 82 6913 576 0    
J N 7 1289 -11 5 1 0 1 77    
K -25 0 63            
K 0 0 43            
K 0 0 60            
K 0 32 60            
A D 4 16            
H 77 S 0 0 -21 0 -10 1 0 0 0            
J R 7 1333 42 2 1729 576 0    
K 0 0 48            
A D 4 16            
J R 8 1377 42 2 3457 576 0    
K 0 0 47            
A D 8 16            
J B 167 1443 1 82 6913 1152 0    
J R 9 1528 42 46 1 10000 0    
J B 168 1655 1 82 6913 2304 0    
J N 8 1684 -21 10 1 0 1 78    
K 0 0 45            
K 0 0 42            
K -1 0 45            
K 6 0 45            
K 36 -9 44            
K -8 153 110            
K 17 153 110            
K 0 0 60            
K 0 31 60            
A D 12 16            
J N 7 1770 -32 7 5185 1728 0    
K 0 11 45            
K 0 0 43            
K 0 11 45            
K 2 11 45            
K 0 0 60            
K 0 32 60            
A D 4 16            
J B 169 1817 1 82 6913 576 0    
J N 7 1846 -53 9 1 0 0    
K 0 32 45            
K 0 11 45            
K 0 0 43            
K 0 11 45            
K 2 11 45            
K 0 0 60            
K 0 42 60            
K 0 53 60            
A D 4 16            
J N 7 1890 -42 8 1729 576 0    
K 0 21 45            
K 0 0 45            
K 0 0 43            
K -1 0 45            
K 6 0 45            
K 0 0 60            
K 0 42 60            
A D 4 16            
J N 7 1934 -32 7 3457 576 0    
K 0 11 45            
K 0 0 43            
K 0 11 45            
K 2 11 45            
K 0 0 60            
K 0 32 60            
A D 4 16            
J N 7 1978 -21 7 5185 576 1 78    
K 0 0 45            
K 0 0 43            
K -1 0 45            
K 6 0 45            
K 0 0 60            
K 0 31 60            
A D 4 16            
H 78 S 0 0 -11 0 -11 1 0 0 0            
J B 170 2022 1 82 6913 576 0    
J N 7 2059 -11 6 1 0 0    
K -25 0 63            
K 0 0 43            
K 0 -26 96            
K 0 0 60            
K 0 32 60            
A D 4 16            
J N 7 2109 -42 10 1729 576 1 79    
K 0 21 45            
K 0 0 45            
K 0 0 43            
K -1 0 45            
K 6 0 45            
K -8 174 111            
K 10 174 110            
K 0 0 60            
K 0 42 60            
A D 4 16            
J N 7 2153 -32 7 3457 576 0    
K 0 11 45            
K 0 0 43            
K 0 11 45            
K 2 11 45            
K 0 0 60            
K 0 32 60            
A D 4 16            
J N 7 2197 -21 7 5185 576 1 79    
K 0 0 45            
K 0 0 43            
K -1 0 45            
K 6 0 45            
K 0 0 60            
K 0 31 60            
A D 4 16            
H 79 S 0 0 0 0 0 0 0 0 0            
J B 171 2250 1 82 6913 576 0            
E *            
B 1 330 0    
B 1 513 0    
B 1 674 0    
B 1 888 0    
B 1 1047 0    
B 1 1252 0    
B 1 1443 0    
B 1 1655 0    
B 1 1817 0    
B 1 2022 0    
B 1 2250 0            
S 0 100 1484 2250 84 1 "(.)"
L 0 0 0 250 250 * 0 21 0            
J C 4 7 63 2 6913 0 0            
K 0 0 33            
K 0 0 34            
J K 0 85 0 0 6913 0 0            
J D 0 -39 -21 1 6913 0 0            
W 0 0 37 \01\07\01            
J N 7 159 -11 6 1 0 0            
K -25 0 63            
K 0 0 43            
K 0 -26 96            
K 0 0 60            
K 0 32 60            
A D 4 16            
J N 7 206 -42 10 1729 576 1 80    
K 0 21 45            
K 0 0 45            
K 0 0 43            
K -1 0 45            
K 6 0 45            
K -8 174 111            
K 10 174 110            
K 0 0 60            
K 0 42 60            
A D 4 16            
J N 7 253 -32 7 3457 576 0    
K 0 11 45            
K 0 0 43            
K 0 11 45            
K 2 11 45            
K 0 0 60            
K 0 32 60            
A D 4 16            
J N 7 300 -21 7 5185 576 0    
K 0 0 45            
K 0 0 43            
K -1 0 45            
K 6 0 45            
K 0 0 60            
K 0 31 60            
A D 4 16            
J B 172 341 1 82 6913 576 0    
J N 7 384 -11 5 1 0 1 80    
K -25 0 63            
K 0 0 43            
K 0 0 60            
K 0 32 60            
A D 4 16            
H 80 S 0 0 0 0 0 0 0 0 0            
J R 7 425 42 2 1729 576 0    
K 0 0 48            
A D 4 16            
J R 8 466 42 2 3457 576 0    
K 0 0 47            
A D 8 16            
J B 173 528 1 82 6913 1152 0            
J N 7 560 10 7 1 0 0            
K 0 0 43            
K 0 -26 96            
K -8 122 110            
K 17 122 110            
K 0 0 60            
K 0 32 60            
A D 4 16            
J R 7 603 42 2 1729 576 0            
K 0 0 48            
A D 4 16            
J N 7 646 10 5 3457 576 0            
K 0 0 43            
K 0 -26 96            
K 0 0 60            
K 0 32 60            
A D 4 16            
J R 7 689 42 2 5185 576 0            
K 0 0 48            
A D 4 16            
J B 174 738 1 82 6913 576 0            
J S 0 770 136 2 1 0 1 81            
K 0 0 111            
K 18 0 110            
J N 9 770 10 2 1 0 1 82            
K 0 0 41            
A D 16 16            
J B 175 866 1 82 6913 2304 0            
J N 9 898 10 2 1 0 2 82 81            
K 0 0 41            
A D 16 16            
H 81 W 31 0 66 136 42 136            
H 82 T 10 0 0 0 0 0 1 0            
J B 176 994 1 82 6913 2304 0            
J N 9 1026 0 3 1 0 1 83            
K 0 0 41            
K 0 126 108            
A D 16 16            
J B 177 1122 1 82 6913 2304 0            
J N 9 1154 21 2 1 0 1 84            
K 0 0 41            
A D 16 16            
J B 178 1250 1 82 6913 2304 0            
J N 9 1282 42 2 1 0 0            
K 0 0 41            
A D 16 16            
J B 179 1378 1 82 6913 2304 0            
J N 9 1410 63 2 1 0 1 83            
K 0 0 41            
A D 16 16            
H 83 S 0 0 0 0 0 0 0 0 0            
J M 0 1500 0 0 6913 2304 1 84            
H 84 W 0 31 10 136 -11 136            
J B 180 1506 1 82 6913 0 0            
J D 0 1454 0 17 1 0 0            
W 0 -63 44 C            
K -18 -125 90            
K -18 -51 90            
K 12 -125 90            
K 12 -51 90            
K 42 -125 90            
K 42 -51 90            
K 42 -125 90            
K 42 -51 90            
K -18 -125 89            
K 68 -125 89            
K -18 -104 89            
K 68 -104 89            
K -18 -83 89            
K 68 -83 89            
K -18 -72 89            
K 68 -72 89            
J N 8 1538 -42 11 1 0 0            
K 0 21 45            
K 0 0 45            
K 0 0 42            
K -1 0 45            
K 6 0 45            
K 36 -9 44            
K -8 174 110            
K 17 174 110            
K 0 0 60            
K 0 42 60            
A D 12 16            
J N 6 1618 -11 3 5185 1728 2 85 86    
K 0 0 43            
K 38 0 44            
A D 3 16            
J N 5 1673 -32 5 6481 432 2 86 85            
K 0 11 45            
K 0 0 43            
K 0 11 45            
K 2 11 45            
A D 1 16            
H 86 B -62 -4 112 2 2 53            
H 85 S 0 0 0 0 0 0 0 0 0            
J B 181 1711 1 82 6913 144 0            
J N 8 1743 -42 11 1 0 0            
K 0 21 45            
K 0 0 45            
K 0 0 42            
K -1 0 45            
K 6 0 45            
K 36 -9 44            
K -8 174 111            
K 10 174 110            
K 0 0 60            
K 0 42 60            
A D 12 16            
J N 6 1823 -11 3 5185 1728 2 87 88    
K 0 0 43            
K 38 0 44            
A D 3 16            
J N 5 1878 -32 5 6481 432 2 88 87            
K 0 11 45            
K 0 0 43            
K 0 11 45            
K 2 11 45            
A D 1 16            
H 88 B -62 -4 112 2 2 53            
H 87 S 0 0 0 0 0 0 0 0 0            
J B 182 1916 1 82 6913 144 0            
J N 6 1948 -42 7 1 0 1 89            
K 0 21 45            
K 0 0 45            
K 0 0 43            
K -1 0 45            
K 6 0 45            
K 0 -26 96            
A D 2 16            
J N 6 1988 -42 7 865 288 1 89            
K 0 21 45            
K 0 0 45            
K 0 0 43            
K -1 0 45            
K 6 0 45            
K 0 -26 96            
A D 2 16            
J N 6 2020 -11 3 1729 288 1 89            
K 0 0 43            
K 0 -26 96            
A D 2 16            
J N 6 2060 -32 6 2593 288 1 89            
K 0 11 45            
K 0 0 43            
K 0 11 45            
K 2 11 45            
K 0 -26 96            
A D 2 16            
H 89 B -105 0 112 4 2 1 1 3            
J N 6 2100 -42 7 3457 288 1 90            
K 0 21 45            
K 0 0 45            
K 0 0 43            
K -1 0 45            
K 6 0 45            
K 0 -26 96            
A D 2 16            
J N 6 2140 -42 7 4321 288 1 90            
K 0 21 45            
K 0 0 45            
K 0 0 43            
K -1 0 45            
K 6 0 45            
K 0 -26 96            
A D 2 16            
J N 6 2172 -11 3 5185 288 1 90            
K 0 0 43            
K 0 -26 96            
A D 2 16            
J N 6 2212 -32 6 6049 288 1 90            
K 0 11 45            
K 0 0 43            
K 0 11 45            
K 2 11 45            
K 0 -26 96            
A D 2 16            
H 90 B -105 0 112 4 2 1 1 3            
J B 183 2250 1 82 6913 288 0            
E *            
B 1 341 0    
B 1 528 0            
B 1 738 0            
B 1 866 0            
B 1 994 0            
B 1 1122 0            
B 1 1250 0            
B 1 1378 0            
B 1 1506 0            
B 1 1711 0            
B 1 1916 0            
B 1 2250 0            
S 0 100 1820 2250 84 1 "(.)"
L 0 0 0 250 250 * 0 21 0            
J C 4 7 63 2 6913 0 0            
K 0 0 33            
K 0 0 34            
J K 0 85 0 0 6913 0 0            
J D 0 -39 -21 1 6913 0 0            
W 0 0 37 \01\08\03            
J N 7 151 -42 9 1 0 0            
K 0 21 45            
K 0 0 45            
K 0 0 43            
K -1 0 45            
K 6 0 45            
K 0 -26 96            
K 0 0 60            
K 0 42 60            
A D 4 16            
J N 7 192 10 5 1729 576 0            
K 0 0 43            
K 0 -26 96            
K 0 0 60            
K 0 32 60            
A D 4 16            
J N 7 239 -11 5 3457 576 0    
K 0 0 43            
K 0 -26 96            
K 0 0 60            
K 0 32 60            
A D 4 16            
J N 7 280 42 5 5185 576 0    
K 0 0 43            
K 0 -32 96            
K 0 0 60            
K 0 31 60            
A D 4 16            
J B 184 327 1 82 6913 576 0    
J N 7 356 31 5 1 0 0    
K 0 0 43            
K 0 103 108            
K 0 0 60            
K 0 32 60            
A D 4 16            
J R 7 400 42 2 1729 576 0    
K 0 0 48            
A D 4 16            
J R 8 435 42 2 3457 576 0            
K 0 0 47            
A D 8 16            
J B 185 498 1 82 6913 1152 0            
J S 4 540 31 9 10 1152 0            
K 0 0 62            
K 0 5 62            
K 145 11 92            
K 115 11 92            
K 85 11 92            
K 55 11 92            
K 25 11 92            
K 0 11 92            
K 175 0 62            
K 175 5 62            
K 87 9 71            
K 56 9 72            
J B 195 757 1 82 6913 1 0            
J D 0 747 0 1 1 0 0            
W 0 -42 32 Fl. 1            
J R 8 789 21 2 1 0 0            
K 0 0 175            
A D 8 16            
J R 9 812 84 2 1 10000 0            
K 0 0 46            
A D 16 16            
J N 8 846 -21 8 3457 1152 0            
K 1 0 173            
K 0 0 170            
K -1 0 173            
K 6 0 173            
K 0 146 108            
K 0 0 187            
K 0 -11 187            
A D 8 16            
J B 196 909 1 82 6913 1152 0            
J N 8 942 -32 8 1 0 0            
K 1 11 173            
K -18 0 193            
K 0 0 170            
K 0 11 173            
K 2 11 173            
K 0 0 187            
K 0 -10 187            
A D 8 16            
J R 9 964 84 2 1 10000 0            
K 0 0 46            
A D 16 16            
J N 8 999 -32 8 3457 1152 0            
K 1 11 173            
K -17 0 192            
K 0 0 170            
K 0 11 173            
K 2 11 173            
K 0 0 187            
K 0 -10 187            
A D 8 16            
J B 197 1062 1 82 6913 1152 0            
J N 8 1094 -42 8 1 0 0            
K 1 21 173            
K 1 0 173            
K 0 0 170            
K -1 0 173            
K 6 0 173            
K 0 0 187            
K 0 -11 187            
A D 8 16            
J R 8 1094 42 2 1 0 0            
K 0 0 47            
A D 8 16            
J N 8 1151 -11 4 3457 1152 1 91            
K 0 0 42            
K 0 0 60            
K 0 32 60            
A D 8 16            
J B 198 1214 1 82 6913 1152 0            
J N 8 1246 0 4 1 0 0            
K 0 0 42            
K 0 0 60            
K 0 31 60            
A D 8 16            
J N 8 1303 -32 10 3457 1152 0            
K 0 11 45            
K -23 0 65            
K 0 0 42            
K 0 11 45            
K 2 11 45            
K -8 164 110            
K 17 164 110            
K 0 0 60            
K 0 32 60            
A D 8 16            
J B 199 1366 1 82 6913 1152 0            
J N 8 1398 -21 7 1 0 0            
K 0 0 45            
K 0 0 42            
K -1 0 45            
K 6 0 45            
K 0 0 60            
K 0 31 60            
A D 8 16            
J N 8 1455 -42 8 3457 1152 1 91            
K 0 21 45            
K 0 0 45            
K 0 0 42            
K -1 0 45            
K 6 0 45            
K 0 0 60            
K 0 42 60            
A D 8 16            
H 91 S 0 0 0 0 0 2 0 0 0    
J B 200 1518 1 82 6913 1152 0            
J N 9 1555 -32 7 1 0 0            
K 0 11 45            
K 7 11 45            
K -22 0 64            
K 0 0 41            
K 0 11 45            
K 2 11 45            
A D 16 16            
J B 201 1647 1 82 6913 2304 0            
J N 7 1679 -42 8 1 0 0            
K 0 21 45            
K 0 0 45            
K 0 0 43            
K -1 0 45            
K 6 0 45            
K 0 0 60            
K 0 42 60            
A D 4 16            
J N 7 1720 10 4 1729 576 0            
K 0 0 43            
K 0 0 60            
K 0 32 60            
A D 4 16            
J N 7 1761 31 4 3457 576 0            
K 0 0 43            
K 0 0 60            
K 0 32 60            
A D 4 16            
J N 7 1802 31 4 5185 576 0            
K 0 0 43            
K 0 0 60            
K 0 32 60            
A D 4 16            
J B 202 1849 1 82 6913 576 0            
J N 7 1875 42 4 1 0 0    
K 0 0 43            
K 0 0 60            
K 0 31 60            
A D 4 16            
J N 8 1919 -32 9 1729 576 0    
K 0 11 45            
K 0 0 42            
K 0 11 45            
K 2 11 45            
K -8 164 111            
K 10 164 110            
K 0 0 60            
K 0 32 60            
A D 8 16            
J N 7 1985 -53 9 5185 1152 0    
K 0 32 45            
K 0 11 45            
K 0 0 43            
K 0 11 45            
K 2 11 45            
K 0 0 60            
K 0 42 60            
K 0 53 60            
A D 4 16            
J B 203 2026 1 82 6913 576 0            
J N 7 2052 -42 8 1 0 0    
K 0 21 45            
K 0 0 45            
K 0 0 43            
K -1 0 45            
K 6 0 45            
K 0 0 60            
K 0 42 60            
A D 4 16            
J N 7 2099 -42 8 1729 576 0            
K 0 21 45            
K 0 0 45            
K 0 0 43            
K -1 0 45            
K 6 0 45            
K 0 0 60            
K 0 42 60            
A D 4 16            
J N 7 2140 -21 7 3457 576 0            
K 0 0 45            
K 0 0 43            
K -1 0 45            
K 6 0 45            
K 0 0 60            
K 0 31 60            
A D 4 16            
J N 7 2203 0 5 5185 576 0            
K -25 0 63            
K 0 0 43            
K 0 0 60            
K 0 31 60            
A D 4 16            
J B 204 2250 1 82 6913 576 0            
E *            
B 1 327 0    
B 1 498 0            
B 1 757 0            
B 1 909 0            
B 1 1062 0            
B 1 1214 0            
B 1 1366 0            
B 1 1518 0            
B 1 1647 0            
B 1 1849 0            
B 1 2026 0            
B 1 2250 0            
S 0 100 2156 2250 84 1 "(.)"
L 0 0 0 250 250 * 0 21 0            
J C 4 7 63 2 6913 0 0            
K 0 0 33            
K 0 0 34            
J K 0 85 0 0 6913 0 0            
J D 0 -39 -21 1 6913 0 0            
W 0 0 37 \02\00\04            
J N 6 151 -11 3 1 0 1 92            
K 0 0 43            
K 0 -26 96            
A D 2 16            
J N 6 191 -21 6 865 288 1 92            
K 0 0 45            
K 0 0 43            
K -1 0 45            
K 6 0 45            
K 0 -26 96            
A D 2 16            
J N 6 231 -32 6 1729 288 1 92            
K 0 11 45            
K 0 0 43            
K 0 11 45            
K 2 11 45            
K 0 -26 96            
A D 2 16            
J N 6 271 -42 7 2593 288 1 92            
K 0 21 45            
K 0 0 45            
K 0 0 43            
K -1 0 45            
K 6 0 45            
K 0 -26 96            
A D 2 16            
H 92 B -79 -5 112 4 2 1 1 3            
J N 6 311 -53 8 3457 288 1 93            
K 0 32 45            
K 0 11 45            
K 0 0 43            
K 0 11 45            
K 2 11 45            
K -8 185 111            
K 10 185 110            
A D 2 16            
J N 6 342 -42 6 4321 288 1 93            
K 0 21 45            
K 0 0 45            
K 0 0 43            
K -1 0 45            
K 6 0 45            
A D 2 16            
J N 6 374 -32 5 5185 288 1 93            
K 0 11 45            
K 0 0 43            
K 0 11 45            
K 2 11 45            
A D 2 16            
J N 6 406 -21 5 6049 288 1 93            
K 0 0 45            
K 0 0 43            
K -1 0 45            
K 6 0 45            
A D 2 16            
H 93 B -95 2 112 4 2 1 1 3            
J B 205 444 1 82 6913 288 0            
J N 6 476 -11 2 1 0 1 94            
K 0 0 43            
A D 2 16            
J N 6 516 -21 5 865 288 1 94            
K 0 0 45            
K 0 0 43            
K -1 0 45            
K 6 0 45            
A D 2 16            
J N 6 556 -32 5 1729 288 1 94            
K 0 11 45            
K 0 0 43            
K 0 11 45            
K 2 11 45            
A D 2 16            
J N 6 596 -42 6 2593 288 1 94            
K 0 21 45            
K 0 0 45            
K 0 0 43            
K -1 0 45            
K 6 0 45            
A D 2 16            
H 94 B -79 -5 112 4 2 1 1 3            
J N 6 636 -53 8 3457 288 1 95            
K 0 32 45            
K 0 11 45            
K 0 0 43            
K 0 11 45            
K 2 11 45            
K -8 185 111            
K 10 185 110            
A D 2 16            
J N 6 668 -42 6 4321 288 1 95            
K 0 21 45            
K 0 0 45            
K 0 0 43            
K -1 0 45            
K 6 0 45            
A D 2 16            
J N 6 700 -32 5 5185 288 1 95            
K 0 11 45            
K 0 0 43            
K 0 11 45            
K 2 11 45            
A D 2 16            
J N 6 732 -21 5 6049 288 1 95            
K 0 0 45            
K 0 0 43            
K -1 0 45            
K 6 0 45            
A D 2 16            
H 95 B -95 2 112 4 2 1 1 3            
J B 206 770 1 82 6913 288 0            
J D 0 760 0 17 1 0 0            
W 0 -63 44 D            
K -18 -125 90            
K -18 -51 90            
K 12 -125 90            
K 12 -51 90            
K 42 -125 90            
K 42 -51 90            
K 43 -125 90            
K 43 -51 90            
K -18 -125 89            
K 69 -125 89            
K -18 -104 89            
K 69 -104 89            
K -18 -83 89            
K 69 -83 89            
K -18 -72 89            
K 69 -72 89            
J N 7 802 -11 4 1 0 0            
K 0 0 43            
K 0 0 60            
K 0 32 60            
A D 4 16            
J R 7 843 42 2 1729 576 0            
K 0 0 48            
A D 4 16            
J R 8 884 42 2 3457 576 0            
K 0 0 47            
A D 8 16            
J B 207 947 1 82 6913 1152 0            
J S 4 989 31 9 13 1152 0            
K 0 0 62            
K 0 5 62            
K 66 11 92            
K 36 11 92            
K 6 11 92            
K 0 11 92            
K 96 0 62            
K 96 5 62            
K 48 9 74            
K 17 9 72            
J B 220 1127 1 82 6913 1 0            
J D 0 1117 0 1 1 0 0            
W 0 -63 32 Fl. 1            
J R 7 1159 21 2 1 0 0            
K 0 0 176            
A D 4 16            
J R 9 1200 84 2 1 10000 0            
K 0 0 46            
A D 16 16            
J N 8 1211 -42 8 1729 576 0            
K 0 21 173            
K 0 0 173            
K 0 0 170            
K -1 0 173            
K 6 0 173            
K 0 0 188            
K 0 32 188            
A D 8 16            
J N 7 1277 -53 10 5185 1152 1 96    
K 0 32 173            
K 0 11 173            
K -18 0 193            
K 0 0 171            
K 0 11 173            
K 2 11 173            
K 0 0 188            
K 0 42 188            
K 0 43 188            
A D 4 16            
J B 221 1306 1 82 6913 576 0    
J N 7 1338 -42 8 1 0 0    
K 0 21 173            
K 0 0 173            
K 0 0 171            
K -1 0 173            
K 6 0 173            
K 0 0 188            
K 0 32 188            
A D 4 16            
J R 9 1382 84 2 1 10000 0    
K 0 0 46            
A D 16 16            
J N 8 1381 -42 8 1729 576 1 96    
K 0 21 173            
K 0 0 173            
K 0 0 170            
K -1 0 173            
K 6 0 173            
K 0 0 188            
K 0 32 188            
A D 8 16            
H 96 S 0 0 0 0 0 0 0 0 0            
J N 7 1462 -42 9 5185 1152 1 97    
K 0 21 173            
K 0 0 173            
K -20 0 191            
K 0 0 171            
K -1 0 173            
K 6 0 173            
K 0 0 188            
K 0 32 188            
A D 4 16            
J B 222 1503 1 82 6913 576 0            
J N 7 1529 -42 9 1 0 1 97    
K 0 21 173            
K 0 0 173            
k -20 0 191            
K 0 0 171            
K -1 0 173            
K 6 0 173            
K 0 0 188            
K 0 32 188            
A D 4 16            
H 97 T -42 0 0 0 0 0 5 0            
J R 9 1581 84 2 1 10000 0    
K 0 0 46            
A D 16 16            
J N 7 1581 -53 9 1729 576 1 98    
K 0 32 173            
K 0 11 173            
K 0 0 171            
K 0 11 173            
K 2 11 173            
K 0 0 188            
K 0 42 188            
K 0 43 188            
A D 4 16            
J N 7 1622 -63 10 3457 576 0    
K 0 42 173            
K 0 21 173            
K 0 0 173            
K 0 0 171            
K -1 0 173            
K 6 0 173            
K 0 0 188            
K 0 42 188            
K 0 53 188            
A D 4 16            
J N 7 1663 -74 10 5185 576 1 98    
K 0 53 173            
K 0 32 173            
K 0 11 173            
K 0 0 171            
K 0 11 173            
K 2 11 173            
K 0 0 188            
K 0 42 188            
K 0 64 188            
A D 4 16            
H 98 S 0 0 0 0 0 0 0 0 0            
J B 223 1707 1 82 6913 576 0    
J N 8 1742 -42 9 1 0 1 99    
K 0 21 173            
K 0 0 173            
K -17 0 192            
K 0 0 170            
K -1 0 173            
K 6 0 173            
K 0 0 188            
K 0 32 188            
A D 8 16            
J R 9 1774 84 2 1 10000 0    
K 0 0 46            
A D 16 16            
J N 8 1799 -32 7 3457 1152 1 99    
K 0 11 173            
K 0 0 170            
K 0 11 173            
K 2 11 173            
K 0 0 188            
K 0 22 188            
A D 8 16            
H 99 S 0 0 0 0 0 0 0 0 0            
J B 224 1871 1 82 6913 1152 0            
J N 7 1903 -11 5 1 0 0            
K 0 0 43            
K 0 143 110            
K 0 0 60            
K 0 32 60            
A D 4 16            
J R 7 1944 42 2 1729 576 0            
K 0 0 48            
A D 4 16            
J N 7 1985 -32 8 3457 576 0            
K 0 11 45            
K 0 0 43            
K 0 11 45            
K 2 11 45            
K 0 164 110            
K 0 0 60            
K 0 32 60            
A D 4 16            
J R 7 2026 42 2 5185 576 0            
K 0 0 48            
A D 4 16            
J B 225 2073 1 82 6913 576 0            
J N 7 2105 -42 9 1 0 0            
K 0 21 45            
K 0 0 45            
K 0 0 43            
K -1 0 45            
K 6 0 45            
K 0 174 110            
K 0 0 60            
K 0 42 60            
A D 4 16            
J R 7 2146 42 2 1729 576 0            
K 0 0 48            
A D 4 16            
J R 8 2187 42 2 3457 576 0            
K 0 0 47            
A D 8 16            
J B 226 2250 1 82 6913 1152 0            
E *            
B 1 444 0            
B 1 770 0            
B 1 947 0            
B 1 1127 0            
B 1 1306 0    
B 1 1503 0            
B 1 1707 0    
B 1 1871 0            
B 1 2073 0            
B 1 2250 0            
S 0 100 2492 2250 84 1 "(.)"
L 0 0 0 250 250 * 0 21 0            
J C 4 7 63 2 6913 0 0            
K 0 0 33            
K 0 0 34            
J K 0 85 0 0 6913 0 0            
J D 0 -39 -21 1 6913 0 0            
W 0 0 37 \02\02\06            
J N 8 151 -11 6 1 0 0            
K 0 0 42            
K -8 143 111            
K 10 143 110            
K 0 0 60            
K 0 32 60            
A D 8 16            
J N 8 225 -32 9 3457 1152 0    
K 0 11 45            
K 0 0 42            
K 0 11 45            
K 2 11 45            
K -8 164 111            
K 10 164 110            
K 0 0 60            
K 0 32 60            
A D 8 16            
J B 227 291 1 82 6913 1152 0    
J N 7 326 -42 10 1 0 0    
K 0 21 45            
K 0 0 45            
K 0 0 43            
K -1 0 45            
K 6 0 45            
K -8 174 111            
K 10 174 110            
K 0 0 60            
K 0 42 60            
A D 4 16            
J R 7 372 42 2 1729 576 0    
K 0 0 48            
A D 4 16            
J R 8 415 42 2 3457 576 0    
K 0 0 47            
A D 8 16            
J B 228 478 1 82 6913 1152 0    
J N 7 513 -11 7 1 0 0    
K 0 0 43            
K 38 0 44            
K -8 143 111            
K 10 143 110            
K 0 0 60            
K 0 32 60            
A D 6 16            
J N 6 585 0 3 2593 864 0    
K 0 0 43            
K 0 0 54            
A D 2 16            
J N 6 624 10 2 3457 288 1 100    
K 0 0 43            
A D 2 16            
J N 6 659 21 2 4321 288 1 100    
K 0 0 43            
A D 2 16            
J N 6 694 31 2 5185 288 1 100    
K 0 0 43            
A D 2 16            
J N 6 729 42 2 6049 288 1 100    
K 0 0 43            
A D 2 16            
H 100 B -80 6 112 4 2 1 1 3            
J B 229 770 1 82 6913 288 0    
J N 6 787 52 3 1 0 0    
K 0 0 43            
K 0 0 53            
A D 2 16            
J N 7 851 -21 9 865 288 0    
K 0 0 45            
K 0 0 43            
K -1 0 45            
K 6 0 45            
K -8 153 111            
K 10 153 110            
K 0 0 60            
K 0 31 60            
A D 4 16            
J N 6 914 -11 3 2593 576 0    
K 0 0 43            
K 0 0 54            
A D 2 16            
J N 6 954 0 2 3457 288 1 101    
K 0 0 43            
A D 2 16            
J N 6 989 10 2 4321 288 1 101    
K 0 0 43            
A D 2 16            
J N 6 1024 21 2 5185 288 1 101    
K 0 0 43            
A D 2 16            
J N 6 1059 31 2 6049 288 1 101    
K 0 0 43            
A D 2 16            
H 101 B -91 5 112 4 2 1 1 3            
J B 230 1107 1 82 6913 288 0    
J N 6 1136 42 2 1 0 2 103 102    
K 0 0 43            
A D 2 16            
J N 6 1178 31 2 865 288 1 103    
K 0 0 43            
A D 2 16            
J N 6 1220 21 2 1729 288 1 103    
K 0 0 43            
A D 2 16            
J N 6 1262 10 2 2593 288 1 103    
K 0 0 43            
A D 2 16            
H 103 B -68 -5 112 4 2 1 1 3            
J N 6 1305 0 2 3457 288 1 104    
K 0 0 43            
A D 2 16            
J N 6 1347 -11 2 4321 288 1 104    
K 0 0 43            
A D 2 16            
J N 6 1388 -21 5 5185 288 1 104    
K 0 0 45            
K 0 0 43            
K -1 0 45            
K 6 0 45            
A D 2 16            
J N 6 1430 -32 5 6049 288 1 104    
K 0 11 45            
K 0 0 43            
K 0 11 45            
K 2 11 45            
A D 2 16            
H 104 B -68 -5 112 4 2 1 1 3            
J M 0 1462 0 0 6913 288 1 102    
H 102 W 0 31 10 144 -21 144            
J B 231 1471 1 82 6913 0 0    
J N 7 1506 -42 11 1 0 0    
K 0 21 45            
K 0 0 45            
K 0 0 43            
K -1 0 45            
K 6 0 45            
K 0 -26 96            
K 0 184 110            
K 25 184 110            
K 0 0 60            
K 0 42 60            
A D 4 16            
J N 7 1551 0 5 1729 576 0    
K 0 0 43            
K 0 -26 96            
K 0 0 60            
K 0 31 60            
A D 4 16            
J N 7 1599 10 5 3457 576 0    
K 0 0 43            
K 0 -26 96            
K 0 0 60            
K 0 32 60            
A D 4 16            
J N 7 1647 0 5 5185 576 0    
K 0 0 43            
K 0 -26 96            
K 0 0 60            
K 0 31 60            
A D 4 16            
J B 232 1697 1 82 6913 576 0    
J D 0 1678 27 15 1 0 0    
W 0 -84 44 E            
K -18 -146 90            
K -18 -72 90            
K 12 -146 90            
K 12 -72 90            
K 39 -146 90            
K 39 -72 90            
K -18 -146 89            
K 65 -146 89            
K -18 -125 89            
K 65 -125 89            
K -18 -104 89            
K 65 -104 89            
K -18 -93 89            
K 65 -93 89            
J N 7 1732 10 4 1 0 0    
K 0 0 43            
K 0 0 60            
K 0 32 60            
A D 4 16            
J R 7 1780 42 2 1729 576 0    
K 0 0 48            
A D 4 16            
J R 8 1822 42 2 3457 576 0    
K 0 0 47            
A D 8 16            
J B 233 1893 1 82 6913 1152 0    
J S 4 1965 31 8 4 1152 0    
K 0 0 62            
K 0 5 62            
K 192 11 92    
K 171 11 92    
K 150 11 92    
K 129 11 92    
K 108 11 92    
K 87 11 92    
K 66 11 92    
K 45 11 92    
K 24 11 92    
K 3 11 92    
K 0 11 92            
K 222 0 62    
K 222 5 62    
K 96 9 75    
J B 237 2250 1 82 6913 1 0            
E *            
B 1 291 0    
B 1 478 0    
B 1 770 0    
B 1 1107 0    
B 1 1471 0    
B 1 1697 0    
B 1 1893 0    
B 1 2250 0            
