S 0 200 140 2050 84 1 "(.)"
L 0 0 0 369 369 * 0 21 0
J C 4 7 63 2 6913 0 0
K 0 0 33
K 0 0 34
J K -1 85 0 1 6913 0 0
K 0 42 65
J D 0 -39 -21 1 6913 0 0
W 0 0 37 \04\04\03
J N 6 170 -21 5 1 0 2 722 723
K 0 0 45
K 0 0 43
K -1 0 45
K 6 0 45
A D 3 24 0
A P 3 232 0
J N 6 213 -32 5 865 288 2 723 722
K 0 11 45
K 0 0 43
K 0 11 45
K 2 11 45
A D 3 24 0
A P 3 237 0
H 723 B -70 -3 112 2 2 3
H 722 S 0 0 0 0 0 0 0 0 0
J N 7 256 -11 5 1729 288 0
K 0 0 43
K 0 -26 96
K 0 0 60
K 0 32 60
A D 6 24 0
A P 3 226 0
J N 6 319 -32 5 3457 576 2 724 725
K 0 11 45
K 0 0 43
K 0 11 45
K 2 11 45
A D 2 24 0
A P 3 237 0
J N 6 359 -32 5 4033 192 1 725
K 0 11 45
K 0 0 43
K 0 11 45
K 2 11 45
A D 2 24 0
A P 3 237 0
J N 6 399 -32 5 4609 192 2 725 724
K 0 11 45
K 0 0 43
K 0 11 45
K 2 11 45
A D 2 24 0
A P 3 237 0
H 724 X 9 3 0 0 0 0 725
H 725 B -74 0 112 3 2 1 3
J N 6 439 -32 5 5185 192 2 726 727
K 0 11 45
K 0 0 43
K 0 11 45
K 2 11 45
A D 2 24 0
A P 3 237 0
J N 6 479 -32 5 5761 192 1 727
K 0 11 45
K 0 0 43
K 0 11 45
K 2 11 45
A D 2 24 0
A P 3 237 0
J N 6 519 -32 5 6337 192 2 727 726
K 0 11 45
K 0 0 43
K 0 11 45
K 2 11 45
A D 2 24 0
A P 3 237 0
H 726 X 9 3 0 0 0 0 727
H 727 B -74 0 112 3 2 1 3
J B 444 559 1 82 6913 192 0
J N 6 591 -32 5 1 0 2 728 729
K 0 11 45
K 0 0 43
K 0 11 45
K 2 11 45
A D 3 24 0
A P 3 237 0
J N 6 634 -42 6 865 288 2 729 728
K 0 21 45
K 0 0 45
K 0 0 43
K -1 0 45
K 6 0 45
A D 3 24 0
A P 3 243 0
H 729 B -81 -4 112 2 2 3
H 728 S 0 0 0 0 0 0 0 0 0
J N 7 677 -21 8 1729 288 0
K 0 0 45
K 0 0 43
K -1 0 45
K 6 0 45
K 0 -26 96
K 0 0 60
K 0 31 60
A D 6 24 0
A P 3 232 0
J N 6 740 -21 5 3457 576 2 730 731
K 0 0 45
K 0 0 43
K -1 0 45
K 6 0 45
A D 2 24 0
A P 3 232 0
J N 6 780 -21 5 4033 192 1 731
K 0 0 45
K 0 0 43
K -1 0 45
K 6 0 45
A D 2 24 0
A P 3 232 0
J N 6 820 -21 5 4609 192 2 731 730
K 0 0 45
K 0 0 43
K -1 0 45
K 6 0 45
A D 2 24 0
A P 3 232 0
H 730 X 9 3 0 0 0 0 731
H 731 B -69 0 112 3 2 1 3
J N 6 860 -21 5 5185 192 2 732 733
K 0 0 45
K 0 0 43
K -1 0 45
K 6 0 45
A D 2 24 0
A P 3 232 0
J N 6 900 -21 5 5761 192 1 733
K 0 0 45
K 0 0 43
K -1 0 45
K 6 0 45
A D 2 24 0
A P 3 232 0
J N 6 940 -21 5 6337 192 2 733 732
K 0 0 45
K 0 0 43
K -1 0 45
K 6 0 45
A D 2 24 0
A P 3 232 0
H 732 X 9 3 0 0 0 0 733
H 733 B -69 0 112 3 2 1 3
J B 445 980 1 82 6913 192 0
J N 6 1012 -21 5 1 0 2 734 735
K 0 0 45
K 0 0 43
K -1 0 45
K 6 0 45
A D 3 24 0
A P 3 232 0
J N 6 1055 -32 5 865 288 2 735 734
K 0 11 45
K 0 0 43
K 0 11 45
K 2 11 45
A D 3 24 0
A P 3 237 0
H 735 B -70 -3 112 2 2 3
H 734 S 0 0 0 0 0 0 0 0 0
J N 7 1098 -11 5 1729 288 0
K 0 0 43
K 0 -26 96
K 0 0 60
K 0 32 60
A D 6 24 0
A P 3 226 0
J N 6 1161 -21 5 3457 576 2 736 737
K 0 0 45
K 0 0 43
K -1 0 45
K 6 0 45
A D 3 24 0
A P 3 232 0
J N 6 1204 -32 5 4321 288 2 737 736
K 0 11 45
K 0 0 43
K 0 11 45
K 2 11 45
A D 3 24 0
A P 3 237 0
H 737 B -70 -3 112 2 2 3
H 736 S 0 0 0 0 0 0 0 0 0
J N 7 1246 -11 5 5185 288 0
K 0 0 43
K 0 -26 96
K 0 0 60
K 0 32 60
A D 6 24 0
A P 3 226 0
J B 446 1308 1 82 6913 576 0
J N 6 1340 -32 5 1 0 2 738 739
K 0 11 45
K 0 0 43
K 0 11 45
K 2 11 45
A D 3 24 0
A P 3 237 0
J N 6 1382 -42 6 865 288 2 739 738
K 0 21 45
K 0 0 45
K 0 0 43
K -1 0 45
K 6 0 45
A D 3 24 0
A P 3 243 0
H 739 B -81 -5 112 2 2 3
H 738 S 0 0 0 0 0 0 0 0 0
J N 7 1424 -21 8 1729 288 0
K 0 0 45
K 0 0 43
K -1 0 45
K 6 0 45
K 0 -26 96
K 0 0 60
K 0 31 60
A D 6 24 0
A P 3 232 0
J N 6 1486 -21 5 3457 576 2 740 741
K 0 0 45
K 0 0 43
K -1 0 45
K 6 0 45
A D 2 24 0
A P 3 232 0
J N 6 1526 -21 5 4033 192 1 741
K 0 0 45
K 0 0 43
K -1 0 45
K 6 0 45
A D 2 24 0
A P 3 232 0
J N 6 1566 -21 5 4609 192 2 741 740
K 0 0 45
K 0 0 43
K -1 0 45
K 6 0 45
A D 2 24 0
A P 3 232 0
H 740 X 9 3 0 0 0 0 741
H 741 B -69 0 112 3 2 1 3
J N 6 1606 -21 5 5185 192 2 742 743
K 0 0 45
K 0 0 43
K -1 0 45
K 6 0 45
A D 2 24 0
A P 3 232 0
J N 6 1646 -21 5 5761 192 1 743
K 0 0 45
K 0 0 43
K -1 0 45
K 6 0 45
A D 2 24 0
A P 3 232 0
J N 6 1686 -21 5 6337 192 2 743 742
K 0 0 45
K 0 0 43
K -1 0 45
K 6 0 45
A D 2 24 0
A P 3 232 0
H 742 X 9 3 0 0 0 0 743
H 743 B -69 0 112 3 2 1 3
J B 447 1726 1 82 6913 192 0
J N 6 1758 -21 5 1 0 2 744 745
K 0 0 45
K 0 0 43
K -1 0 45
K 6 0 45
A D 3 24 0
A P 3 232 0
J N 6 1800 -32 5 865 288 2 745 744
K 0 11 45
K 0 0 43
K 0 11 45
K 2 11 45
A D 3 24 0
A P 3 237 0
H 745 B -70 -3 112 2 2 3
H 744 S 0 0 0 0 0 0 0 0 0
J N 7 1842 -11 5 1729 288 0
K 0 0 43
K 0 -26 96
K 0 0 60
K 0 32 60
A D 6 24 0
A P 3 226 0
J N 6 1904 -21 5 3457 576 2 746 747
K 0 0 45
K 0 0 43
K -1 0 45
K 6 0 45
A D 3 24 0
A P 3 232 0
J N 6 1946 -32 5 4321 288 2 747 746
K 0 11 45
K 0 0 43
K 0 11 45
K 2 11 45
A D 3 24 0
A P 3 237 0
H 747 B -70 -3 112 2 2 3
H 746 S 0 0 0 0 0 0 0 0 0
J N 7 1988 -11 5 5185 288 0
K 0 0 43
K 0 -26 96
K 0 0 60
K 0 32 60
A D 6 24 0
A P 3 226 0
J B 448 2050 1 82 6913 576 0
E *
B 1 559 0
B 1 980 0
B 1 1308 0
B 1 1726 0
B 1 2050 0
S 0 200 455 2050 84 1 "(.)"
L 0 0 0 369 369 * 0 21 0
J C 4 7 63 2 6913 0 0
K 0 0 33
K 0 0 34
J K -1 85 0 1 6913 0 0
K 0 42 65
J D 0 -39 -21 1 6913 0 0
W 0 0 37 \04\04\08
J N 6 170 -32 5 1 0 2 748 749
K 0 11 45
K 0 0 43
K 0 11 45
K 2 11 45
A D 3 24 0
A P 3 237 0
J N 6 211 -42 6 865 288 2 749 748
K 0 21 45
K 0 0 45
K 0 0 43
K -1 0 45
K 6 0 45
A D 3 24 0
A P 3 243 0
H 749 B -81 -5 112 2 2 3
H 748 S 0 0 0 0 0 0 0 0 0
J N 7 252 -21 8 1729 288 0
K 0 0 45
K 0 0 43
K -1 0 45
K 6 0 45
K 0 -26 96
K 0 0 60
K 0 31 60
A D 6 24 0
A P 3 232 0
J N 6 308 -32 5 3457 576 2 750 751
K 0 11 45
K 0 0 43
K 0 11 45
K 2 11 45
A D 3 24 0
A P 3 237 0
J N 6 349 -42 6 4321 288 2 751 750
K 0 21 45
K 0 0 45
K 0 0 43
K -1 0 45
K 6 0 45
A D 3 24 0
A P 3 243 0
H 751 B -81 -5 112 2 2 3
H 750 S 0 0 0 0 0 0 0 0 0
J N 7 390 -21 8 5185 288 0
K 0 0 45
K 0 0 43
K -1 0 45
K 6 0 45
K 0 -26 96
K 0 0 60
K 0 31 60
A D 6 24 0
A P 3 232 0
J B 449 445 1 82 6913 576 0
J N 6 477 -32 5 1 0 2 752 753
K 0 11 45
K 0 0 43
K 0 11 45
K 2 11 45
A D 2 24 0
A P 3 237 0
J N 6 517 -32 5 577 192 1 753
K 0 11 45
K 0 0 43
K 0 11 45
K 2 11 45
A D 2 24 0
A P 3 237 0
J N 6 557 -32 5 1153 192 2 753 752
K 0 11 45
K 0 0 43
K 0 11 45
K 2 11 45
A D 2 24 0
A P 3 237 0
H 752 X 9 3 0 0 0 0 753
H 753 B -74 0 112 3 2 1 3
J N 6 597 -42 6 1729 192 1 754
K 0 21 45
K 0 0 45
K 0 0 43
K -1 0 45
K 6 0 45
A D 2 24 0
A P 3 243 0
J N 6 637 -42 6 2305 192 1 754
K 0 21 45
K 0 0 45
K 0 0 43
K -1 0 45
K 6 0 45
A D 2 24 0
A P 3 243 0
J N 6 677 -42 6 2881 192 1 754
K 0 21 45
K 0 0 45
K 0 0 43
K -1 0 45
K 6 0 45
A D 2 24 0
A P 3 243 0
H 754 B -84 0 112 3 2 1 3
J N 6 717 -53 6 3457 192 1 755
K 0 32 45
K 0 11 45
K 0 0 43
K 0 11 45
K 2 11 45
A D 2 24 0
A P 3 249 0
J N 6 757 -53 6 4033 192 1 755
K 0 32 45
K 0 11 45
K 0 0 43
K 0 11 45
K 2 11 45
A D 2 24 0
A P 3 249 0
J N 6 797 -53 6 4609 192 1 755
K 0 32 45
K 0 11 45
K 0 0 43
K 0 11 45
K 2 11 45
A D 2 24 0
A P 3 249 0
H 755 B -95 0 112 3 2 1 3
J N 6 837 -63 7 5185 192 1 756
K 0 42 45
K 0 21 45
K 0 0 45
K 0 0 43
K -1 0 45
K 6 0 45
A D 2 24 0
A P 3 255 0
J N 6 877 -63 7 5761 192 1 756
K 0 42 45
K 0 21 45
K 0 0 45
K 0 0 43
K -1 0 45
K 6 0 45
A D 2 24 0
A P 3 255 0
J N 6 917 -63 7 6337 192 1 756
K 0 42 45
K 0 21 45
K 0 0 45
K 0 0 43
K -1 0 45
K 6 0 45
A D 2 24 0
A P 3 255 0
H 756 B -105 0 112 3 2 1 3
J B 450 960 1 82 6913 192 0
J N 8 992 -74 16 1 0 0
K 0 53 45
K 0 32 45
K 0 11 45
K 0 0 42
K 0 11 45
K 2 11 45
K 38 0 44
K -8 206 111
K 10 206 110
K 0 70 60
K 0 0 60
K 0 42 60
K 0 68 60
K 3 -26 227
K -26 97 125
A D 12 24 0
A P 3 260 0
J N 8 1085 -74 14 3457 1152 0
K 0 53 45
K 0 32 45
K 0 11 45
K 0 0 42
K 0 11 45
K 2 11 45
K 38 0 44
K 0 70 60
K 0 0 60
K 0 42 60
K 0 68 60
K 3 -26 227
K -26 97 125
A D 12 24 0
A P 3 260 0
J B 451 1178 1 82 6913 1152 0
J N 8 1210 52 9 1 0 0
K 0 0 42
K 38 0 44
K -8 80 111
K 10 80 110
K 0 -26 59
K 0 0 59
K 0 -24 59
K 0 -53 125
A D 12 24 0
A P 3 192 0
J N 8 1303 52 7 3457 1152 0
K 0 0 42
K 38 0 44
K 0 -26 59
K 0 0 59
K 0 -24 59
K 0 -53 125
A D 12 24 0
A P 3 192 0
J B 452 1396 1 82 6913 1152 0
J N 8 1428 -95 17 1 0 0
K 0 74 45
K 0 53 45
K 0 32 45
K 0 11 45
K 0 0 42
K 0 11 45
K 2 11 45
K 38 0 44
K -8 227 111
K 10 227 110
K 0 91 60
K 0 0 60
K 0 42 60
K 0 84 60
K 0 89 60
K -26 118 125
A D 12 24 0
A P 3 272 0
J N 8 1521 -95 15 3457 1152 0
K 0 74 45
K 0 53 45
K 0 32 45
K 0 11 45
K 0 0 42
K 0 11 45
K 2 11 45
K 38 0 44
K 0 91 60
K 0 0 60
K 0 42 60
K 0 84 60
K 0 89 60
K -26 118 125
A D 12 24 0
A P 3 272 0
J B 453 1614 1 82 6913 1152 0
J N 8 1646 52 9 1 0 0
K 0 0 42
K 38 0 44
K -8 80 111
K 10 80 110
K 0 -26 59
K 0 0 59
K 0 -24 59
K 0 -53 125
A D 12 24 0
A P 3 192 0
J N 8 1739 52 7 3457 1152 0
K 0 0 42
K 38 0 44
K 0 -26 59
K 0 0 59
K 0 -24 59
K 0 -53 125
A D 12 24 0
A P 3 192 0
J B 454 1832 1 82 6913 1152 0
J N 8 1864 -95 17 1 0 0
K 0 74 45
K 0 53 45
K 0 32 45
K 0 11 45
K 0 0 42
K 0 11 45
K 2 11 45
K 38 0 44
K -8 227 111
K 10 227 110
K 0 91 60
K 0 0 60
K 0 42 60
K 0 84 60
K 0 89 60
K -26 118 125
A D 12 24 0
A P 3 272 0
J N 8 1957 52 9 3457 1152 0
K 0 0 42
K 38 0 44
K -8 80 111
K 10 80 110
K 0 -26 59
K 0 0 59
K 0 -24 59
K 0 -53 125
A D 12 24 0
A P 3 192 0
J B 455 2050 1 82 6913 1152 0
E *
B 1 445 0
B 1 960 0
B 1 1178 0
B 1 1396 0
B 1 1614 0
B 1 1832 0
B 1 2050 0
S 0 200 770 2050 84 1 "(.)"
L 0 0 0 369 369 * 0 21 0
J C 4 7 63 2 6913 0 0
K 0 0 33
K 0 0 34
J K -1 85 0 1 6913 0 0
K 0 42 65
J D 0 -39 -21 1 6913 0 0
W 0 0 37 \04\05\05
J N 8 170 -95 17 1 0 0
K 0 74 45
K 0 53 45
K 0 32 45
K 0 11 45
K 0 0 42
K 0 11 45
K 2 11 45
K 38 0 44
K -8 227 111
K 10 227 110
K 0 91 60
K 0 0 60
K 0 42 60
K 0 84 60
K 0 89 60
K -26 118 125
A D 12 24 0
A P 3 272 0
J N 8 258 52 9 3457 1152 0
K 0 0 42
K 38 0 44
K -8 80 111
K 10 80 110
K 0 -26 59
K 0 0 59
K 0 -24 59
K 0 -53 125
A D 12 24 0
A P 3 192 0
J B 456 351 1 82 6913 1152 0
J N 8 383 -95 17 1 0 0
K 0 74 45
K 0 53 45
K 0 32 45
K 0 11 45
K 0 0 42
K 0 11 45
K 2 11 45
K 38 0 44
K -8 227 111
K 10 227 110
K 0 91 60
K 0 0 60
K 0 42 60
K 0 84 60
K 0 89 60
K -26 118 125
A D 12 24 0
A P 3 272 0
J N 8 471 52 9 3457 1152 0
K 0 0 42
K 38 0 44
K -8 80 111
K 10 80 110
K 0 -26 59
K 0 0 59
K 0 -24 59
K 0 -53 125
A D 12 24 0
A P 3 192 0
J B 457 564 1 82 6913 1152 0
J N 8 596 -95 17 1 0 0
K 0 74 45
K 0 53 45
K 0 32 45
K 0 11 45
K 0 0 42
K 0 11 45
K 2 11 45
K 38 0 44
K -8 227 111
K 10 227 110
K 0 91 60
K 0 0 60
K 0 42 60
K 0 84 60
K 0 89 60
K -26 118 125
A D 12 24 0
A P 3 272 0
J N 8 684 52 9 3457 1152 0
K 0 0 42
K 38 0 44
K -8 80 111
K 10 80 110
K 0 -26 59
K 0 0 59
K 0 -24 59
K 0 -53 125
A D 12 24 0
A P 3 192 0
J B 458 777 1 82 6913 1152 0
J N 8 809 -95 17 1 0 0
K 0 74 45
K 0 53 45
K 0 32 45
K 0 11 45
K 0 0 42
K 0 11 45
K 2 11 45
K 38 0 44
K -8 227 110
K 22 227 108
K 0 91 60
K 0 0 60
K 0 42 60
K 0 84 60
K 0 89 60
K -26 118 125
A D 12 24 0
A P 3 272 0
J N 8 897 -95 15 3457 1152 0
K 0 74 45
K 0 53 45
K 0 32 45
K 0 11 45
K 0 0 42
K 0 11 45
K 2 11 45
K 38 0 44
K 0 91 60
K 0 0 60
K 0 42 60
K 0 84 60
K 0 89 60
K -26 118 125
A D 12 24 0
A P 3 272 0
J B 459 990 1 82 6913 1152 0
J N 8 1022 52 7 1 0 0
K 0 0 42
K 38 0 44
K 0 -26 59
K 0 0 59
K 0 -24 59
K 0 -53 125
A D 12 24 0
A P 3 192 0
J N 8 1109 52 7 3457 1152 0
K 0 0 42
K 38 0 44
K 0 -26 59
K 0 0 59
K 0 -24 59
K 0 -53 125
A D 12 24 0
A P 3 192 0
J B 460 1202 1 82 6913 1152 0
J N 8 1234 52 7 1 0 0
K 0 0 42
K 38 0 44
K 0 -26 59
K 0 0 59
K 0 -24 59
K 0 -53 125
A D 12 24 0
A P 3 192 0
J N 8 1321 52 7 3457 1152 0
K 0 0 42
K 38 0 44
K 0 -26 59
K 0 0 59
K 0 -24 59
K 0 -53 125
A D 12 24 0
A P 3 192 0
J B 461 1414 1 82 6913 1152 0
J N 8 1446 52 7 1 0 0
K 0 0 42
K 38 0 44
K 0 -26 59
K 0 0 59
K 0 -24 59
K 0 -53 125
A D 12 24 0
A P 3 192 0
J N 8 1533 52 7 3457 1152 0
K 0 0 42
K 38 0 44
K 0 -26 59
K 0 0 59
K 0 -24 59
K 0 -53 125
A D 12 24 0
A P 3 192 0
J B 462 1626 1 82 6913 1152 0
J N 8 1658 52 7 1 0 0
K 0 0 42
K 38 0 44
K 0 -26 59
K 0 0 59
K 0 -24 59
K 0 -53 125
A D 12 24 0
A P 3 192 0
J N 8 1745 52 7 3457 1152 0
K 0 0 42
K 38 0 44
K 0 -26 59
K 0 0 59
K 0 -24 59
K 0 -53 125
A D 12 24 0
A P 3 192 0
J B 463 1838 1 82 6913 1152 0
J N 8 1870 52 7 1 0 0
K 0 0 42
K 38 0 44
K 0 -26 59
K 0 0 59
K 0 -24 59
K 0 -53 125
A D 12 24 0
A P 3 192 0
J N 8 1957 52 7 3457 1152 0
K 0 0 42
K 38 0 44
K 0 -26 59
K 0 0 59
K 0 -24 59
K 0 -53 125
A D 12 24 0
A P 3 192 0
J B 464 2050 1 82 6913 1152 0
E *
B 1 351 0
B 1 564 0
B 1 777 0
B 1 990 0
B 1 1202 0
B 1 1414 0
B 1 1626 0
B 1 1838 0
B 1 2050 0
S 0 200 1085 2050 84 1 "(.)"
L 0 0 0 369 369 * 0 21 0
J C 4 7 63 2 6913 0 0
K 0 0 33
K 0 0 34
J K -1 85 0 1 6913 0 0
K 0 42 65
J D 0 -39 -21 1 6913 0 0
W 0 0 37 \04\06\04
J N 8 170 52 7 1 0 0
K 0 0 42
K 38 0 44
K 0 -26 59
K 0 0 59
K 0 -24 59
K 0 -53 125
A D 12 24 0
A P 3 192 0
J N 8 268 52 7 3457 1152 0
K 0 0 42
K 38 0 44
K 0 -26 59
K 0 0 59
K 0 -24 59
K 0 -53 125
A D 12 24 0
A P 3 192 0
J B 465 366 1 82 6913 1152 0
J N 8 398 52 7 1 0 0
K 0 0 42
K 38 0 44
K 0 -26 59
K 0 0 59
K 0 -24 59
K 0 -53 125
A D 12 24 0
A P 3 192 0
J N 8 496 52 7 3457 1152 0
K 0 0 42
K 38 0 44
K 0 -26 59
K 0 0 59
K 0 -24 59
K 0 -53 125
A D 12 24 0
A P 3 192 0
J B 466 594 1 82 6913 1152 0
J N 8 626 -95 15 1 0 0
K 0 74 45
K 0 53 45
K 0 32 45
K 0 11 45
K 0 0 42
K 0 11 45
K 2 11 45
K 38 0 44
K 0 91 60
K 0 0 60
K 0 42 60
K 0 84 60
K 0 89 60
K -26 118 125
A D 12 24 0
A P 3 272 0
J N 8 724 52 7 3457 1152 0
K 0 0 42
K 38 0 44
K 0 -26 59
K 0 0 59
K 0 -24 59
K 0 -53 125
A D 12 24 0
A P 3 192 0
J B 467 821 1 82 6913 1152 0
J N 8 853 52 7 1 0 0
K 0 0 42
K 38 0 44
K 0 -26 59
K 0 0 59
K 0 -24 59
K 0 -53 125
A D 12 24 0
A P 3 192 0
J N 8 950 52 7 3457 1152 0
K 0 0 42
K 38 0 44
K 0 -26 59
K 0 0 59
K 0 -24 59
K 0 -53 125
A D 12 24 0
A P 3 192 0
J B 468 1047 1 82 6913 1152 0
J N 8 1079 52 7 1 0 0
K 0 0 42
K 38 0 44
K 0 -26 59
K 0 0 59
K 0 -24 59
K 0 -53 125
A D 12 24 0
A P 3 192 0
J N 8 1176 52 7 3457 1152 0
K 0 0 42
K 38 0 44
K 0 -26 59
K 0 0 59
K 0 -24 59
K 0 -53 125
A D 12 24 0
A P 3 192 0
J B 469 1273 1 82 6913 1152 0
J N 8 1305 52 7 1 0 0
K 0 0 42
K 38 0 44
K 0 -26 59
K 0 0 59
K 0 -24 59
K 0 -53 125
A D 12 24 0
A P 3 192 0
J N 8 1402 52 7 3457 1152 0
K 0 0 42
K 38 0 44
K 0 -26 59
K 0 0 59
K 0 -24 59
K 0 -53 125
A D 12 24 0
A P 3 192 0
J B 470 1499 1 82 6913 1152 0
J N 7 1531 -95 12 1 0 0
K 0 74 45
K 0 53 45
K 0 32 45
K 0 11 45
K 0 0 43
K 0 11 45
K 2 11 45
K 0 0 60
K 0 42 60
K 0 84 60
K 0 95 60
A D 6 24 0
A P 3 272 0
J R 7 1584 42 2 1729 576 0
K 0 0 48
A D 6 24 1
A P 3 0 1
J R 8 1637 42 2 3457 576 0
K 0 0 47
A D 12 24 0
A P 3 0 0
J B 471 1734 1 82 6913 1152 0
J R 9 1871 42 46 1 10000 0
J B 472 2050 1 82 6913 2304 0
E *
B 1 366 0
B 1 594 0
B 1 821 0
B 1 1047 0
B 1 1273 0
B 1 1499 0
B 1 1734 0
B 1 2050 0
S 0 200 1400 2050 84 1 "(.)"
L 0 0 0 369 369 * 0 21 0
J C 4 7 63 2 6913 0 0
K 0 0 33
K 0 0 34
J K -1 85 0 1 6913 0 0
K 0 42 65
J D 0 -39 -21 1 6913 0 0
W 0 0 37 \04\07\02
J N 6 170 52 4 1 0 2 757 758
K 0 0 43
K -8 80 108
K 26 80 108
A D 3 24 0
A P 3 192 0
J N 6 210 42 2 865 288 2 758 757
K 0 0 43
A D 3 24 0
A P 3 197 0
H 758 B 76 -3 112 2 2 3
H 757 S 12 0 0 0 0 0 0 0 0
J N 7 247 63 5 1729 288 0
K 0 0 43
K 0 31 96
K 0 0 59
K 0 -32 59
A D 6 24 0
A P 3 186 0
J N 6 296 52 2 3457 576 2 759 760
K 0 0 43
A D 3 24 0
A P 3 192 0
J N 6 336 42 2 4321 288 2 760 759
K 0 0 43
A D 3 24 0
A P 3 197 0
H 760 B 76 -3 112 2 2 3
H 759 S 12 0 0 0 0 0 0 0 0
J N 7 373 63 5 5185 288 0
K 0 0 43
K 0 31 96
K 0 0 59
K 0 -32 59
A D 6 24 0
A P 3 186 0
J B 473 428 1 82 6913 576 0
J N 6 460 52 2 1 0 2 761 762
K 0 0 43
A D 3 24 0
A P 3 192 0
J N 6 500 42 2 865 288 2 762 761
K 0 0 43
A D 3 24 0
A P 3 197 0
H 762 B 76 -3 112 2 2 3
H 761 S 12 0 0 0 0 0 0 0 0
J N 7 537 63 5 1729 288 0
K 0 0 43
K 0 31 96
K 0 0 59
K 0 -32 59
A D 6 24 0
A P 3 186 0
J N 6 586 52 2 3457 576 2 763 764
K 0 0 43
A D 3 24 0
A P 3 192 0
J N 6 626 42 2 4321 288 2 764 763
K 0 0 43
A D 3 24 0
A P 3 197 0
H 764 B 76 -3 112 2 2 3
H 763 S 12 0 0 0 0 0 0 0 0
J N 7 663 63 5 5185 288 0
K 0 0 43
K 0 31 96
K 0 0 59
K 0 -32 59
A D 6 24 0
A P 3 186 0
J B 474 718 1 82 6913 576 0
J N 7 750 52 4 1 0 0
K 0 0 43
K 0 0 59
K 0 -31 59
A D 6 24 0
A P 3 192 0
J R 7 799 42 2 1729 576 0
K 0 0 48
A D 6 24 1
A P 3 0 1
J R 8 848 42 2 3457 576 0
K 0 0 47
A D 12 24 0
A P 3 0 0
J B 475 922 1 82 6913 1152 0
J R 9 1030 42 46 1 10000 0
J B 476 1180 1 82 6913 2304 0
J D 0 1212 0 1 1 0 0
W 0 138 36 cresc.
J N 6 1212 -21 5 1 0 2 765 766
K 0 0 45
K 0 0 43
K -1 0 45
K 6 0 45
A D 3 24 0
A P 3 232 0
J N 6 1252 -32 5 865 288 2 766 765
K 0 11 45
K 0 0 43
K 0 11 45
K 2 11 45
A D 3 24 0
A P 3 237 0
H 766 B -70 -3 112 2 2 3
H 765 S 0 0 0 0 0 0 0 0 0
J N 7 1289 -11 5 1729 288 0
K 0 0 43
K 0 -26 96
K 0 0 60
K 0 32 60
A D 6 24 0
A P 3 226 0
J N 6 1338 -21 5 3457 576 2 767 768
K 0 0 45
K 0 0 43
K -1 0 45
K 6 0 45
A D 3 24 0
A P 3 232 0
J N 6 1378 -32 5 4321 288 2 768 767
K 0 11 45
K 0 0 43
K 0 11 45
K 2 11 45
A D 3 24 0
A P 3 237 0
H 768 B -70 -3 112 2 2 3
H 767 S 0 0 0 0 0 0 0 0 0
J N 7 1415 -11 5 5185 288 0
K 0 0 43
K 0 -26 96
K 0 0 60
K 0 32 60
A D 6 24 0
A P 3 226 0
J B 477 1470 1 82 6913 576 0
J N 6 1502 -21 5 1 0 2 769 770
K 0 0 45
K 0 0 43
K -1 0 45
K 6 0 45
A D 3 24 0
A P 3 232 0
J N 6 1542 -32 5 865 288 2 770 769
K 0 11 45
K 0 0 43
K 0 11 45
K 2 11 45
A D 3 24 0
A P 3 237 0
H 770 B -70 -3 112 2 2 3
H 769 S 0 0 0 0 0 0 0 0 0
J N 7 1579 -11 5 1729 288 0
K 0 0 43
K 0 -26 96
K 0 0 60
K 0 32 60
A D 6 24 0
A P 3 226 0
J N 6 1628 -21 5 3457 576 2 771 772
K 0 0 45
K 0 0 43
K -1 0 45
K 6 0 45
A D 3 24 0
A P 3 232 0
J N 6 1668 -32 5 4321 288 2 772 771
K 0 11 45
K 0 0 43
K 0 11 45
K 2 11 45
A D 3 24 0
A P 3 237 0
H 772 B -70 -3 112 2 2 3
H 771 S 0 0 0 0 0 0 0 0 0
J N 7 1705 -11 5 5185 288 0
K 0 0 43
K 0 -26 96
K 0 0 60
K 0 32 60
A D 6 24 0
A P 3 226 0
J B 478 1760 1 82 6913 576 0
J N 6 1792 -53 6 1 0 2 773 774
K 0 32 45
K 0 11 45
K 0 0 43
K 0 11 45
K 2 11 45
A D 3 24 0
A P 3 249 0
J N 6 1832 -63 7 865 288 2 774 773
K 0 42 45
K 0 21 45
K 0 0 45
K 0 0 43
K -1 0 45
K 6 0 45
A D 3 24 0
A P 3 255 0
H 774 B -102 -5 112 2 2 3
H 773 S 0 0 0 0 0 0 0 0 0
J N 7 1869 -42 9 1729 288 0
K 0 21 45
K 0 0 45
K 0 0 43
K -1 0 45
K 6 0 45
K 0 -26 96
K 0 0 60
K 0 42 60
A D 6 24 0
A P 3 243 0
J N 6 1918 -53 6 3457 576 2 775 776
K 0 32 45
K 0 11 45
K 0 0 43
K 0 11 45
K 2 11 45
A D 3 24 0
A P 3 249 0
J N 6 1958 -63 7 4321 288 2 776 775
K 0 42 45
K 0 21 45
K 0 0 45
K 0 0 43
K -1 0 45
K 6 0 45
A D 3 24 0
A P 3 255 0
H 776 B -102 -5 112 2 2 3
H 775 S 0 0 0 0 0 0 0 0 0
J N 7 1995 -42 9 5185 288 0
K 0 21 45
K 0 0 45
K 0 0 43
K -1 0 45
K 6 0 45
K 0 -26 96
K 0 0 60
K 0 42 60
A D 6 24 0
A P 3 243 0
J B 479 2050 1 82 6913 576 0
E *
B 1 428 0
B 1 718 0
B 1 922 0
B 1 1180 0
B 1 1470 0
B 1 1760 0
B 1 2050 0
S 0 200 1715 2050 84 1 "(.)"
L 0 0 0 369 369 * 0 21 0
J C 4 7 63 2 6913 0 0
K 0 0 33
K 0 0 34
J K -1 85 0 1 6913 0 0
K 0 42 65
J D 0 -39 -21 1 6913 0 0
W 0 0 37 \04\07\09
J N 6 170 -53 6 1 0 2 777 778
K 0 32 45
K 0 11 45
K 0 0 43
K 0 11 45
K 2 11 45
A D 3 24 0
A P 3 249 0
J N 6 210 -63 7 865 288 2 778 777
K 0 42 45
K 0 21 45
K 0 0 45
K 0 0 43
K -1 0 45
K 6 0 45
A D 3 24 0
A P 3 255 0
H 778 B -102 -5 112 2 2 3
H 777 S 0 0 0 0 0 0 0 0 0
J N 7 247 -42 9 1729 288 0
K 0 21 45
K 0 0 45
K 0 0 43
K -1 0 45
K 6 0 45
K 0 -26 96
K 0 0 60
K 0 42 60
A D 6 24 0
A P 3 243 0
J N 6 296 -53 6 3457 576 2 779 780
K 0 32 45
K 0 11 45
K 0 0 43
K 0 11 45
K 2 11 45
A D 3 24 0
A P 3 249 0
J N 6 336 -63 7 4321 288 2 780 779
K 0 42 45
K 0 21 45
K 0 0 45
K 0 0 43
K -1 0 45
K 6 0 45
A D 3 24 0
A P 3 255 0
H 780 B -102 -5 112 2 2 3
H 779 S 0 0 0 0 0 0 0 0 0
J N 7 373 -42 9 5185 288 0
K 0 21 45
K 0 0 45
K 0 0 43
K -1 0 45
K 6 0 45
K 0 -26 96
K 0 0 60
K 0 42 60
A D 6 24 0
A P 3 243 0
J B 480 428 1 82 6913 576 0
J N 6 460 52 12 1 0 2 781 782
K 0 -73 45
K 0 -94 45
K 0 -115 45
K 0 -126 43
K 0 -115 45
K 2 -115 45
K 0 0 43
K 0 105 110
K 0 -126 60
K 0 -84 60
K 0 -42 60
A D 2 24 0
A P 3 260 0
A P 3 192 0
J N 6 499 52 11 577 192 1 782
K 0 -73 45
K 0 -94 45
K 0 -115 45
K 0 -126 43
K 0 -115 45
K 2 -115 45
K 0 0 43
K 0 -126 60
K 0 -84 60
K 0 -42 60
A D 2 24 0
A P 3 260 0
A P 3 192 0
J N 6 538 52 11 1153 192 1 782
K 0 -73 45
K 0 -94 45
K 0 -115 45
K 0 -126 43
K 0 -115 45
K 2 -115 45
K 0 0 43
K 0 -126 60
K 0 -84 60
K 0 -42 60
A D 2 24 0
A P 3 260 0
A P 3 192 0
J N 6 577 52 11 1729 192 1 782
K 0 -73 45
K 0 -94 45
K 0 -115 45
K 0 -126 43
K 0 -115 45
K 2 -115 45
K 0 0 43
K 0 -126 60
K 0 -84 60
K 0 -42 60
A D 2 24 0
A P 3 260 0
A P 3 192 0
J N 6 616 52 11 2305 192 1 782
K 0 -73 45
K 0 -94 45
K 0 -115 45
K 0 -126 43
K 0 -115 45
K 2 -115 45
K 0 0 43
K 0 -126 60
K 0 -84 60
K 0 -42 60
A D 2 24 0
A P 3 260 0
A P 3 192 0
J N 6 655 52 11 2881 192 2 782 781
K 0 -73 45
K 0 -94 45
K 0 -115 45
K 0 -126 43
K 0 -115 45
K 2 -115 45
K 0 0 43
K 0 -126 60
K 0 -84 60
K 0 -42 60
A D 2 24 0
A P 3 260 0
A P 3 192 0
H 781 X 9 6 0 -126 0 -126 782
H 782 B -63 0 112 6 2 1 1 1 1 3
J N 8 695 52 18 3457 192 0
K 0 -73 45
K 0 -94 45
K 0 -115 45
K 0 -126 42
K 0 -115 45
K 2 -115 45
K 38 -126 44
K 0 0 42
K 38 0 44
K 0 -126 60
K 0 -84 60
K 0 -42 60
K 0 26 60
K 0 0 60
K 0 24 60
K 3 -152 227
K -26 53 125
A D 12 24 0
A P 3 260 0
A P 3 192 0
J B 481 788 1 82 6913 1152 0
J N 8 820 52 17 1 0 0
K 0 -73 45
K 0 -94 45
K 0 -115 45
K 0 -126 42
K 0 -115 45
K 2 -115 45
K 38 -126 44
K 0 0 42
K 38 0 44
K 0 -126 60
K 0 -84 60
K 0 -42 60
K 0 26 60
K 0 0 60
K 0 24 60
K -26 53 125
A D 12 24 0
A P 3 260 0
A P 3 192 0
J N 8 907 52 17 3457 1152 0
K 0 -73 45
K 0 -94 45
K 0 -115 45
K 0 -126 42
K 0 -115 45
K 2 -115 45
K 38 -126 44
K 0 0 42
K 38 0 44
K 0 -126 60
K 0 -84 60
K 0 -42 60
K 0 26 60
K 0 0 60
K 0 24 60
K -26 53 125
A D 12 24 0
A P 3 260 0
A P 3 192 0
J B 482 1000 1 82 6913 1152 0
J N 7 1032 52 13 1 0 0
K 0 -73 45
K 0 -94 45
K 0 -115 45
K 0 -126 43
K 0 -115 45
K 2 -115 45
K 0 0 43
K 0 -126 60
K 0 -84 60
K 0 -42 60
K 0 0 60
K 0 21 60
A D 6 24 0
A P 3 260 0
A P 3 192 0
J R 7 1081 42 2 1729 576 0
K 0 0 48
A D 6 24 1
A P 3 0 1
J R 8 1130 42 2 3457 576 0
K 0 0 47
A D 12 24 0
A P 3 0 0
J B 483 1204 1 82 6913 1152 0
J N 7 1236 -84 11 1 0 0
K 0 63 45
K 0 42 45
K 0 21 45
K 0 0 45
K 0 0 43
K -1 0 45
K 6 0 45
K 0 0 60
K 0 42 60
K 0 84 60
A D 6 24 0
A P 3 266 0
J R 7 1285 42 2 1729 576 0
K 0 0 48
A D 6 24 1
A P 3 0 1
J R 8 1334 42 2 3457 576 0
K 0 0 47
A D 12 24 0
A P 3 0 0
J B 484 1408 1 82 6913 1152 0
J N 7 1440 52 13 1 0 0
K 0 -73 45
K 0 -94 45
K 0 -115 45
K 0 -126 43
K 0 -115 45
K 2 -115 45
K 0 0 43
K 0 -126 60
K 0 -84 60
K 0 -42 60
K 0 0 60
K 0 21 60
A D 6 24 0
A P 3 260 0
A P 3 192 0
J R 7 1489 42 2 1729 576 0
K 0 0 48
A D 6 24 1
A P 3 0 1
J R 8 1538 42 2 3457 576 0
K 0 0 47
A D 12 24 0
A P 3 0 0
J B 485 1612 1 82 6913 1152 0
J N 7 1644 -84 11 1 0 0
K 0 63 45
K 0 42 45
K 0 21 45
K 0 0 45
K 0 0 43
K -1 0 45
K 6 0 45
K 0 0 60
K 0 42 60
K 0 84 60
A D 6 24 0
A P 3 266 0
J R 7 1693 42 2 1729 576 0
K 0 0 48
A D 6 24 1
A P 3 0 1
J R 8 1742 42 2 3457 576 0
K 0 0 47
A D 12 24 0
A P 3 0 0
J B 486 1816 1 82 6913 1152 0
J N 7 1848 52 13 1 0 0
K 0 -73 45
K 0 -94 45
K 0 -115 45
K 0 -126 43
K 0 -115 45
K 2 -115 45
K 0 0 43
K 0 -126 60
K 0 -84 60
K 0 -42 60
K 0 0 60
K 0 21 60
A D 6 24 0
A P 3 260 0
A P 3 192 0
J R 7 1897 42 2 1729 576 0
K 0 0 48
A D 6 24 0
A P 3 0 0
J N 7 1946 -84 11 3457 576 0
K 0 63 45
K 0 42 45
K 0 21 45
K 0 0 45
K 0 0 43
K -1 0 45
K 6 0 45
K 0 0 60
K 0 42 60
K 0 84 60
A D 6 24 0
A P 3 266 0
J R 7 1995 42 2 5185 576 0
K 0 0 48
A D 6 24 0
A P 3 0 0
J B 487 2050 1 82 6913 576 0
E *
B 1 428 0
B 1 788 0
B 1 1000 0
B 1 1204 0
B 1 1408 0
B 1 1612 0
B 1 1816 0
B 1 2050 0
S 0 200 2030 2050 84 1 "(.)"
L 0 0 0 369 369 * 0 21 0
J C 4 7 63 2 6913 0 0
K 0 0 33
K 0 0 34
J K -1 85 0 1 6913 0 0
K 0 42 65
J D 0 -39 -21 1 6913 0 0
W 0 0 37 \04\08\07
J N 7 170 52 13 1 0 0
K 0 -73 45
K 0 -94 45
K 0 -115 45
K 0 -126 43
K 0 -115 45
K 2 -115 45
K 0 0 43
K 0 -126 60
K 0 -84 60
K 0 -42 60
K 0 0 60
K 0 21 60
A D 6 24 0
A P 3 260 0
A P 3 192 0
J R 7 220 42 2 1729 576 0
K 0 0 48
A D 6 24 0
A P 3 0 0
J N 7 270 -84 11 3457 576 0
K 0 63 45
K 0 42 45
K 0 21 45
K 0 0 45
K 0 0 43
K -1 0 45
K 6 0 45
K 0 0 60
K 0 42 60
K 0 84 60
A D 6 24 0
A P 3 266 0
J R 7 320 42 2 5185 576 0
K 0 0 48
A D 6 24 0
A P 3 0 0
J B 488 376 1 82 6913 576 0
J N 7 408 52 13 1 0 0
K 0 -73 45
K 0 -94 45
K 0 -115 45
K 0 -126 43
K 0 -115 45
K 2 -115 45
K 0 0 43
K 0 -126 60
K 0 -84 60
K 0 -42 60
K 0 0 60
K 0 21 60
A D 6 24 0
A P 3 260 0
A P 3 192 0
J R 7 458 42 2 1729 576 0
K 0 0 48
A D 6 24 0
A P 3 0 0
J N 7 508 -84 11 3457 576 0
K 0 63 45
K 0 42 45
K 0 21 45
K 0 0 45
K 0 0 43
K -1 0 45
K 6 0 45
K 0 0 60
K 0 42 60
K 0 84 60
A D 6 24 0
A P 3 266 0
J R 7 558 42 2 5185 576 0
K 0 0 48
A D 6 24 0
A P 3 0 0
J B 489 614 1 82 6913 576 0
J N 7 646 52 13 1 0 0
K 0 -73 45
K 0 -94 45
K 0 -115 45
K 0 -126 43
K 0 -115 45
K 2 -115 45
K 0 0 43
K 0 -126 60
K 0 -84 60
K 0 -42 60
K 0 0 60
K 0 21 60
A D 6 24 0
A P 3 260 0
A P 3 192 0
J R 7 696 42 2 1729 576 0
K 0 0 48
A D 6 24 0
A P 3 0 0
J N 7 746 -84 11 3457 576 0
K 0 63 45
K 0 42 45
K 0 21 45
K 0 0 45
K 0 0 43
K -1 0 45
K 6 0 45
K 0 0 60
K 0 42 60
K 0 84 60
A D 6 24 0
A P 3 266 0
J R 7 796 42 2 5185 576 0
K 0 0 48
A D 6 24 0
A P 3 0 0
J B 490 852 1 82 6913 576 0
J N 6 884 52 15 1 0 2 783 784
K 0 -73 45
K 0 -94 45
K 0 -115 45
K 0 -136 45
K 0 -147 43
K 0 -136 45
K 2 -136 45
K 0 0 43
K -8 111 110
K 17 111 110
K 0 -147 60
K 0 -105 60
K 0 -63 60
K 0 -21 60
A D 2 24 0
A P 3 272 0
A P 3 192 0
J N 6 924 52 13 577 192 1 784
K 0 -73 45
K 0 -94 45
K 0 -115 45
K 0 -136 45
K 0 -147 43
K 0 -136 45
K 2 -136 45
K 0 0 43
K 0 -147 60
K 0 -105 60
K 0 -63 60
K 0 -21 60
A D 2 24 0
A P 3 272 0
A P 3 192 0
J N 6 964 52 13 1153 192 1 784
K 0 -73 45
K 0 -94 45
K 0 -115 45
K 0 -136 45
K 0 -147 43
K 0 -136 45
K 2 -136 45
K 0 0 43
K 0 -147 60
K 0 -105 60
K 0 -63 60
K 0 -21 60
A D 2 24 0
A P 3 272 0
A P 3 192 0
J N 6 1004 52 13 1729 192 1 784
K 0 -73 45
K 0 -94 45
K 0 -115 45
K 0 -136 45
K 0 -147 43
K 0 -136 45
K 2 -136 45
K 0 0 43
K 0 -147 60
K 0 -105 60
K 0 -63 60
K 0 -21 60
A D 2 24 0
A P 3 272 0
A P 3 192 0
J N 6 1044 52 13 2305 192 1 784
K 0 -73 45
K 0 -94 45
K 0 -115 45
K 0 -136 45
K 0 -147 43
K 0 -136 45
K 2 -136 45
K 0 0 43
K 0 -147 60
K 0 -105 60
K 0 -63 60
K 0 -21 60
A D 2 24 0
A P 3 272 0
A P 3 192 0
J N 6 1084 52 13 2881 192 2 784 783
K 0 -73 45
K 0 -94 45
K 0 -115 45
K 0 -136 45
K 0 -147 43
K 0 -136 45
K 2 -136 45
K 0 0 43
K 0 -147 60
K 0 -105 60
K 0 -63 60
K 0 -21 60
A D 2 24 0
A P 3 272 0
A P 3 192 0
H 783 X 9 6 0 -157 0 -157 784
H 784 B -63 0 112 6 2 1 1 1 1 3
J N 8 1124 52 20 3457 192 0
K 0 -73 45
K 0 -94 45
K 0 -115 45
K 0 -136 45
K 0 -147 42
K 0 -136 45
K 2 -136 45
K 38 -147 44
K 0 0 42
K 38 0 44
K 0 -147 60
K 0 -105 60
K 0 -63 60
K 0 -21 60
K 0 26 60
K 0 0 60
K 0 24 60
K 3 -173 227
K -26 53 125
A D 12 24 0
A P 3 272 0
A P 3 192 0
J B 491 1218 1 82 6913 1152 0
J N 8 1250 52 19 1 0 0
K 0 -73 45
K 0 -94 45
K 0 -115 45
K 0 -136 45
K 0 -147 42
K 0 -136 45
K 2 -136 45
K 38 -147 44
K 0 0 42
K 38 0 44
K 0 -147 60
K 0 -105 60
K 0 -63 60
K 0 -21 60
K 0 26 60
K 0 0 60
K 0 24 60
K -26 53 125
A D 12 24 0
A P 3 272 0
A P 3 192 0
J N 8 1338 52 19 3457 1152 0
K 0 -73 45
K 0 -94 45
K 0 -115 45
K 0 -136 45
K 0 -147 42
K 0 -136 45
K 2 -136 45
K 38 -147 44
K 0 0 42
K 38 0 44
K 0 -147 60
K 0 -105 60
K 0 -63 60
K 0 -21 60
K 0 26 60
K 0 0 60
K 0 24 60
K -26 53 125
A D 12 24 0
A P 3 272 0
A P 3 192 0
J B 492 1432 1 82 6913 1152 0
J N 7 1464 52 15 1 0 0
K 0 -73 45
K 0 -94 45
K 0 -115 45
K 0 -136 45
K 0 -147 43
K 0 -136 45
K 2 -136 45
K 0 0 43
K 0 -147 60
K 0 -105 60
K 0 -63 60
K 0 -21 60
K 0 0 60
K 0 21 60
A D 6 24 0
A P 3 272 0
A P 3 192 0
J R 7 1513 42 2 1729 576 0
K 0 0 48
A D 6 24 1
A P 3 0 1
J R 8 1562 42 2 3457 576 0
K 0 0 47
A D 12 24 0
A P 3 0 0
J B 493 1638 1 82 6913 1152 0
J N 7 1670 52 15 1 0 0
K 0 -73 45
K 0 -94 45
K 0 -115 45
K 0 -136 45
K 0 -147 43
K 0 -136 45
K 2 -136 45
K 0 0 43
K 0 -147 60
K 0 -105 60
K 0 -63 60
K 0 -21 60
K 0 0 60
K 0 21 60
A D 6 24 0
A P 3 272 0
A P 3 192 0
J R 7 1719 42 2 1729 576 0
K 0 0 48
A D 6 24 1
A P 3 0 1
J R 8 1768 42 2 3457 576 0
K 0 0 47
A D 12 24 0
A P 3 0 0
J B 494 1844 1 82 6913 1152 0
J N 7 1876 52 15 1 0 0
K 0 -73 45
K 0 -94 45
K 0 -115 45
K 0 -136 45
K 0 -147 43
K 0 -136 45
K 2 -136 45
K 0 0 43
K 0 -147 60
K 0 -105 60
K 0 -63 60
K 0 -21 60
K 0 0 60
K 0 21 60
A D 6 24 0
A P 3 272 0
A P 3 192 0
J R 7 1925 42 2 1729 576 0
K 0 0 48
A D 6 24 1
A P 3 0 1
J R 8 1974 42 2 3457 576 0
K 0 0 47
A D 12 24 0
A P 3 0 0
J B 495 2050 1 82 6913 1152 0
E *
B 1 376 0
B 1 614 0
B 1 852 0
B 1 1218 0
B 1 1432 0
B 1 1638 0
B 1 1844 0
B 1 2050 0
S 0 200 2345 2050 84 1 "(.)"
L 0 0 0 369 369 * 0 21 0
J C 4 7 63 2 6913 0 0
K 0 0 33
K 0 0 34
J K -1 85 0 1 6913 0 0
K 0 42 65
J D 0 -39 -21 1 6913 0 0
W 0 0 37 \04\09\05
J N 7 170 52 15 1 0 0
K 0 -73 45
K 0 -94 45
K 0 -115 45
K 0 -136 45
K 0 -147 43
K 0 -136 45
K 2 -136 45
K 0 0 43
K 0 -147 60
K 0 -105 60
K 0 -63 60
K 0 -21 60
K 0 0 60
K 0 21 60
A D 6 24 0
A P 3 272 0
A P 3 192 0
J R 7 228 42 2 1729 576 0
K 0 0 48
A D 6 24 1
A P 3 0 1
J R 8 286 42 2 3457 576 0
K 0 0 47
A D 12 24 0
A P 3 0 0
J B 496 368 1 82 6913 1152 0
J N 7 400 52 15 1 0 0
K 0 -73 45
K 0 -94 45
K 0 -115 45
K 0 -136 45
K 0 -147 43
K 0 -136 45
K 2 -136 45
K 0 0 43
K 0 -147 60
K 0 -105 60
K 0 -63 60
K 0 -21 60
K 0 0 60
K 0 21 60
A D 6 24 0
A P 3 272 0
A P 3 192 0
J R 7 457 42 2 1729 576 0
K 0 0 48
A D 6 24 0
A P 3 0 0
J N 7 514 52 15 3457 576 0
K 0 -73 45
K 0 -94 45
K 0 -115 45
K 0 -136 45
K 0 -147 43
K 0 -136 45
K 2 -136 45
K 0 0 43
K 0 -147 60
K 0 -105 60
K 0 -63 60
K 0 -21 60
K 0 0 60
K 0 21 60
A D 6 24 0
A P 3 272 0
A P 3 192 0
J R 7 571 42 2 5185 576 0
K 0 0 48
A D 6 24 0
A P 3 0 0
J B 497 632 1 82 6913 576 0
J N 7 664 52 15 1 0 0
K 0 -73 45
K 0 -94 45
K 0 -115 45
K 0 -136 45
K 0 -147 43
K 0 -136 45
K 2 -136 45
K 0 0 43
K 0 -147 60
K 0 -105 60
K 0 -63 60
K 0 -21 60
K 0 0 60
K 0 21 60
A D 6 24 0
A P 3 272 0
A P 3 192 0
J R 7 721 42 2 1729 576 0
K 0 0 48
A D 6 24 0
A P 3 0 0
J N 7 778 52 15 3457 576 0
K 0 -73 45
K 0 -94 45
K 0 -115 45
K 0 -136 45
K 0 -147 43
K 0 -136 45
K 2 -136 45
K 0 0 43
K 0 -147 60
K 0 -105 60
K 0 -63 60
K 0 -21 60
K 0 0 60
K 0 21 60
A D 6 24 0
A P 3 272 0
A P 3 192 0
J R 7 835 42 2 5185 576 0
K 0 0 48
A D 6 24 0
A P 3 0 0
J B 498 896 1 82 6913 576 0
J N 7 928 52 15 1 0 0
K 0 -73 45
K 0 -94 45
K 0 -115 45
K 0 -136 45
K 0 -147 43
K 0 -136 45
K 2 -136 45
K 0 0 43
K 0 -147 60
K 0 -105 60
K 0 -63 60
K 0 -21 60
K 0 0 60
K 0 21 60
A D 6 24 0
A P 3 272 0
A P 3 192 0
J R 7 985 42 2 1729 576 0
K 0 0 48
A D 6 24 0
A P 3 0 0
J N 7 1042 52 15 3457 576 0
K 0 -73 45
K 0 -94 45
K 0 -115 45
K 0 -136 45
K 0 -147 43
K 0 -136 45
K 2 -136 45
K 0 0 43
K 0 -147 60
K 0 -105 60
K 0 -63 60
K 0 -21 60
K 0 0 60
K 0 21 60
A D 6 24 0
A P 3 272 0
A P 3 192 0
J R 7 1099 42 2 5185 576 0
K 0 0 48
A D 6 24 0
A P 3 0 0
J B 499 1160 1 82 6913 576 0
J N 7 1192 52 15 1 0 0
K 0 -73 45
K 0 -94 45
K 0 -115 45
K 0 -136 45
K 0 -147 43
K 0 -136 45
K 2 -136 45
K 0 0 43
K 0 -147 60
K 0 -105 60
K 0 -63 60
K 0 -21 60
K 0 0 60
K 0 21 60
A D 6 24 0
A P 3 272 0
A P 3 192 0
J R 7 1249 42 2 1729 576 0
K 0 0 48
A D 6 24 0
A P 3 0 0
J N 7 1306 52 15 3457 576 0
K 0 -73 45
K 0 -94 45
K 0 -115 45
K 0 -136 45
K 0 -147 43
K 0 -136 45
K 2 -136 45
K 0 0 43
K 0 -147 60
K 0 -105 60
K 0 -63 60
K 0 -21 60
K 0 0 60
K 0 21 60
A D 6 24 0
A P 3 272 0
A P 3 192 0
J R 7 1363 42 2 5185 576 0
K 0 0 48
A D 6 24 0
A P 3 0 0
J B 500 1424 1 82 6913 576 0
J N 7 1456 52 15 1 0 0
K 0 -73 45
K 0 -94 45
K 0 -115 45
K 0 -136 45
K 0 -147 43
K 0 -136 45
K 2 -136 45
K 0 0 43
K 0 -147 60
K 0 -105 60
K 0 -63 60
K 0 -21 60
K 0 0 60
K 0 21 60
A D 6 24 0
A P 3 272 0
A P 3 192 0
J R 7 1513 42 2 1729 576 0
K 0 0 48
A D 6 24 1
A P 3 0 1
J R 8 1570 42 2 3457 576 0
K 0 0 47
A D 12 24 0
A P 3 0 0
J B 501 1652 1 82 6913 1152 0
J N 7 1684 52 15 1 0 0
K 0 -73 45
K 0 -94 45
K 0 -115 45
K 0 -136 45
K 0 -147 43
K 0 -136 45
K 2 -136 45
K 0 0 43
K 0 -147 60
K 0 -105 60
K 0 -63 60
K 0 -21 60
K 0 0 60
K 0 21 60
A D 6 24 0
A P 3 272 0
A P 3 192 0
J R 7 1741 42 2 1729 576 0
K 0 0 48
A D 6 24 1
A P 3 0 1
J R 8 1798 42 2 3457 576 0
K 0 0 47
A D 12 24 0
A P 3 0 0
J B 502 1880 1 82 6913 1152 0
J N 7 1912 52 13 1 0 0
K 0 -73 45
K 0 -94 45
K 0 -115 45
K 0 -126 43
K 0 -115 45
K 2 -115 45
K 0 0 43
K 0 -126 60
K 0 -84 60
K 0 -42 60
K 0 0 60
K 0 21 60
A D 6 24 0
A P 3 260 0
A P 3 192 0
J R 7 1969 42 3 3457 576 0
K 0 0 48
K 0 -52 101
A D 6 24 0
A P 3 0 0
J B 0 2050 6 2 6913 576 0
K -20 0 82
K -9 0 84
E *
B 1 368 0
B 1 632 0
B 1 896 0
B 1 1160 0
B 1 1424 0
B 1 1652 0
B 1 1880 0
B 6 2050 0
