S 0 200 140 2050 1019 8 "[...][.][{..}..]"
L 0 0 0 326 326 * 0 14 0
J D 0 -119 42 1 6913 0 0
W 0 0 31 Ob 1-2
J C 4 5 42 2 6913 0 0
K 0 0 33
K 0 0 34
J K -2 57 0 2 6913 0 0
K 0 28 65
K 13 7 65
J D 0 -27 -14 1 6913 0 0
W 0 0 37 \01\00\05
J N 7 126 14 4 1 0 0
K 0 0 43
K 0 0 60
K 0 21 60
A D 2 8 0
A P 1 209 0
J R 7 170 28 2 2305 576 0
K 0 0 48
A D 2 8 1
A P 1 0 1
J R 7 214 28 2 4609 576 0
K 0 0 48
A D 2 8 0
A P 1 0 0
J B 106 261 1 82 6913 576 0
J R 7 282 28 2 1 0 0
K 0 0 48
A D 2 8 1
A P 1 0 1
J R 7 328 28 2 2305 576 0
K 0 0 48
A D 2 8 0
A P 1 0 0
J D 0 372 0 1 4609 576 0
W 0 -14 32 1.
J N 6 386 28 2 4609 0 2 27 28
K 0 0 43
A D 1 8 0
A P 1 197 0
J N 6 415 21 2 5761 288 1 28
K 0 0 43
A D 1 8 0
A P 1 203 0
H 28 B -46 -4 108 2 2 3
J B 107 448 1 82 6913 288 0
J N 8 473 14 4 1 0 0
K 0 0 42
K 0 0 60
K 0 21 60
A D 4 8 0
A P 1 209 0
J N 7 561 28 4 4609 1152 0
K 0 0 43
K 0 0 60
K 0 21 60
A D 2 8 0
A P 1 197 0
J B 108 608 1 82 6913 576 0
J N 8 633 21 4 1 0 0
K 0 0 42
K 0 0 60
K 0 21 60
A D 4 8 0
A P 1 203 0
J N 7 719 7 4 4609 1152 0
K 0 0 43
K 0 0 60
K 0 21 60
A D 2 8 0
A P 1 214 0
J B 109 781 1 82 6913 576 0
J N 7 806 21 4 1 0 1 27
K 0 0 43
K 0 0 60
K 0 21 60
A D 2 8 0
A P 1 203 0
H 27 S 0 0 -7 0 -7 0 0 0 0
J R 7 849 28 2 2305 576 0
K 0 0 48
A D 2 8 1
A P 1 0 1
J R 7 907 28 2 4609 576 0
K 0 0 48
A D 2 8 0
A P 1 0 0
J B 110 953 1 82 6913 576 0
J R 7 974 28 2 1 0 0
K 0 0 48
A D 2 8 1
A P 1 0 1
J R 7 1017 28 2 2305 576 0
K 0 0 48
A D 2 8 0
A P 1 0 0
J D 0 1046 0 1 4609 576 0
W 0 -14 32 1.
J N 6 1060 21 2 4609 0 2 29 30
K 0 0 43
A D 1 8 0
A P 1 203 0
J N 6 1089 14 2 5761 288 1 30
K 0 0 43
A D 1 8 0
A P 1 209 0
H 30 B -41 -4 108 2 2 3
J B 111 1122 1 82 6913 288 0
J N 8 1147 7 4 1 0 0
K 0 0 42
K 0 0 60
K 0 21 60
A D 4 8 0
A P 1 214 0
J N 7 1205 21 4 4609 1152 0
K 0 0 43
K 0 0 60
K 0 21 60
A D 2 8 0
A P 1 203 0
J B 112 1251 1 82 6913 576 0
J N 8 1276 14 4 1 0 0
K 0 0 42
K 0 0 60
K 0 21 60
A D 4 8 0
A P 1 209 0
J N 7 1362 0 4 4609 1152 0
K 0 0 43
K 0 0 60
K 0 21 60
A D 2 8 0
A P 1 220 0
J B 113 1424 1 82 6913 576 0
J N 7 1449 14 4 1 0 1 29
K 0 0 43
K 0 0 60
K 0 21 60
A D 2 8 0
A P 1 209 0
H 29 S 0 0 -7 0 -7 0 0 0 0
J R 7 1492 28 2 2305 576 0
K 0 0 48
A D 2 8 1
A P 1 0 1
J R 7 1562 28 2 4609 576 0
K 0 0 48
A D 2 8 0
A P 1 0 0
J B 114 1608 1 82 6913 576 0
J R 7 1629 28 2 1 0 0
K 0 0 48
A D 2 8 1
A P 1 0 1
J R 7 1672 28 2 2305 576 0
K 0 0 48
A D 2 8 0
A P 1 0 0
J D 0 1701 0 1 4609 576 0
W 0 -14 32 1.
J N 6 1715 14 2 4609 0 2 31 32
K 0 0 43
A D 1 8 0
A P 1 209 0
J N 6 1744 7 2 5761 288 1 32
K 0 0 43
A D 1 8 0
A P 1 214 0
H 32 B -46 -4 108 2 2 3
J B 115 1777 1 82 6913 288 0
J D 0 1801 0 1 1 0 0
W 0 96 36 cresc.
J N 8 1801 0 4 1 0 0
K 0 0 42
K 0 0 60
K 0 21 60
A D 4 8 0
A P 1 220 0
J N 7 1859 14 4 4609 1152 0
K 0 0 43
K 0 0 60
K 0 21 60
A D 2 8 0
A P 1 209 0
J B 116 1905 1 82 6913 576 0
J N 8 1926 7 4 1 0 0
K 0 0 42
K 0 0 60
K 0 21 60
A D 4 8 0
A P 1 214 0
J N 7 1984 0 4 4609 1152 1 31
K 0 0 43
K 0 0 60
K 0 21 60
A D 2 8 0
A P 1 220 0
H 31 S 0 0 0 0 0 0 0 0 0
J B 117 2050 1 82 6913 576 0
E *
L 132 0 0 326 326 * 0 14 0
J D 0 -110 42 1 6913 0 0
W 0 -21 31 Cl 1-2
J D 0 -110 42 1 6913 0 0
W 0 21 31 (B\0.)
J C 4 5 42 2 6913 0 0
K 0 0 33
K 0 0 34
J K 0 57 0 0 6913 0 0
J D 0 -27 -14 1 6913 0 0
W 0 0 0 \01\00\05
J N 7 126 42 4 1 0 0
K 0 0 43
K 0 0 59
K 0 -21 59
A D 2 8 0
A P 1 186 0
J R 7 170 28 2 2305 576 0
K 0 0 48
A D 2 8 1
A P 1 0 1
J R 7 214 28 2 4609 576 0
K 0 0 48
A D 2 8 0
A P 1 0 0
J B 106 261 1 82 6913 576 0
J R 7 282 28 2 1 0 0
K 0 0 48
A D 2 8 1
A P 1 0 1
J R 7 328 28 2 2305 576 0
K 0 0 48
A D 2 8 0
A P 1 0 0
J N 6 386 56 2 4609 576 2 33 34
K 0 0 43
A D 1 8 0
A P 1 175 0
J N 7 382 21 4 4609 0 1 35
K 0 0 43
K 0 0 60
K 0 21 60
A D 2 8 1
A P 2 203 1
J N 6 415 49 2 5761 288 1 34
K 0 0 43
A D 1 8 0
A P 1 180 0
H 34 B 34 -4 108 2 2 3
J B 107 448 1 82 6913 288 0
J N 8 473 42 4 1 0 0
K 0 0 42
K 0 0 59
K 0 -21 59
A D 4 8 0
A P 1 186 0
J N 8 469 21 5 1 0 2 36 35
K 0 0 42
K 34 0 44
K 0 0 60
K 0 21 60
A D 6 8 1
A P 2 203 1
H 35 T 21 0 0 0 0 0 3 0
J N 7 561 56 4 4609 1152 0
K 0 0 43
K 0 0 59
K 0 -21 59
A D 2 8 0
A P 1 175 0
J B 108 608 1 82 6913 576 0
J N 8 633 49 4 1 0 0
K 0 0 42
K 0 0 59
K 0 -21 59
A D 4 8 0
A P 1 180 0
J N 8 629 21 5 1 0 2 37 36
K 0 0 42
K 34 0 44
K 0 0 60
K 0 21 60
A D 6 8 1
A P 2 203 1
H 36 T 21 0 0 0 0 0 3 0
J N 7 719 35 4 4609 1152 0
K 0 0 43
K 0 0 59
K 0 -21 59
A D 2 8 0
A P 1 192 0
J B 109 781 1 82 6913 576 0
J N 7 806 49 4 1 0 1 33
K 0 0 43
K 0 0 59
K 0 -21 59
A D 2 8 0
A P 1 180 0
H 33 S 12 0 0 0 0 0 0 0 0
J N 7 802 21 4 1 0 1 37
K 0 0 43
K 0 0 60
K 0 21 60
A D 2 8 0
A P 2 203 0
H 37 T 21 0 0 0 0 0 3 0
J R 7 849 28 2 2305 576 0
K 0 0 48
A D 2 8 1
A P 1 0 1
J R 7 907 28 2 4609 576 0
K 0 0 48
A D 2 8 0
A P 1 0 0
J B 110 953 1 82 6913 576 0
J R 7 974 28 2 1 0 0
K 0 0 48
A D 2 8 1
A P 1 0 1
J R 7 1017 28 2 2305 576 0
K 0 0 48
A D 2 8 0
A P 1 0 0
J N 6 1060 49 2 4609 576 2 38 39
K 0 0 43
A D 1 8 0
A P 1 180 0
J N 7 1056 21 4 4609 0 1 40
K 0 0 43
K 0 0 60
K 0 21 60
A D 2 8 1
A P 2 203 1
J N 6 1089 42 2 5761 288 1 39
K 0 0 43
A D 1 8 0
A P 1 186 0
H 39 B 32 -4 108 2 2 3
J B 111 1122 1 82 6913 288 0
J N 8 1147 35 4 1 0 0
K 0 0 42
K 0 0 59
K 0 -21 59
A D 4 8 0
A P 1 192 0
J N 8 1143 21 5 1 0 2 41 40
K 0 0 42
K 34 0 44
K 0 0 60
K 0 21 60
A D 6 8 1
A P 2 203 1
H 40 T 21 0 0 0 0 0 3 0
J N 7 1205 49 4 4609 1152 0
K 0 0 43
K 0 0 59
K 0 -21 59
A D 2 8 0
A P 1 180 0
J B 112 1251 1 82 6913 576 0
J N 8 1276 42 4 1 0 0
K 0 0 42
K 0 0 59
K 0 -21 59
A D 4 8 0
A P 1 186 0
J N 8 1272 21 5 1 0 2 42 41
K 0 0 42
K 34 0 44
K 0 0 60
K 0 21 60
A D 6 8 1
A P 2 203 1
H 41 T 21 0 0 0 0 0 3 0
J N 7 1362 28 5 4609 1152 0
K -15 0 65
K 0 0 43
K 0 0 59
K 0 -14 59
A D 2 8 0
A P 1 197 0
J B 113 1424 1 82 6913 576 0
J N 7 1449 42 4 1 0 1 38
K 0 0 43
K 0 0 59
K 0 -21 59
A D 2 8 0
A P 1 186 0
H 38 S 12 0 7 0 7 0 0 0 0
J N 7 1445 21 4 1 0 1 42
K 0 0 43
K 0 0 60
K 0 21 60
A D 2 8 0
A P 2 203 0
H 42 T 21 0 0 0 0 0 3 0
J R 7 1492 28 2 2305 576 0
K 0 0 48
A D 2 8 1
A P 1 0 1
J R 7 1562 28 2 4609 576 0
K 0 0 48
A D 2 8 0
A P 1 0 0
J B 114 1608 1 82 6913 576 0
J R 7 1629 28 2 1 0 0
K 0 0 48
A D 2 8 1
A P 1 0 1
J R 7 1672 28 2 2305 576 0
K 0 0 48
A D 2 8 0
A P 1 0 0
J N 6 1715 21 5 4609 576 3 43 44 45
K 0 0 43
K 0 35 43
K 0 35 59
K 0 28 59
A D 1 8 0
A P 1 203 0
A P 2 175 0
J N 6 1744 14 5 5761 288 1 45
K 0 0 43
K 0 35 43
K 0 35 59
K 0 28 59
A D 1 8 0
A P 1 209 0
A P 2 180 0
H 45 B 45 -4 108 2 2 3
J B 115 1777 1 82 6913 288 0
J D 0 1812 0 1 1 0 0
W 0 121 36 cresc.
J N 8 1801 42 7 1 0 0
K 0 -35 42
K 0 0 42
K 0 -35 60
K 0 -28 60
K 0 0 60
K 0 14 60
A D 4 8 0
A P 1 215 0
A P 2 186 0
J N 7 1859 21 7 4609 1152 0
K 0 0 43
K 0 35 43
K 0 35 59
K 0 28 59
K 0 0 59
K 0 -14 59
A D 2 8 0
A P 1 203 0
A P 2 175 0
J B 116 1905 1 82 6913 576 0
J N 8 1926 14 7 1 0 0
K 0 0 42
K 0 35 42
K 0 35 59
K 0 28 59
K 0 0 59
K 0 -14 59
A D 4 8 0
A P 1 209 0
A P 2 180 0
J N 7 1984 42 7 4609 1152 2 43 44
K 0 -35 43
K 0 0 43
K 0 -35 60
K 0 -28 60
K 0 0 60
K 0 14 60
A D 2 8 0
A P 1 215 0
A P 2 186 0
H 43 S 0 14 -35 0 -56 0 0 0 0
H 44 S 12 0 49 -14 0 2 0 0 0
J B 117 2050 1 82 6913 576 0
E *
L 264 0 0 326 326 * 0 14 0
J D 0 -130 42 1 6913 0 0
W 0 0 31 Fag 1-2
J C 12 5 14 35 6913 0 0
J K -2 57 0 2 6913 0 0
K 0 21 65
K 13 0 65
J D 0 -27 -14 1 6913 0 0
W 0 0 0 \01\00\05
J N 7 126 21 10 1 0 0
K 1 49 45
K 0 0 43
K 0 49 43
K -1 49 45
K 2 49 45
K 0 49 59
K 0 28 59
K 0 0 59
K 0 -14 59
A D 2 8 0
A P 1 157 0
A P 2 117 0
J R 7 170 28 2 2305 576 0
K 0 0 48
A D 2 8 1
A P 1 0 1
J R 7 214 28 2 4609 576 0
K 0 0 48
A D 2 8 0
A P 1 0 0
J B 106 261 1 82 6913 576 0
J R 7 282 28 2 1 0 0
K 0 0 48
A D 2 8 1
A P 1 0 1
J R 7 328 28 2 2305 576 0
K 0 0 48
A D 2 8 0
A P 1 0 0
J N 6 386 21 5 4609 576 3 43 44 45
K 0 0 43
K 0 35 43
K 0 35 59
K 0 28 59
A D 1 8 0
A P 1 157 0
A P 2 129 0
J N 6 415 14 5 5761 288 1 45
K 0 0 43
K 0 35 43
K 0 35 59
K 0 28 59
A D 1 8 0
A P 1 163 0
A P 2 134 0
H 45 B 45 -4 108 2 2 3
J B 107 448 1 82 6913 288 0
J N 8 473 42 7 1 0 0
K 0 -35 42
K 0 0 42
K 0 -35 60
K 0 -28 60
K 0 0 60
K 0 14 60
A D 4 8 0
A P 1 169 0
A P 2 140 0
J N 7 561 21 7 4609 1152 0
K 0 0 43
K 0 35 43
K 0 35 59
K 0 28 59
K 0 0 59
K 0 -14 59
A D 2 8 0
A P 1 157 0
A P 2 129 0
J B 108 608 1 82 6913 576 0
J N 8 633 14 7 1 0 0
K 0 0 42
K 0 35 42
K 0 35 59
K 0 28 59
K 0 0 59
K 0 -14 59
A D 4 8 0
A P 1 163 0
A P 2 134 0
J N 7 719 35 7 4609 1152 0
K 0 -35 43
K 0 0 43
K 0 -35 60
K 0 -28 60
K 0 0 60
K 0 14 60
A D 2 8 0
A P 1 174 0
A P 2 146 0
J B 109 781 1 82 6913 576 0
J N 7 806 14 7 1 0 2 43 44
K 0 0 43
K 0 35 43
K 0 35 59
K 0 28 59
K 0 0 59
K 0 -14 59
A D 2 8 0
A P 1 163 0
A P 2 134 0
H 43 S 0 14 -35 0 -14 2 0 0 0
H 44 S 12 0 42 0 49 1 0 0 0
J R 7 849 28 2 2305 576 0
K 0 0 48
A D 2 8 1
A P 1 0 1
J R 7 907 28 2 4609 576 0
K 0 0 48
A D 2 8 0
A P 1 0 0
J B 110 953 1 82 6913 576 0
J R 7 974 28 2 1 0 0
K 0 0 48
A D 2 8 1
A P 1 0 1
J R 7 1017 28 2 2305 576 0
K 0 0 48
A D 2 8 0
A P 1 0 0
J N 6 1060 14 5 4609 576 3 46 47 48
K 0 0 43
K 0 35 43
K 0 35 59
K 0 28 59
A D 1 8 0
A P 1 163 0
A P 2 134 0
J N 6 1089 7 5 5761 288 1 48
K 0 0 43
K 0 35 43
K 0 35 59
K 0 28 59
A D 1 8 0
A P 1 169 0
A P 2 140 0
H 48 B 45 -4 108 2 2 3
J B 111 1122 1 82 6913 288 0
J N 8 1147 35 7 1 0 0
K 0 -35 42
K 0 0 42
K 0 -35 60
K 0 -28 60
K 0 0 60
K 0 14 60
A D 4 8 0
A P 1 174 0
A P 2 146 0
J N 7 1205 14 7 4609 1152 0
K 0 0 43
K 0 35 43
K 0 35 59
K 0 28 59
K 0 0 59
K 0 -14 59
A D 2 8 0
A P 1 163 0
A P 2 134 0
J B 112 1251 1 82 6913 576 0
J N 8 1276 42 7 1 0 0
K 0 -35 42
K 0 0 42
K 0 -35 60
K 0 -28 60
K 0 0 60
K 0 14 60
A D 4 8 0
A P 1 169 0
A P 2 140 0
J N 7 1362 28 8 4609 1152 0
K -15 0 65
K 0 -35 43
K 0 0 43
K 0 -35 60
K 0 -28 60
K 0 0 60
K 0 21 60
A D 2 8 0
A P 1 180 0
A P 2 151 0
J B 113 1424 1 82 6913 576 0
J N 7 1449 42 7 1 0 2 46 47
K 0 -35 43
K 0 0 43
K 0 -35 60
K 0 -28 60
K 0 0 60
K 0 14 60
A D 2 8 0
A P 1 169 0
A P 2 140 0
H 46 S 0 14 -42 0 -35 0 0 0 0
H 47 S 12 0 42 -14 14 3 0 0 0
J R 7 1492 28 2 2305 576 0
K 0 0 48
A D 2 8 1
A P 1 0 1
J R 7 1562 28 2 4609 576 0
K 0 0 48
A D 2 8 0
A P 1 0 0
J B 114 1608 1 82 6913 576 0
J R 7 1629 28 2 1 0 0
K 0 0 48
A D 2 8 1
A P 1 0 1
J R 7 1672 28 2 2305 576 0
K 0 0 48
A D 2 8 0
A P 1 0 0
J N 6 1715 42 5 4609 576 3 49 50 51
K 0 -35 43
K 0 0 43
K 0 -35 60
K 0 -28 60
A D 1 8 0
A P 1 169 0
A P 2 140 0
J N 6 1744 35 5 5761 288 1 51
K 0 -35 43
K 0 0 43
K 0 -35 60
K 0 -28 60
A D 1 8 0
A P 1 174 0
A P 2 146 0
H 51 B -42 -4 108 2 2 3
J B 115 1777 1 82 6913 288 0
J D 0 1798 0 1 1 0 0
W 0 133 36 cresc.
J N 8 1801 28 8 1 0 0
K -15 0 65
K 0 -35 42
K 0 0 42
K 0 -35 60
K 0 -28 60
K 0 0 60
K 0 21 60
A D 4 8 0
A P 1 180 0
A P 2 151 0
J N 7 1859 28 6 4609 1152 0
K 0 -7 43
K -17 0 43
K 0 -7 60
K 0 0 60
K 0 21 60
A D 2 8 0
A P 1 157 0
A P 2 151 0
J B 116 1905 1 82 6913 576 0
J N 8 1926 35 6 1 0 0
K 0 -21 42
K 0 0 42
K 0 -21 60
K 0 0 60
K 0 14 60
A D 4 8 0
A P 1 163 0
A P 2 146 0
J N 7 1984 42 7 4609 1152 2 49 50
K 0 -35 43
K 0 0 43
K 0 -35 60
K 0 -28 60
K 0 0 60
K 0 14 60
A D 2 8 0
A P 1 169 0
A P 2 140 0
H 49 S 0 0 -42 0 -42 0 0 0 0
H 50 S 12 0 35 -14 21 0 0 0 0
J C 22 2010 14 164 6913 576 0
J B 117 2050 1 82 6913 0 0
E *
L 419 0 0 326 326 * 0 14 0
J D 0 -130 42 1 6913 0 0
W 0 -21 31 Cor 1-2
J D 0 -130 42 1 6913 0 0
W 0 21 31 (B\0.)
J C 4 5 42 2 6913 0 0
K 0 0 33
K 0 0 34
J K 0 57 0 0 6913 0 0
J D 0 -27 -14 1 6913 0 0
W 0 0 0 \01\00\05
J N 7 126 21 10 1 0 0
K 1 49 45
K 0 0 43
K 0 49 43
K -1 49 45
K 2 49 45
K 0 49 59
K 0 28 59
K 0 0 59
K 0 -14 59
A D 2 8 0
A P 1 203 0
A P 2 163 0
J R 7 170 28 2 2305 576 0
K 0 0 48
A D 2 8 1
A P 1 0 1
J R 7 214 28 2 4609 576 0
K 0 0 48
A D 2 8 0
A P 1 0 0
J B 106 261 1 82 6913 576 0
J R 7 282 28 2 1 0 0
K 0 0 48
A D 2 8 1
A P 1 0 1
J R 7 328 28 2 2305 576 0
K 0 0 48
A D 2 8 0
A P 1 0 0
J N 7 386 21 10 4609 576 2 37 38
K 1 49 45
K 0 0 43
K 0 49 43
K -1 49 45
K 2 49 45
K 0 49 59
K 0 28 59
K 0 0 59
K 0 -14 59
A D 2 8 1
A P 1 203 1
A P 2 163 1
J B 107 448 1 82 6913 576 0
J N 8 473 21 12 1 0 4 39 40 37 38
K 1 49 45
K 0 0 42
K 25 0 44
K 0 49 42
K -1 49 45
K 2 49 45
K 24 43 44
K 0 49 59
K 0 28 59
K 0 0 59
K 0 -14 59
A D 6 8 1
A P 1 203 1
A P 2 163 1
H 37 T 21 0 0 0 0 0 3 0
H 38 T 70 0 0 0 0 0 13 0
J B 108 608 1 82 6913 1728 0
J N 8 633 21 12 1 0 4 41 42 39 40
K 1 49 45
K 0 0 42
K 25 0 44
K 0 49 42
K -1 49 45
K 2 49 45
K 24 43 44
K 0 49 59
K 0 28 59
K 0 0 59
K 0 -14 59
A D 6 8 1
A P 1 203 1
A P 2 163 1
H 39 T 21 0 0 0 0 0 3 0
H 40 T 70 0 0 0 0 0 13 0
J B 109 781 1 82 6913 1728 0
J N 7 806 21 10 1 0 2 41 42
K 1 49 45
K 0 0 43
K 0 49 43
K -1 49 45
K 2 49 45
K 0 49 59
K 0 28 59
K 0 0 59
K 0 -14 59
A D 2 8 0
A P 1 203 0
A P 2 163 0
H 41 T 21 0 0 0 0 0 3 0
H 42 T 70 0 0 0 0 0 13 0
J R 7 849 28 2 2305 576 0
K 0 0 48
A D 2 8 1
A P 1 0 1
J R 7 907 28 2 4609 576 0
K 0 0 48
A D 2 8 0
A P 1 0 0
J B 110 953 1 82 6913 576 0
J R 7 974 28 2 1 0 0
K 0 0 48
A D 2 8 1
A P 1 0 1
J R 7 1017 28 2 2305 576 0
K 0 0 48
A D 2 8 0
A P 1 0 0
J N 7 1060 21 10 4609 576 2 43 44
K 1 49 45
K 0 0 43
K 0 49 43
K -1 49 45
K 2 49 45
K 0 49 59
K 0 28 59
K 0 0 59
K 0 -14 59
A D 2 8 1
A P 1 203 1
A P 2 163 1
J B 111 1122 1 82 6913 576 0
J N 8 1147 21 12 1 0 4 45 46 43 44
K 1 49 45
K 0 0 42
K 25 0 44
K 0 49 42
K -1 49 45
K 2 49 45
K 24 43 44
K 0 49 59
K 0 28 59
K 0 0 59
K 0 -14 59
A D 6 8 1
A P 1 203 1
A P 2 163 1
H 43 T 21 0 0 0 0 0 3 0
H 44 T 70 0 0 0 0 0 13 0
J B 112 1251 1 82 6913 1728 0
J N 8 1276 21 12 1 0 4 47 48 45 46
K 1 49 45
K 0 0 42
K 25 0 44
K 0 49 42
K -1 49 45
K 2 49 45
K 24 43 44
K 0 49 59
K 0 28 59
K 0 0 59
K 0 -14 59
A D 6 8 1
A P 1 203 1
A P 2 163 1
H 45 T 21 0 0 0 0 0 3 0
H 46 T 70 0 0 0 0 0 13 0
J B 113 1424 1 82 6913 1728 0
J N 7 1449 21 10 1 0 2 47 48
K 1 49 45
K 0 0 43
K 0 49 43
K -1 49 45
K 2 49 45
K 0 49 59
K 0 28 59
K 0 0 59
K 0 -14 59
A D 2 8 0
A P 1 203 0
A P 2 163 0
H 47 T 21 0 0 0 0 0 3 0
H 48 T 70 0 0 0 0 0 13 0
J R 7 1492 28 2 2305 576 0
K 0 0 48
A D 2 8 1
A P 1 0 1
J R 7 1562 28 2 4609 576 0
K 0 0 48
A D 2 8 0
A P 1 0 0
J B 114 1608 1 82 6913 576 0
J R 7 1629 28 2 1 0 0
K 0 0 48
A D 2 8 1
A P 1 0 1
J R 7 1672 28 2 2305 576 0
K 0 0 48
A D 2 8 0
A P 1 0 0
J N 7 1715 21 10 4609 576 2 49 50
K 1 49 45
K 0 0 43
K 0 49 43
K -1 49 45
K 2 49 45
K 0 49 59
K 0 28 59
K 0 0 59
K 0 -14 59
A D 2 8 1
A P 1 203 1
A P 2 163 1
J B 115 1777 1 82 6913 576 0
J D 0 1801 0 1 1 0 0
W 0 121 36 cresc.
J N 8 1801 21 12 1 0 4 51 52 49 50
K 1 49 45
K 0 0 42
K 25 0 44
K 0 49 42
K -1 49 45
K 2 49 45
K 24 43 44
K 0 49 59
K 0 28 59
K 0 0 59
K 0 -14 59
A D 6 8 1
A P 1 203 1
A P 2 163 1
H 49 T 21 0 0 0 0 0 3 0
H 50 T 70 0 0 0 0 0 13 0
J B 116 1905 1 82 6913 1728 0
J N 8 1926 21 10 1 0 2 51 52
K 1 49 45
K 0 0 42
K 0 49 42
K -1 49 45
K 2 49 45
K 0 49 59
K 0 28 59
K 0 0 59
K 0 -14 59
A D 4 8 0
A P 1 203 0
A P 2 163 0
H 51 T 21 0 0 0 0 0 3 0
H 52 T 70 0 0 0 0 0 13 0
J N 7 1984 21 10 4609 1152 0
K 1 49 45
K 0 0 43
K 0 49 43
K -1 49 45
K 2 49 45
K 0 49 59
K 0 28 59
K 0 0 59
K 0 -14 59
A D 2 8 0
A P 1 203 0
A P 2 163 0
J B 117 2050 1 82 6913 576 0
E *
L 564 0 0 326 326 * 0 14 0
J D 0 -119 42 1 6913 0 0
W 0 0 31 Vln 1
J C 4 5 42 2 6913 0 0
K 0 0 33
K 0 0 34
J K -2 57 0 2 6913 0 0
K 0 28 65
K 13 7 65
J D 0 -27 -14 1 6913 0 0
W 0 0 0 \01\00\05
J N 8 126 14 4 1 0 0
K 0 0 42
K 0 0 60
K 0 21 60
A D 4 8 0
A P 1 209 0
J N 7 214 21 5 4609 1152 2 67 65
K -18 0 63
K 0 0 43
K 0 0 60
K 0 21 60
A D 2 8 1
A P 1 204 1
J M 0 126 0 0 6913 0 1 65
H 65 W 10 21 0 100 7 100
J B 106 261 1 82 6913 576 0
J M 0 280 0 0 1 0 1 68
J N 7 282 21 5 1 0 1 67
k -18 0 63
K 0 0 43
K 0 0 60
K 0 21 60
A D 2 8 0
A P 1 204 0
H 67 T 21 0 0 0 0 0 1 0
J N 7 328 21 5 2305 576 0
K -14 0 64
K 0 0 43
K 0 0 60
K 0 21 60
A D 2 8 0
A P 1 203 0
J N 7 386 28 4 4609 576 2 66 68
K 0 0 43
K 0 0 60
K 0 21 60
A D 2 8 0
A P 1 197 0
H 68 W 21 0 7 100 14 100
J M 0 112 0 0 6913 0 1 66
H 66 S 0 0 10 0 0 0 0 0
J B 107 448 1 82 6913 576 0
J N 7 473 28 4 1 0 0
K 0 0 43
K 0 0 60
K 0 21 60
A D 2 8 0
A P 1 197 0
J R 7 517 28 2 2305 576 0
K 0 0 48
A D 2 8 1
A P 1 0 1
J R 7 561 28 2 4609 576 0
K 0 0 48
A D 2 8 0
A P 1 0 0
J B 108 608 1 82 6913 576 0
J R 7 633 28 2 1 0 0
K 0 0 48
A D 2 8 1
A P 1 0 1
J R 7 676 28 2 2305 576 0
K 0 0 48
A D 2 8 0
A P 1 0 0
J N 6 719 21 2 4609 576 2 69 70
K 0 0 43
A D 1 8 0
A P 1 203 0
J N 6 748 14 2 5761 288 1 70
K 0 0 43
A D 1 8 0
A P 1 209 0
H 70 B -41 -4 108 2 2 3
J B 109 781 1 82 6913 288 0
J N 7 806 7 5 1 0 1 69
K 0 0 43
K 0 -17 96
K 0 0 60
K 0 21 60
A D 2 8 0
A P 1 214 0
H 69 S 0 0 0 0 -14 0 0 0 0
J N 6 849 7 2 2305 576 2 71 72
K 0 0 43
A D 1 8 0
A P 1 214 0
J N 6 878 0 2 3457 288 1 72
K 0 0 43
A D 1 8 0
A P 1 220 0
H 72 B -41 -4 108 2 2 3
J N 7 907 -7 7 4609 288 0
K 0 0 43
K -21 93 111
K -9 93 110
K 8 93 108
K 0 0 60
K 0 21 60
A D 2 8 0
A P 1 226 0
J B 110 953 1 82 6913 576 0
J N 7 974 21 4 1 0 1 71
K 0 0 43
K 0 0 60
K 0 21 60
A D 2 8 0
A P 1 203 0
H 71 S 0 0 0 0 -14 2 0 0 0
J R 7 1017 28 2 2305 576 0
K 0 0 48
A D 2 8 1
A P 1 0 1
J R 7 1060 28 2 4609 576 0
K 0 0 48
A D 2 8 0
A P 1 0 0
J B 111 1122 1 82 6913 576 0
J R 9 1172 28 2 1 0 0
K 0 0 46
A D 6 8 0
A P 1 0 0
J B 112 1251 1 82 6913 1728 0
J R 7 1276 28 2 1 0 0
K 0 0 48
A D 2 8 1
A P 1 0 1
J R 7 1319 28 2 2305 576 0
K 0 0 48
A D 2 8 0
A P 1 0 0
J N 6 1362 14 2 4609 576 2 73 74
K 0 0 43
A D 1 8 0
A P 1 209 0
J N 6 1391 7 2 5761 288 1 74
K 0 0 43
A D 1 8 0
A P 1 214 0
H 74 B -46 -4 108 2 2 3
J B 113 1424 1 82 6913 288 0
J N 7 1449 0 5 1 0 1 73
K 0 0 43
K 0 -17 96
K 0 0 60
K 0 21 60
A D 2 8 0
A P 1 220 0
H 73 S 0 0 0 0 -14 0 0 0 0
J N 6 1492 0 2 2305 576 2 75 76
K 0 0 43
A D 1 8 0
A P 1 220 0
J N 6 1521 -7 2 3457 288 1 76
K 0 0 43
A D 1 8 0
A P 1 226 0
H 76 B -46 -4 108 2 2 3
J N 7 1562 -14 11 4609 288 0
K 0 0 45
K -15 0 65
K 0 0 43
K -1 0 45
K 2 0 45
K -21 100 111
K -9 100 110
K 8 100 108
K 0 0 60
K 0 21 60
A D 2 8 0
A P 1 231 0
J B 114 1608 1 82 6913 576 0
J N 7 1629 14 4 1 0 1 75
K 0 0 43
K 0 0 60
K 0 21 60
A D 2 8 0
A P 1 209 0
H 75 S 0 0 0 0 -14 2 0 0 0
J R 7 1672 28 2 2305 576 0
K 0 0 48
A D 2 8 1
A P 1 0 1
J R 7 1715 28 2 4609 576 0
K 0 0 48
A D 2 8 0
A P 1 0 0
J B 115 1777 1 82 6913 576 0
J R 9 1827 28 2 1 0 0
K 0 0 46
A D 6 8 0
A P 1 0 0
J B 116 1905 1 82 6913 1728 0
J R 9 1963 28 2 1 0 0
K 0 0 46
A D 6 8 0
A P 1 0 0
J B 117 2050 1 82 6913 1728 0
E *
L 696 0 0 326 326 * 0 14 0
J D 0 -119 42 1 6913 0 0
W 0 0 31 Vln 2
J C 4 5 42 2 6913 0 0
K 0 0 33
K 0 0 34
J K -2 57 0 2 6913 0 0
K 0 28 65
K 13 7 65
J D 0 -27 -14 1 6913 0 0
W 0 0 0 \01\00\05
J N 8 126 49 4 1 0 0
K 0 0 42
K 0 0 59
K 0 -21 59
A D 4 8 0
A P 1 180 0
J N 7 214 56 5 4609 1152 2 44 42
K -14 0 64
K 0 0 43
K 0 0 59
K 0 -21 59
A D 2 8 1
A P 1 175 1
J M 0 126 0 0 6913 0 1 42
H 42 W 10 21 0 113 7 113
J B 106 261 1 82 6913 576 0
J N 7 282 56 5 1 0 2 44 45
k -14 0 64
K 0 0 43
K 0 0 59
K 0 -21 59
A D 2 8 0
A P 1 175 0
H 44 T 56 0 0 0 0 0 13 0
J N 7 328 56 5 2305 576 0
K -15 0 65
K 0 0 43
K 0 0 59
K 0 -21 59
A D 2 8 0
A P 1 174 0
J N 7 386 63 4 4609 576 2 43 45
K 0 0 43
K 0 0 59
K 0 -21 59
A D 2 8 0
A P 1 169 0
H 45 W 21 0 7 117 14 117
J M 0 112 0 0 6913 0 1 43
H 43 S 12 0 45 0 0 0 0 0
J B 107 448 1 82 6913 576 0
J N 7 473 63 4 1 0 0
K 0 0 43
K 0 0 59
K 0 -21 59
A D 2 8 0
A P 1 169 0
J R 7 517 28 2 2305 576 0
K 0 0 48
A D 2 8 1
A P 1 0 1
J R 7 561 28 2 4609 576 0
K 0 0 48
A D 2 8 0
A P 1 0 0
J B 108 608 1 82 6913 576 0
J R 9 680 28 2 1 10000 0
K 0 0 46
A D 6 8 0
A P 1 0 0
J B 109 781 1 82 6913 1728 0
J R 9 853 28 2 1 10000 0
K 0 0 46
A D 6 8 0
A P 1 0 0
J B 110 953 1 82 6913 1728 0
J R 9 1023 28 2 1 10000 0
K 0 0 46
A D 6 8 0
A P 1 0 0
J B 111 1122 1 82 6913 1728 0
J R 9 1172 28 2 1 10000 0
K 0 0 46
A D 6 8 0
A P 1 0 0
J B 112 1251 1 82 6913 1728 0
J R 9 1323 28 2 1 10000 0
K 0 0 46
A D 6 8 0
A P 1 0 0
J B 113 1424 1 82 6913 1728 0
J R 9 1502 28 2 1 10000 0
K 0 0 46
A D 6 8 0
A P 1 0 0
J B 114 1608 1 82 6913 1728 0
J R 9 1678 28 2 1 10000 0
K 0 0 46
A D 6 8 0
A P 1 0 0
J B 115 1777 1 82 6913 1728 0
J R 9 1827 28 2 1 10000 0
K 0 0 46
A D 6 8 0
A P 1 0 0
J B 116 1905 1 82 6913 1728 0
J R 9 1963 28 2 1 10000 0
K 0 0 46
A D 6 8 0
A P 1 0 0
J B 117 2050 1 82 6913 1728 0
E *
L 828 0 0 326 326 * 0 14 0
J D 0 -86 42 1 6913 0 0
W 0 0 31 Vla
J C 13 5 28 35 6913 0 0
J K -2 57 0 2 6913 0 0
K 0 35 65
K 13 14 65
J D 0 -27 -14 1 6913 0 0
W 0 0 0 \01\00\05
J N 8 126 56 4 1 0 0
K 0 0 42
K 0 0 59
K 0 -21 59
A D 4 8 0
A P 1 140 0
J N 7 214 49 4 4609 1152 2 43 41
K 0 0 43
K 0 0 59
K 0 -21 59
A D 2 8 1
A P 1 146 1
J M 0 126 0 0 6913 0 1 41
H 41 W 10 21 0 112 7 112
J B 106 261 1 82 6913 576 0
J N 7 282 49 4 1 0 2 43 44
K 0 0 43
K 0 0 59
K 0 -21 59
A D 2 8 0
A P 1 146 0
H 43 T 49 0 0 0 0 0 9 0
J N 6 328 42 2 2305 576 1 45
K 0 0 43
A D 1 8 0
A P 1 152 0
J N 6 357 56 2 3457 288 1 45
K 0 0 43
A D 1 8 0
A P 1 140 0
H 45 B 46 4 108 2 2 3
J N 7 386 35 4 4609 288 2 42 44
K 0 0 43
K 0 0 59
K 0 -21 59
A D 2 8 0
A P 1 157 0
H 44 W 21 0 7 119 14 119
J M 0 112 0 0 6913 0 1 42
H 42 S 12 0 60 0 7 0 0 0
J B 107 448 1 82 6913 576 0
J N 7 473 35 4 1 0 0
K 0 0 43
K 0 0 59
K 0 -21 59
A D 2 8 0
A P 1 157 0
J R 7 517 28 2 2305 576 0
K 0 0 48
A D 2 8 1
A P 1 0 1
J R 7 561 28 2 4609 576 0
K 0 0 48
A D 2 8 0
A P 1 0 0
J B 108 608 1 82 6913 576 0
J R 9 680 28 2 1 10000 0
K 0 0 46
A D 6 8 0
A P 1 0 0
J B 109 781 1 82 6913 1728 0
J R 9 853 28 2 1 10000 0
K 0 0 46
A D 6 8 0
A P 1 0 0
J B 110 953 1 82 6913 1728 0
J R 9 1023 28 2 1 10000 0
K 0 0 46
A D 6 8 0
A P 1 0 0
J B 111 1122 1 82 6913 1728 0
J R 9 1172 28 2 1 10000 0
K 0 0 46
A D 6 8 0
A P 1 0 0
J B 112 1251 1 82 6913 1728 0
J R 9 1323 28 2 1 10000 0
K 0 0 46
A D 6 8 0
A P 1 0 0
J B 113 1424 1 82 6913 1728 0
J R 9 1502 28 2 1 10000 0
K 0 0 46
A D 6 8 0
A P 1 0 0
J B 114 1608 1 82 6913 1728 0
J R 9 1678 28 2 1 10000 0
K 0 0 46
A D 6 8 0
A P 1 0 0
J B 115 1777 1 82 6913 1728 0
J R 9 1827 28 2 1 10000 0
K 0 0 46
A D 6 8 0
A P 1 0 0
J B 116 1905 1 82 6913 1728 0
J R 9 1963 28 2 1 10000 0
K 0 0 46
A D 6 8 0
A P 1 0 0
J B 117 2050 1 82 6913 1728 0
E *
L 963 0 0 326 326 * 0 14 0
J D 0 -67 42 1 6913 0 0
W 0 -21 31 Vc
J D 0 -67 42 1 6913 0 0
W 0 21 31 Cb
J C 22 5 14 36 6913 0 0
J K -2 57 0 2 6913 0 0
K 0 42 65
K 13 21 65
J D 0 -27 -14 1 6913 0 0
W 0 0 0 \01\00\05
J N 8 126 42 5 1 0 1 30
K 0 0 42
K 24 -6 44
K 0 0 59
K 0 -21 59
A D 6 8 1
A P 1 117 1
J B 106 261 1 82 6913 1728 0
J M 0 282 0 0 1 0 1 29
J M 0 126 0 0 6913 0 1 29
H 29 W 10 21 0 98 7 98
J N 7 282 42 4 1 0 2 30 31
K 0 0 43
K 0 0 59
K 0 -21 59
A D 2 8 0
A P 1 117 0
H 30 T 42 0 0 0 0 0 13 0
J N 7 328 42 4 2305 576 0
K 0 0 43
K 0 0 59
K 0 -21 59
A D 2 8 0
A P 1 117 0
J N 7 386 42 4 4609 576 1 31
K 0 0 43
K 0 0 59
K 0 -21 59
A D 2 8 0
A P 1 117 0
H 31 W 21 0 35 98 14 98
J B 107 448 1 82 6913 576 0
J N 7 473 42 4 1 0 0
K 0 0 43
K 0 0 59
K 0 -21 59
A D 2 8 0
A P 1 117 0
J R 7 517 28 2 2305 576 0
K 0 0 48
A D 2 8 1
A P 1 0 1
J R 7 561 28 2 4609 576 0
K 0 0 48
A D 2 8 0
A P 1 0 0
J B 108 608 1 82 6913 576 0
J R 9 680 28 2 1 10000 0
K 0 0 46
A D 6 8 0
A P 1 0 0
J B 109 781 1 82 6913 1728 0
J R 9 853 28 2 1 10000 0
K 0 0 46
A D 6 8 0
A P 1 0 0
J B 110 953 1 82 6913 1728 0
J R 9 1023 28 2 1 10000 0
K 0 0 46
A D 6 8 0
A P 1 0 0
J B 111 1122 1 82 6913 1728 0
J R 9 1172 28 2 1 10000 0
K 0 0 46
A D 6 8 0
A P 1 0 0
J B 112 1251 1 82 6913 1728 0
J R 9 1323 28 2 1 10000 0
K 0 0 46
A D 6 8 0
A P 1 0 0
J B 113 1424 1 82 6913 1728 0
J R 9 1502 28 2 1 10000 0
K 0 0 46
A D 6 8 0
A P 1 0 0
J B 114 1608 1 82 6913 1728 0
J R 9 1678 28 2 1 10000 0
K 0 0 46
A D 6 8 0
A P 1 0 0
J B 115 1777 1 82 6913 1728 0
J R 9 1827 28 2 1 10000 0
K 0 0 46
A D 6 8 0
A P 1 0 0
J B 116 1905 1 82 6913 1728 0
J R 9 1963 28 2 1 10000 0
K 0 0 46
A D 6 8 0
A P 1 0 0
J B 117 2050 1 82 6913 1728 0
E *
B 1 261 0
B 1 448 0
B 1 608 0
B 1 781 0
B 1 953 0
B 1 1122 0
B 1 1251 0
B 1 1424 0
B 1 1608 0
B 1 1777 0
B 1 1905 0
B 1 2050 0
S 0 200 1388 2050 1151 9 "[....][.][{..}..]"
L 0 0 0 326 326 * 0 14 0
J D 0 -66 42 1 6913 0 0
W 0 0 31 Fl
J C 4 5 42 2 6913 0 0
K 0 0 33
K 0 0 34
J K -2 57 0 2 6913 0 0
K 0 28 65
K 13 7 65
J D 0 -27 -14 1 6913 0 0
W 0 0 37 \01\01\07
J R 9 143 28 2 1 0 0
K 0 0 46
A D 6 8 0
A P 1 0 0
J B 118 210 1 82 6913 1728 0
J R 9 262 28 2 1 0 0
K 0 0 46
A D 6 8 0
A P 1 0 0
J B 119 342 1 82 6913 1728 0
J R 9 406 28 2 1 0 0
K 0 0 46
A D 6 8 0
A P 1 0 0
J B 120 498 1 82 6913 1728 0
J R 9 566 28 2 1 0 0
K 0 0 46
A D 6 8 0
A P 1 0 0
J B 121 663 1 82 6913 1728 0
J R 9 727 28 2 1 0 0
K 0 0 46
A D 6 8 0
A P 1 0 0
J B 122 819 1 82 6913 1728 0
J R 9 890 28 2 1 0 0
K 0 0 46
A D 6 8 0
A P 1 0 0
J B 123 989 1 82 6913 1728 0
J R 9 1041 28 2 1 0 0
K 0 0 46
A D 6 8 0
A P 1 0 0
J B 124 1121 1 82 6913 1728 0
J R 7 1144 28 2 1 0 0
K 0 0 48
A D 2 8 1
A P 1 0 1
J R 7 1188 28 2 2305 576 0
K 0 0 48
A D 2 8 0
A P 1 0 0
J N 7 1232 -49 10 4609 576 2 39 38
K 0 35 45
K 0 21 45
K 0 7 45
K 0 0 43
K 0 7 45
K 1 7 45
K 0 0 60
K 0 28 60
K 0 49 60
A D 2 8 1
A P 1 260 1
J B 125 1278 1 82 6913 576 0
J N 8 1299 -49 10 1 0 2 40 39
K 0 35 45
K 0 21 45
K 0 7 45
K 0 0 42
K 0 7 45
K 1 7 45
K 0 0 60
K 0 28 60
K 0 49 60
A D 4 8 0
A P 1 260 0
H 39 T -49 0 0 0 0 0 1 0
J N 7 1385 -42 10 4609 1152 1 38
K 0 28 45
K 0 14 45
K 0 0 45
K 0 0 43
K -1 0 45
K 2 0 45
K 0 0 60
K 0 28 60
K 0 42 60
A D 2 8 0
A P 1 254 0
H 38 W 21 0 7 93 14 93
J B 126 1431 1 82 6913 576 0
J N 7 1452 -28 8 1 0 1 40
K 0 14 45
K 0 0 45
K 0 0 43
K -1 0 45
K 2 0 45
K 0 0 60
K 0 28 60
A D 2 8 0
A P 1 243 0
H 40 S 0 0 0 0 0 0 0 0 0
J R 7 1495 28 2 2305 576 0
K 0 0 48
A D 2 8 1
A P 1 0 1
J R 7 1538 28 2 4609 576 0
K 0 0 48
A D 2 8 0
A P 1 0 0
J B 127 1612 1 82 6913 576 0
J R 9 1663 28 2 1 0 0
K 0 0 46
A D 6 8 0
A P 1 0 0
J B 128 1742 1 82 6913 1728 0
J R 7 1765 28 2 1 0 0
K 0 0 48
A D 2 8 1
A P 1 0 1
J R 7 1808 28 2 2305 576 0
K 0 0 48
A D 2 8 0
A P 1 0 0
J N 7 1851 -49 10 4609 576 2 42 41
K 0 35 45
K 0 21 45
K 0 7 45
K 0 0 43
K 0 7 45
K 1 7 45
K 0 0 60
K 0 28 60
K 0 49 60
A D 2 8 1
A P 1 260 1
J B 129 1897 1 82 6913 576 0
J N 8 1918 -49 10 1 0 2 43 42
K 0 35 45
K 0 21 45
K 0 7 45
K 0 0 42
K 0 7 45
K 1 7 45
K 0 0 60
K 0 28 60
K 0 49 60
A D 4 8 0
A P 1 260 0
H 42 T -49 0 0 0 0 0 1 0
J N 7 2004 -42 10 4609 1152 0
K 0 28 45
K 0 14 45
K 0 0 45
K 0 0 43
K -1 0 45
K 2 0 45
K 0 0 60
K 0 28 60
K 0 42 60
A D 2 8 0
A P 1 254 0
J B 130 2050 1 82 6913 576 0
J M 0 2050 0 0 6913 0 1 41
H 41 W 21 10 7 93 0 93
J M 0 2050 -32 0 6913 0 1 43
H 43 S 0 0 0 0 0 0 0 0
E *
L 132 0 0 326 326 * 0 14 0
J D 0 -119 42 1 6913 0 0
W 0 0 31 Ob 1-2
J C 4 5 42 2 6913 0 0
K 0 0 33
K 0 0 34
J K -2 57 0 2 6913 0 0
K 0 28 65
K 13 7 65
J D 0 -27 -14 1 6913 0 0
W 0 0 0 \01\01\07
J S 0 126 96 2 1 0 1 33
K 0 0 111
K 12 0 110
J N 8 126 -7 5 1 0 1 34
K 0 0 42
K 25 0 44
K 0 0 60
K 0 21 60
A D 6 8 1
A P 1 226 1
J B 118 210 1 82 6913 1728 0
J N 8 231 -7 4 1 0 1 34
K 0 0 42
K 0 0 60
K 0 21 60
A D 4 8 0
A P 1 226 0
H 34 T -7 0 0 0 0 0 1 0
J N 7 295 0 4 4609 1152 1 33
K 0 0 43
K 0 0 60
K 0 21 60
A D 2 8 0
A P 1 220 0
H 33 W 21 0 38 96 14 96
J B 119 342 1 82 6913 576 0
J N 7 363 7 5 1 0 0
K 0 0 43
K 0 81 108
K 0 0 60
K 0 21 60
A D 2 8 0
A P 1 214 0
J R 7 407 28 2 2305 576 0
K 0 0 48
A D 2 8 0
A P 1 0 0
J N 7 451 7 4 4609 576 0
K 0 0 43
K 0 0 60
K 0 21 60
A D 2 8 0
A P 1 214 0
J B 120 498 1 82 6913 576 0
J N 7 519 7 6 1 0 0
K 0 0 43
K 25 0 44
K 0 -17 236
K 0 0 60
K 0 21 60
A D 3 8 0
A P 1 214 0
J N 6 579 14 3 3457 864 0
K 0 0 43
K 0 0 54
A D 1 8 0
A P 1 209 0
J N 7 616 7 4 4609 288 0
K 0 0 43
K 0 0 60
K 0 21 60
A D 2 8 0
A P 1 214 0
J B 121 663 1 82 6913 576 0
J N 7 684 7 4 1 0 0
K 0 0 43
K 0 0 60
K 0 21 60
A D 2 8 0
A P 1 214 0
J R 7 728 28 2 2305 576 0
K 0 0 48
A D 2 8 1
A P 1 0 1
J R 7 772 28 2 4609 576 0
K 0 0 48
A D 2 8 0
A P 1 0 0
J B 122 819 1 82 6913 576 0
J R 9 890 28 2 1 0 0
K 0 0 46
A D 6 8 0
A P 3 0 0
J B 123 989 1 82 6913 1728 0
J R 9 1041 28 2 1 0 0
K 0 0 46
A D 6 8 0
A P 3 0 0
J B 124 1121 1 82 6913 1728 0
J R 7 1144 28 2 1 0 0
K 0 0 48
A D 2 8 1
A P 1 0 1
J R 7 1188 28 2 2305 576 0
K 0 0 48
A D 2 8 0
A P 1 0 0
J D 0 1204 0 1 4609 576 0
W 0 -21 32 1.
J N 7 1232 0 4 4609 0 3 36 37 35
K 0 0 43
K 0 0 60
K 0 21 60
A D 2 8 1
A P 1 220 1
J B 125 1278 1 82 6913 576 0
J N 8 1299 0 4 1 0 1 36
K 0 0 42
K 0 0 60
K 0 21 60
A D 4 8 0
A P 1 220 0
H 36 T 0 0 0 0 0 0 5 0
J N 7 1385 7 4 4609 1152 1 35
K 0 0 43
K 0 0 60
K 0 21 60
A D 2 8 0
A P 1 214 0
H 35 W 21 0 7 92 14 92
J B 126 1431 1 82 6913 576 0
J N 7 1452 21 4 1 0 1 37
K 0 0 43
K 0 0 60
K 0 21 60
A D 2 8 0
A P 1 203 0
H 37 S 0 0 0 0 0 0 0 0 0
J R 7 1495 28 2 2305 576 0
K 0 0 48
A D 2 8 1
A P 1 0 1
J R 7 1538 28 2 4609 576 0
K 0 0 48
A D 2 8 0
A P 1 0 0
J B 127 1612 1 82 6913 576 0
J R 9 1663 28 2 1 0 0
K 0 0 46
A D 6 8 0
A P 3 0 0
J B 128 1742 1 82 6913 1728 0
J R 7 1765 28 2 1 0 0
K 0 0 48
A D 2 8 1
A P 1 0 1
J R 7 1808 28 2 2305 576 0
K 0 0 48
A D 2 8 0
A P 1 0 0
J D 0 1823 0 1 4609 576 0
W 0 -21 32 1.
J N 7 1851 0 4 4609 0 3 39 40 38
K 0 0 43
K 0 0 60
K 0 21 60
A D 2 8 1
A P 1 220 1
J B 129 1897 1 82 6913 576 0
J N 8 1918 0 4 1 0 1 39
K 0 0 42
K 0 0 60
K 0 21 60
A D 4 8 0
A P 1 220 0
H 39 T 0 0 0 0 0 0 5 0
J N 7 2004 7 4 4609 1152 0
K 0 0 43
K 0 0 60
K 0 21 60
A D 2 8 0
A P 1 214 0
J B 130 2050 1 82 6913 576 0
J M 0 2050 18 0 6913 0 1 40
H 40 S 0 0 0 0 0 0 0 0
J M 0 2050 0 0 6913 0 1 38
H 38 W 21 10 7 96 0 96
E *
L 264 0 0 326 326 * 0 14 0
J D 0 -110 42 1 6913 0 0
W 0 -21 31 Cl 1-2
J D 0 -110 42 1 6913 0 0
W 0 21 31 (B\0.)
J C 4 5 42 2 6913 0 0
K 0 0 33
K 0 0 34
J K 0 57 0 0 6913 0 0
J D 0 -27 -14 1 6913 0 0
W 0 0 0 \01\01\07
J S 0 126 98 2 1 0 1 46
K 0 0 111
K 12 0 110
J N 8 126 35 9 1 0 2 47 48
K 0 -35 42
K 24 -41 44
K 0 0 42
K 25 0 44
K 0 -35 60
K 0 -28 60
K 0 0 60
K 0 14 60
A D 6 8 1
A P 1 220 1
A P 2 192 1
J B 118 210 1 82 6913 1728 0
J N 8 231 35 7 1 0 2 47 48
K 0 -35 42
K 0 0 42
K 0 -35 60
K 0 -28 60
K 0 0 60
K 0 14 60
A D 4 8 0
A P 1 220 0
A P 2 192 0
H 47 T 0 0 0 0 0 0 5 0
H 48 T 35 0 0 0 0 0 11 0
J N 7 295 42 7 4609 1152 1 46
K 0 -35 43
K 0 0 43
K 0 -35 60
K 0 -28 60
K 0 0 60
K 0 14 60
A D 2 8 0
A P 1 215 0
A P 2 186 0
H 46 W 21 0 38 109 14 109
J B 119 342 1 82 6913 576 0
J N 7 363 28 7 1 0 0
K 0 0 43
K 0 21 43
K 0 72 108
K 0 21 59
K 0 0 59
K 0 -14 59
A D 2 8 0
A P 1 198 0
A P 2 180 0
J R 7 407 28 2 2305 576 0
K 0 0 48
A D 2 8 0
A P 1 0 0
J N 7 451 14 7 4609 576 0
K 0 0 43
K 0 35 43
K 0 35 59
K 0 28 59
K 0 0 59
K 0 -14 59
A D 2 8 0
A P 1 209 0
A P 2 180 0
J B 120 498 1 82 6913 576 0
J N 7 519 14 11 1 0 0
K 0 0 43
K 24 -6 44
K 0 35 43
K 25 35 44
K -2 162 236
K 0 72 236
K 0 35 59
K 0 28 59
K 0 0 59
K 0 -14 59
A D 3 8 0
A P 1 209 0
A P 2 180 0
J N 6 579 21 7 3457 864 0
K -18 0 63
K 0 0 43
K 0 35 43
K 0 35 59
K 0 28 59
K 0 0 51
A D 1 8 0
A P 1 204 0
A P 2 175 0
J N 7 616 14 7 4609 288 0
K 0 0 43
K 0 35 43
K 0 35 59
K 0 28 59
K 0 0 59
K 0 -14 59
A D 2 8 0
A P 1 209 0
A P 2 180 0
J B 121 663 1 82 6913 576 0
J N 7 684 14 7 1 0 0
K 0 0 43
K 0 35 43
K 0 35 59
K 0 28 59
K 0 0 59
K 0 -14 59
A D 2 8 0
A P 1 209 0
A P 2 180 0
J R 7 728 28 2 2305 576 0
K 0 0 48
A D 2 8 1
A P 1 0 1
J R 7 772 28 2 4609 576 0
K 0 0 48
A D 2 8 0
A P 1 0 0
J B 122 819 1 82 6913 576 0
J R 9 890 28 2 1 0 0
K 0 0 46
A D 6 8 0
A P 3 0 0
J B 123 989 1 82 6913 1728 0
J R 9 1041 28 2 1 0 0
K 0 0 46
A D 6 8 0
A P 3 0 0
J B 124 1121 1 82 6913 1728 0
J R 9 1185 28 2 1 0 0
K 0 0 46
A D 6 8 0
A P 3 0 0
J B 125 1278 1 82 6913 1728 0
J R 9 1340 28 2 1 0 0
K 0 0 46
A D 6 8 0
A P 3 0 0
J B 126 1431 1 82 6913 1728 0
J R 9 1507 28 2 1 0 0
K 0 0 46
A D 6 8 0
A P 3 0 0
J B 127 1612 1 82 6913 1728 0
J R 9 1663 28 2 1 0 0
K 0 0 46
A D 6 8 0
A P 3 0 0
J B 128 1742 1 82 6913 1728 0
J R 9 1805 28 2 1 0 0
K 0 0 46
A D 6 8 0
A P 3 0 0
J B 129 1897 1 82 6913 1728 0
J R 9 1959 28 2 1 0 0
K 0 0 46
A D 6 8 0
A P 3 0 0
J B 130 2050 1 82 6913 1728 0
E *
L 396 0 0 326 326 * 0 14 0
J D 0 -130 42 1 6913 0 0
W 0 0 31 Fag 1-2
J C 22 5 14 36 6913 0 0
J K -2 57 0 2 6913 0 0
K 0 42 65
K 13 21 65
J D 0 -27 -14 1 6913 0 0
W 0 0 0 \01\01\07
J S 0 126 105 2 1 0 1 52
K 0 0 111
K 12 0 110
J N 8 126 21 13 1 0 2 53 54
K 0 -35 45
K 0 -49 45
K 0 -49 42
K -1 -49 45
K 2 -49 45
K 24 -55 44
K 0 0 42
K 25 0 44
K 0 -49 60
K 0 -28 60
K 0 0 60
K 0 21 60
A D 6 8 1
A P 1 174 1
A P 2 134 1
J B 118 210 1 82 6913 1728 0
J N 8 231 21 11 1 0 2 53 54
K 0 -35 45
K 0 -49 45
K 0 -49 42
K -1 -49 45
K 2 -49 45
K 0 0 42
K 0 -49 60
K 0 -28 60
K 0 0 60
K 0 21 60
A D 4 8 0
A P 1 174 0
A P 2 134 0
H 53 T -28 0 0 0 0 0 5 0
H 54 T 21 0 0 0 0 0 11 0
J N 7 295 42 11 4609 1152 1 52
K 0 -56 45
K 0 -63 43
K 0 -56 45
K 1 -56 45
K 0 0 43
K 0 -63 60
K 0 -35 60
K 0 -28 60
K 0 0 60
K 0 14 60
A D 2 8 0
A P 1 169 0
A P 2 117 0
H 52 W 21 0 38 107 14 107
J B 119 342 1 82 6913 576 0
J N 7 363 14 10 1 0 0
K 0 -28 45
K 0 -28 43
K -1 -28 45
K 2 -28 45
K 0 0 43
K 0 72 108
K 0 -28 60
K 0 0 60
K 0 21 60
A D 2 8 0
A P 1 163 0
A P 2 140 0
J R 7 407 28 2 2305 576 0
K 0 0 48
A D 2 8 0
A P 1 0 0
J N 7 451 14 9 4609 576 0
K 0 -28 45
K 0 -28 43
K -1 -28 45
K 2 -28 45
K 0 0 43
K 0 -28 60
K 0 0 60
K 0 21 60
A D 2 8 0
A P 1 163 0
A P 2 140 0
J B 120 498 1 82 6913 576 0
J N 7 519 -14 9 1 0 0
K 1 0 45
K 0 0 43
K -1 0 45
K 2 0 45
K 24 -6 44
K 0 -42 236
K 0 0 59
K 0 -7 59
A D 3 8 0
A P 1 163 0
J N 8 519 14 4 1 0 0
K 0 0 42
K 0 0 60
K 0 21 60
A D 4 8 0
A P 2 140 0
J N 6 579 -7 4 3457 864 0
K -14 0 64
K 0 0 43
K 0 0 51
A D 1 8 0
A P 1 158 0
J N 7 616 14 9 4609 288 0
K 0 -28 45
K 0 -28 43
K -1 -28 45
K 2 -28 45
K 0 0 43
K 0 -28 60
K 0 0 60
K 0 21 60
A D 2 8 0
A P 1 163 0
A P 2 140 0
J B 121 663 1 82 6913 576 0
J N 7 684 14 9 1 0 0
K 0 -28 45
K 0 -28 43
K -1 -28 45
K 2 -28 45
K 0 0 43
K 0 -28 60
K 0 0 60
K 0 21 60
A D 2 8 0
A P 1 163 0
A P 2 140 0
J R 7 728 28 2 2305 576 0
K 0 0 48
A D 2 8 1
A P 1 0 1
J R 7 772 28 2 4609 576 0
K 0 0 48
A D 2 8 0
A P 1 0 0
J B 122 819 1 82 6913 576 0
J R 7 840 28 2 1 0 0
K 0 0 48
A D 2 8 1
A P 1 0 1
J R 7 884 28 2 2305 576 0
K 0 0 48
A D 2 8 0
A P 1 0 0
J C 12 908 14 163 4609 576 0
J N 7 942 28 6 4609 0 1 55
K 0 -14 43
K 0 0 43
K 0 -14 60
K 0 0 60
K 0 21 60
A D 2 8 0
A P 1 163 0
A P 2 152 0
J B 123 989 1 82 6913 576 0
J N 8 1010 14 6 1 0 1 56
K 0 -14 42
K 0 0 42
K 0 -14 60
K 0 0 60
K 0 21 60
A D 4 8 0
A P 1 174 0
A P 2 163 0
J N 7 1074 28 6 4609 1152 0
K 0 -14 43
K 0 0 43
K 0 -14 60
K 0 0 60
K 0 21 60
A D 2 8 0
A P 1 163 0
A P 2 152 0
J M 0 1117 0 0 6913 576 1 56
H 56 W 0 21 7 105 7 105
J B 124 1121 1 82 6913 0 0
J M 0 1142 0 0 1 0 1 57
J N 8 1144 21 7 1 0 0
K -14 0 64
K 0 -14 42
K 0 0 42
K 0 -14 60
K 0 0 60
K 0 21 60
A D 4 8 0
A P 1 169 0
A P 2 158 0
J N 7 1232 7 6 4609 1152 1 57
K 0 -14 43
K 0 0 43
K 0 -14 60
K 0 0 60
K 0 21 60
A D 2 8 0
A P 1 180 0
A P 2 169 0
H 57 W 21 0 7 105 14 105
J B 125 1278 1 82 6913 576 0
J N 7 1299 14 6 1 0 1 55
K 0 -14 43
K 0 0 43
K 0 -14 60
K 0 0 60
K 0 21 60
A D 2 8 0
A P 1 174 0
A P 2 163 0
H 55 S 0 0 -21 0 -14 0 0 0 0
J R 7 1342 28 2 2305 576 0
K 0 0 48
A D 2 8 1
A P 1 0 1
J R 7 1385 28 2 4609 576 0
K 0 0 48
A D 2 8 0
A P 1 0 0
J B 126 1431 1 82 6913 576 0
J R 7 1452 28 2 1 0 0
K 0 0 48
A D 2 8 1
A P 1 0 1
J R 7 1495 28 2 2305 576 0
K 0 0 48
A D 2 8 0
A P 1 0 0
J N 6 1538 28 4 4609 576 2 58 59
K 0 -14 43
K 0 0 43
K 0 -14 60
A D 1 8 0
A P 1 163 0
A P 2 152 0
J N 6 1579 21 5 5761 288 1 59
K -15 0 65
K 0 -14 43
K 0 0 43
K 0 -14 60
A D 1 8 0
A P 1 169 0
A P 2 157 0
H 59 B -47 -3 108 2 2 3
J B 127 1612 1 82 6913 288 0
J N 8 1633 14 6 1 0 1 60
K 0 -14 42
K 0 0 42
K 0 -14 60
K 0 0 60
K 0 21 60
A D 4 8 0
A P 1 174 0
A P 2 163 0
J N 7 1696 28 6 4609 1152 0
K 0 -14 43
K 0 0 43
K 0 -14 60
K 0 0 60
K 0 21 60
A D 2 8 0
A P 1 163 0
A P 2 152 0
J M 0 1738 0 0 6913 576 1 60
H 60 W 0 21 7 105 7 105
J B 128 1742 1 82 6913 0 0
J M 0 1763 0 0 1 0 1 61
J N 8 1765 21 7 1 0 0
K -14 0 64
K 0 -14 42
K 0 0 42
K 0 -14 60
K 0 0 60
K 0 21 60
A D 4 8 0
A P 1 169 0
A P 2 158 0
J N 7 1851 7 6 4609 1152 1 61
K 0 -14 43
K 0 0 43
K 0 -14 60
K 0 0 60
K 0 21 60
A D 2 8 0
A P 1 180 0
A P 2 169 0
H 61 W 21 0 7 105 14 105
J B 129 1897 1 82 6913 576 0
J N 7 1918 14 6 1 0 1 58
K 0 -14 43
K 0 0 43
K 0 -14 60
K 0 0 60
K 0 21 60
A D 2 8 0
A P 1 174 0
A P 2 163 0
H 58 S 0 0 -14 0 -21 0 0 0 0
J R 7 1961 28 2 2305 576 0
K 0 0 48
A D 2 8 1
A P 1 0 1
J R 7 2004 28 2 4609 576 0
K 0 0 48
A D 2 8 0
A P 1 0 0
J B 130 2050 1 82 6913 576 0
E *
L 551 0 0 326 326 * 0 14 0
J D 0 -130 42 1 6913 0 0
W 0 -21 31 Cor 1-2
J D 0 -130 42 1 6913 0 0
W 0 21 31 (B\0.)
J C 4 5 42 2 6913 0 0
K 0 0 33
K 0 0 34
J K 0 57 0 0 6913 0 0
J D 0 -27 -14 1 6913 0 0
W 0 0 0 \01\01\07
J S 0 126 121 2 1 0 1 53
K 0 0 111
K 12 0 110
J N 8 126 21 12 1 0 2 54 55
K 1 49 45
K 0 0 42
K 25 0 44
K 0 49 42
K -1 49 45
K 2 49 45
K 24 43 44
K 0 49 59
K 0 28 59
K 0 0 59
K 0 -14 59
A D 6 8 1
A P 1 203 1
A P 2 163 1
J B 118 210 1 82 6913 1728 0
J N 8 231 21 10 1 0 2 54 55
K 1 49 45
K 0 0 42
K 0 49 42
K -1 49 45
K 2 49 45
K 0 49 59
K 0 28 59
K 0 0 59
K 0 -14 59
A D 4 8 0
A P 1 203 0
A P 2 163 0
H 54 T 21 0 0 0 0 0 3 0
H 55 T 70 0 0 0 0 0 13 0
J N 7 295 21 10 4609 1152 1 53
K 1 49 45
K 0 0 43
K 0 49 43
K -1 49 45
K 2 49 45
K 0 49 59
K 0 28 59
K 0 0 59
K 0 -14 59
A D 2 8 0
A P 1 203 0
A P 2 163 0
H 53 W 21 0 38 121 14 121
J B 119 342 1 82 6913 576 0
J N 7 363 42 7 1 0 0
K 0 -28 43
K 0 0 43
K 5 49 108
K 0 -28 60
K 0 0 60
K 0 14 60
A D 2 8 0
A P 1 209 0
A P 2 186 0
J R 7 407 28 2 2305 576 0
K 0 0 48
A D 2 8 1
A P 1 0 1
J R 7 451 28 2 4609 576 0
K 0 0 48
A D 2 8 0
A P 1 0 0
J B 120 498 1 82 6913 576 0
J R 9 566 28 2 1 0 0
K 0 0 46
A D 6 8 0
A P 3 0 0
J B 121 663 1 82 6913 1728 0
J R 7 684 28 2 1 0 0
K 0 0 48
A D 2 8 1
A P 3 0 1
J R 7 728 28 2 2305 576 0
K 0 0 48
A D 2 8 0
A P 3 0 0
J D 0 758 0 1 4609 576 0
W 0 -28 32 zu 2
J N 7 772 -7 4 4609 0 0
K 0 0 43
K 0 0 60
K 0 21 60
A D 2 8 0
A P 3 226 0
J B 122 819 1 82 6913 576 0
J N 8 840 -7 4 1 0 0
K 0 0 42
K 0 0 60
K 0 21 60
A D 4 8 0
A P 3 226 0
J N 7 942 -7 4 4609 1152 0
K 0 0 43
K 0 0 60
K 0 21 60
A D 2 8 0
A P 3 226 0
J B 123 989 1 82 6913 576 0
J N 8 1010 -7 5 1 0 2 57 56
K 0 0 42
K 25 0 44
K 0 0 60
K 0 21 60
A D 6 8 1
A P 3 226 1
J M 0 1117 0 0 6913 1728 1 56
H 56 W 0 21 7 95 7 95
J B 124 1121 1 82 6913 0 0
J N 8 1144 -7 5 1 0 3 59 57 58
K 0 0 42
K 25 0 44
K 0 0 60
K 0 21 60
A D 6 8 1
A P 3 226 1
H 57 T -7 0 0 0 0 0 1 0
J M 0 1274 0 0 6913 1728 1 58
H 58 W 21 0 7 95 14 95
J B 125 1278 1 82 6913 0 0
J N 7 1299 -7 4 1 0 1 59
K 0 0 43
K 0 0 60
K 0 21 60
A D 2 8 0
A P 3 226 0
H 59 T -7 0 0 0 0 0 1 0
J R 7 1342 28 2 2305 576 0
K 0 0 48
A D 2 8 0
A P 3 0 0
J N 7 1385 -7 4 4609 576 0
K 0 0 43
K 0 0 60
K 0 21 60
A D 2 8 0
A P 3 226 0
J B 126 1431 1 82 6913 576 0
J N 8 1452 -7 4 1 0 0
K 0 0 42
K 0 0 60
K 0 21 60
A D 4 8 0
A P 3 226 0
J N 7 1538 -7 4 4609 1152 0
K 0 0 43
K 0 0 60
K 0 21 60
A D 2 8 0
A P 3 226 0
J B 127 1612 1 82 6913 576 0
J N 8 1633 -7 5 1 0 2 61 60
K 0 0 42
K 25 0 44
K 0 0 60
K 0 21 60
A D 6 8 1
A P 3 226 1
J M 0 1738 0 0 6913 1728 1 60
H 60 W 0 21 7 95 7 95
J B 128 1742 1 82 6913 0 0
J N 8 1765 -7 5 1 0 3 63 61 62
K 0 0 42
K 25 0 44
K 0 0 60
K 0 21 60
A D 6 8 1
A P 3 226 1
H 61 T -7 0 0 0 0 0 1 0
J B 129 1897 1 82 6913 1728 0
J N 8 1918 -7 5 1 0 2 64 63
K 0 0 42
K 25 0 44
K 0 0 60
K 0 21 60
A D 6 8 1
A P 3 226 1
H 63 T -7 0 0 0 0 0 1 0
J B 130 2050 1 82 6913 1728 0
J M 0 2050 0 0 6913 0 1 64
H 64 T -7 0 0 0 0 0 1 0
J M 0 2050 0 0 6913 0 1 62
H 62 W 21 10 91 95 0 95
E *
L 696 0 0 326 326 * 0 14 0
J D 0 -119 42 1 6913 0 0
W 0 0 31 Vln 1
J C 4 5 42 2 6913 0 0
K 0 0 33
K 0 0 34
J K -2 57 0 2 6913 0 0
K 0 28 65
K 13 7 65
J D 0 -27 -14 1 6913 0 0
W 0 0 0 \01\01\07
J R 9 143 28 2 1 0 0
K 0 0 46
A D 6 8 0
A P 1 0 0
J B 118 210 1 82 6913 1728 0
J R 9 262 28 2 1 0 0
K 0 0 46
A D 6 8 0
A P 1 0 0
J B 119 342 1 82 6913 1728 0
J R 9 406 28 2 1 0 0
K 0 0 46
A D 6 8 0
A P 1 0 0
J B 120 498 1 82 6913 1728 0
J R 9 566 28 2 1 0 0
K 0 0 46
A D 6 8 0
A P 1 0 0
J B 121 663 1 82 6913 1728 0
J R 9 727 28 2 1 0 0
K 0 0 46
A D 6 8 0
A P 1 0 0
J B 122 819 1 82 6913 1728 0
J R 9 890 28 2 1 0 0
K 0 0 46
A D 6 8 0
A P 1 0 0
J B 123 989 1 82 6913 1728 0
J R 9 1041 28 2 1 0 0
K 0 0 46
A D 6 8 0
A P 1 0 0
J B 124 1121 1 82 6913 1728 0
J R 9 1185 28 2 1 0 0
K 0 0 46
A D 6 8 0
A P 1 0 0
J B 125 1278 1 82 6913 1728 0
J D 0 1292 0 1 1 0 0
W 0 -21 32 pizz.
J N 7 1299 56 4 1 0 0
K 0 0 43
K 0 0 59
K 0 -21 59
A D 2 8 0
A P 1 174 0
J R 7 1342 28 2 2305 576 0
K 0 0 48
A D 2 8 1
A P 1 0 1
J R 7 1385 28 2 4609 576 0
K 0 0 48
A D 2 8 0
A P 1 0 0
J B 126 1431 1 82 6913 576 0
J R 9 1507 28 2 1 0 0
K 0 0 46
A D 6 8 0
A P 1 0 0
J B 127 1612 1 82 6913 1728 0
J R 9 1663 28 2 1 0 0
K 0 0 46
A D 6 8 0
A P 1 0 0
J B 128 1742 1 82 6913 1728 0
J R 9 1805 28 2 1 0 0
K 0 0 46
A D 6 8 0
A P 1 0 0
J B 129 1897 1 82 6913 1728 0
J N 7 1918 56 4 1 0 0
K 0 0 43
K 0 0 59
K 0 -21 59
A D 2 8 0
A P 1 174 0
J R 7 1961 28 2 2305 576 0
K 0 0 48
A D 2 8 1
A P 1 0 1
J R 7 2004 28 2 4609 576 0
K 0 0 48
A D 2 8 0
A P 1 0 0
J B 130 2050 1 82 6913 576 0
E *
L 828 0 0 326 326 * 0 14 0
J D 0 -119 42 1 6913 0 0
W 0 0 31 Vln 2
J C 4 5 42 2 6913 0 0
K 0 0 33
K 0 0 34
J K -2 57 0 2 6913 0 0
K 0 28 65
K 13 7 65
J D 0 -27 -14 1 6913 0 0
W 0 0 0 \01\01\07
J R 9 143 28 2 1 10000 0
K 0 0 46
A D 6 8 0
A P 1 0 0
J B 118 210 1 82 6913 1728 0
J R 9 262 28 2 1 10000 0
K 0 0 46
A D 6 8 0
A P 1 0 0
J B 119 342 1 82 6913 1728 0
J R 9 406 28 2 1 10000 0
K 0 0 46
A D 6 8 0
A P 1 0 0
J B 120 498 1 82 6913 1728 0
J R 9 566 28 2 1 10000 0
K 0 0 46
A D 6 8 0
A P 1 0 0
J B 121 663 1 82 6913 1728 0
J R 9 727 28 2 1 10000 0
K 0 0 46
A D 6 8 0
A P 1 0 0
J B 122 819 1 82 6913 1728 0
J R 9 890 28 2 1 10000 0
K 0 0 46
A D 6 8 0
A P 1 0 0
J B 123 989 1 82 6913 1728 0
J R 9 1041 28 2 1 10000 0
K 0 0 46
A D 6 8 0
A P 1 0 0
J B 124 1121 1 82 6913 1728 0
J R 9 1185 28 2 1 10000 0
K 0 0 46
A D 6 8 0
A P 1 0 0
J B 125 1278 1 82 6913 1728 0
J D 0 1292 0 1 1 0 0
W 0 -16 32 pizz.
J N 7 1299 70 7 1 0 0
K 1 0 45
K 0 0 43
K -1 0 45
K 2 0 45
K 0 0 59
K 0 -21 59
A D 2 8 0
A P 1 163 0
J R 7 1342 28 2 2305 576 0
K 0 0 48
A D 2 8 1
A P 1 0 1
J R 7 1385 28 2 4609 576 0
K 0 0 48
A D 2 8 0
A P 1 0 0
J B 126 1431 1 82 6913 576 0
J R 9 1507 28 2 1 10000 0
K 0 0 46
A D 6 8 0
A P 1 0 0
J B 127 1612 1 82 6913 1728 0
J R 9 1663 28 2 1 10000 0
K 0 0 46
A D 6 8 0
A P 1 0 0
J B 128 1742 1 82 6913 1728 0
J R 9 1805 28 2 1 10000 0
K 0 0 46
A D 6 8 0
A P 1 0 0
J B 129 1897 1 82 6913 1728 0
J N 7 1918 70 7 1 0 0
K 1 0 45
K 0 0 43
K -1 0 45
K 2 0 45
K 0 0 59
K 0 -21 59
A D 2 8 0
A P 1 163 0
J R 7 1961 28 2 2305 576 0
K 0 0 48
A D 2 8 1
A P 1 0 1
J R 7 2004 28 2 4609 576 0
K 0 0 48
A D 2 8 0
A P 1 0 0
J B 130 2050 1 82 6913 576 0
E *
L 960 0 0 326 326 * 0 14 0
J D 0 -86 42 1 6913 0 0
W 0 0 31 Vla
J C 13 5 28 35 6913 0 0
J K -2 57 0 2 6913 0 0
K 0 35 65
K 13 14 65
J D 0 -27 -14 1 6913 0 0
W 0 0 0 \01\01\07
J R 9 143 28 2 1 10000 0
K 0 0 46
A D 6 8 0
A P 1 0 0
J B 118 210 1 82 6913 1728 0
J R 9 262 28 2 1 10000 0
K 0 0 46
A D 6 8 0
A P 1 0 0
J B 119 342 1 82 6913 1728 0
J R 9 406 28 2 1 10000 0
K 0 0 46
A D 6 8 0
A P 1 0 0
J B 120 498 1 82 6913 1728 0
J R 9 566 28 2 1 10000 0
K 0 0 46
A D 6 8 0
A P 1 0 0
J B 121 663 1 82 6913 1728 0
J R 9 727 28 2 1 10000 0
K 0 0 46
A D 6 8 0
A P 1 0 0
J B 122 819 1 82 6913 1728 0
J R 9 890 28 2 1 10000 0
K 0 0 46
A D 6 8 0
A P 1 0 0
J B 123 989 1 82 6913 1728 0
J R 9 1041 28 2 1 10000 0
K 0 0 46
A D 6 8 0
A P 1 0 0
J B 124 1121 1 82 6913 1728 0
J R 9 1185 28 2 1 10000 0
K 0 0 46
A D 6 8 0
A P 1 0 0
J B 125 1278 1 82 6913 1728 0
J D 0 1292 0 1 1 0 0
W 0 -18 32 pizz.
J N 7 1299 42 4 1 0 0
K 0 0 43
K 0 0 59
K 0 -21 59
A D 2 8 0
A P 1 152 0
J R 7 1342 28 2 2305 576 0
K 0 0 48
A D 2 8 1
A P 1 0 1
J R 7 1385 28 2 4609 576 0
K 0 0 48
A D 2 8 0
A P 1 0 0
J B 126 1431 1 82 6913 576 0
J R 9 1507 28 2 1 10000 0
K 0 0 46
A D 6 8 0
A P 1 0 0
J B 127 1612 1 82 6913 1728 0
J R 9 1663 28 2 1 10000 0
K 0 0 46
A D 6 8 0
A P 1 0 0
J B 128 1742 1 82 6913 1728 0
J R 9 1805 28 2 1 10000 0
K 0 0 46
A D 6 8 0
A P 1 0 0
J B 129 1897 1 82 6913 1728 0
J N 7 1918 42 4 1 0 0
K 0 0 43
K 0 0 59
K 0 -21 59
A D 2 8 0
A P 1 152 0
J R 7 1961 28 2 2305 576 0
K 0 0 48
A D 2 8 1
A P 1 0 1
J R 7 2004 28 2 4609 576 0
K 0 0 48
A D 2 8 0
A P 1 0 0
J B 130 2050 1 82 6913 576 0
E *
L 1095 0 0 326 326 * 0 14 0
J D 0 -67 42 1 6913 0 0
W 0 -21 31 Vc
J D 0 -67 42 1 6913 0 0
W 0 21 31 Cb
J C 22 5 14 36 6913 0 0
J K -2 57 0 2 6913 0 0
K 0 42 65
K 13 21 65
J D 0 -27 -14 1 6913 0 0
W 0 0 0 \01\01\07
J R 9 143 28 2 1 10000 0
K 0 0 46
A D 6 8 0
A P 1 0 0
J B 118 210 1 82 6913 1728 0
J R 9 262 28 2 1 10000 0
K 0 0 46
A D 6 8 0
A P 1 0 0
J B 119 342 1 82 6913 1728 0
J R 9 406 28 2 1 10000 0
K 0 0 46
A D 6 8 0
A P 1 0 0
J B 120 498 1 82 6913 1728 0
J R 9 566 28 2 1 10000 0
K 0 0 46
A D 6 8 0
A P 1 0 0
J B 121 663 1 82 6913 1728 0
J R 9 727 28 2 1 10000 0
K 0 0 46
A D 6 8 0
A P 1 0 0
J B 122 819 1 82 6913 1728 0
J R 9 890 28 2 1 10000 0
K 0 0 46
A D 6 8 0
A P 1 0 0
J B 123 989 1 82 6913 1728 0
J R 9 1041 28 2 1 10000 0
K 0 0 46
A D 6 8 0
A P 1 0 0
J B 124 1121 1 82 6913 1728 0
J R 9 1185 28 2 1 10000 0
K 0 0 46
A D 6 8 0
A P 1 0 0
J B 125 1278 1 82 6913 1728 0
J D 0 1292 0 1 1 0 0
W 0 -16 32  pizz.
J N 7 1299 63 4 1 0 0
K 0 0 43
K 0 0 59
K 0 -21 59
A D 2 8 0
A P 1 100 0
J R 7 1342 28 2 2305 576 0
K 0 0 48
A D 2 8 1
A P 1 0 1
J R 7 1385 28 2 4609 576 0
K 0 0 48
A D 2 8 0
A P 1 0 0
J B 126 1431 1 82 6913 576 0
J R 9 1507 28 2 1 10000 0
K 0 0 46
A D 6 8 0
A P 1 0 0
J B 127 1612 1 82 6913 1728 0
J R 9 1663 28 2 1 10000 0
K 0 0 46
A D 6 8 0
A P 1 0 0
J B 128 1742 1 82 6913 1728 0
J R 9 1805 28 2 1 10000 0
K 0 0 46
A D 6 8 0
A P 1 0 0
J B 129 1897 1 82 6913 1728 0
J N 7 1918 63 4 1 0 0
K 0 0 43
K 0 0 59
K 0 -21 59
A D 2 8 0
A P 1 100 0
J R 7 1961 28 2 2305 576 0
K 0 0 48
A D 2 8 1
A P 1 0 1
J R 7 2004 28 2 4609 576 0
K 0 0 48
A D 2 8 0
A P 1 0 0
J B 130 2050 1 82 6913 576 0
E *
B 1 210 0
B 1 342 0
B 1 498 0
B 1 663 0
B 1 819 0
B 1 989 0
B 1 1121 0
B 1 1278 0
B 1 1431 0
B 1 1612 0
B 1 1742 0
B 1 1897 0
B 1 2050 0
