S 0 200 140 2050 1443 11 "[....][..](.)[{..}..]"
L 0 0 0 326 326 * 0 14 0
J D 0 -66 42 1 6913 0 0
W 0 0 31 Fl
J C 4 5 42 2 6913 0 0
K 0 0 33
K 0 0 34
J K -2 57 0 2 6913 0 0
K 0 28 65
K 13 7 65
J D 0 -27 -14 1 6913 0 0
W 0 0 37 \03\08\09
J N 7 126 -14 7 1 0 1 126
K 0 0 45
K 0 0 43
K -1 0 45
K 2 0 45
K 0 0 60
K 0 21 60
A D 2 8 0
A P 1 232 0
J N 6 201 0 3 2305 576 1 126
K 0 0 43
K 0 0 54
A D 1 8 0
A P 1 220 0
H 126 S 0 0 0 0 0 0 0 0 0
J R 6 258 28 2 3457 288 0
K 0 0 49
A D 1 8 0
A P 1 0 0
J N 7 306 -28 8 4609 288 1 127
K 0 14 45
K 0 0 45
K 0 0 43
K -1 0 45
K 2 0 45
K 0 0 60
K 0 28 60
A D 2 8 0
A P 1 243 0
J B 390 380 1 82 6913 576 0
J N 6 401 -14 6 1 0 1 127
K 0 0 45
K 0 0 43
K -1 0 45
K 2 0 45
K 0 0 54
A D 1 8 0
A P 1 232 0
H 127 S 0 0 0 0 0 0 0 0 0
J R 6 449 28 2 1153 288 0
K 0 0 49
A D 1 8 0
A P 1 0 0
J N 7 497 -42 10 2305 288 1 128
K 0 28 45
K 0 14 45
K 0 0 45
K 0 0 43
K -1 0 45
K 2 0 45
K 0 0 60
K 0 28 60
K 0 42 60
A D 2 8 0
A P 1 254 0
J N 6 571 -28 8 4609 576 1 128
K 0 14 45
K 0 0 45
K 0 0 43
K -1 0 45
K 2 0 45
K 0 0 60
K 0 7 54
A D 1 8 0
A P 1 243 0
H 128 S 0 0 0 0 0 0 0 0 0
J R 6 619 28 2 5761 288 0
K 0 0 49
A D 1 8 0
A P 1 0 0
J B 391 669 1 82 6913 288 0
J N 8 690 -21 9 1 0 0
K 0 7 45
K 0 0 42
K 0 7 45
K 1 7 45
K 25 0 44
K 0 105 110
K 0 0 60
K 0 21 60
A D 6 8 0
A P 1 237 0
J B 392 912 1 82 6913 1728 0
J N 8 933 -35 11 1 0 0
K 0 21 45
K 0 7 45
K 0 0 42
K 0 7 45
K 1 7 45
K 25 0 44
K 0 119 110
K 0 0 60
K 0 28 60
K 0 35 60
A D 6 8 0
A P 1 249 0
J B 393 1155 1 82 6913 1728 0
J N 7 1176 -49 10 1 0 0
K 0 35 45
K 0 21 45
K 0 7 45
K 0 0 43
K 0 7 45
K 1 7 45
K 0 0 60
K 0 28 60
K 0 49 60
A D 2 8 0
A P 1 260 0
J N 7 1250 -49 10 2305 576 0
K 0 35 45
K 0 21 45
K 0 7 45
K 0 0 43
K 0 7 45
K 1 7 45
K 0 0 60
K 0 28 60
K 0 49 60
A D 2 8 0
A P 1 260 0
J N 7 1324 -49 10 4609 576 0
K 0 35 45
K 0 21 45
K 0 7 45
K 0 0 43
K 0 7 45
K 1 7 45
K 0 0 60
K 0 28 60
K 0 49 60
A D 2 8 0
A P 1 260 0
J B 394 1398 1 82 6913 576 0
J N 7 1419 -21 7 1 0 0
K 0 7 45
K 0 0 43
K 0 7 45
K 1 7 45
K 0 0 60
K 0 21 60
A D 2 8 0
A P 1 237 0
J R 7 1493 28 2 2305 576 0
K 0 0 48
A D 2 8 1
A P 1 0 1
J R 7 1567 28 2 4609 576 0
K 0 0 48
A D 2 8 0
A P 1 0 0
J B 395 1641 1 82 6913 576 0
J R 9 1687 28 2 1 0 0
K 0 0 46
A D 6 8 0
A P 1 0 0
J B 396 1761 1 82 6913 1728 0
J R 9 1807 28 2 1 0 0
K 0 0 46
A D 6 8 0
A P 1 0 0
J B 397 1881 1 82 6913 1728 0
J N 7 1902 -21 9 1 0 0
K 0 7 45
K 0 0 43
K 0 7 45
K 1 7 45
K 0 105 110
K 17 105 110
K 0 0 60
K 0 21 60
A D 2 8 0
A P 1 237 0
J R 7 1976 28 2 3457 576 0
K 0 0 48
A D 2 8 0
A P 1 0 0
J B 0 2050 6 2 6913 576 0
K -13 0 82
K -6 0 84
E *
L 132 0 0 326 326 * 0 14 0
J D 0 -119 42 1 6913 0 0
W 0 0 31 Ob 1-2
J C 4 5 42 2 6913 0 0
K 0 0 33
K 0 0 34
J K -2 57 0 2 6913 0 0
K 0 28 65
K 13 7 65
J D 0 -27 -14 1 6913 0 0
W 0 0 0 \03\08\09
J N 8 126 21 12 1 0 2 130 131
K 0 -35 45
K 0 -35 42
K -1 -35 45
K 2 -35 45
K 24 -41 44
K 0 0 42
K 25 0 44
K 0 -35 60
K 0 -28 60
K 0 0 60
K 0 21 60
A D 6 8 1
A P 1 232 1
A P 2 203 1
J B 390 380 1 82 6913 1728 0
J N 8 401 21 12 1 0 2 130 131
K 0 -35 45
K 0 -35 42
K -1 -35 45
K 2 -35 45
K 24 -41 44
K 0 0 42
K 25 0 44
K 0 -35 60
K 0 -28 60
K 0 0 60
K 0 21 60
A D 6 8 0
A P 1 232 0
A P 2 203 0
H 130 T -14 0 0 0 0 0 5 0
H 131 T 21 0 0 0 0 0 11 0
J B 391 669 1 82 6913 1728 0
J N 8 690 14 13 1 0 0
K 0 -28 45
K 0 -35 42
K 0 -28 45
K 1 -28 45
K 25 -35 44
K 0 0 42
K 24 -6 44
K 0 72 110
K 0 -35 60
K 0 -28 60
K 0 0 60
K 0 21 60
A D 6 8 0
A P 1 237 0
A P 2 209 0
J B 392 912 1 82 6913 1728 0
J N 8 933 14 13 1 0 0
K 0 -28 45
K 0 -35 42
K 0 -28 45
K 1 -28 45
K 25 -35 44
K 0 0 42
K 24 -6 44
K 0 72 110
K 0 -35 60
K 0 -28 60
K 0 0 60
K 0 21 60
A D 6 8 0
A P 1 237 0
A P 2 209 0
J B 393 1155 1 82 6913 1728 0
J N 7 1176 14 6 1 0 0
K 0 -14 43
K 0 0 43
K 0 -14 60
K 0 0 60
K 0 21 60
A D 2 8 0
A P 1 220 0
A P 2 209 0
J N 7 1250 14 6 2305 576 0
K 0 -14 43
K 0 0 43
K 0 -14 60
K 0 0 60
K 0 21 60
A D 2 8 0
A P 1 220 0
A P 2 209 0
J N 7 1324 14 6 4609 576 0
K 0 -14 43
K 0 0 43
K 0 -14 60
K 0 0 60
K 0 21 60
A D 2 8 0
A P 1 220 0
A P 2 209 0
J B 394 1398 1 82 6913 576 0
J N 7 1419 28 4 1 0 0
K 0 0 43
K 0 0 59
K 0 -14 59
A D 2 8 0
A P 1 197 0
J N 7 1419 28 4 1 0 0
K 0 0 43
K 0 0 60
K 0 21 60
A D 2 8 0
A P 2 197 0
J R 7 1493 28 2 2305 576 0
K 0 0 48
A D 2 8 1
A P 1 0 1
J R 7 1567 28 2 4609 576 0
K 0 0 48
A D 2 8 0
A P 1 0 0
J B 395 1641 1 82 6913 576 0
J R 9 1687 28 2 1 0 0
K 0 0 46
A D 6 8 0
A P 3 0 0
J B 396 1761 1 82 6913 1728 0
J R 9 1807 28 2 1 0 0
K 0 0 46
A D 6 8 0
A P 3 0 0
J B 397 1881 1 82 6913 1728 0
J N 7 1902 14 12 1 0 0
K 0 -28 45
K 0 -35 43
K 0 -28 45
K 1 -28 45
K 0 0 43
K 0 72 110
K 17 72 110
K 0 -35 60
K 0 -28 60
K 0 0 60
K 0 21 60
A D 2 8 0
A P 1 237 0
A P 2 209 0
J R 7 1976 28 2 3457 576 0
K 0 0 48
A D 2 8 0
A P 1 0 0
J B 0 2050 6 2 6913 576 0
K -13 0 82
K -6 0 84
E *
L 264 0 0 326 326 * 0 14 0
J D 0 -110 42 1 6913 0 0
W 0 -21 31 Cl 1-2
J D 0 -110 42 1 6913 0 0
W 0 21 31 (B\0.)
J C 4 5 42 2 6913 0 0
K 0 0 33
K 0 0 34
J K 0 57 0 0 6913 0 0
J D 0 -27 -14 1 6913 0 0
W 0 0 0 \03\08\09
J N 7 126 28 4 1 0 1 146
K 0 0 43
K 0 0 60
K 0 21 60
A D 2 8 0
A P 3 198 0
J N 6 201 42 3 2305 576 1 146
K 0 0 43
K 0 0 53
A D 1 8 0
A P 3 186 0
H 146 S 0 0 0 0 0 0 0 0 0
J R 6 258 28 2 3457 288 0
K 0 0 49
A D 1 8 0
A P 3 0 0
J N 7 306 14 4 4609 288 1 147
K 0 0 43
K 0 0 60
K 0 21 60
A D 2 8 0
A P 3 209 0
J B 390 380 1 82 6913 576 0
J N 6 401 28 3 1 0 1 147
K 0 0 43
K 0 0 54
A D 1 8 0
A P 3 198 0
H 147 S 0 0 0 0 0 0 0 0 0
J R 6 449 28 2 1153 288 0
K 0 0 49
A D 1 8 0
A P 3 0 0
J N 7 497 0 4 2305 288 1 148
K 0 0 43
K 0 0 60
K 0 21 60
A D 2 8 0
A P 3 220 0
J N 6 571 14 3 4609 576 1 148
K 0 0 43
K 0 0 54
A D 1 8 0
A P 3 209 0
H 148 S 0 0 0 0 0 0 0 0 0
J R 6 619 28 2 5761 288 0
K 0 0 49
A D 1 8 0
A P 3 0 0
J B 391 669 1 82 6913 288 0
J N 8 690 21 10 1 0 0
K 0 0 42
K 25 0 44
K 0 35 42
K 24 29 44
K 0 71 110
K 0 35 59
K 0 28 59
K 0 0 59
K 0 -14 59
A D 6 8 0
A P 1 203 0
A P 2 175 0
J B 392 912 1 82 6913 1728 0
J N 8 933 21 9 1 0 0
K 0 -14 42
K 25 -14 44
K 0 0 42
K 25 0 44
K 0 71 110
K 0 -14 60
K 0 0 60
K 0 21 60
A D 6 8 0
A P 1 215 0
A P 2 203 0
J B 393 1155 1 82 6913 1728 0
J N 7 1176 7 6 1 0 0
K 0 -14 43
K 0 0 43
K 0 -14 60
K 0 0 60
K 0 21 60
A D 2 8 0
A P 1 226 0
A P 2 215 0
J N 7 1250 7 6 2305 576 0
K 0 -14 43
K 0 0 43
K 0 -14 60
K 0 0 60
K 0 21 60
A D 2 8 0
A P 1 226 0
A P 2 215 0
J N 7 1324 7 6 4609 576 0
K 0 -14 43
K 0 0 43
K 0 -14 60
K 0 0 60
K 0 21 60
A D 2 8 0
A P 1 226 0
A P 2 215 0
J B 394 1398 1 82 6913 576 0
J N 7 1419 21 7 1 0 0
K 0 0 43
K 0 35 43
K 0 35 59
K 0 28 59
K 0 0 59
K 0 -14 59
A D 2 8 0
A P 1 203 0
A P 2 175 0
J R 7 1493 28 2 2305 576 0
K 0 0 48
A D 2 8 1
A P 1 0 1
J R 7 1567 28 2 4609 576 0
K 0 0 48
A D 2 8 0
A P 1 0 0
J B 395 1641 1 82 6913 576 0
J R 9 1687 28 2 1 0 0
K 0 0 46
A D 6 8 0
A P 3 0 0
J B 396 1761 1 82 6913 1728 0
J R 9 1807 28 2 1 0 0
K 0 0 46
A D 6 8 0
A P 3 0 0
J B 397 1881 1 82 6913 1728 0
J N 7 1902 21 8 1 0 0
K 0 -14 43
K 0 0 43
K 0 71 110
K 17 71 110
K 0 -14 60
K 0 0 60
K 0 21 60
A D 2 8 0
A P 1 215 0
A P 2 203 0
J R 7 1976 28 2 3457 576 0
K 0 0 48
A D 2 8 0
A P 1 0 0
J B 0 2050 6 2 6913 576 0
K -13 0 82
K -6 0 84
E *
L 396 0 0 326 326 * 0 14 0
J D 0 -130 42 1 6913 0 0
W 0 0 31 Fag 1-2
J C 22 5 14 36 6913 0 0
J K -2 57 0 2 6913 0 0
K 0 42 65
K 13 21 65
J D 0 -27 -14 1 6913 0 0
W 0 0 0 \03\08\09
J D 0 112 0 1 1 0 0
W 0 -30 32 zu 2
J N 7 126 0 4 1 0 1 184
K 0 0 43
K 0 0 60
K 0 21 60
A D 2 8 0
A P 3 152 0
J N 6 201 14 3 2305 576 1 184
K 0 0 43
K 0 0 54
A D 1 8 0
A P 3 140 0
H 184 S 0 0 0 0 0 0 0 0 0
J R 6 258 28 2 3457 288 0
K 0 0 49
A D 1 8 0
A P 3 0 0
J N 7 306 -14 7 4609 288 1 185
K 0 0 45
K 0 0 43
K -1 0 45
K 2 0 45
K 0 0 60
K 0 21 60
A D 2 8 0
A P 3 163 0
J B 390 380 1 82 6913 576 0
J N 6 401 0 3 1 0 1 185
K 0 0 43
K 0 0 54
A D 1 8 0
A P 3 152 0
H 185 S 0 0 0 0 0 0 0 0 0
J R 6 449 28 2 1153 288 0
K 0 0 49
A D 1 8 0
A P 3 0 0
J N 7 497 -28 8 2305 288 1 186
K 0 14 45
K 0 0 45
K 0 0 43
K -1 0 45
K 2 0 45
K 0 0 60
K 0 28 60
A D 2 8 0
A P 3 174 0
J N 6 571 -14 6 4609 576 1 186
K 0 0 45
K 0 0 43
K -1 0 45
K 2 0 45
K 0 0 54
A D 1 8 0
A P 3 163 0
H 186 S 0 0 0 0 0 0 0 0 0
J R 6 619 28 2 5761 288 0
K 0 0 49
A D 1 8 0
A P 3 0 0
J B 391 669 1 82 6913 288 0
J N 8 690 42 10 1 0 0
K 0 -49 42
K 25 -49 44
K 0 0 42
K 24 -6 44
K 0 54 110
K 0 -49 60
K 0 -28 60
K 0 0 60
K 0 14 60
A D 6 8 0
A P 1 157 0
A P 2 117 0
J B 392 912 1 82 6913 1728 0
J N 8 933 -7 12 1 0 0
K 0 -7 45
K 0 -14 42
K 0 -7 45
K 1 -7 45
K 25 -14 44
K 0 0 42
K 25 0 44
K 0 91 110
K 0 -14 60
K 0 0 60
K 0 21 60
A D 6 8 0
A P 1 169 0
A P 2 157 0
J B 393 1155 1 82 6913 1728 0
J N 7 1176 -7 9 1 0 0
K 0 -7 45
K 0 -14 43
K 0 -7 45
K 1 -7 45
K 0 0 43
K 0 -14 60
K 0 0 60
K 0 21 60
A D 2 8 0
A P 1 169 0
A P 2 157 0
J N 7 1250 -7 9 2305 576 0
K 0 -7 45
K 0 -14 43
K 0 -7 45
K 1 -7 45
K 0 0 43
K 0 -14 60
K 0 0 60
K 0 21 60
A D 2 8 0
A P 1 169 0
A P 2 157 0
J N 7 1324 -7 9 4609 576 0
K 0 -7 45
K 0 -14 43
K 0 -7 45
K 1 -7 45
K 0 0 43
K 0 -14 60
K 0 0 60
K 0 21 60
A D 2 8 0
A P 1 169 0
A P 2 157 0
J B 394 1398 1 82 6913 576 0
J N 7 1419 -7 9 1 0 0
K 0 -7 45
K 0 -14 43
K 0 -7 45
K 1 -7 45
K 0 0 43
K 0 -14 60
K 0 0 60
K 0 21 60
A D 2 8 0
A P 1 169 0
A P 2 157 0
J R 7 1493 28 2 2305 576 0
K 0 0 48
A D 2 8 1
A P 1 0 1
J R 7 1567 28 2 4609 576 0
K 0 0 48
A D 2 8 0
A P 1 0 0
J B 395 1641 1 82 6913 576 0
J R 9 1687 28 2 1 0 0
K 0 0 46
A D 6 8 0
A P 3 0 0
J B 396 1761 1 82 6913 1728 0
J R 9 1807 28 2 1 0 0
K 0 0 46
A D 6 8 0
A P 3 0 0
J B 397 1881 1 82 6913 1728 0
J N 7 1902 42 9 1 0 0
K 0 -49 43
K 0 0 43
K 0 54 110
K 17 54 110
K 0 -49 60
K 0 -28 60
K 0 0 60
K 0 14 60
A D 2 8 0
A P 1 157 0
A P 2 117 0
J R 7 1976 28 2 3457 576 0
K 0 0 48
A D 2 8 0
A P 1 0 0
J B 0 2050 6 2 6913 576 0
K -13 0 82
K -6 0 84
E *
L 551 0 0 326 326 * 0 14 0
J D 0 -130 42 1 6913 0 0
W 0 -21 31 Cor 1-2
J D 0 -130 42 1 6913 0 0
W 0 21 31 (B\0.)
J C 4 5 42 2 6913 0 0
K 0 0 33
K 0 0 34
J K 0 57 0 0 6913 0 0
J D 0 -27 -14 1 6913 0 0
W 0 0 0 \03\08\09
J N 8 126 42 8 1 0 2 193 194
K 0 -28 42
K 24 -34 44
K 0 0 42
K 24 -6 44
K 0 -28 60
K 0 0 60
K 0 14 60
A D 6 8 1
A P 1 209 1
A P 2 186 1
J B 390 380 1 82 6913 1728 0
J N 8 401 42 8 1 0 2 193 194
K 0 -28 42
K 24 -34 44
K 0 0 42
K 24 -6 44
K 0 -28 60
K 0 0 60
K 0 14 60
A D 6 8 0
A P 1 209 0
A P 2 186 0
H 193 T 14 0 0 0 0 0 5 0
H 194 T 42 0 0 0 0 0 15 0
J B 391 669 1 82 6913 1728 0
J N 8 690 21 10 1 0 0
K 0 0 42
K 25 0 44
K 0 35 42
K 24 29 44
K 0 71 110
K 0 35 59
K 0 28 59
K 0 0 59
K 0 -14 59
A D 6 8 0
A P 1 203 0
A P 2 175 0
J B 392 912 1 82 6913 1728 0
J N 8 933 7 10 1 0 0
K 0 0 42
K 25 0 44
K 0 49 42
K 24 43 44
K 0 85 110
K 0 49 59
K 0 28 59
K 0 0 59
K 0 -14 59
A D 6 8 0
A P 1 215 0
A P 2 175 0
J B 393 1155 1 82 6913 1728 0
J N 7 1176 56 8 1 0 0
K 0 -63 43
K 0 0 43
K 0 -63 60
K 0 -35 60
K 0 -28 60
K 0 0 60
K 0 14 60
A D 2 8 0
A P 1 226 0
A P 2 175 0
J N 7 1250 56 8 2305 576 0
K 0 -63 43
K 0 0 43
K 0 -63 60
K 0 -35 60
K 0 -28 60
K 0 0 60
K 0 14 60
A D 2 8 0
A P 1 226 0
A P 2 175 0
J N 7 1324 56 8 4609 576 0
K 0 -63 43
K 0 0 43
K 0 -63 60
K 0 -35 60
K 0 -28 60
K 0 0 60
K 0 14 60
A D 2 8 0
A P 1 226 0
A P 2 175 0
J B 394 1398 1 82 6913 576 0
J N 7 1419 21 7 1 0 0
K 0 0 43
K 0 35 43
K 0 35 59
K 0 28 59
K 0 0 59
K 0 -14 59
A D 2 8 0
A P 1 203 0
A P 2 175 0
J N 7 1493 21 8 2305 576 0
K 0 0 43
K 0 35 43
K 0 68 108
K 0 35 59
K 0 28 59
K 0 0 59
K 0 -14 59
A D 2 8 0
A P 1 203 0
A P 2 175 0
J N 7 1567 21 7 4609 576 0
K 0 0 43
K 0 35 43
K 0 35 59
K 0 28 59
K 0 0 59
K 0 -14 59
A D 2 8 0
A P 1 203 0
A P 2 175 0
J B 395 1641 1 82 6913 576 0
J N 8 1662 21 9 1 0 0
K 0 0 42
K 25 0 44
K 0 35 42
K 24 29 44
K 0 35 59
K 0 28 59
K 0 0 59
K 0 -14 59
A D 6 8 0
A P 1 203 0
A P 2 175 0
J B 396 1761 1 82 6913 1728 0
J D 0 1771 0 1 1 0 0
W 0 114 36 cresc.
J N 8 1782 42 8 1 0 0
K 0 -28 42
K 24 -34 44
K 0 0 42
K 24 -6 44
K 0 -28 60
K 0 0 60
K 0 14 60
A D 6 8 0
A P 1 209 0
A P 2 186 0
J B 397 1881 1 82 6913 1728 0
J N 7 1902 21 9 1 0 0
K 0 0 43
K 0 35 43
K 0 75 110
K 17 75 110
K 0 35 59
K 0 28 59
K 0 0 59
K 0 -14 59
A D 2 8 0
A P 1 203 0
A P 2 175 0
J R 7 1976 28 2 3457 576 0
K 0 0 48
A D 2 8 0
A P 1 0 0
J B 0 2050 6 2 6913 576 0
K -13 0 82
K -6 0 84
E *
L 696 0 0 326 326 * 0 14 0
J D 0 -111 42 1 6913 0 0
W 0 -21 31 Tr 1-2
J D 0 -111 42 1 6913 0 0
W 0 21 31 (B\0.)
J C 4 5 42 2 6913 0 0
K 0 0 33
K 0 0 34
J K 0 57 0 0 6913 0 0
J D 0 -27 -14 1 6913 0 0
W 0 0 0 \03\08\09
J N 8 126 42 13 1 0 2 36 37
K 1 28 45
K 1 42 45
K 0 0 42
K 24 -6 44
K 0 49 42
K 0 42 45
K 1 42 45
K 25 49 44
K 0 49 59
K 0 28 59
K 0 0 59
K 0 -21 59
A D 3 4 1
A P 1 186 1
A P 2 146 1
J B 390 380 1 82 6913 1728 0
J N 8 401 42 11 1 0 2 36 37
K 1 28 45
K 1 42 45
K 0 0 42
K 0 49 42
K 0 42 45
K 1 42 45
K 0 49 59
K 0 28 59
K 0 0 59
K 0 -21 59
A D 2 4 0
A P 1 186 0
A P 2 146 0
H 36 T 42 0 0 0 0 0 7 0
H 37 T 91 0 0 0 0 0 9 0
J N 7 571 42 11 4609 1152 0
K 1 28 45
K 1 42 45
K 0 0 43
K 0 49 43
K 0 42 45
K 1 42 45
K 0 49 59
K 0 28 59
K 0 0 59
K 0 -21 59
A D 1 4 0
A P 1 186 0
A P 2 146 0
J B 391 669 1 82 6913 576 0
J N 8 690 21 13 1 0 0
K 1 49 45
K 0 0 42
K 25 0 44
K 0 49 42
K -1 49 45
K 2 49 45
K 24 43 44
K 0 85 110
K 0 49 59
K 0 28 59
K 0 0 59
K 0 -14 59
A D 3 4 0
A P 1 203 0
A P 2 163 0
J B 392 912 1 82 6913 1728 0
J N 8 933 21 13 1 0 0
K 1 49 45
K 0 0 42
K 25 0 44
K 0 49 42
K -1 49 45
K 2 49 45
K 24 43 44
K 0 85 110
K 0 49 59
K 0 28 59
K 0 0 59
K 0 -14 59
A D 3 4 0
A P 1 203 0
A P 2 163 0
J B 393 1155 1 82 6913 1728 0
J N 7 1176 21 10 1 0 0
K 1 49 45
K 0 0 43
K 0 49 43
K -1 49 45
K 2 49 45
K 0 49 59
K 0 28 59
K 0 0 59
K 0 -14 59
A D 1 4 0
A P 1 203 0
A P 2 163 0
J N 7 1250 21 10 2305 576 0
K 1 49 45
K 0 0 43
K 0 49 43
K -1 49 45
K 2 49 45
K 0 49 59
K 0 28 59
K 0 0 59
K 0 -14 59
A D 1 4 0
A P 1 203 0
A P 2 163 0
J N 7 1324 21 10 4609 576 0
K 1 49 45
K 0 0 43
K 0 49 43
K -1 49 45
K 2 49 45
K 0 49 59
K 0 28 59
K 0 0 59
K 0 -14 59
A D 1 4 0
A P 1 203 0
A P 2 163 0
J B 394 1398 1 82 6913 576 0
J N 7 1419 21 10 1 0 0
K 1 49 45
K 0 0 43
K 0 49 43
K -1 49 45
K 2 49 45
K 0 49 59
K 0 28 59
K 0 0 59
K 0 -14 59
A D 1 4 0
A P 1 203 0
A P 2 163 0
J R 7 1493 28 2 2305 576 0
K 0 0 48
A D 1 4 1
A P 1 0 1
J R 7 1567 28 2 4609 576 0
K 0 0 48
A D 1 4 0
A P 1 0 0
J B 395 1641 1 82 6913 576 0
J R 9 1687 28 2 1 0 0
K 0 0 46
A D 3 4 0
A P 3 0 0
J B 396 1761 1 82 6913 1728 0
J R 9 1807 28 2 1 0 0
K 0 0 46
A D 3 4 0
A P 3 0 0
J B 397 1881 1 82 6913 1728 0
J N 7 1902 21 12 1 0 0
K 1 49 45
K 0 0 43
K 0 49 43
K -1 49 45
K 2 49 45
K 0 85 110
K 17 85 110
K 0 49 59
K 0 28 59
K 0 0 59
K 0 -14 59
A D 1 4 0
A P 1 203 0
A P 2 163 0
J R 7 1976 28 2 3457 576 0
K 0 0 48
A D 1 4 0
A P 1 0 0
J B 0 2050 6 2 6913 576 0
K -13 0 82
K -6 0 84
E *
L 836 0 0 326 326 * 0 14 0
J D 0 -111 42 1 6913 0 0
W 0 -21 31 Timp.
J D 0 -111 42 1 6913 0 0
W 0 21 31 (B\0.-F)
J C 22 5 14 36 6913 0 0
J K 0 57 0 0 6913 0 0
J D 0 -27 -14 1 6913 0 0
W 0 0 0 \03\08\09
J N 7 126 63 4 1 0 0
K 0 0 43
K 0 0 59
K 0 -21 59
A D 1 4 0
A P 1 100 0
J R 7 201 28 2 2305 576 0
K 0 0 48
A D 1 4 1
A P 1 0 1
J R 7 306 28 2 4609 576 0
K 0 0 48
A D 1 4 0
A P 1 0 0
J B 390 380 1 82 6913 576 0
J R 7 401 28 2 1 0 0
K 0 0 48
A D 1 4 1
A P 1 0 1
J R 7 497 28 2 2305 576 0
K 0 0 48
A D 1 4 0
A P 1 0 0
J N 7 571 63 4 4609 576 0
K 0 0 43
K 0 0 59
K 0 -21 59
A D 1 4 0
A P 1 100 0
J B 391 669 1 82 6913 576 0
J N 7 690 42 5 1 0 0
K 0 0 43
K 0 44 110
K 0 0 59
K 0 -21 59
A D 1 4 0
A P 1 117 0
J R 7 764 28 2 2305 576 0
K 0 0 48
A D 1 4 1
A P 1 0 1
J R 7 838 28 2 4609 576 0
K 0 0 48
A D 1 4 0
A P 1 0 0
J B 392 912 1 82 6913 576 0
J N 7 933 42 5 1 0 0
K 0 0 43
K 0 44 110
K 0 0 59
K 0 -21 59
A D 1 4 0
A P 1 117 0
J R 7 1007 28 2 2305 576 0
K 0 0 48
A D 1 4 1
A P 1 0 1
J R 7 1081 28 2 4609 576 0
K 0 0 48
A D 1 4 0
A P 1 0 0
J B 393 1155 1 82 6913 576 0
J N 7 1176 42 4 1 0 0
K 0 0 43
K 0 0 59
K 0 -21 59
A D 1 4 0
A P 1 117 0
J N 7 1250 42 4 2305 576 0
K 0 0 43
K 0 0 59
K 0 -21 59
A D 1 4 0
A P 1 117 0
J N 7 1324 42 4 4609 576 0
K 0 0 43
K 0 0 59
K 0 -21 59
A D 1 4 0
A P 1 117 0
J B 394 1398 1 82 6913 576 0
J N 7 1419 42 4 1 0 0
K 0 0 43
K 0 0 59
K 0 -21 59
A D 1 4 0
A P 1 117 0
J R 7 1493 28 2 2305 576 0
K 0 0 48
A D 1 4 1
A P 1 0 1
J R 7 1567 28 2 4609 576 0
K 0 0 48
A D 1 4 0
A P 1 0 0
J B 395 1641 1 82 6913 576 0
J R 9 1687 28 2 1 0 0
K 0 0 46
A D 3 4 0
A P 1 0 0
J B 396 1761 1 82 6913 1728 0
J R 9 1807 28 2 1 0 0
K 0 0 46
A D 3 4 0
A P 1 0 0
J B 397 1881 1 82 6913 1728 0
J N 7 1902 42 6 1 0 0
K 0 0 43
K 0 44 110
K 17 44 110
K 0 0 59
K 0 -21 59
A D 1 4 0
A P 1 117 0
J R 7 1976 28 2 3457 576 0
K 0 0 48
A D 1 4 0
A P 1 0 0
J B 0 2050 6 2 6913 576 0
K -13 0 82
K -6 0 84
E *
L 988 0 0 326 326 * 0 14 0
J D 0 -119 42 1 6913 0 0
W 0 0 31 Vln 1
J C 4 5 42 2 6913 0 0
K 0 0 33
K 0 0 34
J K -2 57 0 2 6913 0 0
K 0 28 65
K 13 7 65
J D 0 -27 -14 1 6913 0 0
W 0 0 0 \03\08\09
J N 7 126 -14 7 1 0 1 252
K 0 0 45
K 0 0 43
K -1 0 45
K 2 0 45
K 0 0 60
K 0 21 60
A D 2 8 0
A P 1 232 0
J N 6 201 0 3 2305 576 1 252
K 0 0 43
K 0 0 54
A D 1 8 0
A P 1 220 0
H 252 S 0 0 0 0 0 0 0 0 0
J R 6 258 28 2 3457 288 0
K 0 0 49
A D 1 8 0
A P 1 0 0
J N 7 306 -28 8 4609 288 1 253
K 0 14 45
K 0 0 45
K 0 0 43
K -1 0 45
K 2 0 45
K 0 0 60
K 0 28 60
A D 2 8 0
A P 1 243 0
J B 390 380 1 82 6913 576 0
J N 6 401 -14 6 1 0 1 253
K 0 0 45
K 0 0 43
K -1 0 45
K 2 0 45
K 0 0 54
A D 1 8 0
A P 1 232 0
H 253 S 0 0 0 0 0 0 0 0 0
J R 6 449 28 2 1153 288 0
K 0 0 49
A D 1 8 0
A P 1 0 0
J N 7 497 -42 10 2305 288 1 254
K 0 28 45
K 0 14 45
K 0 0 45
K 0 0 43
K -1 0 45
K 2 0 45
K 0 0 60
K 0 28 60
K 0 42 60
A D 2 8 0
A P 1 254 0
J N 6 571 -28 8 4609 576 1 254
K 0 14 45
K 0 0 45
K 0 0 43
K -1 0 45
K 2 0 45
K 0 0 60
K 0 7 54
A D 1 8 0
A P 1 243 0
H 254 S 0 0 0 0 0 0 0 0 0
J R 6 619 28 2 5761 288 0
K 0 0 49
A D 1 8 0
A P 1 0 0
J B 391 669 1 82 6913 288 0
J N 8 690 14 13 1 0 0
K 0 -28 45
K 0 -35 42
K 0 -28 45
K 1 -28 45
K 25 -35 44
K 0 0 42
K 24 -6 44
K 0 77 110
K 0 -35 60
K 0 -28 60
K 0 0 60
K 0 21 60
A D 6 8 0
A P 1 237 0
A P 1 209 0
J B 392 912 1 82 6913 1728 0
J N 8 933 14 14 1 0 0
K 0 -28 45
K 0 -42 45
K 0 -49 42
K 0 -42 45
K 1 -42 45
K 25 -49 44
K 0 0 42
K 24 -6 44
K 0 77 110
K 0 -49 60
K 0 -28 60
K 0 0 60
K 0 21 60
A D 6 8 0
A P 1 249 0
A P 1 209 0
J B 393 1155 1 82 6913 1728 0
J N 7 1176 -49 10 1 0 0
K 0 35 45
K 0 21 45
K 0 7 45
K 0 0 43
K 0 7 45
K 1 7 45
K 0 0 60
K 0 28 60
K 0 49 60
A D 2 8 0
A P 1 260 0
J N 7 1250 -49 10 2305 576 0
K 0 35 45
K 0 21 45
K 0 7 45
K 0 0 43
K 0 7 45
K 1 7 45
K 0 0 60
K 0 28 60
K 0 49 60
A D 2 8 0
A P 1 260 0
J N 7 1324 -49 10 4609 576 0
K 0 35 45
K 0 21 45
K 0 7 45
K 0 0 43
K 0 7 45
K 1 7 45
K 0 0 60
K 0 28 60
K 0 49 60
A D 2 8 0
A P 1 260 0
J B 394 1398 1 82 6913 576 0
J N 7 1419 -21 7 1 0 0
K 0 7 45
K 0 0 43
K 0 7 45
K 1 7 45
K 0 0 60
K 0 21 60
A D 2 8 0
A P 1 237 0
J R 7 1493 28 2 2305 576 0
K 0 0 48
A D 2 8 1
A P 1 0 1
J R 7 1567 28 2 4609 576 0
K 0 0 48
A D 2 8 0
A P 1 0 0
J B 395 1641 1 82 6913 576 0
J R 9 1687 28 2 1 0 0
K 0 0 46
A D 6 8 0
A P 1 0 0
J B 396 1761 1 82 6913 1728 0
J R 9 1807 28 2 1 0 0
K 0 0 46
A D 6 8 0
A P 1 0 0
J B 397 1881 1 82 6913 1728 0
J N 7 1902 63 14 1 0 0
K 0 -77 45
K 0 -84 43
K 0 -77 45
K 1 -77 45
K 0 -35 43
K 0 0 43
K 4 49 110
K 21 49 110
K 0 -84 60
K 0 -56 60
K 0 -28 60
K 0 0 60
K 0 14 60
A D 2 8 0
A P 1 237 0
A P 1 197 0
A P 1 169 0
J R 7 1976 28 2 3457 576 0
K 0 0 48
A D 2 8 0
A P 1 0 0
J B 0 2050 6 2 6913 576 0
K -13 0 82
K -6 0 84
E *
L 1120 0 0 326 326 * 0 14 0
J D 0 -119 42 1 6913 0 0
W 0 0 31 Vln 2
J C 4 5 42 2 6913 0 0
K 0 0 33
K 0 0 34
J K -2 57 0 2 6913 0 0
K 0 28 65
K 13 7 65
J D 0 -27 -14 1 6913 0 0
W 0 0 0 \03\08\09
J N 8 126 35 7 1 0 0
K 0 0 42
K 25 0 44
K 0 -17 59
K 0 0 59
K 0 -16 59
K 0 -35 125
A D 6 8 0
A P 1 192 0
J B 390 380 1 82 6913 1728 0
J N 8 401 35 7 1 0 0
K 0 0 42
K 25 0 44
K 0 -17 59
K 0 0 59
K 0 -16 59
K 0 -35 125
A D 6 8 0
A P 1 192 0
J B 391 669 1 82 6913 1728 0
J N 8 690 28 10 1 0 0
K 0 0 42
K 24 -6 44
K 0 35 42
K 25 35 44
K 0 70 110
K 0 35 59
K 0 28 59
K 0 0 59
K 0 -14 59
A D 6 8 0
A P 1 197 0
A P 1 169 0
J B 392 912 1 82 6913 1728 0
J N 8 933 14 10 1 0 0
K 0 0 42
K 24 -6 44
K 0 49 42
K 25 49 44
K 0 84 110
K 0 49 59
K 0 28 59
K 0 0 59
K 0 -14 59
A D 6 8 0
A P 1 209 0
A P 1 169 0
J B 393 1155 1 82 6913 1728 0
J N 7 1176 0 8 1 0 0
K 0 0 43
K 0 63 43
K 0 63 59
K 0 35 59
K 0 28 59
K 0 0 59
K 0 -14 59
A D 2 8 0
A P 1 220 0
A P 1 169 0
J N 7 1250 0 8 2305 576 0
K 0 0 43
K 0 63 43
K 0 63 59
K 0 35 59
K 0 28 59
K 0 0 59
K 0 -14 59
A D 2 8 0
A P 1 220 0
A P 1 169 0
J N 7 1324 0 8 4609 576 0
K 0 0 43
K 0 63 43
K 0 63 59
K 0 35 59
K 0 28 59
K 0 0 59
K 0 -14 59
A D 2 8 0
A P 1 220 0
A P 1 169 0
J B 394 1398 1 82 6913 576 0
J N 7 1419 28 7 1 0 0
K 0 0 43
K 0 35 43
K 0 35 59
K 0 28 59
K 0 0 59
K 0 -14 59
A D 2 8 0
A P 1 197 0
A P 1 169 0
J R 7 1493 28 2 2305 576 0
K 0 0 48
A D 2 8 1
A P 1 0 1
J R 7 1567 28 2 4609 576 0
K 0 0 48
A D 2 8 0
A P 1 0 0
J B 395 1641 1 82 6913 576 0
J R 9 1687 28 2 1 10000 0
K 0 0 46
A D 6 8 0
A P 1 0 0
J B 396 1761 1 82 6913 1728 0
J R 9 1807 28 2 1 10000 0
K 0 0 46
A D 6 8 0
A P 1 0 0
J B 397 1881 1 82 6913 1728 0
J N 7 1902 28 9 1 0 0
K 0 0 43
K 0 35 43
K 0 70 110
K 17 70 110
K 0 35 59
K 0 28 59
K 0 0 59
K 0 -14 59
A D 2 8 0
A P 1 197 0
A P 1 169 0
J R 7 1976 28 2 3457 576 0
K 0 0 48
A D 2 8 0
A P 1 0 0
J B 0 2050 6 2 6913 576 0
K -13 0 82
K -6 0 84
E *
L 1252 0 0 326 326 * 0 14 0
J D 0 -86 42 1 6913 0 0
W 0 0 31 Vla
J C 13 5 28 35 6913 0 0
J K -2 57 0 2 6913 0 0
K 0 35 65
K 13 14 65
J D 0 -27 -14 1 6913 0 0
W 0 0 0 \03\08\09
J N 8 126 28 9 1 0 0
K 0 -14 42
K 24 -20 44
K 0 0 42
K 24 -6 44
K 0 -14 60
K 0 0 60
K 0 23 60
K -17 42 125
A D 6 8 0
A P 1 174 0
A P 1 163 0
J B 390 380 1 82 6913 1728 0
J N 8 401 28 9 1 0 0
K 0 -14 42
K 24 -20 44
K 0 0 42
K 24 -6 44
K 0 -14 60
K 0 0 60
K 0 23 60
K -17 42 125
A D 6 8 0
A P 1 174 0
A P 1 163 0
J B 391 669 1 82 6913 1728 0
J N 8 690 35 9 1 0 0
K 0 -14 42
K 25 -14 44
K 0 0 42
K 25 0 44
K 0 61 110
K 0 -14 60
K 0 0 60
K 0 14 60
A D 6 8 0
A P 1 169 0
A P 1 157 0
J B 392 912 1 82 6913 1728 0
J N 8 933 35 9 1 0 0
K 0 -14 42
K 25 -14 44
K 0 0 42
K 25 0 44
K 0 61 110
K 0 -14 60
K 0 0 60
K 0 14 60
A D 6 8 0
A P 1 169 0
A P 1 157 0
J B 393 1155 1 82 6913 1728 0
J N 7 1176 35 6 1 0 0
K 0 -14 43
K 0 0 43
K 0 -14 60
K 0 0 60
K 0 14 60
A D 2 8 0
A P 1 169 0
A P 1 157 0
J N 7 1250 35 6 2305 576 0
K 0 -14 43
K 0 0 43
K 0 -14 60
K 0 0 60
K 0 14 60
A D 2 8 0
A P 1 169 0
A P 1 157 0
J N 7 1324 35 6 4609 576 0
K 0 -14 43
K 0 0 43
K 0 -14 60
K 0 0 60
K 0 14 60
A D 2 8 0
A P 1 169 0
A P 1 157 0
J B 394 1398 1 82 6913 576 0
J N 7 1419 35 6 1 0 0
K 0 -14 43
K 0 0 43
K 0 -14 60
K 0 0 60
K 0 14 60
A D 2 8 0
A P 1 169 0
A P 1 157 0
J R 7 1493 28 2 2305 576 0
K 0 0 48
A D 2 8 1
A P 1 0 1
J R 7 1567 28 2 4609 576 0
K 0 0 48
A D 2 8 0
A P 1 0 0
J B 395 1641 1 82 6913 576 0
J R 9 1687 28 2 1 10000 0
K 0 0 46
A D 6 8 0
A P 1 0 0
J B 396 1761 1 82 6913 1728 0
J R 9 1807 28 2 1 10000 0
K 0 0 46
A D 6 8 0
A P 1 0 0
J B 397 1881 1 82 6913 1728 0
J N 7 1902 35 6 1 0 0
K 0 0 43
K 0 51 110
K 17 51 110
K 0 0 59
K 0 -21 59
A D 2 8 0
A P 1 157 0
J R 7 1976 28 2 3457 576 0
K 0 0 48
A D 2 8 0
A P 1 0 0
J B 0 2050 6 2 6913 576 0
K -13 0 82
K -6 0 84
E *
L 1387 0 0 326 326 * 0 14 0
J D 0 -67 42 1 6913 0 0
W 0 -21 31 Vc
J D 0 -67 42 1 6913 0 0
W 0 21 31 Cb
J C 22 5 14 36 6913 0 0
J K -2 57 0 2 6913 0 0
K 0 42 65
K 13 21 65
J D 0 -27 -14 1 6913 0 0
W 0 0 0 \03\08\09
J N 8 126 63 5 1 0 1 102
K 0 0 42
K 25 0 44
K 0 0 59
K 0 -21 59
A D 6 8 1
A P 1 100 1
J B 390 380 1 82 6913 1728 0
J N 8 401 63 4 1 0 1 102
K 0 0 42
K 0 0 59
K 0 -21 59
A D 4 8 0
A P 1 100 0
H 102 T 63 0 0 0 0 0 9 0
J N 7 571 63 4 4609 1152 0
K 0 0 43
K 0 0 59
K 0 -21 59
A D 2 8 0
A P 1 100 0
J B 391 669 1 82 6913 576 0
J N 8 690 42 6 1 0 0
K 0 0 42
K 24 -6 44
K 0 44 110
K 0 0 59
K 0 -21 59
A D 6 8 0
A P 1 117 0
J B 392 912 1 82 6913 1728 0
J N 8 933 42 6 1 0 0
K 0 0 42
K 24 -6 44
K 0 44 110
K 0 0 59
K 0 -21 59
A D 6 8 0
A P 1 117 0
J B 393 1155 1 82 6913 1728 0
J N 7 1176 42 4 1 0 0
K 0 0 43
K 0 0 59
K 0 -21 59
A D 2 8 0
A P 1 117 0
J N 7 1250 42 4 2305 576 0
K 0 0 43
K 0 0 59
K 0 -21 59
A D 2 8 0
A P 1 117 0
J N 7 1324 42 4 4609 576 0
K 0 0 43
K 0 0 59
K 0 -21 59
A D 2 8 0
A P 1 117 0
J B 394 1398 1 82 6913 576 0
J N 7 1419 42 4 1 0 0
K 0 0 43
K 0 0 59
K 0 -21 59
A D 2 8 0
A P 1 117 0
J R 7 1493 28 2 2305 576 0
K 0 0 48
A D 2 8 1
A P 1 0 1
J R 7 1567 28 2 4609 576 0
K 0 0 48
A D 2 8 0
A P 1 0 0
J B 395 1641 1 82 6913 576 0
J R 9 1687 28 2 1 10000 0
K 0 0 46
A D 6 8 0
A P 1 0 0
J B 396 1761 1 82 6913 1728 0
J R 9 1807 28 2 1 10000 0
K 0 0 46
A D 6 8 0
A P 1 0 0
J B 397 1881 1 82 6913 1728 0
J N 7 1902 42 6 1 0 0
K 0 0 43
K 0 44 110
K 17 44 110
K 0 0 59
K 0 -21 59
A D 2 8 0
A P 1 117 0
J R 7 1976 28 2 3457 576 0
K 0 0 48
A D 2 8 0
A P 1 0 0
J B 0 2050 6 2 6913 576 0
K -13 0 82
K -6 0 84
E *
B 1 380 0
B 1 669 0
B 1 912 0
B 1 1155 0
B 1 1398 0
B 1 1641 0
B 1 1761 0
B 1 1881 0
B 6 2050 0
