S 0 200 140 2050 1443 11 "[....][..](.)[{..}..]"
L 0 0 0 326 326 * 0 14 0
J D 0 -58 42 1 6913 0 0
W 0 0 31 Fl
J C 4 5 42 2 6913 0 0
K 0 0 33
K 0 0 34
J K -2 57 0 2 6913 0 0
K 0 28 65
K 13 7 65
J D 0 -27 -14 1 6913 0 0
W 0 0 37 \02\07\01
J N 9 132 -35 13 1 0 1 75
K 0 21 45
K 6 21 45
K 0 7 45
K 6 7 45
K -15 0 65
K 0 0 41
K 0 7 45
K 1 7 45
K 5 7 45
K 6 7 45
K 0 120 110
K 17 120 110
A D 48 48 1
A P 1 248 1
J B 272 304 1 82 6913 2304 0
J N 9 328 -35 11 1 0 1 75
K 0 21 45
K 6 21 45
K 0 7 45
K 6 7 45
k -15 0 65
K 0 0 41
K 0 7 45
K 1 7 45
K 5 7 45
K 6 7 45
A D 48 48 0
A P 1 248 0
H 75 T -35 0 0 0 0 0 1 0
J B 273 532 1 82 6913 2304 0
J N 9 559 -35 11 1 0 0
K 0 21 45
K 6 21 45
K 0 7 45
K 6 7 45
K -15 0 65
K 0 0 41
K 0 7 45
K 1 7 45
K 5 7 45
K 6 7 45
A D 48 48 0
A P 1 248 0
J B 274 763 1 82 6913 2304 0
J N 7 790 -35 10 1 0 0
K 0 21 45
K 0 7 45
K -15 0 65
K 0 0 43
K 0 7 45
K 1 7 45
K 0 0 60
K 0 28 60
K 0 35 60
A D 12 48 0
A P 1 248 0
J R 7 832 28 2 1729 576 0
K 0 0 48
A D 12 48 0
A P 1 0 0
J N 7 920 -35 9 3457 576 0
K 0 21 45
K 0 7 45
K 0 0 43
K 0 7 45
K 1 7 45
K 0 0 60
K 0 28 60
K 0 35 60
A D 12 48 0
A P 1 248 0
J R 7 962 28 2 5185 576 0
K 0 0 48
A D 12 48 0
A P 1 0 0
J B 275 1055 1 82 6913 576 0
J D 0 1082 0 1 1 0 0
W 0 93 33 sempre !1|f
J N 7 1082 -35 10 1 0 0
K 0 21 45
K 0 7 45
K -15 0 65
K 0 0 43
K 0 7 45
K 1 7 45
K 0 0 60
K 0 28 60
K 0 35 60
A D 12 48 0
A P 1 248 0
J R 7 1124 28 2 1729 576 0
K 0 0 48
A D 12 48 1
A P 1 0 1
J R 8 1166 28 2 3457 576 0
K 0 0 47
A D 24 48 0
A P 1 0 0
J B 276 1254 1 82 6913 1152 0
J N 7 1281 -35 10 1 0 0
K 0 21 45
K 0 7 45
K -15 0 65
K 0 0 43
K 0 7 45
K 1 7 45
K 0 0 60
K 0 28 60
K 0 35 60
A D 12 48 0
A P 1 248 0
J R 7 1323 28 2 1729 576 0
K 0 0 48
A D 12 48 1
A P 1 0 1
J R 8 1365 28 2 3457 576 0
K 0 0 47
A D 24 48 0
A P 1 0 0
J B 277 1453 1 82 6913 1152 0
J N 7 1480 -35 10 1 0 0
K 0 21 45
K 0 7 45
K -15 0 65
K 0 0 43
K 0 7 45
K 1 7 45
K 0 0 60
K 0 28 60
K 0 35 60
A D 12 48 0
A P 1 248 0
J R 7 1522 28 2 1729 576 0
K 0 0 48
A D 12 48 1
A P 1 0 1
J R 8 1564 28 2 3457 576 0
K 0 0 47
A D 24 48 0
A P 1 0 0
J B 278 1652 1 82 6913 1152 0
J N 7 1679 -35 10 1 0 0
K 0 21 45
K 0 7 45
K -15 0 65
K 0 0 43
K 0 7 45
K 1 7 45
K 0 0 60
K 0 28 60
K 0 35 60
A D 12 48 0
A P 1 248 0
J R 7 1721 28 2 1729 576 0
K 0 0 48
A D 12 48 1
A P 1 0 1
J R 8 1763 28 2 3457 576 0
K 0 0 47
A D 24 48 0
A P 1 0 0
J B 279 1851 1 82 6913 1152 0
J N 7 1878 -35 10 1 0 0
K 0 21 45
K 0 7 45
K -15 0 65
K 0 0 43
K 0 7 45
K 1 7 45
K 0 0 60
K 0 28 60
K 0 35 60
A D 12 48 0
A P 1 248 0
J R 7 1920 28 2 1729 576 0
K 0 0 48
A D 12 48 1
A P 1 0 1
J R 8 1962 28 2 3457 576 0
K 0 0 47
A D 24 48 0
A P 1 0 0
J B 280 2050 1 82 6913 1152 0
E *
L 132 0 0 326 326 * 0 14 0
J D 0 -119 42 1 6913 0 0
W 0 0 31 Ob 1-2
J C 4 5 42 2 6913 0 0
K 0 0 33
K 0 0 34
J K -2 57 0 2 6913 0 0
K 0 28 65
K 13 7 65
J D 0 -27 -14 1 6913 0 0
W 0 0 0 \02\07\01
J N 9 132 -21 11 1 0 1 84
K 1 7 45
K 7 7 45
K -15 0 65
K 0 0 41
K 0 7 45
K 1 7 45
K 5 7 45
K 6 7 45
K 0 106 110
K 17 106 110
A D 16 16 1
A P 1 237 1
J N 9 132 14 3 1 0 1 85
K -15 0 65
K 0 0 41
A D 16 16 1
A P 2 208 1
J B 272 304 1 82 6913 2304 0
J N 9 328 -21 8 1 0 1 84
K 1 7 45
K 7 7 45
K 0 0 41
K 0 7 45
K 1 7 45
K 5 7 45
K 6 7 45
A D 16 16 0
A P 1 237 0
H 84 T -21 0 0 0 0 0 3 0
J N 9 328 14 3 1 0 1 85
k -15 0 65
K 0 0 41
A D 16 16 0
A P 2 208 0
H 85 T 14 0 0 0 0 0 15 0
J B 273 532 1 82 6913 2304 0
J N 9 559 -21 8 1 0 0
K 1 7 45
K 7 7 45
K 0 0 41
K 0 7 45
K 1 7 45
K 5 7 45
K 6 7 45
A D 16 16 0
A P 1 237 0
J N 9 559 14 3 1 0 0
K -15 0 65
K 0 0 41
A D 16 16 0
A P 2 208 0
J B 274 763 1 82 6913 2304 0
J N 7 790 14 11 1 0 0
K 0 -28 45
K -15 0 65
K 0 -35 43
K 0 -28 45
K 1 -28 45
K 0 0 43
K 0 -35 60
K 0 -28 60
K 0 0 60
K 0 21 60
A D 4 16 0
A P 1 237 0
A P 2 208 0
J R 7 832 28 2 1729 576 0
K 0 0 48
A D 4 16 0
A P 1 0 0
J N 7 920 14 10 3457 576 0
K 0 -28 45
K 0 -35 43
K 0 -28 45
K 1 -28 45
K 0 0 43
K 0 -35 60
K 0 -28 60
K 0 0 60
K 0 21 60
A D 4 16 0
A P 1 237 0
A P 2 208 0
J R 7 962 28 2 5185 576 0
K 0 0 48
A D 4 16 0
A P 1 0 0
J B 275 1055 1 82 6913 576 0
J D 0 1079 0 1 1 0 0
W 0 98 33 sempre !1|f
J N 7 1082 14 11 1 0 0
K 0 -28 45
K -15 0 65
K 0 -35 43
K 0 -28 45
K 1 -28 45
K 0 0 43
K 0 -35 60
K 0 -28 60
K 0 0 60
K 0 21 60
A D 4 16 0
A P 1 237 0
A P 2 208 0
J R 7 1124 28 2 1729 576 0
K 0 0 48
A D 4 16 1
A P 1 0 1
J R 8 1166 28 2 3457 576 0
K 0 0 47
A D 8 16 0
A P 1 0 0
J B 276 1254 1 82 6913 1152 0
J N 7 1281 14 11 1 0 0
K 0 -28 45
K -15 0 65
K 0 -35 43
K 0 -28 45
K 1 -28 45
K 0 0 43
K 0 -35 60
K 0 -28 60
K 0 0 60
K 0 21 60
A D 4 16 0
A P 1 237 0
A P 2 208 0
J R 7 1323 28 2 1729 576 0
K 0 0 48
A D 4 16 1
A P 1 0 1
J R 8 1365 28 2 3457 576 0
K 0 0 47
A D 8 16 0
A P 1 0 0
J B 277 1453 1 82 6913 1152 0
J N 7 1480 14 11 1 0 0
K 0 -28 45
K -15 0 65
K 0 -35 43
K 0 -28 45
K 1 -28 45
K 0 0 43
K 0 -35 60
K 0 -28 60
K 0 0 60
K 0 21 60
A D 4 16 0
A P 1 237 0
A P 2 208 0
J R 7 1522 28 2 1729 576 0
K 0 0 48
A D 4 16 1
A P 1 0 1
J R 8 1564 28 2 3457 576 0
K 0 0 47
A D 8 16 0
A P 1 0 0
J B 278 1652 1 82 6913 1152 0
J N 7 1679 14 11 1 0 0
K 0 -28 45
K -15 0 65
K 0 -35 43
K 0 -28 45
K 1 -28 45
K 0 0 43
K 0 -35 60
K 0 -28 60
K 0 0 60
K 0 21 60
A D 4 16 0
A P 1 237 0
A P 2 208 0
J R 7 1721 28 2 1729 576 0
K 0 0 48
A D 4 16 1
A P 1 0 1
J R 8 1763 28 2 3457 576 0
K 0 0 47
A D 8 16 0
A P 1 0 0
J B 279 1851 1 82 6913 1152 0
J N 7 1878 14 11 1 0 0
K 0 -28 45
K -15 0 65
K 0 -35 43
K 0 -28 45
K 1 -28 45
K 0 0 43
K 0 -35 60
K 0 -28 60
K 0 0 60
K 0 21 60
A D 4 16 0
A P 1 237 0
A P 2 208 0
J R 7 1920 28 2 1729 576 0
K 0 0 48
A D 4 16 1
A P 1 0 1
J R 8 1962 28 2 3457 576 0
K 0 0 47
A D 8 16 0
A P 1 0 0
J B 280 2050 1 82 6913 1152 0
E *
L 264 0 0 326 326 * 0 14 0
J D 0 -110 42 1 6913 0 0
W 0 -21 31 Cl 1-2
J D 0 -110 42 1 6913 0 0
W 8 21 31 (B\0.)
J C 4 5 42 2 6913 0 0
K 0 0 33
K 0 0 34
J K 0 57 0 0 6913 0 0
J D 0 -27 -14 1 6913 0 0
W 0 0 0 \02\07\01
J N 9 132 0 5 1 0 1 118
K -18 0 63
K 0 0 41
K 0 88 110
K 17 88 110
A D 16 16 1
A P 1 221 1
J N 9 132 35 2 1 0 1 119
K 0 0 41
A D 16 16 1
A P 2 192 1
J B 272 304 1 82 6913 2304 0
J N 9 328 0 3 1 0 1 118
k -18 0 63
K 0 0 41
A D 16 16 0
A P 1 221 0
H 118 T 0 0 0 0 0 0 7 0
J N 9 328 35 2 1 0 1 119
K 0 0 41
A D 16 16 0
A P 2 192 0
H 119 T 35 0 0 0 0 0 11 0
J B 273 532 1 82 6913 2304 0
J N 9 559 0 3 1 0 0
K -18 0 63
K 0 0 41
A D 16 16 0
A P 1 221 0
J N 9 559 35 2 1 0 0
K 0 0 41
A D 16 16 0
A P 2 192 0
J B 274 763 1 82 6913 2304 0
J N 7 790 35 8 1 0 0
K -18 -35 63
K 0 -35 43
K 0 0 43
K 0 -35 60
K 0 -28 60
K 0 0 60
K 0 14 60
A D 4 16 0
A P 1 221 0
A P 2 192 0
J R 7 832 28 2 1729 576 0
K 0 0 48
A D 4 16 0
A P 1 0 0
J N 7 920 35 7 3457 576 0
K 0 -35 43
K 0 0 43
K 0 -35 60
K 0 -28 60
K 0 0 60
K 0 14 60
A D 4 16 0
A P 1 221 0
A P 2 192 0
J R 7 962 28 2 5185 576 0
K 0 0 48
A D 4 16 0
A P 1 0 0
J B 275 1055 1 82 6913 576 0
J D 0 1076 0 1 1 0 0
W 0 99 33 sempre !1|f
J N 7 1082 35 8 1 0 0
K -18 -35 63
K 0 -35 43
K 0 0 43
K 0 -35 60
K 0 -28 60
K 0 0 60
K 0 14 60
A D 4 16 0
A P 1 221 0
A P 2 192 0
J R 7 1124 28 2 1729 576 0
K 0 0 48
A D 4 16 1
A P 1 0 1
J R 8 1166 28 2 3457 576 0
K 0 0 47
A D 8 16 0
A P 1 0 0
J B 276 1254 1 82 6913 1152 0
J N 7 1281 35 8 1 0 0
K -18 -35 63
K 0 -35 43
K 0 0 43
K 0 -35 60
K 0 -28 60
K 0 0 60
K 0 14 60
A D 4 16 0
A P 1 221 0
A P 2 192 0
J R 7 1323 28 2 1729 576 0
K 0 0 48
A D 4 16 1
A P 1 0 1
J R 8 1365 28 2 3457 576 0
K 0 0 47
A D 8 16 0
A P 1 0 0
J B 277 1453 1 82 6913 1152 0
J N 7 1480 35 8 1 0 0
K -18 -35 63
K 0 -35 43
K 0 0 43
K 0 -35 60
K 0 -28 60
K 0 0 60
K 0 14 60
A D 4 16 0
A P 1 221 0
A P 2 192 0
J R 7 1522 28 2 1729 576 0
K 0 0 48
A D 4 16 1
A P 1 0 1
J R 8 1564 28 2 3457 576 0
K 0 0 47
A D 8 16 0
A P 1 0 0
J B 278 1652 1 82 6913 1152 0
J N 7 1679 35 8 1 0 0
K -18 -35 63
K 0 -35 43
K 0 0 43
K 0 -35 60
K 0 -28 60
K 0 0 60
K 0 14 60
A D 4 16 0
A P 1 221 0
A P 2 192 0
J R 7 1721 28 2 1729 576 0
K 0 0 48
A D 4 16 1
A P 1 0 1
J R 8 1763 28 2 3457 576 0
K 0 0 47
A D 8 16 0
A P 1 0 0
J B 279 1851 1 82 6913 1152 0
J N 7 1878 35 8 1 0 0
K -18 -35 63
K 0 -35 43
K 0 0 43
K 0 -35 60
K 0 -28 60
K 0 0 60
K 0 14 60
A D 4 16 0
A P 1 221 0
A P 2 192 0
J R 7 1920 28 2 1729 576 0
K 0 0 48
A D 4 16 1
A P 1 0 1
J R 8 1962 28 2 3457 576 0
K 0 0 47
A D 8 16 0
A P 1 0 0
J B 280 2050 1 82 6913 1152 0
E *
L 396 0 0 326 326 * 0 14 0
J D 0 -130 42 1 6913 0 0
W 0 0 31 Fag 1-2
J C 22 5 14 36 6913 0 0
J K -2 57 0 2 6913 0 0
K 0 42 65
K 13 21 65
J D 0 -27 -14 1 6913 0 0
W 0 0 0 \02\07\01
J N 9 132 -21 11 1 0 1 114
K 1 7 45
K 7 7 45
K -15 0 65
K 0 0 41
K 0 7 45
K 1 7 45
K 5 7 45
K 6 7 45
K 0 106 110
K 17 106 110
A D 16 16 1
A P 1 168 1
J N 9 132 7 2 1 0 1 115
K 0 0 41
A D 16 16 1
A P 2 146 1
J B 272 304 1 82 6913 2304 0
J N 9 328 -21 9 1 0 1 114
K 1 7 45
K 7 7 45
k -15 0 65
K 0 0 41
K 0 7 45
K 1 7 45
K 5 7 45
K 6 7 45
A D 16 16 0
A P 1 168 0
H 114 T -21 0 0 0 0 0 3 0
J N 9 328 7 2 1 0 1 115
K 0 0 41
A D 16 16 0
A P 2 146 0
H 115 T 7 0 0 0 0 0 11 0
J B 273 532 1 82 6913 2304 0
J N 9 559 -21 9 1 0 0
K 1 7 45
K 7 7 45
K -15 0 65
K 0 0 41
K 0 7 45
K 1 7 45
K 5 7 45
K 6 7 45
A D 16 16 0
A P 1 168 0
J N 9 559 7 2 1 0 0
K 0 0 41
A D 16 16 0
A P 2 146 0
J B 274 763 1 82 6913 2304 0
J N 7 790 7 10 1 0 0
K 0 -21 45
K -15 -28 65
K 0 -28 43
K 0 -21 45
K 1 -21 45
K 0 0 43
K 0 -28 60
K 0 0 60
K 0 21 60
A D 4 16 0
A P 1 168 0
A P 2 146 0
J R 7 832 28 2 1729 576 0
K 0 0 48
A D 4 16 0
A P 1 0 0
J N 7 920 7 9 3457 576 0
K 0 -21 45
K 0 -28 43
K 0 -21 45
K 1 -21 45
K 0 0 43
K 0 -28 60
K 0 0 60
K 0 21 60
A D 4 16 0
A P 1 168 0
A P 2 146 0
J R 7 962 28 2 5185 576 0
K 0 0 48
A D 4 16 0
A P 1 0 0
J B 275 1055 1 82 6913 576 0
J D 0 1079 0 1 1 0 0
W 0 89 33 sempre !1|f
J N 7 1082 7 10 1 0 0
K 0 -21 45
K -15 -28 65
K 0 -28 43
K 0 -21 45
K 1 -21 45
K 0 0 43
K 0 -28 60
K 0 0 60
K 0 21 60
A D 4 16 0
A P 1 168 0
A P 2 146 0
J R 7 1124 28 2 1729 576 0
K 0 0 48
A D 4 16 1
A P 1 0 1
J R 8 1166 28 2 3457 576 0
K 0 0 47
A D 8 16 0
A P 1 0 0
J B 276 1254 1 82 6913 1152 0
J N 7 1281 7 10 1 0 0
K 0 -21 45
K -15 -28 65
K 0 -28 43
K 0 -21 45
K 1 -21 45
K 0 0 43
K 0 -28 60
K 0 0 60
K 0 21 60
A D 4 16 0
A P 1 168 0
A P 2 146 0
J R 7 1323 28 2 1729 576 0
K 0 0 48
A D 4 16 1
A P 1 0 1
J R 8 1365 28 2 3457 576 0
K 0 0 47
A D 8 16 0
A P 1 0 0
J B 277 1453 1 82 6913 1152 0
J N 7 1480 7 10 1 0 0
K 0 -21 45
K -15 -28 65
K 0 -28 43
K 0 -21 45
K 1 -21 45
K 0 0 43
K 0 -28 60
K 0 0 60
K 0 21 60
A D 4 16 0
A P 1 168 0
A P 2 146 0
J R 7 1522 28 2 1729 576 0
K 0 0 48
A D 4 16 1
A P 1 0 1
J R 8 1564 28 2 3457 576 0
K 0 0 47
A D 8 16 0
A P 1 0 0
J B 278 1652 1 82 6913 1152 0
J N 7 1679 7 10 1 0 0
K 0 -21 45
K -15 -28 65
K 0 -28 43
K 0 -21 45
K 1 -21 45
K 0 0 43
K 0 -28 60
K 0 0 60
K 0 21 60
A D 4 16 0
A P 1 168 0
A P 2 146 0
J R 7 1721 28 2 1729 576 0
K 0 0 48
A D 4 16 1
A P 1 0 1
J R 8 1763 28 2 3457 576 0
K 0 0 47
A D 8 16 0
A P 1 0 0
J B 279 1851 1 82 6913 1152 0
J N 7 1878 7 10 1 0 0
K 0 -21 45
K -15 -28 65
K 0 -28 43
K 0 -21 45
K 1 -21 45
K 0 0 43
K 0 -28 60
K 0 0 60
K 0 21 60
A D 4 16 0
A P 1 168 0
A P 2 146 0
J R 7 1920 28 2 1729 576 0
K 0 0 48
A D 4 16 1
A P 1 0 1
J R 8 1962 28 2 3457 576 0
K 0 0 47
A D 8 16 0
A P 1 0 0
J B 280 2050 1 82 6913 1152 0
E *
L 551 0 0 326 326 * 0 14 0
J D 0 -130 42 1 6913 0 0
W 0 -21 31 Cor1-2
J D 0 -130 42 1 6913 0 0
W 0 21 31 (B\0.)
J C 4 5 42 2 6913 0 0
K 0 0 33
K 0 0 34
J K 0 57 0 0 6913 0 0
J D 0 -27 -14 1 6913 0 0
W 0 0 0 \02\07\01
J N 9 132 21 4 1 0 1 74
K 0 0 41
K 0 98 110
K 17 98 110
A D 16 16 1
A P 1 203 1
J N 9 132 70 8 1 0 1 75
K 0 0 45
K 6 0 45
K 0 0 41
K -1 0 45
K 2 0 45
K 4 0 45
K 7 0 45
A D 16 16 1
A P 2 163 1
J B 272 304 1 82 6913 2304 0
J N 9 328 21 2 1 0 1 74
K 0 0 41
A D 16 16 0
A P 1 203 0
H 74 T 21 0 0 0 0 0 3 0
J N 9 328 70 8 1 0 1 75
K 0 0 45
K 6 0 45
K 0 0 41
K -1 0 45
K 2 0 45
K 4 0 45
K 7 0 45
A D 16 16 0
A P 2 163 0
H 75 T 70 0 0 0 0 0 15 0
J B 273 532 1 82 6913 2304 0
J N 9 559 21 2 1 0 0
K 0 0 41
A D 16 16 0
A P 1 203 0
J N 9 559 70 8 1 0 0
K 0 0 45
K 6 0 45
K 0 0 41
K -1 0 45
K 2 0 45
K 4 0 45
K 7 0 45
A D 16 16 0
A P 2 163 0
J B 274 763 1 82 6913 2304 0
J N 7 790 21 10 1 0 0
K 1 49 45
K 0 0 43
K 0 49 43
K -1 49 45
K 2 49 45
K 0 49 59
K 0 28 59
K 0 0 59
K 0 -14 59
A D 4 16 0
A P 1 203 0
A P 2 163 0
J R 7 832 28 2 1729 576 0
K 0 0 48
A D 4 16 0
A P 1 0 0
J N 7 920 21 10 3457 576 0
K 1 49 45
K 0 0 43
K 0 49 43
K -1 49 45
K 2 49 45
K 0 49 59
K 0 28 59
K 0 0 59
K 0 -14 59
A D 4 16 0
A P 1 203 0
A P 2 163 0
J R 7 962 28 2 5185 576 0
K 0 0 48
A D 4 16 0
A P 1 0 0
J B 275 1055 1 82 6913 576 0
J D 0 1082 0 1 1 0 0
W 0 109 33 sempre !1|f
J N 7 1082 21 10 1 0 0
K 1 49 45
K 0 0 43
K 0 49 43
K -1 49 45
K 2 49 45
K 0 49 59
K 0 28 59
K 0 0 59
K 0 -14 59
A D 4 16 0
A P 1 203 0
A P 2 163 0
J R 7 1124 28 2 1729 576 0
K 0 0 48
A D 4 16 1
A P 1 0 1
J R 8 1166 28 2 3457 576 0
K 0 0 47
A D 8 16 0
A P 1 0 0
J B 276 1254 1 82 6913 1152 0
J N 7 1281 21 10 1 0 0
K 1 49 45
K 0 0 43
K 0 49 43
K -1 49 45
K 2 49 45
K 0 49 59
K 0 28 59
K 0 0 59
K 0 -14 59
A D 4 16 0
A P 1 203 0
A P 2 163 0
J R 7 1323 28 2 1729 576 0
K 0 0 48
A D 4 16 1
A P 1 0 1
J R 8 1365 28 2 3457 576 0
K 0 0 47
A D 8 16 0
A P 1 0 0
J B 277 1453 1 82 6913 1152 0
J N 7 1480 21 10 1 0 0
K 1 49 45
K 0 0 43
K 0 49 43
K -1 49 45
K 2 49 45
K 0 49 59
K 0 28 59
K 0 0 59
K 0 -14 59
A D 4 16 0
A P 1 203 0
A P 2 163 0
J R 7 1522 28 2 1729 576 0
K 0 0 48
A D 4 16 1
A P 1 0 1
J R 8 1564 28 2 3457 576 0
K 0 0 47
A D 8 16 0
A P 1 0 0
J B 278 1652 1 82 6913 1152 0
J N 7 1679 21 10 1 0 0
K 1 49 45
K 0 0 43
K 0 49 43
K -1 49 45
K 2 49 45
K 0 49 59
K 0 28 59
K 0 0 59
K 0 -14 59
A D 4 16 0
A P 1 203 0
A P 2 163 0
J R 7 1721 28 2 1729 576 0
K 0 0 48
A D 4 16 1
A P 1 0 1
J R 8 1763 28 2 3457 576 0
K 0 0 47
A D 8 16 0
A P 1 0 0
J B 279 1851 1 82 6913 1152 0
J N 7 1878 21 10 1 0 0
K 1 49 45
K 0 0 43
K 0 49 43
K -1 49 45
K 2 49 45
K 0 49 59
K 0 28 59
K 0 0 59
K 0 -14 59
A D 4 16 0
A P 1 203 0
A P 2 163 0
J R 7 1920 28 2 1729 576 0
K 0 0 48
A D 4 16 1
A P 1 0 1
J R 8 1962 28 2 3457 576 0
K 0 0 47
A D 8 16 0
A P 1 0 0
J B 280 2050 1 82 6913 1152 0
E *
L 696 0 0 326 326 * 0 14 0
J D 0 -119 42 1 6913 0 0
W 0 -21 31 Tr 1-2
J D 0 -119 42 1 6913 0 0
W 8 21 31 (B\0.)
J C 4 5 42 2 6913 0 0
K 0 0 33
K 0 0 34
J K 0 57 0 0 6913 0 0
J D 0 -27 -14 1 6913 0 0
W 0 0 0 \02\07\01
J N 9 132 21 11 1 0 2 23 24
K 1 49 45
K 7 49 45
K 0 0 41
K 0 49 41
K -1 49 45
K 2 49 45
K 4 49 45
K 7 49 45
K 0 98 110
K 17 98 110
A D 16 16 1
A P 1 203 1
A P 2 163 1
J B 272 304 1 82 6913 2304 0
J N 9 328 21 9 1 0 2 23 24
K 1 49 45
K 7 49 45
K 0 0 41
K 0 49 41
K -1 49 45
K 2 49 45
K 4 49 45
K 7 49 45
A D 16 16 0
A P 1 203 0
A P 2 163 0
H 23 T 21 0 0 0 0 0 3 0
H 24 T 70 0 0 0 0 0 13 0
J B 273 532 1 82 6913 2304 0
J N 9 559 21 9 1 0 0
K 1 49 45
K 7 49 45
K 0 0 41
K 0 49 41
K -1 49 45
K 2 49 45
K 4 49 45
K 7 49 45
A D 16 16 0
A P 1 203 0
A P 2 163 0
J B 274 763 1 82 6913 2304 0
J N 7 790 21 10 1 0 0
K 1 49 45
K 0 0 43
K 0 49 43
K -1 49 45
K 2 49 45
K 0 49 59
K 0 28 59
K 0 0 59
K 0 -14 59
A D 4 16 0
A P 1 203 0
A P 2 163 0
J R 7 832 28 2 1729 576 0
K 0 0 48
A D 4 16 0
A P 1 0 0
J N 7 920 21 10 3457 576 0
K 1 49 45
K 0 0 43
K 0 49 43
K -1 49 45
K 2 49 45
K 0 49 59
K 0 28 59
K 0 0 59
K 0 -14 59
A D 4 16 0
A P 1 203 0
A P 2 163 0
J R 7 962 28 2 5185 576 0
K 0 0 48
A D 4 16 0
A P 1 0 0
J B 275 1055 1 82 6913 576 0
J D 0 1082 0 1 1 0 0
W 0 109 33 sempre !1|f
J N 7 1082 21 10 1 0 0
K 1 49 45
K 0 0 43
K 0 49 43
K -1 49 45
K 2 49 45
K 0 49 59
K 0 28 59
K 0 0 59
K 0 -14 59
A D 4 16 0
A P 1 203 0
A P 2 163 0
J R 7 1124 28 2 1729 576 0
K 0 0 48
A D 4 16 1
A P 1 0 1
J R 8 1166 28 2 3457 576 0
K 0 0 47
A D 8 16 0
A P 1 0 0
J B 276 1254 1 82 6913 1152 0
J N 7 1281 21 10 1 0 0
K 1 49 45
K 0 0 43
K 0 49 43
K -1 49 45
K 2 49 45
K 0 49 59
K 0 28 59
K 0 0 59
K 0 -14 59
A D 4 16 0
A P 1 203 0
A P 2 163 0
J R 7 1323 28 2 1729 576 0
K 0 0 48
A D 4 16 1
A P 1 0 1
J R 8 1365 28 2 3457 576 0
K 0 0 47
A D 8 16 0
A P 1 0 0
J B 277 1453 1 82 6913 1152 0
J N 7 1480 21 10 1 0 0
K 1 49 45
K 0 0 43
K 0 49 43
K -1 49 45
K 2 49 45
K 0 49 59
K 0 28 59
K 0 0 59
K 0 -14 59
A D 4 16 0
A P 1 203 0
A P 2 163 0
J R 7 1522 28 2 1729 576 0
K 0 0 48
A D 4 16 1
A P 1 0 1
J R 8 1564 28 2 3457 576 0
K 0 0 47
A D 8 16 0
A P 1 0 0
J B 278 1652 1 82 6913 1152 0
J N 7 1679 21 10 1 0 0
K 1 49 45
K 0 0 43
K 0 49 43
K -1 49 45
K 2 49 45
K 0 49 59
K 0 28 59
K 0 0 59
K 0 -14 59
A D 4 16 0
A P 1 203 0
A P 2 163 0
J R 7 1721 28 2 1729 576 0
K 0 0 48
A D 4 16 1
A P 1 0 1
J R 8 1763 28 2 3457 576 0
K 0 0 47
A D 8 16 0
A P 1 0 0
J B 279 1851 1 82 6913 1152 0
J N 7 1878 21 10 1 0 0
K 1 49 45
K 0 0 43
K 0 49 43
K -1 49 45
K 2 49 45
K 0 49 59
K 0 28 59
K 0 0 59
K 0 -14 59
A D 4 16 0
A P 1 203 0
A P 2 163 0
J R 7 1920 28 2 1729 576 0
K 0 0 48
A D 4 16 1
A P 1 0 1
J R 8 1962 28 2 3457 576 0
K 0 0 47
A D 8 16 0
A P 1 0 0
J B 280 2050 1 82 6913 1152 0
E *
L 836 0 0 326 326 * 0 14 0
J D 0 -109 42 1 6913 0 0
W 0 -21 31 Timp.
J D 0 -109 42 1 6913 0 0
W 0 21 31 B\0.-F
J C 22 5 14 36 6913 0 0
J K 0 57 0 0 6913 0 0
J D 0 -27 -14 1 6913 0 0
W 0 0 0 \02\07\01
J N 9 132 42 4 1 0 1 7
K 0 0 41
K 0 46 110
K 17 46 110
A D 16 16 0
A P 1 117 0
J B 272 304 1 82 6913 2304 0
J N 9 328 42 2 1 0 0
K 0 0 41
A D 16 16 0
A P 1 117 0
J B 273 532 1 82 6913 2304 0
J N 9 559 42 2 1 0 0
K 0 0 41
A D 16 16 0
A P 1 117 0
J B 274 763 1 82 6913 2304 1 7
H 7 R 2 0 -19 -56
J N 7 790 42 4 1 0 0
K 0 0 43
K 0 0 59
K 0 -21 59
A D 4 16 0
A P 1 117 0
J R 7 832 28 2 1729 576 0
K 0 0 48
A D 4 16 0
A P 1 0 0
J N 7 920 42 4 3457 576 0
K 0 0 43
K 0 0 59
K 0 -21 59
A D 4 16 0
A P 1 117 0
J R 7 962 28 2 5185 576 0
K 0 0 48
A D 4 16 0
A P 1 0 0
J B 275 1055 1 82 6913 576 0
J D 0 1082 0 1 1 0 0
W 0 91 33 sempre !1|f
J N 7 1082 42 4 1 0 0
K 0 0 43
K 0 0 59
K 0 -21 59
A D 4 16 0
A P 1 117 0
J R 7 1124 28 2 1729 576 0
K 0 0 48
A D 4 16 1
A P 1 0 1
J R 8 1166 28 2 3457 576 0
K 0 0 47
A D 8 16 0
A P 1 0 0
J B 276 1254 1 82 6913 1152 0
J N 7 1281 42 4 1 0 0
K 0 0 43
K 0 0 59
K 0 -21 59
A D 4 16 0
A P 1 117 0
J R 7 1323 28 2 1729 576 0
K 0 0 48
A D 4 16 1
A P 1 0 1
J R 8 1365 28 2 3457 576 0
K 0 0 47
A D 8 16 0
A P 1 0 0
J B 277 1453 1 82 6913 1152 0
J N 7 1480 42 4 1 0 0
K 0 0 43
K 0 0 59
K 0 -21 59
A D 4 16 0
A P 1 117 0
J R 7 1522 28 2 1729 576 0
K 0 0 48
A D 4 16 1
A P 1 0 1
J R 8 1564 28 2 3457 576 0
K 0 0 47
A D 8 16 0
A P 1 0 0
J B 278 1652 1 82 6913 1152 0
J N 7 1679 42 4 1 0 0
K 0 0 43
K 0 0 59
K 0 -21 59
A D 4 16 0
A P 1 117 0
J R 7 1721 28 2 1729 576 0
K 0 0 48
A D 4 16 1
A P 1 0 1
J R 8 1763 28 2 3457 576 0
K 0 0 47
A D 8 16 0
A P 1 0 0
J B 279 1851 1 82 6913 1152 0
J N 7 1878 42 4 1 0 0
K 0 0 43
K 0 0 59
K 0 -21 59
A D 4 16 0
A P 1 117 0
J R 7 1920 28 2 1729 576 0
K 0 0 48
A D 4 16 1
A P 1 0 1
J R 8 1962 28 2 3457 576 0
K 0 0 47
A D 8 16 0
A P 1 0 0
J B 280 2050 1 82 6913 1152 0
E *
L 988 0 0 326 326 * 0 14 0
J D 0 -111 42 1 6913 0 0
W 0 0 31 Vln1
J C 4 5 42 2 6913 0 0
K 0 0 33
K 0 0 34
J K -2 57 0 2 6913 0 0
K 0 28 65
K 13 7 65
J D 0 -27 -14 1 6913 0 0
W 0 0 0 \02\07\01
J N 9 132 -35 13 1 0 1 276
K 0 21 45
K 6 21 45
K 0 7 45
K 6 7 45
K -15 0 65
K 0 0 41
K 0 7 45
K 1 7 45
K 5 7 45
K 6 7 45
K 0 120 110
K 17 120 110
A D 96 96 1
A P 1 248 1
J B 272 304 1 82 6913 2304 0
J N 8 328 -35 10 1 0 2 277 276
K 0 21 45
K 0 7 45
k -15 0 65
K 0 0 42
K 0 7 45
K 1 7 45
K 0 0 60
K 0 28 60
K 0 35 60
A D 48 96 1
A P 1 248 1
H 276 T -35 0 0 0 0 0 1 0
J N 7 412 -35 11 3457 1152 1 277
K 0 21 45
K 0 7 45
K -15 0 65
K 0 0 43
K 0 7 45
K 1 7 45
K 25 0 44
K 0 0 60
K 0 28 60
K 0 35 60
A D 36 96 0
A P 1 248 0
H 277 T -35 0 0 0 0 0 1 0
J N 5 471 -21 5 6049 864 2 278 279
K 0 7 45
K 0 0 43
K 0 7 45
K 1 7 45
A D 6 96 0
A P 1 237 0
J N 5 499 -28 6 6481 144 2 279 278
K 0 14 45
K 0 0 45
K 0 0 43
K -1 0 45
K 2 0 45
A D 6 96 0
A P 1 243 0
H 279 B -54 -4 108 2 22 33
H 278 S 0 0 0 0 0 0 0 0 0
J B 273 532 1 82 6913 144 0
J N 8 559 -35 10 1 0 1 280
K 0 21 45
K 0 7 45
K -15 0 65
K 0 0 42
K 0 7 45
K 1 7 45
K 0 0 60
K 0 28 60
K 0 35 60
A D 48 96 1
A P 1 248 1
J N 7 643 -35 10 3457 1152 1 280
K 0 21 45
K 0 7 45
K 0 0 43
K 0 7 45
K 1 7 45
K 25 0 44
K 0 0 60
K 0 28 60
K 0 35 60
A D 36 96 0
A P 1 248 0
H 280 T -35 0 0 0 0 0 1 0
J N 5 702 -21 5 6049 864 2 281 282
K 0 7 45
K 0 0 43
K 0 7 45
K 1 7 45
A D 6 96 0
A P 1 237 0
J N 5 730 -28 6 6481 144 2 282 281
K 0 14 45
K 0 0 45
K 0 0 43
K -1 0 45
K 2 0 45
A D 6 96 0
A P 1 243 0
H 282 B -54 -4 108 2 22 33
H 281 S 0 0 0 0 0 0 0 0 0
J B 274 763 1 82 6913 144 0
J N 7 790 -35 11 1 0 0
K 0 21 45
K 0 7 45
K -15 0 65
K 0 0 43
K 0 7 45
K 1 7 45
K 0 -17 96
K 0 0 60
K 0 28 60
K 0 35 60
A D 24 96 0
A P 1 248 0
J R 6 832 28 2 1729 576 0
K 0 0 49
A D 12 96 0
A P 1 0 0
J N 5 864 -21 5 2593 288 2 283 284
K 0 7 45
K 0 0 43
K 0 7 45
K 1 7 45
A D 6 96 0
A P 1 237 0
J N 5 892 -28 6 3025 144 2 284 283
K 0 14 45
K 0 0 45
K 0 0 43
K -1 0 45
K 2 0 45
A D 6 96 0
A P 1 243 0
H 284 B -54 -4 108 2 22 33
H 283 S 0 0 0 0 0 0 0 0 0
J N 7 920 -35 10 3457 144 0
K 0 21 45
K 0 7 45
K 0 0 43
K 0 7 45
K 1 7 45
K 0 -17 96
K 0 0 60
K 0 28 60
K 0 35 60
A D 24 96 0
A P 1 248 0
J R 6 962 28 2 5185 576 0
K 0 0 49
A D 12 96 0
A P 1 0 0
J N 5 994 -21 5 6049 288 2 285 286
K 0 7 45
K 0 0 43
K 0 7 45
K 1 7 45
A D 6 96 0
A P 1 237 0
J N 5 1022 -28 6 6481 144 2 286 285
K 0 14 45
K 0 0 45
K 0 0 43
K -1 0 45
K 2 0 45
A D 6 96 0
A P 1 243 0
H 286 B -54 -4 108 2 22 33
H 285 S 0 0 0 0 0 0 0 0 0
J B 275 1055 1 82 6913 144 0
J D 0 1082 0 1 1 0 0
W 0 95 33 sempre !1|f
J N 7 1082 -35 11 1 0 0
K 0 21 45
K 0 7 45
K -15 0 65
K 0 0 43
K 0 7 45
K 1 7 45
K 0 -17 96
K 0 0 60
K 0 28 60
K 0 35 60
A D 24 96 0
A P 1 248 0
J N 7 1124 -21 8 1729 576 0
K 0 7 45
K 0 0 43
K 0 7 45
K 1 7 45
K 0 -17 96
K 0 0 60
K 0 21 60
A D 24 96 0
A P 1 237 0
J N 7 1166 -7 5 3457 576 0
K 0 0 43
K 0 -17 96
K 0 0 60
K 0 21 60
A D 24 96 0
A P 1 226 0
J N 7 1208 -21 8 5185 576 0
K 0 7 45
K 0 0 43
K 0 7 45
K 1 7 45
K 0 -17 96
K 0 0 60
K 0 21 60
A D 24 96 0
A P 1 237 0
J B 276 1254 1 82 6913 576 0
J R 7 1281 28 2 1 0 0
K 0 0 48
A D 24 96 0
A P 1 0 0
J N 7 1323 -7 5 1729 576 0
K 0 0 43
K 0 -17 96
K 0 0 60
K 0 21 60
A D 24 96 0
A P 1 226 0
J N 7 1365 7 6 3457 576 0
K -14 0 64
K 0 0 43
K 0 -17 96
K 0 0 60
K 0 21 60
A D 24 96 0
A P 1 215 0
J N 7 1407 -7 5 5185 576 0
K 0 0 43
K 0 -17 96
K 0 0 60
K 0 21 60
A D 24 96 0
A P 1 226 0
J B 277 1453 1 82 6913 576 0
J R 7 1480 28 2 1 0 0
K 0 0 48
A D 24 96 0
A P 1 0 0
J N 7 1522 7 6 1729 576 0
K -14 0 64
K 0 0 43
K 0 -17 96
K 0 0 60
K 0 21 60
A D 24 96 0
A P 1 215 0
J N 7 1564 14 6 3457 576 0
K -15 0 65
K 0 0 43
K 0 -21 96
K 0 0 60
K 0 21 60
A D 24 96 0
A P 1 208 0
J N 7 1606 7 5 5185 576 0
K 0 0 43
K 0 -17 96
K 0 0 60
K 0 21 60
A D 24 96 0
A P 1 215 0
J B 278 1652 1 82 6913 576 0
J R 7 1679 28 2 1 0 0
K 0 0 48
A D 24 96 0
A P 1 0 0
J N 7 1721 14 6 1729 576 0
K -15 0 65
K 0 0 43
K 0 -21 96
K 0 0 60
K 0 21 60
A D 24 96 0
A P 1 208 0
J N 7 1763 28 5 3457 576 0
K 0 0 43
K 0 -21 96
K 0 0 60
K 0 21 60
A D 24 96 0
A P 1 197 0
J N 7 1805 14 5 5185 576 0
K 0 0 43
K 0 -21 96
K 0 0 60
K 0 21 60
A D 24 96 0
A P 1 208 0
J B 279 1851 1 82 6913 576 0
J R 7 1878 28 2 1 0 0
K 0 0 48
A D 24 96 0
A P 1 0 0
J D 0 1920 0 1 1729 576 0
W 0 106 36 dimin.
J N 7 1920 28 5 1729 0 0
K 0 0 43
K 0 -21 96
K 0 0 60
K 0 21 60
A D 24 96 0
A P 1 197 0
J N 7 1962 42 5 3457 576 0
K 0 0 43
K 0 21 96
K 0 0 59
K 0 -21 59
A D 24 96 0
A P 1 186 0
J N 7 2004 28 5 5185 576 0
K 0 0 43
K 0 -21 96
K 0 0 60
K 0 21 60
A D 24 96 0
A P 1 197 0
J B 280 2050 1 82 6913 576 0
E *
L 1120 0 0 326 326 * 0 14 0
J D 0 -111 42 1 6913 0 0
W 0 0 31 Vln2
J C 4 5 42 2 6913 0 0
K 0 0 33
K 0 0 34
J K -2 57 0 2 6913 0 0
K 0 28 65
K 13 7 65
J D 0 -27 -14 1 6913 0 0
W 0 0 0 \02\07\01
J N 8 132 14 15 1 0 0
K 0 -28 45
K -15 -35 65
K -15 0 65
K 0 -35 42
K 0 -28 45
K 1 -28 45
K 0 0 42
K 0 77 110
K 17 77 110
K 0 -35 60
K 0 -28 60
K 0 0 60
K 0 23 60
K -17 42 125
A D 48 96 0
A P 1 237 0
A P 1 208 0
J N 8 216 14 11 3457 1152 0
K 0 -28 45
K 0 -35 42
K 0 -28 45
K 1 -28 45
K 0 0 42
K 0 -35 60
K 0 -28 60
K 0 0 60
K 0 23 60
K -17 42 125
A D 48 96 0
A P 1 237 0
A P 1 208 0
J B 272 304 1 82 6913 1152 0
J N 8 328 14 12 1 0 0
K 0 -28 45
K -15 0 65
K 0 -35 42
K 0 -28 45
K 1 -28 45
K 0 0 42
K 0 -35 60
K 0 -28 60
K 0 0 60
K 0 23 60
K -17 42 125
A D 48 96 0
A P 1 237 0
A P 1 208 0
J N 8 412 14 11 3457 1152 0
K 0 -28 45
K 0 -35 42
K 0 -28 45
K 1 -28 45
K 0 0 42
K 0 -35 60
K 0 -28 60
K 0 0 60
K 0 23 60
K -17 42 125
A D 48 96 0
A P 1 237 0
A P 1 208 0
J B 273 532 1 82 6913 1152 0
J N 8 559 14 12 1 0 0
K 0 -28 45
K -15 0 65
K 0 -35 42
K 0 -28 45
K 1 -28 45
K 0 0 42
K 0 -35 60
K 0 -28 60
K 0 0 60
K 0 23 60
K -17 42 125
A D 48 96 0
A P 1 237 0
A P 1 208 0
J N 8 643 14 11 3457 1152 0
K 0 -28 45
K 0 -35 42
K 0 -28 45
K 1 -28 45
K 0 0 42
K 0 -35 60
K 0 -28 60
K 0 0 60
K 0 23 60
K -17 42 125
A D 48 96 0
A P 1 237 0
A P 1 208 0
J B 274 763 1 82 6913 1152 0
J N 8 790 14 12 1 0 0
K 0 -28 45
K -15 0 65
K 0 -35 42
K 0 -28 45
K 1 -28 45
K 0 0 42
K 0 -35 60
K 0 -28 60
K 0 0 60
K 0 23 60
K -17 42 125
A D 48 96 0
A P 1 237 0
A P 1 208 0
J N 8 920 14 11 3457 1152 0
K 0 -28 45
K 0 -35 42
K 0 -28 45
K 1 -28 45
K 0 0 42
K 0 -35 60
K 0 -28 60
K 0 0 60
K 0 23 60
K -17 42 125
A D 48 96 0
A P 1 237 0
A P 1 208 0
J B 275 1055 1 82 6913 1152 0
J D 0 1079 0 1 1 0 0
W 0 96 33 sempre !1|f
J N 7 1082 14 11 1 0 0
K 0 -28 45
K -15 0 65
K 0 -35 43
K 0 -28 45
K 1 -28 45
K 0 0 43
K 0 -35 60
K 0 -28 60
K 0 0 60
K 0 21 60
A D 24 96 0
A P 1 237 0
A P 1 208 0
J R 7 1124 28 2 1729 576 0
K 0 0 48
A D 24 96 1
A P 1 0 1
J R 7 1166 28 2 3457 576 0
K 0 0 48
A D 24 96 0
A P 1 0 0
J N 7 1208 -7 5 5185 576 0
K 0 0 43
K 0 -17 96
K 0 0 60
K 0 21 60
A D 24 96 0
A P 1 226 0
J B 276 1254 1 82 6913 576 0
J N 7 1281 7 6 1 0 0
K -14 0 64
K 0 0 43
K 0 -17 96
K 0 0 60
K 0 21 60
A D 24 96 0
A P 1 215 0
J N 7 1323 -7 5 1729 576 0
K 0 0 43
K 0 -17 96
K 0 0 60
K 0 21 60
A D 24 96 0
A P 1 226 0
J R 7 1365 28 2 3457 576 0
K 0 0 48
A D 24 96 0
A P 1 0 0
J N 7 1407 7 5 5185 576 0
K 0 0 43
K 0 -17 96
K 0 0 60
K 0 21 60
A D 24 96 0
A P 1 215 0
J B 277 1453 1 82 6913 576 0
J N 7 1480 14 6 1 0 0
K -15 0 65
K 0 0 43
K 0 -21 96
K 0 0 60
K 0 21 60
A D 24 96 0
A P 1 208 0
J N 7 1522 7 6 1729 576 0
K -14 0 64
K 0 0 43
K 0 -17 96
K 0 0 60
K 0 21 60
A D 24 96 0
A P 1 215 0
J R 7 1564 28 2 3457 576 0
K 0 0 48
A D 24 96 0
A P 1 0 0
J N 7 1606 14 5 5185 576 0
K 0 0 43
K 0 -21 96
K 0 0 60
K 0 21 60
A D 24 96 0
A P 1 208 0
J B 278 1652 1 82 6913 576 0
J N 7 1679 28 5 1 0 0
K 0 0 43
K 0 -21 96
K 0 0 60
K 0 21 60
A D 24 96 0
A P 1 197 0
J N 7 1721 14 6 1729 576 0
K -15 0 65
K 0 0 43
K 0 -21 96
K 0 0 60
K 0 21 60
A D 24 96 0
A P 1 208 0
J R 7 1763 28 2 3457 576 0
K 0 0 48
A D 24 96 0
A P 1 0 0
J N 7 1805 28 5 5185 576 0
K 0 0 43
K 0 -21 96
K 0 0 60
K 0 21 60
A D 24 96 0
A P 1 197 0
J B 279 1851 1 82 6913 576 0
J D 0 1878 0 1 1 0 0
W 0 102 36 dimin.
J N 7 1878 42 5 1 0 0
K 0 0 43
K 0 21 96
K 0 0 59
K 0 -21 59
A D 24 96 0
A P 1 186 0
J N 7 1920 28 5 1729 576 0
K 0 0 43
K 0 -21 96
K 0 0 60
K 0 21 60
A D 24 96 0
A P 1 197 0
J R 7 1962 28 2 3457 576 0
K 0 0 48
A D 24 96 0
A P 1 0 0
J N 7 2004 42 5 5185 576 0
K 0 0 43
K 0 21 96
K 0 0 59
K 0 -21 59
A D 24 96 0
A P 1 186 0
J B 280 2050 1 82 6913 576 0
E *
L 1252 0 0 326 326 * 0 14 0
J D 0 -86 42 1 6913 0 0
W 0 0 31 Vla.
J C 13 5 28 35 6913 0 0
J K -2 57 0 2 6913 0 0
K 0 35 65
K 13 14 65
J D 0 -27 -14 1 6913 0 0
W 0 0 0 \02\07\01
J N 7 132 0 7 1 0 0
K 0 0 43
K 0 -17 96
K 0 85 110
K 17 85 110
K 0 0 60
K 0 21 60
A D 24 96 0
A P 1 186 0
J N 7 174 -35 11 1729 576 0
K 0 21 45
K 0 7 45
K -14 0 64
K 0 0 43
K 0 7 45
K 1 7 45
K 0 -17 96
K 0 0 60
K 0 28 60
K 0 35 60
A D 24 96 0
A P 1 215 0
J N 7 216 -28 10 3457 576 0
K 0 14 45
K 0 0 45
K -15 0 65
K 0 0 43
K -1 0 45
K 2 0 45
K 0 -17 96
K 0 0 60
K 0 28 60
A D 24 96 0
A P 1 208 0
J N 7 258 -35 10 5185 576 0
K 0 21 45
K 0 7 45
K 0 0 43
K 0 7 45
K 1 7 45
K 0 -17 96
K 0 0 60
K 0 28 60
K 0 35 60
A D 24 96 0
A P 1 215 0
J B 272 304 1 82 6913 576 0
J N 7 328 -35 11 1 0 0
K 0 21 45
K 0 7 45
K -14 0 64
K 0 0 43
K 0 7 45
K 1 7 45
K 0 -17 96
K 0 0 60
K 0 28 60
K 0 35 60
A D 24 96 0
A P 1 215 0
J N 7 370 -28 10 1729 576 0
K 0 14 45
K 0 0 45
K -15 0 65
K 0 0 43
K -1 0 45
K 2 0 45
K 0 -17 96
K 0 0 60
K 0 28 60
A D 24 96 0
A P 1 208 0
J N 7 412 0 5 3457 576 0
K 0 0 43
K 0 -17 96
K 0 0 60
K 0 21 60
A D 24 96 0
A P 1 186 0
J N 7 454 -28 9 5185 576 0
K 0 14 45
K 0 0 45
K 0 0 43
K -1 0 45
K 2 0 45
K 0 -17 96
K 0 0 60
K 0 28 60
A D 24 96 0
A P 1 208 0
J B 273 532 1 82 6913 576 0
J N 7 559 -28 10 1 0 0
K 0 14 45
K 0 0 45
K -15 0 65
K 0 0 43
K -1 0 45
K 2 0 45
K 0 -17 96
K 0 0 60
K 0 28 60
A D 24 96 0
A P 1 208 0
J N 7 601 -14 8 1729 576 0
K 0 0 45
K 0 0 43
K -1 0 45
K 2 0 45
K 0 -17 96
K 0 0 60
K 0 21 60
A D 24 96 0
A P 1 197 0
J N 7 643 0 5 3457 576 0
K 0 0 43
K 0 -17 96
K 0 0 60
K 0 21 60
A D 24 96 0
A P 1 186 0
J N 7 685 -14 8 5185 576 0
K 0 0 45
K 0 0 43
K -1 0 45
K 2 0 45
K 0 -17 96
K 0 0 60
K 0 21 60
A D 24 96 0
A P 1 197 0
J B 274 763 1 82 6913 576 0
J N 7 790 0 5 1 0 0
K 0 0 43
K 0 -17 96
K 0 0 60
K 0 21 60
A D 24 96 0
A P 1 186 0
J N 7 832 14 6 1729 576 0
K -14 0 64
K 0 0 43
K 0 -21 96
K 0 0 60
K 0 21 60
A D 24 96 0
A P 1 175 0
J N 7 920 21 6 3457 576 0
K -15 0 65
K 0 0 43
K 0 -14 96
K 0 0 60
K 0 21 60
A D 24 96 0
A P 1 168 0
J N 7 962 35 5 5185 576 0
K 0 0 43
K 0 14 96
K 0 0 59
K 0 -21 59
A D 24 96 0
A P 1 157 0
J B 275 1055 1 82 6913 576 0
J D 0 1082 0 1 1 0 0
W 0 95 33 sempre !1|f
J N 7 1082 49 4 1 0 0
K 0 0 43
K 0 0 59
K 0 -21 59
A D 24 96 0
A P 1 146 0
J R 7 1124 28 2 1729 576 0
K 0 0 48
A D 24 96 1
A P 1 0 1
J R 8 1166 28 2 3457 576 0
K 0 0 47
A D 48 96 0
A P 1 0 0
J B 276 1254 1 82 6913 1152 0
J N 7 1281 35 6 1 0 0
K 0 0 43
K 0 14 43
K 0 14 59
K 0 0 59
K 0 -21 59
A D 24 96 0
A P 1 157 0
A P 1 146 0
J R 7 1323 28 2 1729 576 0
K 0 0 48
A D 24 96 1
A P 1 0 1
J R 8 1365 28 2 3457 576 0
K 0 0 47
A D 48 96 0
A P 1 0 0
J B 277 1453 1 82 6913 1152 0
J N 7 1480 35 6 1 0 0
K 0 0 43
K 0 14 43
K 0 14 59
K 0 0 59
K 0 -21 59
A D 24 96 0
A P 1 157 0
A P 1 146 0
J R 7 1522 28 2 1729 576 0
K 0 0 48
A D 24 96 1
A P 1 0 1
J R 8 1564 28 2 3457 576 0
K 0 0 47
A D 48 96 0
A P 1 0 0
J B 278 1652 1 82 6913 1152 0
J N 7 1679 35 6 1 0 0
K 0 0 43
K 0 14 43
K 0 14 59
K 0 0 59
K 0 -21 59
A D 24 96 0
A P 1 157 0
A P 1 146 0
J R 7 1721 28 2 1729 576 0
K 0 0 48
A D 24 96 1
A P 1 0 1
J R 8 1763 28 2 3457 576 0
K 0 0 47
A D 48 96 0
A P 1 0 0
J B 279 1851 1 82 6913 1152 0
J N 7 1878 35 6 1 0 0
K 0 0 43
K 0 14 43
K 0 14 59
K 0 0 59
K 0 -21 59
A D 24 96 0
A P 1 157 0
A P 1 146 0
J R 7 1920 28 2 1729 576 0
K 0 0 48
A D 24 96 1
A P 1 0 1
J R 8 1962 28 2 3457 576 0
K 0 0 47
A D 48 96 0
A P 1 0 0
J B 280 2050 1 82 6913 1152 0
E *
L 1387 0 0 326 326 * 0 14 0
J D 0 -140 42 1 6913 0 0
W 0 0 31 Vc+Cb
J C 22 5 14 36 6913 0 0
J K -2 57 0 2 6913 0 0
K 0 42 65
K 13 21 65
J D 0 -27 -14 1 6913 0 0
W 0 0 0 \02\07\01
J N 7 132 -42 13 1 0 0
K 0 28 45
K 0 14 45
K 0 0 45
K 0 0 43
K -1 0 45
K 2 0 45
K 0 -17 96
K 0 126 110
K 17 126 110
K 0 0 60
K 0 28 60
K 0 42 60
A D 24 96 0
A P 1 186 0
J N 7 174 -28 10 1729 576 0
K 0 14 45
K 0 0 45
K -14 0 64
K 0 0 43
K -1 0 45
K 2 0 45
K 0 -17 96
K 0 0 60
K 0 28 60
A D 24 96 0
A P 1 175 0
J N 7 216 -21 9 3457 576 0
K 0 7 45
K -15 0 65
K 0 0 43
K 0 7 45
K 1 7 45
K 0 -17 96
K 0 0 60
K 0 21 60
A D 24 96 0
A P 1 168 0
J N 7 258 -28 9 5185 576 0
K 0 14 45
K 0 0 45
K 0 0 43
K -1 0 45
K 2 0 45
K 0 -17 96
K 0 0 60
K 0 28 60
A D 24 96 0
A P 1 175 0
J B 272 304 1 82 6913 576 0
J N 7 328 -28 10 1 0 0
K 0 14 45
K 0 0 45
K -14 0 64
K 0 0 43
K -1 0 45
K 2 0 45
K 0 -17 96
K 0 0 60
K 0 28 60
A D 24 96 0
A P 1 175 0
J N 7 370 -21 9 1729 576 0
K 0 7 45
K -15 0 65
K 0 0 43
K 0 7 45
K 1 7 45
K 0 -17 96
K 0 0 60
K 0 21 60
A D 24 96 0
A P 1 168 0
J N 7 412 -7 5 3457 576 0
K 0 0 43
K 0 -17 96
K 0 0 60
K 0 21 60
A D 24 96 0
A P 1 157 0
J N 7 454 -21 8 5185 576 0
K 0 7 45
K 0 0 43
K 0 7 45
K 1 7 45
K 0 -17 96
K 0 0 60
K 0 21 60
A D 24 96 0
A P 1 168 0
J B 273 532 1 82 6913 576 0
J N 7 559 -21 9 1 0 0
K 0 7 45
K -15 0 65
K 0 0 43
K 0 7 45
K 1 7 45
K 0 -17 96
K 0 0 60
K 0 21 60
A D 24 96 0
A P 1 168 0
J N 7 601 -7 5 1729 576 0
K 0 0 43
K 0 -17 96
K 0 0 60
K 0 21 60
A D 24 96 0
A P 1 157 0
J N 7 643 7 5 3457 576 0
K 0 0 43
K 0 -17 96
K 0 0 60
K 0 21 60
A D 24 96 0
A P 1 146 0
J N 7 685 -7 5 5185 576 0
K 0 0 43
K 0 -17 96
K 0 0 60
K 0 21 60
A D 24 96 0
A P 1 157 0
J B 274 763 1 82 6913 576 0
J N 7 790 7 5 1 0 0
K 0 0 43
K 0 -17 96
K 0 0 60
K 0 21 60
A D 24 96 0
A P 1 146 0
J N 7 832 21 6 1729 576 0
K -14 0 64
K 0 0 43
K 0 -14 96
K 0 0 60
K 0 21 60
A D 24 96 0
A P 1 135 0
J N 7 920 28 6 3457 576 0
K -15 0 65
K 0 0 43
K 0 -21 96
K 0 0 60
K 0 21 60
A D 24 96 0
A P 1 128 0
J N 7 962 42 5 5185 576 0
K 0 0 43
K 0 21 96
K 0 0 59
K 0 -21 59
A D 24 96 0
A P 1 117 0
J B 275 1055 1 82 6913 576 0
J D 0 1082 0 1 1 0 0
W 0 96 33 sempre !1|f
J N 7 1082 56 4 1 0 0
K 0 0 43
K 0 0 59
K 0 -21 59
A D 24 96 0
A P 1 106 0
J R 7 1124 28 2 1729 576 0
K 0 0 48
A D 24 96 1
A P 1 0 1
J R 8 1166 28 2 3457 576 0
K 0 0 47
A D 48 96 0
A P 1 0 0
J B 276 1254 1 82 6913 1152 0
J N 7 1281 56 4 1 0 0
K 0 0 43
K 0 0 59
K 0 -21 59
A D 24 96 0
A P 1 106 0
J R 7 1323 28 2 1729 576 0
K 0 0 48
A D 24 96 1
A P 1 0 1
J R 8 1365 28 2 3457 576 0
K 0 0 47
A D 48 96 0
A P 1 0 0
J B 277 1453 1 82 6913 1152 0
J N 7 1480 56 4 1 0 0
K 0 0 43
K 0 0 59
K 0 -21 59
A D 24 96 0
A P 1 106 0
J R 7 1522 28 2 1729 576 0
K 0 0 48
A D 24 96 1
A P 1 0 1
J R 8 1564 28 2 3457 576 0
K 0 0 47
A D 48 96 0
A P 1 0 0
J B 278 1652 1 82 6913 1152 0
J N 7 1679 56 4 1 0 0
K 0 0 43
K 0 0 59
K 0 -21 59
A D 24 96 0
A P 1 106 0
J R 7 1721 28 2 1729 576 0
K 0 0 48
A D 24 96 1
A P 1 0 1
J R 8 1763 28 2 3457 576 0
K 0 0 47
A D 48 96 0
A P 1 0 0
J B 279 1851 1 82 6913 1152 0
J N 7 1878 56 4 1 0 0
K 0 0 43
K 0 0 59
K 0 -21 59
A D 24 96 0
A P 1 106 0
J R 7 1920 28 2 1729 576 0
K 0 0 48
A D 24 96 1
A P 1 0 1
J R 8 1962 28 2 3457 576 0
K 0 0 47
A D 48 96 0
A P 1 0 0
J B 280 2050 1 82 6913 1152 0
E *
B 1 304 0
B 1 532 0
B 1 763 0
B 1 1055 0
B 1 1254 0
B 1 1453 0
B 1 1652 0
B 1 1851 0
B 1 2050 0
