@ SOURCE: {beet/bhl/orch/sym7/stage2/02/02} DEC/30/2005 [md5sum:d39ec5f30be6ec132c75050ca0f97b3f]
L 0 0 21 !39Flauto 2
J D 4 500 -120 1 6913 0 0
W 0 0 44 Second Movement
J D 1 112 -56 1 6913 0 0
W 0 -84 44 Second Movement:  Flauto 2
J C 4 7 63 2 6913 0 0
K 0 0 33
K 0 0 34
J K 0 85 0 0 6913 0 0
J D 5 85 -70 1 6913 0 0
W 0 0 35 Allegretto. (\0( = 76)
J T 204 99 0 2 6913 0 0
K -15 42 73
K -15 84 75
J S 4 171 31 9 26 0 0
K 0 0 62
K 0 5 62
K 0 11 92
K 30 11 92
K 60 11 92
K 90 0 62
K 90 5 62
K 45 11 77
K 14 11 73
J B 27 306 1 82 6913 1 0 
J D 0 233 0 15 1 0 0
W 0 -31 44 A
K -18 -93 90
K -18 -19 90
K 12 -93 90
K 12 -19 90
K 41 -93 90
K 41 -19 90
K -18 -93 89
K 67 -93 89
K -18 -72 89
K 67 -72 89
K -18 -51 89
K 67 -51 89
K -18 -40 89
K 67 -40 89
J D 0 317 0 1 1 0 0
W 0 -25 32 Vln. 2
J N 7 338 84 4 1 0 0
K 0 0 171
K 0 0 188
K 0 10 188
A D 4 16
J R 9 338 21 2 1 0 0
K 0 0 46
A D 8 16
J N 6 402 84 2 3457 576 1 1
K 0 0 171
A D 2 16
J N 6 451 84 2 5185 288 1 1
K 0 0 171
A D 2 16
H 1 B 1 0 109 2 2 3
J B 28 506 1 82 6913 288 0
J S 4 551 31 9 15 288 0
K 0 0 62
K 0 5 62
K 0 11 92
K 30 11 92
K 60 11 92
K 90 0 62
K 90 5 62
K 45 11 76
K 14 11 72
J B 43 686 1 82 6913 1 0 
J S 4 731 31 8 8 288 0
K 0 0 62
K 0 5 62
K 0 11 92
K 30 11 92
K 60 11 92
K 90 0 62
K 90 5 62
K 30 11 79
J B 51 866 1 82 6913 1 0 
J D 0 793 0 15 1 0 0
W 0 -42 44 B
K -18 -104 90
K -18 -30 90
K 12 -104 90
K 12 -30 90
K 39 -104 90
K 39 -30 90
K -18 -104 89
K 65 -104 89
K -18 -83 89
K 65 -83 89
K -18 -62 89
K 65 -62 89
K -18 -51 89
K 65 -51 89
J D 0 877 0 1 1 0 0
W 0 -31 32 Vln. 1
J N 7 898 10 4 1 0 0
K 0 0 171
K 0 0 188
K 0 21 188
A D 4 16
J R 9 898 105 2 1 0 0
K 0 0 46
A D 8 16
J N 6 962 10 2 3457 576 1 2
K 0 0 171
A D 2 16
J N 6 1011 10 2 5185 288 1 2
K 0 0 171
A D 2 16
H 2 B 1 0 109 2 2 3
J B 52 1066 1 82 6913 288 0
J S 4 1111 31 9 15 288 0
K 0 0 62
K 0 5 62
K 0 11 92
K 30 11 92
K 60 11 92
K 90 0 62
K 90 5 62
K 45 11 76
K 14 11 72
J B 67 1246 1 82 6913 1 0 
J S 4 1291 31 8 8 288 0
K 0 0 62
K 0 5 62
K 0 11 92
K 30 11 92
K 60 11 92
K 90 0 62
K 90 5 62
K 30 11 79
J B 75 1426 1 82 6913 1 0 
J D 0 1364 0 17 1 0 0
W 0 -63 44 C
K -18 -125 90
K -18 -51 90
K 12 -125 90
K 12 -51 90
K 42 -125 90
K 42 -51 90
K 42 -125 90
K 42 -51 90
K -18 -125 89
K 68 -125 89
K -18 -104 89
K 68 -104 89
K -18 -83 89
K 68 -83 89
K -18 -72 89
K 68 -72 89
J D 0 1448 0 1 1 0 0
W 0 -27 33 ten.
J N 7 1458 10 6 1 0 0
K 0 0 43
K 0 122 110
K 30 122 110
K 0 0 60
K 0 32 60
A D 4 16
J N 6 1522 10 3 3457 576 1 3
K 0 0 43
K 0 -26 96
A D 2 16
J N 6 1571 10 3 5185 288 1 3
K 0 0 43
K 0 -26 96
A D 2 16
H 3 B 1 0 112 2 2 3
J B 76 1626 1 82 6913 288 0
J N 7 1658 10 5 1 0 1 4
K 0 0 43
K 0 -26 96
K 0 0 60
K 0 32 60
A D 4 16
J N 7 1722 10 5 3457 576 1 4
K 0 0 43
K 0 -26 96
K 0 0 60
K 0 32 60
A D 4 16
H 4 S 0 0 -21 0 -21 0 0 0 0
J B 77 1792 1 82 6913 576 0
J N 7 1824 10 4 1 0 0
K 0 0 43
K 0 0 60
K 0 32 60
A D 4 16
J N 6 1888 10 3 3457 576 1 5
K 0 0 43
K 0 -26 96
A D 2 16
J N 6 1937 10 3 5185 288 1 5
K 0 0 43
K 0 -26 96
A D 2 16
H 5 B 1 0 112 2 2 3
J B 78 1992 1 82 6913 288 0
J N 7 2024 10 5 1 0 1 6
K 0 0 43
K 0 -26 96
K 0 0 60
K 0 32 60
A D 4 16
J N 7 2088 10 5 3457 576 1 6
K 0 0 43
K 0 -26 96
K 0 0 60
K 0 32 60
A D 4 16
H 6 S 0 0 -21 0 -21 0 0 0 0
J B 79 2158 1 82 6913 576 0
J N 7 2190 10 4 1 0 0
K 0 0 43
K 0 0 60
K 0 32 60
A D 4 16
J N 6 2254 10 3 3457 576 1 7
K 0 0 43
K 0 -26 96
A D 2 16
J N 6 2319 0 4 5185 288 1 7
K -25 0 63
K 0 0 43
K 0 -26 96
A D 2 16
H 7 B 1 0 112 2 2 3
J B 80 2374 1 82 6913 288 0
J N 7 2406 -11 5 1 0 1 8
K 0 0 43
K 0 -26 96
K 0 0 60
K 0 32 60
A D 4 16
J N 7 2470 -11 5 3457 576 1 8
K 0 0 43
K 0 -26 96
K 0 0 60
K 0 32 60
A D 4 16
H 8 S 0 0 -21 0 -21 0 0 0 0
J B 81 2540 1 82 6913 576 0
J N 7 2572 -11 4 1 0 0
K 0 0 43
K 0 0 60
K 0 32 60
A D 4 16
J N 6 2636 -11 3 3457 576 1 9
K 0 0 43
K 0 -26 96
A D 2 16
J N 6 2685 -11 3 5185 288 1 9
K 0 0 43
K 0 -26 96
A D 2 16
H 9 B 1 0 112 2 2 3
J B 82 2740 1 82 6913 288 0
J N 7 2772 -11 4 1 0 0
K 0 0 43
K 0 0 60
K 0 32 60
A D 4 16
J R 7 2836 42 2 3457 576 0
K 0 0 48
A D 4 16
J B 83 2906 1 82 6913 576 0
J D 0 2928 0 1 1 0 0
W 0 -48 33 ten.
J N 7 2938 -11 4 1 0 0
K 0 0 43
K 0 0 60
K 0 32 60
A D 4 16
J N 6 3002 -11 3 3457 576 1 10
K 0 0 43
K 0 -26 96
A D 2 16
J N 6 3051 -21 6 5185 288 1 10
K 0 0 45
K 0 0 43
K -1 0 45
K 6 0 45
K 0 -26 96
A D 2 16
H 10 B 1 0 112 2 2 3
J B 84 3106 1 82 6913 288 0
J N 7 3138 -32 8 1 0 1 11
K 0 11 45
K 0 0 43
K 0 11 45
K 2 11 45
K 0 -26 96
K 0 0 60
K 0 32 60
A D 4 16
J N 7 3202 -32 8 3457 576 1 11
K 0 11 45
K 0 0 43
K 0 11 45
K 2 11 45
K 0 -26 96
K 0 0 60
K 0 32 60
A D 4 16
H 11 S 0 0 -21 0 -21 0 0 0 0
J B 85 3272 1 82 6913 576 0
J N 7 3312 0 5 1 0 0
K -25 0 63
K 0 0 43
K 0 0 60
K 0 31 60
A D 4 16
J N 6 3376 0 3 3457 576 1 12
K 0 0 43
K 0 -26 96
A D 2 16
J N 6 3441 -11 4 5185 288 1 12
K -25 0 63
K 0 0 43
K 0 -26 96
A D 2 16
H 12 B 1 0 112 2 2 3
J B 86 3496 1 82 6913 288 0
J N 7 3528 -21 8 1 0 1 13
K 0 0 45
K 0 0 43
K -1 0 45
K 6 0 45
K 0 -26 96
K 0 0 60
K 0 31 60
A D 4 16
J N 7 3592 -21 8 3457 576 1 13
K 0 0 45
K 0 0 43
K -1 0 45
K 6 0 45
K 0 -26 96
K 0 0 60
K 0 31 60
A D 4 16
H 13 S 0 0 -21 0 -21 0 0 0 0
J B 87 3662 1 82 6913 576 0
J N 7 3694 10 4 1 0 0
K 0 0 43
K 0 0 60
K 0 32 60
A D 4 16
J N 6 3758 10 3 3457 576 1 14
K 0 0 43
K 0 -26 96
A D 2 16
J N 6 3807 10 3 5185 288 1 14
K 0 0 43
K 0 -26 96
A D 2 16
H 14 B 1 0 112 2 2 3
J B 88 3862 1 82 6913 288 0
J N 7 3894 10 5 1 0 1 15
K 0 0 43
K 0 -26 96
K 0 0 60
K 0 32 60
A D 4 16
J N 7 3958 10 5 3457 576 1 15
K 0 0 43
K 0 -26 96
K 0 0 60
K 0 32 60
A D 4 16
H 15 S 0 0 -21 0 -21 0 0 0 0
J B 89 4028 1 82 6913 576 0
J N 7 4060 10 4 1 0 0
K 0 0 43
K 0 0 60
K 0 32 60
A D 4 16
J N 6 4130 0 4 3457 576 1 16
K -25 0 63
K 0 0 43
K 0 -26 96
A D 2 16
J N 6 4195 -11 4 5185 288 1 16
K -25 0 63
K 0 0 43
K 0 -26 96
A D 2 16
H 16 B 1 0 112 2 2 3
J B 90 4250 1 82 6913 288 0
J N 7 4282 -21 7 1 0 0
K 0 0 45
K 0 0 43
K -1 0 45
K 6 0 45
K 0 0 60
K 0 31 60
A D 4 16
J R 7 4346 42 2 3457 576 0
K 0 0 48
A D 4 16
J B 91 4416 1 82 6913 576 0
J S 4 4461 31 8 2 576 0
K 0 0 62
K 0 5 62
K 0 11 92
K 30 11 92
K 60 11 92
K 90 0 62
K 90 5 62
K 30 11 73
J B 93 4596 1 82 6913 1 0 
J D 0 4628 0 1 1 0 1 17
W 0 142 36 dimin.
J N 7 4628 0 5 1 0 0
K -25 0 63
K 0 0 43
K 0 0 60
K 0 31 60
A D 4 16
J N 6 4692 0 3 3457 576 1 18
K 0 0 43
K 0 -26 96
A D 2 16
J N 6 4757 -11 4 5185 288 1 18
K -25 0 63
K 0 0 43
K 0 -26 96
A D 2 16
H 18 B 1 0 112 2 2 3
J B 94 4812 1 82 6913 288 0
J N 7 4844 -21 8 1 0 1 19
K 0 0 45
K 0 0 43
K -1 0 45
K 6 0 45
K 0 -26 96
K 0 0 60
K 0 31 60
A D 4 16
J N 7 4908 -21 8 3457 576 1 19
K 0 0 45
K 0 0 43
K -1 0 45
K 6 0 45
K 0 -26 96
K 0 0 60
K 0 31 60
A D 4 16
H 19 S 0 0 -21 0 -21 0 0 0 0
J M 0 4972 0 0 6913 576 1 17
H 17 D 163 0 142 0 31
J B 95 4978 1 82 6913 0 0
J D 0 5010 0 1 1 0 1 20
W 0 142 36 sempre dimin.
J N 7 5010 10 4 1 0 0
K 0 0 43
K 0 0 60
K 0 32 60
A D 4 16
J N 6 5074 10 3 3457 576 1 21
K 0 0 43
K 0 -26 96
A D 2 16
J N 6 5123 10 3 5185 288 1 21
K 0 0 43
K 0 -26 96
A D 2 16
H 21 B 1 0 112 2 2 3
J B 96 5178 1 82 6913 288 0
J N 7 5210 10 5 1 0 1 22
K 0 0 43
K 0 -26 96
K 0 0 60
K 0 32 60
A D 4 16
J N 7 5274 10 5 3457 576 1 22
K 0 0 43
K 0 -26 96
K 0 0 60
K 0 32 60
A D 4 16
H 22 S 0 0 -21 0 -21 0 0 0 0
J B 97 5344 1 82 6913 576 0
J N 7 5376 10 4 1 0 0
K 0 0 43
K 0 0 60
K 0 32 60
A D 4 16
J N 6 5446 0 4 3457 576 1 23
K -25 0 63
K 0 0 43
K 0 -26 96
A D 2 16
J N 6 5511 -11 4 5185 288 1 23
K -25 0 63
K 0 0 43
K 0 -26 96
A D 2 16
H 23 B 1 0 112 2 2 3
J M 0 5560 0 0 6913 288 1 20
H 20 D 327 0 142 0 31
J B 98 5566 1 82 6913 0 0
J N 7 5598 -21 8 1 0 0
K 0 0 45
K 0 0 43
K -1 0 45
K 6 0 45
K 0 155 108
K 0 0 60
K 0 31 60
A D 4 16
J R 7 5662 42 2 3457 576 0
K 0 0 48
A D 4 16
J B 99 5732 1 82 6913 576 0
J S 4 5777 31 8 3 576 0
K 0 0 62
K 0 5 62
K 0 11 92
K 30 11 92
K 60 11 92
K 90 0 62
K 90 5 62
K 30 11 74
J B 102 5925 5 2 6913 1 0 
K -13 0 82
K 0 0 82
J K 3 5957 0 3 6913 576 0
K 0 0 63
K 21 31 63
K 42 -11 63
J D 0 5981 0 17 1 0 0
W 0 -84 44 D
K -18 -146 90
K -18 -72 90
K 12 -146 90
K 12 -72 90
K 42 -146 90
K 42 -72 90
K 43 -146 90
K 43 -72 90
K -18 -146 89
K 69 -146 89
K -18 -125 89
K 69 -125 89
K -18 -104 89
K 69 -104 89
K -18 -93 89
K 69 -93 89
J R 9 6044 42 2 1 10000 0
K 0 0 46
A D 8 16
J B 103 6201 1 82 6913 1152 0
J S 4 6246 31 8 7 1152 0
K 0 0 62
K 0 5 62
K 0 11 92
K 30 11 92
K 60 11 92
K 90 0 62
K 90 5 62
K 30 11 78
J B 110 6381 1 82 6913 1 0 
J R 7 6413 42 2 1 0 0
K 0 0 48
A D 4 16
J S 0 6477 142 108 3457 576 1 24
J N 7 6477 -63 10 3457 0 1 25
K 0 42 45
K 0 21 45
K 0 0 45
K 0 0 43
K -1 0 45
K 6 0 45
K 0 0 60
K 0 42 60
K 0 63 60
A D 4 16
J B 111 6547 1 82 6913 576 0
J N 8 6579 -63 10 1 0 3 26 27 25
K 0 42 45
K 0 21 45
K 0 0 45
K 0 0 42
K -1 0 45
K 6 0 45
K 0 0 60
K 0 42 60
K 0 63 60
A D 8 16
H 25 T -63 0 0 0 0 0 5 0
J B 112 6674 1 82 6913 1152 0
J N 7 6706 -63 10 1 0 1 26
K 0 42 45
K 0 21 45
K 0 0 45
K 0 0 43
K -1 0 45
K 6 0 45
K 0 0 60
K 0 42 60
K 0 63 60
A D 4 16
H 26 T -63 0 0 0 0 0 5 0
J N 7 6770 -53 9 3457 576 1 28
K 0 32 45
K 0 11 45
K 0 0 43
K 0 11 45
K 2 11 45
K 0 0 60
K 0 42 60
K 0 53 60
A D 4 16
J B 113 6840 1 82 6913 576 0
J N 7 6872 -53 9 1 0 1 28
K 0 32 45
K 0 11 45
K 0 0 43
K 0 11 45
K 2 11 45
K 0 0 60
K 0 42 60
K 0 53 60
A D 4 16
H 28 T -53 0 0 0 0 0 1 0
J N 7 6936 -42 8 3457 576 2 27 24
K 0 21 45
K 0 0 45
K 0 0 43
K -1 0 45
K 6 0 45
K 0 0 60
K 0 42 60
A D 4 16
H 24 W 0 31 44 142 62 142
H 27 S 0 0 0 0 0 0 0 0 0
J B 114 7006 1 82 6913 576 0
J N 7 7038 -32 7 1 0 2 30 29
K 0 11 45
K 0 0 43
K 0 11 45
K 2 11 45
K 0 0 60
K 0 32 60
A D 4 16
J N 7 7102 -21 7 3457 576 0
K 0 0 45
K 0 0 43
K -1 0 45
K 6 0 45
K 0 0 60
K 0 31 60
A D 4 16
J B 115 7172 1 82 6913 576 0
J N 7 7204 -11 4 1 0 0
K 0 0 43
K 0 0 60
K 0 32 60
A D 4 16
J N 7 7268 0 4 3457 576 0
K 0 0 43
K 0 0 60
K 0 31 60
A D 4 16
J B 116 7338 1 82 6913 576 0
J N 7 7370 10 4 1 0 2 30 29
K 0 0 43
K 0 0 60
K 0 32 60
A D 4 16
H 29 W 31 0 10 142 21 142
H 30 S 0 0 0 0 0 0 0 0 0
J R 7 7434 42 2 3457 576 0
K 0 0 48
A D 4 16
J B 117 7504 1 82 6913 576 0
J S 4 7549 31 9 22 576 0
K 0 0 62
K 0 5 62
K 0 11 92
K 30 11 92
K 60 11 92
K 90 0 62
K 90 5 62
K 45 11 73
K 14 11 73
J B 139 7697 5 2 6913 1 0 
K -13 0 82
K 0 0 82
J K 0 7729 0 3 6913 576 0
K 0 0 64
K 19 31 64
K 38 -11 64
J S 4 7823 31 8 5 576 0
K 0 0 62
K 0 5 62
K 0 11 92
K 30 11 92
K 60 11 92
K 90 0 62
K 90 5 62
K 30 11 76
J B 144 7958 1 82 6913 1 0 
J D 0 7990 0 1 1 0 0
W 0 -115 32 Fl. 1
J N 6 7990 -74 7 1 0 2 31 32
K 0 53 173
K 0 32 173
K 0 11 173
K 0 0 171
K 0 11 173
K 2 11 173
A D 2 24
J R 9 7990 105 2 1 0 0
K 0 0 46
A D 12 24
J N 6 8039 -63 7 1153 192 1 32
K 0 42 173
K 0 21 173
K 0 0 173
K 0 0 171
K -1 0 173
K 6 0 173
A D 2 24
J N 6 8088 -53 6 2305 192 2 32 31
K 0 32 173
K 0 11 173
K 0 0 171
K 0 11 173
K 2 11 173
A D 2 24
H 31 X 9 3 0 0 0 0 32
H 32 B 1 0 109 3 2 1 3
J N 6 8137 -42 6 3457 192 2 33 34
K 0 21 173
K 0 0 173
K 0 0 171
K -1 0 173
K 6 0 173
A D 2 24
J N 6 8186 -32 5 4609 192 1 34
K 0 11 173
K 0 0 171
K 0 11 173
K 2 11 173
A D 2 24
J N 6 8235 -21 5 5761 192 2 34 33
K 0 0 173
K 0 0 171
K -1 0 173
K 6 0 173
A D 2 24
H 33 X 9 3 0 0 0 0 34
H 34 B 1 0 109 3 2 1 3
J B 145 8290 1 82 6913 192 0
J N 6 8322 -11 3 1 0 0
K 0 0 171
K 0 0 182
A D 2 16
J R 9 8322 105 2 1 0 0
K 0 0 46
A D 8 16
J R 6 8383 21 2 1729 288 0
K 0 0 177
A D 2 16
J R 7 8432 21 2 3457 288 0
K 0 0 176
A D 4 16
J B 146 8502 1 82 6913 576 0
J S 4 8547 31 8 3 576 0
K 0 0 62
K 0 5 62
K 0 11 92
K 30 11 92
K 60 11 92
K 90 0 62
K 90 5 62
K 30 11 74
J B 149 8682 1 82 6913 1 0 
J R 7 8714 42 2 1 0 0
K 0 0 48
A D 4 16
J N 6 8778 10 5 3457 576 1 35
K 0 0 43
K 0 -26 96
K 0 128 110
K 30 128 110
A D 2 16
J N 6 8827 10 3 5185 288 1 35
K 0 0 43
K 0 -26 96
A D 2 16
H 35 B 1 0 112 2 2 3
J B 150 8882 1 82 6913 288 0
J D 0 8893 0 15 1 0 0
W 0 -42 44 E
K -18 -104 90
K -18 -30 90
K 12 -104 90
K 12 -30 90
K 39 -104 90
K 39 -30 90
K -18 -104 89
K 65 -104 89
K -18 -83 89
K 65 -83 89
K -18 -62 89
K 65 -62 89
K -18 -51 89
K 65 -51 89
J R 9 8914 42 2 1 10000 0
K 0 0 46
A D 8 16
J B 151 9071 1 82 6913 1152 0
J S 4 9116 31 9 32 1152 0
K 0 0 62
K 0 5 62
K 0 11 92
K 30 11 92
K 60 11 92
K 90 0 62
K 90 5 62
K 45 11 73
K 14 11 74
J B 183 9251 1 82 6913 1 0 
J D 0 9199 0 15 1 0 0
W 0 -42 44 F
K -18 -104 90
K -18 -30 90
K 12 -104 90
K 12 -30 90
K 36 -104 90
K 36 -30 90
K -18 -104 89
K 62 -104 89
K -18 -83 89
K 62 -83 89
K -18 -62 89
K 62 -62 89
K -18 -51 89
K 62 -51 89
J D 0 9283 0 1 1 0 0
W 0 -42 32 [fugato]
J R 9 9283 42 2 1 10000 0
K 0 0 46
A D 8 16
J B 184 9440 1 82 6913 1152 0
J S 4 9485 31 9 26 1152 0
K 0 0 62
K 0 5 62
K 0 11 92
K 30 11 92
K 60 11 92
K 90 0 62
K 90 5 62
K 45 11 77
K 14 11 73
J B 210 9620 1 82 6913 1 0 
J D 0 9652 0 1 1 0 0
W 0 -52 32 Fl. 1
J N 7 9652 -11 5 1 0 0
K -20 0 191
K 0 0 171
K 0 0 188
K 0 21 188
A D 4 16
J R 9 9652 105 2 1 10000 0
K 0 0 46
A D 8 16
J N 6 9716 -11 3 3457 576 1 36
K 0 0 171
K 0 -26 96
A D 2 16
J N 6 9765 -21 6 5185 288 1 36
K 0 0 173
K 0 0 171
K -1 0 173
K 6 0 173
K 0 -26 96
A D 2 16
H 36 B 1 0 109 2 2 3
J B 211 9820 1 82 6913 288 0
J N 7 9852 -32 7 1 0 0
K 0 11 173
K 0 0 171
K 0 11 173
K 2 11 173
K 0 0 188
K 0 22 188
A D 4 16
J R 9 9852 105 2 1 10000 0
K 0 0 46
A D 8 16
J N 6 9916 -32 5 3457 576 1 37
K 0 11 173
K 0 0 171
K 0 11 173
K 2 11 173
A D 2 16
J N 6 9965 -42 6 5185 288 1 37
K 0 21 173
K 0 0 173
K 0 0 171
K -1 0 173
K 6 0 173
A D 2 16
H 37 B 1 0 109 2 2 3
J D 0 10014 0 1 6913 288 0
W 0 -42 32 etc.
J B 212 10020 1 82 6913 0 0
J S 4 10065 31 8 2 288 0
K 0 0 62
K 0 5 62
K 0 11 92
K 30 11 92
K 60 11 92
K 90 0 62
K 90 5 62
K 30 11 73
J B 214 10200 1 82 6913 1 0 
J D 0 10169 0 17 1 0 0
W 0 -73 44 G
K -18 -135 90
K -18 -61 90
K 12 -135 90
K 12 -61 90
K 42 -135 90
K 42 -61 90
K 47 -135 90
K 47 -61 90
K -18 -135 89
K 73 -135 89
K -18 -114 89
K 73 -114 89
K -18 -93 89
K 73 -93 89
K -18 -82 89
K 73 -82 89
J N 5 10232 -21 7 1 0 1 38
K 0 0 45
K 0 0 43
K -1 0 45
K 6 0 45
K 0 153 110
K 30 153 110
A D 1 16
J N 5 10281 -32 5 865 144 1 38
K 0 11 45
K 0 0 43
K 0 11 45
K 2 11 45
A D 1 16
J N 5 10330 -42 6 1729 144 1 38
K 0 21 45
K 0 0 45
K 0 0 43
K -1 0 45
K 6 0 45
A D 1 16
J N 5 10379 -32 5 2593 144 1 38
K 0 11 45
K 0 0 43
K 0 11 45
K 2 11 45
A D 1 16
H 38 B 1 0 112 4 22 11 11 33
J N 5 10428 -21 5 3457 144 1 39
K 0 0 45
K 0 0 43
K -1 0 45
K 6 0 45
A D 1 16
J N 5 10477 -42 6 4321 144 1 39
K 0 21 45
K 0 0 45
K 0 0 43
K -1 0 45
K 6 0 45
A D 1 16
J N 5 10526 -32 5 5185 144 1 39
K 0 11 45
K 0 0 43
K 0 11 45
K 2 11 45
A D 1 16
J N 5 10575 -21 5 6049 144 1 39
K 0 0 45
K 0 0 43
K -1 0 45
K 6 0 45
A D 1 16
H 39 B 1 0 112 4 22 11 11 33
J B 215 10630 1 82 6913 144 0
J N 5 10662 10 2 1 0 1 40
K 0 0 43
A D 1 16
J N 5 10727 0 3 865 144 1 40
K -25 0 63
K 0 0 43
A D 1 16
J N 5 10792 -11 3 1729 144 1 40
K -25 0 63
K 0 0 43
A D 1 16
J N 5 10841 -21 5 2593 144 1 40
K 0 0 45
K 0 0 43
K -1 0 45
K 6 0 45
A D 1 16
H 40 B 1 0 112 4 22 11 11 33
J N 5 10890 -32 5 3457 144 1 41
K 0 11 45
K 0 0 43
K 0 11 45
K 2 11 45
A D 1 16
J N 5 10939 -42 6 4321 144 1 41
K 0 21 45
K 0 0 45
K 0 0 43
K -1 0 45
K 6 0 45
A D 1 16
J N 5 10988 -53 6 5185 144 1 41
K 0 32 45
K 0 11 45
K 0 0 43
K 0 11 45
K 2 11 45
A D 1 16
J N 5 11037 -63 7 6049 144 1 41
K 0 42 45
K 0 21 45
K 0 0 45
K 0 0 43
K -1 0 45
K 6 0 45
A D 1 16
H 41 B 1 0 112 4 22 11 11 33
J B 216 11092 1 82 6913 144 0
J N 5 11124 -53 6 1 0 1 42
K 0 32 45
K 0 11 45
K 0 0 43
K 0 11 45
K 2 11 45
A D 1 16
J N 5 11173 -32 5 865 144 1 42
K 0 11 45
K 0 0 43
K 0 11 45
K 2 11 45
A D 1 16
J N 5 11222 -42 6 1729 144 1 42
K 0 21 45
K 0 0 45
K 0 0 43
K -1 0 45
K 6 0 45
A D 1 16
J N 5 11271 -53 6 2593 144 1 42
K 0 32 45
K 0 11 45
K 0 0 43
K 0 11 45
K 2 11 45
A D 1 16
H 42 B 1 0 112 4 22 11 11 33
J N 5 11320 -63 7 3457 144 1 43
K 0 42 45
K 0 21 45
K 0 0 45
K 0 0 43
K -1 0 45
K 6 0 45
A D 1 16
J N 5 11369 -53 6 4321 144 1 43
K 0 32 45
K 0 11 45
K 0 0 43
K 0 11 45
K 2 11 45
A D 1 16
J N 5 11418 -42 6 5185 144 1 43
K 0 21 45
K 0 0 45
K 0 0 43
K -1 0 45
K 6 0 45
A D 1 16
J N 5 11467 -32 5 6049 144 1 43
K 0 11 45
K 0 0 43
K 0 11 45
K 2 11 45
A D 1 16
H 43 B 1 0 112 4 22 11 11 33
J B 217 11522 1 82 6913 144 0
J N 5 11554 -42 6 1 0 1 44
K 0 21 45
K 0 0 45
K 0 0 43
K -1 0 45
K 6 0 45
A D 1 16
J N 5 11603 -32 5 865 144 1 44
K 0 11 45
K 0 0 43
K 0 11 45
K 2 11 45
A D 1 16
J N 5 11652 -42 6 1729 144 1 44
K 0 21 45
K 0 0 45
K 0 0 43
K -1 0 45
K 6 0 45
A D 1 16
J N 5 11701 -53 6 2593 144 1 44
K 0 32 45
K 0 11 45
K 0 0 43
K 0 11 45
K 2 11 45
A D 1 16
H 44 B 1 0 112 4 22 11 11 33
J N 5 11750 -63 7 3457 144 1 45
K 0 42 45
K 0 21 45
K 0 0 45
K 0 0 43
K -1 0 45
K 6 0 45
A D 1 16
J N 5 11799 10 2 4321 144 1 45
K 0 0 43
A D 1 16
J N 5 11864 0 3 5185 144 1 45
K -25 0 63
K 0 0 43
A D 1 16
J N 5 11929 -11 3 6049 144 1 45
K -25 0 63
K 0 0 43
A D 1 16
H 45 B 1 0 112 4 22 11 11 33
J B 218 11984 1 82 6913 144 0
J N 5 12016 -21 5 1 0 1 46
K 0 0 45
K 0 0 43
K -1 0 45
K 6 0 45
A D 1 16
J N 5 12065 -32 5 865 144 1 46
K 0 11 45
K 0 0 43
K 0 11 45
K 2 11 45
A D 1 16
J N 5 12114 -42 6 1729 144 1 46
K 0 21 45
K 0 0 45
K 0 0 43
K -1 0 45
K 6 0 45
A D 1 16
J N 5 12163 -32 5 2593 144 1 46
K 0 11 45
K 0 0 43
K 0 11 45
K 2 11 45
A D 1 16
H 46 B 1 0 112 4 22 11 11 33
J N 5 12212 -21 5 3457 144 1 47
K 0 0 45
K 0 0 43
K -1 0 45
K 6 0 45
A D 1 16
J N 5 12261 -42 6 4321 144 1 47
K 0 21 45
K 0 0 45
K 0 0 43
K -1 0 45
K 6 0 45
A D 1 16
J N 5 12310 -32 5 5185 144 1 47
K 0 11 45
K 0 0 43
K 0 11 45
K 2 11 45
A D 1 16
J N 5 12359 -21 5 6049 144 1 47
K 0 0 45
K 0 0 43
K -1 0 45
K 6 0 45
A D 1 16
H 47 B 1 0 112 4 22 11 11 33
J B 219 12414 1 82 6913 144 0
J N 5 12446 10 2 1 0 1 48
K 0 0 43
A D 1 16
J N 5 12511 0 3 865 144 1 48
K -25 0 63
K 0 0 43
A D 1 16
J N 5 12576 -11 3 1729 144 1 48
K -25 0 63
K 0 0 43
A D 1 16
J N 5 12625 -21 5 2593 144 1 48
K 0 0 45
K 0 0 43
K -1 0 45
K 6 0 45
A D 1 16
H 48 B 1 0 112 4 22 11 11 33
J N 5 12674 -32 5 3457 144 1 49
K 0 11 45
K 0 0 43
K 0 11 45
K 2 11 45
A D 1 16
J N 5 12723 -42 6 4321 144 1 49
K 0 21 45
K 0 0 45
K 0 0 43
K -1 0 45
K 6 0 45
A D 1 16
J N 5 12772 -53 6 5185 144 1 49
K 0 32 45
K 0 11 45
K 0 0 43
K 0 11 45
K 2 11 45
A D 1 16
J N 5 12821 -63 7 6049 144 1 49
K 0 42 45
K 0 21 45
K 0 0 45
K 0 0 43
K -1 0 45
K 6 0 45
A D 1 16
H 49 B 1 0 112 4 22 11 11 33
J B 220 12876 1 82 6913 144 0
J N 5 12908 -53 6 1 0 1 50
K 0 32 45
K 0 11 45
K 0 0 43
K 0 11 45
K 2 11 45
A D 1 16
J N 5 12957 -32 5 865 144 1 50
K 0 11 45
K 0 0 43
K 0 11 45
K 2 11 45
A D 1 16
J N 5 13006 -42 6 1729 144 1 50
K 0 21 45
K 0 0 45
K 0 0 43
K -1 0 45
K 6 0 45
A D 1 16
J N 5 13055 -53 6 2593 144 1 50
K 0 32 45
K 0 11 45
K 0 0 43
K 0 11 45
K 2 11 45
A D 1 16
H 50 B 1 0 112 4 22 11 11 33
J N 5 13104 -63 7 3457 144 1 51
K 0 42 45
K 0 21 45
K 0 0 45
K 0 0 43
K -1 0 45
K 6 0 45
A D 1 16
J N 5 13153 -53 6 4321 144 1 51
K 0 32 45
K 0 11 45
K 0 0 43
K 0 11 45
K 2 11 45
A D 1 16
J N 5 13202 -42 6 5185 144 1 51
K 0 21 45
K 0 0 45
K 0 0 43
K -1 0 45
K 6 0 45
A D 1 16
J N 5 13251 -32 5 6049 144 1 51
K 0 11 45
K 0 0 43
K 0 11 45
K 2 11 45
A D 1 16
H 51 B 1 0 112 4 22 11 11 33
J B 221 13306 1 82 6913 144 0
J N 7 13338 -21 7 1 0 0
K 0 0 45
K 0 0 43
K -1 0 45
K 6 0 45
K 0 0 60
K 0 31 60
A D 4 16
J R 7 13402 42 2 3457 576 0
K 0 0 48
A D 4 16
J B 222 13472 1 82 6913 576 0
J S 4 13517 31 8 3 576 0
K 0 0 62
K 0 5 62
K 0 11 92
K 30 11 92
K 60 11 92
K 90 0 62
K 90 5 62
K 30 11 74
J B 225 13665 5 2 6913 1 0 
K -13 0 82
K 0 0 82
J K 3 13697 0 3 6913 576 0
K 0 0 63
K 21 31 63
K 42 -11 63
J S 4 13797 31 8 8 576 0
K 0 0 62
K 0 5 62
K 0 11 92
K 30 11 92
K 60 11 92
K 90 0 62
K 90 5 62
K 30 11 79
J B 233 13932 1 82 6913 1 0 
J R 7 13964 42 2 1 0 0
K 0 0 48
A D 4 16
J S 0 14028 142 108 3457 576 1 52
J N 7 14028 -63 10 3457 0 2 53 54
K 0 42 45
K 0 21 45
K 0 0 45
K 0 0 43
K -1 0 45
K 6 0 45
K 0 0 60
K 0 42 60
K 0 63 60
A D 4 16
J B 234 14098 1 82 6913 576 0
J N 8 14130 -63 10 1 0 2 55 53
K 0 42 45
K 0 21 45
K 0 0 45
K 0 0 42
K -1 0 45
K 6 0 45
K 0 0 60
K 0 42 60
K 0 63 60
A D 8 16
H 53 T -63 0 0 0 0 0 5 0
J B 235 14225 1 82 6913 1152 0
J N 7 14257 -63 10 1 0 1 55
K 0 42 45
K 0 21 45
K 0 0 45
K 0 0 43
K -1 0 45
K 6 0 45
K 0 0 60
K 0 42 60
K 0 63 60
A D 4 16
H 55 T -63 0 0 0 0 0 5 0
J N 7 14321 -53 9 3457 576 1 56
K 0 32 45
K 0 11 45
K 0 0 43
K 0 11 45
K 2 11 45
K 0 0 60
K 0 42 60
K 0 53 60
A D 4 16
J B 236 14391 1 82 6913 576 0
J N 7 14423 -53 9 1 0 1 56
K 0 32 45
K 0 11 45
K 0 0 43
K 0 11 45
K 2 11 45
K 0 0 60
K 0 42 60
K 0 53 60
A D 4 16
H 56 T -53 0 0 0 0 0 1 0
J N 7 14487 -42 8 3457 576 1 52
K 0 21 45
K 0 0 45
K 0 0 43
K -1 0 45
K 6 0 45
K 0 0 60
K 0 42 60
A D 4 16
H 52 W 0 31 44 142 62 142
J B 237 14557 1 82 6913 576 0
J N 7 14589 0 4 1 0 1 57
K 0 0 43
K 0 0 60
K 0 31 60
A D 4 16
J N 7 14653 10 4 3457 576 0
K 0 0 43
K 0 0 60
K 0 32 60
A D 4 16
J B 238 14723 1 82 6913 576 0
J N 7 14755 0 4 1 0 0
K 0 0 43
K 0 0 60
K 0 31 60
A D 4 16
J N 7 14819 -11 4 3457 576 0
K 0 0 43
K 0 0 60
K 0 32 60
A D 4 16
J B 239 14889 1 82 6913 576 0
J N 8 14921 -21 7 1 0 2 54 57
K 0 0 45
K 0 0 42
K -1 0 45
K 6 0 45
K 0 0 60
K 0 31 60
A D 8 16
H 57 W 31 0 10 142 21 142
H 54 S 0 0 0 0 0 0 0 0 0
J B 240 15016 1 82 6913 1152 0
J D 0 15048 0 1 1 0 0
W 0 142 36 dimin.
J N 7 15048 0 4 1 0 1 58
K 0 0 43
K 0 0 60
K 0 31 60
A D 4 16
J N 7 15112 -11 4 3457 576 0
K 0 0 43
K 0 0 60
K 0 32 60
A D 4 16
J B 241 15182 1 82 6913 576 0
J N 8 15214 -21 7 1 0 1 58
K 0 0 45
K 0 0 42
K -1 0 45
K 6 0 45
K 0 0 60
K 0 31 60
A D 8 16
H 58 S 0 0 0 0 0 0 0 0 0
J B 242 15309 1 82 6913 1152 0
J N 7 15341 0 4 1 0 1 59
K 0 0 43
K 0 0 60
K 0 31 60
A D 4 16
J N 7 15405 -11 4 3457 576 1 59
K 0 0 43
K 0 0 60
K 0 32 60
A D 4 16
H 59 S 0 0 0 0 0 0 0 0 0
J B 243 15475 1 82 6913 576 0
J N 7 15507 -21 9 1 0 0
K 0 0 45
K 0 0 43
K -1 0 45
K 6 0 45
K 0 142 108
K 34 142 108
K 0 0 60
K 0 31 60
A D 4 16
J R 7 15571 42 2 3457 576 0
K 0 0 48
A D 4 16
J B 244 15641 1 82 6913 576 0
J S 4 15686 31 8 3 576 0
K 0 0 62
K 0 5 62
K 0 11 92
K 30 11 92
K 60 11 92
K 90 0 62
K 90 5 62
K 30 11 74
J B 247 15821 1 82 6913 1 0 
J D 0 15843 0 1 1 0 0
W 0 -25 33 ten.
J N 7 15853 21 6 1 0 0
K 0 0 43
K 0 111 110
K 30 111 110
K 0 0 60
K 0 31 60
A D 4 16
J N 6 15923 31 4 3457 576 1 60
K -22 0 64
K 0 0 43
K 0 -21 96
A D 2 16
J N 6 15972 21 3 5185 288 1 60
K 0 0 43
K 0 -32 96
A D 2 16
H 60 B 1 0 112 2 2 3
J B 248 16040 5 2 6913 288 0
K -13 0 82
K 0 0 82
J K 0 16072 0 3 6913 0 0
K 0 0 64
K 19 31 64
K 38 -11 64
J D 0 16111 0 17 1 0 0
W 0 -63 44 H
K -18 -125 90
K -18 -51 90
K 12 -125 90
K 12 -51 90
K 42 -125 90
K 42 -51 90
K 48 -125 90
K 48 -51 90
K -18 -125 89
K 74 -125 89
K -18 -104 89
K 74 -104 89
K -18 -83 89
K 74 -83 89
K -18 -72 89
K 74 -72 89
J N 6 16153 10 3 1 0 0
K 0 0 43
K 0 0 54
A D 2 16
J R 6 16202 42 2 1729 288 0
K 0 0 49
A D 2 16
J R 7 16251 42 2 3457 288 0
K 0 0 48
A D 4 16
J B 249 16321 1 82 6913 576 0
J S 4 16366 31 8 2 576 0
K 0 0 62
K 0 5 62
K 0 11 92
K 30 11 92
K 60 11 92
K 90 0 62
K 90 5 62
K 30 11 73
J B 251 16501 1 82 6913 1 0 
J D 0 16523 0 1 1 0 0
W 0 -29 33 ten.
J N 7 16533 21 6 1 0 0
K 0 0 43
K 0 111 110
K 30 111 110
K 0 0 60
K 0 31 60
A D 4 16
J N 6 16597 31 3 3457 576 1 61
K 0 0 43
K 0 -21 96
A D 2 16
J N 6 16646 21 3 5185 288 1 61
K 0 0 43
K 0 -32 96
A D 2 16
H 61 B 1 0 112 2 2 3
J B 252 16701 1 82 6913 288 0
J N 6 16733 10 3 1 0 0
K 0 0 43
K 0 0 54
A D 2 16
J R 6 16782 42 2 1729 288 0
K 0 0 49
A D 2 16
J R 7 16831 42 2 3457 288 0
K 0 0 48
A D 4 16
J B 253 16901 1 82 6913 576 0
J R 9 16972 42 46 1 10000 0
J B 254 17083 1 82 6913 1152 0 
J N 7 17115 -32 8 1 0 0
K 0 11 45
K 0 0 43
K 0 11 45
K 2 11 45
K 0 153 108
K 0 0 60
K 0 32 60
A D 4 16
J N 6 17179 -21 6 3457 576 1 62
K 0 0 45
K 0 0 43
K -1 0 45
K 6 0 45
K 0 -26 96
A D 2 16
J N 6 17228 -32 6 5185 288 1 62
K 0 11 45
K 0 0 43
K 0 11 45
K 2 11 45
K 0 -26 96
A D 2 16
H 62 B 1 0 112 2 2 3
J B 255 17283 1 82 6913 288 0
J D 0 17305 0 1 1 0 0
W 0 -73 33 ten.
J N 7 17315 -42 10 1 0 0
K 0 21 45
K 0 0 45
K 0 0 43
K -1 0 45
K 6 0 45
K 0 163 108
K 34 163 108
K 0 0 60
K 0 42 60
A D 4 16
J N 6 17379 -42 7 3457 576 2 63 64
K 0 21 45
K 0 0 45
K 0 0 43
K -1 0 45
K 6 0 45
K 0 -26 96
A D 2 16
J N 6 17428 -42 7 5185 288 2 64 63
K 0 21 45
K 0 0 45
K 0 0 43
K -1 0 45
K 6 0 45
K 0 -26 96
A D 2 16
H 64 B 1 0 112 2 2 3
H 63 S 0 0 -21 0 -21 0 0 0 0
J B 256 17483 1 82 6913 288 0
J N 7 17515 -32 8 1 0 1 65
K 0 11 45
K 0 0 43
K 0 11 45
K 2 11 45
K 0 -26 96
K 0 0 60
K 0 32 60
A D 4 16
J N 7 17579 -32 8 3457 576 1 65
K 0 11 45
K 0 0 43
K 0 11 45
K 2 11 45
K 0 -26 96
K 0 0 60
K 0 32 60
A D 4 16
H 65 S 0 0 -21 0 -21 0 0 0 0
J B 257 17649 1 82 6913 576 0
J S 4 17694 31 9 22 576 0
K 0 0 62
K 0 5 62
K 0 11 92
K 30 11 92
K 60 11 92
K 90 0 62
K 90 5 62
K 45 11 73
K 14 11 73
J B 0 17851 6 2 6913 1 0 
K -22 0 82
K -11 0 84
J M 0 17829 0 0 10000 0 0
