S 0 100 140 2250 84 1 "(.) "        
L 0 0 0 250 250 * 0 21 0        
J C 4 7 63 2 6913 0 0        
K 0 0 33        
K 0 0 34        
J K 0 85 0 0 6913 0 0        
J D 0 -39 -21 1 6913 0 0        
W 0 0 37 \01\07\03        
J S 4 127 31 8 6 576 0        
K 0 0 62        
K 0 5 62        
K 154 11 92        
K 124 11 92        
K 94 11 92        
K 64 11 92        
K 34 11 92        
K 4 11 92        
K 0 11 92        
K 184 0 62        
K 184 5 62        
K 77 9 77        
J B 179 353 1 82 6913 1 0        
J D 0 364 0 1 1 0 0        
W 0 -52 32 Horns        
J N 6 385 31 6 1 0 0        
K 0 0 171        
K 0 53 171        
K 0 53 187        
K 0 11 187        
K 0 0 181        
A D 2 16        
J R 9 453 105 2 1 10000 0        
K 0 0 46        
A D 8 16        
J R 6 430 21 2 1729 288 0
K 0 0 177        
A D 2 16        
J N 6 467 21 5 3457 288 0
K 0 0 171        
K 0 42 171        
K 0 42 187        
K 0 0 181        
A D 2 16        
J R 6 511 21 2 5185 288 0
K 0 0 177        
A D 2 16        
J B 180 551 1 82 6913 288 0
J N 6 577 31 6 1 0 0
K 0 0 171        
K 0 53 171        
K 0 53 187        
K 0 11 187        
K 0 0 181        
A D 2 16        
J R 9 624 105 2 1 10000 0
K 0 0 46        
A D 8 16        
J R 6 625 21 2 1729 288 0
K 0 0 177        
A D 2 16        
J R 7 671 21 2 3457 288 0
K 0 0 176        
A D 4 16        
J B 181 715 1 82 6913 576 0
J S 4 757 31 8 4 576 0
K 0 0 62        
K 0 5 62        
K 118 11 92        
K 88 11 92        
K 58 11 92        
K 28 11 92        
K 0 11 92        
K 148 0 62        
K 148 5 62        
K 59 9 75        
J B 185 947 1 82 6913 1 0
J R 6 979 42 2 1 0 0
K 0 0 49        
A D 2 16        
J N 6 1025 21 3 1729 288 1 34
K 0 0 43        
K 0 121 110        
A D 2 16        
J N 6 1071 21 2 3457 288 1 34
K 0 0 43        
A D 2 16        
J N 6 1117 21 2 5185 288 1 34
K 0 0 43        
A D 2 16        
H 34 B -69 0 112 3 2 1 3        
J B 186 1169 1 82 6913 288 0
J N 7 1201 21 5 1 0 0
K 0 0 43        
K 36 -9 44        
K 0 0 60        
K 0 31 60        
A D 6 16        
J R 6 1274 42 2 5185 864 0
K 0 0 49        
A D 2 16        
J B 187 1326 1 82 6913 288 0
J R 6 1358 42 2 1 0 0
K 0 0 49        
A D 2 16        
J N 6 1404 31 2 1729 288 1 35
K 0 0 43        
A D 2 16        
J N 6 1450 31 2 3457 288 1 35
K 0 0 43        
A D 2 16        
J N 6 1496 31 2 5185 288 1 35
K 0 0 43        
A D 2 16        
H 35 B -63 0 112 3 2 1 3        
J B 188 1548 1 82 6913 288 0
J N 7 1580 31 5 1 0 0
K 0 0 43        
K 38 0 44        
K 0 0 60        
K 0 32 60        
A D 6 16        
J R 6 1653 42 2 5185 864 0
K 0 0 49        
A D 2 16        
J B 189 1705 1 82 6913 288 0
J R 6 1737 42 2 1 0 0
K 0 0 49        
A D 2 16        
J N 6 1783 31 2 1729 288 1 36
K 0 0 43        
A D 2 16        
J N 6 1829 31 2 3457 288 1 36
K 0 0 43        
A D 2 16        
J N 6 1875 31 2 5185 288 1 36
K 0 0 43        
A D 2 16        
H 36 B -63 0 112 3 2 1 3        
J B 190 1927 1 82 6913 288 0
J N 8 1965 21 4 1 0 0
K 0 0 42        
K 0 0 60        
K 0 31 60        
A D 8 16        
J B 191 2078 1 82 6913 1152 0
J N 8 2113 21 4 1 0 0
K 0 0 42        
K 0 0 60        
K 0 31 60        
A D 8 16        
J B 192 2250 1 82 6913 1152 0        
E *        
B 1 353 0        
B 1 551 0
B 1 715 0
B 1 947 0
B 1 1169 0
B 1 1326 0
B 1 1548 0
B 1 1705 0
B 1 1927 0
B 1 2078 0
B 1 2250 0        
S 0 100 476 2250 84 1 "(.)"
L 0 0 0 250 250 * 0 21 0        
J C 4 7 63 2 6913 0 0        
K 0 0 33        
K 0 0 34        
J K 0 85 0 0 6913 0 0        
J D 0 -39 -21 1 6913 0 0        
W 0 0 37 \01\09\02        
J D 0 109 0 17 1 0 0        
W 0 -42 44 D        
K -18 -104 90        
K -18 -30 90        
K 12 -104 90        
K 12 -30 90        
K 42 -104 90        
K 42 -30 90        
K 43 -104 90        
K 43 -30 90        
K -18 -104 89        
K 69 -104 89        
K -18 -83 89        
K 69 -83 89        
K -18 -62 89        
K 69 -62 89        
K -18 -51 89        
K 69 -51 89        
J N 7 151 31 4 1 0 0        
K 0 0 43        
K 0 0 60        
K 0 32 60        
A D 4 16        
J R 7 210 42 2 3457 576 0        
K 0 0 48        
A D 4 16        
J B 193 275 1 82 6913 576 0        
J R 9 345 42 46 1 10000 0        
J B 194 457 1 82 6913 1152 0        
J S 4 499 31 8 8 576 0        
K 0 0 62        
K 0 5 62        
K 103 11 92        
K 73 11 92        
K 43 11 92        
K 13 11 92        
K 0 11 92        
K 133 0 62        
K 133 5 62        
K 51 9 79        
J B 202 674 1 82 6913 1 0        
J S 4 716 31 9 10 576 0        
K 0 0 62        
K 0 5 62        
K 103 11 92        
K 73 11 92        
K 43 11 92        
K 13 11 92        
K 0 11 92        
K 133 0 62        
K 133 5 62        
K 66 9 71        
K 35 9 72        
J B 212 891 1 82 6913 1 0        
J S 4 945 31 8 8 576 0
K 0 0 62        
K 0 5 62        
K 102 11 92        
K 72 11 92        
K 42 11 92        
K 12 11 92        
K 0 11 92        
K 132 0 62        
K 132 5 62        
K 51 9 79        
J B 220 1128 1 82 6913 1 0
J D 0 1175 -27 1 1 0 0
W 0 -52 32 Horns        
J R 6 1154 19 2 1 0 0
K 0 0 177        
A D 2 16        
J R 9 1200 105 2 1 10000 0
K 0 0 46        
A D 8 16        
J N 7 1191 -11 6 1729 288 0
K 0 0 171        
K 0 21 171        
K 0 21 187        
K 0 0 187        
K 0 -10 187        
A D 4 16        
J N 6 1249 -11 5 5185 576 0
K 0 0 171        
K 0 21 171        
K 0 21 187        
K 0 0 181        
A D 2 16        
J B 221 1288 1 82 6913 288 0
J N 6 1317 10 5 1 0 0
K 0 0 171        
K 0 21 171        
K 0 21 187        
K 0 0 181        
A D 2 16        
J R 6 1317 84 2 1 0 0
K 0 0 49        
A D 2 16        
J N 7 1366 31 6 1729 288 0
K 0 0 43        
K -8 107 111        
K 10 107 110        
K 0 0 60        
K 0 32 60        
A D 4 16        
J N 6 1437 31 3 5185 576 0
K 0 0 43        
K 0 0 54        
A D 2 16        
J B 222 1489 1 82 6913 288 0
J N 6 1518 63 3 1 0 0
K 0 0 43        
K 0 0 53        
A D 2 16        
J R 6 1583 42 2 1729 288 0
K 0 0 49        
A D 2 16        
J R 7 1629 42 2 3457 288 0
K 0 0 48        
A D 4 16        
J B 223 1694 1 82 6913 576 0
J R 6 1720 42 2 1 0 0
K 0 0 49        
A D 2 16        
J N 7 1757 63 6 1729 288 0
K 0 0 43        
K -8 69 111        
K 10 69 110        
K 0 0 59        
K 0 -32 59        
A D 4 16        
J N 6 1837 63 3 5185 576 0
K 0 0 43        
K 0 0 53        
A D 2 16        
J B 224 1899 1 82 6913 288 0
J N 7 1928 31 4 1 0 0
K 0 0 43        
K 0 0 60        
K 0 32 60        
A D 4 16        
J R 7 1990 42 2 3457 576 0
K 0 0 48        
A D 4 16        
J B 225 2055 1 82 6913 576 0
J R 6 2078 42 2 1 0 0
K 0 0 49        
A D 2 16        
J N 7 2121 31 6 1729 288 0
K 0 0 43        
K -8 107 111        
K 10 107 110        
K 0 0 60        
K 0 32 60        
A D 4 16        
J N 6 2195 31 3 5185 576 0
K 0 0 43        
K 0 0 54        
A D 2 16        
J B 226 2250 1 82 6913 288 0        
E *        
B 1 275 0        
B 1 457 0        
B 1 674 0        
B 1 891 0        
B 1 1128 0
B 1 1288 0
B 1 1489 0
B 1 1694 0
B 1 1899 0
B 1 2055 0
B 1 2250 0        
S 0 100 812 2250 84 1 "(.)"
L 0 0 0 250 250 * 0 21 0        
J C 4 7 63 2 6913 0 0        
K 0 0 33        
K 0 0 34        
J K 0 85 0 0 6913 0 0        
J D 0 -39 -21 1 6913 0 0        
W 0 0 37 \02\02\06        
J N 6 151 63 3 1 0 0        
K 0 0 43        
K 0 0 53        
A D 2 16        
J R 6 215 42 2 1729 288 0        
K 0 0 49        
A D 2 16        
J R 7 265 42 2 3457 288 0        
K 0 0 48        
A D 4 16        
J B 227 337 1 82 6913 576 0        
J R 6 363 42 2 1 0 0
K 0 0 49        
A D 2 16        
J N 7 401 63 6 1729 288 0
K 0 0 43        
K -8 69 111        
K 10 69 110        
K 0 0 59        
K 0 -32 59        
A D 4 16        
J N 6 478 63 3 5185 576 0
K 0 0 43        
K 0 0 53        
A D 2 16        
J B 228 544 1 82 6913 288 0
J N 8 576 31 6 1 0 1 37
K 0 0 42        
K -8 111 110        
K 17 111 110        
K 0 0 60        
K 0 32 60        
A D 8 16        
J B 229 680 1 82 6913 1152 0
J N 7 712 31 4 1 0 1 37
K 0 0 43        
K 0 0 60        
K 0 32 60        
A D 4 16        
H 37 T 31 0 0 0 0 0 1 0        
J N 6 789 31 2 3457 576 1 38
K 0 0 43        
A D 2 16        
J N 6 835 31 2 5185 288 1 38
K 0 0 43        
A D 2 16        
H 38 B -63 0 112 2 2 3        
J B 230 885 1 82 6913 288 0
J N 8 917 31 6 1 0 1 39
K 0 0 42        
K -8 107 111        
K 10 107 110        
K 0 0 60        
K 0 32 60        
A D 8 16        
J B 231 1021 1 82 6913 1152 0
J N 7 1053 31 4 1 0 1 39
K 0 0 43        
K 0 0 60        
K 0 32 60        
A D 4 16        
H 39 T 31 0 0 0 0 0 1 0        
J N 6 1130 31 2 3457 576 1 40
K 0 0 43        
A D 2 16        
J N 6 1176 31 2 5185 288 1 40
K 0 0 43        
A D 2 16        
H 40 B -63 0 112 2 2 3        
J B 232 1226 1 82 6913 288 0
J N 8 1258 31 6 1 0 1 41
K 0 0 42        
K -8 107 111        
K 10 107 110        
K 0 0 60        
K 0 32 60        
A D 8 16        
J B 233 1362 1 82 6913 1152 0
J N 7 1394 31 4 1 0 1 41
K 0 0 43        
K 0 0 60        
K 0 32 60        
A D 4 16        
H 41 T 31 0 0 0 0 0 1 0        
J N 6 1471 31 2 3457 576 1 42
K 0 0 43        
A D 2 16        
J N 6 1517 31 2 5185 288 1 42
K 0 0 43        
A D 2 16        
H 42 B -63 0 112 2 2 3        
J B 234 1567 1 82 6913 288 0
J N 7 1599 31 7 1 0 0
K 0 0 43        
K 38 0 44        
K 53 0 44
K 0 107 110        
K 0 0 60        
K 0 32 60        
A D 7 16        
J N 5 1693 31 3 6049 1008 0
K 0 0 43        
K 0 0 56        
A D 1 16        
J B 235 1746 1 82 6913 144 0
J N 7 1778 31 8 1 0 0
K 0 0 43        
K 38 0 44        
K 53 0 44
K -8 111 110        
K 17 111 110        
K 0 0 60        
K 0 32 60        
A D 7 16        
J N 5 1872 31 3 6049 1008 0
K 0 0 43        
K 0 0 56        
A D 1 16        
J B 236 1925 1 82 6913 144 0
J N 7 1957 31 5 1 0 0
K 0 0 43        
K 0 -21 96        
K 0 0 60        
K 0 32 60        
A D 4 16        
J N 7 2022 31 6 3457 576 1 43
K 0 0 43        
K -8 107 111        
K 10 107 110        
K 0 0 60        
K 0 32 60        
A D 4 16        
J B 237 2081 1 82 6913 576 0
J N 8 2116 31 5 1 0 1 43
K 0 0 42        
K 0 -47 101        
K 0 0 60        
K 0 32 60        
A D 8 16        
H 43 T 31 0 0 0 0 0 1 0        
J B 238 2250 1 82 6913 1152 0        
E *        
B 1 337 0        
B 1 544 0
B 1 680 0
B 1 885 0
B 1 1021 0
B 1 1226 0
B 1 1362 0
B 1 1567 0
B 1 1746 0
B 1 1925 0
B 1 2081 0
B 1 2250 0        
S 0 100 1148 2250 84 1 "(.)"
L 0 0 0 250 250 * 0 21 0        
J C 4 7 63 2 6913 0 0        
K 0 0 33        
K 0 0 34        
J K 0 85 0 0 6913 0 0        
J D 0 -39 -21 1 6913 0 0        
W 0 0 37 \02\03\08        
J N 7 151 21 5 1 0 0        
K 0 0 43        
K 0 -32 96        
K 0 0 60        
K 0 31 60        
A D 4 16        
J N 7 207 -11 6 3457 576 1 44
K 0 0 43        
K -8 143 111        
K 10 143 110        
K 0 0 60        
K 0 32 60        
A D 4 16        
J B 239 275 1 82 6913 576 0        
J D 0 277 -12 15 1 0 0
W 0 -94 44 E        
K -18 -156 90        
K -18 -82 90        
K 12 -156 90        
K 12 -82 90        
K 39 -156 90        
K 39 -82 90        
K -18 -156 89        
K 65 -156 89        
K -18 -135 89        
K 65 -135 89        
K -18 -114 89        
K 65 -114 89        
K -18 -103 89        
K 65 -103 89        
J N 7 307 -11 6 1 0 1 44        
K 0 0 43        
K 38 0 44        
K 0 -33 101
K 0 0 60        
K 0 32 60        
A D 6 16        
H 44 T -11 0 0 0 0 0 1 0        
J R 6 380 42 2 5185 864 0        
K 0 0 49        
A D 2 16        
J B 240 432 1 82 6913 288 0        
J S 4 474 31 8 6 288 0        
K 0 0 62        
K 0 5 62        
K 156 11 92        
K 126 11 92        
K 96 11 92        
K 66 11 92        
K 36 11 92        
K 6 11 92        
K 0 11 92        
K 186 0 62        
K 186 5 62        
K 78 9 77        
J B 246 702 1 82 6913 1 0        
J S 4 744 31 8 7 288 0        
K 0 0 62        
K 0 5 62        
K 156 11 92        
K 126 11 92        
K 96 11 92        
K 66 11 92        
K 36 11 92        
K 6 11 92        
K 0 11 92        
K 186 0 62        
K 186 5 62        
K 78 9 78        
J B 253 972 1 82 6913 1 0        
J S 4 1014 31 8 7 0 0        
K 0 0 62        
K 0 5 62        
K 153 11 92        
K 123 11 92        
K 93 11 92        
K 63 11 92        
K 33 11 92        
K 3 11 92        
K 0 11 92        
K 183 0 62        
K 183 5 62        
K 76 9 78        
J B 260 1239 1 82 6913 1 0        
J R 7 1271 63 2 1 0 0        
K 0 0 176        
A D 4 16        
J R 9 1312 21 2 1 10000 0        
K 0 0 46        
A D 8 16        
J R 6 1312 63 2 3457 576 0
K 0 0 177        
A D 2 16        
J D 0 1307 0 1 5185 288 0
W 0 168 32 Bssns.        
J N 6 1349 84 5 5185 0 0
K 0 -21 171        
K 0 0 171        
K 0 -21 188        
K 0 0 182        
A D 2 16        
J B 261 1395 1 82 6913 288 0
J N 6 1421 84 4 1 0 1 45
K 0 -21 171        
K 0 0 171        
K 0 -21 188        
A D 2 16        
J R 9 1479 21 2 1 10000 0
K 0 0 46        
A D 8 16        
J N 6 1458 84 4 1729 288 1 45
K 0 -21 171        
K 0 0 171        
K 0 -21 188        
A D 2 16        
J N 6 1498 84 4 3457 288 1 45
K 0 -21 171        
K 0 0 171        
K 0 -21 188        
A D 2 16        
J N 6 1538 84 4 5185 288 1 45
K 0 -21 171        
K 0 0 171        
K 0 -21 188        
A D 2 16        
H 45 B -50 0 109 4 2 1 1 3        
J B 262 1581 1 82 6913 288 0
J N 7 1613 84 6 1 0 1 46
K 0 -21 171        
K 0 0 171        
K 0 -21 188        
K 0 0 188        
K 0 10 188        
A D 4 16        
J R 7 1613 0 2 1 0 0
K 0 0 48        
A D 4 16        
J N 6 1678 94 5 3457 576 1 46
K 0 -21 171        
K 0 0 171        
K 0 -21 188        
K 0 0 182        
A D 2 16        
H 46 S 0 0 -21 0 -21 0 0 0 0        
J R 6 1678 0 2 3457 0 0
K 0 0 49        
A D 2 16        
J N 6 1748 0 5 5185 288 0
K 0 0 43        
K -8 132 110        
K 17 132 110        
K 0 0 54        
A D 2 16        
J B 263 1803 1 82 6913 288 0
J N 6 1838 0 2 1 0 1 47
K 0 0 43        
A D 2 16        
J N 6 1887 0 2 1729 288 1 47
K 0 0 43        
A D 2 16        
J N 6 1936 0 2 3457 288 1 47
K 0 0 43        
A D 2 16        
J N 6 1985 0 2 5185 288 1 47
K 0 0 43        
A D 2 16        
H 47 B -69 0 112 4 2 1 1 3        
J B 264 2043 1 82 6913 288 0
J N 7 2072 0 4 1 0 1 48
K 0 0 43        
K 0 0 60        
K 0 31 60        
A D 4 16        
J N 6 2140 10 2 3457 576 2 49 48
K 0 0 43        
A D 2 16        
H 48 S 0 0 0 0 0 0 0 0 0        
J N 6 2192 31 2 5185 288 1 49
K 0 0 43        
A D 2 16        
H 49 B -77 5 112 2 2 3        
J B 265 2250 1 82 6913 288 0        
E *        
B 1 275 0        
B 1 432 0        
B 1 702 0        
B 1 972 0        
B 1 1239 0        
B 1 1395 0
B 1 1581 0
B 1 1803 0
B 1 2043 0
B 1 2250 0        
S 0 100 1484 2250 84 1 "(.)"
L 0 0 0 250 250 * 0 21 0        
J C 4 7 63 2 6913 0 0        
K 0 0 33        
K 0 0 34        
J K 0 85 0 0 6913 0 0        
J D 0 -39 -21 1 6913 0 0        
W 0 0 37 \02\06\05        
J N 6 151 31 2 1 0 1 50        
K 0 0 43        
A D 2 16        
J N 6 197 31 2 1729 288 1 50        
K 0 0 43        
A D 2 16        
J N 6 243 31 2 3457 288 1 50        
K 0 0 43        
A D 2 16        
J N 6 289 31 2 5185 288 1 50        
K 0 0 43        
A D 2 16        
H 50 B -63 0 112 4 2 1 1 3        
J B 266 341 1 82 6913 288 0        
J N 7 373 21 4 1 0 0        
K 0 0 43        
K 0 0 60        
K 0 31 60        
A D 4 16        
J R 7 438 42 2 3457 576 0
K 0 0 48        
A D 4 16        
J B 267 494 1 82 6913 576 0
J N 7 535 10 4 1 0 0
K 0 0 43        
K 0 0 60        
K 0 32 60        
A D 4 16        
J N 7 609 21 4 3457 576 0
K 0 0 43        
K 0 0 60        
K 0 31 60        
A D 4 16        
J B 268 668 1 82 6913 576 0
J D 0 655 0 15 1 0 0
W 0 -42 44 F        
K -18 -104 90        
K -18 -30 90        
K 12 -104 90        
K 12 -30 90        
K 36 -104 90        
K 36 -30 90        
K -18 -104 89        
K 62 -104 89        
K -18 -83 89        
K 62 -83 89        
K -18 -62 89        
K 62 -62 89        
K -18 -51 89        
K 62 -51 89        
J N 7 697 31 5 1 0 0
K 0 0 43        
K 0 107 110        
K 0 0 60        
K 0 32 60        
A D 4 16        
J R 7 762 42 2 3457 576 0
K 0 0 48        
A D 4 16        
J B 269 824 1 82 6913 576 0
J R 9 888 42 46 1 10000 0
J B 270 991 1 82 6913 1152 0        
J N 7 1023 31 4 1 0 0        
K 0 0 43        
K 0 0 60        
K 0 32 60        
A D 4 16        
J R 7 1082 42 2 3457 576 0        
K 0 0 48        
A D 4 16        
J B 271 1147 1 82 6913 576 0        
J S 4 1189 31 8 5 576 0        
K 0 0 62        
K 0 5 62        
K 183 11 92        
K 153 11 92        
K 123 11 92        
K 93 11 92        
K 63 11 92        
K 33 11 92        
K 3 11 92        
K 0 11 92        
K 213 0 62        
K 213 5 62        
K 91 9 76        
J B 276 1444 1 82 6913 1 0        
J S 4 1486 31 8 4 576 0        
K 0 0 62        
K 0 5 62        
K 182 11 92        
K 152 11 92        
K 122 11 92        
K 92 11 92        
K 62 11 92        
K 32 11 92        
K 2 11 92        
K 0 11 92        
K 212 0 62        
K 212 5 62        
K 91 9 75        
J B 280 1740 1 82 6913 1 0        
J D 0 1667 0 1 1 0 0        
W 0 -52 32 Horns        
J N 7 1772 10 6 1 0 0        
K 0 0 171        
K 0 21 171        
K 0 21 187        
K 0 0 187        
K 0 -10 187        
A D 4 16        
J R 9 1818 105 2 1 10000 0        
K 0 0 46        
A D 8 16        
J N 6 1831 10 6 3457 576 1 51        
K 0 0 171        
K 30 0 172        
K 0 21 171        
K 30 21 172        
K 0 21 187        
A D 3 16        
J N 5 1886 10 4 6049 432 1 51        
K 0 0 171        
K 0 21 171        
K 0 21 187        
A D 1 16        
H 51 B 58 0 109 2 2 53        
J B 281 1938 1 82 6913 144 0        
J N 7 1970 0 6 1 0 0        
K 0 0 171        
K 0 21 171        
K 0 21 187        
K 0 0 187        
K 0 -11 187        
A D 4 16        
J R 9 1995 105 2 1 10000 0        
K 0 0 46        
A D 8 16        
J N 7 2029 0 6 3457 576 0        
K 0 0 171        
K 0 21 171        
K 0 21 187        
K 0 0 187        
K 0 -11 187        
A D 4 16        
J B 282 2094 1 82 6913 576 0        
J R 7 2126 21 2 1 0 0        
K 0 0 176        
A D 4 16        
J R 9 2151 105 2 1 10000 0        
K 0 0 46        
A D 8 16        
J N 7 2185 21 6 3457 576 0        
K 0 0 171        
K 0 42 171        
K 0 42 187        
K 0 0 187        
K 0 -11 187        
A D 4 16        
J B 283 2250 1 82 6913 576 0        
E *        
B 1 341 0        
B 1 494 0
B 1 668 0
B 1 824 0
B 1 991 0        
B 1 1147 0        
B 1 1444 0        
B 1 1740 0        
B 1 1938 0        
B 1 2094 0        
B 1 2250 0        
S 0 100 1820 2250 84 1 "(.)"
L 0 0 0 250 250 * 0 21 0        
J C 4 7 63 2 6913 0 0        
K 0 0 33        
K 0 0 34        
J K 0 85 0 0 6913 0 0        
J D 0 -39 -21 1 6913 0 0        
W 0 0 37 \02\08\03        
J R 7 151 21 2 1 0 0        
K 0 0 176        
A D 4 16        
J R 9 186 105 2 1 10000 0        
K 0 0 46        
A D 8 16        
J N 7 223 10 6 3457 576 0        
K 0 0 171        
K 0 21 171        
K 0 21 187        
K 0 0 187        
K 0 -10 187        
A D 4 16        
J B 284 295 1 82 6913 576 0        
J R 7 327 21 2 1 0 0        
K 0 0 176        
A D 4 16        
J R 9 382 105 2 1 10000 0        
K 0 0 46        
A D 8 16        
J N 6 399 10 6 3457 576 1 52        
K 0 0 171        
K 30 0 172        
K 0 21 171        
K 30 21 172        
K 0 21 187        
A D 3 16        
J N 5 458 10 4 6049 432 1 52        
K 0 0 171        
K 0 21 171        
K 0 21 187        
A D 1 16        
H 52 B 58 0 109 2 2 53        
J B 285 512 1 82 6913 144 0        
J N 7 544 0 6 1 0 0        
K 0 0 171        
K 0 21 171        
K 0 21 187        
K 0 0 187        
K 0 -11 187        
A D 4 16        
J R 9 579 105 2 1 10000 0        
K 0 0 46        
A D 8 16        
J N 7 616 0 6 3457 576 0        
K 0 0 171        
K 0 21 171        
K 0 21 187        
K 0 0 187        
K 0 -11 187        
A D 4 16        
J B 286 688 1 82 6913 576 0        
J R 7 720 21 2 1 0 0        
K 0 0 176        
A D 4 16        
J R 9 754 105 2 1 10000 0        
K 0 0 46        
A D 8 16        
J N 7 792 21 6 3457 576 0        
K 0 0 171        
K 0 42 171        
K 0 42 187        
K 0 0 187        
K 0 -11 187        
A D 4 16        
J B 287 863 1 82 6913 576 0        
J R 7 895 42 2 1 0 0        
K 0 0 48        
A D 4 16        
J D 0 966 0 1 3457 576 1 53        
W 0 134 36 cresc.        
J N 6 966 10 2 3457 0 1 54        
K 0 0 43        
A D 2 16        
J N 6 1015 10 2 5185 288 1 54        
K 0 0 43        
A D 2 16        
H 54 B -74 0 112 2 2 3        
J B 288 1068 1 82 6913 288 0        
J N 6 1100 10 2 1 0 1 55        
K 0 0 43        
A D 2 16        
J N 6 1149 10 2 1729 288 1 55        
K 0 0 43        
A D 2 16        
J N 6 1198 10 2 3457 288 1 55        
K 0 0 43        
A D 2 16        
J N 6 1247 10 2 5185 288 1 55        
K 0 0 43        
A D 2 16        
H 55 B -74 0 112 4 2 1 1 3        
J M 0 1294 0 0 6913 288 1 53        
H 53 D 147 0 134 0 31        
J B 289 1300 1 82 6913 0 0        
J N 8 1332 0 6 1 0 0        
K 0 0 42        
K -8 134 110        
K 17 134 110        
K 0 0 60        
K 0 31 60        
A D 8 16        
J B 290 1435 1 82 6913 1152 0        
J N 8 1467 21 4 1 0 0        
K 0 0 42        
K 0 0 60        
K 0 31 60        
A D 8 16        
J B 291 1570 1 82 6913 1152 0        
J N 8 1602 31 6 1 0 1 56        
K 0 0 42        
K -8 107 111        
K 10 107 110        
K 0 0 60        
K 0 32 60        
A D 8 16        
J B 292 1705 1 82 6913 1152 0        
J N 7 1737 31 4 1 0 1 56        
K 0 0 43        
K 0 0 60        
K 0 32 60        
A D 4 16        
H 56 T 31 0 0 0 0 0 1 0        
J N 6 1808 31 3 3457 576 1 57        
K 0 0 43        
K 0 -21 96        
A D 2 16        
J N 6 1857 31 3 5185 288 1 57        
K 0 0 43        
K 0 -21 96        
A D 2 16        
H 57 B -63 0 112 2 2 3        
J B 293 1910 1 82 6913 288 0        
J N 8 1942 10 6 1 0 1 58        
K 0 0 42        
K -8 122 111        
K 10 122 110        
K 0 0 60        
K 0 32 60        
A D 8 16        
J B 294 2045 1 82 6913 1152 0        
J N 7 2077 10 4 1 0 1 58        
K 0 0 43        
K 0 0 60        
K 0 32 60        
A D 4 16        
H 58 T 10 0 0 0 0 0 1 0        
J N 6 2148 10 3 3457 576 1 59        
K 0 0 43        
K 0 -26 96        
A D 2 16        
J N 6 2197 10 3 5185 288 1 59        
K 0 0 43        
K 0 -26 96        
A D 2 16        
H 59 B -74 0 112 2 2 3        
J B 295 2250 1 82 6913 288 0        
E *        
B 1 295 0        
B 1 512 0        
B 1 688 0        
B 1 863 0        
B 1 1068 0        
B 1 1300 0        
B 1 1435 0        
B 1 1570 0        
B 1 1705 0        
B 1 1910 0        
B 1 2045 0        
B 1 2250 0        
S 0 100 2156 2250 84 1 "(.)"
L 0 0 0 250 250 * 0 21 0        
J C 4 7 63 2 6913 0 0        
K 0 0 33        
K 0 0 34        
J K 0 85 0 0 6913 0 0        
J D 0 -39 -21 1 6913 0 0        
W 0 0 37 \02\09\05        
J N 8 151 -11 6 1 0 0        
K 0 0 42        
K -8 143 110        
K 17 143 110        
K 0 0 60        
K 0 32 60        
A D 8 16        
J B 296 267 1 82 6913 1152 0
J N 7 302 10 5 1 0 0
K 0 0 43        
K 0 -26 96        
K 0 0 60        
K 0 32 60        
A D 4 16        
J N 7 381 31 5 3457 576 0
K 0 0 43        
K 0 -21 96        
K 0 0 60        
K 0 32 60        
A D 4 16        
J B 297 451 1 82 6913 576 0
J N 7 486 63 5 1 0 0
K 0 0 43        
K 0 31 96        
K 0 0 59        
K 0 -32 59        
A D 4 16        
J N 7 570 84 5 3457 576 0
K 0 0 43        
K 0 26 96        
K 0 0 59        
K 0 -32 59        
A D 4 16        
J B 298 637 1 82 6913 576 0
J N 7 669 105 8 1 0 0
K 1 0 45        
K 0 0 43        
K -1 0 45        
K 6 0 45        
K 0 26 96        
K 0 0 59        
K 0 -32 59        
A D 4 16        
J N 7 747 136 10 3457 576 0
K 1 -31 45        
K 1 -10 45        
K 0 0 43        
K 0 -10 45        
K 2 -10 45        
K 0 26 96        
K 0 0 59        
K 0 -42 59        
K 0 -52 59        
A D 4 16        
J B 299 820 1 82 6913 576 0
J N 7 852 31 4 1 0 0        
K 0 0 43        
K 0 0 60        
K 0 32 60        
A D 4 16        
J R 7 915 42 2 3457 576 0        
K 0 0 48        
A D 4 16        
J B 300 982 1 82 6913 576 0        
J N 7 1014 21 4 1 0 0        
K 0 0 43        
K 0 0 60        
K 0 31 60        
A D 4 16        
J R 7 1077 42 2 3457 576 0        
K 0 0 48        
A D 4 16        
J B 301 1144 1 82 6913 576 0        
J N 7 1176 10 4 1 0 0        
K 0 0 43        
K 0 0 60        
K 0 32 60        
A D 4 16        
J R 7 1239 42 2 3457 576 0        
K 0 0 48        
A D 4 16        
J B 302 1306 1 82 6913 576 0        
J N 7 1338 21 4 1 0 0        
K 0 0 43        
K 0 0 60        
K 0 31 60        
A D 4 16        
J R 7 1401 42 2 3457 576 0        
K 0 0 48        
A D 4 16        
J B 303 1468 1 82 6913 576 0        
J N 7 1500 31 4 1 0 0        
K 0 0 43        
K 0 0 60        
K 0 32 60        
A D 4 16        
J R 7 1563 42 2 3457 576 0        
K 0 0 48        
A D 4 16        
J B 304 1630 1 82 6913 576 0        
J N 7 1662 31 4 1 0 0        
K 0 0 43        
K 0 0 60        
K 0 32 60        
A D 4 16        
J R 7 1725 42 2 3457 576 0        
K 0 0 48        
A D 4 16        
J B 305 1792 1 82 6913 576 0        
J N 7 1824 31 4 1 0 0        
K 0 0 43        
K 0 0 60        
K 0 32 60        
A D 4 16        
J R 7 1887 42 2 3457 576 0        
K 0 0 48        
A D 4 16        
J B 306 1954 1 82 6913 576 0        
J D 0 2053 0 1 1 0 0        
W 0 136 31 FINE.        
J R 9 2081 42 2 1 10000 0        
K 0 0 46        
A D 8 16        
J B 0 2250 6 2 6913 1152 0        
K -20 0 82        
K -9 0 84        
E *        
B 1 267 0
B 1 451 0
B 1 637 0
B 1 820 0
B 1 982 0        
B 1 1144 0        
B 1 1306 0        
B 1 1468 0        
B 1 1630 0        
B 1 1792 0        
B 1 1954 0        
B 6 2250 0        
