S 0 200 140 2050 1019 8 "[...][.][{..}.{.}]"
L 0 0 0 326 326 * 0 14 0
J D 0 -66 42 1 6913 0 0
W 0 0 31 Fl
J C 4 5 42 2 6913 0 0
K 0 0 33
K 0 0 34
J K -2 57 0 2 6913 0 0
K 0 28 65
K 13 7 65
J D 0 -27 -14 1 6913 0 0
W 0 0 37 \01\03\00
J N 7 126 -28 8 1 0 2 43 41
K 0 14 45
K 0 0 45
K 0 0 43
K -1 0 45
K 2 0 45
K 0 0 60
K 0 28 60
A D 2 8 0
A P 1 243 0
J M 0 126 0 0 6913 0 1 41
H 41 W 15 0 0 93 14 93
J M 0 91 0 0 6913 0 1 43
H 43 S 0 0 -32 0 0 0 0 0
J R 7 170 28 2 2305 576 0
K 0 0 48
A D 2 8 1
A P 1 0 1
J R 7 237 28 2 4609 576 0
K 0 0 48
A D 2 8 0
A P 1 0 0
J B 131 301 1 82 6913 576 0
J R 9 384 28 2 1 0 0
K 0 0 46
A D 6 8 0
A P 1 0 0
J B 132 496 1 82 6913 1728 0
J R 9 579 28 2 1 0 0
K 0 0 46
A D 6 8 0
A P 1 0 0
J B 133 690 1 82 6913 1728 0
J R 9 752 28 2 1 0 0
K 0 0 46
A D 6 8 0
A P 1 0 0
J B 134 843 1 82 6913 1728 0
J R 9 928 28 2 1 0 0
K 0 0 46
A D 6 8 0
A P 1 0 0
J B 135 1042 1 82 6913 1728 0
J R 9 1123 28 2 1 0 0
K 0 0 46
A D 6 8 0
A P 1 0 0
J B 136 1233 1 82 6913 1728 0
J R 9 1314 28 2 1 0 0
K 0 0 46
A D 6 8 0
A P 1 0 0
J B 137 1424 1 82 6913 1728 0
J R 9 1519 28 2 1 0 0
K 0 0 46
A D 6 8 0
A P 1 0 0
J B 138 1642 1 82 6913 1728 0
J R 9 1730 28 2 1 0 0
K 0 0 46
A D 6 8 0
A P 1 0 0
J B 139 1846 1 82 6913 1728 0
J R 9 1934 28 2 1 0 0
K 0 0 46
A D 6 8 0
A P 1 0 0
J B 140 2050 1 82 6913 1728 0
E *
L 132 0 0 326 326 * 0 14 0
J D 0 -119 42 1 6913 0 0
W 0 0 31 Ob 1-2
J C 4 5 42 2 6913 0 0
K 0 0 33
K 0 0 34
J K -2 57 0 2 6913 0 0
K 0 28 65
K 13 7 65
J D 0 -27 -14 1 6913 0 0
W 0 0 0 \01\03\00
J N 7 126 21 4 1 0 2 40 38
K 0 0 43
K 0 0 60
K 0 21 60
A D 2 8 0
A P 1 203 0
J M 0 126 0 0 6913 0 1 38
H 38 W 15 0 0 96 14 96
J M 0 91 0 0 6913 0 1 40
H 40 S 0 0 18 0 0 0 0 0
J R 7 170 28 2 2305 576 0
K 0 0 48
A D 2 8 1
A P 1 0 1
J R 7 237 28 2 4609 576 0
K 0 0 48
A D 2 8 0
A P 1 0 0
J B 131 301 1 82 6913 576 0
J R 9 384 28 2 1 0 0
K 0 0 46
A D 6 8 0
A P 3 0 0
J B 132 496 1 82 6913 1728 0
J R 9 579 28 2 1 0 0
K 0 0 46
A D 6 8 0
A P 3 0 0
J B 133 690 1 82 6913 1728 0
J R 9 752 28 2 1 0 0
K 0 0 46
A D 6 8 0
A P 3 0 0
J B 134 843 1 82 6913 1728 0
J R 9 928 28 2 1 0 0
K 0 0 46
A D 6 8 0
A P 3 0 0
J B 135 1042 1 82 6913 1728 0
J R 9 1123 28 2 1 0 0
K 0 0 46
A D 6 8 0
A P 3 0 0
J B 136 1233 1 82 6913 1728 0
J R 9 1314 28 2 1 0 0
K 0 0 46
A D 6 8 0
A P 3 0 0
J B 137 1424 1 82 6913 1728 0
J R 9 1519 28 2 1 0 0
K 0 0 46
A D 6 8 0
A P 3 0 0
J B 138 1642 1 82 6913 1728 0
J R 9 1730 28 2 1 0 0
K 0 0 46
A D 6 8 0
A P 3 0 0
J B 139 1846 1 82 6913 1728 0
J R 9 1934 28 2 1 0 0
K 0 0 46
A D 6 8 0
A P 3 0 0
J B 140 2050 1 82 6913 1728 0
E *
L 264 0 0 326 326 * 0 14 0
J D 0 -130 42 1 6913 0 0
W 0 0 31 Fag 1-2
J C 12 5 14 35 6913 0 0
J K -2 57 0 2 6913 0 0
K 0 21 65
K 13 0 65
J D 0 -27 -14 1 6913 0 0
W 0 0 0 \01\03\00
J R 7 126 28 2 1 0 0
K 0 0 48
A D 2 8 1
A P 1 0 1
J R 6 170 28 2 2305 576 0
K 0 0 49
A D 1 8 0
A P 1 0 0
J N 6 206 21 7 3457 288 2 62 63
K -14 0 64
K 0 -14 43
K 0 0 43
K 0 70 108
K 23 70 108
K 0 -14 60
A D 1 8 0
A P 1 169 0
A P 2 158 0
J N 6 237 14 4 4609 288 1 63
K 0 -14 43
K 0 0 43
K 0 -14 60
A D 1 8 0
A P 1 174 0
A P 2 163 0
J N 6 268 21 4 5761 288 2 63 62
K 0 -14 43
K 0 0 43
K 0 -14 60
A D 1 8 0
A P 1 169 0
A P 2 158 0
H 63 B -42 0 108 3 2 1 3
H 62 S 0 0 -14 0 -14 0 0 0 0
J B 131 301 1 82 6913 288 0
J N 7 322 14 7 1 0 0
K 0 -14 43
K 0 0 43
K 0 -31 96
K 0 -14 60
K 0 0 60
K 0 21 60
A D 2 8 0
A P 1 174 0
A P 2 163 0
J R 6 366 28 2 2305 576 0
K 0 0 49
A D 1 8 0
A P 1 0 0
J N 6 402 21 5 3457 288 2 64 65
K -14 0 64
K 0 -14 43
K 0 0 43
K 0 -14 60
A D 1 8 0
A P 1 169 0
A P 2 158 0
J N 6 433 14 4 4609 288 1 65
K 0 -14 43
K 0 0 43
K 0 -14 60
A D 1 8 0
A P 1 174 0
A P 2 163 0
J N 6 463 21 4 5761 288 2 65 64
K 0 -14 43
K 0 0 43
K 0 -14 60
A D 1 8 0
A P 1 169 0
A P 2 158 0
H 65 B -42 0 108 3 2 1 3
H 64 S 0 0 -14 0 -14 0 0 0 0
J B 132 496 1 82 6913 288 0
J N 7 517 14 7 1 0 0
K 0 -14 43
K 0 0 43
K 0 -31 96
K 0 -14 60
K 0 0 60
K 0 21 60
A D 2 8 0
A P 1 174 0
A P 2 163 0
J R 6 561 28 2 2305 576 0
K 0 0 49
A D 1 8 0
A P 1 0 0
J N 6 597 21 5 3457 288 2 66 67
K -14 0 64
K 0 -14 43
K 0 0 43
K 0 -14 60
A D 1 8 0
A P 1 169 0
A P 2 158 0
J N 6 627 14 4 4609 288 1 67
K 0 -14 43
K 0 0 43
K 0 -14 60
A D 1 8 0
A P 1 174 0
A P 2 163 0
J N 6 657 21 4 5761 288 2 67 66
K 0 -14 43
K 0 0 43
K 0 -14 60
A D 1 8 0
A P 1 169 0
A P 2 158 0
H 67 B -42 0 108 3 2 1 3
H 66 S 0 0 -14 0 -14 0 0 0 0
J B 133 690 1 82 6913 288 0
J N 7 711 14 7 1 0 0
K 0 -14 43
K 0 0 43
K 0 -31 96
K 0 -14 60
K 0 0 60
K 0 21 60
A D 2 8 0
A P 1 174 0
A P 2 163 0
J R 7 755 28 2 2305 576 0
K 0 0 48
A D 2 8 1
A P 1 0 1
J R 7 799 28 2 4609 576 0
K 0 0 48
A D 2 8 0
A P 1 0 0
J B 134 843 1 82 6913 576 0
J R 9 928 28 2 1 0 0
K 0 0 46
A D 6 8 0
A P 3 0 0
J B 135 1042 1 82 6913 1728 0
J R 9 1123 28 2 1 0 0
K 0 0 46
A D 6 8 0
A P 3 0 0
J B 136 1233 1 82 6913 1728 0
J R 9 1314 28 2 1 0 0
K 0 0 46
A D 6 8 0
A P 3 0 0
J B 137 1424 1 82 6913 1728 0
J R 9 1519 28 2 1 0 0
K 0 0 46
A D 6 8 0
A P 3 0 0
J B 138 1642 1 82 6913 1728 0
J R 9 1730 28 2 1 0 0
K 0 0 46
A D 6 8 0
A P 3 0 0
J B 139 1846 1 82 6913 1728 0
J R 9 1934 28 2 1 0 0
K 0 0 46
A D 6 8 0
A P 3 0 0
J B 140 2050 1 82 6913 1728 0
E *
L 419 0 0 326 326 * 0 14 0
J D 0 -130 42 1 6913 0 0
W 0 -21 31 Cor 1-2
J D 0 -130 42 1 6913 0 0
W 0 21 31 (B\0.)
J C 4 5 42 2 6913 0 0
K 0 0 33
K 0 0 34
J K 0 57 0 0 6913 0 0
J D 0 -27 -14 1 6913 0 0
W 0 0 0 \01\03\00
J N 7 126 -7 4 1 0 2 64 62
K 0 0 43
K 0 0 60
K 0 21 60
A D 2 8 0
A P 3 226 0
J M 0 126 0 0 6913 0 1 62
H 62 W 15 0 0 95 14 95
J M 0 74 0 0 6913 0 1 64
H 64 T -7 0 0 0 0 0 1 0
J R 7 170 28 2 2305 576 0
K 0 0 48
A D 2 8 1
A P 3 0 1
J R 7 237 28 2 4609 576 0
K 0 0 48
A D 2 8 0
A P 3 0 0
J B 131 301 1 82 6913 576 0
J R 9 384 28 2 1 0 0
K 0 0 46
A D 6 8 0
A P 3 0 0
J B 132 496 1 82 6913 1728 0
J R 9 579 28 2 1 0 0
K 0 0 46
A D 6 8 0
A P 3 0 0
J B 133 690 1 82 6913 1728 0
J R 9 752 28 2 1 0 0
K 0 0 46
A D 6 8 0
A P 3 0 0
J B 134 843 1 82 6913 1728 0
J R 9 928 28 2 1 0 0
K 0 0 46
A D 6 8 0
A P 3 0 0
J B 135 1042 1 82 6913 1728 0
J R 9 1123 28 2 1 0 0
K 0 0 46
A D 6 8 0
A P 3 0 0
J B 136 1233 1 82 6913 1728 0
J R 9 1314 28 2 1 0 0
K 0 0 46
A D 6 8 0
A P 3 0 0
J B 137 1424 1 82 6913 1728 0
J R 9 1519 28 2 1 0 0
K 0 0 46
A D 6 8 0
A P 3 0 0
J B 138 1642 1 82 6913 1728 0
J R 9 1730 28 2 1 0 0
K 0 0 46
A D 6 8 0
A P 3 0 0
J B 139 1846 1 82 6913 1728 0
J R 9 1934 28 2 1 0 0
K 0 0 46
A D 6 8 0
A P 3 0 0
J B 140 2050 1 82 6913 1728 0
E *
L 564 0 0 326 326 * 0 14 0
J D 0 -119 42 1 6913 0 0
W 0 0 31 Vln 1
J C 4 5 42 2 6913 0 0
K 0 0 33
K 0 0 34
J K -2 57 0 2 6913 0 0
K 0 28 65
K 13 7 65
J D 0 -27 -14 1 6913 0 0
W 0 0 0 \01\03\00
J R 9 189 28 2 1 0 0
K 0 0 46
A D 6 8 0
A P 1 0 0
J B 131 301 1 82 6913 1728 0
J R 9 384 28 2 1 0 0
K 0 0 46
A D 6 8 0
A P 1 0 0
J B 132 496 1 82 6913 1728 0
J R 9 579 28 2 1 0 0
K 0 0 46
A D 6 8 0
A P 1 0 0
J B 133 690 1 82 6913 1728 0
J R 9 752 28 2 1 0 0
K 0 0 46
A D 6 8 0
A P 1 0 0
J B 134 843 1 82 6913 1728 0
J R 7 864 28 2 1 0 0
K 0 0 48
A D 2 8 1
A P 1 0 1
J R 6 908 28 2 2305 576 0
K 0 0 49
A D 1 8 0
A P 1 0 0
J D 0 931 0 1 3457 288 0
W 0 -18 32 arco
J N 6 938 49 4 3457 0 2 77 78
K 0 0 43
K 0 51 108
K 23 51 108
A D 1 8 0
A P 1 180 0
J N 6 979 42 3 4609 288 1 78
K -15 0 65
K 0 0 43
A D 1 8 0
A P 1 185 0
J N 6 1009 49 2 5761 288 2 78 77
K 0 0 43
A D 1 8 0
A P 1 180 0
H 78 B 53 0 108 3 2 1 3
H 77 S 12 0 0 0 0 0 0 0 0
J B 135 1042 1 82 6913 288 0
J N 7 1066 42 6 1 0 0
K -15 0 65
K 0 0 43
K 0 21 96
K 0 0 59
K 0 -21 59
A D 2 8 0
A P 1 185 0
J R 6 1110 28 2 2305 576 0
K 0 0 49
A D 1 8 0
A P 1 0 0
J N 6 1140 49 2 3457 288 2 79 80
K 0 0 43
A D 1 8 0
A P 1 180 0
J N 6 1170 42 2 4609 288 1 80
K 0 0 43
A D 1 8 0
A P 1 185 0
J N 6 1200 49 2 5761 288 2 80 79
K 0 0 43
A D 1 8 0
A P 1 180 0
H 80 B 53 0 108 3 2 1 3
H 79 S 12 0 0 0 0 0 0 0 0
J B 136 1233 1 82 6913 288 0
J N 7 1257 42 6 1 0 0
K -15 0 65
K 0 0 43
K 0 21 96
K 0 0 59
K 0 -21 59
A D 2 8 0
A P 1 185 0
J R 6 1301 28 2 2305 576 0
K 0 0 49
A D 1 8 0
A P 1 0 0
J N 6 1331 49 2 3457 288 2 81 82
K 0 0 43
A D 1 8 0
A P 1 180 0
J N 6 1361 42 2 4609 288 1 82
K 0 0 43
A D 1 8 0
A P 1 185 0
J N 6 1391 49 2 5761 288 1 82
K 0 0 43
A D 1 8 0
A P 1 180 0
H 82 B 53 0 108 3 2 1 3
J B 137 1424 1 82 6913 288 0
J N 6 1449 42 3 1 0 1 83
K -15 0 65
K 0 0 43
A D 1 8 0
A P 1 185 0
J N 6 1489 56 3 1153 288 1 83
K -14 0 64
K 0 0 43
A D 1 8 0
A P 1 175 0
J N 6 1519 49 2 2305 288 1 83
K 0 0 43
A D 1 8 0
A P 1 180 0
J N 6 1549 56 2 3457 288 1 83
K 0 0 43
A D 1 8 0
A P 1 175 0
J N 6 1579 49 2 4609 288 1 83
K 0 0 43
A D 1 8 0
A P 1 180 0
J N 6 1609 56 2 5761 288 1 83
K 0 0 43
A D 1 8 0
A P 1 175 0
H 83 B 47 1 108 6 2 1 1 1 1 3
J B 138 1642 1 82 6913 288 0
J N 6 1663 49 2 1 0 1 84
K 0 0 43
A D 1 8 0
A P 1 180 0
J N 6 1693 84 6 1153 288 1 84
K 1 -14 45
K 1 0 45
K 0 0 43
K -1 0 45
K 2 0 45
A D 1 8 0
A P 1 152 0
H 84 B 42 4 108 2 2 3
J N 6 1723 77 5 2305 288 1 85
K 1 -7 45
K 0 0 43
K 0 -7 45
K 1 -7 45
A D 1 8 0
A P 1 157 0
J N 6 1753 84 6 3457 288 1 85
K 1 -14 45
K 1 0 45
K 0 0 43
K -1 0 45
K 2 0 45
A D 1 8 0
A P 1 152 0
J N 6 1783 77 5 4609 288 1 85
K 1 -7 45
K 0 0 43
K 0 -7 45
K 1 -7 45
A D 1 8 0
A P 1 157 0
J N 6 1813 84 6 5761 288 1 85
K 1 -14 45
K 1 0 45
K 0 0 43
K -1 0 45
K 2 0 45
A D 1 8 0
A P 1 152 0
H 85 B 49 0 108 4 2 1 1 3
J B 139 1846 1 82 6913 288 0
J N 6 1867 77 5 1 0 1 86
K 1 -7 45
K 0 0 43
K 0 -7 45
K 1 -7 45
A D 1 8 0
A P 1 157 0
J N 6 1897 84 6 1153 288 1 86
K 1 -14 45
K 1 0 45
K 0 0 43
K -1 0 45
K 2 0 45
A D 1 8 0
A P 1 152 0
J N 6 1927 77 5 2305 288 1 86
K 1 -7 45
K 0 0 43
K 0 -7 45
K 1 -7 45
A D 1 8 0
A P 1 157 0
J N 6 1957 84 6 3457 288 1 86
K 1 -14 45
K 1 0 45
K 0 0 43
K -1 0 45
K 2 0 45
A D 1 8 0
A P 1 152 0
J N 6 1987 77 5 4609 288 1 86
K 1 -7 45
K 0 0 43
K 0 -7 45
K 1 -7 45
A D 1 8 0
A P 1 157 0
J N 6 2017 84 6 5761 288 1 86
K 1 -14 45
K 1 0 45
K 0 0 43
K -1 0 45
K 2 0 45
A D 1 8 0
A P 1 152 0
H 86 B 49 0 108 6 2 1 1 1 1 3
J B 140 2050 1 82 6913 288 0
J M 0 2050 78 0 6913 0 1 81
H 81 S 12 0 7 0 0 0 0 0
E *
L 696 0 0 326 326 * 0 14 0
J D 0 -119 42 1 6913 0 0
W 0 0 31 Vln 2
J C 4 5 42 2 6913 0 0
K 0 0 33
K 0 0 34
J K -2 57 0 2 6913 0 0
K 0 28 65
K 13 7 65
J D 0 -27 -14 1 6913 0 0
W 0 0 0 \01\03\00
J R 7 126 28 2 1 0 0
K 0 0 48
A D 2 8 1
A P 1 0 1
J R 6 170 28 2 2305 576 0
K 0 0 49
A D 1 8 0
A P 1 0 0
J D 0 199 0 1 3457 288 0
W 0 -11 32 arco
J D 0 199 0 1 3457 0 0
W 0 -39 35 sul G.
J N 6 206 63 4 3457 0 2 46 47
K 0 0 43
K -8 40 108
K 15 40 108
A D 1 8 0
A P 1 169 0
J N 6 237 56 2 4609 288 1 47
K 0 0 43
A D 1 8 0
A P 1 174 0
J N 6 268 63 2 5761 288 2 47 46
K 0 0 43
A D 1 8 0
A P 1 169 0
H 47 B 53 0 108 3 2 1 3
H 46 S 12 0 0 0 0 0 0 0 0
J B 131 301 1 82 6913 288 0
J N 7 322 56 5 1 0 0
K 0 0 43
K 0 17 96
K 0 0 59
K 0 -21 59
A D 2 8 0
A P 1 174 0
J R 6 366 28 2 2305 576 0
K 0 0 49
A D 1 8 0
A P 1 0 0
J N 6 402 63 2 3457 288 2 48 49
K 0 0 43
A D 1 8 0
A P 1 169 0
J N 6 433 56 2 4609 288 1 49
K 0 0 43
A D 1 8 0
A P 1 174 0
J N 6 463 63 2 5761 288 2 49 48
K 0 0 43
A D 1 8 0
A P 1 169 0
H 49 B 53 0 108 3 2 1 3
H 48 S 12 0 0 0 0 0 0 0 0
J B 132 496 1 82 6913 288 0
J N 7 517 56 5 1 0 0
K 0 0 43
K 0 17 96
K 0 0 59
K 0 -21 59
A D 2 8 0
A P 1 174 0
J R 6 561 28 2 2305 576 0
K 0 0 49
A D 1 8 0
A P 1 0 0
J N 6 597 63 2 3457 288 2 50 51
K 0 0 43
A D 1 8 0
A P 1 169 0
J N 6 627 56 2 4609 288 1 51
K 0 0 43
A D 1 8 0
A P 1 174 0
J N 6 657 63 2 5761 288 2 51 50
K 0 0 43
A D 1 8 0
A P 1 169 0
H 51 B 53 0 108 3 2 1 3
H 50 S 12 0 0 0 0 0 0 0 0
J B 133 690 1 82 6913 288 0
J N 7 711 56 5 1 0 0
K 0 0 43
K 0 17 96
K 0 0 59
K 0 -21 59
A D 2 8 0
A P 1 174 0
J R 7 755 28 2 2305 576 0
K 0 0 48
A D 2 8 1
A P 1 0 1
J R 7 799 28 2 4609 576 0
K 0 0 48
A D 2 8 0
A P 1 0 0
J B 134 843 1 82 6913 576 0
J R 9 928 28 2 1 10000 0
K 0 0 46
A D 6 8 0
A P 1 0 0
J B 135 1042 1 82 6913 1728 0
J R 9 1123 28 2 1 10000 0
K 0 0 46
A D 6 8 0
A P 1 0 0
J B 136 1233 1 82 6913 1728 0
J R 9 1314 28 2 1 10000 0
K 0 0 46
A D 6 8 0
A P 1 0 0
J B 137 1424 1 82 6913 1728 0
J R 9 1519 28 2 1 10000 0
K 0 0 46
A D 6 8 0
A P 1 0 0
J B 138 1642 1 82 6913 1728 0
J R 9 1730 28 2 1 10000 0
K 0 0 46
A D 6 8 0
A P 1 0 0
J B 139 1846 1 82 6913 1728 0
J N 6 1867 77 5 1 0 2 52 53
K 1 -7 45
K 0 0 43
K 0 -7 45
K 1 -7 45
A D 1 8 0
A P 1 157 0
J N 6 1897 84 6 1153 288 1 53
K 1 -14 45
K 1 0 45
K 0 0 43
K -1 0 45
K 2 0 45
A D 1 8 0
A P 1 152 0
J N 6 1927 77 5 2305 288 1 53
K 1 -7 45
K 0 0 43
K 0 -7 45
K 1 -7 45
A D 1 8 0
A P 1 157 0
J N 6 1957 84 6 3457 288 1 53
K 1 -14 45
K 1 0 45
K 0 0 43
K -1 0 45
K 2 0 45
A D 1 8 0
A P 1 152 0
J N 6 1987 77 5 4609 288 1 53
K 1 -7 45
K 0 0 43
K 0 -7 45
K 1 -7 45
A D 1 8 0
A P 1 157 0
J N 6 2017 84 6 5761 288 1 53
K 1 -14 45
K 1 0 45
K 0 0 43
K -1 0 45
K 2 0 45
A D 1 8 0
A P 1 152 0
H 53 B 49 0 108 6 2 1 1 1 1 3
J B 140 2050 1 82 6913 288 0
J M 0 2050 80 0 6913 0 1 52
H 52 S 12 0 0 0 0 0 0 0
E *
L 828 0 0 326 326 * 0 14 0
J D 0 -86 42 1 6913 0 0
W 0 0 31 Vla
J C 13 5 28 35 6913 0 0
J K -2 57 0 2 6913 0 0
K 0 35 65
K 13 14 65
J D 0 -27 -14 1 6913 0 0
W 0 0 0 \01\03\00
J R 7 126 28 2 1 0 0
K 0 0 48
A D 2 8 1
A P 1 0 1
J R 6 170 28 2 2305 576 0
K 0 0 49
A D 1 8 0
A P 1 0 0
J D 0 195 0 1 3457 288 0
W 0 -19 32 arco
J N 6 206 35 5 3457 0 2 46 47
K -14 0 64
K 0 0 43
K 0 53 108
K 23 53 108
A D 1 8 0
A P 1 158 0
J N 6 237 28 2 4609 288 1 47
K 0 0 43
A D 1 8 0
A P 1 163 0
J N 6 268 35 2 5761 288 2 47 46
K 0 0 43
A D 1 8 0
A P 1 158 0
H 47 B 49 0 108 3 2 1 3
H 46 S 12 0 0 0 0 0 0 0 0
J B 131 301 1 82 6913 288 0
J N 7 322 28 5 1 0 0
K 0 0 43
K 0 -21 96
K 0 0 60
K 0 21 60
A D 2 8 0
A P 1 163 0
J R 6 366 28 2 2305 576 0
K 0 0 49
A D 1 8 0
A P 1 0 0
J N 6 402 35 3 3457 288 2 48 49
K -14 0 64
K 0 0 43
A D 1 8 0
A P 1 158 0
J N 6 433 28 2 4609 288 1 49
K 0 0 43
A D 1 8 0
A P 1 163 0
J N 6 463 35 2 5761 288 2 49 48
K 0 0 43
A D 1 8 0
A P 1 158 0
H 49 B 49 0 108 3 2 1 3
H 48 S 12 0 0 0 0 0 0 0 0
J B 132 496 1 82 6913 288 0
J N 7 517 28 5 1 0 0
K 0 0 43
K 0 -21 96
K 0 0 60
K 0 21 60
A D 2 8 0
A P 1 163 0
J R 6 561 28 2 2305 576 0
K 0 0 49
A D 1 8 0
A P 1 0 0
J N 6 597 35 3 3457 288 2 50 51
K -14 0 64
K 0 0 43
A D 1 8 0
A P 1 158 0
J N 6 627 28 2 4609 288 1 51
K 0 0 43
A D 1 8 0
A P 1 163 0
J N 6 657 35 2 5761 288 2 51 50
K 0 0 43
A D 1 8 0
A P 1 158 0
H 51 B 49 0 108 3 2 1 3
H 50 S 12 0 0 0 0 0 0 0 0
J B 133 690 1 82 6913 288 0
J N 7 711 28 5 1 0 0
K 0 0 43
K 0 -21 96
K 0 0 60
K 0 21 60
A D 2 8 0
A P 1 163 0
J R 7 755 28 2 2305 576 0
K 0 0 48
A D 2 8 1
A P 1 0 1
J R 7 799 28 2 4609 576 0
K 0 0 48
A D 2 8 0
A P 1 0 0
J B 134 843 1 82 6913 576 0
J R 7 864 28 2 1 0 0
K 0 0 48
A D 2 8 1
A P 1 0 1
J R 6 908 28 2 2305 576 0
K 0 0 49
A D 1 8 0
A P 1 0 0
J N 6 938 56 2 3457 288 2 52 53
K 0 0 43
A D 1 8 0
A P 1 140 0
J N 6 979 49 3 4609 288 1 53
K -15 0 65
K 0 0 43
A D 1 8 0
A P 1 145 0
J N 6 1009 56 2 5761 288 2 53 52
K 0 0 43
A D 1 8 0
A P 1 140 0
H 53 B 56 0 108 3 2 1 3
H 52 S 12 0 0 0 0 0 0 0 0
J B 135 1042 1 82 6913 288 0
J N 7 1066 49 6 1 0 0
K -15 0 65
K 0 0 43
K 0 17 96
K 0 0 59
K 0 -21 59
A D 2 8 0
A P 1 145 0
J R 6 1110 28 2 2305 576 0
K 0 0 49
A D 1 8 0
A P 1 0 0
J N 6 1140 56 2 3457 288 2 54 55
K 0 0 43
A D 1 8 0
A P 1 140 0
J N 6 1170 49 2 4609 288 1 55
K 0 0 43
A D 1 8 0
A P 1 145 0
J N 6 1200 56 2 5761 288 2 55 54
K 0 0 43
A D 1 8 0
A P 1 140 0
H 55 B 56 0 108 3 2 1 3
H 54 S 12 0 0 0 0 0 0 0 0
J B 136 1233 1 82 6913 288 0
J N 7 1257 49 6 1 0 0
K -15 0 65
K 0 0 43
K 0 17 96
K 0 0 59
K 0 -21 59
A D 2 8 0
A P 1 145 0
J R 6 1301 28 2 2305 576 0
K 0 0 49
A D 1 8 0
A P 1 0 0
J N 6 1331 56 2 3457 288 2 56 57
K 0 0 43
A D 1 8 0
A P 1 140 0
J N 6 1361 49 2 4609 288 1 57
K 0 0 43
A D 1 8 0
A P 1 145 0
J N 6 1391 56 2 5761 288 1 57
K 0 0 43
A D 1 8 0
A P 1 140 0
H 57 B 56 0 108 3 2 1 3
J B 137 1424 1 82 6913 288 0
J N 6 1449 49 3 1 0 1 58
K -15 0 65
K 0 0 43
A D 1 8 0
A P 1 145 0
J N 6 1489 63 3 1153 288 1 58
K -14 0 64
K 0 0 43
A D 1 8 0
A P 1 135 0
J N 6 1519 56 2 2305 288 1 58
K 0 0 43
A D 1 8 0
A P 1 140 0
J N 6 1549 63 2 3457 288 1 58
K 0 0 43
A D 1 8 0
A P 1 135 0
J N 6 1579 56 2 4609 288 1 58
K 0 0 43
A D 1 8 0
A P 1 140 0
J N 6 1609 63 2 5761 288 1 58
K 0 0 43
A D 1 8 0
A P 1 135 0
H 58 B 42 1 108 6 2 1 1 1 1 3
J B 138 1642 1 82 6913 288 0
J N 6 1663 56 2 1 0 1 59
K 0 0 43
A D 1 8 0
A P 1 140 0
J N 6 1693 42 2 1153 288 1 59
K 0 0 43
A D 1 8 0
A P 1 152 0
H 59 B 57 -4 108 2 2 3
J N 6 1723 35 2 2305 288 1 60
K 0 0 43
A D 1 8 0
A P 1 157 0
J N 6 1753 42 2 3457 288 1 60
K 0 0 43
A D 1 8 0
A P 1 152 0
J N 6 1783 35 2 4609 288 1 60
K 0 0 43
A D 1 8 0
A P 1 157 0
J N 6 1813 42 2 5761 288 1 60
K 0 0 43
A D 1 8 0
A P 1 152 0
H 60 B 42 0 108 4 2 1 1 3
J B 139 1846 1 82 6913 288 0
J N 6 1867 35 2 1 0 1 61
K 0 0 43
A D 1 8 0
A P 1 157 0
J N 6 1897 42 2 1153 288 1 61
K 0 0 43
A D 1 8 0
A P 1 152 0
J N 6 1927 35 2 2305 288 1 61
K 0 0 43
A D 1 8 0
A P 1 157 0
J N 6 1957 42 2 3457 288 1 61
K 0 0 43
A D 1 8 0
A P 1 152 0
J N 6 1987 35 2 4609 288 1 61
K 0 0 43
A D 1 8 0
A P 1 157 0
J N 6 2017 42 2 5761 288 1 61
K 0 0 43
A D 1 8 0
A P 1 152 0
H 61 B 42 0 108 6 2 1 1 1 1 3
J B 140 2050 1 82 6913 288 0
J M 0 2050 45 0 6913 0 1 56
H 56 S 12 0 0 0 0 0 0 0
E *
L 963 0 0 326 326 * 0 14 0
J D 0 -83 42 1 6913 0 0
W 0 0 31 Vc
J C 22 5 14 36 6913 0 0
J K -2 57 0 2 6913 0 0
K 0 42 65
K 13 21 65
J D 0 -27 -14 1 6913 0 0
W 0 0 0 \01\03\00
J R 9 189 28 2 1 10000 0
K 0 0 46
A D 6 8 0
A P 1 0 0
J B 131 301 1 82 6913 1728 0
J R 9 384 28 2 1 10000 0
K 0 0 46
A D 6 8 0
A P 1 0 0
J B 132 496 1 82 6913 1728 0
J R 9 579 28 2 1 10000 0
K 0 0 46
A D 6 8 0
A P 1 0 0
J B 133 690 1 82 6913 1728 0
J R 9 752 28 2 1 10000 0
K 0 0 46
A D 6 8 0
A P 1 0 0
J B 134 843 1 82 6913 1728 0
J R 7 864 28 2 1 0 0
K 0 0 48
A D 2 8 1
A P 1 0 1
J R 6 908 28 2 2305 576 0
K 0 0 49
A D 1 8 0
A P 1 0 0
J D 0 931 0 1 3457 288 0
W 0 -36 32 arco
J N 6 938 14 4 3457 0 2 38 39
K 0 0 43
K 0 74 108
K 23 74 108
A D 1 8 0
A P 1 140 0
J N 6 979 7 3 4609 288 1 39
K -15 0 65
K 0 0 43
A D 1 8 0
A P 1 145 0
J N 6 1009 14 2 5761 288 2 39 38
K 0 0 43
A D 1 8 0
A P 1 140 0
H 39 B -46 0 108 3 2 1 3
H 38 S 0 0 0 0 0 0 0 0 0
J B 135 1042 1 82 6913 288 0
J N 7 1066 7 6 1 0 0
K -15 0 65
K 0 0 43
K 0 -17 96
K 0 0 60
K 0 21 60
A D 2 8 0
A P 1 145 0
J R 6 1110 28 2 2305 576 0
K 0 0 49
A D 1 8 0
A P 1 0 0
J N 6 1140 14 2 3457 288 2 40 41
K 0 0 43
A D 1 8 0
A P 1 140 0
J N 6 1170 7 2 4609 288 1 41
K 0 0 43
A D 1 8 0
A P 1 145 0
J N 6 1200 14 2 5761 288 2 41 40
K 0 0 43
A D 1 8 0
A P 1 140 0
H 41 B -46 0 108 3 2 1 3
H 40 S 0 0 0 0 0 0 0 0 0
J B 136 1233 1 82 6913 288 0
J N 7 1257 7 6 1 0 0
K -15 0 65
K 0 0 43
K 0 -17 96
K 0 0 60
K 0 21 60
A D 2 8 0
A P 1 145 0
J R 6 1301 28 2 2305 576 0
K 0 0 49
A D 1 8 0
A P 1 0 0
J N 6 1331 14 2 3457 288 2 42 43
K 0 0 43
A D 1 8 0
A P 1 140 0
J N 6 1361 7 2 4609 288 1 43
K 0 0 43
A D 1 8 0
A P 1 145 0
J N 6 1391 14 2 5761 288 1 43
K 0 0 43
A D 1 8 0
A P 1 140 0
H 43 B -46 0 108 3 2 1 3
J B 137 1424 1 82 6913 288 0
J N 6 1449 7 3 1 0 1 44
K -15 0 65
K 0 0 43
A D 1 8 0
A P 1 145 0
J N 6 1489 21 3 1153 288 1 44
K -14 0 64
K 0 0 43
A D 1 8 0
A P 1 135 0
J N 6 1519 14 2 2305 288 1 44
K 0 0 43
A D 1 8 0
A P 1 140 0
J N 6 1549 21 2 3457 288 1 44
K 0 0 43
A D 1 8 0
A P 1 135 0
J N 6 1579 14 2 4609 288 1 44
K 0 0 43
A D 1 8 0
A P 1 140 0
J N 6 1609 21 2 5761 288 1 44
K 0 0 43
A D 1 8 0
A P 1 135 0
H 44 B -56 0 108 6 2 1 1 1 1 3
J B 138 1642 1 82 6913 288 0
J N 6 1663 14 2 1 0 1 45
K 0 0 43
A D 1 8 0
A P 1 140 0
J N 6 1693 49 2 1153 288 1 45
K 0 0 43
A D 1 8 0
A P 1 112 0
J N 6 1723 42 2 2305 288 1 45
K 0 0 43
A D 1 8 0
A P 1 117 0
J N 6 1753 49 2 3457 288 1 45
K 0 0 43
A D 1 8 0
A P 1 112 0
J N 6 1783 42 2 4609 288 1 45
K 0 0 43
A D 1 8 0
A P 1 117 0
J N 6 1813 49 2 5761 288 1 45
K 0 0 43
A D 1 8 0
A P 1 112 0
H 45 B 42 4 108 6 2 1 1 1 1 3
J B 139 1846 1 82 6913 288 0
J N 6 1867 42 2 1 0 1 46
K 0 0 43
A D 1 8 0
A P 1 117 0
J N 6 1897 49 2 1153 288 1 46
K 0 0 43
A D 1 8 0
A P 1 112 0
J N 6 1927 42 2 2305 288 1 46
K 0 0 43
A D 1 8 0
A P 1 117 0
J N 6 1957 49 2 3457 288 1 46
K 0 0 43
A D 1 8 0
A P 1 112 0
J N 6 1987 42 2 4609 288 1 46
K 0 0 43
A D 1 8 0
A P 1 117 0
J N 6 2017 49 2 5761 288 1 46
K 0 0 43
A D 1 8 0
A P 1 112 0
H 46 B 46 0 108 6 2 1 1 1 1 3
J B 140 2050 1 82 6913 288 0
J M 0 2050 1 0 6913 0 1 42
H 42 S 0 0 -14 0 0 0 0 0
E *
B 1 301 0
B 1 496 0
B 1 690 0
B 1 843 0
B 1 1042 0
B 1 1233 0
B 1 1424 0
B 1 1642 0
B 1 1846 0
B 1 2050 0
S 0 200 1388 2050 1151 9 "[....][.][{..}.{.}]"
L 0 0 0 326 326 * 0 14 0
J D 0 -66 42 1 6913 0 0
W 0 0 31 Fl
J C 4 5 42 2 6913 0 0
K 0 0 33
K 0 0 34
J K -2 57 0 2 6913 0 0
K 0 28 65
K 13 7 65
J D 0 -27 -14 1 6913 0 0
W 0 0 37 \01\04\00
J R 7 126 28 2 1 0 0
K 0 0 48
A D 2 8 1
A P 1 0 1
J R 7 180 28 2 2305 576 0
K 0 0 48
A D 2 8 0
A P 1 0 0
J N 7 234 -21 9 4609 576 1 44
K 0 7 45
K 0 0 43
K 0 7 45
K 1 7 45
K -8 81 108
K 15 81 108
K 0 0 60
K 0 21 60
A D 2 8 0
A P 1 237 0
J B 141 294 1 82 6913 576 0
J D 0 319 0 1 1 0 0
W 0 82 36 cresc. poco  a  poco
J N 8 315 -35 9 1 0 0
K 0 21 45
K 0 7 45
K 0 0 42
K 0 7 45
K 1 7 45
K 0 0 60
K 0 28 60
K 0 35 60
A D 4 8 0
A P 1 249 0
J N 7 423 -21 7 4609 1152 0
K 0 7 45
K 0 0 43
K 0 7 45
K 1 7 45
K 0 0 60
K 0 21 60
A D 2 8 0
A P 1 237 0
J B 142 483 1 82 6913 576 0
J N 8 504 -28 8 1 0 0
K 0 14 45
K 0 0 45
K 0 0 42
K -1 0 45
K 2 0 45
K 0 0 60
K 0 28 60
A D 4 8 0
A P 1 243 0
J N 7 612 -42 10 4609 1152 0
K 0 28 45
K 0 14 45
K 0 0 45
K 0 0 43
K -1 0 45
K 2 0 45
K 0 0 60
K 0 28 60
K 0 42 60
A D 2 8 0
A P 1 254 0
J B 143 672 1 82 6913 576 0
J N 7 693 -28 8 1 0 1 44
K 0 14 45
K 0 0 45
K 0 0 43
K -1 0 45
K 2 0 45
K 0 0 60
K 0 28 60
A D 2 8 0
A P 1 243 0
H 44 S 0 0 -7 0 -7 0 0 0 0
J R 7 755 28 2 2305 576 0
K 0 0 48
A D 2 8 1
A P 1 0 1
J R 7 817 28 2 4609 576 0
K 0 0 48
A D 2 8 0
A P 1 0 0
J B 144 877 1 82 6913 576 0
J R 7 898 28 2 1 0 0
K 0 0 48
A D 2 8 1
A P 1 0 1
J R 7 952 28 2 2305 576 0
K 0 0 48
A D 2 8 0
A P 1 0 0
J N 7 1006 -28 8 4609 576 1 45
K 0 14 45
K 0 0 45
K 0 0 43
K -1 0 45
K 2 0 45
K 0 0 60
K 0 28 60
A D 2 8 0
A P 1 243 0
J B 145 1066 1 82 6913 576 0
J N 8 1087 -42 10 1 0 0
K 0 28 45
K 0 14 45
K 0 0 45
K 0 0 42
K -1 0 45
K 2 0 45
K 0 0 60
K 0 28 60
K 0 42 60
A D 4 8 0
A P 1 254 0
J N 7 1195 -28 8 4609 1152 0
K 0 14 45
K 0 0 45
K 0 0 43
K -1 0 45
K 2 0 45
K 0 0 60
K 0 28 60
A D 2 8 0
A P 1 243 0
J B 146 1255 1 82 6913 576 0
J N 8 1276 -35 9 1 0 0
K 0 21 45
K 0 7 45
K 0 0 42
K 0 7 45
K 1 7 45
K 0 0 60
K 0 28 60
K 0 35 60
A D 4 8 0
A P 1 249 0
J N 7 1384 -49 10 4609 1152 0
K 0 35 45
K 0 21 45
K 0 7 45
K 0 0 43
K 0 7 45
K 1 7 45
K 0 0 60
K 0 28 60
K 0 49 60
A D 2 8 0
A P 1 260 0
J B 147 1444 1 82 6913 576 0
J N 7 1465 -35 9 1 0 1 45
K 0 21 45
K 0 7 45
K 0 0 43
K 0 7 45
K 1 7 45
K 0 0 60
K 0 28 60
K 0 35 60
A D 2 8 0
A P 1 249 0
H 45 S 0 0 -7 0 -7 0 0 0 0
J R 7 1527 28 2 2305 576 0
K 0 0 48
A D 2 8 1
A P 1 0 1
J R 7 1589 28 2 4609 576 0
K 0 0 48
A D 2 8 0
A P 1 0 0
J B 148 1649 1 82 6913 576 0
J R 7 1670 28 2 1 0 0
K 0 0 48
A D 2 8 1
A P 1 0 1
J R 7 1726 28 2 2305 576 0
K 0 0 48
A D 2 8 0
A P 1 0 0
J N 7 1782 -35 9 4609 576 1 46
K 0 21 45
K 0 7 45
K 0 0 43
K 0 7 45
K 1 7 45
K 0 0 60
K 0 28 60
K 0 35 60
A D 2 8 0
A P 1 249 0
J B 149 1843 1 82 6913 576 0
J N 8 1864 -49 10 1 0 0
K 0 35 45
K 0 21 45
K 0 7 45
K 0 0 42
K 0 7 45
K 1 7 45
K 0 0 60
K 0 28 60
K 0 49 60
A D 4 8 0
A P 1 260 0
J N 7 1976 -35 9 4609 1152 0
K 0 21 45
K 0 7 45
K 0 0 43
K 0 7 45
K 1 7 45
K 0 0 60
K 0 28 60
K 0 35 60
A D 2 8 0
A P 1 249 0
J B 150 2050 1 82 6913 576 0
J M 0 2050 -47 0 6913 0 1 46
H 46 S 0 0 -7 0 0 0 0 0
E *
L 132 0 0 326 326 * 0 14 0
J D 0 -119 42 1 6913 0 0
W 0 0 31 Ob 1-2
J C 4 5 42 2 6913 0 0
K 0 0 33
K 0 0 34
J K -2 57 0 2 6913 0 0
K 0 28 65
K 13 7 65
J D 0 -27 -14 1 6913 0 0
W 0 0 0 \01\04\00
J R 7 126 28 2 1 0 0
K 0 0 48
A D 2 8 1
A P 1 0 1
J R 7 180 28 2 2305 576 0
K 0 0 48
A D 2 8 0
A P 1 0 0
J N 7 234 -21 9 4609 576 1 41
K 1 7 45
K 0 0 43
K 0 7 45
K 1 7 45
K 0 119 108
K 23 119 108
K 0 0 59
K 0 -7 59
A D 2 8 1
A P 1 237 1
J N 7 234 14 4 4609 0 1 42
K 0 0 43
K 0 0 60
K 0 21 60
A D 2 8 0
A P 2 209 0
J B 141 294 1 82 6913 576 0
J D 0 319 0 1 1 0 0
W 0 114 36 cresc. poco  a  poco
J N 8 315 -21 8 1 0 2 43 41
K 1 7 45
K 0 0 42
K 0 7 45
K 1 7 45
K 25 0 44
K 0 0 59
K 0 -7 59
A D 6 8 1
A P 1 237 1
H 41 T -21 0 0 0 0 0 3 0
J N 8 315 0 4 1 0 0
K 0 0 42
K 0 0 60
K 0 21 60
A D 4 8 0
A P 2 220 0
J N 7 423 14 4 4609 1152 0
K 0 0 43
K 0 0 60
K 0 21 60
A D 2 8 0
A P 2 209 0
J B 142 483 1 82 6913 576 0
J N 8 504 -21 8 1 0 2 44 43
K 1 7 45
K 0 0 42
K 0 7 45
K 1 7 45
K 25 0 44
K 0 0 59
K 0 -7 59
A D 6 8 1
A P 1 237 1
H 43 T -21 0 0 0 0 0 3 0
J N 8 504 7 4 1 0 0
K 0 0 42
K 0 0 60
K 0 21 60
A D 4 8 0
A P 2 214 0
J N 7 612 -7 4 4609 1152 0
K 0 0 43
K 0 0 60
K 0 21 60
A D 2 8 0
A P 2 226 0
J B 143 672 1 82 6913 576 0
J N 7 693 -21 7 1 0 1 44
K 1 7 45
K 0 0 43
K 0 7 45
K 1 7 45
K 0 0 59
K 0 -7 59
A D 2 8 0
A P 1 237 0
H 44 T -21 0 0 0 0 0 3 0
J N 7 693 7 4 1 0 1 42
K 0 0 43
K 0 0 60
K 0 21 60
A D 2 8 0
A P 2 214 0
H 42 S 12 -6 42 -6 42 0 0 0 0
J R 7 755 28 2 2305 576 0
K 0 0 48
A D 2 8 1
A P 1 0 1
J R 7 817 28 2 4609 576 0
K 0 0 48
A D 2 8 0
A P 1 0 0
J B 144 877 1 82 6913 576 0
J R 7 898 28 2 1 0 0
K 0 0 48
A D 2 8 1
A P 1 0 1
J R 7 952 28 2 2305 576 0
K 0 0 48
A D 2 8 0
A P 1 0 0
J N 7 1006 -21 7 4609 576 1 45
K 1 7 45
K 0 0 43
K 0 7 45
K 1 7 45
K 0 0 59
K 0 -7 59
A D 2 8 1
A P 1 237 1
J N 7 1006 7 4 4609 0 1 46
K 0 0 43
K 0 0 60
K 0 21 60
A D 2 8 0
A P 2 214 0
J B 145 1066 1 82 6913 576 0
J N 8 1087 -21 8 1 0 2 47 45
K 1 7 45
K 0 0 42
K 0 7 45
K 1 7 45
K 25 0 44
K 0 0 59
K 0 -7 59
A D 6 8 1
A P 1 237 1
H 45 T -21 0 0 0 0 0 3 0
J N 8 1087 -7 4 1 0 0
K 0 0 42
K 0 0 60
K 0 21 60
A D 4 8 0
A P 2 226 0
J N 7 1195 7 4 4609 1152 0
K 0 0 43
K 0 0 60
K 0 21 60
A D 2 8 0
A P 2 214 0
J B 146 1255 1 82 6913 576 0
J N 8 1276 -21 8 1 0 2 48 47
K 1 7 45
K 0 0 42
K 0 7 45
K 1 7 45
K 25 0 44
K 0 0 59
K 0 -7 59
A D 6 8 1
A P 1 237 1
H 47 T -21 0 0 0 0 0 3 0
J N 8 1276 0 4 1 0 0
K 0 0 42
K 0 0 60
K 0 21 60
A D 4 8 0
A P 2 220 0
J N 7 1384 -14 8 4609 1152 0
K 0 0 45
K -15 0 65
K 0 0 43
K -1 0 45
K 2 0 45
K 0 0 60
K 0 21 60
A D 2 8 0
A P 2 231 0
J B 147 1444 1 82 6913 576 0
J N 7 1465 -21 7 1 0 1 48
K 1 7 45
K 0 0 43
K 0 7 45
K 1 7 45
K 0 0 59
K 0 -7 59
A D 2 8 0
A P 1 237 0
H 48 T -21 0 0 0 0 0 3 0
J N 7 1465 0 4 1 0 1 46
K 0 0 43
K 0 0 60
K 0 21 60
A D 2 8 0
A P 2 220 0
H 46 S 12 -6 42 -6 42 0 0 0 0
J R 7 1527 28 2 2305 576 0
K 0 0 48
A D 2 8 1
A P 1 0 1
J R 7 1589 28 2 4609 576 0
K 0 0 48
A D 2 8 0
A P 1 0 0
J B 148 1649 1 82 6913 576 0
J R 9 1732 28 2 1 0 0
K 0 0 46
A D 6 8 0
A P 3 0 0
J B 149 1843 1 82 6913 1728 0
J R 9 1932 28 2 1 0 0
K 0 0 46
A D 6 8 0
A P 3 0 0
J B 150 2050 1 82 6913 1728 0
E *
L 264 0 0 326 326 * 0 14 0
J D 0 -110 42 1 6913 0 0
W 0 -21 31 Cl 1-2
J D 0 -110 42 1 6913 0 0
W 0 21 31 (B\0.)
J C 4 5 42 2 6913 0 0
K 0 0 33
K 0 0 34
J K 0 57 0 0 6913 0 0
J D 0 -27 -14 1 6913 0 0
W 0 0 0 \01\04\00
J R 7 126 28 2 1 0 0
K 0 0 48
A D 2 8 1
A P 1 0 1
J R 7 180 28 2 2305 576 0
K 0 0 48
A D 2 8 0
A P 1 0 0
J N 7 234 21 9 4609 576 2 49 50
K 0 0 43
K 0 35 43
K 0 92 108
K 23 92 108
K 0 35 59
K 0 28 59
K 0 0 59
K 0 -14 59
A D 2 8 0
A P 1 203 0
A P 2 175 0
J B 141 294 1 82 6913 576 0
J D 0 319 0 1 1 0 0
W 0 131 36 cresc. poco  a  poco
J N 8 315 42 7 1 0 0
K 0 -35 42
K 0 0 42
K 0 -35 60
K 0 -28 60
K 0 0 60
K 0 14 60
A D 4 8 0
A P 1 215 0
A P 2 186 0
J N 7 423 21 7 4609 1152 0
K 0 0 43
K 0 35 43
K 0 35 59
K 0 28 59
K 0 0 59
K 0 -14 59
A D 2 8 0
A P 1 203 0
A P 2 175 0
J B 142 483 1 82 6913 576 0
J N 8 504 14 7 1 0 0
K 0 0 42
K 0 35 42
K 0 35 59
K 0 28 59
K 0 0 59
K 0 -14 59
A D 4 8 0
A P 1 209 0
A P 2 180 0
J N 7 612 35 7 4609 1152 0
K 0 -35 43
K 0 0 43
K 0 -35 60
K 0 -28 60
K 0 0 60
K 0 14 60
A D 2 8 0
A P 1 220 0
A P 2 192 0
J B 143 672 1 82 6913 576 0
J N 7 693 14 7 1 0 2 49 50
K 0 0 43
K 0 35 43
K 0 35 59
K 0 28 59
K 0 0 59
K 0 -14 59
A D 2 8 0
A P 1 209 0
A P 2 180 0
H 49 S 0 14 -7 0 -21 3 0 0 0
H 50 S 12 0 49 0 49 0 0 0 0
J R 7 755 28 2 2305 576 0
K 0 0 48
A D 2 8 1
A P 1 0 1
J R 7 817 28 2 4609 576 0
K 0 0 48
A D 2 8 0
A P 1 0 0
J B 144 877 1 82 6913 576 0
J R 7 898 28 2 1 0 0
K 0 0 48
A D 2 8 1
A P 1 0 1
J R 7 952 28 2 2305 576 0
K 0 0 48
A D 2 8 0
A P 1 0 0
J N 7 1006 14 7 4609 576 2 51 52
K 0 0 43
K 0 35 43
K 0 35 59
K 0 28 59
K 0 0 59
K 0 -14 59
A D 2 8 0
A P 1 209 0
A P 2 180 0
J B 145 1066 1 82 6913 576 0
J N 8 1087 35 7 1 0 0
K 0 -35 42
K 0 0 42
K 0 -35 60
K 0 -28 60
K 0 0 60
K 0 14 60
A D 4 8 0
A P 1 220 0
A P 2 192 0
J N 7 1195 14 7 4609 1152 0
K 0 0 43
K 0 35 43
K 0 35 59
K 0 28 59
K 0 0 59
K 0 -14 59
A D 2 8 0
A P 1 209 0
A P 2 180 0
J B 146 1255 1 82 6913 576 0
J N 8 1276 42 7 1 0 0
K 0 -35 42
K 0 0 42
K 0 -35 60
K 0 -28 60
K 0 0 60
K 0 14 60
A D 4 8 0
A P 1 215 0
A P 2 186 0
J N 7 1384 28 8 4609 1152 0
K -15 0 65
K 0 -35 43
K 0 0 43
K 0 -35 60
K 0 -28 60
K 0 0 60
K 0 21 60
A D 2 8 0
A P 1 226 0
A P 2 197 0
J B 147 1444 1 82 6913 576 0
J N 7 1465 42 7 1 0 2 51 52
K 0 -35 43
K 0 0 43
K 0 -35 60
K 0 -28 60
K 0 0 60
K 0 14 60
A D 2 8 0
A P 1 215 0
A P 2 186 0
H 51 S 0 14 -21 0 -35 2 0 0 0
H 52 S 12 0 49 -14 21 2 0 0 0
J R 7 1527 28 2 2305 576 0
K 0 0 48
A D 2 8 1
A P 1 0 1
J R 7 1589 28 2 4609 576 0
K 0 0 48
A D 2 8 0
A P 1 0 0
J B 148 1649 1 82 6913 576 0
J R 7 1670 28 2 1 0 0
K 0 0 48
A D 2 8 1
A P 1 0 1
J R 7 1726 28 2 2305 576 0
K 0 0 48
A D 2 8 0
A P 1 0 0
J N 7 1782 21 6 4609 576 1 53
K 0 -14 43
K 0 0 43
K 0 -14 60
K 0 0 60
K 0 21 60
A D 2 8 0
A P 1 215 0
A P 2 203 0
J B 149 1843 1 82 6913 576 0
J N 8 1864 7 6 1 0 0
K 0 -14 42
K 0 0 42
K 0 -14 60
K 0 0 60
K 0 21 60
A D 4 8 0
A P 1 226 0
A P 2 215 0
J N 7 1976 21 6 4609 1152 0
K 0 -14 43
K 0 0 43
K 0 -14 60
K 0 0 60
K 0 21 60
A D 2 8 0
A P 1 215 0
A P 2 203 0
J B 150 2050 1 82 6913 576 0
J M 0 2050 -5 0 6913 0 1 53
H 53 S 0 0 -21 0 0 0 0 0
E *
L 396 0 0 326 326 * 0 14 0
J D 0 -130 42 1 6913 0 0
W 0 0 31 Fag 1-2
J C 12 5 14 35 6913 0 0
J K -2 57 0 2 6913 0 0
K 0 21 65
K 13 0 65
J D 0 -27 -14 1 6913 0 0
W 0 0 0 \01\04\00
J R 7 126 28 2 1 0 0
K 0 0 48
A D 2 8 1
A P 1 0 1
J R 7 180 28 2 2305 576 0
K 0 0 48
A D 2 8 0
A P 1 0 0
J N 7 234 21 9 4609 576 2 68 69
K 0 0 43
K 0 35 43
K 0 91 108
K 23 91 108
K 0 35 59
K 0 28 59
K 0 0 59
K 0 -14 59
A D 2 8 0
A P 1 157 0
A P 2 129 0
J B 141 294 1 82 6913 576 0
J D 0 319 0 1 1 0 0
W 0 128 36 cresc. poco  a  poco
J N 8 315 42 7 1 0 0
K 0 -35 42
K 0 0 42
K 0 -35 60
K 0 -28 60
K 0 0 60
K 0 14 60
A D 4 8 0
A P 1 169 0
A P 2 140 0
J N 7 423 21 7 4609 1152 0
K 0 0 43
K 0 35 43
K 0 35 59
K 0 28 59
K 0 0 59
K 0 -14 59
A D 2 8 0
A P 1 157 0
A P 2 129 0
J B 142 483 1 82 6913 576 0
J N 8 504 14 7 1 0 0
K 0 0 42
K 0 35 42
K 0 35 59
K 0 28 59
K 0 0 59
K 0 -14 59
A D 4 8 0
A P 1 163 0
A P 2 134 0
J N 7 612 35 7 4609 1152 0
K 0 -35 43
K 0 0 43
K 0 -35 60
K 0 -28 60
K 0 0 60
K 0 14 60
A D 2 8 0
A P 1 174 0
A P 2 146 0
J B 143 672 1 82 6913 576 0
J N 7 693 14 7 1 0 2 68 69
K 0 0 43
K 0 35 43
K 0 35 59
K 0 28 59
K 0 0 59
K 0 -14 59
A D 2 8 0
A P 1 163 0
A P 2 134 0
H 68 S 0 14 -7 0 -21 3 0 0 0
H 69 S 12 0 49 0 49 0 0 0 0
J R 7 755 28 2 2305 576 0
K 0 0 48
A D 2 8 1
A P 1 0 1
J R 7 817 28 2 4609 576 0
K 0 0 48
A D 2 8 0
A P 1 0 0
J B 144 877 1 82 6913 576 0
J R 7 898 28 2 1 0 0
K 0 0 48
A D 2 8 1
A P 1 0 1
J R 7 952 28 2 2305 576 0
K 0 0 48
A D 2 8 0
A P 1 0 0
J N 7 1006 14 7 4609 576 2 70 71
K 0 0 43
K 0 35 43
K 0 35 59
K 0 28 59
K 0 0 59
K 0 -14 59
A D 2 8 0
A P 1 163 0
A P 2 134 0
J B 145 1066 1 82 6913 576 0
J N 8 1087 35 7 1 0 0
K 0 -35 42
K 0 0 42
K 0 -35 60
K 0 -28 60
K 0 0 60
K 0 14 60
A D 4 8 0
A P 1 174 0
A P 2 146 0
J N 7 1195 14 7 4609 1152 0
K 0 0 43
K 0 35 43
K 0 35 59
K 0 28 59
K 0 0 59
K 0 -14 59
A D 2 8 0
A P 1 163 0
A P 2 134 0
J B 146 1255 1 82 6913 576 0
J N 8 1276 42 7 1 0 0
K 0 -35 42
K 0 0 42
K 0 -35 60
K 0 -28 60
K 0 0 60
K 0 14 60
A D 4 8 0
A P 1 169 0
A P 2 140 0
J N 7 1384 28 8 4609 1152 0
K -15 0 65
K 0 -35 43
K 0 0 43
K 0 -35 60
K 0 -28 60
K 0 0 60
K 0 21 60
A D 2 8 0
A P 1 180 0
A P 2 151 0
J B 147 1444 1 82 6913 576 0
J N 7 1465 42 7 1 0 2 70 71
K 0 -35 43
K 0 0 43
K 0 -35 60
K 0 -28 60
K 0 0 60
K 0 14 60
A D 2 8 0
A P 1 169 0
A P 2 140 0
H 70 S 0 14 -21 0 -35 2 0 0 0
H 71 S 12 0 49 -14 21 2 0 0 0
J R 7 1527 28 2 2305 576 0
K 0 0 48
A D 2 8 1
A P 1 0 1
J R 7 1589 28 2 4609 576 0
K 0 0 48
A D 2 8 0
A P 1 0 0
J B 148 1649 1 82 6913 576 0
J R 7 1670 28 2 1 0 0
K 0 0 48
A D 2 8 1
A P 1 0 1
J R 7 1726 28 2 2305 576 0
K 0 0 48
A D 2 8 0
A P 1 0 0
J N 7 1782 21 6 4609 576 1 72
K 0 -14 43
K 0 0 43
K 0 -14 60
K 0 0 60
K 0 21 60
A D 2 8 0
A P 1 169 0
A P 2 157 0
J B 149 1843 1 82 6913 576 0
J N 8 1864 7 6 1 0 0
K 0 -14 42
K 0 0 42
K 0 -14 60
K 0 0 60
K 0 21 60
A D 4 8 0
A P 1 180 0
A P 2 169 0
J N 7 1976 21 6 4609 1152 0
K 0 -14 43
K 0 0 43
K 0 -14 60
K 0 0 60
K 0 21 60
A D 2 8 0
A P 1 169 0
A P 2 157 0
J B 150 2050 1 82 6913 576 0
J M 0 2050 -5 0 6913 0 1 72
H 72 S 0 0 -21 0 0 0 0 0
E *
L 551 0 0 326 326 * 0 14 0
J D 0 -130 42 1 6913 0 0
W 0 -21 31 Cor 1-2
J D 0 -130 42 1 6913 0 0
W 0 21 31 (B\0.)
J C 4 5 42 2 6913 0 0
K 0 0 33
K 0 0 34
J K 0 57 0 0 6913 0 0
J D 0 -27 -14 1 6913 0 0
W 0 0 0 \01\04\00
J R 7 126 28 2 1 0 0
K 0 0 48
A D 2 8 1
A P 1 0 1
J R 7 180 28 2 2305 576 0
K 0 0 48
A D 2 8 0
A P 1 0 0
J N 7 234 21 12 4609 576 2 65 66
K 1 49 45
K 0 0 43
K 0 49 43
K -1 49 45
K 2 49 45
K 0 91 108
K 23 91 108
K 0 49 59
K 0 28 59
K 0 0 59
K 0 -14 59
A D 2 8 1
A P 1 203 1
A P 2 163 1
J B 141 294 1 82 6913 576 0
J D 0 319 0 1 1 0 0
W 0 123 36 cresc. poco  a  poco
J N 8 315 21 12 1 0 4 67 68 65 66
K 1 49 45
K 0 0 42
K 25 0 44
K 0 49 42
K -1 49 45
K 2 49 45
K 24 43 44
K 0 49 59
K 0 28 59
K 0 0 59
K 0 -14 59
A D 6 8 1
A P 1 203 1
A P 2 163 1
H 65 T 21 0 0 0 0 0 3 0
H 66 T 70 0 0 0 0 0 13 0
J B 142 483 1 82 6913 1728 0
J N 8 504 21 12 1 0 4 69 70 67 68
K 1 49 45
K 0 0 42
K 25 0 44
K 0 49 42
K -1 49 45
K 2 49 45
K 24 43 44
K 0 49 59
K 0 28 59
K 0 0 59
K 0 -14 59
A D 6 8 1
A P 1 203 1
A P 2 163 1
H 67 T 21 0 0 0 0 0 3 0
H 68 T 70 0 0 0 0 0 13 0
J B 143 672 1 82 6913 1728 0
J N 7 693 21 10 1 0 2 69 70
K 1 49 45
K 0 0 43
K 0 49 43
K -1 49 45
K 2 49 45
K 0 49 59
K 0 28 59
K 0 0 59
K 0 -14 59
A D 2 8 0
A P 1 203 0
A P 2 163 0
H 69 T 21 0 0 0 0 0 3 0
H 70 T 70 0 0 0 0 0 13 0
J R 7 755 28 2 2305 576 0
K 0 0 48
A D 2 8 1
A P 1 0 1
J R 7 817 28 2 4609 576 0
K 0 0 48
A D 2 8 0
A P 1 0 0
J B 144 877 1 82 6913 576 0
J R 7 898 28 2 1 0 0
K 0 0 48
A D 2 8 1
A P 1 0 1
J R 7 952 28 2 2305 576 0
K 0 0 48
A D 2 8 0
A P 1 0 0
J N 7 1006 21 10 4609 576 2 71 72
K 1 49 45
K 0 0 43
K 0 49 43
K -1 49 45
K 2 49 45
K 0 49 59
K 0 28 59
K 0 0 59
K 0 -14 59
A D 2 8 1
A P 1 203 1
A P 2 163 1
J B 145 1066 1 82 6913 576 0
J N 8 1087 21 12 1 0 4 73 74 71 72
K 1 49 45
K 0 0 42
K 25 0 44
K 0 49 42
K -1 49 45
K 2 49 45
K 24 43 44
K 0 49 59
K 0 28 59
K 0 0 59
K 0 -14 59
A D 6 8 1
A P 1 203 1
A P 2 163 1
H 71 T 21 0 0 0 0 0 3 0
H 72 T 70 0 0 0 0 0 13 0
J B 146 1255 1 82 6913 1728 0
J N 8 1276 21 12 1 0 4 75 76 73 74
K 1 49 45
K 0 0 42
K 25 0 44
K 0 49 42
K -1 49 45
K 2 49 45
K 24 43 44
K 0 49 59
K 0 28 59
K 0 0 59
K 0 -14 59
A D 6 8 1
A P 1 203 1
A P 2 163 1
H 73 T 21 0 0 0 0 0 3 0
H 74 T 70 0 0 0 0 0 13 0
J B 147 1444 1 82 6913 1728 0
J N 7 1465 21 10 1 0 2 75 76
K 1 49 45
K 0 0 43
K 0 49 43
K -1 49 45
K 2 49 45
K 0 49 59
K 0 28 59
K 0 0 59
K 0 -14 59
A D 2 8 0
A P 1 203 0
A P 2 163 0
H 75 T 21 0 0 0 0 0 3 0
H 76 T 70 0 0 0 0 0 13 0
J R 7 1527 28 2 2305 576 0
K 0 0 48
A D 2 8 1
A P 1 0 1
J R 7 1589 28 2 4609 576 0
K 0 0 48
A D 2 8 0
A P 1 0 0
J B 148 1649 1 82 6913 576 0
J R 7 1670 28 2 1 0 0
K 0 0 48
A D 2 8 1
A P 1 0 1
J R 7 1726 28 2 2305 576 0
K 0 0 48
A D 2 8 0
A P 1 0 0
J N 7 1782 21 10 4609 576 2 77 78
K 1 49 45
K 0 0 43
K 0 49 43
K -1 49 45
K 2 49 45
K 0 49 59
K 0 28 59
K 0 0 59
K 0 -14 59
A D 2 8 1
A P 1 203 1
A P 2 163 1
J B 149 1843 1 82 6913 576 0
J N 8 1864 21 12 1 0 2 77 78
K 1 49 45
K 0 0 42
K 25 0 44
K 0 49 42
K -1 49 45
K 2 49 45
K 24 43 44
K 0 49 59
K 0 28 59
K 0 0 59
K 0 -14 59
A D 6 8 0
A P 1 203 0
A P 2 163 0
H 77 T 21 0 0 0 0 0 3 0
H 78 T 70 0 0 0 0 0 13 0
J B 150 2050 1 82 6913 1728 0
E *
L 696 0 0 326 326 * 0 14 0
J D 0 -119 42 1 6913 0 0
W 0 0 31 Vln 1
J C 4 5 42 2 6913 0 0
K 0 0 33
K 0 0 34
J K -2 57 0 2 6913 0 0
K 0 28 65
K 13 7 65
J D 0 -27 -14 1 6913 0 0
W 0 0 0 \01\04\00
J N 6 126 77 5 1 0 1 87
K 1 -7 45
K 0 0 43
K 0 -7 45
K 1 -7 45
A D 1 8 0
A P 1 157 0
J N 6 153 84 6 1153 288 1 87
K 1 -14 45
K 1 0 45
K 0 0 43
K -1 0 45
K 2 0 45
A D 1 8 0
A P 1 152 0
J N 6 180 77 5 2305 288 1 87
K 1 -7 45
K 0 0 43
K 0 -7 45
K 1 -7 45
A D 1 8 0
A P 1 157 0
J N 6 207 84 6 3457 288 1 87
K 1 -14 45
K 1 0 45
K 0 0 43
K -1 0 45
K 2 0 45
A D 1 8 0
A P 1 152 0
J N 6 234 77 5 4609 288 1 87
K 1 -7 45
K 0 0 43
K 0 -7 45
K 1 -7 45
A D 1 8 0
A P 1 157 0
J N 6 261 84 6 5761 288 2 87 81
K 1 -14 45
K 1 0 45
K 0 0 43
K -1 0 45
K 2 0 45
A D 1 8 0
A P 1 152 0
H 87 B 49 0 108 6 2 1 1 1 1 3
J M 0 112 0 0 6913 0 1 81
H 81 S 12 0 78 0 0 0 0 0
J B 141 294 1 82 6913 288 0
J D 0 319 0 1 1 0 0
W 0 141 36 cresc. poco  a  poco
J N 6 315 77 5 1 0 2 88 89
K 1 -7 45
K 0 0 43
K 0 -7 45
K 1 -7 45
A D 1 8 0
A P 1 157 0
J N 6 342 84 6 1153 288 1 89
K 1 -14 45
K 1 0 45
K 0 0 43
K -1 0 45
K 2 0 45
A D 1 8 0
A P 1 152 0
J N 6 369 77 5 2305 288 1 89
K 1 -7 45
K 0 0 43
K 0 -7 45
K 1 -7 45
A D 1 8 0
A P 1 157 0
J N 6 396 84 6 3457 288 1 89
K 1 -14 45
K 1 0 45
K 0 0 43
K -1 0 45
K 2 0 45
A D 1 8 0
A P 1 152 0
J N 6 423 77 5 4609 288 1 89
K 1 -7 45
K 0 0 43
K 0 -7 45
K 1 -7 45
A D 1 8 0
A P 1 157 0
J N 6 450 84 6 5761 288 1 89
K 1 -14 45
K 1 0 45
K 0 0 43
K -1 0 45
K 2 0 45
A D 1 8 0
A P 1 152 0
H 89 B 49 0 108 6 2 1 1 1 1 3
J B 142 483 1 82 6913 288 0
J N 6 504 77 5 1 0 1 90
K 1 -7 45
K 0 0 43
K 0 -7 45
K 1 -7 45
A D 1 8 0
A P 1 157 0
J N 6 531 84 6 1153 288 1 90
K 1 -14 45
K 1 0 45
K 0 0 43
K -1 0 45
K 2 0 45
A D 1 8 0
A P 1 152 0
J N 6 558 77 5 2305 288 1 90
K 1 -7 45
K 0 0 43
K 0 -7 45
K 1 -7 45
A D 1 8 0
A P 1 157 0
J N 6 585 84 6 3457 288 1 90
K 1 -14 45
K 1 0 45
K 0 0 43
K -1 0 45
K 2 0 45
A D 1 8 0
A P 1 152 0
J N 6 612 77 5 4609 288 1 90
K 1 -7 45
K 0 0 43
K 0 -7 45
K 1 -7 45
A D 1 8 0
A P 1 157 0
J N 6 639 84 6 5761 288 1 90
K 1 -14 45
K 1 0 45
K 0 0 43
K -1 0 45
K 2 0 45
A D 1 8 0
A P 1 152 0
H 90 B 49 0 108 6 2 1 1 1 1 3
J B 143 672 1 82 6913 288 0
J N 7 693 77 7 1 0 1 88
K 1 -7 45
K 0 0 43
K 0 -7 45
K 1 -7 45
K 0 0 59
K 0 -21 59
A D 2 8 0
A P 1 157 0
H 88 S 12 0 0 0 0 0 0 0 0
J G 5 729 28 4 2305 576 0
K -11 0 192
K 0 0 171
K 0 0 183
A D 0 8 0
A P 1 198 0
J N 7 755 21 4 2305 0 0
K 0 0 43
K 0 0 60
K 0 21 60
A D 2 8 0
A P 1 203 0
J G 5 791 14 3 4609 576 0
K 0 0 171
K 0 0 183
A D 0 8 0
A P 1 209 0
J N 7 817 7 4 4609 0 0
K 0 0 43
K 0 0 60
K 0 21 60
A D 2 8 0
A P 1 214 0
J B 144 877 1 82 6913 576 0
J S 0 898 95 2 1 0 1 91
K 0 0 111
K 12 0 110
J N 8 898 -7 4 1 0 1 92
K 0 0 42
K 0 0 60
K 0 21 60
A D 4 8 0
A P 1 226 0
J N 6 1006 7 2 4609 1152 1 93
K 0 0 43
A D 1 8 0
A P 1 214 0
J N 6 1033 21 2 5761 288 3 93 92 91
K 0 0 43
A D 1 8 0
A P 1 203 0
H 91 W 21 0 38 95 14 95
H 93 B -52 4 108 2 2 3
H 92 S 0 0 0 0 0 0 0 0 0
J B 145 1066 1 82 6913 288 0
J R 9 1146 28 2 1 0 0
K 0 0 46
A D 6 8 0
A P 1 0 0
J B 146 1255 1 82 6913 1728 0
J R 9 1335 28 2 1 0 0
K 0 0 46
A D 6 8 0
A P 1 0 0
J B 147 1444 1 82 6913 1728 0
J R 7 1465 28 2 1 0 0
K 0 0 48
A D 2 8 0
A P 1 0 0
J G 5 1501 21 4 2305 576 0
K -14 0 191
K 0 0 171
K 0 0 183
A D 0 8 0
A P 1 204 0
J N 7 1527 14 4 2305 0 0
K 0 0 43
K 0 0 60
K 0 21 60
A D 2 8 0
A P 1 209 0
J G 5 1563 7 4 4609 576 0
K -11 0 192
K 0 0 171
K 0 0 183
A D 0 8 0
A P 1 215 0
J N 7 1589 0 4 4609 0 0
K 0 0 43
K 0 0 60
K 0 21 60
A D 2 8 0
A P 1 220 0
J B 148 1649 1 82 6913 576 0
J S 0 1670 95 2 1 0 1 94
K 0 0 111
K 12 0 110
J N 8 1670 -14 8 1 0 1 95
K 0 0 45
K -15 0 65
K 0 0 42
K -1 0 45
K 2 0 45
K 0 0 60
K 0 21 60
A D 4 8 0
A P 1 231 0
J N 6 1782 0 2 4609 1152 1 96
K 0 0 43
A D 1 8 0
A P 1 220 0
J N 6 1810 14 2 5761 288 3 96 95 94
K 0 0 43
A D 1 8 0
A P 1 209 0
H 94 W 21 0 38 95 14 95
H 96 B -57 4 108 2 2 3
H 95 S 0 0 0 0 0 0 0 0 0
J B 149 1843 1 82 6913 288 0
J R 9 1932 28 2 1 0 0
K 0 0 46
A D 6 8 0
A P 1 0 0
J B 150 2050 1 82 6913 1728 0
E *
L 828 0 0 326 326 * 0 14 0
J D 0 -119 42 1 6913 0 0
W 0 0 31 Vln 2
J C 4 5 42 2 6913 0 0
K 0 0 33
K 0 0 34
J K -2 57 0 2 6913 0 0
K 0 28 65
K 13 7 65
J D 0 -27 -14 1 6913 0 0
W 0 0 0 \01\04\00
J N 6 126 77 5 1 0 1 54
K 1 -7 45
K 0 0 43
K 0 -7 45
K 1 -7 45
A D 1 8 0
A P 1 157 0
J N 6 153 84 6 1153 288 1 54
K 1 -14 45
K 1 0 45
K 0 0 43
K -1 0 45
K 2 0 45
A D 1 8 0
A P 1 152 0
J N 6 180 77 5 2305 288 1 54
K 1 -7 45
K 0 0 43
K 0 -7 45
K 1 -7 45
A D 1 8 0
A P 1 157 0
J N 6 207 84 6 3457 288 1 54
K 1 -14 45
K 1 0 45
K 0 0 43
K -1 0 45
K 2 0 45
A D 1 8 0
A P 1 152 0
J N 6 234 77 5 4609 288 1 54
K 1 -7 45
K 0 0 43
K 0 -7 45
K 1 -7 45
A D 1 8 0
A P 1 157 0
J N 6 261 84 6 5761 288 2 54 52
K 1 -14 45
K 1 0 45
K 0 0 43
K -1 0 45
K 2 0 45
A D 1 8 0
A P 1 152 0
H 54 B 49 0 108 6 2 1 1 1 1 3
J M 0 112 0 0 6913 0 1 52
H 52 S 12 0 80 0 0 0 0 0
J B 141 294 1 82 6913 288 0
J D 0 319 0 1 1 0 0
W 0 144 36 cresc. poco  a  poco
J N 6 315 77 5 1 0 2 55 56
K 1 -7 45
K 0 0 43
K 0 -7 45
K 1 -7 45
A D 1 8 0
A P 1 157 0
J N 6 342 84 6 1153 288 1 56
K 1 -14 45
K 1 0 45
K 0 0 43
K -1 0 45
K 2 0 45
A D 1 8 0
A P 1 152 0
J N 6 369 77 5 2305 288 1 56
K 1 -7 45
K 0 0 43
K 0 -7 45
K 1 -7 45
A D 1 8 0
A P 1 157 0
J N 6 396 84 6 3457 288 1 56
K 1 -14 45
K 1 0 45
K 0 0 43
K -1 0 45
K 2 0 45
A D 1 8 0
A P 1 152 0
J N 6 423 77 5 4609 288 1 56
K 1 -7 45
K 0 0 43
K 0 -7 45
K 1 -7 45
A D 1 8 0
A P 1 157 0
J N 6 450 84 6 5761 288 1 56
K 1 -14 45
K 1 0 45
K 0 0 43
K -1 0 45
K 2 0 45
A D 1 8 0
A P 1 152 0
H 56 B 49 0 108 6 2 1 1 1 1 3
J B 142 483 1 82 6913 288 0
J N 6 504 77 5 1 0 1 57
K 1 -7 45
K 0 0 43
K 0 -7 45
K 1 -7 45
A D 1 8 0
A P 1 157 0
J N 6 531 84 6 1153 288 1 57
K 1 -14 45
K 1 0 45
K 0 0 43
K -1 0 45
K 2 0 45
A D 1 8 0
A P 1 152 0
J N 6 558 77 5 2305 288 1 57
K 1 -7 45
K 0 0 43
K 0 -7 45
K 1 -7 45
A D 1 8 0
A P 1 157 0
J N 6 585 84 6 3457 288 1 57
K 1 -14 45
K 1 0 45
K 0 0 43
K -1 0 45
K 2 0 45
A D 1 8 0
A P 1 152 0
J N 6 612 77 5 4609 288 1 57
K 1 -7 45
K 0 0 43
K 0 -7 45
K 1 -7 45
A D 1 8 0
A P 1 157 0
J N 6 639 84 6 5761 288 1 57
K 1 -14 45
K 1 0 45
K 0 0 43
K -1 0 45
K 2 0 45
A D 1 8 0
A P 1 152 0
H 57 B 49 0 108 6 2 1 1 1 1 3
J B 143 672 1 82 6913 288 0
J N 6 693 77 5 1 0 1 58
K 1 -7 45
K 0 0 43
K 0 -7 45
K 1 -7 45
A D 1 8 0
A P 1 157 0
J N 6 720 84 6 1153 288 1 58
K 1 -14 45
K 1 0 45
K 0 0 43
K -1 0 45
K 2 0 45
A D 1 8 0
A P 1 152 0
J N 6 755 77 5 2305 288 1 58
K 1 -7 45
K 0 0 43
K 0 -7 45
K 1 -7 45
A D 1 8 0
A P 1 157 0
J N 6 782 84 6 3457 288 1 58
K 1 -14 45
K 1 0 45
K 0 0 43
K -1 0 45
K 2 0 45
A D 1 8 0
A P 1 152 0
J N 6 817 77 5 4609 288 1 58
K 1 -7 45
K 0 0 43
K 0 -7 45
K 1 -7 45
A D 1 8 0
A P 1 157 0
J N 6 844 84 6 5761 288 1 58
K 1 -14 45
K 1 0 45
K 0 0 43
K -1 0 45
K 2 0 45
A D 1 8 0
A P 1 152 0
H 58 B 49 0 108 6 2 1 1 1 1 3
J B 144 877 1 82 6913 288 0
J N 6 898 77 5 1 0 1 59
K 1 -7 45
K 0 0 43
K 0 -7 45
K 1 -7 45
A D 1 8 0
A P 1 157 0
J N 6 925 84 6 1153 288 1 59
K 1 -14 45
K 1 0 45
K 0 0 43
K -1 0 45
K 2 0 45
A D 1 8 0
A P 1 152 0
J N 6 952 77 5 2305 288 1 59
K 1 -7 45
K 0 0 43
K 0 -7 45
K 1 -7 45
A D 1 8 0
A P 1 157 0
J N 6 979 84 6 3457 288 1 59
K 1 -14 45
K 1 0 45
K 0 0 43
K -1 0 45
K 2 0 45
A D 1 8 0
A P 1 152 0
J N 6 1006 77 5 4609 288 1 59
K 1 -7 45
K 0 0 43
K 0 -7 45
K 1 -7 45
A D 1 8 0
A P 1 157 0
J N 6 1033 84 6 5761 288 2 59 55
K 1 -14 45
K 1 0 45
K 0 0 43
K -1 0 45
K 2 0 45
A D 1 8 0
A P 1 152 0
H 59 B 49 0 108 6 2 1 1 1 1 3
H 55 S 12 0 0 0 0 0 0 0 0
J B 145 1066 1 82 6913 288 0
J N 6 1087 77 5 1 0 2 60 61
K 1 -7 45
K 0 0 43
K 0 -7 45
K 1 -7 45
A D 1 8 0
A P 1 157 0
J N 6 1114 84 6 1153 288 1 61
K 1 -14 45
K 1 0 45
K 0 0 43
K -1 0 45
K 2 0 45
A D 1 8 0
A P 1 152 0
J N 6 1141 77 5 2305 288 1 61
K 1 -7 45
K 0 0 43
K 0 -7 45
K 1 -7 45
A D 1 8 0
A P 1 157 0
J N 6 1168 84 6 3457 288 1 61
K 1 -14 45
K 1 0 45
K 0 0 43
K -1 0 45
K 2 0 45
A D 1 8 0
A P 1 152 0
J N 6 1195 77 5 4609 288 1 61
K 1 -7 45
K 0 0 43
K 0 -7 45
K 1 -7 45
A D 1 8 0
A P 1 157 0
J N 6 1222 84 6 5761 288 1 61
K 1 -14 45
K 1 0 45
K 0 0 43
K -1 0 45
K 2 0 45
A D 1 8 0
A P 1 152 0
H 61 B 49 0 108 6 2 1 1 1 1 3
J B 146 1255 1 82 6913 288 0
J N 6 1276 77 5 1 0 1 62
K 1 -7 45
K 0 0 43
K 0 -7 45
K 1 -7 45
A D 1 8 0
A P 1 157 0
J N 6 1303 84 6 1153 288 1 62
K 1 -14 45
K 1 0 45
K 0 0 43
K -1 0 45
K 2 0 45
A D 1 8 0
A P 1 152 0
J N 6 1330 77 5 2305 288 1 62
K 1 -7 45
K 0 0 43
K 0 -7 45
K 1 -7 45
A D 1 8 0
A P 1 157 0
J N 6 1357 84 6 3457 288 1 62
K 1 -14 45
K 1 0 45
K 0 0 43
K -1 0 45
K 2 0 45
A D 1 8 0
A P 1 152 0
J N 6 1384 77 5 4609 288 1 62
K 1 -7 45
K 0 0 43
K 0 -7 45
K 1 -7 45
A D 1 8 0
A P 1 157 0
J N 6 1411 84 6 5761 288 1 62
K 1 -14 45
K 1 0 45
K 0 0 43
K -1 0 45
K 2 0 45
A D 1 8 0
A P 1 152 0
H 62 B 49 0 108 6 2 1 1 1 1 3
J B 147 1444 1 82 6913 288 0
J N 6 1465 77 5 1 0 2 63 60
K 1 -7 45
K 0 0 43
K 0 -7 45
K 1 -7 45
A D 1 8 0
A P 1 157 0
H 60 S 12 0 0 0 0 0 0 0 0
J N 6 1492 35 2 1153 288 2 64 63
K 0 0 43
A D 1 8 0
A P 1 192 0
J N 6 1527 28 2 2305 288 1 63
K 0 0 43
A D 1 8 0
A P 1 197 0
J N 6 1554 35 2 3457 288 1 63
K 0 0 43
A D 1 8 0
A P 1 192 0
J N 6 1589 28 2 4609 288 1 63
K 0 0 43
A D 1 8 0
A P 1 197 0
J N 6 1616 35 2 5761 288 1 63
K 0 0 43
A D 1 8 0
A P 1 192 0
H 63 B 86 -2 108 6 2 1 1 1 1 3
J B 148 1649 1 82 6913 288 0
J N 6 1670 28 2 1 0 1 65
K 0 0 43
A D 1 8 0
A P 1 197 0
J N 6 1698 35 2 1153 288 1 65
K 0 0 43
A D 1 8 0
A P 1 192 0
J N 6 1726 28 2 2305 288 1 65
K 0 0 43
A D 1 8 0
A P 1 197 0
J N 6 1754 35 2 3457 288 1 65
K 0 0 43
A D 1 8 0
A P 1 192 0
J N 6 1782 28 2 4609 288 1 65
K 0 0 43
A D 1 8 0
A P 1 197 0
J N 6 1810 35 2 5761 288 2 65 64
K 0 0 43
A D 1 8 0
A P 1 192 0
H 65 B 42 0 108 6 2 1 1 1 1 3
H 64 S 12 0 0 0 0 0 0 0 0
J B 149 1843 1 82 6913 288 0
J N 6 1864 28 2 1 0 2 66 67
K 0 0 43
A D 1 8 0
A P 1 197 0
J N 6 1892 35 2 1153 288 1 67
K 0 0 43
A D 1 8 0
A P 1 192 0
J N 6 1920 28 2 2305 288 1 67
K 0 0 43
A D 1 8 0
A P 1 197 0
J N 6 1948 35 2 3457 288 1 67
K 0 0 43
A D 1 8 0
A P 1 192 0
J N 6 1976 28 2 4609 288 1 67
K 0 0 43
A D 1 8 0
A P 1 197 0
J N 6 2017 35 3 5761 288 1 67
K -15 0 65
K 0 0 43
A D 1 8 0
A P 1 191 0
H 67 B 42 0 108 6 2 1 1 1 1 3
J B 150 2050 1 82 6913 288 0
J M 0 2050 38 0 6913 0 1 66
H 66 S 12 0 0 0 0 0 0 0
E *
L 960 0 0 326 326 * 0 14 0
J D 0 -86 42 1 6913 0 0
W 0 0 31 Vla
J C 13 5 28 35 6913 0 0
J K -2 57 0 2 6913 0 0
K 0 35 65
K 13 14 65
J D 0 -27 -14 1 6913 0 0
W 0 0 0 \01\04\00
J N 6 126 35 2 1 0 1 62
K 0 0 43
A D 1 8 0
A P 1 157 0
J N 6 153 42 2 1153 288 1 62
K 0 0 43
A D 1 8 0
A P 1 152 0
J N 6 180 35 2 2305 288 1 62
K 0 0 43
A D 1 8 0
A P 1 157 0
J N 6 207 42 2 3457 288 1 62
K 0 0 43
A D 1 8 0
A P 1 152 0
J N 6 234 35 2 4609 288 1 62
K 0 0 43
A D 1 8 0
A P 1 157 0
J N 6 261 42 2 5761 288 2 62 56
K 0 0 43
A D 1 8 0
A P 1 152 0
H 62 B 42 0 108 6 2 1 1 1 1 3
J M 0 112 0 0 6913 0 1 56
H 56 S 12 0 45 0 0 0 0 0
J B 141 294 1 82 6913 288 0
J D 0 317 0 1 1 0 0
W 0 106 36 cresc. poco  a  poco
J N 6 315 35 2 1 0 2 63 64
K 0 0 43
A D 1 8 0
A P 1 157 0
J N 6 342 42 2 1153 288 1 64
K 0 0 43
A D 1 8 0
A P 1 152 0
J N 6 369 35 2 2305 288 1 64
K 0 0 43
A D 1 8 0
A P 1 157 0
J N 6 396 42 2 3457 288 1 64
K 0 0 43
A D 1 8 0
A P 1 152 0
J N 6 423 35 2 4609 288 1 64
K 0 0 43
A D 1 8 0
A P 1 157 0
J N 6 450 42 2 5761 288 1 64
K 0 0 43
A D 1 8 0
A P 1 152 0
H 64 B 42 0 108 6 2 1 1 1 1 3
J B 142 483 1 82 6913 288 0
J N 6 504 35 2 1 0 1 65
K 0 0 43
A D 1 8 0
A P 1 157 0
J N 6 531 42 2 1153 288 1 65
K 0 0 43
A D 1 8 0
A P 1 152 0
J N 6 558 35 2 2305 288 1 65
K 0 0 43
A D 1 8 0
A P 1 157 0
J N 6 585 42 2 3457 288 1 65
K 0 0 43
A D 1 8 0
A P 1 152 0
J N 6 612 35 2 4609 288 1 65
K 0 0 43
A D 1 8 0
A P 1 157 0
J N 6 639 42 2 5761 288 1 65
K 0 0 43
A D 1 8 0
A P 1 152 0
H 65 B 42 0 108 6 2 1 1 1 1 3
J B 143 672 1 82 6913 288 0
J N 6 693 35 2 1 0 1 66
K 0 0 43
A D 1 8 0
A P 1 157 0
J N 6 720 42 2 1153 288 1 66
K 0 0 43
A D 1 8 0
A P 1 152 0
J N 6 755 35 2 2305 288 1 66
K 0 0 43
A D 1 8 0
A P 1 157 0
J N 6 782 42 2 3457 288 1 66
K 0 0 43
A D 1 8 0
A P 1 152 0
J N 6 817 35 2 4609 288 1 66
K 0 0 43
A D 1 8 0
A P 1 157 0
J N 6 844 42 2 5761 288 1 66
K 0 0 43
A D 1 8 0
A P 1 152 0
H 66 B 42 0 108 6 2 1 1 1 1 3
J B 144 877 1 82 6913 288 0
J N 6 898 35 2 1 0 1 67
K 0 0 43
A D 1 8 0
A P 1 157 0
J N 6 925 42 2 1153 288 1 67
K 0 0 43
A D 1 8 0
A P 1 152 0
J N 6 952 35 2 2305 288 1 67
K 0 0 43
A D 1 8 0
A P 1 157 0
J N 6 979 42 2 3457 288 1 67
K 0 0 43
A D 1 8 0
A P 1 152 0
J N 6 1006 35 2 4609 288 1 67
K 0 0 43
A D 1 8 0
A P 1 157 0
J N 6 1033 42 2 5761 288 2 67 63
K 0 0 43
A D 1 8 0
A P 1 152 0
H 67 B 42 0 108 6 2 1 1 1 1 3
H 63 S 12 0 0 0 0 0 0 0 0
J B 145 1066 1 82 6913 288 0
J N 6 1087 35 2 1 0 2 68 69
K 0 0 43
A D 1 8 0
A P 1 157 0
J N 6 1114 42 2 1153 288 1 69
K 0 0 43
A D 1 8 0
A P 1 152 0
J N 6 1141 35 2 2305 288 1 69
K 0 0 43
A D 1 8 0
A P 1 157 0
J N 6 1168 42 2 3457 288 1 69
K 0 0 43
A D 1 8 0
A P 1 152 0
J N 6 1195 35 2 4609 288 1 69
K 0 0 43
A D 1 8 0
A P 1 157 0
J N 6 1222 42 2 5761 288 1 69
K 0 0 43
A D 1 8 0
A P 1 152 0
H 69 B 42 0 108 6 2 1 1 1 1 3
J B 146 1255 1 82 6913 288 0
J N 6 1276 35 2 1 0 1 70
K 0 0 43
A D 1 8 0
A P 1 157 0
J N 6 1303 42 2 1153 288 1 70
K 0 0 43
A D 1 8 0
A P 1 152 0
J N 6 1330 35 2 2305 288 1 70
K 0 0 43
A D 1 8 0
A P 1 157 0
J N 6 1357 42 2 3457 288 1 70
K 0 0 43
A D 1 8 0
A P 1 152 0
J N 6 1384 35 2 4609 288 1 70
K 0 0 43
A D 1 8 0
A P 1 157 0
J N 6 1411 42 2 5761 288 1 70
K 0 0 43
A D 1 8 0
A P 1 152 0
H 70 B 42 0 108 6 2 1 1 1 1 3
J B 147 1444 1 82 6913 288 0
J N 6 1465 35 2 1 0 1 71
K 0 0 43
A D 1 8 0
A P 1 157 0
J N 6 1492 42 2 1153 288 1 71
K 0 0 43
A D 1 8 0
A P 1 152 0
J N 6 1527 35 2 2305 288 1 71
K 0 0 43
A D 1 8 0
A P 1 157 0
J N 6 1554 42 2 3457 288 1 71
K 0 0 43
A D 1 8 0
A P 1 152 0
J N 6 1589 35 2 4609 288 1 71
K 0 0 43
A D 1 8 0
A P 1 157 0
J N 6 1616 42 2 5761 288 1 71
K 0 0 43
A D 1 8 0
A P 1 152 0
H 71 B 42 0 108 6 2 1 1 1 1 3
J B 148 1649 1 82 6913 288 0
J N 6 1670 35 2 1 0 1 72
K 0 0 43
A D 1 8 0
A P 1 157 0
J N 6 1698 42 2 1153 288 1 72
K 0 0 43
A D 1 8 0
A P 1 152 0
J N 6 1726 35 2 2305 288 1 72
K 0 0 43
A D 1 8 0
A P 1 157 0
J N 6 1754 42 2 3457 288 1 72
K 0 0 43
A D 1 8 0
A P 1 152 0
J N 6 1782 35 2 4609 288 1 72
K 0 0 43
A D 1 8 0
A P 1 157 0
J N 6 1810 42 2 5761 288 2 72 68
K 0 0 43
A D 1 8 0
A P 1 152 0
H 72 B 42 0 108 6 2 1 1 1 1 3
H 68 S 12 0 0 0 0 0 0 0 0
J B 149 1843 1 82 6913 288 0
J N 6 1864 35 2 1 0 2 73 74
K 0 0 43
A D 1 8 0
A P 1 157 0
J N 6 1892 42 2 1153 288 1 74
K 0 0 43
A D 1 8 0
A P 1 152 0
J N 6 1920 35 2 2305 288 1 74
K 0 0 43
A D 1 8 0
A P 1 157 0
J N 6 1948 42 2 3457 288 1 74
K 0 0 43
A D 1 8 0
A P 1 152 0
J N 6 1976 35 2 4609 288 1 74
K 0 0 43
A D 1 8 0
A P 1 157 0
J N 6 2017 42 3 5761 288 1 74
K -15 0 65
K 0 0 43
A D 1 8 0
A P 1 151 0
H 74 B 42 0 108 6 2 1 1 1 1 3
J B 150 2050 1 82 6913 288 0
J M 0 2050 45 0 6913 0 1 73
H 73 S 12 0 0 0 0 0 0 0
E *
L 1095 0 0 326 326 * 0 14 0
J D 0 -83 42 1 6913 0 0
W 0 0 31 Vc
J C 22 5 14 36 6913 0 0
J K -2 57 0 2 6913 0 0
K 0 42 65
K 13 21 65
J D 0 -27 -14 1 6913 0 0
W 0 0 0 \01\04\00
J N 6 126 42 2 1 0 1 47
K 0 0 43
A D 1 8 0
A P 1 117 0
J N 6 153 49 2 1153 288 1 47
K 0 0 43
A D 1 8 0
A P 1 112 0
J N 6 180 42 2 2305 288 1 47
K 0 0 43
A D 1 8 0
A P 1 117 0
J N 6 207 49 2 3457 288 1 47
K 0 0 43
A D 1 8 0
A P 1 112 0
J N 6 234 42 2 4609 288 1 47
K 0 0 43
A D 1 8 0
A P 1 117 0
J N 6 261 49 2 5761 288 2 47 42
K 0 0 43
A D 1 8 0
A P 1 112 0
H 47 B 46 0 108 6 2 1 1 1 1 3
J M 0 112 0 0 6913 0 1 42
H 42 S 0 0 1 6 -47 0 0 0
J B 141 294 1 82 6913 288 0
J D 0 319 0 1 1 0 0
W 0 116 36 cresc. poco  a  poco
J N 6 315 42 2 1 0 2 48 49
K 0 0 43
A D 1 8 0
A P 1 117 0
J N 6 342 49 2 1153 288 1 49
K 0 0 43
A D 1 8 0
A P 1 112 0
J N 6 369 42 2 2305 288 1 49
K 0 0 43
A D 1 8 0
A P 1 117 0
J N 6 396 49 2 3457 288 1 49
K 0 0 43
A D 1 8 0
A P 1 112 0
J N 6 423 42 2 4609 288 1 49
K 0 0 43
A D 1 8 0
A P 1 117 0
J N 6 450 49 2 5761 288 1 49
K 0 0 43
A D 1 8 0
A P 1 112 0
H 49 B 46 0 108 6 2 1 1 1 1 3
J B 142 483 1 82 6913 288 0
J N 6 504 42 2 1 0 1 50
K 0 0 43
A D 1 8 0
A P 1 117 0
J N 6 531 49 2 1153 288 1 50
K 0 0 43
A D 1 8 0
A P 1 112 0
J N 6 558 42 2 2305 288 1 50
K 0 0 43
A D 1 8 0
A P 1 117 0
J N 6 585 49 2 3457 288 1 50
K 0 0 43
A D 1 8 0
A P 1 112 0
J N 6 612 42 2 4609 288 1 50
K 0 0 43
A D 1 8 0
A P 1 117 0
J N 6 639 49 2 5761 288 1 50
K 0 0 43
A D 1 8 0
A P 1 112 0
H 50 B 46 0 108 6 2 1 1 1 1 3
J B 143 672 1 82 6913 288 0
J N 6 693 42 2 1 0 1 51
K 0 0 43
A D 1 8 0
A P 1 117 0
J N 6 720 49 2 1153 288 1 51
K 0 0 43
A D 1 8 0
A P 1 112 0
J N 6 755 42 2 2305 288 1 51
K 0 0 43
A D 1 8 0
A P 1 117 0
J N 6 782 49 2 3457 288 1 51
K 0 0 43
A D 1 8 0
A P 1 112 0
J N 6 817 42 2 4609 288 1 51
K 0 0 43
A D 1 8 0
A P 1 117 0
J N 6 844 49 2 5761 288 1 51
K 0 0 43
A D 1 8 0
A P 1 112 0
H 51 B 46 0 108 6 2 1 1 1 1 3
J B 144 877 1 82 6913 288 0
J N 6 898 42 2 1 0 1 52
K 0 0 43
A D 1 8 0
A P 1 117 0
J N 6 925 49 2 1153 288 1 52
K 0 0 43
A D 1 8 0
A P 1 112 0
J N 6 952 42 2 2305 288 1 52
K 0 0 43
A D 1 8 0
A P 1 117 0
J N 6 979 49 2 3457 288 1 52
K 0 0 43
A D 1 8 0
A P 1 112 0
J N 6 1006 42 2 4609 288 1 52
K 0 0 43
A D 1 8 0
A P 1 117 0
J N 6 1033 49 2 5761 288 2 52 48
K 0 0 43
A D 1 8 0
A P 1 112 0
H 52 B 46 0 108 6 2 1 1 1 1 3
H 48 S 12 0 0 0 0 0 0 0 0
J B 145 1066 1 82 6913 288 0
J N 6 1087 42 2 1 0 2 53 54
K 0 0 43
A D 1 8 0
A P 1 117 0
J N 6 1114 49 2 1153 288 1 54
K 0 0 43
A D 1 8 0
A P 1 112 0
J N 6 1141 42 2 2305 288 1 54
K 0 0 43
A D 1 8 0
A P 1 117 0
J N 6 1168 49 2 3457 288 1 54
K 0 0 43
A D 1 8 0
A P 1 112 0
J N 6 1195 42 2 4609 288 1 54
K 0 0 43
A D 1 8 0
A P 1 117 0
J N 6 1222 49 2 5761 288 1 54
K 0 0 43
A D 1 8 0
A P 1 112 0
H 54 B 46 0 108 6 2 1 1 1 1 3
J B 146 1255 1 82 6913 288 0
J N 6 1276 42 2 1 0 1 55
K 0 0 43
A D 1 8 0
A P 1 117 0
J N 6 1303 49 2 1153 288 1 55
K 0 0 43
A D 1 8 0
A P 1 112 0
J N 6 1330 42 2 2305 288 1 55
K 0 0 43
A D 1 8 0
A P 1 117 0
J N 6 1357 49 2 3457 288 1 55
K 0 0 43
A D 1 8 0
A P 1 112 0
J N 6 1384 42 2 4609 288 1 55
K 0 0 43
A D 1 8 0
A P 1 117 0
J N 6 1411 49 2 5761 288 1 55
K 0 0 43
A D 1 8 0
A P 1 112 0
H 55 B 46 0 108 6 2 1 1 1 1 3
J B 147 1444 1 82 6913 288 0
J N 6 1465 42 2 1 0 1 56
K 0 0 43
A D 1 8 0
A P 1 117 0
J N 6 1492 49 2 1153 288 1 56
K 0 0 43
A D 1 8 0
A P 1 112 0
J N 6 1527 42 2 2305 288 1 56
K 0 0 43
A D 1 8 0
A P 1 117 0
J N 6 1554 49 2 3457 288 1 56
K 0 0 43
A D 1 8 0
A P 1 112 0
J N 6 1589 42 2 4609 288 1 56
K 0 0 43
A D 1 8 0
A P 1 117 0
J N 6 1616 49 2 5761 288 1 56
K 0 0 43
A D 1 8 0
A P 1 112 0
H 56 B 46 0 108 6 2 1 1 1 1 3
J B 148 1649 1 82 6913 288 0
J N 6 1670 42 2 1 0 1 57
K 0 0 43
A D 1 8 0
A P 1 117 0
J N 6 1698 49 2 1153 288 1 57
K 0 0 43
A D 1 8 0
A P 1 112 0
J N 6 1726 42 2 2305 288 1 57
K 0 0 43
A D 1 8 0
A P 1 117 0
J N 6 1754 49 2 3457 288 1 57
K 0 0 43
A D 1 8 0
A P 1 112 0
J N 6 1782 42 2 4609 288 1 57
K 0 0 43
A D 1 8 0
A P 1 117 0
J N 6 1810 49 2 5761 288 2 57 53
K 0 0 43
A D 1 8 0
A P 1 112 0
H 57 B 46 0 108 6 2 1 1 1 1 3
H 53 S 12 0 0 0 0 0 0 0 0
J B 149 1843 1 82 6913 288 0
J N 6 1864 42 2 1 0 2 58 59
K 0 0 43
A D 1 8 0
A P 1 117 0
J N 6 1892 49 2 1153 288 1 59
K 0 0 43
A D 1 8 0
A P 1 112 0
J N 6 1920 42 2 2305 288 1 59
K 0 0 43
A D 1 8 0
A P 1 117 0
J N 6 1948 49 2 3457 288 1 59
K 0 0 43
A D 1 8 0
A P 1 112 0
J N 6 1976 42 2 4609 288 1 59
K 0 0 43
A D 1 8 0
A P 1 117 0
J N 6 2017 49 3 5761 288 1 59
K -15 0 65
K 0 0 43
A D 1 8 0
A P 1 111 0
H 59 B 46 0 108 6 2 1 1 1 1 3
J B 150 2050 1 82 6913 288 0
J M 0 2050 52 0 6913 0 1 58
H 58 S 12 0 0 0 0 0 0 0
E *
B 1 294 0
B 1 483 0
B 1 672 0
B 1 877 0
B 1 1066 0
B 1 1255 0
B 1 1444 0
B 1 1649 0
B 1 1843 0
B 1 2050 0
