@ SOURCE: {beet/bhl/orch/sym5/stage2/02/s03} DEC/30/2005 [md5sum:530a533c25f52012eca3fb9f5af88592]
L 0 0 14 !39Clarinetti 1, 2   in B\0.
J D 4 500 -120 1 6913 0 0
W 0 0 44 Second Movement
J D 1 75 -37 1 6913 0 0
W 0 -56 44 Second Movement:  Clarinetti 1, 2   in B\0.
J C 4 5 42 2 6913 0 0
K 0 0 33
K 0 0 34
J K -2 57 0 2 6913 0 0
K 0 28 65
K 13 7 65
J D 5 99 -77 1 6913 0 0
W 0 0 37 Andante con moto
J T 308 108 0 2 6913 0 0
K -10 28 74
K -10 56 79
Y P 31 Cl_1-2/(B\0.)
J R 6 150 28 2 1 0 0
K 0 0 49
A D 12 96 0
A P 3 0 0
J B 1 192 1 82 6913 288 0
J R 9 213 28 2 1 10001 0
K 0 0 46
A D 36 96 0
A P 3 0 0
J B 2 318 1 82 6913 864 0
J R 9 339 28 2 1 10001 0
K 0 0 46
A D 36 96 0
A P 3 0 0
J B 3 444 1 82 6913 864 0
J R 9 465 28 2 1 10001 0
K 0 0 46
A D 36 96 0
A P 3 0 0
J B 4 570 1 82 6913 864 0
J R 9 591 28 2 1 10001 0
K 0 0 46
A D 36 96 0
A P 3 0 0
J B 5 696 1 82 6913 864 0
J R 9 717 28 2 1 10001 0
K 0 0 46
A D 36 96 0
A P 3 0 0
J B 6 822 1 82 6913 864 0
J R 9 843 28 2 1 10001 0
K 0 0 46
A D 36 96 0
A P 3 0 0
J B 7 948 1 82 6913 864 0
J R 9 969 28 2 1 10001 0
K 0 0 46
A D 36 96 0
A P 3 0 0
J B 8 1074 1 82 6913 864 0
J R 9 1095 28 2 1 10001 0
K 0 0 46
A D 36 96 0
A P 3 0 0
J B 9 1200 1 82 6913 864 0
J R 9 1221 28 2 1 10001 0
K 0 0 46
A D 36 96 0
A P 3 0 0
J B 10 1326 1 82 6913 864 0
J R 6 1347 28 2 1 0 0
K 0 0 49
A D 12 96 1
A P 1 0 1
J R 6 1385 28 2 2305 288 0
K 0 0 49
A D 12 96 0
A P 1 0 0
J N 5 1423 14 7 4609 288 1 1
K 0 -14 43
K 24 -20 44
K 0 0 43
K 24 -6 44
K 0 89 108
K 0 -14 60
A D 9 96 0
A P 1 220 0
A P 2 209 0
J N 4 1460 28 4 6337 216 1 1
K 0 -14 43
K 0 0 43
K 0 -14 60
A D 3 96 0
A P 1 209 0
A P 2 197 0
H 1 B 1 0 108 2 22 533
J B 11 1493 1 82 6913 72 0
J S 0 1514 91 110 1 0 1 2
J N 7 1514 21 8 1 0 0
K 0 -21 43
K 24 -27 44
K 0 0 43
K 25 0 44
K 0 -21 60
K 0 0 60
K 0 21 60
A D 36 96 0
A P 1 220 0
A P 2 203 0
J M 0 1582 0 0 6913 864 1 2
H 2 W 21 0 26 91 14 91
J B 12 1586 1 82 6913 0 0
J N 6 1607 7 3 1 0 1 3
K 0 0 43
K 0 0 51
A D 12 96 0
A P 1 214 0
J N 7 1607 28 6 1 0 0
K 0 0 43
K 24 6 44
K 5 61 108
K 0 0 60
K 0 21 60
A D 36 96 0
A P 2 197 0
J N 7 1649 14 4 2305 288 1 3
K 0 0 43
K 0 0 59
K 0 -14 59
A D 24 96 0
A P 1 209 0
H 3 S 0 14 0 0 0 0 0 0 0
J B 13 1706 1 82 6913 576 0
J N 6 1727 21 3 1 0 1 4
K 0 0 43
K 0 0 51
A D 12 96 0
A P 1 203 0
J N 7 1727 49 5 1 0 0
K 0 0 43
K 25 0 44
K 0 0 60
K 0 14 60
A D 36 96 0
A P 2 180 0
J N 7 1769 28 4 2305 288 1 4
K 0 0 43
K 0 0 59
K 0 -14 59
A D 24 96 0
A P 1 197 0
H 4 S 0 14 0 0 0 0 0 0 0
J B 14 1826 1 82 6913 576 0
J N 6 1847 7 2 1 0 1 5
K 0 0 43
A D 12 96 0
A P 1 214 0
J N 6 1847 21 2 1 0 1 6
K 0 0 43
A D 12 96 0
A P 2 203 0
J N 6 1885 7 2 2305 288 1 5
K 0 0 43
A D 12 96 0
A P 1 214 0
J N 6 1885 21 2 2305 0 1 6
K 0 0 43
A D 12 96 0
A P 2 203 0
J N 6 1923 7 2 4609 288 1 5
K 0 0 43
A D 12 96 0
A P 1 214 0
H 5 B 0 0 108 3 2 1 3
J N 5 1923 21 3 4609 0 2 7 6
K 0 0 43
K 25 0 44
A D 9 96 0
A P 2 203 0
J N 4 1958 35 2 6337 216 2 6 7
K 0 0 43
A D 3 96 0
A P 2 192 0
H 6 B 1 0 108 4 2 1 21 533
H 7 S 12 -6 64 -6 53 0 0 0 0
J B 15 1991 1 82 6913 72 0
J N 6 2012 28 5 1 0 0
K 0 -14 43
K 0 0 43
K 0 -14 60
K 0 0 54
A D 12 96 0
A P 1 209 0
A P 2 197 0
J R 6 2050 28 2 2305 288 0
K 0 0 49
A D 12 96 1
A P 1 0 1
J R 6 2088 28 2 4609 288 0
K 0 0 49
A D 12 96 0
A P 1 0 0
J B 16 2130 1 82 6913 288 0
J R 9 2151 28 2 1 10001 0
K 0 0 46
A D 36 96 0
A P 3 0 0
J B 17 2256 1 82 6913 864 0
J R 6 2277 28 2 1 0 0
K 0 0 49
A D 12 96 1
A P 1 0 1
J R 6 2315 28 2 2305 288 0
K 0 0 49
A D 12 96 0
A P 1 0 0
J D 0 2325 0 1 4609 288 0
W 0 105 36 cresc.
J N 6 2353 49 5 4609 0 0
K 0 0 43
K 0 14 43
K 0 14 59
K 0 0 53
A D 12 96 0
A P 1 180 0
A P 2 169 0
J B 18 2399 1 82 6913 288 0
J N 6 2420 49 5 1 0 1 8
K 18 0 43
K 0 7 43
K 0 46 110
K 0 7 59
A D 12 96 0
A P 1 180 0
A P 2 174 0
J N 6 2467 49 4 2305 288 1 8
K 18 0 43
K 0 7 43
K 0 7 59
A D 12 96 0
A P 1 180 0
A P 2 174 0
J N 6 2514 49 4 4609 288 1 8
K 18 0 43
K 0 7 43
K 0 7 59
A D 12 96 0
A P 1 180 0
A P 2 174 0
H 8 B 0 0 108 3 2 1 3
J B 19 2568 1 82 6913 288 0
J N 6 2589 49 6 1 0 0
K 0 0 43
K 0 14 43
K 0 43 108
K 0 14 59
K 0 0 53
A D 12 96 0
A P 1 180 0
A P 2 169 0
J R 6 2631 28 2 2305 288 0
K 0 0 49
A D 12 96 0
A P 1 0 0
J N 6 2669 7 3 4609 288 2 10 9
K 0 0 43
K 0 0 51
A D 12 96 0
A P 1 214 0
J N 5 2669 21 3 4609 0 2 11 12
K 0 0 43
K 25 0 44
A D 9 96 0
A P 2 203 0
J N 4 2704 35 2 6337 216 2 12 11
K 0 0 43
A D 3 96 0
A P 2 192 0
H 12 B 1 0 108 2 22 533
H 11 S 12 -6 70 -6 61 0 0 0 0
J M 0 2733 0 0 6913 72 1 9
H 9 W 0 21 7 133 7 133
J B 20 2737 1 82 6913 0 0
J N 6 2758 28 5 1 0 2 10 13
K 0 -14 43
K 0 0 43
K 0 -14 60
K 0 0 54
A D 12 96 0
A P 1 209 0
A P 2 197 0
H 10 S 0 6 -35 0 -14 0 0 0 0
J M 0 2796 0 0 2305 288 1 13
H 13 W 21 0 7 133 14 133
J R 6 2796 28 2 2305 0 0
K 0 0 49
A D 12 96 0
A P 1 0 0
J N 6 2834 70 12 4609 288 2 14 15
K 1 0 45
K 1 14 45
K 0 0 43
K -1 0 45
K 2 0 45
K 0 14 43
K -1 14 45
K 2 14 45
K 0 68 110
K 0 14 59
K 0 0 53
A D 12 96 0
A P 1 163 0
A P 2 152 0
J B 21 2880 1 82 6913 288 0
J N 5 2901 63 8 1 0 2 14 15
K 1 7 45
K 0 0 43
K 0 14 43
K 0 7 45
K 1 7 45
K 0 14 59
K 0 0 55
A D 6 96 0
A P 1 169 0
A P 2 157 0
H 14 S 0 14 0 0 0 0 0 0 0
H 15 S 12 0 14 0 14 0 0 0 0
J R 5 2941 28 3 1153 144 0
K 0 14 49
K 4 0 50
A D 6 96 0
A P 1 0 0
J N 5 2974 63 9 2305 144 0
K 1 7 45
K 0 0 43
K 0 14 43
K 0 7 45
K 1 7 45
K 0 46 108
K 0 14 59
K 0 0 55
A D 6 96 0
A P 1 169 0
A P 2 157 0
J R 5 3014 28 3 3457 144 0
K 0 14 49
K 4 0 50
A D 6 96 0
A P 1 0 0
J N 5 3047 63 8 4609 144 0
K 1 7 45
K 0 0 43
K 0 14 43
K 0 7 45
K 1 7 45
K 0 14 59
K 0 0 55
A D 6 96 0
A P 1 169 0
A P 2 157 0
J R 5 3087 28 3 5761 144 0
K 0 14 49
K 4 0 50
A D 6 96 0
A P 1 0 0
J B 22 3124 1 82 6913 144 0
J N 6 3145 63 8 1 0 0
K 1 7 45
K 0 0 43
K 0 14 43
K 0 7 45
K 1 7 45
K 0 14 59
K 0 0 53
A D 12 96 0
A P 1 169 0
A P 2 157 0
J R 6 3187 28 2 2305 288 0
K 0 0 49
A D 12 96 0
A P 1 0 0
J D 0 3225 0 1 4609 288 0
W 0 126 36 dolce
J N 5 3225 49 3 4609 0 2 16 17
K 0 0 43
K 25 0 44
A D 9 96 0
A P 1 180 0
J R 6 3225 84 2 4609 0 0
K 0 0 49
A D 12 96 0
A P 2 0 0
J N 4 3260 35 2 6337 216 2 17 16
K 0 0 43
A D 3 96 0
A P 1 192 0
H 17 B 0 0 108 2 22 533
H 16 S 12 0 0 0 0 0 0 0 0
J B 23 3293 1 82 6913 72 0
J N 6 3314 28 4 1 0 1 18
K 0 0 43
K 0 21 43
K 0 21 59
A D 12 96 0
A P 1 197 0
A P 2 180 0
J N 6 3352 28 4 2305 288 2 19 18
K 0 0 43
K 0 21 43
K 0 21 59
A D 12 96 0
A P 1 197 0
A P 2 180 0
J N 6 3390 21 4 4609 288 1 18
K 0 0 43
K 0 14 43
K 0 14 59
A D 12 96 0
A P 1 203 0
A P 2 192 0
H 18 B 0 0 108 3 2 1 3
J B 24 3432 1 82 6913 288 0
J N 7 3453 28 6 1 0 1 19
K 0 -14 43
K 0 0 43
K 0 -14 60
K 0 0 60
K 0 21 60
A D 24 96 0
A P 1 209 0
A P 2 197 0
H 19 S 0 6 -37 0 -21 0 0 0 0
J N 5 3506 28 6 4609 576 2 20 21
K 0 0 43
K 24 -6 44
K 0 21 43
K 25 21 44
K 0 21 59
A D 9 96 0
A P 1 197 0
A P 2 180 0
J N 4 3543 21 4 6337 216 2 21 20
K 0 0 43
K 0 14 43
K 0 14 59
A D 3 96 0
A P 1 203 0
A P 2 192 0
H 21 B 0 0 108 2 22 533
H 20 S 12 0 21 0 14 0 0 0 0
J B 25 3576 1 82 6913 72 0
J N 6 3597 28 4 1 0 1 22
K 0 -14 43
K 0 0 43
K 0 -14 60
A D 12 96 0
A P 1 209 0
A P 2 197 0
J N 6 3635 28 4 2305 288 2 23 22
K 0 -14 43
K 0 0 43
K 0 -14 60
A D 12 96 0
A P 1 209 0
A P 2 197 0
J N 6 3673 21 4 4609 288 1 22
K 0 -14 43
K 0 0 43
K 0 -14 60
A D 12 96 0
A P 1 214 0
A P 2 203 0
H 22 B 1 0 108 3 2 1 3
J B 26 3715 1 82 6913 288 0
J N 7 3736 14 6 1 0 1 23
K 0 -14 43
K 0 0 43
K 0 -14 60
K 0 0 60
K 0 21 60
A D 24 96 0
A P 1 220 0
A P 2 209 0
H 23 S 0 0 -14 0 -14 0 0 0 0
J N 6 3789 14 7 4609 576 2 24 25
K 0 -14 43
K 0 0 43
K 0 67 108
K 23 67 108
K 0 -14 60
K 0 0 54
A D 12 96 1
A P 1 220 1
A P 2 209 1
J B 27 3831 1 82 6913 288 0
J N 7 3852 14 6 1 0 2 24 25
K 0 -14 43
K 0 0 43
K 0 -14 60
K 0 0 60
K 0 21 60
A D 24 96 0
A P 1 220 0
A P 2 209 0
H 24 T 0 0 0 0 0 0 5 0
H 25 T 14 0 0 0 0 0 15 0
J N 6 3905 14 5 4609 576 2 26 27
K 0 -14 43
K 0 0 43
K 0 -14 60
K 0 0 54
A D 12 96 1
A P 1 220 1
A P 2 209 1
J B 28 3947 1 82 6913 288 0
J N 7 3968 14 6 1 0 2 26 27
K 0 -14 43
K 0 0 43
K 0 -14 60
K 0 0 60
K 0 21 60
A D 24 96 0
A P 1 220 0
A P 2 209 0
H 26 T 0 0 0 0 0 0 5 0
H 27 T 14 0 0 0 0 0 15 0
J R 6 4021 28 2 4609 576 0
K 0 0 49
A D 12 96 0
A P 1 0 0
J B 29 4063 1 82 6913 288 0
J N 7 4084 14 11 1 0 0
K 0 0 43
K 24 -6 44
K 0 35 43
K 25 35 44
K 0 75 110
K 19 75 110
K 0 35 59
K 0 7 59
K 0 0 59
K 0 -14 59
A D 36 96 0
A P 1 209 0
A P 2 180 0
J B 30 4156 1 82 6913 864 0
J N 6 4183 14 7 1 0 1 28
K -18 35 63
K 0 0 43
K 0 35 43
K 0 52 96
K 0 35 59
K 0 7 59
A D 12 96 0
A P 1 209 0
A P 2 181 0
J N 6 4221 35 5 2305 288 1 28
K 0 0 43
K 0 14 43
K 0 31 96
K 0 14 59
A D 12 96 0
A P 1 192 0
A P 2 181 0
J N 6 4259 35 5 4609 288 1 28
K 18 0 43
K 0 7 43
K 0 28 96
K 0 7 59
A D 12 96 0
A P 1 192 0
A P 2 186 0
H 28 B 0 0 108 3 2 1 3
J B 31 4313 1 82 6913 288 0
J N 6 4340 35 6 1 0 0
K -18 14 63
K 0 0 43
K 0 14 43
K 0 14 59
K 0 0 53
A D 12 96 0
A P 1 192 0
A P 2 181 0
J R 6 4382 28 2 2305 288 0
K 0 0 49
A D 12 96 1
A P 1 0 1
J R 6 4420 28 2 4609 288 0
K 0 0 49
A D 12 96 0
A P 1 0 0
J B 32 4462 1 82 6913 288 0
J R 9 4483 28 2 1 10001 0
K 0 0 46
A D 36 96 0
A P 3 0 0
J B 33 4588 1 82 6913 864 0
J R 9 4609 28 2 1 10001 0
K 0 0 46
A D 36 96 0
A P 3 0 0
J B 34 4714 1 82 6913 864 0
J R 9 4735 28 2 1 10001 0
K 0 0 46
A D 36 96 0
A P 3 0 0
J B 35 4840 1 82 6913 864 0
J R 9 4861 28 2 1 10001 0
K 0 0 46
A D 36 96 0
A P 3 0 0
J B 36 4966 1 82 6913 864 0
J R 9 4987 28 2 1 10001 0
K 0 0 46
A D 36 96 0
A P 3 0 0
J B 37 5092 1 82 6913 864 0
J R 9 5113 28 2 1 10001 0
K 0 0 46
A D 36 96 0
A P 3 0 0
J B 38 5218 1 82 6913 864 0
J R 9 5239 28 2 1 10001 0
K 0 0 46
A D 36 96 0
A P 3 0 0
J B 39 5344 1 82 6913 864 0
J R 9 5365 28 2 1 10001 0
K 0 0 46
A D 36 96 0
A P 3 0 0
J B 40 5470 1 82 6913 864 0
J R 9 5491 28 2 1 10001 0
K 0 0 46
A D 36 96 0
A P 3 0 0
J B 41 5596 1 82 6913 864 0
J R 9 5617 28 2 1 10001 0
K 0 0 46
A D 36 96 0
A P 3 0 0
J B 42 5722 1 82 6913 864 0
J R 9 5743 28 2 1 10001 0
K 0 0 46
A D 36 96 0
A P 3 0 0
J B 43 5848 1 82 6913 864 0
J R 9 5869 28 2 1 10001 0
K 0 0 46
A D 36 96 0
A P 3 0 0
J B 44 5974 1 82 6913 864 0
J R 9 5995 28 2 1 10001 0
K 0 0 46
A D 36 96 0
A P 3 0 0
J B 45 6100 1 82 6913 864 0
J R 9 6121 28 2 1 10001 0
K 0 0 46
A D 36 96 0
A P 3 0 0
J B 46 6226 1 82 6913 864 0
J R 9 6247 28 2 1 10001 0
K 0 0 46
A D 36 96 0
A P 3 0 0
J B 47 6352 1 82 6913 864 0
J R 9 6373 28 2 1 10001 0
K 0 0 46
A D 36 96 0
A P 3 0 0
J B 48 6478 1 82 6913 864 0
J R 9 6499 28 2 1 10001 0
K 0 0 46
A D 36 96 0
A P 3 0 0
J B 49 6604 1 82 6913 864 0
J D 0 6611 0 1 1 0 0
W 0 -21 32 1.
J S 0 6625 91 110 1 0 1 29
J N 7 6625 0 5 1 0 1 30
K 0 0 43
K 24 -6 44
K 0 0 60
K 0 21 60
A D 36 96 1
A P 1 220 1
J M 0 6693 0 0 6913 864 1 29
H 29 W 21 0 26 91 14 91
J B 50 6697 1 82 6913 0 0
J N 7 6718 0 6 1 0 2 31 30
K 0 0 43
K 24 -6 44
K 0 81 108
K 0 0 60
K 0 21 60
A D 36 96 1
A P 1 220 1
H 30 T 0 0 0 0 0 0 5 0
J B 51 6790 1 82 6913 864 0
J N 7 6811 0 5 1 0 2 32 31
K 0 0 43
K 24 -6 44
K 0 0 60
K 0 21 60
A D 36 96 1
A P 1 220 1
H 31 T 0 0 0 0 0 0 5 0
J B 52 6883 1 82 6913 864 0
J N 7 6904 0 5 1 0 2 33 32
K 0 0 43
K 24 -6 44
K 0 0 60
K 0 21 60
A D 36 96 0
A P 1 220 0
H 32 T 0 0 0 0 0 0 5 0
J B 53 6976 1 82 6913 864 0
J N 7 6999 0 6 1 0 0
K -18 0 63
K 0 0 43
K 24 -6 44
K 0 0 60
K 0 21 60
A D 36 96 0
A P 1 221 0
J B 54 7071 1 82 6913 864 0
J N 7 7092 -7 5 1 0 2 34 33
K 0 0 43
K 25 0 44
K 0 0 60
K 0 21 60
A D 36 96 1
A P 1 226 1
H 33 S 0 0 0 0 0 0 0 0 0
J B 55 7164 1 82 6913 864 0
J N 6 7185 -7 3 1 0 1 34
K 0 0 43
K 0 0 54
A D 12 96 0
A P 1 226 0
H 34 T -7 0 0 0 0 0 1 0
J N 7 7225 0 5 2305 288 1 35
K -14 0 64
K 0 0 43
K 0 0 60
K 0 21 60
A D 24 96 1
A P 1 220 1
J B 56 7282 1 82 6913 576 0
J N 5 7303 0 2 1 0 2 36 35
K 0 0 43
A D 6 96 0
A P 1 220 0
H 35 T 0 0 0 0 0 0 7 0
J N 6 7303 35 3 1 0 1 37
K 0 0 43
K 0 74 110
A D 12 96 0
A P 2 192 0
J N 5 7332 0 2 1153 144 2 38 36
K 0 0 43
A D 6 96 0
A P 1 220 0
J N 5 7361 -7 2 2305 144 1 36
K 0 0 43
A D 6 96 0
A P 1 226 0
J N 6 7361 35 2 2305 0 1 37
K 0 0 43
A D 12 96 0
A P 2 192 0
J N 5 7390 0 2 3457 144 1 36
K 0 0 43
A D 6 96 0
A P 1 220 0
J N 5 7430 7 3 4609 144 1 36
K -14 0 64
K 0 0 43
A D 6 96 0
A P 1 215 0
J N 6 7430 35 2 4609 0 1 37
K 0 0 43
A D 12 96 0
A P 2 192 0
H 37 B 1 0 108 3 2 1 3
J N 5 7459 0 2 5761 144 2 36 38
K 0 0 43
A D 6 96 0
A P 1 220 0
H 36 B 0 0 108 6 22 11 11 11 11 33
H 38 S 0 6 -44 6 -44 0 0 0 0
J B 57 7492 1 82 6913 144 0
J N 7 7513 14 5 1 0 0
K 0 0 43
K 5 75 108
K 0 0 59
K 0 -14 59
A D 24 96 0
A P 1 209 0
J N 7 7513 28 4 1 0 0
K 0 0 43
K 0 0 60
K 0 21 60
A D 24 96 0
A P 2 197 0
J R 6 7566 28 2 4609 576 0
K 0 0 49
A D 12 96 0
A P 1 0 0
J B 58 7608 1 82 6913 288 0
J R 9 7629 28 2 1 10001 0
K 0 0 46
A D 36 96 0
A P 3 0 0
J B 59 7734 1 82 6913 864 0
J R 6 7755 28 2 1 0 0
K 0 0 49
A D 12 96 1
A P 1 0 1
J R 5 7793 28 3 2305 288 0
K 0 14 49
K 4 0 50
A D 6 96 0
A P 1 0 0
J D 0 7826 0 1 3457 144 0
W 0 105 36 cresc.
J N 5 7826 14 5 3457 0 1 39
K 0 -14 43
K 0 0 43
K 0 -31 96
K 0 -14 60
A D 6 96 0
A P 1 220 0
A P 2 209 0
J N 5 7855 14 4 4609 144 2 40 39
K 0 -14 43
K 0 0 43
K 0 -14 60
A D 6 96 0
A P 1 220 0
A P 2 209 0
J N 5 7884 28 4 5761 144 2 39 40
K 0 -14 43
K 0 0 43
K 0 -14 60
A D 6 96 0
A P 1 209 0
A P 2 197 0
H 39 B 1 0 108 3 22 11 33
H 40 S 0 0 -14 0 -14 0 0 0 0
J B 60 7917 1 82 6913 144 0
J S 0 7938 91 110 1 0 1 41
J N 7 7938 21 8 1 0 0
K 0 -21 43
K 24 -27 44
K 0 0 43
K 25 0 44
K 0 -21 60
K 0 0 60
K 0 21 60
A D 36 96 0
A P 1 220 0
A P 2 203 0
J M 0 8006 0 0 6913 864 1 41
H 41 W 21 0 26 91 14 91
J B 61 8010 1 82 6913 0 0
J N 6 8031 7 3 1 0 1 42
K 0 0 43
K 0 0 51
A D 12 96 0
A P 1 214 0
J N 7 8031 28 6 1 0 0
K 0 0 43
K 24 6 44
K 5 61 108
K 0 0 60
K 0 21 60
A D 36 96 0
A P 2 197 0
J N 7 8073 14 4 2305 288 1 42
K 0 0 43
K 0 0 59
K 0 -14 59
A D 24 96 0
A P 1 209 0
H 42 S 0 14 0 0 0 0 0 0 0
J B 62 8130 1 82 6913 576 0
J N 6 8151 21 3 1 0 1 43
K 0 0 43
K 0 0 51
A D 12 96 0
A P 1 203 0
J N 7 8151 49 5 1 0 0
K 0 0 43
K 25 0 44
K 0 0 60
K 0 14 60
A D 36 96 0
A P 2 180 0
J N 7 8193 28 4 2305 288 1 43
K 0 0 43
K 0 0 59
K 0 -14 59
A D 24 96 0
A P 1 197 0
H 43 S 0 14 0 0 0 0 0 0 0
J B 63 8250 1 82 6913 576 0
J N 6 8271 7 2 1 0 1 44
K 0 0 43
A D 12 96 0
A P 1 214 0
J N 6 8271 21 2 1 0 1 45
K 0 0 43
A D 12 96 0
A P 2 203 0
J N 6 8309 7 2 2305 288 1 44
K 0 0 43
A D 12 96 0
A P 1 214 0
J N 6 8309 21 2 2305 0 1 45
K 0 0 43
A D 12 96 0
A P 2 203 0
J N 6 8347 7 2 4609 288 1 44
K 0 0 43
A D 12 96 0
A P 1 214 0
H 44 B 0 0 108 3 2 1 3
J N 5 8347 21 3 4609 0 2 46 45
K 0 0 43
K 25 0 44
A D 9 96 0
A P 2 203 0
J N 4 8382 35 2 6337 216 2 45 46
K 0 0 43
A D 3 96 0
A P 2 192 0
H 45 B 1 0 108 4 2 1 21 533
H 46 S 12 -6 64 -6 53 0 0 0 0
J B 64 8415 1 82 6913 72 0
J N 6 8436 14 3 1 0 0
K 0 0 43
K 0 0 51
A D 12 96 0
A P 1 209 0
J N 6 8436 28 3 1 0 0
K 0 0 43
K 0 0 54
A D 12 96 0
A P 2 197 0
J R 6 8478 28 2 2305 288 0
K 0 0 49
A D 12 96 1
A P 1 0 1
J R 6 8516 28 2 4609 288 0
K 0 0 49
A D 12 96 0
A P 1 0 0
J B 65 8558 1 82 6913 288 0
J R 9 8579 28 2 1 10001 0
K 0 0 46
A D 36 96 0
A P 3 0 0
J B 66 8684 1 82 6913 864 0
J R 6 8705 28 2 1 0 0
K 0 0 49
A D 12 96 1
A P 1 0 1
J R 6 8743 28 2 2305 288 0
K 0 0 49
A D 12 96 0
A P 1 0 0
J D 0 8760 0 1 4609 288 0
W 0 105 36 cresc.
J N 6 8781 49 5 4609 0 0
K 0 0 43
K 0 14 43
K 0 14 59
K 0 0 53
A D 12 96 0
A P 1 180 0
A P 2 169 0
J B 67 8827 1 82 6913 288 0
J N 6 8848 49 5 1 0 1 47
K 18 0 43
K 0 7 43
K 0 46 110
K 0 7 59
A D 12 96 0
A P 1 180 0
A P 2 174 0
J N 6 8895 49 4 2305 288 1 47
K 18 0 43
K 0 7 43
K 0 7 59
A D 12 96 0
A P 1 180 0
A P 2 174 0
J N 6 8942 49 4 4609 288 1 47
K 18 0 43
K 0 7 43
K 0 7 59
A D 12 96 0
A P 1 180 0
A P 2 174 0
H 47 B 0 0 108 3 2 1 3
J B 68 8996 1 82 6913 288 0
J N 6 9017 49 6 1 0 0
K 0 0 43
K 0 14 43
K 0 46 108
K 0 14 59
K 0 0 53
A D 12 96 0
A P 1 180 0
A P 2 169 0
J R 6 9059 28 2 2305 288 0
K 0 0 49
A D 12 96 0
A P 1 0 0
J N 6 9097 7 3 4609 288 2 49 48
K 0 0 43
K 0 0 51
A D 12 96 0
A P 1 214 0
J N 5 9097 21 3 4609 0 2 50 51
K 0 0 43
K 25 0 44
A D 9 96 0
A P 2 203 0
J N 4 9132 35 2 6337 216 2 51 50
K 0 0 43
A D 3 96 0
A P 2 192 0
H 51 B 1 0 108 2 22 533
H 50 S 12 -6 70 -6 61 0 0 0 0
J M 0 9161 0 0 6913 72 1 48
H 48 W 0 21 7 133 7 133
J B 69 9165 1 82 6913 0 0
J N 6 9186 14 3 1 0 2 49 52
K 0 0 43
K 0 0 51
A D 12 96 0
A P 1 209 0
H 49 S 0 14 0 0 0 0 0 0 0
J N 6 9186 28 3 1 0 0
K 0 0 43
K 0 0 54
A D 12 96 0
A P 2 197 0
J M 0 9228 0 0 2305 288 1 52
H 52 W 21 0 7 133 14 133
J R 6 9228 28 2 2305 0 0
K 0 0 49
A D 12 96 0
A P 1 0 0
J N 6 9266 70 12 4609 288 1 53
K 1 0 45
K 1 14 45
K 0 0 43
K -1 0 45
K 2 0 45
K 0 14 43
K -1 14 45
K 2 14 45
K 0 63 110
K 0 14 59
K 0 0 53
A D 12 96 0
A P 1 163 0
A P 2 152 0
J B 70 9312 1 82 6913 288 0
J N 5 9333 63 8 1 0 1 53
K 1 7 45
K 0 0 43
K 0 14 43
K 0 7 45
K 1 7 45
K 0 14 59
K 0 0 55
A D 6 96 0
A P 1 169 0
A P 2 157 0
H 53 S 12 0 14 0 14 0 0 0 0
J R 5 9373 28 3 1153 144 0
K 0 14 49
K 4 0 50
A D 6 96 0
A P 1 0 0
J N 5 9406 63 9 2305 144 0
K 1 7 45
K 0 0 43
K 0 14 43
K 0 7 45
K 1 7 45
K 0 46 108
K 0 14 59
K 0 0 55
A D 6 96 0
A P 1 169 0
A P 2 157 0
J R 5 9446 28 3 3457 144 0
K 0 14 49
K 4 0 50
A D 6 96 0
A P 1 0 0
J N 5 9479 63 8 4609 144 0
K 1 7 45
K 0 0 43
K 0 14 43
K 0 7 45
K 1 7 45
K 0 14 59
K 0 0 55
A D 6 96 0
A P 1 169 0
A P 2 157 0
J R 5 9519 28 3 5761 144 0
K 0 14 49
K 4 0 50
A D 6 96 0
A P 1 0 0
J B 71 9556 1 82 6913 144 0
J N 6 9577 63 8 1 0 0
K 1 7 45
K 0 0 43
K 0 14 43
K 0 7 45
K 1 7 45
K 0 14 59
K 0 0 53
A D 12 96 0
A P 1 169 0
A P 2 157 0
J R 6 9619 28 2 2305 288 0
K 0 0 49
A D 12 96 0
A P 1 0 0
J D 0 9657 0 1 4609 288 0
W 0 126 36 dolce
J N 5 9657 49 3 4609 0 2 54 55
K 0 0 43
K 25 0 44
A D 9 96 0
A P 1 180 0
J R 6 9657 84 2 4609 0 0
K 0 0 49
A D 12 96 0
A P 2 0 0
J N 4 9692 35 2 6337 216 2 55 54
K 0 0 43
A D 3 96 0
A P 1 192 0
H 55 B 0 0 108 2 22 533
H 54 S 12 0 0 0 0 0 0 0 0
J B 72 9725 1 82 6913 72 0
J N 6 9746 28 4 1 0 1 56
K 0 0 43
K 0 21 43
K 0 21 59
A D 12 96 0
A P 1 197 0
A P 2 180 0
J N 6 9784 28 4 2305 288 2 57 56
K 0 0 43
K 0 21 43
K 0 21 59
A D 12 96 0
A P 1 197 0
A P 2 180 0
J N 6 9822 21 4 4609 288 1 56
K 0 0 43
K 0 14 43
K 0 14 59
A D 12 96 0
A P 1 203 0
A P 2 192 0
H 56 B 0 0 108 3 2 1 3
J B 73 9864 1 82 6913 288 0
J N 7 9885 28 6 1 0 1 57
K 0 -14 43
K 0 0 43
K 0 -14 60
K 0 0 60
K 0 21 60
A D 24 96 0
A P 1 209 0
A P 2 197 0
H 57 S 12 0 21 -14 0 0 0 0 0
J N 5 9938 28 6 4609 576 2 58 59
K 0 0 43
K 24 -6 44
K 0 21 43
K 25 21 44
K 0 21 59
A D 9 96 0
A P 1 197 0
A P 2 180 0
J N 4 9975 21 4 6337 216 2 59 58
K 0 0 43
K 0 14 43
K 0 14 59
A D 3 96 0
A P 1 203 0
A P 2 192 0
H 59 B 0 0 108 2 22 533
H 58 S 12 0 21 0 14 0 0 0 0
J B 74 10008 1 82 6913 72 0
J N 6 10029 28 4 1 0 1 60
K 0 -14 43
K 0 0 43
K 0 -14 60
A D 12 96 0
A P 1 209 0
A P 2 197 0
J N 6 10067 28 4 2305 288 2 61 60
K 0 -14 43
K 0 0 43
K 0 -14 60
A D 12 96 0
A P 1 209 0
A P 2 197 0
J N 6 10105 21 4 4609 288 1 60
K 0 -14 43
K 0 0 43
K 0 -14 60
A D 12 96 0
A P 1 214 0
A P 2 203 0
H 60 B 1 0 108 3 2 1 3
J B 75 10147 1 82 6913 288 0
J N 7 10168 14 6 1 0 1 61
K 0 -14 43
K 0 0 43
K 0 -14 60
K 0 0 60
K 0 21 60
A D 24 96 0
A P 1 220 0
A P 2 209 0
H 61 S 0 0 -14 0 -14 0 0 0 0
J N 6 10221 14 7 4609 576 2 62 63
K 0 -14 43
K 0 0 43
K 0 67 108
K 23 67 108
K 0 -14 60
K 0 0 54
A D 12 96 1
A P 1 220 1
A P 2 209 1
J B 76 10263 1 82 6913 288 0
J N 7 10284 14 6 1 0 2 62 63
K 0 -14 43
K 0 0 43
K 0 -14 60
K 0 0 60
K 0 21 60
A D 24 96 0
A P 1 220 0
A P 2 209 0
H 62 T 0 0 0 0 0 0 5 0
H 63 T 14 0 0 0 0 0 15 0
J N 6 10337 14 5 4609 576 2 64 65
K 0 -14 43
K 0 0 43
K 0 -14 60
K 0 0 54
A D 12 96 1
A P 1 220 1
A P 2 209 1
J B 77 10379 1 82 6913 288 0
J N 7 10400 14 6 1 0 2 64 65
K 0 -14 43
K 0 0 43
K 0 -14 60
K 0 0 60
K 0 21 60
A D 24 96 0
A P 1 220 0
A P 2 209 0
H 64 T 0 0 0 0 0 0 5 0
H 65 T 14 0 0 0 0 0 15 0
J R 6 10453 28 2 4609 576 0
K 0 0 49
A D 12 96 0
A P 1 0 0
J B 78 10495 1 82 6913 288 0
J N 7 10516 14 11 1 0 0
K 0 0 43
K 24 -6 44
K 0 35 43
K 25 35 44
K 0 78 110
K 19 78 110
K 0 35 59
K 0 7 59
K 0 0 59
K 0 -14 59
A D 36 96 0
A P 1 209 0
A P 2 180 0
J B 79 10588 1 82 6913 864 0
J N 6 10615 14 7 1 0 1 66
K -18 35 63
K 0 0 43
K 0 35 43
K 0 52 96
K 0 35 59
K 0 7 59
A D 12 96 0
A P 1 209 0
A P 2 181 0
J N 6 10653 35 5 2305 288 1 66
K 0 0 43
K 0 14 43
K 0 31 96
K 0 14 59
A D 12 96 0
A P 1 192 0
A P 2 181 0
J N 6 10691 35 5 4609 288 1 66
K 18 0 43
K 0 7 43
K 0 28 96
K 0 7 59
A D 12 96 0
A P 1 192 0
A P 2 186 0
H 66 B 0 0 108 3 2 1 3
J B 80 10745 1 82 6913 288 0
J N 6 10772 35 6 1 0 0
K -18 14 63
K 0 0 43
K 0 14 43
K 0 14 59
K 0 0 53
A D 12 96 0
A P 1 192 0
A P 2 181 0
J R 6 10814 28 2 2305 288 0
K 0 0 49
A D 12 96 1
A P 1 0 1
J R 6 10852 28 2 4609 288 0
K 0 0 49
A D 12 96 0
A P 1 0 0
J B 81 10894 1 82 6913 288 0
J R 9 10915 28 2 1 10001 0
K 0 0 46
A D 36 96 0
A P 3 0 0
J B 82 11020 1 82 6913 864 0
J R 9 11041 28 2 1 10001 0
K 0 0 46
A D 36 96 0
A P 3 0 0
J B 83 11146 1 82 6913 864 0
J R 9 11167 28 2 1 10001 0
K 0 0 46
A D 36 96 0
A P 3 0 0
J B 84 11272 1 82 6913 864 0
J R 9 11293 28 2 1 10001 0
K 0 0 46
A D 36 96 0
A P 3 0 0
J B 85 11398 1 82 6913 864 0
J R 9 11419 28 2 1 10001 0
K 0 0 46
A D 36 96 0
A P 3 0 0
J B 86 11524 1 82 6913 864 0
J R 9 11545 28 2 1 10001 0
K 0 0 46
A D 36 96 0
A P 3 0 0
J B 87 11650 1 82 6913 864 0
J R 9 11671 28 2 1 10001 0
K 0 0 46
A D 36 96 0
A P 3 0 0
J B 88 11776 1 82 6913 864 0
J R 9 11797 28 2 1 10001 0
K 0 0 46
A D 36 96 0
A P 3 0 0
J B 89 11902 1 82 6913 864 0
J R 9 11923 28 2 1 10001 0
K 0 0 46
A D 36 96 0
A P 3 0 0
J B 90 12028 1 82 6913 864 0
J R 9 12049 28 2 1 10001 0
K 0 0 46
A D 36 96 0
A P 3 0 0
J B 91 12154 1 82 6913 864 0
J R 9 12175 28 2 1 10001 0
K 0 0 46
A D 36 96 0
A P 3 0 0
J B 92 12280 1 82 6913 864 0
J R 9 12301 28 2 1 10001 0
K 0 0 46
A D 36 96 0
A P 3 0 0
J B 93 12406 1 82 6913 864 0
J R 9 12427 28 2 1 10001 0
K 0 0 46
A D 36 96 0
A P 3 0 0
J B 94 12532 1 82 6913 864 0
J R 9 12553 28 2 1 10001 0
K 0 0 46
A D 36 96 0
A P 3 0 0
J B 95 12658 1 82 6913 864 0
J R 9 12679 28 2 1 10001 0
K 0 0 46
A D 36 96 0
A P 3 0 0
J B 96 12784 1 82 6913 864 0
J R 9 12805 28 2 1 10001 0
K 0 0 46
A D 36 96 0
A P 3 0 0
J B 97 12910 1 82 6913 864 0
J R 6 12931 28 2 1 0 0
K 0 0 49
A D 12 96 1
A P 3 0 1
J R 5 12969 28 3 2305 288 0
K 0 14 49
K 4 0 50
A D 6 96 0
A P 3 0 0
J D 0 12981 0 1 3457 144 0
W 0 -16 32 zu 2
J N 5 13002 49 5 3457 0 1 67
K 0 0 43
K 0 -14 96
K 0 68 110
K 19 68 110
A D 6 96 0
A P 3 180 0
J N 5 13031 0 3 4609 144 1 67
K 0 0 43
K 0 -17 96
A D 6 96 0
A P 3 220 0
H 67 B 1 0 108 2 22 33
J R 5 13060 28 3 5761 144 0
K 0 14 49
K 4 0 50
A D 6 96 0
A P 3 0 0
J B 98 13097 1 82 6913 144 0
J R 9 13118 28 2 1 10001 0
K 0 0 46
A D 36 96 0
A P 3 0 0
J B 99 13223 1 82 6913 864 0
J R 9 13244 28 2 1 10001 0
K 0 0 46
A D 36 96 0
A P 3 0 0
J B 100 13349 1 82 6913 864 0
J R 9 13370 28 2 1 10001 0
K 0 0 46
A D 36 96 0
A P 3 0 0
J B 101 13475 1 82 6913 864 0
J R 9 13496 28 2 1 10001 0
K 0 0 46
A D 36 96 0
A P 3 0 0
J B 102 13601 1 82 6913 864 0
J R 9 13622 28 2 1 10001 0
K 0 0 46
A D 36 96 0
A P 3 0 0
J B 103 13727 1 82 6913 864 0
J R 9 13748 28 2 1 10001 0
K 0 0 46
A D 36 96 0
A P 3 0 0
J B 104 13853 1 82 6913 864 0
J R 9 13874 28 2 1 10001 0
K 0 0 46
A D 36 96 0
A P 3 0 0
J B 105 13979 1 82 6913 864 0
J R 9 14000 28 2 1 10001 0
K 0 0 46
A D 36 96 0
A P 3 0 0
J B 106 14105 1 82 6913 864 0
J R 9 14126 28 2 1 10001 0
K 0 0 46
A D 36 96 0
A P 3 0 0
J B 107 14231 1 82 6913 864 0
J R 6 14252 28 2 1 0 0
K 0 0 49
A D 12 96 1
A P 1 0 1
J R 5 14290 28 3 2305 288 0
K 0 14 49
K 4 0 50
A D 6 96 0
A P 1 0 0
J D 0 14309 0 1 3457 144 0
W 0 -21 32 1.
J N 5 14323 63 4 3457 0 1 68
K 0 0 43
K 0 17 96
K 0 40 108
A D 6 96 0
A P 1 169 0
J N 5 14352 14 3 4609 144 1 68
K 0 0 43
K 0 21 96
A D 6 96 0
A P 1 209 0
H 68 B 0 0 108 2 22 33
J R 5 14381 28 3 5761 144 0
K 0 14 49
K 4 0 50
A D 6 96 0
A P 1 0 0
J B 108 14418 1 82 6913 144 0
J R 6 14439 28 2 1 0 0
K 0 0 49
A D 12 96 1
A P 1 0 1
J R 5 14477 28 3 2305 288 0
K 0 14 49
K 4 0 50
A D 6 96 0
A P 1 0 0
J N 5 14510 42 2 3457 144 1 69
K 0 0 43
A D 6 96 0
A P 1 186 0
J N 5 14539 -7 2 4609 144 1 69
K 0 0 43
A D 6 96 0
A P 1 226 0
H 69 B 1 0 108 2 22 33
J R 5 14568 28 3 5761 144 0
K 0 14 49
K 4 0 50
A D 6 96 0
A P 1 0 0
J B 109 14605 1 82 6913 144 0
J R 6 14626 28 2 1 0 0
K 0 0 49
A D 12 96 1
A P 1 0 1
J R 5 14664 28 3 2305 288 0
K 0 14 49
K 4 0 50
A D 6 96 0
A P 1 0 0
J N 5 14697 56 2 3457 144 1 70
K 0 0 43
A D 6 96 0
A P 1 174 0
J N 5 14726 7 2 4609 144 1 70
K 0 0 43
A D 6 96 0
A P 1 214 0
H 70 B 0 0 108 2 22 33
J R 5 14755 28 3 5761 144 0
K 0 14 49
K 4 0 50
A D 6 96 0
A P 1 0 0
J B 110 14792 1 82 6913 144 0
J R 6 14813 28 2 1 0 0
K 0 0 49
A D 12 96 1
A P 1 0 1
J R 5 14851 28 3 2305 288 0
K 0 14 49
K 4 0 50
A D 6 96 0
A P 1 0 0
J N 5 14884 63 2 3457 144 1 71
K 0 0 43
A D 6 96 0
A P 1 169 0
J N 5 14913 14 2 4609 144 1 71
K 0 0 43
A D 6 96 0
A P 1 209 0
H 71 B 0 0 108 2 22 33
J R 5 14942 28 3 5761 144 0
K 0 14 49
K 4 0 50
A D 6 96 0
A P 1 0 0
J B 111 14979 1 82 6913 144 0
J R 6 15000 28 2 1 0 0
K 0 0 49
A D 12 96 1
A P 1 0 1
J R 5 15038 28 3 2305 288 0
K 0 14 49
K 4 0 50
A D 6 96 0
A P 1 0 0
J N 5 15071 56 2 3457 144 1 72
K 0 0 43
A D 6 96 0
A P 1 174 0
J N 5 15100 7 2 4609 144 1 72
K 0 0 43
A D 6 96 0
A P 1 214 0
H 72 B 0 0 108 2 22 33
J R 5 15129 28 3 5761 144 0
K 0 14 49
K 4 0 50
A D 6 96 0
A P 1 0 0
J B 112 15166 1 82 6913 144 0
J R 6 15187 28 2 1 0 0
K 0 0 49
A D 12 96 1
A P 1 0 1
J R 5 15225 28 3 2305 288 0
K 0 14 49
K 4 0 50
A D 6 96 0
A P 1 0 0
J N 5 15258 63 2 3457 144 1 73
K 0 0 43
A D 6 96 0
A P 1 169 0
J N 5 15287 14 2 4609 144 1 73
K 0 0 43
A D 6 96 0
A P 1 209 0
H 73 B 0 0 108 2 22 33
J R 5 15316 28 3 5761 144 0
K 0 14 49
K 4 0 50
A D 6 96 0
A P 1 0 0
J B 113 15353 1 82 6913 144 0
J R 6 15374 28 2 1 0 0
K 0 0 49
A D 12 96 1
A P 1 0 1
J R 5 15412 28 3 2305 288 0
K 0 14 49
K 4 0 50
A D 6 96 0
A P 1 0 0
J N 5 15445 49 2 3457 144 1 74
K 0 0 43
A D 6 96 0
A P 1 180 0
J N 5 15474 0 2 4609 144 1 74
K 0 0 43
A D 6 96 0
A P 1 220 0
H 74 B 1 0 108 2 22 33
J N 5 15503 0 3 5761 144 0
K 0 0 43
K 0 0 56
A D 6 96 0
A P 1 220 0
J B 114 15536 1 82 6913 144 0
J N 5 15557 14 3 1 0 0
K 0 0 43
K 0 0 55
A D 6 96 0
A P 1 209 0
J R 5 15557 56 3 1 0 0
K 0 14 49
K 4 0 50
A D 6 96 0
A P 2 0 0
J N 5 15591 14 3 1153 144 0
K 0 0 43
K 0 0 55
A D 6 96 0
A P 1 209 0
J N 5 15591 28 4 1153 0 0
K 0 0 43
K 0 67 110
K 0 0 56
A D 6 96 0
A P 2 197 0
J N 7 15625 14 6 2305 144 0
K 0 0 43
K 0 0 59
K 0 -23 59
K 0 -42 125
K 0 -28 125
A D 24 96 0
A P 1 209 0
J N 7 15625 28 6 2305 0 0
K 0 0 43
K 0 0 60
K 0 23 60
K -17 42 125
K -17 28 125
A D 24 96 0
A P 2 197 0
J B 115 15682 1 82 6913 576 0
J N 7 15703 28 10 1 0 0
K 0 -14 43
K 24 -20 44
K 0 0 43
K 24 -6 44
K 0 -14 60
K 0 0 60
K 0 23 60
K -17 42 125
K -17 28 125
A D 36 96 0
A P 1 209 0
A P 2 197 0
J B 116 15775 1 82 6913 864 0
J N 5 15800 28 5 1 0 1 75
K -14 0 64
K 0 -14 43
K 0 0 43
K 0 -14 60
A D 6 96 0
A P 1 209 0
A P 2 198 0
J N 5 15829 28 4 1153 144 1 75
K 0 -14 43
K 0 0 43
K 0 -14 60
A D 6 96 0
A P 1 209 0
A P 2 198 0
H 75 B 1 0 108 2 22 33
J N 7 15866 21 9 2305 144 0
K 0 -14 43
K 0 0 43
K 0 -14 60
K 0 0 60
K 0 28 60
K 0 30 60
K -17 49 125
K -17 35 125
A D 24 96 0
A P 1 214 0
A P 2 203 0
J B 117 15923 1 82 6913 576 0
J N 7 15944 21 9 1 0 0
K 0 -14 43
K 0 0 43
K 0 -14 60
K 0 0 60
K 0 28 60
K 0 30 60
K -17 49 125
K -17 35 125
A D 24 96 0
A P 1 214 0
A P 2 203 0
J N 5 16002 21 6 4609 576 1 76
K -14 -14 64
K -32 0 63
K 0 -14 43
K 0 0 43
K 0 -14 60
A D 6 96 0
A P 1 215 0
A P 2 204 0
J N 5 16031 21 4 5761 144 1 76
K 0 -14 43
K 0 0 43
K 0 -14 60
A D 6 96 0
A P 1 215 0
A P 2 204 0
H 76 B 1 0 108 2 22 33
J B 118 16064 1 82 6913 144 0
J N 7 16085 35 11 1 0 0
K 0 -21 43
K 24 -27 44
K 0 0 43
K 25 0 44
K 0 -21 60
K 0 0 60
K 0 28 60
K 0 30 60
K -17 49 125
K -17 35 125
A D 36 96 0
A P 1 209 0
A P 2 192 0
J B 119 16157 1 82 6913 864 0
J N 5 16178 14 4 1 0 1 77
K 0 -14 43
K 0 0 43
K 0 -14 60
A D 6 96 0
A P 1 220 0
A P 2 209 0
J N 5 16207 14 4 1153 144 1 77
K 0 -14 43
K 0 0 43
K 0 -14 60
A D 6 96 0
A P 1 220 0
A P 2 209 0
H 77 B 1 0 108 2 22 33
J N 6 16265 14 5 2305 144 1 78
K -32 -7 65
K 0 -7 43
K -18 0 43
K 0 -7 60
A D 12 96 0
A P 1 214 0
A P 2 209 0
J N 6 16303 21 4 4609 288 1 78
K 0 -14 43
K 0 0 43
K 0 -14 60
A D 12 96 0
A P 1 214 0
A P 2 203 0
H 78 B 1 0 108 2 62 63
J B 120 16345 1 82 6913 288 0
J N 5 16366 21 4 1 0 1 79
K 0 -14 43
K 0 0 43
K 0 -14 60
A D 6 96 0
A P 1 214 0
A P 2 203 0
J N 5 16395 21 4 1153 144 1 79
K 0 -14 43
K 0 0 43
K 0 -14 60
A D 6 96 0
A P 1 214 0
A P 2 203 0
H 79 B 1 0 108 2 22 33
J N 6 16442 21 4 2305 144 1 80
K 0 -7 43
K -18 0 43
K 0 -7 60
A D 12 96 0
A P 1 209 0
A P 2 203 0
J N 6 16480 28 4 4609 288 1 80
K 0 -14 43
K 0 0 43
K 0 -14 60
A D 12 96 0
A P 1 209 0
A P 2 197 0
H 80 B 1 0 108 2 62 63
J B 121 16522 1 82 6913 288 0
J N 7 16543 35 8 1 0 0
K 0 -14 43
K 25 -14 44
K 0 0 43
K 25 0 44
K 0 -14 60
K 0 0 60
K 0 14 60
A D 36 96 0
A P 1 203 0
A P 2 192 0
J B 122 16615 1 82 6913 864 0
J N 6 16636 49 2 1 0 2 81 82
K 0 0 43
A D 12 96 1
A P 1 180 1
J N 6 16636 49 2 1 0 2 83 84
K 0 0 43
A D 12 96 1
A P 2 180 1
J N 5 16674 49 2 2305 288 3 85 82 81
K 0 0 43
A D 6 96 0
A P 1 180 0
H 81 T 49 0 0 0 0 0 3 0
J N 5 16674 49 2 2305 0 2 84 83
K 0 0 43
A D 6 96 0
A P 2 180 0
H 83 T 49 0 0 0 0 0 11 0
J N 4 16703 42 2 3457 144 1 82
K 0 0 43
A D 3 96 0
A P 1 186 0
J N 4 16703 42 2 3457 0 1 84
K 0 0 43
A D 3 96 0
A P 2 186 0
J N 4 16732 35 2 4033 72 1 82
K 0 0 43
A D 3 96 0
A P 1 192 0
H 82 B 0 0 108 4 2 21 211 333
J N 4 16732 35 2 4033 0 1 84
K 0 0 43
A D 3 96 0
A P 2 192 0
H 84 B 1 0 108 4 2 21 211 333
J N 4 16761 28 2 4609 72 1 86
K 0 0 43
A D 3 96 0
A P 1 197 0
J N 4 16761 28 2 4609 0 1 87
K 0 0 43
A D 3 96 0
A P 2 197 0
J N 4 16790 21 2 5185 72 1 86
K 0 0 43
A D 3 96 0
A P 1 203 0
J N 4 16790 21 2 5185 0 1 87
K 0 0 43
A D 3 96 0
A P 2 203 0
J N 4 16819 14 2 5761 72 1 86
K 0 0 43
A D 3 96 0
A P 1 209 0
J N 4 16819 14 2 5761 0 1 87
K 0 0 43
A D 3 96 0
A P 2 209 0
J N 4 16859 7 3 6337 72 2 86 85
K -14 0 64
K 0 0 43
A D 3 96 0
A P 1 215 0
H 86 B 0 0 108 4 222 111 111 333
H 85 S 0 6 -56 6 -46 0 0 0 0
J N 4 16859 7 2 6337 0 1 87
K 0 0 43
A D 3 96 0
A P 2 215 0
H 87 B 1 0 108 4 222 111 111 333
J B 123 16892 1 82 6913 72 0
J N 7 16913 0 5 1 0 0
K 0 0 43
K 0 -49 101
K 0 0 59
K 0 -14 59
A D 24 96 0
A P 1 220 0
J N 7 16913 0 4 1 0 0
K 0 0 43
K 0 0 60
K 0 21 60
A D 24 96 0
A P 2 220 0
J R 6 16966 28 2 4609 576 0
K 0 0 49
A D 12 96 0
A P 1 0 0
J B 124 17008 1 82 6913 288 0
J R 9 17029 28 2 1 10001 0
K 0 0 46
A D 36 96 0
A P 3 0 0
J B 125 17134 1 82 6913 864 0
J R 9 17155 28 2 1 10001 0
K 0 0 46
A D 36 96 0
A P 3 0 0
J B 126 17260 1 82 6913 864 0
J R 9 17281 28 2 1 10001 0
K 0 0 46
A D 36 96 0
A P 3 0 0
J B 127 17386 1 82 6913 864 0
J R 6 17407 28 2 1 0 0
K 0 0 49
A D 12 96 1
A P 1 0 1
J R 6 17445 28 2 2305 288 0
K 0 0 49
A D 12 96 0
A P 1 0 0
J D 0 17469 0 1 4609 288 0
W 0 -21 32 1.
J D 0 17462 0 1 4609 0 0
W 0 91 36 dolce
J N 5 17483 49 2 4609 0 2 88 89
K 0 0 43
A D 6 96 0
A P 1 180 0
J N 5 17512 35 2 5761 144 1 89
K 0 0 43
A D 6 96 0
A P 1 192 0
H 89 B 0 0 108 2 22 33
J B 128 17545 1 82 6913 144 0
J N 6 17566 21 3 1 0 2 90 88
K 0 0 43
K 0 -14 96
A D 12 96 0
A P 1 203 0
H 88 S 0 6 -41 0 -14 0 0 0 0
J N 5 17604 21 2 2305 288 2 91 90
K 0 0 43
A D 6 96 0
A P 1 203 0
J N 5 17633 28 2 3457 144 1 90
K 0 0 43
A D 6 96 0
A P 1 197 0
J N 5 17662 35 2 4609 144 1 90
K 0 0 43
A D 6 96 0
A P 1 192 0
J N 5 17691 21 2 5761 144 2 90 91
K 0 0 43
A D 6 96 0
A P 1 203 0
H 90 B 1 0 108 5 2 21 11 11 33
H 91 S 0 0 0 0 0 0 0 0 0
J B 129 17724 1 82 6913 144 0
J N 7 17745 7 4 1 0 0
K 0 0 43
K 0 0 60
K 0 21 60
A D 24 96 0
A P 1 214 0
J R 6 17798 28 2 4609 576 0
K 0 0 49
A D 12 96 0
A P 1 0 0
J B 130 17840 1 82 6913 288 0
J R 9 17861 28 2 1 10001 0
K 0 0 46
A D 36 96 0
A P 3 0 0
J B 131 17966 1 82 6913 864 0
J R 9 17987 28 2 1 10001 0
K 0 0 46
A D 36 96 0
A P 3 0 0
J B 132 18092 1 82 6913 864 0
J R 9 18113 28 2 1 10001 0
K 0 0 46
A D 36 96 0
A P 3 0 0
J B 133 18218 1 82 6913 864 0
J R 6 18239 28 2 1 0 0
K 0 0 49
A D 12 96 1
A P 1 0 1
J R 6 18277 28 2 2305 288 0
K 0 0 49
A D 12 96 0
A P 1 0 0
J N 5 18315 14 5 4609 288 2 92 93
K 0 0 43
K 0 14 43
K 0 67 108
K 0 14 59
A D 6 96 0
A P 1 209 0
A P 2 197 0
J N 5 18344 28 4 5761 144 1 93
K 0 0 43
K 0 14 43
K 0 14 59
A D 6 96 0
A P 1 197 0
A P 2 186 0
H 93 B 0 0 108 2 22 33
J B 134 18377 1 82 6913 144 0
J N 6 18400 42 6 1 0 2 94 92
K -14 14 64
K 0 0 43
K 0 14 43
K 0 31 96
K 0 14 59
A D 12 96 0
A P 1 186 0
A P 2 175 0
H 92 S 12 0 14 0 28 0 0 0 0
J N 5 18438 42 4 2305 288 2 95 94
K 0 0 43
K 0 14 43
K 0 14 59
A D 6 96 0
A P 1 186 0
A P 2 175 0
J N 5 18467 35 4 3457 144 1 94
K 0 0 43
K 0 14 43
K 0 14 59
A D 6 96 0
A P 1 192 0
A P 2 180 0
J N 5 18496 28 4 4609 144 1 94
K 0 0 43
K 0 14 43
K 0 14 59
A D 6 96 0
A P 1 197 0
A P 2 186 0
J N 5 18525 21 4 5761 144 1 94
K 0 0 43
K 0 14 43
K 0 14 59
A D 6 96 0
A P 1 203 0
A P 2 192 0
H 94 B 0 0 108 5 2 21 11 11 33
J B 135 18558 1 82 6913 144 0
J N 6 18579 14 4 1 0 2 96 95
K 0 0 43
K 0 14 43
K 0 14 59
A D 12 96 0
A P 1 209 0
A P 2 197 0
H 95 S 12 0 14 0 14 0 0 0 0
J N 5 18617 14 4 2305 288 2 97 96
K 0 0 43
K 0 14 43
K 0 14 59
A D 6 96 0
A P 1 209 0
A P 2 197 0
J N 5 18646 21 4 3457 144 1 96
K 0 0 43
K 0 14 43
K 0 14 59
A D 6 96 0
A P 1 203 0
A P 2 192 0
J N 5 18675 28 4 4609 144 1 96
K 0 0 43
K 0 14 43
K 0 14 59
A D 6 96 0
A P 1 197 0
A P 2 186 0
J N 5 18704 35 4 5761 144 2 96 97
K 0 0 43
K 0 14 43
K 0 14 59
A D 6 96 0
A P 1 192 0
A P 2 180 0
H 96 B 0 0 108 5 2 21 11 11 33
H 97 S 12 0 14 0 14 0 0 0 0
J B 136 18737 1 82 6913 144 0
J M 0 18758 0 0 1 0 1 98
J N 5 18762 42 5 1 0 2 99 100
K -14 14 64
K 0 0 43
K 0 14 43
K 0 14 59
A D 6 96 0
A P 1 186 0
A P 2 175 0
J N 5 18791 35 4 1153 144 1 100
K 0 0 43
K 0 14 43
K 0 14 59
A D 6 96 0
A P 1 192 0
A P 2 180 0
J N 5 18820 28 4 2305 144 1 100
K 0 0 43
K 0 14 43
K 0 14 59
A D 6 96 0
A P 1 197 0
A P 2 186 0
J N 5 18849 21 4 3457 144 1 100
K 0 0 43
K 0 14 43
K 0 14 59
A D 6 96 0
A P 1 203 0
A P 2 192 0
J N 5 18878 14 4 4609 144 1 100
K 0 0 43
K 0 14 43
K 0 14 59
A D 6 96 0
A P 1 209 0
A P 2 197 0
J N 5 18907 21 4 5761 144 1 100
K 0 0 43
K 0 14 43
K 0 14 59
A D 6 96 0
A P 1 203 0
A P 2 192 0
H 100 B 0 0 108 6 22 11 11 11 11 33
J B 137 18940 1 82 6913 144 0
J N 5 18961 28 4 1 0 1 101
K 0 0 43
K 0 14 43
K 0 14 59
A D 6 96 0
A P 1 197 0
A P 2 186 0
J N 5 18990 35 4 1153 144 1 101
K 0 0 43
K 0 14 43
K 0 14 59
A D 6 96 0
A P 1 192 0
A P 2 180 0
J M 0 19019 0 0 2305 144 1 98
H 98 W 0 21 7 119 7 119
J N 5 19030 42 5 2305 0 2 101 99
K -14 14 64
K 0 0 43
K 0 14 43
K 0 14 59
A D 6 96 0
A P 1 186 0
A P 2 175 0
H 99 S 12 0 14 0 14 0 0 0 0
J M 0 19059 0 0 3457 144 1 102
J N 5 19070 56 8 3457 0 2 103 101
K 1 14 45
K -14 0 64
K 0 0 43
K 0 14 43
K -1 14 45
K 2 14 45
K 0 14 59
A D 6 96 0
A P 1 175 0
A P 2 163 0
J N 5 19099 49 4 4609 144 1 101
K 0 0 43
K 0 14 43
K 0 14 59
A D 6 96 0
A P 1 180 0
A P 2 169 0
J N 5 19128 42 4 5761 144 1 101
K 0 0 43
K 0 14 43
K 0 14 59
A D 6 96 0
A P 1 186 0
A P 2 175 0
H 101 B 0 0 108 6 22 11 11 11 11 33
J M 0 19157 0 0 6913 144 1 102
H 102 W 21 0 7 119 14 119
J B 138 19161 1 82 6913 0 0
J N 5 19182 49 4 1 0 1 104
K 0 -14 43
K 0 0 43
K 0 -14 60
A D 6 96 0
A P 1 192 0
A P 2 180 0
J N 5 19211 42 4 1153 144 1 104
K 0 -14 43
K 0 0 43
K 0 -14 60
A D 6 96 0
A P 1 197 0
A P 2 186 0
J N 5 19240 35 4 2305 144 1 104
K 0 -14 43
K 0 0 43
K 0 -14 60
A D 6 96 0
A P 1 203 0
A P 2 192 0
J N 5 19269 28 4 3457 144 1 104
K 0 -14 43
K 0 0 43
K 0 -14 60
A D 6 96 0
A P 1 209 0
A P 2 197 0
J N 5 19310 21 5 4609 144 1 104
K -15 -14 65
K 0 -14 43
K 0 0 43
K 0 -14 60
A D 6 96 0
A P 1 214 0
A P 2 203 0
J N 5 19339 14 4 5761 144 1 104
K 0 -14 43
K 0 0 43
K 0 -14 60
A D 6 96 0
A P 1 220 0
A P 2 209 0
H 104 B 1 0 108 6 22 11 11 11 11 33
J B 139 19372 1 82 6913 144 0
J N 6 19393 7 4 1 0 2 105 103
K 0 -14 43
K 0 0 43
K 0 -14 60
A D 12 96 0
A P 1 226 0
A P 2 214 0
H 103 S 0 6 -57 0 -14 0 0 0 0
J N 5 19431 7 4 2305 288 2 106 105
K 0 -14 43
K 0 0 43
K 0 -14 60
A D 6 96 0
A P 1 226 0
A P 2 214 0
J N 5 19460 14 4 3457 144 1 105
K 0 -14 43
K 0 0 43
K 0 -14 60
A D 6 96 0
A P 1 220 0
A P 2 209 0
J N 5 19489 21 4 4609 144 1 105
K 0 -14 43
K 0 0 43
K 0 -14 60
A D 6 96 0
A P 1 214 0
A P 2 203 0
J N 5 19518 28 4 5761 144 1 105
K 0 -14 43
K 0 0 43
K 0 -14 60
A D 6 96 0
A P 1 209 0
A P 2 197 0
H 105 B 1 0 108 5 2 21 11 11 33
J B 140 19551 1 82 6913 144 0
J N 6 19572 35 4 1 0 3 108 106 107
K 0 -14 43
K 0 0 43
K 0 -14 60
A D 12 96 0
A P 1 203 0
A P 2 192 0
H 106 S 0 0 -14 0 -14 0 0 0 0
J N 5 19610 35 4 2305 288 2 109 108
K 0 -14 43
K 0 0 43
K 0 -14 60
A D 6 96 0
A P 1 203 0
A P 2 192 0
J N 5 19639 28 4 3457 144 1 108
K 0 -14 43
K 0 0 43
K 0 -14 60
A D 6 96 0
A P 1 209 0
A P 2 197 0
J N 5 19668 21 4 4609 144 1 108
K 0 -14 43
K 0 0 43
K 0 -14 60
A D 6 96 0
A P 1 214 0
A P 2 203 0
J N 5 19697 14 4 5761 144 1 108
K 0 -14 43
K 0 0 43
K 0 -14 60
A D 6 96 0
A P 1 220 0
A P 2 209 0
H 108 B 1 0 108 5 2 21 11 11 33
J B 141 19730 1 82 6913 144 0
J N 5 19751 7 4 1 0 1 110
K 0 -14 43
K 0 0 43
K 0 -14 60
A D 6 96 0
A P 1 226 0
A P 2 214 0
J N 5 19780 14 4 1153 144 1 110
K 0 -14 43
K 0 0 43
K 0 -14 60
A D 6 96 0
A P 1 220 0
A P 2 209 0
J N 5 19809 21 4 2305 144 1 110
K 0 -14 43
K 0 0 43
K 0 -14 60
A D 6 96 0
A P 1 214 0
A P 2 203 0
J N 5 19838 28 4 3457 144 1 110
K 0 -14 43
K 0 0 43
K 0 -14 60
A D 6 96 0
A P 1 209 0
A P 2 197 0
J N 5 19867 35 4 4609 144 1 110
K 0 -14 43
K 0 0 43
K 0 -14 60
A D 6 96 0
A P 1 203 0
A P 2 192 0
J N 5 19896 28 4 5761 144 2 110 107
K 0 -14 43
K 0 0 43
K 0 -14 60
A D 6 96 0
A P 1 209 0
A P 2 197 0
H 107 W 0 21 7 112 7 112
H 110 B 1 0 108 6 22 11 11 11 11 33
J B 142 19929 1 82 6913 144 0
J N 5 19950 21 4 1 0 2 112 111
K 0 -14 43
K 0 0 43
K 0 -14 60
A D 6 96 0
A P 1 214 0
A P 2 203 0
J N 5 19979 14 4 1153 144 1 112
K 0 -14 43
K 0 0 43
K 0 -14 60
A D 6 96 0
A P 1 220 0
A P 2 209 0
J N 5 20008 7 4 2305 144 2 112 109
K 0 -14 43
K 0 0 43
K 0 -14 60
A D 6 96 0
A P 1 226 0
A P 2 214 0
H 109 S 0 0 -21 0 -14 0 0 0 0
J N 5 20037 35 5 3457 144 1 112
K 0 -14 43
K 0 0 43
K 0 -28 96
K 0 -14 60
A D 6 96 0
A P 1 203 0
A P 2 192 0
J N 5 20066 28 5 4609 144 1 112
K 0 -14 43
K 0 0 43
K 0 -35 96
K 0 -14 60
A D 6 96 0
A P 1 209 0
A P 2 197 0
J N 5 20095 21 5 5761 144 2 112 111
K 0 -14 43
K 0 0 43
K 0 -31 96
K 0 -14 60
A D 6 96 0
A P 1 214 0
A P 2 203 0
H 111 W 21 0 7 112 14 112
H 112 B 1 0 108 6 22 11 11 11 11 33
J B 143 20128 1 82 6913 144 0
J N 5 20149 14 5 1 0 1 113
K 0 -14 43
K 0 0 43
K 0 -31 96
K 0 -14 60
A D 6 96 0
A P 1 220 0
A P 2 209 0
J N 5 20178 42 5 1153 144 1 113
K 0 -14 43
K 0 0 43
K 0 -35 96
K 0 -14 60
A D 6 96 0
A P 1 197 0
A P 2 186 0
J N 5 20207 35 5 2305 144 1 113
K 0 -14 43
K 0 0 43
K 0 -28 96
K 0 -14 60
A D 6 96 0
A P 1 203 0
A P 2 192 0
J N 5 20236 28 5 3457 144 1 113
K 0 -14 43
K 0 0 43
K 0 -35 96
K 0 -14 60
A D 6 96 0
A P 1 209 0
A P 2 197 0
J N 5 20265 21 5 4609 144 1 113
K 0 -14 43
K 0 0 43
K 0 -31 96
K 0 -14 60
A D 6 96 0
A P 1 214 0
A P 2 203 0
H 113 B 1 0 108 5 22 11 11 11 33
J R 5 20294 28 3 5761 144 0
K 0 14 49
K 4 0 50
A D 6 96 0
A P 1 0 0
J B 144 20331 1 82 6913 144 0
J R 6 20352 28 2 1 0 0
K 0 0 49
A D 12 96 1
A P 1 0 1
J R 5 20390 28 3 2305 288 0
K 0 14 49
K 4 0 50
A D 6 96 0
A P 1 0 0
J N 5 20423 42 5 3457 144 1 114
K 0 -14 43
K 0 0 43
K 0 -35 96
K 0 -14 60
A D 6 96 0
A P 1 197 0
A P 2 186 0
J N 5 20452 35 5 4609 144 1 114
K 0 -14 43
K 0 0 43
K 0 -28 96
K 0 -14 60
A D 6 96 0
A P 1 203 0
A P 2 192 0
J N 5 20481 28 5 5761 144 1 114
K 0 -14 43
K 0 0 43
K 0 -35 96
K 0 -14 60
A D 6 96 0
A P 1 209 0
A P 2 197 0
H 114 B 1 0 108 3 22 11 33
J B 145 20514 1 82 6913 144 0
J D 0 20535 0 1 1 0 0
W 0 105 36 cresc.
J N 7 20535 21 11 1 0 0
K 0 -14 43
K 25 -14 44
K 0 0 43
K 25 0 44
K 0 -14 60
K 0 0 60
K 0 28 60
K 0 30 60
K -17 49 125
K -17 35 125
A D 36 96 0
A P 1 214 0
A P 2 203 0
J B 146 20607 1 82 6913 864 0
J N 7 20659 21 11 1 0 0
K -25 -14 64
K -43 0 63
K 0 -14 43
K 0 0 43
K 0 -14 60
K 0 0 60
K 0 28 60
K 0 30 60
K -17 49 125
K -17 35 125
A D 24 96 0
A P 1 215 0
A P 2 204 0
J R 6 20712 28 2 4609 576 0
K 0 0 49
A D 12 96 0
A P 1 0 0
J B 147 20754 1 82 6913 288 0
J R 9 20775 28 2 1 10001 0
K 0 0 46
A D 36 96 0
A P 3 0 0
J B 148 20880 1 82 6913 864 0
J N 6 20901 63 2 1 0 1 115
K 0 0 43
A D 12 96 0
A P 1 169 0
J N 6 20901 63 4 1 0 1 116
K 0 0 43
K 0 63 110
K 19 63 110
A D 12 96 0
A P 2 169 0
J N 6 20939 63 2 2305 288 1 115
K 0 0 43
A D 12 96 0
A P 1 169 0
J N 6 20939 63 2 2305 0 1 116
K 0 0 43
A D 12 96 0
A P 2 169 0
J N 6 20997 56 3 4609 288 1 115
K -14 0 64
K 0 0 43
A D 12 96 0
A P 1 175 0
H 115 B 0 0 108 3 2 1 3
J N 6 20997 70 6 4609 0 1 116
K 0 0 45
K -32 0 63
K 0 0 43
K -1 0 45
K 2 0 45
A D 12 96 0
A P 2 164 0
H 116 B 80001 0 108 3 2 1 3
J B 149 21039 1 82 6913 288 0
J N 7 21066 49 9 1 0 2 117 118
K -18 0 63
K 0 0 43
K 25 0 44
K 0 14 43
K 25 14 44
K 0 14 59
K 0 0 59
K 0 -21 59
A D 36 96 1
A P 1 181 1
A P 2 169 1
J B 150 21138 1 82 6913 864 0
J N 7 21165 49 7 1 0 2 117 118
k -18 0 63
K 0 0 43
K 0 14 43
K 0 14 59
K 0 0 59
K 0 -21 59
A D 24 96 0
A P 1 181 0
A P 2 169 0
H 117 T 49 0 0 0 0 0 3 0
H 118 T 63 0 0 0 0 0 11 0
J N 5 21218 63 3 4609 576 1 119
K 0 0 43
K 25 0 44
A D 9 96 0
A P 1 169 0
J N 5 21218 63 3 4609 0 1 120
K 0 0 43
K 25 0 44
A D 9 96 0
A P 2 169 0
J N 4 21288 56 3 6337 216 1 119
K -14 0 64
K 0 0 43
A D 3 96 0
A P 1 175 0
H 119 B 0 0 108 2 22 533
J N 4 21288 70 6 6337 0 1 120
K 0 0 45
K -32 0 63
K 0 0 43
K -1 0 45
K 2 0 45
A D 3 96 0
A P 2 164 0
H 120 B 1 0 108 2 22 533
J B 151 21321 1 82 6913 72 0
J N 6 21348 49 5 1 0 1 121
K -18 0 63
K 0 0 43
K 0 14 43
K 0 14 59
A D 12 96 0
A P 1 181 0
A P 2 169 0
J N 6 21386 49 4 2305 288 1 121
K 0 0 43
K 0 14 43
K 0 14 59
A D 12 96 0
A P 1 181 0
A P 2 169 0
J N 6 21426 42 5 4609 288 1 121
K -14 14 64
K 0 0 43
K 0 14 43
K 0 14 59
A D 12 96 0
A P 1 186 0
A P 2 175 0
H 121 B 0 0 108 3 2 1 3
J B 152 21468 1 82 6913 288 0
J N 7 21495 35 9 1 0 2 122 123
K -18 14 63
K 0 0 43
K 25 0 44
K 0 14 43
K 25 14 44
K 0 14 59
K 0 0 59
K 0 -21 59
A D 36 96 1
A P 1 192 1
A P 2 181 1
J B 153 21567 1 82 6913 864 0
J N 7 21594 35 7 1 0 2 122 123
k -18 14 63
K 0 0 43
K 0 14 43
K 0 14 59
K 0 0 59
K 0 -21 59
A D 24 96 0
A P 1 192 0
A P 2 181 0
H 122 T 35 0 0 0 0 0 3 0
H 123 T 49 0 0 0 0 0 9 0
J N 5 21647 49 7 4609 576 1 124
K -18 0 63
K 0 0 43
K 25 0 44
K 0 14 43
K 25 14 44
K 0 14 59
A D 9 96 0
A P 1 181 0
A P 2 169 0
J N 4 21699 42 5 6337 216 1 124
K -14 14 64
K 0 0 43
K 0 14 43
K 0 14 59
A D 3 96 0
A P 1 186 0
A P 2 175 0
H 124 B 0 0 108 2 22 533
J B 154 21732 1 82 6913 72 0
J N 7 21759 35 7 1 0 0
K -18 14 63
K 0 0 43
K 0 14 43
K 0 14 59
K 0 0 59
K 0 -21 59
A D 24 96 0
A P 1 192 0
A P 2 181 0
J N 5 21812 49 7 4609 576 1 125
K -18 0 63
K 0 0 43
K 25 0 44
K 0 14 43
K 25 14 44
K 0 14 59
A D 9 96 0
A P 1 181 0
A P 2 169 0
J N 4 21864 42 5 6337 216 1 125
K -14 14 64
K 0 0 43
K 0 14 43
K 0 14 59
A D 3 96 0
A P 1 186 0
A P 2 175 0
H 125 B 0 0 108 2 22 533
J B 155 21897 1 82 6913 72 0
J N 7 21924 35 7 1 0 0
K -18 14 63
K 0 0 43
K 0 14 43
K 0 14 59
K 0 0 59
K 0 -21 59
A D 24 96 0
A P 1 192 0
A P 2 181 0
J N 5 21977 49 7 4609 576 1 126
K -18 0 63
K 0 0 43
K 25 0 44
K 0 14 43
K 25 14 44
K 0 14 59
A D 9 96 0
A P 1 181 0
A P 2 169 0
J N 4 22029 42 5 6337 216 1 126
K -14 14 64
K 0 0 43
K 0 14 43
K 0 14 59
A D 3 96 0
A P 1 186 0
A P 2 175 0
H 126 B 0 0 108 2 22 533
J B 156 22062 1 82 6913 72 0
J N 6 22089 35 6 1 0 0
K -18 14 63
K 0 0 43
K 0 14 43
K 0 14 59
K 0 0 53
A D 12 96 0
A P 1 192 0
A P 2 181 0
J R 6 22131 28 2 2305 288 0
K 0 0 49
A D 12 96 1
A P 1 0 1
J R 6 22169 28 2 4609 288 0
K 0 0 49
A D 12 96 0
A P 1 0 0
J B 157 22211 1 82 6913 288 0
J R 9 22232 28 2 1 10001 0
K 0 0 46
A D 36 96 0
A P 3 0 0
J B 158 22337 1 82 6913 864 0
J R 9 22358 28 2 1 10001 0
K 0 0 46
A D 36 96 0
A P 3 0 0
J B 159 22463 1 82 6913 864 0
J R 9 22484 28 2 1 10001 0
K 0 0 46
A D 36 96 0
A P 3 0 0
J B 160 22589 1 82 6913 864 0
J R 9 22610 28 2 1 10001 0
K 0 0 46
A D 36 96 0
A P 3 0 0
J B 161 22715 1 82 6913 864 0
J R 9 22736 28 2 1 10001 0
K 0 0 46
A D 36 96 0
A P 3 0 0
J B 162 22841 1 82 6913 864 0
J R 9 22862 28 2 1 10001 0
K 0 0 46
A D 36 96 0
A P 3 0 0
J B 163 22967 1 82 6913 864 0
J R 9 22988 28 2 1 10001 0
K 0 0 46
A D 36 96 0
A P 3 0 0
J B 164 23093 1 82 6913 864 0
J R 9 23114 28 2 1 10001 0
K 0 0 46
A D 36 96 0
A P 3 0 0
J B 165 23219 1 82 6913 864 0
J R 9 23240 28 2 1 10001 0
K 0 0 46
A D 36 96 0
A P 3 0 0
J B 166 23345 1 82 6913 864 0
J R 6 23366 28 2 1 0 0
K 0 0 49
A D 12 96 1
A P 1 0 1
J R 6 23404 28 2 2305 288 0
K 0 0 49
A D 12 96 0
A P 1 0 0
J D 0 23421 0 1 4609 288 0
W 0 -14 32 1.
J N 5 23442 49 4 4609 0 1 127
K 0 0 43
K 0 17 96
K 0 32 108
A D 6 96 0
A P 1 180 0
J R 4 23471 28 4 5761 144 0
K 0 14 49
K 4 0 50
K 8 -14 50
A D 3 96 0
A P 1 0 0
J N 4 23508 28 3 6337 72 1 127
K 0 0 43
K 0 21 96
A D 3 96 0
A P 1 197 0
H 127 B 0 0 108 2 22 533
J B 167 23541 1 82 6913 72 0
J N 6 23565 14 4 1 0 0
K -15 0 65
K 0 0 43
K 0 0 54
A D 12 96 0
A P 1 208 0
J N 5 23603 14 3 2305 288 1 128
K 0 0 43
K 0 -21 96
A D 6 96 0
A P 1 208 0
J R 4 23632 28 4 3457 144 0
K 0 14 49
K 4 0 50
K 8 -14 50
A D 3 96 0
A P 1 0 0
J N 4 23669 21 3 4033 72 1 128
K 0 0 43
K 0 -14 96
A D 3 96 0
A P 1 203 0
J N 5 23698 28 3 4609 72 1 128
K 0 0 43
K 0 -21 96
A D 6 96 0
A P 1 197 0
J R 4 23727 28 4 5761 144 0
K 0 14 49
K 4 0 50
K 8 -14 50
A D 3 96 0
A P 1 0 0
J N 4 23764 14 3 6337 72 1 128
K 0 0 43
K 0 -21 96
A D 3 96 0
A P 1 208 0
H 128 B 1 0 108 4 22 511 11 533
J B 168 23797 1 82 6913 72 0
J N 7 23818 35 4 1 0 0
K 0 0 43
K 0 0 59
K 0 -21 59
A D 24 96 0
A P 1 192 0
J N 5 23871 28 3 4609 576 1 129
K 0 0 43
K 0 -21 96
A D 6 96 0
A P 1 197 0
J R 4 23900 28 4 5761 144 0
K 0 14 49
K 4 0 50
K 8 -14 50
A D 3 96 0
A P 1 0 0
J N 4 23937 21 3 6337 72 1 129
K 0 0 43
K 0 -14 96
A D 3 96 0
A P 1 203 0
H 129 B 1 0 108 2 22 533
J B 169 23970 1 82 6913 72 0
J N 6 23994 14 4 1 0 0
K -15 0 65
K 0 0 43
K 0 0 54
A D 12 96 0
A P 1 208 0
J N 5 24032 14 3 2305 288 1 130
K 0 0 43
K 0 -21 96
A D 6 96 0
A P 1 208 0
J R 4 24061 28 4 3457 144 0
K 0 14 49
K 4 0 50
K 8 -14 50
A D 3 96 0
A P 1 0 0
J N 4 24098 21 3 4033 72 1 130
K 0 0 43
K 0 -14 96
A D 3 96 0
A P 1 203 0
J N 5 24127 28 3 4609 72 1 130
K 0 0 43
K 0 -21 96
A D 6 96 0
A P 1 197 0
J R 4 24156 28 4 5761 144 0
K 0 14 49
K 4 0 50
K 8 -14 50
A D 3 96 0
A P 1 0 0
J N 4 24193 14 3 6337 72 1 130
K 0 0 43
K 0 -21 96
A D 3 96 0
A P 1 208 0
H 130 B 1 0 108 4 22 511 11 533
J B 170 24226 1 82 6913 72 0
J N 7 24250 7 5 1 0 0
K -15 0 65
K 0 0 43
K 0 0 60
K 0 21 60
A D 24 96 0
A P 1 214 0
J N 5 24307 14 4 4609 576 1 131
K -15 0 65
K 0 0 43
K 0 -21 96
A D 6 96 0
A P 1 208 0
J R 4 24336 0 4 5761 144 0
K 0 14 49
K 4 0 50
K 8 -14 50
A D 3 96 0
A P 1 0 0
J N 4 24373 7 3 6337 72 1 131
K 0 0 43
K 0 -17 96
A D 3 96 0
A P 1 214 0
H 131 B 1 0 108 2 22 533
J B 171 24406 1 82 6913 72 0
J N 6 24427 0 2 1 0 1 132
K 0 0 43
A D 12 96 0
A P 1 220 0
J N 5 24465 0 3 2305 288 1 132
K 0 0 43
K 0 -17 96
A D 6 96 0
A P 1 220 0
J R 4 24494 14 4 3457 144 0
K 0 14 49
K 4 0 50
K 8 -14 50
A D 3 96 0
A P 1 0 0
J N 4 24539 7 4 4033 72 1 132
K -15 0 65
K 0 0 43
K 0 -17 96
A D 3 96 0
A P 1 214 0
J N 5 24580 14 4 4609 72 1 132
K -15 0 65
K 0 0 43
K 0 -21 96
A D 6 96 0
A P 1 208 0
J R 4 24609 14 4 5761 144 0
K 0 14 49
K 4 0 50
K 8 -14 50
A D 3 96 0
A P 1 0 0
J N 4 24646 0 3 6337 72 1 132
K 0 0 43
K 0 -17 96
A D 3 96 0
A P 1 220 0
H 132 B 1 0 108 5 2 21 511 11 533
J B 172 24679 1 82 6913 72 0
J N 7 24703 7 5 1 0 0
K -15 0 65
K 0 0 43
K 0 0 60
K 0 21 60
A D 24 96 0
A P 1 214 0
J N 5 24756 0 3 4609 576 1 133
K 0 0 43
K 0 -17 96
A D 6 96 0
A P 1 220 0
J R 4 24785 0 4 5761 144 0
K 0 14 49
K 4 0 50
K 8 -14 50
A D 3 96 0
A P 1 0 0
J N 4 24822 7 3 6337 72 1 133
K 0 0 43
K 0 -17 96
A D 3 96 0
A P 1 214 0
H 133 B 1 0 108 2 22 533
J B 173 24855 1 82 6913 72 0
J N 6 24879 14 3 1 0 1 134
K -15 0 65
K 0 0 43
A D 12 96 0
A P 1 208 0
J N 5 24917 14 3 2305 288 1 134
K 0 0 43
K 0 -21 96
A D 6 96 0
A P 1 208 0
J R 4 24946 28 4 3457 144 0
K 0 14 49
K 4 0 50
K 8 -14 50
A D 3 96 0
A P 1 0 0
J N 4 24983 21 3 4033 72 1 134
K 0 0 43
K 0 -14 96
A D 3 96 0
A P 1 203 0
J N 5 25012 28 3 4609 72 1 134
K 0 0 43
K 0 -21 96
A D 6 96 0
A P 1 197 0
J R 4 25041 28 4 5761 144 0
K 0 14 49
K 4 0 50
K 8 -14 50
A D 3 96 0
A P 1 0 0
J N 4 25078 14 3 6337 72 1 134
K 0 0 43
K 0 -21 96
A D 3 96 0
A P 1 208 0
H 134 B 1 0 108 5 2 21 511 11 533
J B 174 25111 1 82 6913 72 0
J D 0 25132 0 1 1 0 0
W 0 98 36 cresc.
J N 6 25132 21 3 1 0 2 135 136
K 0 0 43
K 25 0 44
A D 18 96 0
A P 1 203 0
J R 6 25132 56 2 1 0 0
K 0 0 49
A D 12 96 1
A P 2 0 1
J R 6 25170 56 2 2305 288 0
K 0 0 49
A D 12 96 1
A P 2 0 1
J N 5 25207 14 3 3457 144 1 136
K -15 0 65
K 0 0 43
A D 6 96 0
A P 1 208 0
J N 5 25236 28 2 4609 144 1 136
K 0 0 43
A D 6 96 0
A P 1 197 0
J R 5 25236 56 3 4609 0 0
K 0 14 49
K 4 0 50
A D 6 96 0
A P 2 0 0
J N 5 25269 14 2 5761 144 2 136 135
K 0 0 43
A D 6 96 0
A P 1 208 0
H 136 B 0 0 108 4 2 21 11 33
H 135 S 0 6 -44 6 -37 0 0 0 0
J N 5 25269 28 3 5761 0 0
K 0 0 43
K 0 0 56
A D 6 96 0
A P 2 197 0
J B 175 25302 1 82 6913 144 0
J N 6 25323 21 6 1 0 2 137 138
K 0 0 43
K 25 0 44
K 0 14 43
K 25 14 44
K 0 14 59
A D 18 96 0
A P 1 203 0
A P 2 192 0
J N 5 25376 14 5 3457 432 1 138
K -15 0 65
K 0 0 43
K 0 14 43
K 0 14 59
A D 6 96 0
A P 1 208 0
A P 2 197 0
J N 5 25405 28 4 4609 144 1 138
K 0 0 43
K 0 21 43
K 0 21 59
A D 6 96 0
A P 1 197 0
A P 2 180 0
J N 5 25434 14 4 5761 144 2 138 137
K 0 0 43
K 0 14 43
K 0 14 59
A D 6 96 0
A P 1 208 0
A P 2 197 0
H 138 B 0 0 108 4 2 21 11 33
H 137 S 0 6 -44 6 -37 0 0 0 0
J B 176 25467 1 82 6913 144 0
J N 5 25488 35 6 1 0 1 139
K 0 -14 43
K 0 0 43
K 0 -28 96
K 0 72 110
K 0 -14 60
A D 6 96 0
A P 1 203 0
A P 2 192 0
J N 5 25517 35 6 1153 144 1 139
K 0 -35 43
K 0 0 43
K 0 -52 96
K 0 -35 60
K 0 -7 60
A D 6 96 0
A P 1 220 0
A P 2 192 0
H 139 B 1 0 108 2 22 33
J R 6 25546 28 2 2305 144 0
K 0 0 49
A D 12 96 1
A P 1 0 1
J R 6 25584 28 2 4609 288 0
K 0 0 49
A D 12 96 0
A P 1 0 0
J B 177 25626 1 82 6913 288 0
J R 6 25647 28 2 1 0 0
K 0 0 49
A D 12 96 1
A P 1 0 1
J R 6 25685 28 2 2305 288 0
K 0 0 49
A D 12 96 0
A P 1 0 0
J D 0 25709 0 1 4609 288 0
W 0 -21 32 1.
J D 0 25723 0 1 4609 0 0
W 0 105 1 p!36| dolce
J N 5 25727 28 3 4609 0 2 140 141
K -14 0 64
K 0 0 43
A D 6 96 0
A P 1 198 0
J N 5 25756 21 2 5761 144 1 141
K 0 0 43
A D 6 96 0
A P 1 203 0
H 141 B 1 0 108 2 22 33
J B 178 25789 1 82 6913 144 0
J N 5 25810 14 2 1 0 1 142
K 0 0 43
A D 6 96 0
A P 1 209 0
J N 5 25839 7 2 1153 144 1 142
K 0 0 43
A D 6 96 0
A P 1 214 0
J N 5 25868 0 2 2305 144 1 142
K 0 0 43
A D 6 96 0
A P 1 220 0
J N 5 25897 -7 2 3457 144 2 142 140
K 0 0 43
A D 6 96 0
A P 1 226 0
H 140 S 0 0 0 0 0 0 0 0 0
J N 5 25930 28 3 4609 144 2 143 142
K -14 0 64
K 0 0 43
A D 6 96 0
A P 1 198 0
J N 5 25959 21 2 5761 144 1 142
K 0 0 43
A D 6 96 0
A P 1 203 0
H 142 B 1 0 108 6 22 11 11 11 11 33
J B 179 25992 1 82 6913 144 0
J N 5 26013 14 2 1 0 1 144
K 0 0 43
A D 6 96 0
A P 1 209 0
J N 5 26042 7 2 1153 144 2 144 143
K 0 0 43
A D 6 96 0
A P 1 214 0
H 144 B 1 0 108 2 22 33
H 143 S 0 0 0 0 0 0 0 0 0
J R 6 26071 28 2 2305 144 0
K 0 0 49
A D 12 96 1
A P 1 0 1
J R 6 26109 28 2 4609 288 0
K 0 0 49
A D 12 96 0
A P 1 0 0
J B 180 26151 1 82 6913 288 0
J R 9 26172 28 2 1 10001 0
K 0 0 46
A D 36 96 0
A P 3 0 0
J B 181 26277 1 82 6913 864 0
J R 9 26298 28 2 1 10001 0
K 0 0 46
A D 36 96 0
A P 3 0 0
J B 182 26403 1 82 6913 864 0
J R 9 26424 28 2 1 10001 0
K 0 0 46
A D 36 96 0
A P 3 0 0
J B 183 26529 1 82 6913 864 0
J R 9 26550 28 2 1 10001 0
K 0 0 46
A D 36 96 0
A P 3 0 0
J B 184 26655 1 82 6913 864 0
J R 6 26676 28 2 1 0 0
K 0 0 49
A D 12 96 0
A P 1 0 0
J D 0 26700 0 1 2305 288 0
W 0 -14 32 1.
J D 0 26714 0 1 2305 0 0
W 0 112 36 cresc.
J N 4 26714 70 5 2305 0 2 145 146
K 1 0 45
K 0 0 43
K -1 0 45
K 2 0 45
A D 3 96 0
A P 1 163 0
J N 4 26743 63 2 2881 72 1 146
K 0 0 43
A D 3 96 0
A P 1 169 0
J N 4 26772 56 2 3457 72 1 146
K 0 0 43
A D 3 96 0
A P 1 174 0
J N 4 26801 49 2 4033 72 1 146
K 0 0 43
A D 3 96 0
A P 1 180 0
H 146 B 0 0 108 4 222 111 111 333
J N 4 26830 42 2 4609 72 1 147
K 0 0 43
A D 3 96 0
A P 1 186 0
J N 4 26859 35 2 5185 72 1 147
K 0 0 43
A D 3 96 0
A P 1 192 0
J N 4 26888 28 2 5761 72 1 147
K 0 0 43
A D 3 96 0
A P 1 197 0
J N 4 26917 21 2 6337 72 2 147 145
K 0 0 43
A D 3 96 0
A P 1 203 0
H 147 B 0 0 108 4 222 111 111 333
H 145 S 12 0 0 0 0 0 0 0 0
J B 185 26950 1 82 6913 72 0
J D 0 26964 0 1 1 0 0
W 0 -12 32 zu 2
J N 7 26971 14 7 1 0 1 148
K 0 0 43
K 24 -6 44
K 0 72 110
K 19 72 110
K 0 0 60
K 0 21 60
A D 36 96 1
A P 3 209 1
J B 186 27043 1 82 6913 864 0
J N 5 27064 14 3 1 0 3 149 150 148
K 0 0 43
K 24 -6 44
A D 9 96 0
A P 3 209 0
H 148 T 14 0 0 0 0 0 5 0
J N 4 27101 21 2 1729 216 1 150
K 0 0 43
A D 3 96 0
A P 3 203 0
J N 5 27130 28 3 2305 72 1 150
K 0 0 43
K 24 -6 44
A D 9 96 0
A P 3 197 0
J N 4 27167 14 2 4033 216 2 150 149
K 0 0 43
A D 3 96 0
A P 3 209 0
H 150 B 1 0 108 4 22 511 11 533
H 149 S 0 0 0 0 0 0 0 0 0
J N 6 27196 42 3 4609 72 1 151
K 0 0 43
K 0 0 53
A D 12 96 1
A P 3 186 1
J B 187 27242 1 82 6913 288 0
J N 6 27263 42 3 1 0 1 151
K 0 0 43
K 0 0 53
A D 12 96 0
A P 3 186 0
H 151 T 42 0 0 0 0 0 13 0
J N 5 27305 7 3 2305 288 2 152 153
K 0 0 43
K 25 0 44
A D 9 96 0
A P 3 214 0
J N 4 27343 14 2 4033 216 1 153
K 0 0 43
A D 3 96 0
A P 3 209 0
J N 5 27372 21 3 4609 72 1 153
K 0 0 43
K 25 0 44
A D 9 96 0
A P 3 203 0
J N 4 27410 7 2 6337 216 2 153 152
K 0 0 43
A D 3 96 0
A P 3 214 0
H 153 B 1 0 108 4 22 511 11 533
H 152 S 0 0 0 0 0 0 0 0 0
J B 188 27443 1 82 6913 72 0
J N 5 27464 35 3 1 0 2 154 155
K 0 0 43
K 25 0 44
A D 9 96 0
A P 3 192 0
J N 4 27499 21 2 1729 216 1 155
K 0 0 43
A D 3 96 0
A P 3 203 0
J N 5 27528 49 4 2305 72 1 155
K -18 0 63
K 0 0 43
K 25 0 44
A D 9 96 0
A P 3 181 0
J N 4 27563 35 2 4033 216 2 155 154
K 0 0 43
A D 3 96 0
A P 3 192 0
H 155 B 0 0 108 4 22 511 11 533
H 154 S 12 0 7 0 7 0 0 0 0
J N 6 27592 14 3 4609 72 1 156
K 0 0 43
K 0 0 54
A D 12 96 1
A P 3 209 1
J B 189 27634 1 82 6913 288 0
J N 6 27655 14 3 1 0 1 156
K 0 0 43
K 0 0 54
A D 12 96 0
A P 3 209 0
H 156 T 14 0 0 0 0 0 5 0
J N 5 27693 7 3 2305 288 2 157 158
K 0 0 43
K 25 0 44
A D 9 96 0
A P 3 214 0
J N 4 27728 21 2 4033 216 2 158 157
K 0 0 43
A D 3 96 0
A P 3 203 0
H 158 B 1 0 108 2 22 533
H 157 S 0 0 0 0 0 0 0 0 0
J N 6 27757 -7 3 4609 72 0
K 0 0 43
K 0 0 54
A D 12 96 0
A P 3 226 0
J B 190 27799 1 82 6913 288 0
J N 6 27820 21 3 1 0 0
K 0 0 43
K 0 0 54
A D 12 96 0
A P 3 203 0
J N 5 27858 14 3 2305 288 2 159 160
K 0 0 43
K 24 -6 44
A D 9 96 0
A P 3 209 0
J N 4 27893 28 2 4033 216 2 160 159
K 0 0 43
A D 3 96 0
A P 3 197 0
H 160 B 1 0 108 2 22 533
H 159 S 0 0 0 0 0 0 0 0 0
J N 6 27922 0 3 4609 72 0
K 0 0 43
K 0 0 54
A D 12 96 0
A P 3 220 0
J B 191 27964 1 82 6913 288 0
J N 6 27985 21 5 1 0 0
K 0 -21 43
K 0 0 43
K 0 -21 60
K 0 0 54
A D 12 96 0
A P 1 220 0
A P 2 203 0
J R 6 28023 28 2 2305 288 0
K 0 0 49
A D 12 96 1
A P 1 0 1
J R 6 28061 28 2 4609 288 0
K 0 0 49
A D 12 96 0
A P 1 0 0
J B 192 28103 1 82 6913 288 0
J N 6 28124 14 5 1 0 0
K 0 -14 43
K 0 0 43
K 0 -14 60
K 0 0 54
A D 12 96 0
A P 1 220 0
A P 2 209 0
J R 6 28162 28 2 2305 288 0
K 0 0 49
A D 12 96 1
A P 1 0 1
J R 6 28200 28 2 4609 288 0
K 0 0 49
A D 12 96 0
A P 1 0 0
J B 193 28242 1 82 6913 288 0
J N 4 28263 49 2 1 0 1 161
K 0 0 43
A D 3 96 0
A P 1 180 0
J N 4 28263 49 2 1 0 1 162
K 0 0 43
A D 3 96 0
A P 2 180 0
J N 4 28303 56 3 577 72 1 161
K -14 0 64
K 0 0 43
A D 3 96 0
A P 1 175 0
J N 4 28303 56 2 577 0 1 162
K 0 0 43
A D 3 96 0
A P 2 175 0
J N 4 28332 49 2 1153 72 1 161
K 0 0 43
A D 3 96 0
A P 1 180 0
J N 4 28332 49 2 1153 0 1 162
K 0 0 43
A D 3 96 0
A P 2 180 0
J N 4 28361 42 2 1729 72 1 161
K 0 0 43
A D 3 96 0
A P 1 186 0
H 161 B 0 0 108 4 222 111 111 333
J N 4 28361 42 2 1729 0 1 162
K 0 0 43
A D 3 96 0
A P 2 186 0
H 162 B 1 0 108 4 222 111 111 333
J N 4 28390 35 2 2305 72 1 163
K 0 0 43
A D 3 96 0
A P 1 192 0
J N 4 28390 35 2 2305 0 1 164
K 0 0 43
A D 3 96 0
A P 2 192 0
J N 4 28419 28 2 2881 72 1 163
K 0 0 43
A D 3 96 0
A P 1 197 0
J N 4 28419 28 2 2881 0 1 164
K 0 0 43
A D 3 96 0
A P 2 197 0
J N 4 28448 21 2 3457 72 1 163
K 0 0 43
A D 3 96 0
A P 1 203 0
J N 4 28448 70 5 3457 0 1 164
K 0 0 45
K 0 0 43
K -1 0 45
K 2 0 45
A D 3 96 0
A P 2 163 0
J N 4 28477 14 2 4033 72 1 163
K 0 0 43
A D 3 96 0
A P 1 209 0
H 163 B 0 0 108 4 222 111 111 333
J N 4 28477 63 2 4033 0 1 164
K 0 0 43
A D 3 96 0
A P 2 169 0
H 164 B 40001 0 108 4 222 111 111 333
J N 4 28518 56 7 4609 72 1 165
K -15 -49 65
K -15 0 65
K 0 -49 43
K 0 0 43
K 0 -49 60
K 0 -21 60
A D 3 96 0
A P 1 214 0
A P 2 174 0
J N 4 28547 49 5 5185 72 1 165
K 0 -49 43
K 0 0 43
K 0 -49 60
K 0 -21 60
A D 3 96 0
A P 1 220 0
A P 2 180 0
J N 4 28576 42 5 5761 72 1 165
K 0 -49 43
K 0 0 43
K 0 -49 60
K 0 -21 60
A D 3 96 0
A P 1 226 0
A P 2 186 0
J N 4 28605 35 8 6337 72 1 165
K 0 -49 45
K 0 -49 43
K -1 -49 45
K 2 -49 45
K 0 0 43
K 0 -49 60
K 0 -21 60
A D 3 96 0
A P 1 232 0
A P 2 192 0
H 165 B 50001 0 108 4 222 111 111 333
J B 194 28638 1 82 6913 72 0
J N 6 28659 28 9 1 0 0
K 0 -42 45
K 0 -49 43
K 0 -42 45
K 1 -42 45
K 0 0 43
K 0 -49 60
K 0 -21 60
K 0 0 54
A D 12 96 0
A P 1 237 0
A P 2 197 0
J R 6 28697 28 2 2305 288 0
K 0 0 49
A D 12 96 0
A P 1 0 0
J N 5 28735 28 10 4609 288 2 166 167
K 1 42 45
K 0 0 43
K 24 -6 44
K 0 49 43
K 0 42 45
K 1 42 45
K 25 49 44
K 0 49 59
K 0 21 59
A D 9 96 0
A P 1 197 0
A P 2 157 0
J N 4 28770 14 5 6337 216 2 167 166
K 0 0 43
K 0 49 43
K 0 49 59
K 0 21 59
A D 3 96 0
A P 1 209 0
A P 2 169 0
H 167 B 50000 0 108 2 22 533
H 166 S 12 0 49 0 49 0 0 0 0
J B 195 28803 1 82 6913 72 0
J S 0 28838 98 2 1 0 1 168
K 0 0 111
K 12 0 110
J N 7 28824 0 5 1 0 0
K 0 0 43
K 24 -6 44
K 0 0 59
K 0 -14 59
A D 36 96 0
A P 1 220 0
J N 6 28824 49 3 1 0 0
K 0 0 43
K 0 0 52
A D 12 96 0
A P 2 180 0
J R 6 28862 42 2 2305 288 0
K 0 0 49
A D 12 96 1
A P 2 0 1
J R 6 28900 42 2 4609 288 0
K 0 0 49
A D 12 96 0
A P 2 0 0
J M 0 28938 0 0 6913 288 1 168
H 168 W 21 0 52 98 14 98
J B 196 28942 1 82 6913 0 0
J D 0 28963 0 1 1 0 0
W 0 98 1 p!36| dolce
J N 6 28963 7 3 1 0 1 169
K 0 0 43
K 0 0 51
A D 12 96 0
A P 1 214 0
J N 7 28963 28 5 1 0 0
K 0 0 43
K 24 6 44
K 0 0 60
K 0 21 60
A D 36 96 0
A P 2 197 0
J N 7 29005 14 4 2305 288 1 169
K 0 0 43
K 0 0 59
K 0 -14 59
A D 24 96 0
A P 1 209 0
H 169 S 0 14 0 0 0 0 0 0 0
J B 197 29062 1 82 6913 576 0
J N 6 29083 21 3 1 0 1 170
K 0 0 43
K 0 0 51
A D 12 96 0
A P 1 203 0
J N 7 29083 49 5 1 0 0
K 0 0 43
K 25 0 44
K 0 0 60
K 0 14 60
A D 36 96 0
A P 2 180 0
J N 7 29125 28 4 2305 288 1 170
K 0 0 43
K 0 0 59
K 0 -14 59
A D 24 96 0
A P 1 197 0
H 170 S 0 14 0 0 0 0 0 0 0
J B 198 29182 1 82 6913 576 0
J N 6 29203 7 2 1 0 1 171
K 0 0 43
A D 12 96 0
A P 1 214 0
J N 6 29203 21 2 1 0 1 172
K 0 0 43
A D 12 96 0
A P 2 203 0
J N 6 29241 7 2 2305 288 1 171
K 0 0 43
A D 12 96 0
A P 1 214 0
J N 6 29241 21 2 2305 0 1 172
K 0 0 43
A D 12 96 0
A P 2 203 0
J N 6 29279 7 2 4609 288 1 171
K 0 0 43
A D 12 96 0
A P 1 214 0
H 171 B 0 0 108 3 2 1 3
J N 5 29279 21 3 4609 0 2 173 172
K 0 0 43
K 25 0 44
A D 9 96 0
A P 2 203 0
J N 4 29314 35 2 6337 216 2 172 173
K 0 0 43
A D 3 96 0
A P 2 192 0
H 172 B 1 0 108 4 2 1 21 533
H 173 S 12 -6 64 -6 53 0 0 0 0
J B 199 29347 1 82 6913 72 0
J N 6 29368 28 5 1 0 0
K 0 -14 43
K 0 0 43
K 0 -14 60
K 0 0 54
A D 12 96 0
A P 1 209 0
A P 2 197 0
J R 6 29406 28 2 2305 288 0
K 0 0 49
A D 12 96 1
A P 1 0 1
J R 6 29444 28 2 4609 288 0
K 0 0 49
A D 12 96 0
A P 1 0 0
J B 200 29486 1 82 6913 288 0
J R 9 29507 28 2 1 10001 0
K 0 0 46
A D 36 96 0
A P 3 0 0
J B 201 29612 1 82 6913 864 0
J R 9 29633 28 2 1 10001 0
K 0 0 46
A D 36 96 0
A P 3 0 0
J B 202 29738 1 82 6913 864 0
J R 9 29759 28 2 1 10001 0
K 0 0 46
A D 36 96 0
A P 3 0 0
J B 203 29864 1 82 6913 864 0
J R 6 29885 28 2 1 0 0
K 0 0 49
A D 12 96 1
A P 1 0 1
J R 6 29923 28 2 2305 288 0
K 0 0 49
A D 12 96 0
A P 1 0 0
J D 0 29933 0 1 4609 288 0
W 0 -21 32 1.
J N 5 29961 7 3 4609 0 3 174 175 176
K 0 0 43
K 0 77 108
A D 4 96 0
A P 1 214 0
J N 5 29990 14 2 5377 96 1 176
K 0 0 43
A D 4 96 0
A P 1 209 0
J N 5 30019 7 2 6145 96 3 176 174 175
K 0 0 43
A D 4 96 0
A P 1 214 0
H 175 X 9 3 0 0 0 0 176
H 176 B 1 0 108 3 22 11 33
H 174 S 0 0 -14 0 -14 0 0 0 0
J B 204 30052 1 82 6913 96 0
J N 6 30073 14 3 1 0 0
K 0 0 43
K 0 0 54
A D 12 96 0
A P 1 209 0
J R 6 30111 28 2 2305 288 0
K 0 0 49
A D 12 96 1
A P 1 0 1
J R 6 30149 28 2 4609 288 0
K 0 0 49
A D 12 96 0
A P 1 0 0
J B 205 30191 1 82 6913 288 0
J D 5 30212 -77 1 1 0 0
W 0 0 37 Pi\8u moto
J R 9 30212 28 2 1 10001 0
K 0 0 46
A D 36 96 0
A P 3 0 0
J B 206 30317 1 82 6913 864 0
J R 9 30338 28 2 1 10001 0
K 0 0 46
A D 36 96 0
A P 3 0 0
J B 207 30443 1 82 6913 864 0
J R 9 30464 28 2 1 10001 0
K 0 0 46
A D 36 96 0
A P 3 0 0
J B 208 30569 1 82 6913 864 0
J R 9 30590 28 2 1 10001 0
K 0 0 46
A D 36 96 0
A P 3 0 0
J B 209 30695 1 82 6913 864 0
J R 9 30716 28 2 1 10001 0
K 0 0 46
A D 36 96 0
A P 3 0 0
J B 210 30821 1 82 6913 864 0
J R 9 30842 28 2 1 10001 0
K 0 0 46
A D 36 96 0
A P 3 0 0
J B 211 30947 1 82 6913 864 0
J R 9 30968 28 2 1 10001 0
K 0 0 46
A D 36 96 0
A P 3 0 0
J B 212 31073 1 82 6913 864 0
J R 9 31094 28 2 1 10001 0
K 0 0 46
A D 36 96 0
A P 3 0 0
J B 213 31199 1 82 6913 864 0
J R 9 31220 28 2 1 10001 0
K 0 0 46
A D 36 96 0
A P 3 0 0
J B 214 31325 1 82 6913 864 0
J R 6 31346 28 2 1 0 0
K 0 0 49
A D 12 96 1
A P 1 0 1
J R 6 31384 28 2 2305 288 0
K 0 0 49
A D 12 96 0
A P 1 0 0
J N 6 31422 35 6 4609 288 2 177 178
K 0 -35 43
K 0 0 43
K 0 -35 60
K 0 -7 60
K 0 0 52
A D 12 96 0
A P 1 220 0
A P 2 192 0
J B 215 31464 1 82 6913 288 0
J N 6 31485 28 5 1 0 2 177 178
K 0 -14 43
K 0 0 43
K 0 -14 60
K 0 0 54
A D 12 96 0
A P 1 209 0
A P 2 197 0
H 177 S 0 0 -35 0 -14 0 0 0 0
H 178 S 12 0 0 -14 0 0 0 0 0
J R 6 31523 28 2 2305 288 0
K 0 0 49
A D 12 96 1
A P 1 0 1
J R 6 31561 28 2 4609 288 0
K 0 0 49
A D 12 96 0
A P 1 0 0
J B 216 31603 1 82 6913 288 0
J R 6 31624 28 2 1 0 0
K 0 0 49
A D 12 96 1
A P 1 0 1
J R 6 31662 28 2 2305 288 0
K 0 0 49
A D 12 96 0
A P 1 0 0
J N 6 31700 21 5 4609 288 2 179 180
K 0 -21 43
K 0 0 43
K 0 -21 60
K 0 0 54
A D 12 96 2
A P 1 220 1
A P 2 203 0
J B 217 31742 1 82 6913 288 0
J N 6 31763 14 5 1 0 2 179 180
K 0 -14 43
K 0 0 43
K 0 -14 60
K 0 0 54
A D 12 96 0
A P 1 220 0
A P 2 209 0
H 179 T 0 0 0 0 0 0 5 0
H 180 S 12 0 0 -14 0 0 0 0 0
J D 0 31801 0 1 2305 288 0
W 0 126 1 p!36| cresc.
J R 5 31801 14 3 2305 0 1 181
K 0 14 49
K 4 0 50
A D 4 96 0
A P 1 0 0
J R 6 31801 77 2 2305 0 0
K 0 0 49
A D 12 96 1
A P 2 0 1
J N 5 31834 77 5 3073 96 2 182 183
K 1 -7 45
K 0 0 43
K 0 -7 45
K 1 -7 45
A D 4 96 0
A P 1 157 0
J N 5 31863 63 2 3841 96 2 183 181
K 0 0 43
A D 4 96 0
A P 1 169 0
H 181 X 1 3 0 -35 0 -70 0
H 183 B 0 0 108 2 22 33
J N 5 31892 49 2 4609 96 2 184 185
K 0 0 43
A D 4 96 0
A P 1 180 0
J R 5 31892 77 3 4609 0 0
K 0 14 49
K 4 0 50
A D 4 96 1
A P 2 0 1
J N 5 31925 28 2 5377 96 1 185
K 0 0 43
A D 4 96 0
A P 1 197 0
J R 5 31925 77 3 5377 0 0
K 0 14 49
K 4 0 50
A D 4 96 0
A P 2 0 0
J N 5 31958 14 2 6145 96 3 185 182 184
K 0 0 43
A D 4 96 0
A P 1 209 0
H 184 X 25 3 0 0 0 0 185
H 185 B 0 0 108 3 22 11 33
H 182 S 0 6 -51 6 -54 0 0 0 0
J N 5 31958 63 3 6145 0 0
K 0 0 43
K 0 0 56
A D 4 96 0
A P 2 169 0
J B 218 31991 1 82 6913 96 0
J N 5 32012 49 2 1 0 3 186 187 188
K 0 0 43
A D 4 96 0
A P 1 180 0
J N 5 32012 49 4 1 0 1 189
K 0 0 43
K 0 67 110
K 19 67 110
A D 4 96 0
A P 2 180 0
J N 5 32041 28 2 769 96 1 188
K 0 0 43
A D 4 96 0
A P 1 197 0
J N 5 32041 28 2 769 0 1 189
K 0 0 43
A D 4 96 0
A P 2 197 0
J N 5 32070 14 2 1537 96 3 188 186 187
K 0 0 43
A D 4 96 0
A P 1 209 0
H 187 X 25 3 0 0 0 0 188
H 188 B 0 0 108 3 22 11 33
H 186 S 0 6 -70 6 -51 0 0 0 0
J N 5 32070 14 2 1537 0 1 189
K 0 0 43
A D 4 96 0
A P 2 209 0
H 189 B 1 0 108 3 22 11 33
J D 5 32099 -77 1 2305 96 0
W 0 0 37 Te\-mpo I
J N 6 32099 0 3 2305 0 0
K 0 0 43
K 0 0 51
A D 12 96 0
A P 1 220 0
J N 6 32099 0 3 2305 0 0
K 0 0 43
K 0 0 54
A D 12 96 0
A P 2 220 0
J R 6 32141 0 2 4609 288 0
K 0 0 49
A D 12 96 0
A P 1 0 0
J N 6 32141 35 3 4609 0 1 190
K 0 0 43
K 0 0 52
A D 12 96 1
A P 2 192 1
J B 219 32183 1 82 6913 288 0
J N 6 32204 21 3 1 0 2 192 191
K 0 0 43
K 0 0 51
A D 12 96 0
A P 1 203 0
J N 7 32204 35 5 1 0 1 190
K 0 0 43
K 25 0 44
K 0 0 60
K 0 14 60
A D 36 96 0
A P 2 192 0
H 190 T 35 0 0 0 0 0 11 0
J N 7 32246 0 4 2305 288 1 192
K 0 0 43
K 0 0 59
K 0 -14 59
A D 24 96 0
A P 1 220 0
H 192 S 0 14 0 0 0 0 0 0 0
J M 0 32299 0 0 6913 576 1 191
H 191 W 21 0 7 91 14 91
J B 220 32303 1 82 6913 0 0
J D 0 32317 0 1 1 0 0
W 0 98 1 p!36| dolce
J N 6 32324 7 3 1 0 1 193
K 0 0 43
K 0 0 51
A D 12 96 0
A P 1 214 0
J N 7 32324 28 5 1 0 0
K 0 0 43
K 24 6 44
K 0 0 60
K 0 21 60
A D 36 96 0
A P 2 197 0
J N 7 32366 14 4 2305 288 1 193
K 0 0 43
K 0 0 59
K 0 -14 59
A D 24 96 0
A P 1 209 0
H 193 S 0 14 0 0 0 0 0 0 0
J B 221 32423 1 82 6913 576 0
J N 6 32444 21 3 1 0 1 194
K 0 0 43
K 0 0 51
A D 12 96 0
A P 1 203 0
J N 7 32444 49 5 1 0 0
K 0 0 43
K 25 0 44
K 0 0 60
K 0 14 60
A D 36 96 0
A P 2 180 0
J N 7 32486 28 4 2305 288 1 194
K 0 0 43
K 0 0 59
K 0 -14 59
A D 24 96 0
A P 1 197 0
H 194 S 0 14 0 0 0 0 0 0 0
J B 222 32543 1 82 6913 576 0
J N 6 32564 7 2 1 0 1 195
K 0 0 43
A D 12 96 0
A P 1 214 0
J N 6 32564 21 2 1 0 1 196
K 0 0 43
A D 12 96 0
A P 2 203 0
J N 6 32602 7 2 2305 288 1 195
K 0 0 43
A D 12 96 0
A P 1 214 0
J N 6 32602 21 2 2305 0 1 196
K 0 0 43
A D 12 96 0
A P 2 203 0
J N 6 32640 7 2 4609 288 1 195
K 0 0 43
A D 12 96 0
A P 1 214 0
H 195 B 0 0 108 3 2 1 3
J N 5 32640 21 3 4609 0 2 197 196
K 0 0 43
K 25 0 44
A D 9 96 0
A P 2 203 0
J N 4 32675 35 2 6337 216 2 196 197
K 0 0 43
A D 3 96 0
A P 2 192 0
H 196 B 1 0 108 4 2 1 21 533
H 197 S 12 -6 64 -6 53 0 0 0 0
J B 223 32708 1 82 6913 72 0
J N 6 32729 28 5 1 0 0
K 0 -14 43
K 0 0 43
K 0 -14 60
K 0 0 54
A D 12 96 0
A P 1 209 0
A P 2 197 0
J R 6 32767 28 2 2305 288 0
K 0 0 49
A D 12 96 1
A P 1 0 1
J R 6 32805 28 2 4609 288 0
K 0 0 49
A D 12 96 0
A P 1 0 0
J B 224 32847 1 82 6913 288 0
J R 9 32868 28 2 1 10001 0
K 0 0 46
A D 36 96 0
A P 3 0 0
J B 225 32973 1 82 6913 864 0
J R 6 32994 28 2 1 0 0
K 0 0 49
A D 12 96 1
A P 1 0 1
J R 6 33032 28 2 2305 288 0
K 0 0 49
A D 12 96 1
A P 1 0 1
J R 5 33070 28 3 4609 288 0
K 0 14 49
K 4 0 50
A D 6 96 0
A P 1 0 0
J N 5 33103 0 4 5761 144 0
K 0 0 43
K 0 89 110
K 0 0 55
A D 6 96 0
A P 1 220 0
J N 5 33103 14 3 5761 0 0
K 0 0 43
K 0 0 56
A D 6 96 0
A P 2 209 0
J B 226 33147 1 82 6913 144 0
J N 5 33168 0 2 1 0 2 198 199
K 0 0 43
A D 6 96 0
A P 1 220 0
J N 6 33168 35 2 1 0 1 200
K 0 0 43
A D 12 96 0
A P 2 192 0
J N 5 33197 7 2 1153 144 1 199
K 0 0 43
A D 6 96 0
A P 1 214 0
H 199 B 0 0 108 2 22 33
J N 6 33226 14 4 2305 144 1 198
K 0 0 43
K 34 -6 44
K 0 0 51
A D 18 96 0
A P 1 209 0
H 198 S 0 6 -36 6 -35 0 0 0 0
J N 6 33226 28 5 2305 0 1 200
K 0 0 43
K 31 6 44
K 0 64 111
K 12 64 110
A D 18 96 0
A P 2 197 0
H 200 B 1 0 108 2 2 3
J R 5 33276 28 3 5761 432 0
K 0 14 49
K 4 0 50
A D 6 96 0
A P 1 0 0
J B 227 33313 1 82 6913 144 0
J R 9 33334 28 2 1 10001 0
K 0 0 46
A D 36 96 0
A P 3 0 0
J B 228 33439 1 82 6913 864 0
J R 9 33460 28 2 1 10001 0
K 0 0 46
A D 36 96 0
A P 3 0 0
J B 229 33565 1 82 6913 864 0
J R 6 33586 0 2 1 0 0
K 0 0 49
A D 12 96 1
A P 1 0 1
J R 9 33586 70 2 1 10001 0
K 0 0 46
A D 36 96 0
A P 2 0 0
J R 6 33624 0 2 2305 288 0
K 0 0 49
A D 12 96 0
A P 1 0 0
J D 0 33641 0 1 4609 288 0
W 0 86 36 dolce
J N 5 33662 49 2 4609 0 2 201 202
K 0 0 43
A D 6 96 0
A P 1 180 0
J N 5 33691 28 2 5761 144 1 202
K 0 0 43
A D 6 96 0
A P 1 197 0
H 202 B 0 0 108 2 22 33
J B 230 33724 1 82 6913 144 0
J N 6 33745 14 4 1 0 2 203 201
K 0 0 43
K 0 14 43
K 0 14 59
A D 12 96 0
A P 1 209 0
A P 2 197 0
H 201 S 0 6 -54 6 -48 0 1 0 0
J N 5 33783 14 4 2305 288 2 204 203
K 0 0 43
K 0 14 43
K 0 14 59
A D 6 96 0
A P 1 209 0
A P 2 197 0
J N 5 33812 21 4 3457 144 1 203
K 0 0 43
K 0 28 43
K 0 28 59
A D 6 96 0
A P 1 203 0
A P 2 180 0
J N 5 33841 28 7 4609 144 1 203
K 0 0 43
K 24 -6 44
K 0 35 43
K 25 35 44
K 0 35 59
K 0 7 59
A D 9 96 0
A P 1 197 0
A P 2 169 0
J N 4 33878 14 4 6337 216 1 203
K 0 0 43
K 0 14 43
K 0 14 59
A D 3 96 0
A P 1 209 0
A P 2 197 0
H 203 B 0 0 108 5 2 21 11 11 533
J B 231 33911 1 82 6913 72 0
J N 7 33932 14 6 1 0 1 204
K 0 -14 43
K 0 0 43
K 0 -14 60
K 0 0 60
K 0 21 60
A D 24 96 0
A P 1 220 0
A P 2 209 0
H 204 S 0 6 -57 0 -28 2 0 0 0
J N 5 33985 63 5 4609 576 2 205 206
K 0 -35 43
K 0 0 43
K 0 -35 60
K 0 -7 60
A D 6 96 0
A P 1 197 0
A P 2 169 0
J N 5 34014 28 4 5761 144 1 206
K 0 -14 43
K 0 0 43
K 0 -14 60
A D 6 96 0
A P 1 209 0
A P 2 197 0
H 206 B 1 0 108 2 22 33
J B 232 34047 1 82 6913 144 0
J N 6 34068 14 4 1 0 2 207 205
K 0 -14 43
K 0 0 43
K 0 -14 60
A D 12 96 0
A P 1 220 0
A P 2 209 0
H 205 S 0 0 -35 0 -14 0 0 0 0
J N 5 34106 14 4 2305 288 2 208 207
K 0 -14 43
K 0 0 43
K 0 -14 60
A D 6 96 0
A P 1 220 0
A P 2 209 0
J N 5 34135 21 4 3457 144 1 207
K 0 -14 43
K 0 0 43
K 0 -14 60
A D 6 96 0
A P 1 214 0
A P 2 203 0
J N 5 34164 28 6 4609 144 1 207
K 0 -14 43
K 24 -20 44
K 0 0 43
K 24 -6 44
K 0 -14 60
A D 9 96 0
A P 1 209 0
A P 2 197 0
J N 4 34201 14 4 6337 216 2 207 208
K 0 -14 43
K 0 0 43
K 0 -14 60
A D 3 96 0
A P 1 220 0
A P 2 209 0
H 207 B 1 0 108 5 2 21 11 11 533
H 208 S 0 0 -14 0 -14 0 0 0 0
J B 233 34234 1 82 6913 72 0
J N 7 34255 14 12 1 0 2 209 210
K 0 -28 45
K 0 -35 43
K 0 -28 45
K 1 -28 45
K 25 -35 44
K 0 0 43
K 24 -6 44
K 0 -35 60
K 0 -7 60
K 0 0 60
K 0 21 60
A D 36 96 1
A P 1 237 1
A P 2 209 1
J B 234 34327 1 82 6913 864 0
J N 7 34348 14 12 1 0 4 211 212 209 210
K 0 -28 45
K 0 -35 43
K 0 -28 45
K 1 -28 45
K 25 -35 44
K 0 0 43
K 24 -6 44
K 0 -35 60
K 0 -7 60
K 0 0 60
K 0 21 60
A D 36 96 1
A P 1 237 1
A P 2 209 1
H 209 T -21 0 0 0 0 0 1 0
H 210 T 14 0 0 0 0 0 15 0
J B 235 34420 1 82 6913 864 0
J D 0 34441 0 1 1 0 0
W 0 91 36 cresc.
J N 7 34441 14 12 1 0 4 213 214 211 212
K 0 -28 45
K 0 -35 43
K 0 -28 45
K 1 -28 45
K 25 -35 44
K 0 0 43
K 24 -6 44
K 0 -35 60
K 0 -7 60
K 0 0 60
K 0 21 60
A D 36 96 1
A P 1 237 1
A P 2 209 1
H 211 T -21 0 0 0 0 0 1 0
H 212 T 14 0 0 0 0 0 15 0
J B 236 34513 1 82 6913 864 0
J N 7 34534 14 12 1 0 2 213 214
K 0 -28 45
K 0 -35 43
K 0 -28 45
K 1 -28 45
K 25 -35 44
K 0 0 43
K 24 -6 44
K 0 -35 60
K 0 -7 60
K 0 0 60
K 0 21 60
A D 36 96 0
A P 1 237 0
A P 2 209 0
H 213 T -21 0 0 0 0 0 1 0
H 214 T 14 0 0 0 0 0 15 0
J B 237 34606 1 82 6913 864 0
J N 6 34627 14 8 1 0 1 215
K 0 -28 45
K 0 -35 43
K 0 -28 45
K 1 -28 45
K 0 0 43
K 0 -35 60
K 0 -7 60
A D 12 96 0
A P 1 237 0
A P 2 209 0
J N 6 34665 14 8 2305 288 1 215
K 0 -28 45
K 0 -35 43
K 0 -28 45
K 1 -28 45
K 0 0 43
K 0 -35 60
K 0 -7 60
A D 12 96 0
A P 1 237 0
A P 2 209 0
J N 6 34703 14 8 4609 288 1 215
K 0 -28 45
K 0 -35 43
K 0 -28 45
K 1 -28 45
K 0 0 43
K 0 -35 60
K 0 -7 60
A D 12 96 0
A P 1 237 0
A P 2 209 0
H 215 B 1 0 108 3 2 1 3
J B 238 34745 1 82 6913 288 0
J N 6 34766 14 8 1 0 1 216
K 0 -28 45
K 0 -35 43
K 0 -28 45
K 1 -28 45
K 0 0 43
K 0 -35 60
K 0 -7 60
A D 12 96 0
A P 1 237 0
A P 2 209 0
J N 6 34804 14 8 2305 288 1 216
K 0 -28 45
K 0 -35 43
K 0 -28 45
K 1 -28 45
K 0 0 43
K 0 -35 60
K 0 -7 60
A D 12 96 0
A P 1 237 0
A P 2 209 0
J N 6 34842 14 8 4609 288 1 216
K 0 -28 45
K 0 -35 43
K 0 -28 45
K 1 -28 45
K 0 0 43
K 0 -35 60
K 0 -7 60
A D 12 96 0
A P 1 237 0
A P 2 209 0
H 216 B 1 0 108 3 2 1 3
J B 239 34884 1 82 6913 288 0
J N 5 34905 14 9 1 0 1 217
K 0 -28 45
K 0 -35 43
K 0 -28 45
K 1 -28 45
K 0 0 43
K 0 78 110
K 0 -35 60
K 0 -7 60
A D 4 96 0
A P 1 237 0
A P 2 209 0
J N 5 34934 14 8 769 96 1 217
K 0 -28 45
K 0 -35 43
K 0 -28 45
K 1 -28 45
K 0 0 43
K 0 -35 60
K 0 -7 60
A D 4 96 0
A P 1 237 0
A P 2 209 0
J N 5 34963 14 8 1537 96 1 217
K 0 -28 45
K 0 -35 43
K 0 -28 45
K 1 -28 45
K 0 0 43
K 0 -35 60
K 0 -7 60
A D 4 96 0
A P 1 237 0
A P 2 209 0
H 217 B 1 0 108 3 22 11 33
J N 5 34992 14 8 2305 96 1 218
K 0 -28 45
K 0 -35 43
K 0 -28 45
K 1 -28 45
K 0 0 43
K 0 -35 60
K 0 -7 60
A D 4 96 0
A P 1 237 0
A P 2 209 0
J N 5 35021 14 8 3073 96 1 218
K 0 -28 45
K 0 -35 43
K 0 -28 45
K 1 -28 45
K 0 0 43
K 0 -35 60
K 0 -7 60
A D 4 96 0
A P 1 237 0
A P 2 209 0
J N 5 35050 14 8 3841 96 1 218
K 0 -28 45
K 0 -35 43
K 0 -28 45
K 1 -28 45
K 0 0 43
K 0 -35 60
K 0 -7 60
A D 4 96 0
A P 1 237 0
A P 2 209 0
H 218 B 1 0 108 3 22 11 33
J N 5 35079 14 8 4609 96 1 219
K 0 -28 45
K 0 -35 43
K 0 -28 45
K 1 -28 45
K 0 0 43
K 0 -35 60
K 0 -7 60
A D 4 96 0
A P 1 237 0
A P 2 209 0
J N 5 35108 14 8 5377 96 1 219
K 0 -28 45
K 0 -35 43
K 0 -28 45
K 1 -28 45
K 0 0 43
K 0 -35 60
K 0 -7 60
A D 4 96 0
A P 1 237 0
A P 2 209 0
J N 5 35137 14 8 6145 96 1 219
K 0 -28 45
K 0 -35 43
K 0 -28 45
K 1 -28 45
K 0 0 43
K 0 -35 60
K 0 -7 60
A D 4 96 0
A P 1 237 0
A P 2 209 0
H 219 B 1 0 108 3 22 11 33
J B 240 35170 1 82 6913 96 0
J N 5 35191 14 8 1 0 1 220
K 0 -28 45
K 0 -35 43
K 0 -28 45
K 1 -28 45
K 0 0 43
K 0 -35 60
K 0 -7 60
A D 4 96 0
A P 1 237 0
A P 2 209 0
J N 5 35220 14 8 769 96 1 220
K 0 -28 45
K 0 -35 43
K 0 -28 45
K 1 -28 45
K 0 0 43
K 0 -35 60
K 0 -7 60
A D 4 96 0
A P 1 237 0
A P 2 209 0
J N 5 35249 14 8 1537 96 1 220
K 0 -28 45
K 0 -35 43
K 0 -28 45
K 1 -28 45
K 0 0 43
K 0 -35 60
K 0 -7 60
A D 4 96 0
A P 1 237 0
A P 2 209 0
H 220 B 1 0 108 3 22 11 33
J N 5 35278 14 8 2305 96 1 221
K 0 -28 45
K 0 -35 43
K 0 -28 45
K 1 -28 45
K 0 0 43
K 0 -35 60
K 0 -7 60
A D 4 96 0
A P 1 237 0
A P 2 209 0
J N 5 35307 14 8 3073 96 1 221
K 0 -28 45
K 0 -35 43
K 0 -28 45
K 1 -28 45
K 0 0 43
K 0 -35 60
K 0 -7 60
A D 4 96 0
A P 1 237 0
A P 2 209 0
J N 5 35336 14 8 3841 96 1 221
K 0 -28 45
K 0 -35 43
K 0 -28 45
K 1 -28 45
K 0 0 43
K 0 -35 60
K 0 -7 60
A D 4 96 0
A P 1 237 0
A P 2 209 0
H 221 B 1 0 108 3 22 11 33
J N 5 35365 14 8 4609 96 1 222
K 0 -28 45
K 0 -35 43
K 0 -28 45
K 1 -28 45
K 0 0 43
K 0 -35 60
K 0 -7 60
A D 4 96 0
A P 1 237 0
A P 2 209 0
J N 5 35394 14 8 5377 96 1 222
K 0 -28 45
K 0 -35 43
K 0 -28 45
K 1 -28 45
K 0 0 43
K 0 -35 60
K 0 -7 60
A D 4 96 0
A P 1 237 0
A P 2 209 0
J N 5 35423 14 8 6145 96 1 222
K 0 -28 45
K 0 -35 43
K 0 -28 45
K 1 -28 45
K 0 0 43
K 0 -35 60
K 0 -7 60
A D 4 96 0
A P 1 237 0
A P 2 209 0
H 222 B 1 0 108 3 22 11 33
J B 241 35456 1 82 6913 96 0
J N 5 35477 14 8 1 0 1 223
K 0 -28 45
K 0 -35 43
K 0 -28 45
K 1 -28 45
K 0 0 43
K 0 -35 60
K 0 -7 60
A D 4 96 0
A P 1 237 0
A P 2 209 0
J N 5 35506 14 8 769 96 1 223
K 0 -28 45
K 0 -35 43
K 0 -28 45
K 1 -28 45
K 0 0 43
K 0 -35 60
K 0 -7 60
A D 4 96 0
A P 1 237 0
A P 2 209 0
J N 5 35535 14 8 1537 96 1 223
K 0 -28 45
K 0 -35 43
K 0 -28 45
K 1 -28 45
K 0 0 43
K 0 -35 60
K 0 -7 60
A D 4 96 0
A P 1 237 0
A P 2 209 0
H 223 B 1 0 108 3 22 11 33
J N 5 35564 14 8 2305 96 1 224
K 0 -28 45
K 0 -35 43
K 0 -28 45
K 1 -28 45
K 0 0 43
K 0 -35 60
K 0 -7 60
A D 4 96 0
A P 1 237 0
A P 2 209 0
J N 5 35593 14 8 3073 96 1 224
K 0 -28 45
K 0 -35 43
K 0 -28 45
K 1 -28 45
K 0 0 43
K 0 -35 60
K 0 -7 60
A D 4 96 0
A P 1 237 0
A P 2 209 0
J N 5 35622 14 8 3841 96 1 224
K 0 -28 45
K 0 -35 43
K 0 -28 45
K 1 -28 45
K 0 0 43
K 0 -35 60
K 0 -7 60
A D 4 96 0
A P 1 237 0
A P 2 209 0
H 224 B 1 0 108 3 22 11 33
J N 5 35651 28 2 4609 96 1 225
K 0 0 43
A D 4 96 0
A P 1 197 0
J N 5 35651 28 2 4609 0 1 226
K 0 0 43
A D 4 96 0
A P 2 197 0
J N 5 35680 14 2 5377 96 1 225
K 0 0 43
A D 4 96 0
A P 1 209 0
J N 5 35680 14 2 5377 0 1 226
K 0 0 43
A D 4 96 0
A P 2 209 0
J N 5 35709 0 2 6145 96 1 225
K 0 0 43
A D 4 96 0
A P 1 220 0
H 225 B 0 0 108 3 22 11 33
J N 5 35709 0 2 6145 0 1 226
K 0 0 43
A D 4 96 0
A P 2 220 0
H 226 B 1 0 108 3 22 11 33
J B 242 35742 1 82 6913 96 0
J N 6 35763 28 11 1 0 0
K 0 -42 45
K 0 -49 43
K 0 -42 45
K 1 -42 45
K 0 0 43
K 0 67 110
K 19 67 110
K 0 -49 60
K 0 -21 60
K 0 0 54
A D 12 96 0
A P 1 237 0
A P 2 197 0
J R 6 35801 28 2 2305 288 0
K 0 0 49
A D 12 96 0
A P 1 0 0
J N 5 35839 28 3 4609 288 1 227
K 0 0 43
K 24 -6 44
A D 9 96 0
A P 1 197 0
J N 5 35839 28 3 4609 0 1 228
K 0 0 43
K 24 6 44
A D 9 96 0
A P 2 197 0
J N 4 35876 14 2 6337 216 1 227
K 0 0 43
A D 3 96 0
A P 1 209 0
H 227 B 0 0 108 2 22 533
J N 4 35876 14 2 6337 0 1 228
K 0 0 43
A D 3 96 0
A P 2 209 0
H 228 B 1 0 108 2 22 533
J B 243 35909 1 82 6913 72 0
J N 7 35930 0 5 1 0 0
K 0 0 43
K 24 -6 44
K 0 0 59
K 0 -14 59
A D 36 96 0
A P 1 220 0
J N 7 35930 0 7 1 0 0
K 0 0 43
K 24 6 44
K 0 86 111
K 12 86 110
K 0 0 60
K 0 21 60
A D 36 96 0
A P 2 220 0
J B 244 36002 1 82 6913 864 0
J N 6 36023 14 3 1 0 0
K 0 0 43
K 0 0 51
A D 12 96 0
A P 1 209 0
J N 6 36023 14 3 1 0 0
K 0 0 43
K 0 0 54
A D 12 96 0
A P 2 209 0
J R 6 36065 28 2 2305 288 0
K 0 0 49
A D 12 96 0
A P 1 0 0
J N 6 36103 21 5 4609 288 0
K 0 0 43
K 7 -52 96
K 0 74 108
K 0 0 51
A D 12 96 0
A P 1 203 0
J N 6 36103 35 3 4609 0 0
K 0 0 43
K 0 0 52
A D 12 96 0
A P 2 192 0
J B 245 36149 1 82 6913 288 0
J N 6 36170 14 4 1 0 0
K 0 0 43
K 7 -52 96
K 0 0 51
A D 12 96 0
A P 1 209 0
J N 6 36170 28 3 1 0 0
K 0 0 43
K 0 0 54
A D 12 96 0
A P 2 197 0
J R 6 36212 28 2 2305 288 0
K 0 0 49
A D 12 96 0
A P 1 0 0
J N 5 36250 28 3 4609 288 1 229
K 0 0 43
K 24 -6 44
A D 9 96 0
A P 1 197 0
J N 5 36250 28 4 4609 0 1 230
K 0 0 43
K 24 6 44
K 0 84 110
A D 9 96 0
A P 2 197 0
J N 4 36287 14 2 6337 216 1 229
K 0 0 43
A D 3 96 0
A P 1 209 0
H 229 B 0 0 108 2 22 533
J N 4 36287 14 2 6337 0 1 230
K 0 0 43
A D 3 96 0
A P 2 209 0
H 230 B 1 0 108 2 22 533
J B 246 36320 1 82 6913 72 0
J N 7 36341 0 5 1 0 0
K 0 0 43
K 24 -6 44
K 0 0 59
K 0 -14 59
A D 36 96 0
A P 1 220 0
J N 7 36341 0 7 1 0 0
K 0 0 43
K 24 6 44
K 0 86 110
K 19 86 110
K 0 0 60
K 0 21 60
A D 36 96 0
A P 2 220 0
J B 247 36413 1 82 6913 864 0
J N 6 36434 28 3 1 0 0
K 0 0 43
K 0 0 51
A D 12 96 0
A P 1 197 0
J N 6 36434 28 3 1 0 0
K 0 0 43
K 0 0 54
A D 12 96 0
A P 2 197 0
J R 6 36476 28 2 3457 288 0
K 0 0 49
A D 12 96 0
A P 1 0 0
J B 0 36531 6 2 6913 288 0
K -13 0 82
K -6 0 84
J M 0 36531 0 0 10000 0 0
