S 0 100 140 2250 84 1 "(.)"
L 0 0 0 250 250 * 0 21 0
J C 4 7 63 2 6913 0 0
K 0 0 33
K 0 0 34
J K 0 85 0 0 6913 0 0
J D 0 -39 -21 1 6913 0 0
W 0 0 37 \02\09\05
J R 9 189 42 46 1 10000 0
J B 296 301 1 82 6913 1152 0
J R 7 333 42 2 1 0 0
K 0 0 48
A D 4 16
J D 0 378 0 1 3457 576 0
W 0 -25 33 ten.
J N 7 388 63 5 3457 0 0
K 0 0 43
K 0 69 110
K 0 0 59
K 0 -32 59
A D 4 16
J B 297 449 1 82 6913 576 0
J R 7 481 42 2 1 0 0
K 0 0 48
A D 4 16
J N 7 536 21 5 3457 576 0
K 0 0 43
K 0 111 110
K 0 0 60
K 0 31 60
A D 4 16
J B 298 597 1 82 6913 576 0
J R 7 629 42 2 1 0 0
K 0 0 48
A D 4 16
J N 7 684 63 5 3457 576 0
K 0 0 43
K 0 69 110
K 0 0 59
K 0 -32 59
A D 4 16
J B 299 745 1 82 6913 576 0
J R 7 777 42 2 1 0 0
K 0 0 48
A D 4 16
J N 7 832 21 5 3457 576 0
K 0 0 43
K 0 111 110
K 0 0 60
K 0 31 60
A D 4 16
J B 300 893 1 82 6913 576 0
J S 4 977 31 8 6 576 0
K 0 0 62
K 0 5 62
K 185 11 92
K 155 11 92
K 125 11 92
K 95 11 92
K 65 11 92
K 35 11 92
K 5 11 92
K 0 11 92
K 215 0 62
K 215 5 62
K 92 11 77
J B 306 1276 1 82 6913 1 0
J R 7 1308 42 2 1 0 0
K 0 0 48
A D 4 16
J N 7 1363 63 5 3457 576 0
K 0 0 43
K 0 69 110
K 0 0 59
K 0 -32 59
A D 4 16
J B 307 1424 1 82 6913 576 0
J R 7 1456 42 2 1 0 0
K 0 0 48
A D 4 16
J N 7 1511 21 5 3457 576 0
K 0 0 43
K 0 111 110
K 0 0 60
K 0 31 60
A D 4 16
J B 308 1572 1 82 6913 576 0
J R 7 1604 42 2 1 0 0
K 0 0 48
A D 4 16
J N 7 1659 63 5 3457 576 0
K 0 0 43
K 0 69 110
K 0 0 59
K 0 -32 59
A D 4 16
J B 309 1720 1 82 6913 576 0
J R 7 1752 42 2 1 0 0
K 0 0 48
A D 4 16
J N 7 1807 21 5 3457 576 0
K 0 0 43
K 0 111 110
K 0 0 60
K 0 31 60
A D 4 16
J B 310 1868 1 82 6913 576 0
J S 4 1952 31 9 13 576 0
K 0 0 62
K 0 5 62
K 184 11 92
K 154 11 92
K 124 11 92
K 94 11 92
K 64 11 92
K 34 11 92
K 4 11 92
K 0 11 92
K 214 0 62
K 214 5 62
K 107 11 74
K 76 11 72
J B 323 2250 1 82 6913 1 0
E *
B 1 301 0
B 1 449 0
B 1 597 0
B 1 745 0
B 1 893 0
B 1 1276 0
B 1 1424 0
B 1 1572 0
B 1 1720 0
B 1 1868 0
B 1 2250 0
S 0 100 420 2250 84 1 "(.)"
L 0 0 0 250 250 * 0 21 0
J C 4 7 63 2 6913 0 0
K 0 0 33
K 0 0 34
J K 0 85 0 0 6913 0 0
J D 0 -39 -21 1 6913 0 0
W 0 0 37 \03\02\03
J D 0 151 0 1 1 0 0
W 0 -25 32 Clarinets
J N 8 151 42 6 1 0 0
K 0 0 170
K 0 21 170
K 0 21 187
K 0 0 187
K 0 -11 187
A D 8 16
J R 9 193 105 2 1 10000 0
K 0 0 46
A D 8 16
J B 324 309 1 82 6913 1152 0
J N 8 341 31 6 1 0 2 137 138
K 0 0 170
K 0 21 170
K 0 21 187
K 0 0 187
K 0 -10 187
A D 8 16
J R 9 383 105 2 1 10000 0
K 0 0 46
A D 8 16
J B 325 499 1 82 6913 1152 0
J N 8 531 31 6 1 0 4 139 140 137 138
K 0 0 170
K 0 21 170
K 0 21 187
K 0 0 187
K 0 -10 187
A D 8 16
H 137 T 31 0 0 0 0 0 3 0
H 138 T 52 0 0 0 0 0 9 0
J R 9 573 105 2 1 10000 0
K 0 0 46
A D 8 16
J B 326 689 1 82 6913 1152 0
J N 8 721 31 6 1 0 4 141 142 139 140
K 0 0 170
K 0 21 170
K 0 21 187
K 0 0 187
K 0 -10 187
A D 8 16
H 139 T 31 0 0 0 0 0 3 0
H 140 T 52 0 0 0 0 0 9 0
J R 9 762 105 2 1 10000 0
K 0 0 46
A D 8 16
J B 327 878 1 82 6913 1152 0
J N 8 910 31 6 1 0 4 143 144 141 142
K 0 0 170
K 0 21 170
K 0 21 187
K 0 0 187
K 0 -10 187
A D 8 16
H 141 T 31 0 0 0 0 0 3 0
H 142 T 52 0 0 0 0 0 9 0
J R 9 951 105 2 1 10000 0
K 0 0 46
A D 8 16
J B 328 1067 1 82 6913 1152 0
J N 8 1099 31 6 1 0 2 143 144
K 0 0 170
K 0 21 170
K 0 21 187
K 0 0 187
K 0 -10 187
A D 8 16
H 143 T 31 0 0 0 0 0 3 0
H 144 T 52 0 0 0 0 0 9 0
J R 9 1140 105 2 1 10000 0
K 0 0 46
A D 8 16
J B 329 1256 1 82 6913 1152 0
J N 7 1288 31 4 1 0 0
K 0 0 171
K 0 0 187
K 0 -10 187
A D 4 16
J N 8 1288 52 4 1 0 0
K 0 0 170
K 0 0 188
K 0 11 188
A D 8 16
J R 9 1309 105 2 1 10000 0
K 0 0 46
A D 8 16
J N 7 1343 10 4 3457 576 0
K 0 0 171
K 0 0 187
K 0 -10 187
A D 4 16
J B 330 1404 1 82 6913 576 0
J D 0 1415 0 17 1 0 0
W 0 -42 44 H
K -18 -104 90
K -18 -30 90
K 12 -104 90
K 12 -30 90
K 42 -104 90
K 42 -30 90
K 48 -104 90
K 48 -30 90
K -18 -104 89
K 74 -104 89
K -18 -83 89
K 74 -83 89
K -18 -62 89
K 74 -62 89
K -18 -51 89
K 74 -51 89
J N 8 1436 21 6 1 0 1 145
K 0 0 42
K 0 111 110
K 30 111 110
K 0 0 60
K 0 31 60
A D 8 16
J B 331 1545 1 82 6913 1152 0
J N 8 1577 21 4 1 0 1 145
K 0 0 42
K 0 0 60
K 0 31 60
A D 8 16
H 145 T 21 0 0 0 0 0 5 0
J B 332 1686 1 82 6913 1152 0
J N 8 1718 -11 6 1 0 0
K 0 0 42
K 0 143 111
K 18 143 110
K 0 0 60
K 0 32 60
A D 8 16
J B 333 1827 1 82 6913 1152 0
J N 8 1859 21 6 1 0 0
K 0 0 42
K 0 111 111
K 18 111 110
K 0 0 60
K 0 31 60
A D 8 16
J B 334 1968 1 82 6913 1152 0
J N 8 2000 63 6 1 0 0
K 0 0 42
K 0 69 111
K 18 69 110
K 0 0 59
K 0 -32 59
A D 8 16
J B 335 2109 1 82 6913 1152 0
J N 8 2141 21 6 1 0 0
K 0 0 42
K 0 111 111
K 18 111 110
K 0 0 60
K 0 31 60
A D 8 16
J B 336 2250 1 82 6913 1152 0
E *
B 1 309 0
B 1 499 0
B 1 689 0
B 1 878 0
B 1 1067 0
B 1 1256 0
B 1 1404 0
B 1 1545 0
B 1 1686 0
B 1 1827 0
B 1 1968 0
B 1 2109 0
B 1 2250 0
S 0 100 700 2250 84 1 "(.)"
L 0 0 0 250 250 * 0 21 0
J C 4 7 63 2 6913 0 0
K 0 0 33
K 0 0 34
J K 0 85 0 0 6913 0 0
J D 0 -39 -21 1 6913 0 0
W 0 0 37 \03\03\06
J N 8 151 21 6 1 0 1 146
K 0 0 42
K 0 111 110
K 30 111 110
K 0 0 60
K 0 31 60
A D 8 16
J B 337 246 1 82 6913 1152 0
J N 8 278 21 4 1 0 1 146
K 0 0 42
K 0 0 60
K 0 31 60
A D 8 16
H 146 T 21 0 0 0 0 0 5 0
J B 338 373 1 82 6913 1152 0
J N 8 405 -11 6 1 0 0
K 0 0 42
K 0 143 111
K 18 143 110
K 0 0 60
K 0 32 60
A D 8 16
J B 339 500 1 82 6913 1152 0
J N 8 532 21 6 1 0 0
K 0 0 42
K 0 111 111
K 18 111 110
K 0 0 60
K 0 31 60
A D 8 16
J B 340 627 1 82 6913 1152 0
J N 8 659 -11 6 1 0 0
K 0 0 42
K 0 143 111
K 18 143 110
K 0 0 60
K 0 32 60
A D 8 16
J B 341 754 1 82 6913 1152 0
J N 8 786 -11 6 1 0 0
K 0 0 42
K 0 143 111
K 18 143 110
K 0 0 60
K 0 32 60
A D 8 16
J B 342 881 1 82 6913 1152 0
J N 8 913 21 7 1 0 0
K 0 0 42
K 0 121 111
K 18 121 110
K 0 0 60
K 0 34 60
K -26 63 125
A D 8 16
J B 343 1008 1 82 6913 1152 0
J N 8 1040 21 7 1 0 0
K 0 0 42
K 0 121 111
K 18 121 110
K 0 0 60
K 0 34 60
K -26 63 125
A D 8 16
J B 344 1134 1 82 6913 1152 0
J N 6 1166 63 2 1 0 1 147
K 0 0 43
A D 2 16
J N 6 1211 63 2 1729 288 1 147
K 0 0 43
A D 2 16
J N 6 1256 63 4 3457 288 1 147
K 0 0 43
K 0 69 111
K 18 69 110
A D 2 16
J N 6 1301 63 2 5185 288 1 147
K 0 0 43
A D 2 16
H 147 B 69 0 112 4 2 1 1 3
J B 345 1350 1 82 6913 288 0
J N 8 1382 63 5 1 0 0
K 0 0 42
K 0 0 59
K 0 -34 59
K 0 -63 125
A D 8 16
J B 346 1476 1 82 6913 1152 0
J N 6 1508 63 2 1 0 1 148
K 0 0 43
A D 2 16
J N 6 1553 63 2 1729 288 1 148
K 0 0 43
A D 2 16
J N 6 1598 63 4 3457 288 1 148
K 0 0 43
K 0 69 111
K 18 69 110
A D 2 16
J N 6 1643 63 2 5185 288 1 148
K 0 0 43
A D 2 16
H 148 B 69 0 112 4 2 1 1 3
J B 347 1692 1 82 6913 288 0
J N 8 1724 63 5 1 0 0
K 0 0 42
K 0 0 59
K 0 -34 59
K 0 -63 125
A D 8 16
J B 348 1818 1 82 6913 1152 0
J N 6 1850 63 2 1 0 1 149
K 0 0 43
A D 2 16
J N 6 1895 63 2 1729 288 1 149
K 0 0 43
A D 2 16
J N 6 1940 63 4 3457 288 1 149
K 0 0 43
K 0 69 111
K 18 69 110
A D 2 16
J N 6 1985 63 2 5185 288 1 149
K 0 0 43
A D 2 16
H 149 B 69 0 112 4 2 1 1 3
J B 349 2034 1 82 6913 288 0
J N 6 2066 63 2 1 0 1 150
K 0 0 43
A D 2 16
J N 6 2111 63 2 1729 288 1 150
K 0 0 43
A D 2 16
J N 6 2156 63 4 3457 288 1 150
K 0 0 43
K 0 69 111
K 18 69 110
A D 2 16
J N 6 2201 63 2 5185 288 1 150
K 0 0 43
A D 2 16
H 150 B 69 0 112 4 2 1 1 3
J B 350 2250 1 82 6913 288 0
E *
B 1 246 0
B 1 373 0
B 1 500 0
B 1 627 0
B 1 754 0
B 1 881 0
B 1 1008 0
B 1 1134 0
B 1 1350 0
B 1 1476 0
B 1 1692 0
B 1 1818 0
B 1 2034 0
B 1 2250 0
S 0 100 980 2250 84 1 "(.)"
L 0 0 0 250 250 * 0 21 0
J C 4 7 63 2 6913 0 0
K 0 0 33
K 0 0 34
J K 0 85 0 0 6913 0 0
J D 0 -39 -21 1 6913 0 0
W 0 0 37 \03\05\00
J N 6 151 63 2 1 0 1 151
K 0 0 43
A D 2 16
J N 6 193 63 2 1729 288 1 151
K 0 0 43
A D 2 16
J N 6 235 63 4 3457 288 1 151
K 0 0 43
K 0 69 111
K 18 69 110
A D 2 16
J N 6 277 63 2 5185 288 1 151
K 0 0 43
A D 2 16
H 151 B 69 0 112 4 2 1 1 3
J B 351 325 1 82 6913 288 0
J N 8 357 63 5 1 0 0
K 0 0 42
K 0 0 59
K 0 -34 59
K 0 -63 125
A D 8 16
J B 352 439 1 82 6913 1152 0
J N 6 471 63 2 1 0 1 152
K 0 0 43
A D 2 16
J N 5 513 63 2 1729 288 1 152
K 0 0 43
A D 1 16
J N 5 555 63 2 2593 144 1 152
K 0 0 43
A D 1 16
H 152 B 69 0 112 3 2 21 33
J N 6 597 63 3 3457 144 0
K 0 0 43
K 0 0 53
A D 2 16
J R 6 656 42 2 5185 288 0
K 0 0 49
A D 2 16
J B 353 704 1 82 6913 288 0
J R 9 805 42 46 1 10000 0
J B 354 948 1 82 6913 1152 0
J R 6 980 42 2 1 0 0
K 0 0 49
A D 2 16
J N 5 1022 63 2 1729 288 1 153
K 0 0 43
A D 1 16
J N 5 1064 63 2 2593 144 1 153
K 0 0 43
A D 1 16
H 153 B 69 0 112 2 22 33
J N 6 1106 63 3 3457 144 0
K 0 0 43
K 0 0 53
A D 2 16
J R 6 1165 42 2 5185 288 0
K 0 0 49
A D 2 16
J B 355 1213 1 82 6913 288 0
J R 9 1313 42 46 1 10000 0
J B 356 1455 1 82 6913 1152 0
J R 6 1487 42 2 1 0 0
K 0 0 49
A D 2 16
J N 5 1529 63 2 1729 288 1 154
K 0 0 43
A D 1 16
J N 5 1571 63 2 2593 144 1 154
K 0 0 43
A D 1 16
H 154 B 69 0 112 2 22 33
J N 6 1613 63 3 3457 144 0
K 0 0 43
K 0 0 53
A D 2 16
J R 6 1672 42 2 5185 288 0
K 0 0 49
A D 2 16
J B 357 1720 1 82 6913 288 0
J R 6 1752 42 2 1 0 0
K 0 0 49
A D 2 16
J N 5 1794 63 2 1729 288 1 155
K 0 0 43
A D 1 16
J N 5 1836 63 2 2593 144 1 155
K 0 0 43
A D 1 16
H 155 B 69 0 112 2 22 33
J N 6 1878 63 3 3457 144 0
K 0 0 43
K 0 0 53
A D 2 16
J R 6 1937 42 2 5185 288 0
K 0 0 49
A D 2 16
J B 358 1985 1 82 6913 288 0
J R 6 2017 42 2 1 0 0
K 0 0 49
A D 2 16
J N 5 2059 63 2 1729 288 1 156
K 0 0 43
A D 1 16
J N 5 2101 63 2 2593 144 1 156
K 0 0 43
A D 1 16
H 156 B 69 0 112 2 22 33
J N 6 2143 63 3 3457 144 0
K 0 0 43
K 0 0 53
A D 2 16
J R 6 2202 42 2 5185 288 0
K 0 0 49
A D 2 16
J B 359 2250 1 82 6913 288 0
E *
B 1 325 0
B 1 439 0
B 1 704 0
B 1 948 0
B 1 1213 0
B 1 1455 0
B 1 1720 0
B 1 1985 0
B 1 2250 0
S 0 100 1260 2250 84 1 "(.)"
L 0 0 0 250 250 * 0 21 0
J C 4 7 63 2 6913 0 0
K 0 0 33
K 0 0 34
J K 0 85 0 0 6913 0 0
J D 0 -39 -21 1 6913 0 0
W 0 0 37 \03\05\09
J R 6 151 42 2 1 0 0
K 0 0 49
A D 2 16
J N 5 193 63 2 1729 288 1 157
K 0 0 43
A D 1 16
J N 5 235 63 2 2593 144 1 157
K 0 0 43
A D 1 16
H 157 B 69 0 112 2 22 33
J N 6 277 63 3 3457 144 0
K 0 0 43
K 0 0 53
A D 2 16
J R 6 336 42 2 5185 288 0
K 0 0 49
A D 2 16
J B 360 384 1 82 6913 288 0
J D 0 395 0 15 1 0 0
W 0 -42 44 I
K -18 -104 90
K -18 -30 90
K 12 -104 90
K 12 -30 90
K 21 -104 90
K 21 -30 90
K -18 -104 89
K 47 -104 89
K -18 -83 89
K 47 -83 89
K -18 -62 89
K 47 -62 89
K -18 -51 89
K 47 -51 89
J N 6 416 10 3 1 0 0
K 0 0 43
K 0 0 54
A D 2 16
J R 6 458 42 2 1729 288 0
K 0 0 49
A D 2 16
J R 7 500 42 2 3457 288 0
K 0 0 48
A D 4 16
J B 361 561 1 82 6913 576 0
J N 8 593 10 4 1 0 1 158
K 0 0 42
K 0 0 60
K 0 32 60
A D 8 16
J B 362 675 1 82 6913 1152 0
J N 8 707 10 4 1 0 2 159 158
K 0 0 42
K 0 0 60
K 0 32 60
A D 8 16
H 158 T 10 0 0 0 0 0 1 0
J B 363 789 1 82 6913 1152 0
J N 8 821 10 4 1 0 2 160 159
K 0 0 42
K 0 0 60
K 0 32 60
A D 8 16
H 159 T 10 0 0 0 0 0 1 0
J B 364 903 1 82 6913 1152 0
J N 6 935 10 3 1 0 1 160
K 0 0 43
K 0 0 54
A D 2 16
H 160 T 10 0 0 0 0 0 1 0
J R 6 977 42 2 1729 288 0
K 0 0 49
A D 2 16
J R 7 1019 42 2 3457 288 0
K 0 0 48
A D 4 16
J B 365 1080 1 82 6913 576 0
J N 8 1112 10 4 1 0 1 161
K 0 0 42
K 0 0 60
K 0 32 60
A D 8 16
J B 366 1194 1 82 6913 1152 0
J N 8 1226 10 4 1 0 2 162 161
K 0 0 42
K 0 0 60
K 0 32 60
A D 8 16
H 161 T 10 0 0 0 0 0 1 0
J B 367 1308 1 82 6913 1152 0
J N 8 1340 10 4 1 0 2 163 162
K 0 0 42
K 0 0 60
K 0 32 60
A D 8 16
H 162 T 10 0 0 0 0 0 1 0
J B 368 1422 1 82 6913 1152 0
J N 6 1454 10 3 1 0 1 163
K 0 0 43
K 0 0 54
A D 2 16
H 163 T 10 0 0 0 0 0 1 0
J R 6 1496 42 2 1729 288 0
K 0 0 49
A D 2 16
J R 7 1538 42 2 3457 288 0
K 0 0 48
A D 4 16
J B 369 1599 1 82 6913 576 0
J S 4 1641 31 8 3 576 0
K 0 0 62
K 0 5 62
K 115 11 92
K 85 11 92
K 55 11 92
K 25 11 92
K 0 11 92
K 145 0 62
K 145 5 62
K 57 11 74
J B 372 1828 1 82 6913 1 0
J N 6 1860 63 4 1 0 0
K 0 0 43
K 0 69 110
K 0 0 53
A D 2 16
J R 6 1919 42 2 1729 288 0
K 0 0 49
A D 2 16
J R 7 1961 42 2 3457 288 0
K 0 0 48
A D 4 16
J B 373 2022 1 82 6913 576 0
J S 4 2064 31 8 2 576 0
K 0 0 62
K 0 5 62
K 114 11 92
K 84 11 92
K 54 11 92
K 24 11 92
K 0 11 92
K 144 0 62
K 144 5 62
K 57 11 73
J B 375 2250 1 82 6913 1 0
E *
B 1 384 0
B 1 561 0
B 1 675 0
B 1 789 0
B 1 903 0
B 1 1080 0
B 1 1194 0
B 1 1308 0
B 1 1422 0
B 1 1599 0
B 1 1828 0
B 1 2022 0
B 1 2250 0
S 0 100 1540 2250 84 1 "(.)"
L 0 0 0 250 250 * 0 21 0
J C 4 7 63 2 6913 0 0
K 0 0 33
K 0 0 34
J K 0 85 0 0 6913 0 0
J D 0 -39 -21 1 6913 0 0
W 0 0 37 \03\07\05
J N 6 151 63 5 1 0 0
K 0 0 43
K 0 69 111
K 18 69 110
K 0 0 53
A D 2 16
J R 6 210 42 2 1729 288 0
K 0 0 49
A D 2 16
J R 7 252 42 2 3457 288 0
K 0 0 48
A D 4 16
J B 376 313 1 82 6913 576 0
J R 9 397 42 46 1 10000 0
J B 377 523 1 82 6913 1152 0
J N 6 555 31 3 1 0 0
K 0 0 43
K 0 0 54
A D 2 16
J R 6 597 42 2 1729 288 0
K 0 0 49
A D 2 16
J R 7 639 42 2 3457 288 0
K 0 0 48
A D 4 16
J B 378 700 1 82 6913 576 0
J R 9 784 42 46 1 10000 0
J B 379 910 1 82 6913 1152 0
J N 6 942 31 4 1 0 0
K 0 0 43
K 0 107 110
K 0 0 54
A D 2 16
J R 6 984 42 2 1729 288 0
K 0 0 49
A D 2 16
J R 7 1026 42 2 3457 288 0
K 0 0 48
A D 4 16
J B 380 1087 1 82 6913 576 0
J R 9 1171 42 46 1 10000 0
J B 381 1297 1 82 6913 1152 0
J N 6 1329 31 4 1 0 0
K 0 0 43
K 0 107 110
K 0 0 54
A D 2 16
J R 6 1371 42 2 1729 288 0
K 0 0 49
A D 2 16
J R 7 1413 42 2 3457 288 0
K 0 0 48
A D 4 16
J B 382 1474 1 82 6913 576 0
J R 9 1558 42 46 1 10000 0
J B 383 1684 1 82 6913 1152 0
J N 6 1716 31 4 1 0 0
K 0 0 43
K 0 107 110
K 0 0 54
A D 2 16
J R 6 1758 42 2 1729 288 0
K 0 0 49
A D 2 16
J R 7 1800 42 2 3457 288 0
K 0 0 48
A D 4 16
J B 384 1861 1 82 6913 576 0
J R 9 1943 42 46 1 10000 0
J B 385 2067 1 82 6913 1152 0
J N 6 2105 42 5 1 0 0
K -23 0 65
K 0 0 43
K 0 102 110
K 0 0 54
A D 2 16
J R 6 2147 42 2 1729 288 0
K 0 0 49
A D 2 16
J R 7 2189 42 2 3457 288 0
K 0 0 48
A D 4 16
J B 386 2250 1 82 6913 576 0
E *
B 1 313 0
B 1 523 0
B 1 700 0
B 1 910 0
B 1 1087 0
B 1 1297 0
B 1 1474 0
B 1 1684 0
B 1 1861 0
B 1 2067 0
B 1 2250 0
S 0 100 1820 2250 84 1 "(.)"
L 0 0 0 250 250 * 0 21 0
J C 4 7 63 2 6913 0 0
K 0 0 33
K 0 0 34
J K 0 85 0 0 6913 0 0
J D 0 -39 -21 1 6913 0 0
W 0 0 37 \03\08\06
J R 9 189 42 46 1 10000 0
J B 387 301 1 82 6913 1152 0
J N 6 339 42 5 1 0 0
K -23 0 65
K 0 0 43
K 0 102 110
K 0 0 54
A D 2 16
J R 6 381 42 2 1729 288 0
K 0 0 49
A D 2 16
J R 7 423 42 2 3457 288 0
K 0 0 48
A D 4 16
J B 388 484 1 82 6913 576 0
J R 9 554 42 46 1 10000 0
J B 389 666 1 82 6913 1152 0
J N 6 698 63 4 1 0 0
K 0 0 43
K 0 69 110
K 0 0 53
A D 2 16
J R 6 757 42 2 1729 288 0
K 0 0 49
A D 2 16
J R 7 799 42 2 3457 288 0
K 0 0 48
A D 4 16
J B 390 860 1 82 6913 576 0
J S 4 902 31 8 5 576 0
K 0 0 62
K 0 5 62
K 182 11 92
K 152 11 92
K 122 11 92
K 92 11 92
K 62 11 92
K 32 11 92
K 2 11 92
K 0 11 92
K 212 0 62
K 212 5 62
K 91 11 76
J B 395 1156 1 82 6913 1 0
J N 6 1188 63 4 1 0 0
K 0 0 43
K 0 67 110
K 0 0 53
A D 2 16
J R 6 1247 42 2 1729 288 0
K 0 0 49
A D 2 16
J R 7 1289 42 2 3457 288 0
K 0 0 48
A D 4 16
J B 396 1350 1 82 6913 576 0
J R 9 1420 42 46 1 10000 0
J B 397 1532 1 82 6913 1152 0
J N 6 1564 21 3 1 0 0
K 0 0 43
K 0 0 54
A D 2 16
J R 6 1606 42 2 1729 288 0
K 0 0 49
A D 2 16
J R 7 1648 42 2 3457 288 0
K 0 0 48
A D 4 16
J B 398 1709 1 82 6913 576 0
J R 9 1779 42 46 1 10000 0
J B 399 1891 1 82 6913 1152 0
J N 6 1923 21 3 1 0 0
K 0 0 43
K 0 0 54
A D 2 16
J R 6 1965 42 2 1729 288 0
K 0 0 49
A D 2 16
J R 7 2007 42 2 3457 288 0
K 0 0 48
A D 4 16
J B 400 2068 1 82 6913 576 0
J R 9 2138 42 46 1 10000 0
J B 401 2250 1 82 6913 1152 0
E *
B 1 301 0
B 1 484 0
B 1 666 0
B 1 860 0
B 1 1156 0
B 1 1350 0
B 1 1532 0
B 1 1709 0
B 1 1891 0
B 1 2068 0
B 1 2250 0
S 0 100 2100 2250 84 1 "(.)"
L 0 0 0 250 250 * 0 21 0
J C 4 7 63 2 6913 0 0
K 0 0 33
K 0 0 34
J K 0 85 0 0 6913 0 0
J D 0 -39 -21 1 6913 0 0
W 0 0 37 \04\00\01
J N 6 151 21 4 1 0 0
K 0 0 43
K 0 111 110
K 0 0 54
A D 2 16
J R 6 193 42 2 1729 288 0
K 0 0 49
A D 2 16
J R 7 235 42 2 3457 288 0
K 0 0 48
A D 4 16
J B 402 296 1 82 6913 576 0
J R 9 382 42 46 1 10000 0
J B 403 510 1 82 6913 1152 0
J N 6 542 21 4 1 0 0
K 0 0 43
K 0 111 110
K 0 0 54
A D 2 16
J R 6 584 42 2 1729 288 0
K 0 0 49
A D 2 16
J R 7 626 42 2 3457 288 0
K 0 0 48
A D 4 16
J B 404 687 1 82 6913 576 0
J R 9 773 42 46 1 10000 0
J B 405 901 1 82 6913 1152 0
J N 6 933 21 4 1 0 0
K 0 0 43
K 0 111 110
K 0 0 54
A D 2 16
J R 6 975 42 2 1729 288 0
K 0 0 49
A D 2 16
J R 7 1017 42 2 3457 288 0
K 0 0 48
A D 4 16
J B 406 1078 1 82 6913 576 0
J R 9 1164 42 46 1 10000 0
J B 407 1292 1 82 6913 1152 0
J N 6 1324 21 4 1 0 0
K 0 0 43
K 0 111 110
K 0 0 54
A D 2 16
J R 6 1366 42 2 1729 288 0
K 0 0 49
A D 2 16
J R 7 1408 42 2 3457 288 0
K 0 0 48
A D 4 16
J B 408 1469 1 82 6913 576 0
J R 9 1555 42 46 1 10000 0
J B 409 1683 1 82 6913 1152 0
J N 6 1715 21 4 1 0 0
K 0 0 43
K 0 111 110
K 0 0 54
A D 2 16
J R 6 1757 42 2 1729 288 0
K 0 0 49
A D 2 16
J R 7 1799 42 2 3457 288 0
K 0 0 48
A D 4 16
J B 410 1860 1 82 6913 576 0
J R 9 1945 42 46 1 10000 0
J B 411 2073 1 82 6913 1152 0
J N 6 2105 21 4 1 0 0
K 0 0 43
K 0 111 110
K 0 0 54
A D 2 16
J R 6 2147 42 2 1729 288 0
K 0 0 49
A D 2 16
J R 7 2189 42 2 3457 288 0
K 0 0 48
A D 4 16
J B 412 2250 1 82 6913 576 0
E *
B 1 296 0
B 1 510 0
B 1 687 0
B 1 901 0
B 1 1078 0
B 1 1292 0
B 1 1469 0
B 1 1683 0
B 1 1860 0
B 1 2073 0
B 1 2250 0
S 0 100 2380 2250 84 1 "(.)"
L 0 0 0 250 250 * 0 21 0
J C 4 7 63 2 6913 0 0
K 0 0 33
K 0 0 34
J K 0 85 0 0 6913 0 0
J D 0 -39 -21 1 6913 0 0
W 0 0 37 \04\01\02
J R 9 239 42 46 1 10000 0
J B 413 402 1 82 6913 1152 0
J D 0 418 0 1 1 0 0
W 0 147 33 sempre pi\u8 !1|f
J N 8 434 21 4 1 0 1 164
K 0 0 42
K 0 0 60
K 0 31 60
A D 8 16
J B 414 516 1 82 6913 1152 0
J N 8 548 21 4 1 0 2 165 164
K 0 0 42
K 0 0 60
K 0 31 60
A D 8 16
H 164 T 21 0 0 0 0 0 5 0
J B 415 630 1 82 6913 1152 0
J N 8 662 21 4 1 0 1 165
K 0 0 42
K 0 0 60
K 0 31 60
A D 8 16
H 165 T 21 0 0 0 0 0 5 0
J B 416 744 1 82 6913 1152 0
J D 0 724 0 17 1 0 0
W 0 -42 44 K
K -18 -104 90
K -18 -30 90
K 12 -104 90
K 12 -30 90
K 42 -104 90
K 42 -30 90
K 47 -104 90
K 47 -30 90
K -18 -104 89
K 73 -104 89
K -18 -83 89
K 73 -83 89
K -18 -62 89
K 73 -62 89
K -18 -51 89
K 73 -51 89
J N 6 776 63 4 1 0 1 166
K 0 0 43
K 0 69 110
K 30 69 110
A D 2 16
J N 5 818 63 2 1729 288 1 166
K 0 0 43
A D 1 16
J N 5 860 63 2 2593 144 1 166
K 0 0 43
A D 1 16
H 166 B 69 0 112 3 2 21 33
J N 6 902 63 3 3457 144 0
K 0 0 43
K 0 0 53
A D 2 16
J R 6 961 42 2 5185 288 0
K 0 0 49
A D 2 16
J B 417 1009 1 82 6913 288 0
J R 6 1041 42 2 1 0 0
K 0 0 49
A D 2 16
J N 5 1083 63 2 1729 288 1 167
K 0 0 43
A D 1 16
J N 5 1125 63 2 2593 144 1 167
K 0 0 43
A D 1 16
H 167 B 69 0 112 2 22 33
J N 6 1167 63 3 3457 144 0
K 0 0 43
K 0 0 53
A D 2 16
J R 6 1226 42 2 5185 288 0
K 0 0 49
A D 2 16
J B 418 1274 1 82 6913 288 0
J R 6 1306 42 2 1 0 0
K 0 0 49
A D 2 16
J N 5 1348 21 2 1729 288 1 168
K 0 0 43
A D 1 16
J N 5 1390 21 2 2593 144 1 168
K 0 0 43
A D 1 16
H 168 B -69 0 112 2 22 33
J N 6 1432 21 3 3457 144 0
K 0 0 43
K 0 0 54
A D 2 16
J R 6 1474 42 2 5185 288 0
K 0 0 49
A D 2 16
J B 419 1522 1 82 6913 288 0
J R 6 1554 42 2 1 0 0
K 0 0 49
A D 2 16
J N 5 1596 21 2 1729 288 1 169
K 0 0 43
A D 1 16
J N 5 1638 21 2 2593 144 1 169
K 0 0 43
A D 1 16
H 169 B -69 0 112 2 22 33
J N 6 1680 21 3 3457 144 0
K 0 0 43
K 0 0 54
A D 2 16
J R 6 1722 42 2 5185 288 0
K 0 0 49
A D 2 16
J B 420 1770 1 82 6913 288 0
J N 6 1802 63 3 1 0 0
K 0 0 43
K 0 0 53
A D 2 16
J R 6 1861 42 2 1729 288 0
K 0 0 49
A D 2 16
J N 6 1903 63 3 3457 288 0
K 0 0 43
K 0 0 53
A D 2 16
J R 6 1962 42 2 5185 288 0
K 0 0 49
A D 2 16
J B 421 2010 1 82 6913 288 0
J N 6 2042 63 3 1 0 0
K 0 0 43
K 0 0 53
A D 2 16
J R 6 2101 42 2 1729 288 0
K 0 0 49
A D 2 16
J N 6 2143 63 3 3457 288 0
K 0 0 43
K 0 0 53
A D 2 16
J R 6 2202 42 2 5185 288 0
K 0 0 49
A D 2 16
J B 422 2250 1 82 6913 288 0
E *
B 1 402 0
B 1 516 0
B 1 630 0
B 1 744 0
B 1 1009 0
B 1 1274 0
B 1 1522 0
B 1 1770 0
B 1 2010 0
B 1 2250 0
S 0 100 2660 2250 84 1 "(.)"
L 0 0 0 250 250 * 0 21 0
J C 4 7 63 2 6913 0 0
K 0 0 33
K 0 0 34
J K 0 85 0 0 6913 0 0
J D 0 -39 -21 1 6913 0 0
W 0 0 37 \04\02\02
J N 6 151 21 3 1 0 0
K 0 0 43
K 0 0 54
A D 2 16
J R 6 205 42 2 1729 288 0
K 0 0 49
A D 2 16
J N 6 259 21 3 3457 288 0
K 0 0 43
K 0 0 54
A D 2 16
J R 6 313 42 2 5185 288 0
K 0 0 49
A D 2 16
J B 423 368 1 82 6913 288 0
J N 6 400 21 3 1 0 0
K 0 0 43
K 0 0 54
A D 2 16
J R 6 453 42 2 1729 288 0
K 0 0 49
A D 2 16
J N 6 506 21 3 3457 288 0
K 0 0 43
K 0 0 54
A D 2 16
J R 6 559 42 2 5185 288 0
K 0 0 49
A D 2 16
J B 424 614 1 82 6913 288 0
J N 6 646 63 2 1 0 1 170
K 0 0 43
A D 2 16
J N 5 699 63 2 1729 288 1 170
K 0 0 43
A D 1 16
J N 5 741 63 2 2593 144 1 170
K 0 0 43
A D 1 16
H 170 B 69 0 112 3 2 21 33
J N 6 783 63 3 3457 144 0
K 0 0 43
K 0 0 53
A D 2 16
J R 6 842 42 2 5185 288 0
K 0 0 49
A D 2 16
J B 425 897 1 82 6913 288 0
J R 6 929 42 2 1 0 0
K 0 0 49
A D 2 16
J N 5 982 63 2 1729 288 1 171
K 0 0 43
A D 1 16
J N 5 1024 63 2 2593 144 1 171
K 0 0 43
A D 1 16
H 171 B 69 0 112 2 22 33
J N 6 1066 63 3 3457 144 0
K 0 0 43
K 0 0 53
A D 2 16
J R 6 1125 42 2 5185 288 0
K 0 0 49
A D 2 16
J B 426 1180 1 82 6913 288 0
J R 6 1212 42 2 1 0 0
K 0 0 49
A D 2 16
J N 5 1265 21 2 1729 288 1 172
K 0 0 43
A D 1 16
J N 5 1307 21 2 2593 144 1 172
K 0 0 43
A D 1 16
H 172 B -69 0 112 2 22 33
J N 6 1349 21 3 3457 144 0
K 0 0 43
K 0 0 54
A D 2 16
J R 6 1402 42 2 5185 288 0
K 0 0 49
A D 2 16
J B 427 1457 1 82 6913 288 0
J R 6 1489 42 2 1 0 0
K 0 0 49
A D 2 16
J N 5 1542 21 2 1729 288 1 173
K 0 0 43
A D 1 16
J N 5 1584 21 2 2593 144 1 173
K 0 0 43
A D 1 16
H 173 B -69 0 112 2 22 33
J N 6 1626 21 3 3457 144 0
K 0 0 43
K 0 0 54
A D 2 16
J R 6 1679 42 2 5185 288 0
K 0 0 49
A D 2 16
J B 428 1734 1 82 6913 288 0
J N 6 1766 63 3 1 0 0
K 0 0 43
K 0 0 53
A D 2 16
J R 6 1825 42 2 1729 288 0
K 0 0 49
A D 2 16
J N 6 1878 63 3 3457 288 0
K 0 0 43
K 0 0 53
A D 2 16
J R 6 1937 42 2 5185 288 0
K 0 0 49
A D 2 16
J B 429 1992 1 82 6913 288 0
J N 6 2024 63 3 1 0 0
K 0 0 43
K 0 0 53
A D 2 16
J R 6 2083 42 2 1729 288 0
K 0 0 49
A D 2 16
J N 6 2136 63 3 3457 288 0
K 0 0 43
K 0 0 53
A D 2 16
J R 6 2195 42 2 5185 288 0
K 0 0 49
A D 2 16
J B 430 2250 1 82 6913 288 0
E *
B 1 368 0
B 1 614 0
B 1 897 0
B 1 1180 0
B 1 1457 0
B 1 1734 0
B 1 1992 0
B 1 2250 0
