S 0 200 140 2050 84 1 "(.)"
L 0 0 -80 369 369 * 0 21 0
J C 4 7 63 2 6913 0 0
K 0 0 33
K 0 0 34
J K -1 85 0 1 6913 0 0
K 0 42 65
J D 0 -39 -21 1 6913 0 0
W 0 0 37 \06\06\08
J S 4 188 31 8 6 576 0
K 0 0 62
K 0 5 62
K 178 11 92
K 148 11 92
K 118 11 92
K 88 11 92
K 58 11 92
K 28 11 92
K 0 11 92
K 208 0 62
K 208 5 62
K 89 9 77
J B 674 480 1 82 6913 1 0
J N 7 512 -63 11 1 0 0
K 0 42 45
K 0 21 45
K 0 0 45
K 0 0 43
K -1 0 45
K 6 0 45
K 0 195 110
K 0 0 60
K 0 42 60
K 0 63 60
A D 2 8 0
A P 1 255 0
J N 7 555 -42 8 2305 576 0
K 0 21 45
K 0 0 45
K 0 0 43
K -1 0 45
K 6 0 45
K 0 0 60
K 0 42 60
A D 2 8 0
A P 1 243 0
J N 7 598 -74 10 4609 576 0
K 0 53 45
K 0 32 45
K 0 11 45
K 0 0 43
K 0 11 45
K 2 11 45
K 0 0 60
K 0 42 60
K 0 74 60
A D 2 8 0
A P 1 260 0
J B 675 647 1 82 6913 576 0
J N 7 679 -53 10 1 0 0
K 0 32 45
K 0 11 45
K 0 0 43
K 0 11 45
K 2 11 45
K 0 185 110
K 0 0 60
K 0 42 60
K 0 53 60
A D 2 8 0
A P 1 249 0
J N 7 741 -32 8 2305 576 0
K 0 11 45
K -22 0 64
K 0 0 43
K 0 11 45
K 2 11 45
K 0 0 60
K 0 32 60
A D 2 8 0
A P 1 238 0
J N 7 784 -63 10 4609 576 0
K 0 42 45
K 0 21 45
K 0 0 45
K 0 0 43
K -1 0 45
K 6 0 45
K 0 0 60
K 0 42 60
K 0 63 60
A D 2 8 0
A P 1 255 0
J B 676 833 1 82 6913 576 0
J N 7 865 -42 8 1 0 0
K 0 21 45
K 0 0 45
K 0 0 43
K -1 0 45
K 6 0 45
K 0 0 60
K 0 42 60
A D 2 8 0
A P 1 243 0
J R 7 908 42 2 2305 576 0
K 0 0 48
A D 2 8 1
A P 1 0 1
J R 7 951 42 2 4609 576 0
K 0 0 48
A D 2 8 0
A P 1 0 0
J B 677 1000 1 82 6913 576 0
J R 9 1070 42 46 1 10000 0
J B 678 1182 1 82 6913 1728 0
J N 7 1214 -63 11 1 0 0
K 0 42 45
K 0 21 45
K 0 0 45
K 0 0 43
K -1 0 45
K 6 0 45
K 0 195 110
K 0 0 60
K 0 42 60
K 0 63 60
A D 2 8 0
A P 1 255 0
J N 7 1257 -42 8 2305 576 0
K 0 21 45
K 0 0 45
K 0 0 43
K -1 0 45
K 6 0 45
K 0 0 60
K 0 42 60
A D 2 8 0
A P 1 243 0
J N 7 1300 -74 10 4609 576 0
K 0 53 45
K 0 32 45
K 0 11 45
K 0 0 43
K 0 11 45
K 2 11 45
K 0 0 60
K 0 42 60
K 0 74 60
A D 2 8 0
A P 1 260 0
J B 679 1349 1 82 6913 576 0
J N 7 1381 -53 10 1 0 0
K 0 32 45
K 0 11 45
K 0 0 43
K 0 11 45
K 2 11 45
K 0 185 110
K 0 0 60
K 0 42 60
K 0 53 60
A D 2 8 0
A P 1 249 0
J N 7 1443 -32 8 2305 576 0
K 0 11 45
K -22 0 64
K 0 0 43
K 0 11 45
K 2 11 45
K 0 0 60
K 0 32 60
A D 2 8 0
A P 1 238 0
J N 7 1486 -63 10 4609 576 0
K 0 42 45
K 0 21 45
K 0 0 45
K 0 0 43
K -1 0 45
K 6 0 45
K 0 0 60
K 0 42 60
K 0 63 60
A D 2 8 0
A P 1 255 0
J B 680 1535 1 82 6913 576 0
J N 7 1567 -42 10 1 0 0
K 0 21 45
K 0 0 45
K 0 0 43
K -1 0 45
K 6 0 45
K 36 -9 44
K 0 174 110
K 0 0 60
K 0 42 60
A D 3 8 0
A P 1 243 0
J N 6 1620 31 3 3457 864 0
K 0 0 43
K 0 0 54
A D 1 8 0
A P 1 203 0
J N 7 1660 31 4 4609 288 0
K 0 0 43
K 0 0 60
K 0 32 60
A D 2 8 0
A P 1 203 0
J B 681 1709 1 82 6913 576 0
J N 7 1741 63 5 1 0 0
K 0 0 43
K 0 69 110
K 0 0 59
K 0 -32 59
A D 2 8 0
A P 1 186 0
J R 7 1784 42 2 2305 576 0
K 0 0 48
A D 2 8 1
A P 1 0 1
J R 7 1827 42 2 4609 576 0
K 0 0 48
A D 2 8 0
A P 1 0 0
J B 682 1876 1 82 6913 576 0
J N 7 1908 -42 10 1 0 0
K 0 21 45
K 0 0 45
K 0 0 43
K -1 0 45
K 6 0 45
K 36 -9 44
K 0 174 110
K 0 0 60
K 0 42 60
A D 3 8 0
A P 1 243 0
J N 6 1961 31 3 3457 864 0
K 0 0 43
K 0 0 54
A D 1 8 0
A P 1 203 0
J N 7 2001 31 4 4609 288 0
K 0 0 43
K 0 0 60
K 0 32 60
A D 2 8 0
A P 1 203 0
J B 683 2050 1 82 6913 576 0
E *
B 1 480 0
B 1 647 0
B 1 833 0
B 1 1000 0
B 1 1182 0
B 1 1349 0
B 1 1535 0
B 1 1709 0
B 1 1876 0
B 1 2050 0
S 0 200 455 2050 84 1 "(.)"
L 0 0 -80 369 369 * 0 21 0
J C 4 7 63 2 6913 0 0
K 0 0 33
K 0 0 34
J K -1 85 0 1 6913 0 0
K 0 42 65
J D 0 -39 -21 1 6913 0 0
W 0 0 37 \06\08\03
J N 7 170 63 5 1 0 0
K 0 0 43
K 0 69 110
K 0 0 59
K 0 -32 59
A D 2 8 0
A P 1 186 0
J R 7 213 42 2 2305 576 0
K 0 0 48
A D 2 8 1
A P 1 0 1
J R 7 256 42 2 4609 576 0
K 0 0 48
A D 2 8 0
A P 1 0 0
J B 684 305 1 82 6913 576 0
J N 7 337 0 6 1 0 1 116
K 0 0 43
K -8 126 108
K 26 126 108
K 0 0 60
K 0 31 60
A D 2 8 0
A P 1 220 0
J N 7 380 10 4 2305 576 0
K 0 0 43
K 0 0 60
K 0 32 60
A D 2 8 0
A P 1 215 0
J N 7 423 21 4 4609 576 0
K 0 0 43
K 0 0 60
K 0 31 60
A D 2 8 0
A P 1 209 0
J B 685 472 1 82 6913 576 0
J N 7 504 31 4 1 0 0
K 0 0 43
K 0 0 60
K 0 32 60
A D 2 8 0
A P 1 203 0
J N 7 566 42 5 2305 576 0
K -22 0 64
K 0 0 43
K 0 0 60
K 0 31 60
A D 2 8 0
A P 1 198 0
J N 7 609 52 4 4609 576 0
K 0 0 43
K 0 0 59
K 0 -31 59
A D 2 8 0
A P 1 192 0
J B 686 658 1 82 6913 576 0
J N 7 690 63 4 1 0 0
K 0 0 43
K 0 0 59
K 0 -32 59
A D 2 8 0
A P 1 186 0
J N 7 733 52 4 2305 576 0
K 0 0 43
K 0 0 59
K 0 -31 59
A D 2 8 0
A P 1 192 0
J N 7 776 63 4 4609 576 0
K 0 0 43
K 0 0 59
K 0 -32 59
A D 2 8 0
A P 1 186 0
J B 687 825 1 82 6913 576 0
J N 7 857 73 4 1 0 0
K 0 0 43
K 0 0 59
K 0 -31 59
A D 2 8 0
A P 1 180 0
J N 7 900 84 4 2305 576 0
K 0 0 43
K 0 0 59
K 0 -32 59
A D 2 8 0
A P 1 175 0
J N 6 943 94 2 4609 576 1 117
K 0 0 43
A D 1 8 0
A P 1 169 0
J N 6 1005 42 3 5761 288 2 117 116
K -22 0 64
K 0 0 43
A D 1 8 0
A P 1 198 0
H 117 B 115 -4 112 2 2 3
H 116 S 0 0 0 9 -61 0 0 0 0
J B 688 1044 1 82 6913 288 0
J D 0 1053 0 1 1 0 0
W 0 161 33 sempre !1|pp
J N 7 1076 31 5 1 0 0
K 0 0 43
K 38 0 44
K 0 0 60
K 0 32 60
A D 3 8 0
A P 1 203 0
J N 6 1129 105 6 3457 864 0
K 1 0 45
K 0 0 43
K -1 0 45
K 6 0 45
K 0 0 53
A D 1 8 0
A P 1 163 0
J N 7 1186 105 7 4609 288 0
K 1 0 45
K 0 0 43
K -1 0 45
K 6 0 45
K 0 0 59
K 0 -32 59
A D 2 8 0
A P 1 163 0
J B 689 1235 1 82 6913 576 0
J N 7 1267 105 7 1 0 0
K 1 0 45
K 0 0 43
K -1 0 45
K 6 0 45
K 0 0 59
K 0 -32 59
A D 2 8 0
A P 1 163 0
J R 7 1310 42 2 2305 576 0
K 0 0 48
A D 2 8 1
A P 1 0 1
J R 7 1353 42 2 4609 576 0
K 0 0 48
A D 2 8 0
A P 1 0 0
J B 690 1402 1 82 6913 576 0
J N 7 1434 31 5 1 0 0
K 0 0 43
K 38 0 44
K 0 0 60
K 0 32 60
A D 3 8 0
A P 1 203 0
J N 6 1487 105 6 3457 864 0
K 1 0 45
K 0 0 43
K -1 0 45
K 6 0 45
K 0 0 53
A D 1 8 0
A P 1 163 0
J N 7 1544 105 7 4609 288 0
K 1 0 45
K 0 0 43
K -1 0 45
K 6 0 45
K 0 0 59
K 0 -32 59
A D 2 8 0
A P 1 163 0
J B 691 1593 1 82 6913 576 0
J N 7 1625 94 4 1 0 0
K 0 0 43
K 0 0 59
K 0 -31 59
A D 2 8 0
A P 1 169 0
J R 7 1668 42 2 2305 576 0
K 0 0 48
A D 2 8 1
A P 1 0 1
J R 7 1711 42 2 4609 576 0
K 0 0 48
A D 2 8 0
A P 1 0 0
J B 692 1760 1 82 6913 576 0
J S 4 1802 31 8 3 576 0
K 0 0 62
K 0 5 62
K 176 11 92
K 146 11 92
K 116 11 92
K 86 11 92
K 56 11 92
K 26 11 92
K 0 11 92
K 206 0 62
K 206 5 62
K 88 9 74
J B 695 2050 1 82 6913 1 0
E *
B 1 305 0
B 1 472 0
B 1 658 0
B 1 825 0
B 1 1044 0
B 1 1235 0
B 1 1402 0
B 1 1593 0
B 1 1760 0
B 1 2050 0
S 0 200 770 2050 84 1 "(.)"
L 0 0 -80 369 369 * 0 21 0
J C 4 7 63 2 6913 0 0
K 0 0 33
K 0 0 34
J K -1 85 0 1 6913 0 0
K 0 42 65
J D 0 -39 -21 1 6913 0 0
W 0 0 37 \06\09\05
J R 9 229 42 2 1 10000 0
K 0 0 46
A D 6 8 0
A P 1 0 0
J B 696 362 6 4 6913 1728 0
K -35 31 44
K -35 52 44
K -20 0 82
K -9 0 84
J D 0 371 0 1 1 0 0
W 0 153 33 sempre !1|pp
J N 7 394 21 5 1 0 0
K 0 0 43
K 36 -9 44
K 0 0 60
K 0 31 60
A D 3 8 0
A P 1 209 0
J N 6 447 94 3 3457 864 0
K 0 0 43
K 0 0 53
A D 1 8 0
A P 1 169 0
J N 7 504 94 4 4609 288 0
K 0 0 43
K 0 0 59
K 0 -31 59
A D 2 8 0
A P 1 169 0
J B 697 553 1 82 6913 576 0
J N 7 585 94 4 1 0 0
K 0 0 43
K 0 0 59
K 0 -31 59
A D 2 8 0
A P 1 169 0
J R 7 628 42 2 2305 576 0
K 0 0 48
A D 2 8 1
A P 1 0 1
J R 7 671 42 2 4609 576 0
K 0 0 48
A D 2 8 0
A P 1 0 0
J B 698 720 1 82 6913 576 0
J N 7 752 21 5 1 0 0
K 0 0 43
K 36 -9 44
K 0 0 60
K 0 31 60
A D 3 8 0
A P 1 209 0
J N 6 805 94 3 3457 864 0
K 0 0 43
K 0 0 53
A D 1 8 0
A P 1 169 0
J N 7 862 94 4 4609 288 0
K 0 0 43
K 0 0 59
K 0 -31 59
A D 2 8 0
A P 1 169 0
J B 699 911 1 82 6913 576 0
J N 7 949 84 5 1 0 0
K -23 0 65
K 0 0 43
K 0 0 59
K 0 -32 59
A D 2 8 0
A P 1 174 0
J R 7 992 42 2 2305 576 0
K 0 0 48
A D 2 8 1
A P 1 0 1
J R 7 1035 42 2 4609 576 0
K 0 0 48
A D 2 8 0
A P 1 0 0
J B 700 1084 1 82 6913 576 0
J S 4 1126 31 8 4 576 0
K 0 0 62
K 0 5 62
K 124 11 92
K 94 11 92
K 64 11 92
K 34 11 92
K 4 11 92
K 0 11 92
K 154 0 62
K 154 5 62
K 62 9 75
J B 704 1322 1 82 6913 1 0
J D 0 1354 0 1 1 0 1 118
W 0 144 36 cresc.
J N 7 1354 10 6 1 0 0
K -23 0 65
K 0 0 43
K 38 0 44
K 0 0 60
K 0 32 60
A D 3 8 0
A P 1 214 0
J N 6 1407 84 4 3457 864 0
K -23 0 65
K 0 0 43
K 0 0 53
A D 1 8 0
A P 1 174 0
J N 7 1464 84 4 4609 288 0
K 0 0 43
K 0 0 59
K 0 -32 59
A D 2 8 0
A P 1 174 0
J B 705 1513 1 82 6913 576 0
J N 7 1551 84 5 1 0 0
K -23 0 65
K 0 0 43
K 0 0 59
K 0 -32 59
A D 2 8 0
A P 1 174 0
J R 7 1594 42 2 2305 576 0
K 0 0 48
A D 2 8 1
A P 1 0 1
J R 7 1637 42 2 4609 576 0
K 0 0 48
A D 2 8 0
A P 1 0 0
J B 706 1686 1 82 6913 576 0
J N 7 1724 10 6 1 0 0
K -23 0 65
K 0 0 43
K 38 0 44
K 0 0 60
K 0 32 60
A D 3 8 0
A P 1 214 0
J N 6 1777 84 4 3457 864 0
K -23 0 65
K 0 0 43
K 0 0 53
A D 1 8 0
A P 1 174 0
J N 7 1834 84 4 4609 288 0
K 0 0 43
K 0 0 59
K 0 -32 59
A D 2 8 0
A P 1 174 0
J B 707 1883 1 82 6913 576 0
J N 7 1915 73 4 1 0 0
K 0 0 43
K 0 0 59
K 0 -31 59
A D 2 8 0
A P 1 180 0
J R 7 1958 42 2 2305 576 0
K 0 0 48
A D 2 8 1
A P 1 0 1
J R 7 2001 42 2 4609 576 0
K 0 0 48
A D 2 8 0
A P 1 0 0
J B 708 2050 1 82 6913 576 0
J M 0 2050 0 0 6913 0 1 118
H 118 D 147 0 144 0 31
E *
B 6 362 0
B 1 553 0
B 1 720 0
B 1 911 0
B 1 1084 0
B 1 1322 0
B 1 1513 0
B 1 1686 0
B 1 1883 0
B 1 2050 0
S 0 200 1085 2050 84 1 "(.)"
L 0 0 -80 369 369 * 0 21 0
J C 4 7 63 2 6913 0 0
K 0 0 33
K 0 0 34
J K -1 85 0 1 6913 0 0
K 0 42 65
J D 0 -39 -21 1 6913 0 0
W 0 0 37 \07\00\08
J N 7 170 0 5 1 0 0
K 0 0 43
K 36 -9 44
K 0 0 60
K 0 31 60
A D 3 8 0
A P 1 220 0
J N 6 223 73 3 3457 864 0
K 0 0 43
K 0 0 53
A D 1 8 0
A P 1 180 0
J N 7 280 73 4 4609 288 0
K 0 0 43
K 0 0 59
K 0 -31 59
A D 2 8 0
A P 1 180 0
J B 709 329 1 82 6913 576 0
J N 7 361 73 4 1 0 0
K 0 0 43
K 0 0 59
K 0 -31 59
A D 2 8 0
A P 1 180 0
J R 7 404 42 2 2305 576 0
K 0 0 48
A D 2 8 1
A P 1 0 1
J R 7 447 42 2 4609 576 0
K 0 0 48
A D 2 8 0
A P 1 0 0
J B 710 496 1 82 6913 576 0
J N 7 534 -11 6 1 0 0
K -23 0 65
K 0 0 43
K 38 0 44
K 0 0 60
K 0 32 60
A D 3 8 0
A P 1 225 0
J N 6 587 63 4 3457 864 0
K -23 0 65
K 0 0 43
K 0 0 53
A D 1 8 0
A P 1 185 0
J N 7 644 63 4 4609 288 0
K 0 0 43
K 0 0 59
K 0 -32 59
A D 2 8 0
A P 1 185 0
J B 711 693 1 82 6913 576 0
J N 7 731 63 5 1 0 0
K -23 0 65
K 0 0 43
K 0 0 59
K 0 -32 59
A D 2 8 0
A P 1 185 0
J R 7 774 42 2 2305 576 0
K 0 0 48
A D 2 8 1
A P 1 0 1
J R 7 817 42 2 4609 576 0
K 0 0 48
A D 2 8 0
A P 1 0 0
J B 712 866 1 82 6913 576 0
J N 7 904 -11 6 1 0 0
K -23 0 65
K 0 0 43
K 38 0 44
K 0 0 60
K 0 32 60
A D 3 8 0
A P 1 225 0
J N 6 957 63 4 3457 864 0
K -23 0 65
K 0 0 43
K 0 0 53
A D 1 8 0
A P 1 185 0
J N 7 1014 63 4 4609 288 0
K 0 0 43
K 0 0 59
K 0 -32 59
A D 2 8 0
A P 1 185 0
J B 713 1063 1 82 6913 576 0
J N 7 1101 52 5 1 0 0
K -23 0 65
K 0 0 43
K 0 0 59
K 0 -31 59
A D 2 8 0
A P 1 191 0
J R 7 1144 42 2 2305 576 0
K 0 0 48
A D 2 8 1
A P 1 0 1
J R 7 1187 42 2 4609 576 0
K 0 0 48
A D 2 8 0
A P 1 0 0
J B 714 1236 1 82 6913 576 0
J N 7 1276 -11 6 1 0 0
K -25 0 63
K 0 0 43
K 38 0 44
K 0 0 60
K 0 32 60
A D 3 8 0
A P 1 227 0
J N 6 1329 63 4 3457 864 0
K -25 0 63
K 0 0 43
K 0 0 53
A D 1 8 0
A P 1 187 0
J N 7 1386 63 4 4609 288 0
K 0 0 43
K 0 0 59
K 0 -32 59
A D 2 8 0
A P 1 187 0
J B 715 1435 1 82 6913 576 0
J N 7 1475 63 5 1 0 0
K -25 0 63
K 0 0 43
K 0 0 59
K 0 -32 59
A D 2 8 0
A P 1 187 0
J R 7 1518 42 2 2305 576 0
K 0 0 48
A D 2 8 1
A P 1 0 1
J R 7 1561 42 2 4609 576 0
K 0 0 48
A D 2 8 0
A P 1 0 0
J M 0 1604 0 0 6913 576 1 118
J M 0 169 0 0 6913 0 1 118
H 118 D 0 0 144 0 31
J B 716 1610 1 82 6913 0 0
J N 7 1647 -21 10 1 0 0
K 0 0 45
K -22 0 64
K 0 0 43
K -1 0 45
K 6 0 45
K 36 -9 44
K 0 165 110
K 0 0 60
K 0 31 60
A D 3 8 0
A P 1 232 0
J N 6 1700 52 3 3457 864 0
K 0 0 43
K 0 0 53
A D 1 8 0
A P 1 192 0
J N 7 1757 52 4 4609 288 0
K 0 0 43
K 0 0 59
K 0 -31 59
A D 2 8 0
A P 1 192 0
J B 717 1806 1 82 6913 576 0
J R 9 1907 42 46 1 10000 0
J B 718 2050 1 82 6913 1728 0
E *
B 1 329 0
B 1 496 0
B 1 693 0
B 1 866 0
B 1 1063 0
B 1 1236 0
B 1 1435 0
B 1 1610 0
B 1 1806 0
B 1 2050 0
S 0 200 1400 2050 84 1 "(.)"
L 0 0 -80 369 369 * 0 21 0
J C 4 7 63 2 6913 0 0
K 0 0 33
K 0 0 34
J K -1 85 0 1 6913 0 0
K 0 42 65
J D 0 -39 -21 1 6913 0 0
W 0 0 37 \07\01\08
J N 7 174 -21 11 1 0 0
K 0 0 45
K -25 0 63
K 0 0 43
K -1 0 45
K 6 0 45
K 36 -9 44
K -8 153 110
K 17 153 110
K 0 0 60
K 0 31 60
A D 3 8 0
A P 1 233 0
J N 6 227 52 4 3457 864 0
K -25 0 63
K 0 0 43
K 0 0 53
A D 1 8 0
A P 1 193 0
J N 7 284 52 4 4609 288 0
K 0 0 43
K 0 0 59
K 0 -31 59
A D 2 8 0
A P 1 193 0
J B 719 333 1 82 6913 576 0
J R 9 410 42 46 1 10000 0
J B 720 529 1 82 6913 1728 0
J N 7 562 -32 11 1 0 0
K 0 11 45
K -22 0 64
K 0 0 43
K 0 11 45
K 2 11 45
K 38 0 44
K -25 164 110
K 0 164 110
K 0 0 60
K 0 32 60
A D 3 8 0
A P 1 238 0
J N 6 615 42 4 3457 864 0
K -22 0 64
K 0 0 43
K 0 0 54
A D 1 8 0
A P 1 198 0
J N 7 655 42 4 4609 288 0
K 0 0 43
K 0 0 60
K 0 31 60
A D 2 8 0
A P 1 198 0
J B 721 704 1 82 6913 576 0
J R 9 791 42 3 1 10000 0
K 0 0 46
K 0 -52 101
A D 6 8 0
A P 1 0 0
J B 722 920 5 2 6913 1728 0
K -13 0 82
K 0 0 82
J K 1 952 0 2 6913 0 0
K 0 42 64
K 19 0 63
J D 5 1030 -80 1 1 0 0
W 0 0 40 Ritmo di tre battute
J R 9 1032 42 2 1 10000 0
K 0 0 46
A D 6 8 0
A P 1 0 0
J B 723 1187 1 82 6913 1728 0
J D 0 1219 0 1 1 0 0
W 0 -29 32 pizz.
J N 7 1219 84 5 1 0 0
K 0 0 43
K 0 46 108
K 0 0 59
K 0 -32 59
A D 2 8 0
A P 1 175 0
J R 7 1262 42 2 2305 576 0
K 0 0 48
A D 2 8 1
A P 1 0 1
J R 7 1305 42 2 4609 576 0
K 0 0 48
A D 2 8 0
A P 1 0 0
J B 724 1354 1 82 6913 576 0
J N 7 1386 115 7 1 0 0
K 1 -10 45
K 0 0 43
K 0 -10 45
K 2 -10 45
K 0 0 59
K 0 -31 59
A D 2 8 0
A P 1 158 0
J R 7 1429 42 2 2305 576 0
K 0 0 48
A D 2 8 1
A P 1 0 1
J R 7 1472 42 2 4609 576 0
K 0 0 48
A D 2 8 0
A P 1 0 0
J B 725 1521 1 82 6913 576 0
J R 9 1597 42 46 1 10000 0
J B 726 1716 1 82 6913 1728 0
J N 7 1748 84 4 1 0 0
K 0 0 43
K 0 0 59
K 0 -32 59
A D 2 8 0
A P 1 175 0
J R 7 1791 42 2 2305 576 0
K 0 0 48
A D 2 8 1
A P 1 0 1
J R 7 1834 42 2 4609 576 0
K 0 0 48
A D 2 8 0
A P 1 0 0
J B 727 1883 1 82 6913 576 0
J N 7 1915 115 7 1 0 0
K 1 -10 45
K 0 0 43
K 0 -10 45
K 2 -10 45
K 0 0 59
K 0 -31 59
A D 2 8 0
A P 1 158 0
J R 7 1958 42 2 2305 576 0
K 0 0 48
A D 2 8 1
A P 1 0 1
J R 7 2001 42 2 4609 576 0
K 0 0 48
A D 2 8 0
A P 1 0 0
J B 728 2050 1 82 6913 576 0
E *
B 1 333 0
B 1 529 0
B 1 704 0
B 5 920 0
B 1 1187 0
B 1 1354 0
B 1 1521 0
B 1 1716 0
B 1 1883 0
B 1 2050 0
S 0 200 1715 2050 84 1 "(.)"
L 0 0 -80 371 371 * 0 21 0
J C 4 7 63 2 6913 0 0
K 0 0 33
K 0 0 34
J K 1 85 0 1 6913 0 0
K 0 0 63
J D 0 -39 -21 1 6913 0 0
W 0 0 37 \07\02\08
J R 9 233 42 46 1 10000 0
J B 729 368 1 82 6913 1728 0
J N 7 400 84 4 1 0 0
K 0 0 43
K 0 0 59
K 0 -32 59
A D 2 8 0
A P 1 175 0
J R 7 443 42 2 2305 576 0
K 0 0 48
A D 2 8 1
A P 1 0 1
J R 7 486 42 2 4609 576 0
K 0 0 48
A D 2 8 0
A P 1 0 0
J B 730 535 1 82 6913 576 0
J N 7 567 115 7 1 0 0
K 1 -10 45
K 0 0 43
K 0 -10 45
K 2 -10 45
K 0 0 59
K 0 -31 59
A D 2 8 0
A P 1 158 0
J R 7 610 42 2 2305 576 0
K 0 0 48
A D 2 8 1
A P 1 0 1
J R 7 653 42 2 4609 576 0
K 0 0 48
A D 2 8 0
A P 1 0 0
J B 731 702 1 82 6913 576 0
J R 9 795 42 46 1 10000 0
J B 732 930 1 82 6913 1728 0
J N 7 962 10 4 1 0 0
K 0 0 43
K 0 0 60
K 0 32 60
A D 2 8 0
A P 1 215 0
J R 7 1005 42 2 2305 576 0
K 0 0 48
A D 2 8 1
A P 1 0 1
J R 7 1048 42 2 4609 576 0
K 0 0 48
A D 2 8 0
A P 1 0 0
J B 733 1097 1 82 6913 576 0
J N 7 1129 84 4 1 0 0
K 0 0 43
K 0 0 59
K 0 -32 59
A D 2 8 0
A P 1 175 0
J R 7 1172 42 2 2305 576 0
K 0 0 48
A D 2 8 1
A P 1 0 1
J R 7 1215 42 2 4609 576 0
K 0 0 48
A D 2 8 0
A P 1 0 0
J B 734 1264 1 82 6913 576 0
J R 9 1357 42 46 1 10000 0
J B 735 1492 1 82 6913 1728 0
J N 7 1524 52 4 1 0 0
K 0 0 43
K 0 0 59
K 0 -31 59
A D 2 8 0
A P 1 192 0
J R 7 1567 42 2 2305 576 0
K 0 0 48
A D 2 8 1
A P 1 0 1
J R 7 1610 42 2 4609 576 0
K 0 0 48
A D 2 8 0
A P 1 0 0
J B 736 1659 1 82 6913 576 0
J N 7 1691 84 4 1 0 0
K 0 0 43
K 0 0 59
K 0 -32 59
A D 2 8 0
A P 1 175 0
J R 7 1734 42 2 2305 576 0
K 0 0 48
A D 2 8 1
A P 1 0 1
J R 7 1777 42 2 4609 576 0
K 0 0 48
A D 2 8 0
A P 1 0 0
J B 737 1826 1 82 6913 576 0
J R 9 1917 42 46 1 10000 0
J B 738 2050 1 82 6913 1728 0
E *
B 1 368 0
B 1 535 0
B 1 702 0
B 1 930 0
B 1 1097 0
B 1 1264 0
B 1 1492 0
B 1 1659 0
B 1 1826 0
B 1 2050 0
S 0 200 2030 2050 84 1 "(.)"
L 0 0 -80 371 371 * 0 21 0
J C 4 7 63 2 6913 0 0
K 0 0 33
K 0 0 34
J K 1 85 0 1 6913 0 0
K 0 0 63
J D 0 -39 -21 1 6913 0 0
W 0 0 37 \07\03\08
J N 7 172 52 4 1 0 0
K 0 0 43
K 0 0 59
K 0 -31 59
A D 2 8 0
A P 1 192 0
J R 7 215 42 2 2305 576 0
K 0 0 48
A D 2 8 1
A P 1 0 1
J R 7 258 42 2 4609 576 0
K 0 0 48
A D 2 8 0
A P 1 0 0
J B 739 307 1 82 6913 576 0
J N 7 339 84 4 1 0 0
K 0 0 43
K 0 0 59
K 0 -32 59
A D 2 8 0
A P 1 175 0
J R 7 382 42 2 2305 576 0
K 0 0 48
A D 2 8 1
A P 1 0 1
J R 7 425 42 2 4609 576 0
K 0 0 48
A D 2 8 0
A P 1 0 0
J B 740 474 1 82 6913 576 0
J R 9 571 42 46 1 10000 0
J B 741 710 5 2 6913 1728 0
K -13 0 82
K 0 0 82
J K -1 742 0 2 6913 0 0
K 0 0 64
K 19 42 65
J N 7 804 0 4 1 0 0
K 0 0 43
K 0 0 60
K 0 31 60
A D 2 8 0
A P 1 220 0
J R 7 847 42 2 2305 576 0
K 0 0 48
A D 2 8 1
A P 1 0 1
J R 7 890 42 2 4609 576 0
K 0 0 48
A D 2 8 0
A P 1 0 0
J B 742 939 1 82 6913 576 0
J N 7 971 73 4 1 0 0
K 0 0 43
K 0 0 59
K 0 -31 59
A D 2 8 0
A P 1 180 0
J R 7 1014 42 2 2305 576 0
K 0 0 48
A D 2 8 1
A P 1 0 1
J R 7 1057 42 2 4609 576 0
K 0 0 48
A D 2 8 0
A P 1 0 0
J B 743 1106 1 82 6913 576 0
J R 9 1196 42 46 1 10000 0
J B 744 1329 1 82 6913 1728 0
J N 7 1361 0 4 1 0 0
K 0 0 43
K 0 0 60
K 0 31 60
A D 2 8 0
A P 1 220 0
J R 7 1404 42 2 2305 576 0
K 0 0 48
A D 2 8 1
A P 1 0 1
J R 7 1447 42 2 4609 576 0
K 0 0 48
A D 2 8 0
A P 1 0 0
J B 745 1496 1 82 6913 576 0
J N 7 1528 73 4 1 0 0
K 0 0 43
K 0 0 59
K 0 -31 59
A D 2 8 0
A P 1 180 0
J R 7 1571 42 2 2305 576 0
K 0 0 48
A D 2 8 1
A P 1 0 1
J R 7 1614 42 2 4609 576 0
K 0 0 48
A D 2 8 0
A P 1 0 0
J B 746 1663 1 82 6913 576 0
J R 9 1752 42 46 1 10000 0
J B 747 1883 1 82 6913 1728 0
J N 7 1915 0 4 1 0 0
K 0 0 43
K 0 0 60
K 0 31 60
A D 2 8 0
A P 1 220 0
J R 7 1958 42 2 2305 576 0
K 0 0 48
A D 2 8 1
A P 1 0 1
J R 7 2001 42 2 4609 576 0
K 0 0 48
A D 2 8 0
A P 1 0 0
J B 748 2050 1 82 6913 576 0
E *
B 1 307 0
B 1 474 0
B 5 710 0
B 1 939 0
B 1 1106 0
B 1 1329 0
B 1 1496 0
B 1 1663 0
B 1 1883 0
B 1 2050 0
S 0 200 2345 2050 84 1 "(.)"
L 0 0 -80 369 369 * 0 21 0
J C 4 7 63 2 6913 0 0
K 0 0 33
K 0 0 34
J K -1 85 0 1 6913 0 0
K 0 42 65
J D 0 -39 -21 1 6913 0 0
W 0 0 37 \07\04\08
J N 7 170 73 4 1 0 0
K 0 0 43
K 0 0 59
K 0 -31 59
A D 2 8 0
A P 1 180 0
J R 7 213 42 2 2305 576 0
K 0 0 48
A D 2 8 1
A P 1 0 1
J R 7 256 42 2 4609 576 0
K 0 0 48
A D 2 8 0
A P 1 0 0
J B 749 305 1 82 6913 576 0
J R 9 405 42 46 1 10000 0
J B 750 547 1 82 6913 1728 0
J N 7 579 0 4 1 0 0
K 0 0 43
K 0 0 60
K 0 31 60
A D 2 8 0
A P 1 220 0
J R 7 622 42 2 2305 576 0
K 0 0 48
A D 2 8 1
A P 1 0 1
J R 7 665 42 2 4609 576 0
K 0 0 48
A D 2 8 0
A P 1 0 0
J B 751 714 1 82 6913 576 0
J N 7 746 73 4 1 0 0
K 0 0 43
K 0 0 59
K 0 -31 59
A D 2 8 0
A P 1 180 0
J R 7 789 42 2 2305 576 0
K 0 0 48
A D 2 8 1
A P 1 0 1
J R 7 832 42 2 4609 576 0
K 0 0 48
A D 2 8 0
A P 1 0 0
J B 752 881 1 82 6913 576 0
J N 7 913 0 4 1 0 0
K 0 0 43
K 0 0 60
K 0 31 60
A D 2 8 0
A P 1 220 0
J R 7 956 42 2 2305 576 0
K 0 0 48
A D 2 8 1
A P 1 0 1
J R 7 999 42 2 4609 576 0
K 0 0 48
A D 2 8 0
A P 1 0 0
J B 753 1048 1 82 6913 576 0
J N 7 1080 73 4 1 0 0
K 0 0 43
K 0 0 59
K 0 -31 59
A D 2 8 0
A P 1 180 0
J R 7 1123 42 2 2305 576 0
K 0 0 48
A D 2 8 1
A P 1 0 1
J R 7 1166 42 2 4609 576 0
K 0 0 48
A D 2 8 0
A P 1 0 0
J B 754 1215 1 82 6913 576 0
J N 7 1247 0 4 1 0 0
K 0 0 43
K 0 0 60
K 0 31 60
A D 2 8 0
A P 1 220 0
J R 7 1290 42 2 2305 576 0
K 0 0 48
A D 2 8 1
A P 1 0 1
J R 7 1333 42 2 4609 576 0
K 0 0 48
A D 2 8 0
A P 1 0 0
J B 755 1382 1 82 6913 576 0
J D 0 1396 0 1 1 0 0
W 0 136 1 p!36| dimin.
J D 0 1414 0 1 1 0 0
W 0 -31 32 arco
J N 7 1414 10 4 1 0 0
K 0 0 43
K 0 0 60
K 0 32 60
A D 2 8 0
A P 1 215 0
J N 7 1457 0 4 2305 576 0
K 0 0 43
K 0 0 60
K 0 31 60
A D 2 8 0
A P 1 220 0
J N 7 1500 -11 4 4609 576 0
K 0 0 43
K 0 0 60
K 0 32 60
A D 2 8 0
A P 1 226 0
J B 756 1549 1 82 6913 576 0
J N 7 1581 -11 4 1 0 0
K 0 0 43
K 0 0 60
K 0 32 60
A D 2 8 0
A P 1 226 0
J N 7 1624 0 4 2305 576 0
K 0 0 43
K 0 0 60
K 0 31 60
A D 2 8 0
A P 1 220 0
J N 7 1667 10 4 4609 576 0
K 0 0 43
K 0 0 60
K 0 32 60
A D 2 8 0
A P 1 215 0
J B 757 1716 1 82 6913 576 0
J N 7 1748 10 4 1 0 0
K 0 0 43
K 0 0 60
K 0 32 60
A D 2 8 0
A P 1 215 0
J N 7 1791 0 4 2305 576 0
K 0 0 43
K 0 0 60
K 0 31 60
A D 2 8 0
A P 1 220 0
J N 7 1834 10 4 4609 576 0
K 0 0 43
K 0 0 60
K 0 32 60
A D 2 8 0
A P 1 215 0
J B 758 1883 1 82 6913 576 0
J D 0 1915 0 1 1 0 0
W 0 -31 32 pizz.
J N 7 1915 21 4 1 0 0
K 0 0 43
K 0 0 60
K 0 31 60
A D 2 8 0
A P 1 209 0
J R 7 1958 42 2 2305 576 0
K 0 0 48
A D 2 8 1
A P 1 0 1
J R 7 2001 42 2 4609 576 0
K 0 0 48
A D 2 8 0
A P 1 0 0
J B 759 2050 1 82 6913 576 0
E *
B 1 305 0
B 1 547 0
B 1 714 0
B 1 881 0
B 1 1048 0
B 1 1215 0
B 1 1382 0
B 1 1549 0
B 1 1716 0
B 1 1883 0
B 1 2050 0
S 0 200 2660 2050 84 1 "(.)"
L 0 0 -80 369 369 * 0 21 0
J C 4 7 63 2 6913 0 0
K 0 0 33
K 0 0 34
J K -1 85 0 1 6913 0 0
K 0 42 65
J D 0 -39 -21 1 6913 0 0
W 0 0 37 \07\05\09
J N 7 170 94 4 1 0 0
K 0 0 43
K 0 0 59
K 0 -31 59
A D 2 8 0
A P 1 169 0
J R 7 212 42 2 2305 576 0
K 0 0 48
A D 2 8 1
A P 1 0 1
J R 7 254 42 2 4609 576 0
K 0 0 48
A D 2 8 0
A P 1 0 0
J B 760 303 1 82 6913 576 0
J N 7 335 21 4 1 0 0
K 0 0 43
K 0 0 60
K 0 31 60
A D 2 8 0
A P 1 209 0
J R 7 377 42 2 2305 576 0
K 0 0 48
A D 2 8 1
A P 1 0 1
J R 7 419 42 2 4609 576 0
K 0 0 48
A D 2 8 0
A P 1 0 0
J B 761 468 1 82 6913 576 0
J D 0 500 0 1 1 0 0
W 0 -31 32 arco
J N 7 502 31 5 1 0 0
K -25 0 63
K 0 0 43
K 0 0 60
K 0 32 60
A D 2 8 0
A P 1 204 0
J N 7 545 21 4 2305 576 0
K 0 0 43
K 0 0 60
K 0 31 60
A D 2 8 0
A P 1 209 0
J N 7 588 10 4 4609 576 0
K 0 0 43
K 0 0 60
K 0 32 60
A D 2 8 0
A P 1 215 0
J B 762 637 1 82 6913 576 0
J N 7 669 10 4 1 0 0
K 0 0 43
K 0 0 60
K 0 32 60
A D 2 8 0
A P 1 215 0
J N 7 712 21 4 2305 576 0
K 0 0 43
K 0 0 60
K 0 31 60
A D 2 8 0
A P 1 209 0
J N 7 777 31 5 4609 576 0
K -25 0 63
K 0 0 43
K 0 0 60
K 0 32 60
A D 2 8 0
A P 1 204 0
J B 763 826 1 82 6913 576 0
J N 7 866 31 5 1 0 0
K -25 0 63
K 0 0 43
K 0 0 60
K 0 32 60
A D 2 8 0
A P 1 204 0
J N 7 909 21 4 2305 576 0
K 0 0 43
K 0 0 60
K 0 31 60
A D 2 8 0
A P 1 209 0
J N 7 952 31 4 4609 576 0
K 0 0 43
K 0 0 60
K 0 32 60
A D 2 8 0
A P 1 204 0
J B 764 1001 1 82 6913 576 0
J R 9 1071 42 46 1 10000 0
J B 765 1183 1 82 6913 1728 0
J D 0 1215 0 1 1 0 0
W 0 -42 32 pizz.
J N 7 1215 52 4 1 0 0
K 0 0 43
K 0 0 59
K 0 -31 59
A D 2 8 0
A P 1 192 0
J R 7 1258 42 2 2305 576 0
K 0 0 48
A D 2 8 1
A P 1 0 1
J R 7 1301 42 2 4609 576 0
K 0 0 48
A D 2 8 0
A P 1 0 0
J B 766 1350 1 82 6913 576 0
J N 7 1382 -21 7 1 0 0
K 0 0 45
K 0 0 43
K -1 0 45
K 6 0 45
K 0 0 60
K 0 31 60
A D 2 8 0
A P 1 232 0
J R 7 1425 42 2 2305 576 0
K 0 0 48
A D 2 8 1
A P 1 0 1
J R 7 1468 42 2 4609 576 0
K 0 0 48
A D 2 8 0
A P 1 0 0
J B 767 1517 1 82 6913 576 0
J D 0 1549 0 1 1 0 0
W 0 -31 32 arco
J N 7 1551 31 7 1 0 0
K -25 0 63
K 0 0 43
K -8 103 108
K 26 103 108
K 0 0 60
K 0 32 60
A D 2 8 0
A P 1 204 0
J N 7 1594 21 4 2305 576 0
K 0 0 43
K 0 0 60
K 0 31 60
A D 2 8 0
A P 1 209 0
J N 7 1637 10 4 4609 576 0
K 0 0 43
K 0 0 60
K 0 32 60
A D 2 8 0
A P 1 215 0
J B 768 1686 1 82 6913 576 0
J N 7 1718 10 4 1 0 0
K 0 0 43
K 0 0 60
K 0 32 60
A D 2 8 0
A P 1 215 0
J N 7 1761 21 4 2305 576 0
K 0 0 43
K 0 0 60
K 0 31 60
A D 2 8 0
A P 1 209 0
J N 7 1826 31 5 4609 576 0
K -25 0 63
K 0 0 43
K 0 0 60
K 0 32 60
A D 2 8 0
A P 1 204 0
J B 769 1875 1 82 6913 576 0
J N 7 1915 31 5 1 0 0
K -25 0 63
K 0 0 43
K 0 0 60
K 0 32 60
A D 2 8 0
A P 1 204 0
J N 7 1958 21 4 2305 576 0
K 0 0 43
K 0 0 60
K 0 31 60
A D 2 8 0
A P 1 209 0
J N 7 2001 31 4 4609 576 0
K 0 0 43
K 0 0 60
K 0 32 60
A D 2 8 0
A P 1 204 0
J B 770 2050 1 82 6913 576 0
E *
B 1 303 0
B 1 468 0
B 1 637 0
B 1 826 0
B 1 1001 0
B 1 1183 0
B 1 1350 0
B 1 1517 0
B 1 1686 0
B 1 1875 0
B 1 2050 0
