S 0 200 140 2050 1491 9 "[....{..}...]"
L 0 0 0 315 315 * 0 14
J C 4 5 42 2 6913 0 0
K 0 0 33
K 0 0 34
J K 1 57 0 1 6913 0 0
K 0 0 63
J D 0 55 -14 1 6913 0 0
W 0 0 37 \04\08
J R 9 233 28 46 1 0 0
J R 9 572 28 46 1 0 0
J R 9 994 28 46 1 0 0
J R 9 1495 28 46 1 0 0
J R 9 1897 28 46 1 0 0
E *
L 175 0 0 315 315 * 0 14
J C 22 5 14 36 6913 0 0
J K 1 57 0 1 6913 0 0
K 0 14 63
J R 9 233 28 46 1 0 0
J R 9 572 28 46 1 0 0
J R 9 994 28 46 1 0 0
J R 9 1495 28 46 1 0 0
J R 9 1897 28 46 1 0 0
E *
L 360 0 0 315 315 * 0 14
J C 4 5 42 2 6913 0 0
K 0 0 33
K 0 0 34
J K 1 57 0 1 6913 0 0
K 0 0 63
J R 9 233 28 46 1 0 0
J R 9 572 28 46 1 0 0
J R 9 994 28 46 1 0 0
J R 9 1495 28 46 1 0 0
J R 9 1897 28 46 1 0 0
E *
L 555 0 0 315 315 * 0 14
J C 4 5 42 2 6913 0 0
K 0 0 33
K 0 0 34
J K 1 57 0 1 6913 0 0
K 0 0 63
J N 7 121 35 5 1 0 1 138
K -18 0 63
K 0 0 43
K 0 0 59
K 0 -21 59
A D 48 192
J N 8 198 28 4 1729 576 0
K 0 0 42
K 0 0 60
K 0 21 60
A D 96 192
J N 7 320 21 4 5185 1152 1 138
K 0 0 43
K 0 0 60
K 0 21 60
A D 48 192
H 138 S 0 14 0 0 0 0 0 0 0
J B 49 401 1 82 6913 576 0
J N 8 422 14 4 1 0 0
K 0 0 42
K 0 0 60
K 0 21 60
A D 96 192
J N 7 543 42 4 3457 1152 1 139
K 0 0 43
K 0 0 59
K 0 -21 59
A D 48 192
J N 5 619 42 2 5185 576 3 140 141 139
K 0 0 43
A D 12 192
H 139 T 42 0 0 0 0 0 13 0
J N 5 656 -21 5 5617 144 2 141 140
K 0 7 45
K 0 0 43
K 0 7 45
K 1 7 45
A D 12 192
H 140 S 0 0 0 0 0 0 0 0 0
J N 5 693 -14 6 6049 144 1 141
K 0 0 45
K 0 0 43
K -1 0 45
K 2 0 45
K 0 -17 96
A D 12 192
J N 5 730 -7 3 6481 144 1 141
K 0 0 43
K 0 -17 96
A D 12 192
H 141 B -45 -8 108 4 22 11 11 33   
J B 50 771 1 82 6913 144 0
J N 7 792 0 4 1 0 1 142
K 0 0 43
K 0 0 60
K 0 21 60
A D 48 192
J N 7 868 7 4 1729 576 2 143 142
K 0 0 43
K 0 0 60
K 0 21 60
A D 48 192
H 142 S 0 0 0 0 0 0 0 0 0
J N 5 944 7 2 3457 576 2 144 143
K 0 0 43
A D 12 192
H 143 T 7 0 0 0 0 0 1 0
J N 5 981 0 2 3889 144 2 145 144
K 0 0 43
A D 12 192
J N 5 1018 -7 2 4321 144 1 144
K 0 0 43
A D 12 192
J N 5 1057 14 3 4753 144 1 144
K -18 0 63
K 0 0 43
A D 12 192
H 144 B -50 1 108 4 22 11 11 33   
J N 5 1094 7 2 5185 144 1 146
K 0 0 43
A D 12 192
J N 5 1131 28 2 5617 144 1 146
K 0 0 43
A D 12 192
J N 5 1168 21 2 6049 144 1 146
K 0 0 43
A D 12 192
J N 5 1205 35 2 6481 144 2 146 145
K 0 0 43
A D 12 192
H 146 B -67 3 108 4 22 11 11 33   
H 145 S 0 0 -7 0 0 0 0 0 0
J B 51 1246 1 82 6913 144 0
J N 7 1267 42 4 1 0 1 147
K 0 0 43
K 0 0 59
K 0 -21 59
A D 48 192
J N 6 1345 42 2 1729 576 2 148 147
K 0 0 43
A D 24 192
H 147 T 42 0 0 0 0 0 13 0
J N 5 1396 35 2 2593 288 2 149 148
K 0 0 43
A D 12 192
J N 5 1433 28 2 3025 144 2 148 149
K 0 0 43
A D 12 192
H 148 B 53 -2 108 3 2 21 33   
H 149 S 12 0 0 0 0 0 0 0 0
J N 5 1470 21 3 3457 144 2 150 151
K 0 0 43
K 0 -14 96
A D 12 192
J N 5 1510 14 4 3889 144 2 151 150
K -14 0 64
K 0 0 43
K 0 -21 96
A D 12 192
H 150 S 0 0 -14 0 -21 0 0 0 0
J N 5 1547 7 3 4321 144 2 152 151
K 0 0 43
K 0 -17 96
A D 12 192
J N 5 1584 0 3 4753 144 2 151 152
K 0 0 43
K 0 -17 96
A D 12 192
H 151 B -50 -3 108 4 22 11 11 33   
H 152 S 0 0 -14 0 -14 0 0 0 0
J N 5 1621 -7 3 5185 144 1 153
K 0 0 43
K 0 -17 96
A D 12 192
J N 5 1658 -14 6 5617 144 1 153
K 0 0 45
K 0 0 43
K -1 0 45
K 2 0 45
K 0 -17 96
A D 12 192
J N 5 1695 -21 6 6049 144 1 153
K 0 7 45
K 0 0 43
K 0 7 45
K 1 7 45
K 0 -17 96
A D 12 192
J N 5 1732 42 2 6481 144 2 154 153
K 0 0 43
A D 12 192
H 153 B -65 8 108 4 22 11 11 33   
J B 52 1773 1 82 6913 144 0
J N 9 1794 35 3 1 0 1 154
K 0 0 41
K 0 -56 236
A D 192 192
H 154 S 0 0 0 0 0 0 0 0 0
J G 5 1999 42 3 6913 2304 1 155
K -14 0 191
K 0 0 171
A D 0 192
J G 5 2021 35 2 6913 0 1 155
K 0 0 171
A D 0 192
H 155 B 41 -4 106 2 22 33   
J B 53 2050 1 82 6913 0 0
E *
L 735 0 0 315 315 * 0 14
J C 4 5 42 2 6913 0 0
K 0 0 33
K 0 0 34
J K 1 57 0 1 6913 0 0
K 0 0 63
J R 7 121 28 2 1 0 0
K 0 0 48
A D 8 32
J N 8 198 42 4 1729 576 1 52
K 0 0 42
K 0 0 59
K 0 -21 59
A D 16 32
J N 7 320 49 4 5185 1152 1 52
K 0 0 43
K 0 0 59
K 0 -21 59
A D 8 32
H 52 S 12 0 0 0 0 0 0 0 0
J B 49 401 1 82 6913 576 0
J N 9 422 42 2 1 0 0
K 0 0 41
A D 32 32
J B 50 771 1 82 6913 2304 0
J N 8 792 42 5 1 0 0
K 0 0 42
K 24 -6 44
K 0 0 59
K 0 -21 59
A D 24 32
J N 7 1094 35 4 5185 1728 1 53
K 0 0 43
K 0 0 59
K 0 -21 59
A D 8 32
J B 51 1246 1 82 6913 576 0
J N 6 1267 28 3 1 0 1 53
K 0 0 43
K 0 0 51
A D 4 32
H 53 S 12 0 0 0 0 0 0 0 0
J R 6 1308 28 2 865 288 0
K 0 0 49
A D 4 32
J R 7 1345 28 2 1729 288 0
K 0 0 48
A D 8 32
J R 8 1470 28 2 3457 576 0
K 0 0 47
A D 16 32
J B 52 1773 1 82 6913 1152 0
J N 6 1794 21 3 1 0 0
K 0 0 43
K 0 0 54
A D 4 32
J R 6 1835 28 2 865 288 0
K 0 0 49
A D 4 32
J R 7 1872 28 2 1729 288 0
K 0 0 48
A D 8 32
J R 8 1923 28 2 3457 576 0
K 0 0 47
A D 16 32
J B 53 2050 1 82 6913 1152 0
E *
L 910 0 0 315 315 * 0 14
J C 4 5 42 2 6913 0 0
K 0 0 33
K 0 0 34
J K 1 57 0 1 6913 0 0
K 0 0 63
J R 7 121 28 2 1 0 0
K 0 0 48
A D 8 32
J N 8 198 63 9 1729 576 0
K 1 7 45
K 0 0 42
K 0 14 42
K 0 7 45
K 1 7 45
K 0 14 59
K 0 0 59
K 0 -21 59
A D 16 32
J N 7 320 63 9 5185 1152 0
K 1 7 45
K 18 0 43
K 0 7 43
K -1 7 45
K 2 7 45
K 0 7 59
K 0 0 59
K 0 -21 59
A D 8 32
J B 49 401 1 82 6913 576 0
J N 9 422 63 2 1 0 0
K 0 0 41
A D 32 32
J B 50 771 1 82 6913 2304 0
J N 8 792 56 5 1 0 0
K 0 0 42
K 24 -6 44
K 0 0 59
K 0 -21 59
A D 24 32
J N 7 1094 56 4 5185 1728 1 40
K 0 0 43
K 0 0 59
K 0 -21 59
A D 8 32
J B 51 1246 1 82 6913 576 0
J N 6 1267 42 3 1 0 1 40
K 0 0 43
K 0 0 53
A D 4 32
H 40 S 12 0 0 0 0 0 0 0 0
J R 6 1308 28 2 865 288 0
K 0 0 49
A D 4 32
J R 7 1345 28 2 1729 288 0
K 0 0 48
A D 8 32
J R 8 1470 28 2 3457 576 0
K 0 0 47
A D 16 32
J B 52 1773 1 82 6913 1152 0
J N 6 1794 49 3 1 0 0
K 0 0 43
K 0 0 53
A D 4 32
J R 6 1835 28 2 865 288 0
K 0 0 49
A D 4 32
J R 7 1872 28 2 1729 288 0
K 0 0 48
A D 8 32
J R 8 1923 28 2 3457 576 0
K 0 0 47
A D 16 32
J B 53 2050 1 82 6913 1152 0
E *
L 1085 0 0 315 315 * 0 14
J C 13 5 28 35 6913 0 0
J K 1 57 0 1 6913 0 0
K 0 7 63
J R 7 121 28 2 1 0 0
K 0 0 48
A D 8 32
J N 8 198 49 4 1729 576 1 48
K 0 0 42
K 0 0 59
K 0 -21 59
A D 16 32
J N 7 320 56 4 5185 1152 1 48
K 0 0 43
K 0 0 59
K 0 -21 59
A D 8 32
H 48 S 12 0 0 0 0 0 0 0 0
J B 49 401 1 82 6913 576 0
J N 9 422 49 2 1 0 0
K 0 0 41
A D 32 32
J B 50 771 1 82 6913 2304 0
J N 8 792 28 5 1 0 0
K 0 0 42
K 24 -6 44
K 0 0 60
K 0 21 60
A D 24 32
J N 7 1094 28 4 5185 1728 1 49
K 0 0 43
K 0 0 60
K 0 21 60
A D 8 32
J B 51 1246 1 82 6913 576 0
J N 6 1267 21 3 1 0 1 49
K 0 0 43
K 0 0 54
A D 4 32
H 49 S 0 0 0 0 0 0 0 0 0
J R 6 1308 28 2 865 288 0
K 0 0 49
A D 4 32
J R 7 1345 28 2 1729 288 0
K 0 0 48
A D 8 32
J R 8 1470 28 2 3457 576 0
K 0 0 47
A D 16 32
J B 52 1773 1 82 6913 1152 0
J N 6 1794 21 3 1 0 0
K 0 0 43
K 0 0 54
A D 4 32
J R 6 1835 28 2 865 288 0
K 0 0 49
A D 4 32
J R 7 1872 28 2 1729 288 0
K 0 0 48
A D 8 32
J R 8 1923 28 2 3457 576 0
K 0 0 47
A D 16 32
J B 53 2050 1 82 6913 1152 0
E *
L 1260 0 0 315 315 * 0 14
J C 22 5 14 36 6913 0 0
J K 1 57 0 1 6913 0 0
K 0 14 63
J R 7 121 28 2 1 0 0
K 0 0 48
A D 8 32
J N 8 198 56 4 1729 576 1 43
K 0 0 42
K 0 0 59
K 0 -21 59
A D 16 32
J N 7 320 49 4 5185 1152 1 43
K 0 0 43
K 0 0 59
K 0 -21 59
A D 8 32
H 43 S 12 0 0 0 0 0 0 0 0
J B 49 401 1 82 6913 576 0
J N 9 422 42 2 1 0 0
K 0 0 41
A D 32 32
J B 50 771 1 82 6913 2304 0
J N 8 792 35 5 1 0 0
K 0 0 42
K 25 0 44
K 0 0 59
K 0 -21 59
A D 24 32
J N 7 1094 35 4 5185 1728 1 44
K 0 0 43
K 0 0 59
K 0 -21 59
A D 8 32
J B 51 1246 1 82 6913 576 0
J N 6 1267 28 3 1 0 1 44
K 0 0 43
K 0 0 51
A D 4 32
H 44 S 12 0 0 0 0 0 0 0 0
J R 6 1308 28 2 865 288 0
K 0 0 49
A D 4 32
J R 7 1345 28 2 1729 288 0
K 0 0 48
A D 8 32
J R 8 1470 28 2 3457 576 0
K 0 0 47
A D 16 32
J B 52 1773 1 82 6913 1152 0
J N 6 1794 28 3 1 0 0
K 0 0 43
K 0 0 51
A D 4 32
J R 6 1835 28 2 865 288 0
K 0 0 49
A D 4 32
J R 7 1872 28 2 1729 288 0
K 0 0 48
A D 8 32
J R 8 1923 28 2 3457 576 0
K 0 0 47
A D 16 32
J B 53 2050 1 82 6913 1152 0
E *
L 1435 0 0 315 315 * 0 14
J C 22 5 14 36 6913 0 0
J K 1 57 0 1 6913 0 0
K 0 14 63
J R 7 121 28 2 1 0 0
K 0 0 48
A D 8 32
J N 8 198 56 4 1729 576 1 31
K 0 0 42
K 0 0 59
K 0 -21 59
A D 16 32
J N 7 320 49 4 5185 1152 1 31
K 0 0 43
K 0 0 59
K 0 -21 59
A D 8 32
H 31 S 12 0 0 0 0 0 0 0 0
J B 49 401 1 82 6913 576 0
J N 9 422 42 2 1 0 0
K 0 0 41
A D 32 32
J B 50 771 1 82 6913 2304 0
J N 8 792 35 5 1 0 0
K 0 0 42
K 25 0 44
K 0 0 59
K 0 -21 59
A D 24 32
J N 7 1094 35 4 5185 1728 1 32
K 0 0 43
K 0 0 59
K 0 -21 59
A D 8 32
J B 51 1246 1 82 6913 576 0
J N 6 1267 28 3 1 0 1 32
K 0 0 43
K 0 0 51
A D 4 32
H 32 S 12 0 0 0 0 0 0 0 0
J R 6 1308 28 2 865 288 0
K 0 0 49
A D 4 32
J R 7 1345 28 2 1729 288 0
K 0 0 48
A D 8 32
J R 8 1470 28 2 3457 576 0
K 0 0 47
A D 16 32
J B 52 1773 1 82 6913 1152 0
J N 6 1794 28 3 1 0 0
K 0 0 43
K 0 0 51
A D 4 32
J R 6 1835 28 2 865 288 0
K 0 0 49
A D 4 32
J R 7 1872 28 2 1729 288 0
K 0 0 48
A D 8 32
J R 8 1923 28 2 3457 576 0
K 0 0 47
A D 16 32
J B 53 2050 1 82 6913 1152 0
E *
B 1 401 0
B 1 771 0
B 1 1246 0
B 1 1773 0
B 1 2050 0
