S 0 200 140 2050 1491 9 "[....{..}...]"
L 0 0 0 315 315 * 0 14
J C 4 5 42 2 6913 0 0
K 0 0 33
K 0 0 34
J K 1 57 0 1 6913 0 0
K 0 0 63
J D 0 55 -14 1 6913 0 0
W 0 0 37 \05\07
J R 9 302 28 46 1 0 0
J R 9 714 28 46 1 0 0
J R 9 1092 28 46 1 0 0
J R 9 1467 28 46 1 0 0
J R 9 1845 28 46 1 0 0
E *
L 175 0 0 315 315 * 0 14
J C 22 5 14 36 6913 0 0
J K 1 57 0 1 6913 0 0
K 0 14 63
J R 9 302 28 46 1 0 0
J R 9 714 28 46 1 0 0
J R 9 1092 28 46 1 0 0
J R 9 1467 28 46 1 0 0
J R 9 1845 28 46 1 0 0
E *
L 360 0 0 315 315 * 0 14
J C 4 5 42 2 6913 0 0
K 0 0 33
K 0 0 34
J K 1 57 0 1 6913 0 0
K 0 0 63
J R 9 302 28 46 1 0 0
J R 9 714 28 46 1 0 0
J R 9 1092 28 46 1 0 0
J R 9 1467 28 46 1 0 0
J R 9 1845 28 46 1 0 0
E *
L 555 0 0 315 315 * 0 14
J C 4 5 42 2 6913 0 0
K 0 0 33
K 0 0 34
J K 1 57 0 1 6913 0 0
K 0 0 63
J N 5 115 -21 5 1 0 2 175 176
K 0 7 45
K 0 0 43
K 0 7 45
K 1 7 45
A D 12 192
J N 5 152 -14 5 433 144 1 176
K 0 0 45
K 0 0 43
K -1 0 45
K 2 0 45
A D 12 192
J N 5 189 -7 2 865 144 1 176
K 0 0 43
A D 12 192
J N 5 226 -14 5 1297 144 2 176 175
K 0 0 45
K 0 0 43
K -1 0 45
K 2 0 45
A D 12 192
H 176 B -64 1 108 4 22 11 11 33   
H 175 S 0 0 0 0 0 0 0 0 0
J N 6 263 -21 6 1729 144 2 177 178
K 0 7 45
K 0 0 43
K 0 7 45
K 1 7 45
K 0 -17 96
A D 24 192
J N 6 317 -35 7 2593 288 2 178 177
K 0 21 45
K 0 7 45
K 0 0 43
K 0 7 45
K 1 7 45
K 0 -17 96
A D 24 192
H 178 B -54 -2 108 2 2 3   
H 177 S 0 0 -14 0 -14 0 0 0 0
J D 0 436 0 1 3457 288 0
W 0 91 33 !33sempre  perdendosi
J N 8 371 -56 11 3457 0 1 179
K 0 42 45
K 0 28 45
K 0 14 45
K 0 0 45
K 0 0 42
K -1 0 45
K 2 0 45
K 0 0 60
K 0 28 60
K 0 56 60
A D 96 192
J B 58 539 1 82 6913 1152 0
J N 6 560 -56 11 1 0 1 179
K 0 42 45
K 0 28 45
K 0 14 45
K 0 0 45
K 0 0 43
K -1 0 45
K 2 0 45
K 0 0 60
K 0 28 60
K 0 35 54
A D 24 192
H 179 T -56 0 0 0 0 0 5 0
J N 7 614 -56 11 865 288 0
K 0 42 45
K 0 28 45
K 0 14 45
K 0 0 45
K 0 0 43
K -1 0 45
K 2 0 45
K 0 0 60
K 0 28 60
K 0 56 60
A D 48 192
J N 7 696 -42 10 2593 576 0
K 0 28 45
K 0 14 45
K 0 0 45
K 0 0 43
K -1 0 45
K 2 0 45
K 0 0 60
K 0 28 60
K 0 42 60
A D 48 192
J N 7 778 -21 7 4321 576 0
K 0 7 45
K 0 0 43
K 0 7 45
K 1 7 45
K 0 0 60
K 0 21 60
A D 48 192
J N 6 860 -28 9 6049 576 0
K 0 14 45
K 0 0 45
K -18 0 63
K 0 0 43
K -1 0 45
K 2 0 45
K 0 0 60
K 0 7 54
A D 24 192
J B 59 918 1 82 6913 288 0
J N 8 945 -28 10 1 0 1 180
K 0 14 45
K 0 0 45
K -18 0 63
K 0 0 42
K -1 0 45
K 2 0 45
K 24 -6 44
K 0 0 60
K 0 28 60
A D 144 192
J N 6 1185 -49 8 5185 1728 2 181 180
K 0 35 45
K 0 21 45
K 0 7 45
K 0 0 43
K 0 7 45
K 1 7 45
K 25 0 44
A D 36 192
H 180 S 0 0 0 0 0 0 0 0 0
J N 5 1254 -28 6 6481 432 1 181
K 0 14 45
K 0 0 45
K 0 0 43
K -1 0 45
K 2 0 45
A D 12 192
H 181 B -77 2 108 2 2 53   
J B 60 1295 1 82 6913 144 0
J N 7 1322 -35 10 1 0 1 182
K 0 21 45
K 0 7 45
K -18 0 63
K 0 0 43
K 0 7 45
K 1 7 45
K 0 0 60
K 0 28 60
K 0 35 60
A D 48 192
J N 8 1403 -42 10 1729 576 1 182
K 0 28 45
K 0 14 45
K 0 0 45
K 0 0 42
K -1 0 45
K 2 0 45
K 0 0 60
K 0 28 60
K 0 42 60
A D 96 192
H 182 S 0 0 0 0 0 0 0 0 0
J N 6 1559 -42 8 5185 1152 1 183
K 0 28 45
K 0 14 45
K 0 0 45
K 0 0 43
K -1 0 45
K 2 0 45
K 24 -6 44
A D 36 192
J N 5 1627 -21 5 6481 432 1 183
K 0 7 45
K 0 0 43
K 0 7 45
K 1 7 45
A D 12 192
H 183 B -70 2 108 2 2 53   
J B 61 1668 1 82 6913 144 0
J N 7 1695 -28 9 1 0 0
K 0 14 45
K 0 0 45
K -18 0 63
K 0 0 43
K -1 0 45
K 2 0 45
K 0 0 60
K 0 28 60
A D 48 192
J N 7 1775 -35 10 1729 576 1 184
K 0 21 45
K 0 7 45
K -14 0 64
K 0 0 43
K 0 7 45
K 1 7 45
K 0 0 60
K 0 28 60
K 0 35 60
A D 48 192
J N 6 1855 -35 8 3457 576 1 184
K 0 21 45
K 0 7 45
K 0 0 43
K 0 7 45
K 1 7 45
K 0 0 60
K 0 14 54
A D 24 192
H 184 T -35 0 0 0 0 0 1 0
J N 7 1908 -35 9 4321 288 0
K 0 21 45
K 0 7 45
K 0 0 43
K 0 7 45
K 1 7 45
K 0 0 60
K 0 28 60
K 0 35 60
A D 48 192
J N 6 1993 -35 8 6049 576 1 185
K 0 21 45
K 0 7 45
K 0 0 43
K 0 7 45
K 1 7 45
K 0 0 60
K 0 14 54
A D 24 192
J B 62 2050 1 82 6913 288 0
J M 0 2050 0 0 6913 0 1 185
H 185 T -35 0 0 0 0 0 1 0
E *
L 735 0 0 315 315 * 0 14
J C 4 5 42 2 6913 0 0
K 0 0 33
K 0 0 34
J K 1 57 0 1 6913 0 0
K 0 0 63
J D 0 115 0 1 1 0 0
W 0 91 33 !33sempre perdendosi
J N 6 115 35 3 1 0 0
K 0 0 43
K 0 0 53
A D 4 32
J R 6 189 28 2 865 288 0
K 0 0 49
A D 4 32
J N 6 263 28 3 1729 288 0
K 0 0 43
K 0 0 51
A D 4 32
J R 6 317 28 2 2593 288 0
K 0 0 49
A D 4 32
J R 7 371 28 2 3457 288 0
K 0 0 48
A D 8 32
J N 6 451 28 3 5185 576 0
K 0 0 43
K 0 0 51
A D 4 32
J R 6 495 28 2 6049 288 0
K 0 0 49
A D 4 32
J B 58 539 1 82 6913 288 0
J N 7 560 -7 4 1 0 0
K 0 0 43
K 0 0 60
K 0 21 60
A D 8 32
J N 7 655 7 4 1729 576 0
K 0 0 43
K 0 0 60
K 0 21 60
A D 8 32
J N 7 737 28 4 3457 576 0
K 0 0 43
K 0 0 60
K 0 21 60
A D 8 32
J N 7 819 21 5 5185 576 0
K -18 0 63
K 0 0 43
K 0 0 60
K 0 21 60
A D 8 32
J B 59 918 1 82 6913 576 0
J N 7 945 21 5 1 0 0
K -18 0 63
K 0 0 43
K 0 0 60
K 0 21 60
A D 8 32
J R 7 1025 28 2 1729 576 0
K 0 0 48
A D 8 32
J R 7 1105 28 2 3457 576 0
K 0 0 48
A D 8 32
J N 7 1185 21 4 5185 576 0
K 0 0 43
K 0 0 60
K 0 21 60
A D 8 32
J B 60 1295 1 82 6913 576 0
J N 7 1322 14 5 1 0 0
K -18 0 63
K 0 0 43
K 0 0 60
K 0 21 60
A D 8 32
J N 7 1403 7 4 1729 576 0
K 0 0 43
K 0 0 60
K 0 21 60
A D 8 32
J R 7 1481 28 2 3457 576 0
K 0 0 48
A D 8 32
J N 7 1559 28 4 5185 576 0
K 0 0 43
K 0 0 60
K 0 21 60
A D 8 32
J B 61 1668 1 82 6913 576 0
J N 7 1695 21 5 1 0 0
K -18 0 63
K 0 0 43
K 0 0 60
K 0 21 60
A D 8 32
J N 7 1775 14 5 1729 576 0
K -14 0 64
K 0 0 43
K 0 0 60
K 0 21 60
A D 8 32
J R 6 1855 28 2 3457 576 0
K 0 0 49
A D 4 32
J N 6 1908 14 2 4321 288 1 54
K 0 0 43
A D 4 32
J N 6 1947 14 2 5185 288 1 54
K 0 0 43
A D 4 32
J N 6 1993 14 2 6049 288 1 54
K 0 0 43
A D 4 32
H 54 B -46 0 108 3 2 1 3   
J B 62 2050 1 82 6913 288 0
E *
L 910 0 0 315 315 * 0 14
J C 4 5 42 2 6913 0 0
K 0 0 33
K 0 0 34
J K 1 57 0 1 6913 0 0
K 0 0 63
J D 0 115 0 1 1 0 0
W 0 100 33 !33sempre perdendosi
J N 6 115 63 3 1 0 0
K 0 0 43
K 0 0 53
A D 4 32
J R 6 189 28 2 865 288 0
K 0 0 49
A D 4 32
J N 6 263 42 3 1729 288 0
K 0 0 43
K 0 0 53
A D 4 32
J R 6 317 28 2 2593 288 0
K 0 0 49
A D 4 32
J R 7 371 28 2 3457 288 0
K 0 0 48
A D 8 32
J N 6 451 42 3 5185 576 0
K 0 0 43
K 0 0 53
A D 4 32
J R 6 495 28 2 6049 288 0
K 0 0 49
A D 4 32
J B 58 539 1 82 6913 288 0
J N 7 560 28 4 1 0 0
K 0 0 43
K 0 0 59
K 0 -14 59
A D 8 32
J N 7 655 28 4 1729 576 0
K 0 0 43
K 0 0 59
K 0 -14 59
A D 8 32
J N 7 737 28 4 3457 576 0
K 0 0 43
K 0 0 59
K 0 -14 59
A D 8 32
J N 7 819 35 5 5185 576 0
K -18 0 63
K 0 0 43
K 0 0 59
K 0 -21 59
A D 8 32
J B 59 918 1 82 6913 576 0
J N 7 945 35 5 1 0 0
K -18 0 63
K 0 0 43
K 0 0 59
K 0 -21 59
A D 8 32
J R 7 1025 28 2 1729 576 0
K 0 0 48
A D 8 32
J R 7 1105 28 2 3457 576 0
K 0 0 48
A D 8 32
J N 7 1185 35 4 5185 576 0
K 0 0 43
K 0 0 59
K 0 -21 59
A D 8 32
J B 60 1295 1 82 6913 576 0
J N 7 1322 35 5 1 0 0
K -14 0 64
K 0 0 43
K 0 0 59
K 0 -21 59
A D 8 32
J N 7 1403 42 5 1729 576 0
K -18 0 63
K 0 0 43
K 0 0 59
K 0 -21 59
A D 8 32
J R 7 1481 28 2 3457 576 0
K 0 0 48
A D 8 32
J N 7 1559 42 5 5185 576 0
K -14 0 64
K 0 0 43
K 0 0 59
K 0 -21 59
A D 8 32
J B 61 1668 1 82 6913 576 0
J N 7 1695 42 4 1 0 0
K 0 0 43
K 0 0 59
K 0 -21 59
A D 8 32
J N 7 1775 49 4 1729 576 0
K 0 0 43
K 0 0 59
K 0 -21 59
A D 8 32
J R 6 1855 28 2 3457 576 0
K 0 0 49
A D 4 32
J N 6 1908 49 2 4321 288 1 41
K 0 0 43
A D 4 32
J N 6 1947 42 2 5185 288 1 41
K 0 0 43
A D 4 32
J N 6 1993 42 3 6049 288 1 41
K -18 0 63
K 0 0 43
A D 4 32
H 41 B 53 0 108 3 2 1 3   
J B 62 2050 1 82 6913 288 0
E *
L 1085 0 0 315 315 * 0 14
J C 13 5 28 35 6913 0 0
J K 1 57 0 1 6913 0 0
K 0 7 63
J D 0 115 0 1 1 0 0
W 0 95 33 !33sempre perdendosi
J R 6 115 28 2 1 0 0
K 0 0 49
A D 4 32
J N 6 189 21 2 865 288 1 51
K 0 0 43
A D 4 32
J N 6 263 49 2 1729 288 1 51
K 0 0 43
A D 4 32
H 51 B 41 7 108 2 2 3   
J R 6 317 28 2 2593 288 0
K 0 0 49
A D 4 32
J R 8 371 28 2 3457 288 0
K 0 0 47
A D 16 32
J B 58 539 1 82 6913 1152 0
J N 7 560 0 4 1 0 0
K 0 0 43
K 0 0 60
K 0 21 60
A D 8 32
J N 7 655 0 4 1729 576 0
K 0 0 43
K 0 0 60
K 0 21 60
A D 8 32
J N 7 737 0 4 3457 576 0
K 0 0 43
K 0 0 60
K 0 21 60
A D 8 32
J N 7 819 7 4 5185 576 0
K 0 0 43
K 0 0 60
K 0 21 60
A D 8 32
J B 59 918 1 82 6913 576 0
J N 6 945 7 2 1 0 1 52
K 0 0 43
A D 4 32
J N 6 985 7 2 865 288 1 52
K 0 0 43
A D 4 32
J N 6 1025 56 2 1729 288 1 52
K 0 0 43
A D 4 32
H 52 B 42 6 108 3 2 1 3   
J R 6 1065 28 2 2593 288 0
K 0 0 49
A D 4 32
J R 7 1105 28 2 3457 288 0
K 0 0 48
A D 8 32
J N 7 1185 7 4 5185 576 0
K 0 0 43
K 0 0 60
K 0 21 60
A D 8 32
J B 60 1295 1 82 6913 576 0
J N 6 1322 35 2 1 0 1 53
K 0 0 43
A D 4 32
J N 6 1362 35 2 865 288 1 53
K 0 0 43
A D 4 32
J N 6 1403 63 2 1729 288 1 53
K 0 0 43
A D 4 32
H 53 B 43 2 108 3 2 1 3   
J R 6 1442 28 2 2593 288 0
K 0 0 49
A D 4 32
J R 7 1481 28 2 3457 288 0
K 0 0 48
A D 8 32
J N 7 1559 14 4 5185 576 0
K 0 0 43
K 0 0 60
K 0 21 60
A D 8 32
J B 61 1668 1 82 6913 576 0
J N 6 1695 14 2 1 0 1 54
K 0 0 43
A D 4 32
J N 6 1734 42 2 865 288 1 54
K 0 0 43
A D 4 32
J N 6 1775 70 5 1729 288 1 54
K 1 0 45
K 0 0 43
K -1 0 45
K 2 0 45
A D 4 32
H 54 B 51 14 108 3 2 1 3   
J R 6 1814 28 2 2593 288 0
K 0 0 49
A D 4 32
J R 6 1855 28 2 3457 288 0
K 0 0 49
A D 4 32
J N 6 1908 21 2 4321 288 1 55
K 0 0 43
A D 4 32
J N 6 1947 14 2 5185 288 1 55
K 0 0 43
A D 4 32
J N 6 1993 7 3 6049 288 1 55
K -14 0 64
K 0 0 43
A D 4 32
H 55 B -42 -2 108 3 2 1 3   
J B 62 2050 1 82 6913 288 0
E *
L 1260 0 0 315 315 * 0 14
J C 22 5 14 36 6913 0 0
J K 1 57 0 1 6913 0 0
K 0 14 63
J D 0 115 0 1 1 0 0
W 0 98 33 !33sempre perdendosi
J R 7 115 28 2 1 0 0
K 0 0 48
A D 8 32
J R 6 263 28 2 1729 576 0
K 0 0 49
A D 4 32
J N 6 317 28 2 2593 288 1 46
K 0 0 43
A D 4 32
J N 6 371 56 2 3457 288 1 46
K 0 0 43
A D 4 32
H 46 B 48 10 108 2 2 3   
J R 6 411 28 2 4321 288 0
K 0 0 49
A D 4 32
J R 7 451 28 2 5185 288 0
K 0 0 48
A D 8 32
J B 58 539 1 82 6913 576 0
J R 9 714 28 46 1 0 0
J B 59 918 1 82 6913 1 0
J R 7 945 28 2 1 0 0
K 0 0 48
A D 8 32
J R 6 1025 28 2 1729 576 0
K 0 0 49
A D 4 32
J N 6 1065 14 2 2593 288 1 47
K 0 0 43
A D 4 32
J N 6 1105 63 2 3457 288 1 47
K 0 0 43
A D 4 32
H 47 B 35 4 108 2 2 3   
J R 6 1145 28 2 4321 288 0
K 0 0 49
A D 4 32
J R 7 1185 28 2 5185 288 0
K 0 0 48
A D 8 32
J B 60 1295 1 82 6913 576 0
J R 7 1322 28 2 1 0 0
K 0 0 48
A D 8 32
J R 6 1403 28 2 1729 576 0
K 0 0 49
A D 4 32
J N 6 1442 42 2 2593 288 1 48
K 0 0 43
A D 4 32
J N 6 1481 70 5 3457 288 1 48
K 1 0 45
K 0 0 43
K -1 0 45
K 2 0 45
A D 4 32
H 48 B 47 4 108 2 2 3   
J R 6 1520 28 2 4321 288 0
K 0 0 49
A D 4 32
J R 7 1559 28 2 5185 288 0
K 0 0 48
A D 8 32
J B 61 1668 1 82 6913 576 0
J R 7 1695 28 2 1 0 0
K 0 0 48
A D 8 32
J R 6 1775 28 2 1729 576 0
K 0 0 49
A D 4 32
J N 6 1814 49 2 2593 288 1 49
K 0 0 43
A D 4 32
J N 6 1855 77 5 3457 288 1 49
K 1 -7 45
K 0 0 43
K 0 -7 45
K 1 -7 45
A D 4 32
H 49 B 42 4 108 2 2 3   
J R 6 1908 28 2 4321 288 0
K 0 0 49
A D 4 32
J R 7 1947 28 2 5185 288 0
K 0 0 48
A D 8 32
J B 62 2050 1 82 6913 576 0
E *
L 1435 0 0 315 315 * 0 14
J C 22 5 14 36 6913 0 0
J K 1 57 0 1 6913 0 0
K 0 14 63
J R 9 302 28 46 1 0 0
J R 9 714 28 46 1 0 0
J R 9 1092 28 46 1 0 0
J R 9 1467 28 46 1 0 0
J R 9 1845 28 46 1 0 0
E *
B 1 539 0
B 1 918 0
B 1 1295 0
B 1 1668 0
B 1 2050 0
