S 0 200 140 2050 1336 11 "[(....)][(..)](.)[({..}..)]"
L 0 0 0 300 300 * 0 14 0
J D 0 -108 42 1 6913 0 0
W 0 0 31 Fl 1-2
J C 4 5 42 2 6913 0 0
K 0 0 33
K 0 0 34
J K 0 57 0 0 6913 0 0
J D 0 -11 -14 1 6913 0 0
W 0 0 37 \05\05
J N 7 100 -14 8 1 0 0
K 0 0 45
K 0 0 43
K -1 0 45
K 2 0 45
K 0 -17 96
K 0 0 60
K 0 21 60
A D 1 4 0
A P 3 232 0
J N 7 148 -14 8 2305 576 0
K 0 0 45
K 0 0 43
K -1 0 45
K 2 0 45
K 0 -17 96
K 0 0 60
K 0 21 60
A D 1 4 0
A P 3 232 0
J N 7 196 -21 8 4609 576 0
K 0 7 45
K 0 0 43
K 0 7 45
K 1 7 45
K 0 -17 96
K 0 0 60
K 0 21 60
A D 1 4 0
A P 3 238 0
J B 56 258 1 82 6913 576 0
J N 8 279 -28 8 1 0 0
K 0 14 45
K 0 0 45
K 0 0 42
K -1 0 45
K 2 0 45
K 0 0 60
K 0 28 60
A D 2 4 0
A P 3 243 0
J N 7 375 -14 14 4609 1152 0
K 0 0 45
K 0 -14 45
K 0 -28 45
K 0 -35 43
K 0 -28 45
K 1 -28 45
K 0 0 43
K -1 0 45
K 2 0 45
K 0 -35 60
K 0 -28 60
K 0 0 60
K 0 21 60
A D 1 4 0
A P 1 260 0
A P 2 232 0
J B 57 423 1 82 6913 576 0
J N 8 444 -7 12 1 0 0
K 0 -7 45
K 0 -21 45
K 0 -35 45
K 0 -35 42
K -1 -35 45
K 2 -35 45
K 0 0 42
K 0 -35 60
K 0 -28 60
K 0 0 60
K 0 21 60
A D 2 4 0
A P 1 255 0
A P 2 226 0
J N 7 539 0 9 4609 1152 0
K 0 -14 45
K 0 -21 43
K 0 -14 45
K 1 -14 45
K 0 0 43
K 0 -21 60
K 0 0 60
K 0 21 60
A D 1 4 0
A P 1 238 0
A P 2 220 0
J B 58 586 1 82 6913 576 0
J N 7 607 7 11 1 0 0
K 0 -21 45
K 0 -35 45
K 0 -35 43
K -1 -35 45
K 2 -35 45
K 0 0 43
K 0 -35 60
K 0 -28 60
K 0 0 60
K 0 21 60
A D 1 4 0
A P 1 243 0
A P 2 215 0
J R 7 654 28 2 2305 576 0
K 0 0 48
A D 1 4 1
A P 1 0 1
J R 7 701 28 2 4609 576 0
K 0 0 48
A D 1 4 0
A P 1 0 0
J B 59 748 1 82 6913 576 0
J R 9 816 28 2 1 0 0
K 0 0 46
A D 3 4 0
A P 3 0 0
J B 60 913 1 82 6913 1728 0
J R 7 934 28 2 1 0 0
K 0 0 48
A D 1 4 1
A P 1 0 1
J R 7 981 28 2 2305 576 0
K 0 0 48
A D 1 4 0
A P 1 0 0
J D 0 995 0 1 4609 576 0
W 0 -39 32 1.
J N 7 1028 -28 9 4609 0 0
K 0 14 45
K 0 0 45
K 0 0 43
K -1 0 45
K 2 0 45
K 0 -17 96
K 0 0 60
K 0 28 60
A D 1 4 0
A P 1 243 0
J B 61 1075 1 82 6913 576 0
J N 8 1099 -35 12 1 0 1 13
K 0 21 45
K 0 7 45
K -14 0 64
K 0 0 42
K 0 7 45
K 1 7 45
K 0 124 111
K 12 124 110
K 0 0 60
K 0 28 60
K 0 35 60
A D 2 4 0
A P 1 249 0
J N 7 1193 -21 7 4609 1152 1 13
K 0 7 45
K 0 0 43
K 0 7 45
K 1 7 45
K 0 0 60
K 0 21 60
A D 1 4 0
A P 1 238 0
H 13 S 0 0 0 0 0 0 0 0 0
J B 62 1240 1 82 6913 576 0
J N 7 1261 -28 9 1 0 0
K 0 14 45
K 0 0 45
K 0 0 43
K -1 0 45
K 2 0 45
K 0 -17 96
K 0 0 60
K 0 28 60
A D 1 4 0
A P 1 243 0
J R 7 1308 28 2 2305 576 0
K 0 0 48
A D 1 4 1
A P 1 0 1
J R 7 1355 28 2 4609 576 0
K 0 0 48
A D 1 4 0
A P 1 0 0
J B 63 1402 1 82 6913 576 0
J N 7 1423 -28 9 1 0 0
K 0 14 45
K 0 0 45
K 0 0 43
K -1 0 45
K 2 0 45
K 0 -17 96
K 0 0 60
K 0 28 60
A D 1 4 0
A P 1 243 0
J N 7 1470 -35 12 2305 576 1 14
K 0 21 45
K 0 7 45
K -14 0 64
K 0 0 43
K 0 7 45
K 1 7 45
K 0 121 111
K 12 121 110
K 0 0 60
K 0 28 60
K 0 35 60
A D 1 4 0
A P 1 249 0
J N 7 1517 -21 7 4609 576 1 14
K 0 7 45
K 0 0 43
K 0 7 45
K 1 7 45
K 0 0 60
K 0 21 60
A D 1 4 0
A P 1 238 0
H 14 S 0 0 0 0 0 0 0 0 0
J B 64 1564 1 82 6913 576 0
J N 7 1585 -28 9 1 0 0
K 0 14 45
K 0 0 45
K 0 0 43
K -1 0 45
K 2 0 45
K 0 -17 96
K 0 0 60
K 0 28 60
A D 1 4 0
A P 1 243 0
J R 7 1632 28 2 2305 576 0
K 0 0 48
A D 1 4 1
A P 1 0 1
J R 7 1679 28 2 4609 576 0
K 0 0 48
A D 1 4 0
A P 1 0 0
J B 65 1726 1 82 6913 576 0
J N 7 1747 -28 9 1 0 0
K 0 14 45
K 0 0 45
K 0 0 43
K -1 0 45
K 2 0 45
K 0 -17 96
K 0 0 60
K 0 28 60
A D 1 4 0
A P 1 243 0
J N 7 1794 -35 12 2305 576 1 15
K 0 21 45
K 0 7 45
K -14 0 64
K 0 0 43
K 0 7 45
K 1 7 45
K 0 121 111
K 12 121 110
K 0 0 60
K 0 28 60
K 0 35 60
A D 1 4 0
A P 1 249 0
J N 7 1841 -21 7 4609 576 1 15
K 0 7 45
K 0 0 43
K 0 7 45
K 1 7 45
K 0 0 60
K 0 21 60
A D 1 4 0
A P 1 238 0
H 15 S 0 0 0 0 0 0 0 0 0
J B 66 1888 1 82 6913 576 0
J N 7 1909 -28 10 1 0 0
K 0 14 45
K 0 0 45
K 0 0 43
K -1 0 45
K 2 0 45
K 0 -17 96
K 0 106 108
K 0 0 60
K 0 28 60
A D 1 4 0
A P 1 243 0
J R 7 1956 28 2 2305 576 0
K 0 0 48
A D 1 4 1
A P 1 0 1
J R 7 2003 28 2 4609 576 0
K 0 0 48
A D 1 4 0
A P 1 0 0
J B 67 2050 1 82 6913 576 0
E *
L 125 0 0 300 300 * 0 14 0
J D 0 -119 42 1 6913 0 0
W 0 0 31 Ob 1-2
J C 4 5 42 2 6913 0 0
K 0 0 33
K 0 0 34
J K 0 57 0 0 6913 0 0
J D 0 -11 -14 1 6913 0 0
W 0 0 0 \05\05
J N 7 100 21 11 1 0 0
K 0 -35 45
K 0 -35 43
K -1 -35 45
K 2 -35 45
K 0 0 43
K 0 -52 96
K 0 -35 60
K 0 -28 60
K 0 0 60
K 0 21 60
A D 1 4 0
A P 1 232 0
A P 2 203 0
J N 7 148 0 10 2305 576 0
K 0 -14 45
K 0 -14 43
K -1 -14 45
K 2 -14 45
K 0 0 43
K 0 -31 96
K 0 -14 60
K 0 0 60
K 0 21 60
A D 1 4 0
A P 1 232 0
A P 2 220 0
J N 7 196 0 10 4609 576 0
K 0 -14 45
K 0 -21 43
K 0 -14 45
K 1 -14 45
K 0 0 43
K 0 -38 96
K 0 -21 60
K 0 0 60
K 0 21 60
A D 1 4 0
A P 1 238 0
A P 2 220 0
J B 56 258 1 82 6913 576 0
J N 8 279 -28 8 1 0 0
K 1 14 45
K 1 0 45
K 0 0 42
K -1 0 45
K 2 0 45
K 0 0 59
K 0 -7 59
A D 2 4 0
A P 1 243 0
J N 7 279 -7 4 1 0 0
K 0 0 43
K 0 0 60
K 0 21 60
A D 1 4 0
A P 2 226 0
J N 7 327 7 4 2305 576 0
K 0 0 43
K 0 0 60
K 0 21 60
A D 1 4 0
A P 2 215 0
J N 7 375 -14 7 4609 576 0
K 1 0 45
K 0 0 43
K -1 0 45
K 2 0 45
K 0 0 59
K 0 -7 59
A D 1 4 0
A P 1 232 0
J N 7 375 21 4 4609 0 0
K 0 0 43
K 0 0 60
K 0 21 60
A D 1 4 0
A P 2 203 0
J B 57 423 1 82 6913 576 0
J N 8 444 -7 4 1 0 0
K 0 0 42
K 0 0 59
K 0 -14 59
A D 2 4 0
A P 1 226 0
J N 7 444 7 4 1 0 0
K 0 0 43
K 0 0 60
K 0 21 60
A D 1 4 0
A P 2 215 0
J N 7 492 21 4 2305 576 0
K 0 0 43
K 0 0 60
K 0 21 60
A D 1 4 0
A P 2 203 0
J N 7 539 28 4 4609 576 0
K 0 0 43
K 0 0 59
K 0 -14 59
A D 1 4 0
A P 1 198 0
J N 7 539 49 4 4609 0 0
K 0 0 43
K 0 0 60
K 0 14 60
A D 1 4 0
A P 2 180 0
J B 58 586 1 82 6913 576 0
J N 7 607 21 7 1 0 0
K 0 0 43
K 0 35 43
K 0 35 59
K 0 28 59
K 0 0 59
K 0 -14 59
A D 1 4 0
A P 1 203 0
A P 2 175 0
J R 7 654 28 2 2305 576 0
K 0 0 48
A D 1 4 1
A P 1 0 1
J R 7 701 28 2 4609 576 0
K 0 0 48
A D 1 4 0
A P 1 0 0
J B 59 748 1 82 6913 576 0
J R 9 816 28 2 1 0 0
K 0 0 46
A D 3 4 0
A P 3 0 0
J B 60 913 1 82 6913 1728 0
J R 7 934 28 2 1 0 0
K 0 0 48
A D 1 4 1
A P 1 0 1
J R 7 981 28 2 2305 576 0
K 0 0 48
A D 1 4 0
A P 1 0 0
J D 0 1009 0 1 4609 576 0
W 0 -18 32 1.
J N 7 1028 21 5 4609 0 0
K 0 0 43
K 0 -14 96
K 0 0 60
K 0 21 60
A D 1 4 0
A P 1 203 0
J B 61 1075 1 82 6913 576 0
J N 8 1099 14 7 1 0 1 11
K -14 0 64
K 0 0 42
K -7 82 111
K 5 82 110
K 0 0 60
K 0 21 60
A D 2 4 0
A P 1 209 0
J N 7 1193 28 4 4609 1152 1 11
K 0 0 43
K 0 0 60
K 0 21 60
A D 1 4 0
A P 1 198 0
H 11 S 0 0 0 0 0 0 0 0 0
J B 62 1240 1 82 6913 576 0
J N 7 1261 21 5 1 0 0
K 0 0 43
K 0 -14 96
K 0 0 60
K 0 21 60
A D 1 4 0
A P 1 203 0
J R 7 1308 28 2 2305 576 0
K 0 0 48
A D 1 4 1
A P 1 0 1
J R 7 1355 28 2 4609 576 0
K 0 0 48
A D 1 4 0
A P 1 0 0
J B 63 1402 1 82 6913 576 0
J N 7 1423 21 5 1 0 0
K 0 0 43
K 0 -14 96
K 0 0 60
K 0 21 60
A D 1 4 0
A P 1 203 0
J N 7 1470 14 7 2305 576 1 12
K -14 0 64
K 0 0 43
K -7 79 111
K 5 79 110
K 0 0 60
K 0 21 60
A D 1 4 0
A P 1 209 0
J N 7 1517 28 4 4609 576 1 12
K 0 0 43
K 0 0 60
K 0 21 60
A D 1 4 0
A P 1 198 0
H 12 S 0 0 0 0 0 0 0 0 0
J B 64 1564 1 82 6913 576 0
J N 7 1585 21 5 1 0 0
K 0 0 43
K 0 -14 96
K 0 0 60
K 0 21 60
A D 1 4 0
A P 1 203 0
J R 7 1632 28 2 2305 576 0
K 0 0 48
A D 1 4 1
A P 1 0 1
J R 7 1679 28 2 4609 576 0
K 0 0 48
A D 1 4 0
A P 1 0 0
J B 65 1726 1 82 6913 576 0
J N 7 1747 21 5 1 0 0
K 0 0 43
K 0 -14 96
K 0 0 60
K 0 21 60
A D 1 4 0
A P 1 203 0
J N 7 1794 14 7 2305 576 1 13
K -14 0 64
K 0 0 43
K -7 79 111
K 5 79 110
K 0 0 60
K 0 21 60
A D 1 4 0
A P 1 209 0
J N 7 1841 28 4 4609 576 1 13
K 0 0 43
K 0 0 60
K 0 21 60
A D 1 4 0
A P 1 198 0
H 13 S 0 0 0 0 0 0 0 0 0
J B 66 1888 1 82 6913 576 0
J N 7 1909 21 9 1 0 0
K 0 0 43
K 0 35 43
K 7 -52 96
K 0 65 108
K 0 35 59
K 0 28 59
K 0 0 59
K 0 -14 59
A D 1 4 0
A P 1 203 0
A P 2 175 0
J R 7 1956 28 2 2305 576 0
K 0 0 48
A D 1 4 1
A P 1 0 1
J R 7 2003 28 2 4609 576 0
K 0 0 48
A D 1 4 0
A P 1 0 0
J B 67 2050 1 82 6913 576 0
E *
L 250 0 0 300 300 * 0 14 0
J D 0 -110 42 1 6913 0 0
W 0 -21 31 Cl 1-2
J D 0 -110 42 1 6913 0 0
W 8 21 31 (C)
J C 4 5 42 2 6913 0 0
K 0 0 33
K 0 0 34
J K 0 57 0 0 6913 0 0
J D 0 -11 -14 1 6913 0 0
W 0 0 0 \05\05
J N 7 100 21 7 1 0 0
K 0 0 43
K 0 14 43
K 0 28 96
K 0 14 59
K 0 0 59
K 0 -14 59
A D 1 4 0
A P 1 203 0
A P 2 192 0
J N 7 148 35 8 2305 576 0
K 0 -35 43
K 0 0 43
K 0 -52 96
K 0 -35 60
K 0 -28 60
K 0 0 60
K 0 14 60
A D 1 4 0
A P 1 220 0
A P 2 192 0
J N 7 196 28 7 4609 576 0
K 0 -28 43
K 0 0 43
K 0 -45 96
K 0 -28 60
K 0 0 60
K 0 21 60
A D 1 4 0
A P 1 220 0
A P 2 198 0
J B 56 258 1 82 6913 576 0
J N 7 279 21 4 1 0 0
K 0 0 43
K 0 0 59
K 0 -14 59
A D 1 4 0
A P 1 203 0
J N 7 279 21 4 1 0 0
K 0 0 43
K 0 0 60
K 0 21 60
A D 1 4 0
A P 2 203 0
J N 7 327 21 6 2305 576 0
K 0 0 43
K 0 21 43
K 0 21 59
K 0 0 59
K 0 -14 59
A D 1 4 0
A P 1 203 0
A P 2 186 0
J N 7 375 35 6 4609 576 0
K 0 0 43
K 0 14 43
K 0 14 59
K 0 0 59
K 0 -21 59
A D 1 4 0
A P 1 192 0
A P 2 180 0
J B 57 423 1 82 6913 576 0
J N 8 444 42 6 1 0 0
K 0 0 42
K 0 14 42
K 0 14 59
K 0 0 59
K 0 -21 59
A D 2 4 0
A P 1 186 0
A P 2 175 0
J N 7 539 49 9 4609 1152 0
K 1 21 45
K 0 0 43
K 0 28 43
K 0 21 45
K 1 21 45
K 0 28 59
K 0 0 59
K 0 -21 59
A D 1 4 0
A P 1 180 0
A P 2 158 0
J B 58 586 1 82 6913 576 0
J N 7 607 56 9 1 0 0
K 1 14 45
K 0 0 43
K 0 14 43
K -1 14 45
K 2 14 45
K 0 14 59
K 0 0 59
K 0 -21 59
A D 1 4 0
A P 1 175 0
A P 2 163 0
J R 7 654 28 2 2305 576 0
K 0 0 48
A D 1 4 1
A P 1 0 1
J R 7 701 28 2 4609 576 0
K 0 0 48
A D 1 4 0
A P 1 0 0
J B 59 748 1 82 6913 576 0
J R 9 816 28 2 1 0 0
K 0 0 46
A D 3 4 0
A P 3 0 0
J B 60 913 1 82 6913 1728 0
J R 9 980 28 2 1 0 0
K 0 0 46
A D 3 4 0
A P 3 0 0
J B 61 1075 1 82 6913 1728 0
J R 9 1143 28 2 1 0 0
K 0 0 46
A D 3 4 0
A P 3 0 0
J B 62 1240 1 82 6913 1728 0
J R 9 1307 28 2 1 0 0
K 0 0 46
A D 3 4 0
A P 3 0 0
J B 63 1402 1 82 6913 1728 0
J R 9 1469 28 2 1 0 0
K 0 0 46
A D 3 4 0
A P 3 0 0
J B 64 1564 1 82 6913 1728 0
J R 9 1631 28 2 1 0 0
K 0 0 46
A D 3 4 0
A P 3 0 0
J B 65 1726 1 82 6913 1728 0
J R 9 1793 28 2 1 0 0
K 0 0 46
A D 3 4 0
A P 3 0 0
J B 66 1888 1 82 6913 1728 0
J N 7 1909 21 8 1 0 0
K 0 0 43
K 0 35 43
K 0 65 108
K 0 35 59
K 0 28 59
K 0 0 59
K 0 -14 59
A D 1 4 0
A P 1 203 0
A P 2 175 0
J R 7 1956 28 2 2305 576 0
K 0 0 48
A D 1 4 1
A P 1 0 1
J R 7 2003 28 2 4609 576 0
K 0 0 48
A D 1 4 0
A P 1 0 0
J B 67 2050 1 82 6913 576 0
E *
L 375 0 0 300 300 * 0 14 0
J D 0 -130 42 1 6913 0 0
W 0 0 31 Fag 1-2
J C 22 5 14 36 6913 0 0
J K 0 57 0 0 6913 0 0
J D 0 -11 -14 1 6913 0 0
W 0 0 0 \05\05
J N 7 100 14 4 1 0 0
K 0 0 43
K 0 0 60
K 0 21 60
A D 1 4 0
A P 3 140 0
J N 7 148 28 4 2305 576 0
K 0 0 43
K 0 0 60
K 0 21 60
A D 1 4 0
A P 3 129 0
J N 7 196 7 4 4609 576 0
K 0 0 43
K 0 0 60
K 0 21 60
A D 1 4 0
A P 3 146 0
J B 56 258 1 82 6913 576 0
J N 7 279 21 4 1 0 0
K 0 0 43
K 0 0 60
K 0 21 60
A D 1 4 0
A P 3 135 0
J N 7 327 35 4 2305 576 0
K 0 0 43
K 0 0 59
K 0 -21 59
A D 1 4 0
A P 3 123 0
J N 7 375 14 4 4609 576 0
K 0 0 43
K 0 0 60
K 0 21 60
A D 1 4 0
A P 3 140 0
J B 57 423 1 82 6913 576 0
J N 7 444 56 4 1 0 0
K 0 0 43
K 0 0 59
K 0 -21 59
A D 1 4 0
A P 3 106 0
J N 7 492 7 4 2305 576 0
K 0 0 43
K 0 0 60
K 0 21 60
A D 1 4 0
A P 3 146 0
J N 7 539 7 4 4609 576 0
K 0 0 43
K 0 0 60
K 0 21 60
A D 1 4 0
A P 3 146 0
J B 58 586 1 82 6913 576 0
J N 7 607 35 4 1 0 0
K 0 0 43
K 0 0 59
K 0 -21 59
A D 1 4 0
A P 3 123 0
J R 7 654 28 2 2305 576 0
K 0 0 48
A D 1 4 0
A P 3 0 0
J D 0 668 0 1 4609 576 0
W 0 -32 32 1.
J N 7 701 -14 8 4609 0 0
K 0 0 45
K 0 0 43
K -1 0 45
K 2 0 45
K 0 -17 96
K 0 0 60
K 0 21 60
A D 1 4 0
A P 1 163 0
J B 59 748 1 82 6913 576 0
J N 8 772 -21 10 1 0 1 24
K 0 7 45
K -15 0 65
K 0 0 42
K 0 7 45
K 1 7 45
K -7 107 111
K 5 107 110
K 0 0 60
K 0 21 60
A D 2 4 0
A P 1 168 0
J N 7 866 -7 4 4609 1152 1 24
K 0 0 43
K 0 0 60
K 0 21 60
A D 1 4 0
A P 1 158 0
H 24 S 0 0 0 0 0 0 0 0 0
J B 60 913 1 82 6913 576 0
J N 7 934 -14 8 1 0 0
K 0 0 45
K 0 0 43
K -1 0 45
K 2 0 45
K 0 -17 96
K 0 0 60
K 0 21 60
A D 1 4 0
A P 1 163 0
J R 7 981 28 2 2305 576 0
K 0 0 48
A D 1 4 1
A P 1 0 1
J R 7 1028 28 2 4609 576 0
K 0 0 48
A D 1 4 0
A P 1 0 0
J B 61 1075 1 82 6913 576 0
J R 9 1143 28 2 1 0 0
K 0 0 46
A D 3 4 0
A P 3 0 0
J B 62 1240 1 82 6913 1728 0
J D 0 1235 0 1 1 0 0
W 0 -39 32 1.
J N 7 1261 -14 8 1 0 0
K 0 0 45
K 0 0 43
K -1 0 45
K 2 0 45
K 0 -17 96
K 0 0 60
K 0 21 60
A D 1 4 0
A P 1 163 0
J N 7 1308 -21 10 2305 576 1 25
K 0 7 45
K -15 0 65
K 0 0 43
K 0 7 45
K 1 7 45
K -7 107 111
K 5 107 110
K 0 0 60
K 0 21 60
A D 1 4 0
A P 1 168 0
J N 7 1355 -7 4 4609 576 1 25
K 0 0 43
K 0 0 60
K 0 21 60
A D 1 4 0
A P 1 158 0
H 25 S 0 0 0 0 0 0 0 0 0
J B 63 1402 1 82 6913 576 0
J N 7 1423 -14 8 1 0 0
K 0 0 45
K 0 0 43
K -1 0 45
K 2 0 45
K 0 -17 96
K 0 0 60
K 0 21 60
A D 1 4 0
A P 1 163 0
J R 7 1470 28 2 2305 576 0
K 0 0 48
A D 1 4 1
A P 1 0 1
J R 7 1517 28 2 4609 576 0
K 0 0 48
A D 1 4 0
A P 1 0 0
J B 64 1564 1 82 6913 576 0
J N 7 1585 -14 8 1 0 0
K 0 0 45
K 0 0 43
K -1 0 45
K 2 0 45
K 0 -17 96
K 0 0 60
K 0 21 60
A D 1 4 0
A P 1 163 0
J N 7 1632 -21 10 2305 576 1 26
K 0 7 45
K -15 0 65
K 0 0 43
K 0 7 45
K 1 7 45
K -7 107 111
K 5 107 110
K 0 0 60
K 0 21 60
A D 1 4 0
A P 1 168 0
J N 7 1679 -7 4 4609 576 1 26
K 0 0 43
K 0 0 60
K 0 21 60
A D 1 4 0
A P 1 158 0
H 26 S 0 0 0 0 0 0 0 0 0
J B 65 1726 1 82 6913 576 0
J N 7 1747 -14 8 1 0 0
K 0 0 45
K 0 0 43
K -1 0 45
K 2 0 45
K 0 -17 96
K 0 0 60
K 0 21 60
A D 1 4 0
A P 1 163 0
J N 7 1794 -21 10 2305 576 1 27
K 0 7 45
K -14 0 64
K 0 0 43
K 0 7 45
K 1 7 45
K -7 107 111
K 5 107 110
K 0 0 60
K 0 21 60
A D 1 4 0
A P 1 169 0
J N 7 1841 -7 4 4609 576 1 27
K 0 0 43
K 0 0 60
K 0 21 60
A D 1 4 0
A P 1 158 0
H 27 S 0 0 0 0 0 0 0 0 0
J B 66 1888 1 82 6913 576 0
J N 7 1909 35 12 1 0 0
K 0 -49 45
K 0 -49 43
K -1 -49 45
K 2 -49 45
K 0 0 43
K 0 -66 96
K 0 58 108
K 0 -49 60
K 0 -28 60
K 0 0 60
K 0 14 60
A D 1 4 0
A P 1 163 0
A P 2 123 0
J R 7 1956 28 2 2305 576 0
K 0 0 48
A D 1 4 1
A P 1 0 1
J R 7 2003 28 2 4609 576 0
K 0 0 48
A D 1 4 0
A P 1 0 0
J B 67 2050 1 82 6913 576 0
E *
L 515 0 0 300 300 * 0 14 0
J D 0 -130 42 1 6913 0 0
W 0 -21 31 Cor 1-2
J D 0 -130 42 1 6913 0 0
W 8 21 31 (C)
J C 4 5 42 2 6913 0 0
K 0 0 33
K 0 0 34
J K 0 57 0 0 6913 0 0
J D 0 -11 -14 1 6913 0 0
W 0 0 0 \05\05
J N 7 100 21 10 1 0 0
K 1 49 45
K 0 0 43
K 0 49 43
K -1 49 45
K 2 49 45
K 0 49 59
K 0 28 59
K 0 0 59
K 0 -14 59
A D 1 4 0
A P 1 203 0
A P 2 163 0
J N 7 148 14 6 2305 576 0
K 0 -14 43
K 0 0 43
K 0 -14 60
K 0 0 60
K 0 21 60
A D 1 4 0
A P 1 220 0
A P 2 209 0
J N 7 196 42 6 4609 576 0
K 0 -28 43
K 0 0 43
K 0 -28 60
K 0 0 60
K 0 14 60
A D 1 4 0
A P 1 209 0
A P 2 186 0
J B 56 258 1 82 6913 576 0
J N 8 279 21 6 1 0 0
K 0 -14 42
K 0 0 42
K 0 -14 60
K 0 0 60
K 0 21 60
A D 2 4 0
A P 1 215 0
A P 2 203 0
J N 7 375 21 10 4609 1152 0
K 1 49 45
K 0 0 43
K 0 49 43
K -1 49 45
K 2 49 45
K 0 49 59
K 0 28 59
K 0 0 59
K 0 -14 59
A D 1 4 0
A P 1 203 0
A P 2 163 0
J B 57 423 1 82 6913 576 0
J N 8 444 21 6 1 0 0
K 0 -14 42
K 0 0 42
K 0 -14 60
K 0 0 60
K 0 21 60
A D 2 4 0
A P 1 215 0
A P 2 203 0
J N 7 539 42 6 4609 1152 0
K 0 -28 43
K 0 0 43
K 0 -28 60
K 0 0 60
K 0 14 60
A D 1 4 0
A P 1 209 0
A P 2 186 0
J B 58 586 1 82 6913 576 0
J N 7 607 21 7 1 0 0
K 0 0 43
K 0 35 43
K 0 35 59
K 0 28 59
K 0 0 59
K 0 -14 59
A D 1 4 0
A P 1 203 0
A P 2 175 0
J R 7 654 28 2 2305 576 0
K 0 0 48
A D 1 4 1
A P 1 0 1
J R 7 701 28 2 4609 576 0
K 0 0 48
A D 1 4 0
A P 1 0 0
J B 59 748 1 82 6913 576 0
J R 9 816 28 2 1 0 0
K 0 0 46
A D 3 4 0
A P 3 0 0
J B 60 913 1 82 6913 1728 0
J R 9 980 28 2 1 0 0
K 0 0 46
A D 3 4 0
A P 3 0 0
J B 61 1075 1 82 6913 1728 0
J R 9 1143 28 2 1 0 0
K 0 0 46
A D 3 4 0
A P 3 0 0
J B 62 1240 1 82 6913 1728 0
J N 8 1261 21 12 1 0 2 7 8
K 1 49 45
K 0 0 42
K 25 0 44
K 0 49 42
K -1 49 45
K 2 49 45
K 24 43 44
K 0 49 59
K 0 28 59
K 0 0 59
K 0 -14 59
A D 3 4 1
A P 1 203 1
A P 2 163 1
J B 63 1402 1 82 6913 1728 0
J N 8 1423 21 12 1 0 4 9 10 7 8
K 1 49 45
K 0 0 42
K 25 0 44
K 0 49 42
K -1 49 45
K 2 49 45
K 24 43 44
K 0 49 59
K 0 28 59
K 0 0 59
K 0 -14 59
A D 3 4 1
A P 1 203 1
A P 2 163 1
H 7 T 21 0 0 0 0 0 3 0
H 8 T 70 0 0 0 0 0 13 0
J B 64 1564 1 82 6913 1728 0
J N 8 1585 21 12 1 0 4 11 12 9 10
K 1 49 45
K 0 0 42
K 25 0 44
K 0 49 42
K -1 49 45
K 2 49 45
K 24 43 44
K 0 49 59
K 0 28 59
K 0 0 59
K 0 -14 59
A D 3 4 1
A P 1 203 1
A P 2 163 1
H 9 T 21 0 0 0 0 0 3 0
H 10 T 70 0 0 0 0 0 13 0
J B 65 1726 1 82 6913 1728 0
J N 8 1747 21 12 1 0 4 13 14 11 12
K 1 49 45
K 0 0 42
K 25 0 44
K 0 49 42
K -1 49 45
K 2 49 45
K 24 43 44
K 0 49 59
K 0 28 59
K 0 0 59
K 0 -14 59
A D 3 4 1
A P 1 203 1
A P 2 163 1
H 11 T 21 0 0 0 0 0 3 0
H 12 T 70 0 0 0 0 0 13 0
J B 66 1888 1 82 6913 1728 0
J N 7 1909 21 11 1 0 2 13 14
K 1 49 45
K 0 0 43
K 0 49 43
K -1 49 45
K 2 49 45
K 0 82 108
K 0 49 59
K 0 28 59
K 0 0 59
K 0 -14 59
A D 1 4 0
A P 1 203 0
A P 2 163 0
H 13 T 21 0 0 0 0 0 3 0
H 14 T 70 0 0 0 0 0 13 0
J R 7 1956 28 2 2305 576 0
K 0 0 48
A D 1 4 1
A P 1 0 1
J R 7 2003 28 2 4609 576 0
K 0 0 48
A D 1 4 0
A P 1 0 0
J B 67 2050 1 82 6913 576 0
E *
L 640 0 0 300 300 * 0 14 0
J D 0 -111 42 1 6913 0 0
W 0 -21 31 Tr 1-2
J D 0 -111 42 1 6913 0 0
W 8 21 31 (C)
J C 4 5 42 2 6913 0 0
K 0 0 33
K 0 0 34
J K 0 57 0 0 6913 0 0
J D 0 -11 -14 1 6913 0 0
W 0 0 0 \05\05
J R 7 100 28 2 1 0 0
K 0 0 48
A D 2 8 1
A P 1 0 1
J R 7 148 28 2 2305 576 0
K 0 0 48
A D 2 8 0
A P 1 0 0
J N 6 196 42 9 4609 576 1 5
K 1 28 45
K 1 42 45
K 0 0 43
K 0 49 43
K 0 42 45
K 1 42 45
K 0 49 59
K 0 28 59
A D 1 8 0
A P 1 186 0
A P 2 146 0
J N 6 225 42 9 5761 288 1 5
K 1 28 45
K 1 42 45
K 0 0 43
K 0 49 43
K 0 42 45
K 1 42 45
K 0 49 59
K 0 28 59
A D 1 8 0
A P 1 186 0
A P 2 146 0
H 5 B 46 0 108 2 2 3
J B 56 258 1 82 6913 288 0
J N 8 279 21 10 1 0 0
K 1 49 45
K 0 0 42
K 0 49 42
K -1 49 45
K 2 49 45
K 0 49 59
K 0 28 59
K 0 0 59
K 0 -14 59
A D 4 8 0
A P 1 203 0
A P 2 163 0
J N 7 375 21 10 4609 1152 0
K 1 49 45
K 0 0 43
K 0 49 43
K -1 49 45
K 2 49 45
K 0 49 59
K 0 28 59
K 0 0 59
K 0 -14 59
A D 2 8 0
A P 1 203 0
A P 2 163 0
J B 57 423 1 82 6913 576 0
J N 8 444 21 10 1 0 0
K 1 49 45
K 0 0 42
K 0 49 42
K -1 49 45
K 2 49 45
K 0 49 59
K 0 28 59
K 0 0 59
K 0 -14 59
A D 4 8 0
A P 1 203 0
A P 2 163 0
J N 7 539 14 6 4609 1152 0
K 0 0 43
K 0 28 43
K 0 28 59
K 0 0 59
K 0 -14 59
A D 2 8 0
A P 1 209 0
A P 2 186 0
J B 58 586 1 82 6913 576 0
J N 7 607 21 7 1 0 0
K 0 0 43
K 0 35 43
K 0 35 59
K 0 28 59
K 0 0 59
K 0 -14 59
A D 2 8 0
A P 1 203 0
A P 2 175 0
J R 7 654 28 2 2305 576 0
K 0 0 48
A D 2 8 1
A P 1 0 1
J R 7 701 28 2 4609 576 0
K 0 0 48
A D 2 8 0
A P 1 0 0
J B 59 748 1 82 6913 576 0
J R 9 816 28 2 1 0 0
K 0 0 46
A D 6 8 0
A P 3 0 0
J B 60 913 1 82 6913 1728 0
J R 9 980 28 2 1 0 0
K 0 0 46
A D 6 8 0
A P 3 0 0
J B 61 1075 1 82 6913 1728 0
J R 9 1143 28 2 1 0 0
K 0 0 46
A D 6 8 0
A P 3 0 0
J B 62 1240 1 82 6913 1728 0
J N 7 1261 21 10 1 0 0
K 1 49 45
K 0 0 43
K 0 49 43
K -1 49 45
K 2 49 45
K 0 49 59
K 0 28 59
K 0 0 59
K 0 -14 59
A D 2 8 0
A P 1 203 0
A P 2 163 0
J R 7 1308 28 2 2305 576 0
K 0 0 48
A D 2 8 1
A P 1 0 1
J R 7 1355 28 2 4609 576 0
K 0 0 48
A D 2 8 0
A P 1 0 0
J B 63 1402 1 82 6913 576 0
J R 9 1469 28 2 1 0 0
K 0 0 46
A D 6 8 0
A P 3 0 0
J B 64 1564 1 82 6913 1728 0
J R 9 1631 28 2 1 0 0
K 0 0 46
A D 6 8 0
A P 3 0 0
J B 65 1726 1 82 6913 1728 0
J R 9 1793 28 2 1 0 0
K 0 0 46
A D 6 8 0
A P 3 0 0
J B 66 1888 1 82 6913 1728 0
J N 7 1909 21 11 1 0 0
K 1 49 45
K 0 0 43
K 0 49 43
K -1 49 45
K 2 49 45
K 0 78 108
K 0 49 59
K 0 28 59
K 0 0 59
K 0 -14 59
A D 2 8 0
A P 1 203 0
A P 2 163 0
J R 7 1956 28 2 2305 576 0
K 0 0 48
A D 2 8 1
A P 1 0 1
J R 7 2003 28 2 4609 576 0
K 0 0 48
A D 2 8 0
A P 1 0 0
J B 67 2050 1 82 6913 576 0
E *
L 765 0 0 300 300 * 0 14 0
J D 0 -118 42 1 6913 0 0
W 0 -21 31 Timp.
J D 0 -118 42 1 6913 0 0
W 8 21 31 (C-G)
J C 22 5 14 36 6913 0 0
J K 0 57 0 0 6913 0 0
J D 0 -11 -14 1 6913 0 0
W 0 0 0 \05\05
J R 7 100 28 2 1 0 0
K 0 0 48
A D 2 8 1
A P 1 0 1
J R 7 148 28 2 2305 576 0
K 0 0 48
A D 2 8 0
A P 1 0 0
J N 6 196 56 2 4609 576 1 8
K 0 0 43
A D 1 8 0
A P 1 106 0
J N 6 225 56 2 5761 288 1 8
K 0 0 43
A D 1 8 0
A P 1 106 0
H 8 B 46 0 108 2 2 3
J B 56 258 1 82 6913 288 0
J N 8 279 35 7 1 0 0
K 0 0 42
K 25 0 44
K 0 -17 59
K 0 0 59
K 0 -16 59
K 0 -35 125
A D 6 8 0
A P 1 123 0
J B 57 423 1 82 6913 1728 0
J N 8 444 56 6 1 0 0
K 0 0 42
K 24 -6 44
K 0 0 59
K 0 -23 59
K 0 -42 125
A D 6 8 0
A P 1 106 0
J B 58 586 1 82 6913 1728 0
J N 7 607 35 4 1 0 0
K 0 0 43
K 0 0 59
K 0 -21 59
A D 2 8 0
A P 1 123 0
J R 7 654 28 2 2305 576 0
K 0 0 48
A D 2 8 1
A P 1 0 1
J R 7 701 28 2 4609 576 0
K 0 0 48
A D 2 8 0
A P 1 0 0
J B 59 748 1 82 6913 576 0
J R 9 816 28 2 1 0 0
K 0 0 46
A D 6 8 0
A P 1 0 0
J B 60 913 1 82 6913 1728 0
J R 9 980 28 2 1 0 0
K 0 0 46
A D 6 8 0
A P 1 0 0
J B 61 1075 1 82 6913 1728 0
J R 9 1143 28 2 1 0 0
K 0 0 46
A D 6 8 0
A P 1 0 0
J B 62 1240 1 82 6913 1728 0
J R 9 1307 28 2 1 0 0
K 0 0 46
A D 6 8 0
A P 1 0 0
J B 63 1402 1 82 6913 1728 0
J R 9 1469 28 2 1 0 0
K 0 0 46
A D 6 8 0
A P 1 0 0
J B 64 1564 1 82 6913 1728 0
J R 9 1631 28 2 1 0 0
K 0 0 46
A D 6 8 0
A P 1 0 0
J B 65 1726 1 82 6913 1728 0
J R 9 1793 28 2 1 0 0
K 0 0 46
A D 6 8 0
A P 1 0 0
J B 66 1888 1 82 6913 1728 0
J N 7 1909 35 5 1 0 0
K 0 0 43
K 0 46 108
K 0 0 59
K 0 -21 59
A D 2 8 0
A P 1 123 0
J R 7 1956 28 2 2305 576 0
K 0 0 48
A D 2 8 1
A P 1 0 1
J R 7 2003 28 2 4609 576 0
K 0 0 48
A D 2 8 0
A P 1 0 0
J B 67 2050 1 82 6913 576 0
E *
L 900 0 0 300 300 * 0 14 0
J D 0 -119 42 1 6913 0 0
W 0 0 31 Vln 1
J C 4 5 42 2 6913 0 0
K 0 0 33
K 0 0 34
J K 0 57 0 0 6913 0 0
J D 0 -11 -14 1 6913 0 0
W 0 0 0 \05\05
J N 7 100 -14 8 1 0 0
K 0 0 45
K 0 0 43
K -1 0 45
K 2 0 45
K 0 -17 96
K 0 0 60
K 0 21 60
A D 2 8 0
A P 1 232 0
J N 7 148 -14 8 2305 576 0
K 0 0 45
K 0 0 43
K -1 0 45
K 2 0 45
K 0 -17 96
K 0 0 60
K 0 21 60
A D 2 8 0
A P 1 232 0
J N 7 196 -21 8 4609 576 0
K 0 7 45
K 0 0 43
K 0 7 45
K 1 7 45
K 0 -17 96
K 0 0 60
K 0 21 60
A D 2 8 0
A P 1 238 0
J B 56 258 1 82 6913 576 0
J N 8 279 -28 10 1 0 0
K 0 14 45
K 0 0 45
K 0 0 42
K -1 0 45
K 2 0 45
K 0 112 111
K 12 112 110
K 0 0 60
K 0 28 60
A D 4 8 0
A P 1 243 0
J N 7 375 -14 8 4609 1152 0
K 0 0 45
K 0 0 43
K -1 0 45
K 2 0 45
K 0 -17 96
K 0 0 60
K 0 21 60
A D 2 8 0
A P 1 232 0
J B 57 423 1 82 6913 576 0
J N 8 444 -7 4 1 0 0
K 0 0 42
K 0 0 60
K 0 21 60
A D 4 8 0
A P 1 226 0
J N 7 539 28 5 4609 1152 0
K 0 0 43
K 0 -21 96
K 0 0 60
K 0 21 60
A D 2 8 0
A P 1 198 0
J B 58 586 1 82 6913 576 0
J N 7 607 21 5 1 0 0
K 0 0 43
K 0 -14 96
K 0 0 60
K 0 21 60
A D 2 8 0
A P 1 203 0
J R 7 654 28 2 2305 576 0
K 0 0 48
A D 2 8 0
A P 1 0 0
J N 7 701 21 5 4609 576 0
K 0 0 43
K 0 -14 96
K 0 0 60
K 0 21 60
A D 2 8 0
A P 1 203 0
J B 59 748 1 82 6913 576 0
J N 8 772 14 7 1 0 1 15
K -15 0 65
K 0 0 42
K -5 75 111
K 7 75 110
K 0 0 60
K 0 21 60
A D 4 8 0
A P 1 208 0
J N 7 866 28 4 4609 1152 1 15
K 0 0 43
K 0 0 60
K 0 21 60
A D 2 8 0
A P 1 198 0
H 15 S 0 0 0 0 0 0 0 0 0
J B 60 913 1 82 6913 576 0
J N 7 934 21 5 1 0 0
K 0 0 43
K 0 -14 96
K 0 0 60
K 0 21 60
A D 2 8 0
A P 1 203 0
J R 7 981 28 2 2305 576 0
K 0 0 48
A D 2 8 0
A P 1 0 0
J N 7 1028 21 5 4609 576 0
K 0 0 43
K 0 -14 96
K 0 0 60
K 0 21 60
A D 2 8 0
A P 1 203 0
J B 61 1075 1 82 6913 576 0
J N 8 1099 14 7 1 0 1 16
K -14 0 64
K 0 0 42
K -5 75 111
K 7 75 110
K 0 0 60
K 0 21 60
A D 4 8 0
A P 1 209 0
J N 7 1193 28 4 4609 1152 1 16
K 0 0 43
K 0 0 60
K 0 21 60
A D 2 8 0
A P 1 198 0
H 16 S 0 0 0 0 0 0 0 0 0
J B 62 1240 1 82 6913 576 0
J N 7 1261 21 5 1 0 0
K 0 0 43
K 0 -14 96
K 0 0 60
K 0 21 60
A D 2 8 0
A P 1 203 0
J N 7 1308 14 7 2305 576 1 17
K -15 0 65
K 0 0 43
K -5 75 111
K 7 75 110
K 0 0 60
K 0 21 60
A D 2 8 0
A P 1 208 0
J N 7 1355 28 4 4609 576 1 17
K 0 0 43
K 0 0 60
K 0 21 60
A D 2 8 0
A P 1 198 0
H 17 S 0 0 0 0 0 0 0 0 0
J B 63 1402 1 82 6913 576 0
J N 7 1423 21 5 1 0 0
K 0 0 43
K 0 -14 96
K 0 0 60
K 0 21 60
A D 2 8 0
A P 1 203 0
J N 7 1470 14 7 2305 576 1 18
K -14 0 64
K 0 0 43
K -5 75 111
K 7 75 110
K 0 0 60
K 0 21 60
A D 2 8 0
A P 1 209 0
J N 7 1517 28 4 4609 576 1 18
K 0 0 43
K 0 0 60
K 0 21 60
A D 2 8 0
A P 1 198 0
H 18 S 0 0 0 0 0 0 0 0 0
J B 64 1564 1 82 6913 576 0
J N 7 1585 21 5 1 0 0
K 0 0 43
K 0 -14 96
K 0 0 60
K 0 21 60
A D 2 8 0
A P 1 203 0
J N 7 1632 14 7 2305 576 1 19
K -15 0 65
K 0 0 43
K -5 75 111
K 7 75 110
K 0 0 60
K 0 21 60
A D 2 8 0
A P 1 208 0
J N 7 1679 28 4 4609 576 1 19
K 0 0 43
K 0 0 60
K 0 21 60
A D 2 8 0
A P 1 198 0
H 19 S 0 0 0 0 0 0 0 0 0
J B 65 1726 1 82 6913 576 0
J N 7 1747 21 5 1 0 0
K 0 0 43
K 0 -14 96
K 0 0 60
K 0 21 60
A D 2 8 0
A P 1 203 0
J N 7 1794 14 7 2305 576 1 20
K -14 0 64
K 0 0 43
K -5 75 111
K 7 75 110
K 0 0 60
K 0 21 60
A D 2 8 0
A P 1 209 0
J N 7 1841 28 4 4609 576 1 20
K 0 0 43
K 0 0 60
K 0 21 60
A D 2 8 0
A P 1 198 0
H 20 S 0 0 0 0 0 0 0 0 0
J B 66 1888 1 82 6913 576 0
J N 7 1909 21 6 1 0 0
K 0 0 43
K 0 -14 96
K 0 68 108
K 0 0 60
K 0 21 60
A D 2 8 0
A P 1 203 0
J N 7 1956 7 5 2305 576 0
K 0 0 43
K 0 -17 96
K 0 0 60
K 0 21 60
A D 2 8 0
A P 1 215 0
J N 7 2003 -7 4 4609 576 1 21
K 0 0 43
K 0 0 60
K 0 21 60
A D 2 8 1
A P 1 226 1
J B 67 2050 1 82 6913 576 0
J M 0 2050 0 0 6913 0 1 21
H 21 T -7 0 0 0 0 0 1 0
E *
L 1030 0 0 300 300 * 0 14 0
J D 0 -119 42 1 6913 0 0
W 0 0 31 Vln 2
J C 4 5 42 2 6913 0 0
K 0 0 33
K 0 0 34
J K 0 57 0 0 6913 0 0
J D 0 -11 -14 1 6913 0 0
W 0 0 0 \05\05
J N 7 100 35 5 1 0 0
K 0 0 43
K 0 14 96
K 0 0 59
K 0 -21 59
A D 2 8 0
A P 1 192 0
J N 7 148 35 5 2305 576 0
K 0 0 43
K 0 14 96
K 0 0 59
K 0 -21 59
A D 2 8 0
A P 1 192 0
J N 7 196 28 5 4609 576 0
K 0 0 43
K 0 -21 96
K 0 0 60
K 0 21 60
A D 2 8 0
A P 1 198 0
J B 56 258 1 82 6913 576 0
J N 8 279 21 6 1 0 0
K 0 0 42
K -5 70 111
K 7 70 110
K 0 0 60
K 0 21 60
A D 4 8 0
A P 1 203 0
J N 7 375 21 5 4609 1152 0
K 0 0 43
K 0 -14 96
K 0 0 60
K 0 21 60
A D 2 8 0
A P 1 203 0
J B 57 423 1 82 6913 576 0
J N 7 444 7 4 1 0 1 10
K 0 0 43
K 0 0 60
K 0 21 60
A D 2 8 0
A P 1 215 0
J N 7 492 21 4 2305 576 1 10
K 0 0 43
K 0 0 60
K 0 21 60
A D 2 8 0
A P 1 203 0
H 10 S 0 0 0 0 0 0 0 0 0
J N 7 539 49 11 4609 576 0
K 1 21 45
K 1 35 45
K 0 0 43
K 0 42 43
K 0 35 45
K 1 35 45
K 0 42 59
K 0 28 59
K 0 0 59
K 0 -21 59
A D 2 8 0
A P 1 180 0
A P 1 146 0
J B 58 586 1 82 6913 576 0
J N 7 607 56 11 1 0 0
K 1 14 45
K 1 28 45
K 0 0 43
K 0 35 43
K 0 28 45
K 1 28 45
K 0 35 59
K 0 28 59
K 0 0 59
K 0 -21 59
A D 2 8 0
A P 1 175 0
A P 1 146 0
J R 7 654 28 2 2305 576 0
K 0 0 48
A D 2 8 0
A P 1 0 0
J N 7 701 91 10 4609 576 0
K 1 -21 45
K 1 -7 45
K 0 0 43
K 0 -7 45
K 1 -7 45
K 0 17 96
K 0 0 59
K 0 -28 59
K 0 -35 59
A D 2 8 0
A P 1 146 0
J B 59 748 1 82 6913 576 0
J N 8 772 84 12 1 0 1 11
K 1 -14 45
K 1 0 45
K -15 0 65
K 0 0 42
K -1 0 45
K 2 0 45
K 24 -6 44
K -14 54 111
K -2 54 110
K 0 0 59
K 0 -28 59
A D 6 8 0
A P 1 151 0
J B 60 913 1 82 6913 1728 0
J N 7 934 91 10 1 0 1 11
K 1 -21 45
K 1 -7 45
K 0 0 43
K 0 -7 45
K 1 -7 45
K 0 17 96
K 0 0 59
K 0 -28 59
K 0 -35 59
A D 2 8 0
A P 1 146 0
H 11 S 12 0 0 0 14 0 0 0 0
J R 7 981 28 2 2305 576 0
K 0 0 48
A D 2 8 0
A P 1 0 0
J N 7 1028 42 5 4609 576 0
K 0 0 43
K 0 21 96
K 0 0 59
K 0 -21 59
A D 2 8 0
A P 1 186 0
J B 61 1075 1 82 6913 576 0
J N 8 1099 35 8 1 0 1 12
K -15 0 65
K 0 0 42
K 25 0 44
K 0 61 111
K 12 61 110
K 0 0 59
K 0 -21 59
A D 6 8 0
A P 1 191 0
J B 62 1240 1 82 6913 1728 0
J N 7 1261 42 5 1 0 1 12
K 0 0 43
K 0 21 96
K 0 0 59
K 0 -21 59
A D 2 8 0
A P 1 186 0
H 12 S 12 0 0 0 21 0 0 0 0
J N 8 1308 84 11 2305 576 1 13
K 1 -14 45
K 1 0 45
K -15 0 65
K 0 0 42
K -1 0 45
K 2 0 45
K -14 54 111
K -2 54 110
K 0 0 59
K 0 -28 59
A D 4 8 0
A P 1 151 0
J B 63 1402 1 82 6913 1152 0
J N 7 1423 91 10 1 0 1 13
K 1 -21 45
K 1 -7 45
K 0 0 43
K 0 -7 45
K 1 -7 45
K 0 17 96
K 0 0 59
K 0 -28 59
K 0 -35 59
A D 2 8 0
A P 1 146 0
H 13 S 12 0 0 0 14 0 0 0 0
J N 8 1470 35 7 2305 576 1 14
K -15 0 65
K 0 0 42
K 0 63 111
K 12 63 110
K 0 0 59
K 0 -21 59
A D 4 8 0
A P 1 191 0
J B 64 1564 1 82 6913 1152 0
J N 7 1585 42 5 1 0 1 14
K 0 0 43
K 0 21 96
K 0 0 59
K 0 -21 59
A D 2 8 0
A P 1 186 0
H 14 S 12 0 0 0 21 0 0 0 0
J N 8 1632 84 11 2305 576 1 15
K 1 -14 45
K 1 0 45
K -15 0 65
K 0 0 42
K -1 0 45
K 2 0 45
K -14 54 111
K -2 54 110
K 0 0 59
K 0 -28 59
A D 4 8 0
A P 1 151 0
J B 65 1726 1 82 6913 1152 0
J N 7 1747 91 10 1 0 1 15
K 1 -21 45
K 1 -7 45
K 0 0 43
K 0 -7 45
K 1 -7 45
K 0 17 96
K 0 0 59
K 0 -28 59
K 0 -35 59
A D 2 8 0
A P 1 146 0
H 15 S 12 0 0 0 14 0 0 0 0
J N 8 1794 35 7 2305 576 1 16
K -15 0 65
K 0 0 42
K 0 65 111
K 12 65 110
K 0 0 59
K 0 -21 59
A D 4 8 0
A P 1 191 0
J B 66 1888 1 82 6913 1152 0
J N 7 1909 42 6 1 0 1 16
K 0 0 43
K 0 21 96
K 0 56 108
K 0 0 59
K 0 -21 59
A D 2 8 0
A P 1 186 0
H 16 S 12 0 0 0 21 0 0 0 0
J R 7 1956 28 2 2305 576 0
K 0 0 48
A D 2 8 1
A P 1 0 1
J R 7 2003 28 2 4609 576 0
K 0 0 48
A D 2 8 0
A P 1 0 0
J B 67 2050 1 82 6913 576 0
E *
L 1155 0 0 300 300 * 0 14 0
J D 0 -86 42 1 6913 0 0
W 0 0 31 Vla
J C 13 5 28 35 6913 0 0
J K 0 57 0 0 6913 0 0
J D 0 -11 -14 1 6913 0 0
W 0 0 0 \05\05
J N 7 100 7 4 1 0 0
K 0 0 43
K 0 0 60
K 0 21 60
A D 1 4 0
A P 1 180 0
J N 7 148 21 4 2305 576 0
K 0 0 43
K 0 0 60
K 0 21 60
A D 1 4 0
A P 1 169 0
J N 7 196 0 4 4609 576 0
K 0 0 43
K 0 0 60
K 0 21 60
A D 1 4 0
A P 1 186 0
J B 56 258 1 82 6913 576 0
J N 7 279 14 4 1 0 0
K 0 0 43
K 0 0 60
K 0 21 60
A D 1 4 0
A P 1 175 0
J N 7 327 28 4 2305 576 0
K 0 0 43
K 0 0 60
K 0 21 60
A D 1 4 0
A P 1 163 0
J N 7 375 7 4 4609 576 0
K 0 0 43
K 0 0 60
K 0 21 60
A D 1 4 0
A P 1 180 0
J B 57 423 1 82 6913 576 0
J N 7 444 28 4 1 0 1 14
K 0 0 43
K 0 0 60
K 0 21 60
A D 1 4 0
A P 1 163 0
J N 7 492 14 4 2305 576 0
K 0 0 43
K 0 0 60
K 0 21 60
A D 1 4 0
A P 1 175 0
J N 7 539 21 4 4609 576 1 14
K 0 0 43
K 0 0 60
K 0 21 60
A D 1 4 0
A P 1 169 0
H 14 S 0 0 -7 0 -7 0 0 0 0
J B 58 586 1 82 6913 576 0
J N 7 607 28 4 1 0 0
K 0 0 43
K 0 0 60
K 0 21 60
A D 1 4 0
A P 1 163 0
J R 7 654 28 2 2305 576 0
K 0 0 48
A D 1 4 0
A P 1 0 0
J N 7 701 63 5 4609 576 0
K 0 0 43
K 0 17 96
K 0 0 59
K 0 -21 59
A D 1 4 0
A P 1 135 0
J B 59 748 1 82 6913 576 0
J N 8 772 56 7 1 0 1 15
K 0 0 42
K 24 -6 44
K -14 53 111
K -2 53 110
K 0 0 59
K 0 -21 59
A D 3 4 0
A P 1 140 0
J B 60 913 1 82 6913 1728 0
J N 7 934 63 5 1 0 1 15
K 0 0 43
K 0 17 96
K 0 0 59
K 0 -21 59
A D 1 4 0
A P 1 135 0
H 15 S 12 0 0 0 14 0 0 0 0
J R 7 981 28 2 2305 576 0
K 0 0 48
A D 1 4 0
A P 1 0 0
J N 7 1028 14 5 4609 576 0
K 0 0 43
K 0 -21 96
K 0 0 60
K 0 21 60
A D 1 4 0
A P 1 175 0
J B 61 1075 1 82 6913 576 0
J N 8 1099 7 7 1 0 1 16
K 0 0 42
K 25 0 44
K 0 77 111
K 12 77 110
K 0 0 60
K 0 21 60
A D 3 4 0
A P 1 180 0
J B 62 1240 1 82 6913 1728 0
J N 7 1261 14 5 1 0 1 16
K 0 0 43
K 0 -21 96
K 0 0 60
K 0 21 60
A D 1 4 0
A P 1 175 0
H 16 S 0 0 0 0 -21 0 0 0 0
J N 8 1308 56 6 2305 576 1 17
K 0 0 42
K -9 58 111
K 3 58 110
K 0 0 59
K 0 -21 59
A D 2 4 0
A P 1 140 0
J B 63 1402 1 82 6913 1152 0
J N 7 1423 63 5 1 0 1 17
K 0 0 43
K 0 17 96
K 0 0 59
K 0 -21 59
A D 1 4 0
A P 1 135 0
H 17 S 12 0 0 0 14 0 0 0 0
J N 8 1470 7 6 2305 576 1 18
K 0 0 42
K 0 77 111
K 12 77 110
K 0 0 60
K 0 21 60
A D 2 4 0
A P 1 180 0
J B 64 1564 1 82 6913 1152 0
J N 7 1585 14 5 1 0 1 18
K 0 0 43
K 0 -21 96
K 0 0 60
K 0 21 60
A D 1 4 0
A P 1 175 0
H 18 S 0 0 0 0 -21 0 0 0 0
J N 8 1632 56 6 2305 576 1 19
K 0 0 42
K -9 58 111
K 3 58 110
K 0 0 59
K 0 -21 59
A D 2 4 0
A P 1 140 0
J B 65 1726 1 82 6913 1152 0
J N 7 1747 63 5 1 0 1 19
K 0 0 43
K 0 17 96
K 0 0 59
K 0 -21 59
A D 1 4 0
A P 1 135 0
H 19 S 12 0 0 0 14 0 0 0 0
J N 8 1794 7 6 2305 576 1 20
K 0 0 42
K 0 77 111
K 12 77 110
K 0 0 60
K 0 21 60
A D 2 4 0
A P 1 180 0
J B 66 1888 1 82 6913 1152 0
J N 7 1909 14 6 1 0 1 20
K 0 0 43
K 0 -21 96
K 0 70 108
K 0 0 60
K 0 21 60
A D 1 4 0
A P 1 175 0
H 20 S 0 0 0 0 -21 0 0 0 0
J R 7 1956 28 2 2305 576 0
K 0 0 48
A D 1 4 1
A P 1 0 1
J R 7 2003 28 2 4609 576 0
K 0 0 48
A D 1 4 0
A P 1 0 0
J B 67 2050 1 82 6913 576 0
E *
L 1280 0 0 300 300 * 0 14 0
J D 0 -140 42 1 6913 0 0
W 0 0 31 Vc+Cb
J C 22 5 14 36 6913 0 0
J K 0 57 0 0 6913 0 0
J D 0 -11 -14 1 6913 0 0
W 0 0 0 \05\05
J N 7 100 14 4 1 0 0
K 0 0 43
K 0 0 60
K 0 21 60
A D 1 4 0
A P 3 140 0
J N 7 148 28 4 2305 576 0
K 0 0 43
K 0 0 60
K 0 21 60
A D 1 4 0
A P 3 129 0
J N 7 196 7 4 4609 576 0
K 0 0 43
K 0 0 60
K 0 21 60
A D 1 4 0
A P 3 146 0
J B 56 258 1 82 6913 576 0
J N 7 279 21 4 1 0 0
K 0 0 43
K 0 0 60
K 0 21 60
A D 1 4 0
A P 3 135 0
J N 7 327 35 4 2305 576 0
K 0 0 43
K 0 0 59
K 0 -21 59
A D 1 4 0
A P 3 123 0
J N 7 375 14 4 4609 576 0
K 0 0 43
K 0 0 60
K 0 21 60
A D 1 4 0
A P 3 140 0
J B 57 423 1 82 6913 576 0
J N 7 444 56 4 1 0 0
K 0 0 43
K 0 0 59
K 0 -21 59
A D 1 4 0
A P 3 106 0
J N 7 492 7 4 2305 576 0
K 0 0 43
K 0 0 60
K 0 21 60
A D 1 4 0
A P 3 146 0
J N 7 539 7 4 4609 576 0
K 0 0 43
K 0 0 60
K 0 21 60
A D 1 4 0
A P 3 146 0
J B 58 586 1 82 6913 576 0
J N 7 607 35 4 1 0 0
K 0 0 43
K 0 0 59
K 0 -21 59
A D 1 4 0
A P 3 123 0
J N 7 654 -14 7 2305 576 0
K 0 0 45
K 0 0 43
K -1 0 45
K 2 0 45
K 0 0 60
K 0 21 60
A D 1 4 0
A P 3 163 0
J N 7 701 -14 7 4609 576 0
K 0 0 45
K 0 0 43
K -1 0 45
K 2 0 45
K 0 0 60
K 0 21 60
A D 1 4 0
A P 3 163 0
J B 59 748 1 82 6913 576 0
J N 7 772 -14 9 1 0 0
K 0 0 45
K 0 0 43
K -1 0 45
K 2 0 45
K 0 98 111
K 12 98 110
K 0 0 60
K 0 21 60
A D 1 4 0
A P 3 163 0
J N 7 819 -14 7 2305 576 0
K 0 0 45
K 0 0 43
K -1 0 45
K 2 0 45
K 0 0 60
K 0 21 60
A D 1 4 0
A P 3 163 0
J N 7 866 -14 7 4609 576 0
K 0 0 45
K 0 0 43
K -1 0 45
K 2 0 45
K 0 0 60
K 0 21 60
A D 1 4 0
A P 3 163 0
J B 60 913 1 82 6913 576 0
J N 7 934 35 4 1 0 0
K 0 0 43
K 0 0 59
K 0 -21 59
A D 1 4 0
A P 3 123 0
J N 7 981 -14 7 2305 576 0
K 0 0 45
K 0 0 43
K -1 0 45
K 2 0 45
K 0 0 60
K 0 21 60
A D 1 4 0
A P 3 163 0
J N 7 1028 -14 7 4609 576 0
K 0 0 45
K 0 0 43
K -1 0 45
K 2 0 45
K 0 0 60
K 0 21 60
A D 1 4 0
A P 3 163 0
J B 61 1075 1 82 6913 576 0
J N 7 1099 -14 9 1 0 0
K 0 0 45
K 0 0 43
K -1 0 45
K 2 0 45
K 0 98 111
K 12 98 110
K 0 0 60
K 0 21 60
A D 1 4 0
A P 3 163 0
J N 7 1146 -14 7 2305 576 0
K 0 0 45
K 0 0 43
K -1 0 45
K 2 0 45
K 0 0 60
K 0 21 60
A D 1 4 0
A P 3 163 0
J N 7 1193 -14 7 4609 576 0
K 0 0 45
K 0 0 43
K -1 0 45
K 2 0 45
K 0 0 60
K 0 21 60
A D 1 4 0
A P 3 163 0
J B 62 1240 1 82 6913 576 0
J N 7 1261 35 4 1 0 0
K 0 0 43
K 0 0 59
K 0 -21 59
A D 1 4 0
A P 3 123 0
J N 8 1308 -14 9 2305 576 0
K 0 0 45
K 0 0 42
K -1 0 45
K 2 0 45
K 0 98 111
K 12 98 110
K 0 0 60
K 0 21 60
A D 2 4 0
A P 3 163 0
J B 63 1402 1 82 6913 1152 0
J N 7 1423 35 4 1 0 0
K 0 0 43
K 0 0 59
K 0 -21 59
A D 1 4 0
A P 3 123 0
J N 8 1470 -14 9 2305 576 0
K 0 0 45
K 0 0 42
K -1 0 45
K 2 0 45
K 0 98 111
K 12 98 110
K 0 0 60
K 0 21 60
A D 2 4 0
A P 3 163 0
J B 64 1564 1 82 6913 1152 0
J N 7 1585 35 4 1 0 0
K 0 0 43
K 0 0 59
K 0 -21 59
A D 1 4 0
A P 3 123 0
J N 8 1632 -14 9 2305 576 0
K 0 0 45
K 0 0 42
K -1 0 45
K 2 0 45
K 0 98 111
K 12 98 110
K 0 0 60
K 0 21 60
A D 2 4 0
A P 3 163 0
J B 65 1726 1 82 6913 1152 0
J N 7 1747 35 4 1 0 0
K 0 0 43
K 0 0 59
K 0 -21 59
A D 1 4 0
A P 3 123 0
J N 8 1794 -14 9 2305 576 0
K 0 0 45
K 0 0 42
K -1 0 45
K 2 0 45
K 0 98 111
K 12 98 110
K 0 0 60
K 0 21 60
A D 2 4 0
A P 3 163 0
J B 66 1888 1 82 6913 1152 0
J N 7 1909 35 5 1 0 0
K 0 0 43
K 0 46 108
K 0 0 59
K 0 -21 59
A D 1 4 0
A P 3 123 0
J R 7 1956 28 2 2305 576 0
K 0 0 48
A D 1 4 1
A P 3 0 1
J R 7 2003 28 2 4609 576 0
K 0 0 48
A D 1 4 0
A P 3 0 0
J B 67 2050 1 82 6913 576 0
E *
B 1 258 0
B 1 423 0
B 1 586 0
B 1 748 0
B 1 913 0
B 1 1075 0
B 1 1240 0
B 1 1402 0
B 1 1564 0
B 1 1726 0
B 1 1888 0
B 1 2050 0
