S 0 200 140 2050 84 1 "(.)"
L 0 0 0 392 392 * 0 21 0
J C 4 7 63 2 6913 0 0
K 0 0 33
K 0 0 34
J K 2 85 0 2 6913 0 0
K 0 0 63
K 21 31 63
J D 0 -39 -21 1 6913 0 0
W 0 0 37 \03\09\02
J N 6 193 -21 7 1 0 1 443
K 0 0 45
K 0 0 43
K -1 0 45
K 6 0 45
K 0 153 111
K 18 153 110
A D 2 16 0
A P 3 232 0
J N 6 259 -11 3 865 288 1 443
K -25 0 63
K 0 0 43
A D 2 16 0
A P 3 227 0
J N 6 300 -21 5 1729 288 1 443
K 0 0 45
K 0 0 43
K -1 0 45
K 6 0 45
A D 2 16 0
A P 3 232 0
J N 6 338 -11 2 2593 288 1 443
K 0 0 43
A D 2 16 0
A P 3 227 0
H 443 B -84 0 112 4 2 1 1 3
J N 6 379 -21 5 3457 288 1 444
K 0 0 45
K 0 0 43
K -1 0 45
K 6 0 45
A D 2 16 0
A P 3 232 0
J N 6 443 0 3 4321 288 1 444
K -25 0 63
K 0 0 43
A D 2 16 0
A P 3 221 0
J N 6 481 10 2 5185 288 1 444
K 0 0 43
A D 2 16 0
A P 3 215 0
J N 6 519 21 2 6049 288 1 444
K 0 0 43
A D 2 16 0
A P 3 209 0
H 444 B -88 5 112 4 2 1 1 3
J B 393 561 1 82 6913 288 0
J N 6 599 -11 5 1 0 1 445
K -22 0 64
K 0 0 43
K 0 143 111
K 18 143 110
A D 2 16 0
A P 3 226 0
J N 6 637 0 2 865 288 1 445
K 0 0 43
A D 2 16 0
A P 3 221 0
J N 6 677 -11 2 1729 288 1 445
K 0 0 43
A D 2 16 0
A P 3 226 0
J N 6 714 0 2 2593 288 1 445
K 0 0 43
A D 2 16 0
A P 3 221 0
H 445 B -80 0 112 4 2 1 1 3
J N 6 754 -11 2 3457 288 1 446
K 0 0 43
A D 2 16 0
A P 3 226 0
J N 6 791 10 2 4321 288 1 446
K 0 0 43
A D 2 16 0
A P 3 215 0
J N 6 828 21 2 5185 288 1 446
K 0 0 43
A D 2 16 0
A P 3 209 0
J N 6 865 31 2 6049 288 1 446
K 0 0 43
A D 2 16 0
A P 3 204 0
H 446 B -100 6 112 4 2 1 1 3
J B 394 906 1 82 6913 288 0
J N 8 938 21 14 1 0 0
K 0 -42 45
K 0 -63 45
K 0 -74 42
K 0 -63 45
K 2 -63 45
K 0 0 42
K -10 126 110
K 15 126 110
K 0 -74 60
K 0 -32 60
K 0 0 60
K 0 34 60
K -26 63 125
A D 8 16 0
A P 3 249 0
A P 3 209 0
J N 8 1016 21 12 3457 1152 0
K 0 -42 45
K 0 -63 45
K 0 -74 42
K 0 -63 45
K 2 -63 45
K 0 0 42
K 0 -74 60
K 0 -32 60
K 0 0 60
K 0 34 60
K -26 63 125
A D 8 16 0
A P 3 249 0
A P 3 209 0
J B 395 1094 1 82 6913 1152 0
J N 8 1126 21 12 1 0 0
K 0 -42 45
K 0 -63 45
K 0 -74 42
K 0 -63 45
K 2 -63 45
K 0 0 42
K 0 -74 60
K 0 -32 60
K 0 0 60
K 0 34 60
K -26 63 125
A D 8 16 0
A P 3 249 0
A P 3 209 0
J N 8 1204 21 12 3457 1152 0
K 0 -42 45
K 0 -63 45
K 0 -74 42
K 0 -63 45
K 2 -63 45
K 0 0 42
K 0 -74 60
K 0 -32 60
K 0 0 60
K 0 34 60
K -26 63 125
A D 8 16 0
A P 3 249 0
A P 3 209 0
J B 396 1282 1 82 6913 1152 0
J N 8 1314 21 12 1 0 0
K 0 -42 45
K 0 -63 45
K 0 -74 42
K 0 -63 45
K 2 -63 45
K 0 0 42
K 0 -74 60
K 0 -32 60
K 0 0 60
K 0 34 60
K -26 63 125
A D 8 16 0
A P 3 249 0
A P 3 209 0
J N 8 1392 21 12 3457 1152 0
K 0 -42 45
K 0 -63 45
K 0 -74 42
K 0 -63 45
K 2 -63 45
K 0 0 42
K 0 -74 60
K 0 -32 60
K 0 0 60
K 0 34 60
K -26 63 125
A D 8 16 0
A P 3 249 0
A P 3 209 0
J B 397 1470 1 82 6913 1152 0
J N 8 1502 21 12 1 0 0
K 0 -42 45
K 0 -63 45
K 0 -74 42
K 0 -63 45
K 2 -63 45
K 0 0 42
K 0 -74 60
K 0 -32 60
K 0 0 60
K 0 34 60
K -26 63 125
A D 8 16 0
A P 3 249 0
A P 3 209 0
J N 8 1580 21 12 3457 1152 0
K 0 -42 45
K 0 -63 45
K 0 -74 42
K 0 -63 45
K 2 -63 45
K 0 0 42
K 0 -74 60
K 0 -32 60
K 0 0 60
K 0 34 60
K -26 63 125
A D 8 16 0
A P 3 249 0
A P 3 209 0
J B 398 1658 1 82 6913 1152 0
J N 8 1698 -53 14 1 0 0
K 0 32 45
K 0 11 45
K -25 0 63
K 0 0 42
K 0 11 45
K 2 11 45
K -16 185 111
K 2 185 110
K 0 49 60
K 0 0 60
K 0 42 60
K 0 47 60
K -26 76 125
A D 8 16 0
A P 3 250 0
J N 8 1776 -53 11 3457 1152 0
K 0 32 45
K 0 11 45
K 0 0 42
K 0 11 45
K 2 11 45
K 0 49 60
K 0 0 60
K 0 42 60
K 0 47 60
K -26 76 125
A D 8 16 0
A P 3 250 0
J B 399 1854 1 82 6913 1152 0
J N 8 1894 -53 12 1 0 0
K 0 32 45
K 0 11 45
K -25 0 63
K 0 0 42
K 0 11 45
K 2 11 45
K 0 49 60
K 0 0 60
K 0 42 60
K 0 47 60
K -26 76 125
A D 8 16 0
A P 3 250 0
J N 8 1972 -53 11 3457 1152 0
K 0 32 45
K 0 11 45
K 0 0 42
K 0 11 45
K 2 11 45
K 0 49 60
K 0 0 60
K 0 42 60
K 0 47 60
K -26 76 125
A D 8 16 0
A P 3 250 0
J B 400 2050 1 82 6913 1152 0
E *
B 1 561 0
B 1 906 0
B 1 1094 0
B 1 1282 0
B 1 1470 0
B 1 1658 0
B 1 1854 0
B 1 2050 0
S 0 200 455 2050 84 1 "(.)"
L 0 0 0 392 392 * 0 21 0
J C 4 7 63 2 6913 0 0
K 0 0 33
K 0 0 34
J K 2 85 0 2 6913 0 0
K 0 0 63
K 21 31 63
J D 0 -39 -21 1 6913 0 0
W 0 0 37 \04\00\00
J N 8 193 -63 11 1 0 0
K 0 42 45
K 0 21 45
K 0 0 45
K 0 0 42
K -1 0 45
K 6 0 45
K 0 0 60
K 0 42 60
K 0 57 60
K -26 86 125
A D 8 16 0
A P 3 255 0
J N 8 259 -84 12 3457 1152 0
K 0 63 45
K 0 42 45
K 0 21 45
K 0 0 45
K 0 0 42
K -1 0 45
K 6 0 45
K 0 0 60
K 0 42 60
K 0 78 60
K -26 107 125
A D 8 16 0
A P 3 266 0
J B 401 330 1 82 6913 1152 0
J N 8 367 -53 12 1 0 0
K 0 32 45
K 0 11 45
K -22 0 64
K 0 0 42
K 0 11 45
K 2 11 45
K 0 49 60
K 0 0 60
K 0 42 60
K 0 47 60
K -26 76 125
A D 8 16 0
A P 3 249 0
J N 8 433 -42 9 3457 1152 0
K 0 21 45
K 0 0 45
K 0 0 42
K -1 0 45
K 6 0 45
K 0 0 60
K 0 36 60
K -26 65 125
A D 8 16 0
A P 3 244 0
J B 402 504 1 82 6913 1152 0
J N 7 536 -53 9 1 0 0
K 0 32 45
K 0 11 45
K 0 0 43
K 0 11 45
K 2 11 45
K 0 0 60
K 0 42 60
K 0 53 60
A D 4 16 0
A P 3 249 0
J R 7 583 42 2 1729 576 0
K 0 0 48
A D 4 16 1
A P 3 0 1
J R 7 630 42 2 3457 576 0
K 0 0 48
A D 4 16 1
A P 3 0 1
J R 6 677 42 2 5185 576 0
K 0 0 49
A D 2 16 0
A P 3 0 0
J N 6 713 0 4 6049 288 0
K 0 0 43
K 0 121 108
K 0 0 54
A D 2 16 0
A P 3 221 0
J B 403 755 1 82 6913 288 0
J N 7 787 0 6 1 0 1 447
K 0 0 43
K 36 -9 44
K 0 -26 236
K 0 0 60
K 0 31 60
A D 6 16 0
A P 3 221 0
J N 5 844 10 2 2593 864 1 448
K 0 0 43
A D 1 16 0
A P 3 215 0
J N 5 884 0 2 3025 144 2 448 447
K 0 0 43
A D 1 16 0
A P 3 221 0
H 448 B -80 -3 112 2 22 33
H 447 S 0 0 0 0 0 0 0 0 0
J N 7 924 -21 8 3457 144 0
K 0 0 45
K 0 0 43
K -1 0 45
K 6 0 45
K 0 -26 96
K 0 0 60
K 0 31 60
A D 4 16 0
A P 3 232 0
J N 7 971 21 5 5185 576 0
K 0 0 43
K 0 -32 96
K 0 0 60
K 0 31 60
A D 4 16 0
A P 3 209 0
J B 404 1024 1 82 6913 576 0
J N 7 1056 31 4 1 0 0
K 0 0 43
K 0 0 60
K 0 32 60
A D 4 16 0
A P 3 204 0
J R 7 1102 42 2 1729 576 0
K 0 0 48
A D 4 16 1
A P 3 0 1
J R 7 1148 42 2 3457 576 0
K 0 0 48
A D 4 16 1
A P 3 0 1
J R 6 1194 42 2 5185 576 0
K 0 0 49
A D 2 16 0
A P 3 0 0
J N 6 1229 31 3 6049 288 0
K 0 0 43
K 0 0 54
A D 2 16 0
A P 3 204 0
J B 405 1270 1 82 6913 288 0
J N 7 1302 31 6 1 0 1 449
K 0 0 43
K 38 0 44
K 0 -47 236
K 0 0 60
K 0 32 60
A D 6 16 0
A P 3 204 0
J N 5 1360 42 2 2593 864 1 450
K 0 0 43
A D 1 16 0
A P 3 198 0
J N 5 1400 31 2 3025 144 2 450 449
K 0 0 43
A D 1 16 0
A P 3 204 0
H 450 B -69 -4 112 2 22 33
H 449 S 0 0 0 0 0 0 0 0 0
J N 7 1440 10 5 3457 144 0
K 0 0 43
K 0 -26 96
K 0 0 60
K 0 32 60
A D 4 16 0
A P 3 215 0
J N 7 1486 52 5 5185 576 0
K 0 0 43
K 0 21 96
K 0 0 59
K 0 -31 59
A D 4 16 0
A P 3 192 0
J B 406 1538 1 82 6913 576 0
J N 7 1570 21 4 1 0 0
K 0 0 43
K 0 0 60
K 0 31 60
A D 4 16 0
A P 3 209 0
J R 7 1616 42 2 1729 576 0
K 0 0 48
A D 4 16 1
A P 3 0 1
J R 7 1662 42 2 3457 576 0
K 0 0 48
A D 4 16 1
A P 3 0 1
J R 6 1708 42 2 5185 576 0
K 0 0 49
A D 2 16 0
A P 3 0 0
J N 6 1743 0 3 6049 288 0
K 0 0 43
K 0 0 54
A D 2 16 0
A P 3 221 0
J B 407 1784 1 82 6913 288 0
J N 7 1816 0 6 1 0 1 451
K 0 0 43
K 36 -9 44
K 0 -26 236
K 0 0 60
K 0 31 60
A D 6 16 0
A P 3 221 0
J N 5 1872 10 2 2593 864 1 452
K 0 0 43
A D 1 16 0
A P 3 215 0
J N 5 1912 0 2 3025 144 2 452 451
K 0 0 43
A D 1 16 0
A P 3 221 0
H 452 B -80 -3 112 2 22 33
H 451 S 0 0 0 0 0 0 0 0 0
J N 7 1952 -21 8 3457 144 0
K 0 0 45
K 0 0 43
K -1 0 45
K 6 0 45
K 0 -26 96
K 0 0 60
K 0 31 60
A D 4 16 0
A P 3 232 0
J N 7 1998 21 5 5185 576 0
K 0 0 43
K 0 -32 96
K 0 0 60
K 0 31 60
A D 4 16 0
A P 3 209 0
J B 408 2050 1 82 6913 576 0
E *
B 1 330 0
B 1 504 0
B 1 755 0
B 1 1024 0
B 1 1270 0
B 1 1538 0
B 1 1784 0
B 1 2050 0
S 0 200 770 2050 84 1 "(.)"
L 0 0 0 392 392 * 0 21 0
J C 4 7 63 2 6913 0 0
K 0 0 33
K 0 0 34
J K 2 85 0 2 6913 0 0
K 0 0 63
K 21 31 63
J D 0 -39 -21 1 6913 0 0
W 0 0 37 \04\00\08
J N 7 193 31 4 1 0 0
K 0 0 43
K 0 0 60
K 0 32 60
A D 4 16 0
A P 3 204 0
J R 7 246 42 2 1729 576 0
K 0 0 48
A D 4 16 1
A P 3 0 1
J R 7 299 42 2 3457 576 0
K 0 0 48
A D 4 16 1
A P 3 0 1
J R 6 352 42 2 5185 576 0
K 0 0 49
A D 2 16 0
A P 3 0 0
J N 6 394 31 3 6049 288 0
K 0 0 43
K 0 0 54
A D 2 16 0
A P 3 204 0
J B 409 436 1 82 6913 288 0
J N 7 468 31 6 1 0 1 453
K 0 0 43
K 38 0 44
K 0 -47 236
K 0 0 60
K 0 32 60
A D 6 16 0
A P 3 204 0
J N 5 534 42 2 2593 864 1 454
K 0 0 43
A D 1 16 0
A P 3 198 0
J N 5 574 31 2 3025 144 2 454 453
K 0 0 43
A D 1 16 0
A P 3 204 0
H 454 B -69 -4 112 2 22 33
H 453 S 0 0 0 0 0 0 0 0 0
J N 7 614 10 5 3457 144 0
K 0 0 43
K 0 -26 96
K 0 0 60
K 0 32 60
A D 4 16 0
A P 3 215 0
J N 7 667 52 5 5185 576 0
K 0 0 43
K 0 21 96
K 0 0 59
K 0 -31 59
A D 4 16 0
A P 3 192 0
J B 410 720 1 82 6913 576 0
J N 7 752 21 5 1 0 0
K 0 0 43
K 0 -32 96
K 0 0 60
K 0 31 60
A D 4 16 0
A P 3 209 0
J N 7 805 0 5 1729 576 0
K 0 0 43
K 0 -26 236
K 0 0 60
K 0 31 60
A D 4 16 0
A P 3 221 0
J D 0 837 0 1 3457 576 0
W 0 142 36 cresc.
J N 7 858 -21 8 3457 0 0
K 0 0 45
K 0 0 43
K -1 0 45
K 6 0 45
K 0 -26 96
K 0 0 60
K 0 31 60
A D 4 16 0
A P 3 232 0
J N 7 911 21 5 5185 576 0
K 0 0 43
K 0 -32 96
K 0 0 60
K 0 31 60
A D 4 16 0
A P 3 209 0
J B 411 964 1 82 6913 576 0
J R 7 996 42 2 1 0 0
K 0 0 48
A D 4 16 0
A P 3 0 0
J N 7 1049 31 5 1729 576 0
K 0 0 43
K 0 -47 236
K 0 0 60
K 0 32 60
A D 4 16 0
A P 3 204 0
J N 7 1102 10 5 3457 576 0
K 0 0 43
K 0 -26 96
K 0 0 60
K 0 32 60
A D 4 16 0
A P 3 215 0
J N 7 1155 52 5 5185 576 0
K 0 0 43
K 0 21 96
K 0 0 59
K 0 -31 59
A D 4 16 0
A P 3 192 0
J B 412 1208 1 82 6913 576 0
J R 7 1240 42 2 1 0 0
K 0 0 48
A D 4 16 0
A P 3 0 0
J N 7 1293 0 5 1729 576 0
K 0 0 43
K 0 -26 236
K 0 0 60
K 0 31 60
A D 4 16 0
A P 3 221 0
J N 7 1346 -21 8 3457 576 0
K 0 0 45
K 0 0 43
K -1 0 45
K 6 0 45
K 0 -26 96
K 0 0 60
K 0 31 60
A D 4 16 0
A P 3 232 0
J N 7 1399 21 5 5185 576 0
K 0 0 43
K 0 -32 96
K 0 0 60
K 0 31 60
A D 4 16 0
A P 3 209 0
J B 413 1452 1 82 6913 576 0
J R 7 1484 42 2 1 0 0
K 0 0 48
A D 4 16 0
A P 3 0 0
J N 7 1537 31 5 1729 576 0
K 0 0 43
K 0 -47 236
K 0 0 60
K 0 32 60
A D 4 16 0
A P 3 204 0
J N 7 1590 10 5 3457 576 0
K 0 0 43
K 0 -26 96
K 0 0 60
K 0 32 60
A D 4 16 0
A P 3 215 0
J N 7 1643 52 5 5185 576 0
K 0 0 43
K 0 21 96
K 0 0 59
K 0 -31 59
A D 4 16 0
A P 3 192 0
J B 414 1696 1 82 6913 576 0
J N 7 1728 21 5 1 0 0
K 0 0 43
K 0 111 110
K 0 0 60
K 0 31 60
A D 4 16 0
A P 3 209 0
J R 7 1781 42 2 1729 576 0
K 0 0 48
A D 4 16 0
A P 3 0 0
J N 8 1834 73 6 3457 576 1 455
K 0 0 42
K 0 80 110
K 25 80 110
K 0 0 59
K 0 -31 59
A D 8 16 1
A P 3 181 1
J B 415 1916 1 82 6913 1152 0
J N 9 1948 73 3 1 0 1 455
K 0 0 41
K 0 -94 101
A D 16 16 0
A P 3 181 0
H 455 T 73 0 0 0 0 0 9 0
J B 416 2050 1 82 6913 2304 0
E *
B 1 436 0
B 1 720 0
B 1 964 0
B 1 1208 0
B 1 1452 0
B 1 1696 0
B 1 1916 0
B 1 2050 0
S 0 200 1085 2050 84 1 "(.)"
L 0 0 0 392 392 * 0 21 0
J C 4 7 63 2 6913 0 0
K 0 0 33
K 0 0 34
J K 2 85 0 2 6913 0 0
K 0 0 63
K 21 31 63
J D 0 -39 -21 1 6913 0 0
W 0 0 37 \04\01\06
J N 7 193 73 6 1 0 0
K 0 0 43
K 0 53 108
K 34 53 108
K 0 0 59
K 0 -31 59
A D 4 16 0
A P 3 181 0
J N 7 239 73 4 1729 576 0
K 0 0 43
K 0 0 59
K 0 -31 59
A D 4 16 0
A P 3 181 0
J R 7 285 42 2 3457 576 0
K 0 0 48
A D 4 16 0
A P 3 0 0
J N 7 331 73 4 5185 576 0
K 0 0 43
K 0 0 59
K 0 -31 59
A D 4 16 0
A P 3 181 0
J B 417 383 1 82 6913 576 0
J R 7 415 42 2 1 0 0
K 0 0 48
A D 4 16 0
A P 3 0 0
J N 7 461 73 4 1729 576 0
K 0 0 43
K 0 0 59
K 0 -31 59
A D 4 16 0
A P 3 181 0
J R 7 507 42 2 3457 576 0
K 0 0 48
A D 4 16 0
A P 3 0 0
J N 7 553 73 4 5185 576 0
K 0 0 43
K 0 0 59
K 0 -31 59
A D 4 16 0
A P 3 181 0
J B 418 605 1 82 6913 576 0
J N 7 637 73 4 1 0 0
K 0 0 43
K 0 0 59
K 0 -31 59
A D 4 16 0
A P 3 181 0
J R 6 683 42 2 1729 576 0
K 0 0 49
A D 2 16 0
A P 3 0 0
J N 6 742 10 6 2593 288 1 456
K -25 0 63
K 0 0 43
K 0 116 108
K 34 116 108
K 0 0 54
A D 2 16 0
A P 3 216 0
J N 7 782 0 4 3457 288 1 456
K 0 0 43
K 0 0 60
K 0 31 60
A D 4 16 0
A P 3 221 0
H 456 S 0 0 0 0 0 0 0 0 0
J R 7 828 42 2 5185 576 0
K 0 0 48
A D 4 16 0
A P 3 0 0
J B 419 880 1 82 6913 576 0
J R 9 987 42 46 1 10000 0
J B 420 1137 1 82 6913 2304 0
J N 7 1169 63 6 1 0 0
K 0 0 43
K 0 63 108
K 34 63 108
K 0 0 59
K 0 -32 59
A D 4 16 0
A P 3 186 0
J N 7 1215 63 4 1729 576 0
K 0 0 43
K 0 0 59
K 0 -32 59
A D 4 16 0
A P 3 186 0
J R 7 1261 42 2 3457 576 0
K 0 0 48
A D 4 16 0
A P 3 0 0
J N 7 1307 63 4 5185 576 0
K 0 0 43
K 0 0 59
K 0 -32 59
A D 4 16 0
A P 3 186 0
J B 421 1359 1 82 6913 576 0
J R 7 1391 42 2 1 0 0
K 0 0 48
A D 4 16 0
A P 3 0 0
J N 7 1437 63 4 1729 576 0
K 0 0 43
K 0 0 59
K 0 -32 59
A D 4 16 0
A P 3 186 0
J R 7 1483 42 2 3457 576 0
K 0 0 48
A D 4 16 0
A P 3 0 0
J N 7 1529 63 4 5185 576 0
K 0 0 43
K 0 0 59
K 0 -32 59
A D 4 16 0
A P 3 186 0
J B 422 1581 1 82 6913 576 0
J N 7 1613 63 4 1 0 0
K 0 0 43
K 0 0 59
K 0 -32 59
A D 4 16 0
A P 3 186 0
J R 6 1659 42 2 1729 576 0
K 0 0 49
A D 2 16 0
A P 3 0 0
J N 6 1694 0 5 2593 288 1 457
K 0 0 43
K 0 126 108
K 34 126 108
K 0 0 54
A D 2 16 0
A P 3 221 0
J N 7 1734 -11 4 3457 288 1 457
K 0 0 43
K 0 0 60
K 0 32 60
A D 4 16 0
A P 3 226 0
H 457 S 0 0 0 0 0 0 0 0 0
J R 7 1780 42 2 5185 576 0
K 0 0 48
A D 4 16 0
A P 3 0 0
J B 423 1832 1 82 6913 576 0
J R 8 1864 42 2 1 0 0
K 0 0 47
A D 8 16 1
A P 3 0 1
J R 7 1928 42 2 3457 1152 0
K 0 0 48
A D 4 16 1
A P 3 0 1
J R 6 1974 42 2 5185 576 0
K 0 0 49
A D 2 16 0
A P 3 0 0
J N 6 2009 31 5 6049 288 1 458
K 0 0 43
K -8 107 110
K 17 107 110
K 0 0 54
A D 2 16 0
A P 3 204 0
J B 424 2050 1 82 6913 288 0
J M 0 2050 26 0 6913 0 1 458
H 458 S 0 0 0 0 0 0 0 0
E *
B 1 383 0
B 1 605 0
B 1 880 0
B 1 1137 0
B 1 1359 0
B 1 1581 0
B 1 1832 0
B 1 2050 0
S 0 200 1400 2050 84 1 "(.)"
L 0 0 0 392 392 * 0 21 0
J C 4 7 63 2 6913 0 0
K 0 0 33
K 0 0 34
J K 2 85 0 2 6913 0 0
K 0 0 63
K 21 31 63
J D 0 -39 -21 1 6913 0 0
W 0 0 37 \04\02\04
J N 7 193 21 8 1 0 1 458
K 0 0 43
K 0 73 43
K 10 -78 96
K 0 73 59
K 0 31 59
K 0 0 59
K 0 -21 59
A D 4 16 0
A P 3 209 0
A P 3 169 0
J M 0 141 0 0 6913 0 1 458
H 458 S 0 0 26 0 0 0 0 0
J R 6 243 42 2 1729 576 0
K 0 0 49
A D 2 16 0
A P 3 0 0
J N 6 282 73 3 2593 288 0
K 0 0 43
K 0 0 53
A D 2 16 0
A P 3 181 0
J N 7 340 73 6 3457 288 1 459
K 0 0 43
K 38 0 44
K 0 -94 236
K 0 0 59
K 0 -31 59
A D 6 16 0
A P 3 181 0
J N 5 403 84 2 6049 864 1 460
K 0 0 43
A D 1 16 0
A P 3 175 0
J N 5 443 73 2 6481 144 2 460 459
K 0 0 43
A D 1 16 0
A P 3 181 0
H 460 B 84 -4 112 2 22 33
H 459 S 12 0 0 0 0 0 0 0 0
J B 425 484 1 82 6913 144 0
J N 7 516 52 5 1 0 0
K 0 0 43
K 0 21 96
K 0 0 59
K 0 -31 59
A D 4 16 0
A P 3 192 0
J N 7 566 94 5 1729 576 0
K 0 0 43
K 0 26 96
K 0 0 59
K 0 -31 59
A D 4 16 0
A P 3 169 0
J R 7 616 42 2 3457 576 0
K 0 0 48
A D 4 16 1
A P 3 0 1
J R 6 666 42 2 5185 576 0
K 0 0 49
A D 2 16 0
A P 3 0 0
J N 6 705 31 3 6049 288 1 461
K 0 0 43
K 0 0 54
A D 2 16 0
A P 3 204 0
J B 426 749 1 82 6913 288 0
J N 7 781 21 10 1 0 1 461
K 0 0 43
K 0 73 43
K 10 -78 96
K 0 125 110
K 25 125 110
K 0 73 59
K 0 31 59
K 0 0 59
K 0 -21 59
A D 4 16 0
A P 3 209 0
A P 3 169 0
H 461 S 0 0 0 0 0 0 0 0 0
J R 6 831 42 2 1729 576 0
K 0 0 49
A D 2 16 0
A P 3 0 0
J N 6 870 52 3 2593 288 0
K 0 0 43
K 0 0 53
A D 2 16 0
A P 3 192 0
J N 7 927 52 6 3457 288 1 462
K 0 0 43
K 38 0 44
K 0 -84 236
K 0 0 59
K 0 -31 59
A D 6 16 0
A P 3 192 0
J N 5 1010 63 3 6049 864 1 463
K -25 0 63
K 0 0 43
A D 1 16 0
A P 3 187 0
J N 5 1050 52 2 6481 144 2 463 462
K 0 0 43
A D 1 16 0
A P 3 192 0
H 463 B 85 -4 112 2 22 33
H 462 S 12 0 0 0 0 0 0 0 0
J B 427 1091 1 82 6913 144 0
J N 7 1123 21 5 1 0 0
K 0 0 43
K 0 -32 96
K 0 0 60
K 0 31 60
A D 4 16 0
A P 3 209 0
J N 7 1172 73 5 1729 576 0
K 0 0 43
K 0 26 96
K 0 0 59
K 0 -31 59
A D 4 16 0
A P 3 181 0
J R 7 1221 42 2 3457 576 0
K 0 0 48
A D 4 16 1
A P 3 0 1
J R 6 1270 42 2 5185 576 0
K 0 0 49
A D 2 16 0
A P 3 0 0
J N 6 1308 31 3 6049 288 1 464
K 0 0 43
K 0 0 54
A D 2 16 0
A P 3 204 0
J B 428 1351 1 82 6913 288 0
J N 7 1383 21 10 1 0 1 464
K 0 0 43
K 0 73 43
K 10 -78 96
K 0 125 110
K 25 125 110
K 0 73 59
K 0 31 59
K 0 0 59
K 0 -21 59
A D 4 16 0
A P 3 209 0
A P 3 169 0
H 464 S 0 0 0 0 0 0 0 0 0
J N 7 1432 21 5 1729 576 0
K 0 0 43
K 0 -32 96
K 0 0 60
K 0 31 60
A D 4 16 0
A P 3 209 0
J N 7 1481 0 5 3457 576 0
K 0 0 43
K 0 -26 96
K 0 0 60
K 0 31 60
A D 4 16 0
A P 3 221 0
J N 7 1530 52 5 5185 576 0
K 0 0 43
K 0 21 96
K 0 0 59
K 0 -31 59
A D 4 16 0
A P 3 192 0
J B 429 1584 1 82 6913 576 0
J R 7 1616 42 2 1 0 0
K 0 0 48
A D 4 16 0
A P 3 0 0
J N 7 1665 0 5 1729 576 0
K 0 0 43
K 0 -26 96
K 0 0 60
K 0 31 60
A D 4 16 0
A P 3 221 0
J N 7 1714 -21 8 3457 576 0
K 0 0 45
K 0 0 43
K -1 0 45
K 6 0 45
K 0 -26 96
K 0 0 60
K 0 31 60
A D 4 16 0
A P 3 232 0
J N 7 1763 21 5 5185 576 0
K 0 0 43
K 0 -32 96
K 0 0 60
K 0 31 60
A D 4 16 0
A P 3 209 0
J B 430 1817 1 82 6913 576 0
J R 7 1849 42 2 1 0 0
K 0 0 48
A D 4 16 0
A P 3 0 0
J N 7 1898 -21 8 1729 576 0
K 0 0 45
K 0 0 43
K -1 0 45
K 6 0 45
K 0 -26 96
K 0 0 60
K 0 31 60
A D 4 16 0
A P 3 232 0
J N 7 1947 -53 10 3457 576 0
K 0 32 45
K 0 11 45
K 0 0 43
K 0 11 45
K 2 11 45
K 0 -26 96
K 0 0 60
K 0 42 60
K 0 53 60
A D 4 16 0
A P 3 249 0
J N 7 1996 -21 8 5185 576 0
K 0 0 45
K 0 0 43
K -1 0 45
K 6 0 45
K 0 -26 96
K 0 0 60
K 0 31 60
A D 4 16 0
A P 3 232 0
J B 431 2050 1 82 6913 576 0
E *
B 1 484 0
B 1 749 0
B 1 1091 0
B 1 1351 0
B 1 1584 0
B 1 1817 0
B 1 2050 0
S 0 200 1715 2050 84 1 "(.)"
L 0 0 0 392 392 * 0 21 0
J C 4 7 63 2 6913 0 0
K 0 0 33
K 0 0 34
J K 2 85 0 2 6913 0 0
K 0 0 63
K 21 31 63
J D 0 -39 -21 1 6913 0 0
W 0 0 37 \04\03\01
J N 7 193 -53 10 1 0 0
K 0 32 45
K 0 11 45
K 0 0 43
K 0 11 45
K 2 11 45
K 0 -26 96
K 0 0 60
K 0 42 60
K 0 53 60
A D 4 16 0
A P 3 249 0
J N 7 247 -21 8 1729 576 0
K 0 0 45
K 0 0 43
K -1 0 45
K 6 0 45
K 0 -26 96
K 0 0 60
K 0 31 60
A D 4 16 0
A P 3 232 0
J N 7 301 -53 10 3457 576 0
K 0 32 45
K 0 11 45
K 0 0 43
K 0 11 45
K 2 11 45
K 0 -26 96
K 0 0 60
K 0 42 60
K 0 53 60
A D 4 16 0
A P 3 249 0
J N 7 355 -21 8 5185 576 0
K 0 0 45
K 0 0 43
K -1 0 45
K 6 0 45
K 0 -26 96
K 0 0 60
K 0 31 60
A D 4 16 0
A P 3 232 0
J B 432 409 1 82 6913 576 0
J N 6 441 -53 8 1 0 1 465
K 0 32 45
K 0 11 45
K 0 0 43
K 0 11 45
K 2 11 45
K 0 185 110
K 25 185 110
A D 2 16 0
A P 3 249 0
J N 6 481 -53 6 865 288 1 465
K 0 32 45
K 0 11 45
K 0 0 43
K 0 11 45
K 2 11 45
A D 2 16 0
A P 3 249 0
H 465 B -95 0 112 2 2 3
J N 6 517 -21 5 1729 288 1 466
K 0 0 45
K 0 0 43
K -1 0 45
K 6 0 45
A D 2 16 0
A P 3 232 0
J N 6 557 -21 5 2593 288 1 466
K 0 0 45
K 0 0 43
K -1 0 45
K 6 0 45
A D 2 16 0
A P 3 232 0
H 466 B -69 0 112 2 2 3
J N 6 597 -53 6 3457 288 1 467
K 0 32 45
K 0 11 45
K 0 0 43
K 0 11 45
K 2 11 45
A D 2 16 0
A P 3 249 0
J N 6 637 -53 6 4321 288 1 467
K 0 32 45
K 0 11 45
K 0 0 43
K 0 11 45
K 2 11 45
A D 2 16 0
A P 3 249 0
H 467 B -95 0 112 2 2 3
J N 6 673 -21 5 5185 288 1 468
K 0 0 45
K 0 0 43
K -1 0 45
K 6 0 45
A D 2 16 0
A P 3 232 0
J N 6 713 -21 5 6049 288 1 468
K 0 0 45
K 0 0 43
K -1 0 45
K 6 0 45
A D 2 16 0
A P 3 232 0
H 468 B -69 0 112 2 2 3
J B 433 754 1 82 6913 288 0
J N 6 786 -53 6 1 0 1 469
K 0 32 45
K 0 11 45
K 0 0 43
K 0 11 45
K 2 11 45
A D 2 16 0
A P 3 249 0
J N 6 826 -53 6 865 288 1 469
K 0 32 45
K 0 11 45
K 0 0 43
K 0 11 45
K 2 11 45
A D 2 16 0
A P 3 249 0
H 469 B -95 0 112 2 2 3
J N 6 862 -21 5 1729 288 1 470
K 0 0 45
K 0 0 43
K -1 0 45
K 6 0 45
A D 2 16 0
A P 3 232 0
J N 6 902 -21 5 2593 288 1 470
K 0 0 45
K 0 0 43
K -1 0 45
K 6 0 45
A D 2 16 0
A P 3 232 0
H 470 B -69 0 112 2 2 3
J N 6 942 -53 6 3457 288 1 471
K 0 32 45
K 0 11 45
K 0 0 43
K 0 11 45
K 2 11 45
A D 2 16 0
A P 3 249 0
J N 6 982 -53 6 4321 288 1 471
K 0 32 45
K 0 11 45
K 0 0 43
K 0 11 45
K 2 11 45
A D 2 16 0
A P 3 249 0
H 471 B -95 0 112 2 2 3
J N 6 1018 -21 5 5185 288 1 472
K 0 0 45
K 0 0 43
K -1 0 45
K 6 0 45
A D 2 16 0
A P 3 232 0
J N 6 1058 -21 5 6049 288 1 472
K 0 0 45
K 0 0 43
K -1 0 45
K 6 0 45
A D 2 16 0
A P 3 232 0
H 472 B -69 0 112 2 2 3
J B 434 1099 1 82 6913 288 0
J N 7 1131 -53 10 1 0 0
K 0 32 45
K 0 11 45
K 0 0 43
K 0 11 45
K 2 11 45
K 0 -26 96
K 0 0 60
K 0 42 60
K 0 53 60
A D 4 16 0
A P 3 249 0
J N 6 1185 -42 6 1729 576 2 473 474
K 0 21 45
K 0 0 45
K 0 0 43
K -1 0 45
K 6 0 45
A D 2 16 0
A P 3 244 0
J N 6 1221 -32 5 2593 288 1 474
K 0 11 45
K 0 0 43
K 0 11 45
K 2 11 45
A D 2 16 0
A P 3 238 0
H 474 B -84 5 112 2 2 3
J N 6 1257 -21 5 3457 288 1 475
K 0 0 45
K 0 0 43
K -1 0 45
K 6 0 45
A D 2 16 0
A P 3 232 0
J N 6 1293 -11 2 4321 288 1 475
K 0 0 43
A D 2 16 0
A P 3 226 0
J N 6 1329 0 2 5185 288 1 475
K 0 0 43
A D 2 16 0
A P 3 221 0
J N 6 1365 10 2 6049 288 2 475 473
K 0 0 43
A D 2 16 0
A P 3 215 0
H 475 B -91 5 112 4 2 1 1 3
H 473 S 0 0 0 0 0 0 0 0 0
J B 435 1406 1 82 6913 288 0
J N 7 1438 21 5 1 0 0
K 0 0 43
K 0 -32 96
K 0 0 60
K 0 31 60
A D 4 16 0
A P 3 209 0
J N 6 1492 31 2 1729 576 2 476 477
K 0 0 43
A D 2 16 0
A P 3 204 0
J N 6 1528 42 2 2593 288 1 477
K 0 0 43
A D 2 16 0
A P 3 198 0
H 477 B -77 4 112 2 2 3
J N 6 1564 52 2 3457 288 1 478
K 0 0 43
A D 2 16 0
A P 3 192 0
J N 6 1600 63 2 4321 288 1 478
K 0 0 43
A D 2 16 0
A P 3 186 0
J N 6 1636 73 2 5185 288 1 478
K 0 0 43
A D 2 16 0
A P 3 181 0
J N 6 1672 84 2 6049 288 2 478 476
K 0 0 43
A D 2 16 0
A P 3 175 0
H 478 B 77 5 112 4 2 1 1 3
H 476 S 0 0 -21 9 -82 1 0 0 0
J B 436 1713 1 82 6913 288 0
J N 6 1745 94 2 1 0 2 479 480
K 0 0 43
A D 2 16 0
A P 3 169 0
J N 6 1781 105 5 865 288 1 480
K 1 0 45
K 0 0 43
K -1 0 45
K 6 0 45
A D 2 16 0
A P 3 164 0
J N 6 1821 94 2 1729 288 1 480
K 0 0 43
A D 2 16 0
A P 3 169 0
J N 6 1857 105 5 2593 288 1 480
K 1 0 45
K 0 0 43
K -1 0 45
K 6 0 45
A D 2 16 0
A P 3 164 0
H 480 B 73 0 112 4 2 1 1 3
J N 6 1897 94 2 3457 288 1 481
K 0 0 43
A D 2 16 0
A P 3 169 0
J N 6 1933 105 5 4321 288 1 481
K 1 0 45
K 0 0 43
K -1 0 45
K 6 0 45
A D 2 16 0
A P 3 164 0
J N 6 1973 94 2 5185 288 1 481
K 0 0 43
A D 2 16 0
A P 3 169 0
J N 6 2009 105 5 6049 288 2 481 479
K 1 0 45
K 0 0 43
K -1 0 45
K 6 0 45
A D 2 16 0
A P 3 164 0
H 481 B 73 0 112 4 2 1 1 3
H 479 S 12 0 0 0 0 0 0 0 0
J B 437 2050 1 82 6913 288 0
E *
B 1 409 0
B 1 754 0
B 1 1099 0
B 1 1406 0
B 1 1713 0
B 1 2050 0
S 0 200 2030 2050 84 1 "(.)"
L 0 0 0 392 392 * 0 21 0
J C 4 7 63 2 6913 0 0
K 0 0 33
K 0 0 34
J K 2 85 0 2 6913 0 0
K 0 0 63
K 21 31 63
J D 0 -39 -21 1 6913 0 0
W 0 0 37 \04\03\07
J N 6 193 94 2 1 0 2 482 483
K 0 0 43
A D 2 16 0
A P 3 169 0
J N 6 246 105 5 865 288 1 483
K 1 0 45
K 0 0 43
K -1 0 45
K 6 0 45
A D 2 16 0
A P 3 164 0
J N 6 302 94 2 1729 288 1 483
K 0 0 43
A D 2 16 0
A P 3 169 0
J N 6 355 105 5 2593 288 1 483
K 1 0 45
K 0 0 43
K -1 0 45
K 6 0 45
A D 2 16 0
A P 3 164 0
H 483 B 73 0 112 4 2 1 1 3
J N 6 411 94 2 3457 288 1 484
K 0 0 43
A D 2 16 0
A P 3 169 0
J N 6 464 105 5 4321 288 1 484
K 1 0 45
K 0 0 43
K -1 0 45
K 6 0 45
A D 2 16 0
A P 3 164 0
J N 6 520 94 2 5185 288 1 484
K 0 0 43
A D 2 16 0
A P 3 169 0
J N 6 573 105 5 6049 288 2 484 482
K 1 0 45
K 0 0 43
K -1 0 45
K 6 0 45
A D 2 16 0
A P 3 164 0
H 484 B 73 0 112 4 2 1 1 3
H 482 S 12 0 0 0 0 0 0 0 0
J B 438 630 1 82 6913 288 0
J N 7 662 94 4 1 0 0
K 0 0 43
K 0 0 59
K 0 -31 59
A D 4 16 0
A P 3 169 0
J R 7 732 42 2 1729 576 0
K 0 0 48
A D 4 16 1
A P 3 0 1
J R 8 802 42 2 3457 576 0
K 0 0 47
A D 8 16 0
A P 3 0 0
J B 439 910 1 82 6913 1152 0
J N 7 942 94 16 1 0 0
K 0 -115 45
K 0 -136 45
K 0 -147 43
K 0 -136 45
K 2 -136 45
K 0 -94 43
K 0 0 43
K 6 84 110
K 31 84 110
K 0 -147 60
K 0 -105 60
K 0 -63 60
K 0 -21 60
K 0 0 60
K 0 21 60
A D 4 16 0
A P 3 249 0
A P 3 221 0
A P 3 169 0
J R 7 1012 42 2 1729 576 0
K 0 0 48
A D 4 16 0
A P 3 0 0
J N 7 1081 94 14 3457 576 0
K 0 -115 45
K 0 -136 45
K 0 -147 43
K 0 -136 45
K 2 -136 45
K 0 -94 43
K 0 0 43
K 0 -147 60
K 0 -105 60
K 0 -63 60
K 0 -21 60
K 0 0 60
K 0 21 60
A D 4 16 0
A P 3 249 0
A P 3 221 0
A P 3 169 0
J R 7 1150 42 2 5185 576 0
K 0 0 48
A D 4 16 0
A P 3 0 0
J B 440 1219 1 82 6913 576 0
J N 7 1251 94 14 1 0 0
K 0 -115 45
K 0 -136 45
K 0 -147 43
K 0 -136 45
K 2 -136 45
K 0 -94 43
K 0 0 43
K 0 -147 60
K 0 -105 60
K 0 -63 60
K 0 -21 60
K 0 0 60
K 0 21 60
A D 4 16 0
A P 3 249 0
A P 3 221 0
A P 3 169 0
J R 7 1320 42 2 1729 576 0
K 0 0 48
A D 4 16 1
A P 3 0 1
J R 8 1389 42 2 3457 576 0
K 0 0 47
A D 8 16 0
A P 3 0 0
J B 441 1496 1 82 6913 1152 0
J N 7 1528 0 9 1 0 0
K 0 0 43
K 0 52 43
K 0 94 43
K 0 94 59
K 0 52 59
K 0 10 59
K 0 0 59
K 0 -21 59
A D 4 16 0
A P 3 221 0
A P 3 192 0
A P 3 169 0
J R 7 1597 42 2 1729 576 0
K 0 0 48
A D 4 16 1
A P 3 0 1
J R 8 1666 42 2 3457 576 0
K 0 0 47
A D 8 16 0
A P 3 0 0
J B 442 1773 1 82 6913 1152 0
J N 7 1805 94 4 1 0 0
K 0 0 43
K 0 0 59
K 0 -31 59
A D 4 16 0
A P 1 169 0
J N 7 1805 94 4 1 0 0
K 0 0 43
K 0 0 60
K 0 21 60
A D 4 16 0
A P 2 169 0
J R 7 1874 42 2 1729 576 0
K 0 0 48
A D 4 16 1
A P 1 0 1
J R 8 1943 42 3 3457 576 0
K 0 0 47
K 0 -52 101
A D 8 16 0
A P 1 0 0
J B 0 2050 6 2 6913 1152 0
K -20 0 82
K -9 0 84
E *
B 1 630 0
B 1 910 0
B 1 1219 0
B 1 1496 0
B 1 1773 0
B 6 2050 0
