S 0 100 140 2250 84 1 "(.)"
L 0 0 0 250 250 * 0 21 0
J C 4 7 63 2 6913 0 0
K 0 0 33
K 0 0 34
J K 0 85 0 0 6913 0 0
J D 0 -39 -21 1 6913 0 0
W 0 0 37 \02\02\05
J R 9 205 42 46 1 10000 0
J B 226 333 1 82 6913 1152 0
J D 0 365 0 1 1 0 0
W 0 -73 32 Flutes
J N 6 365 73 3 1 0 2 101 100
K 0 0 171
K 30 0 172
A D 3 16
J R 9 410 126 2 1 10000 0
K 0 0 46
A D 8 16
J N 5 434 21 3 2593 432 1 101
K -17 0 192
K 0 0 171
A D 1 16
H 101 B -41 -14 109 2 2 53
J N 7 473 21 4 3457 144 1 102
K 0 0 171
K 0 0 188
K 0 21 188
A D 4 16
J B 227 529 1 82 6913 576 0
J N 8 561 21 4 1 0 2 103 102
K 0 0 170
K 0 0 188
K 0 21 188
A D 8 16
H 102 T 21 0 0 0 0 0 5 0
J R 9 602 105 2 1 10000 0
K 0 0 46
A D 8 16
J B 228 718 1 82 6913 1152 0
J N 8 750 21 4 1 0 2 104 103
K 0 0 170
K 0 0 188
K 0 21 188
A D 8 16
H 103 T 21 0 0 0 0 0 5 0
J R 9 791 105 2 1 10000 0
K 0 0 46
A D 8 16
J B 229 907 1 82 6913 1152 0
J N 8 939 21 4 1 0 1 104
K 0 0 170
K 0 0 188
K 0 21 188
A D 8 16
H 104 T 21 0 0 0 0 0 5 0
J R 9 980 105 2 1 10000 0
K 0 0 46
A D 8 16
J M 0 1090 0 0 6913 1152 1 100
H 100 V 0 0 -18 -42 31
J B 230 1096 1 82 6913 0 0
J D 0 1107 0 15 1 0 0
W 0 -42 44 F
K -18 -104 90
K -18 -30 90
K 12 -104 90
K 12 -30 90
K 36 -104 90
K 36 -30 90
K -18 -104 89
K 62 -104 89
K -18 -83 89
K 62 -83 89
K -18 -62 89
K 62 -62 89
K -18 -51 89
K 62 -51 89
J N 6 1128 63 4 1 0 1 105
K 0 0 43
K 0 69 110
K 30 69 110
A D 2 16
J N 5 1168 63 2 1729 288 1 105
K 0 0 43
A D 1 16
J N 5 1208 63 2 2593 144 1 105
K 0 0 43
A D 1 16
H 105 B 69 0 112 3 2 21 33
J N 6 1248 63 3 3457 144 0
K 0 0 43
K 0 0 53
A D 2 16
J R 6 1303 42 2 5185 288 0
K 0 0 49
A D 2 16
J B 231 1348 1 82 6913 288 0
J R 9 1434 42 46 1 10000 0
J B 232 1562 1 82 6913 1152 0
J N 6 1594 63 2 1 0 1 106
K 0 0 43
A D 2 16
J N 5 1634 63 2 1729 288 1 106
K 0 0 43
A D 1 16
J N 5 1674 63 2 2593 144 1 106
K 0 0 43
A D 1 16
H 106 B 69 0 112 3 2 21 33
J N 6 1714 63 3 3457 144 0
K 0 0 43
K 0 0 53
A D 2 16
J R 6 1769 42 2 5185 288 0
K 0 0 49
A D 2 16
J B 233 1814 1 82 6913 288 0
J R 9 1903 42 2 1 10000 0
K 0 0 46
A D 8 16
J B 234 2034 9 4 6913 1152 0
K 0 0 84
K 19 0 82
K 29 31 44
K 29 52 44
J N 6 2100 63 3 1 0 0
K 0 0 43
K 0 0 53
A D 2 16
J R 6 2155 42 2 1729 288 0
K 0 0 49
A D 2 16
J N 7 2194 63 6 3457 288 1 107
K 0 0 43
K 0 77 111
K 18 77 110
K 0 0 59
K 0 -32 59
A D 4 16
J B 235 2250 1 82 6913 576 0
J M 0 2250 0 0 6913 0 1 107
H 107 T 63 0 0 0 0 0 13 0
E *
B 1 333 0
B 1 529 0
B 1 718 0
B 1 907 0
B 1 1096 0
B 1 1348 0
B 1 1562 0
B 1 1814 0
B 9 2034 0
B 1 2250 0
S 0 100 450 2250 84 1 "(.)"
L 0 0 0 250 250 * 0 21 0
J C 4 7 63 2 6913 0 0
K 0 0 33
K 0 0 34
J K 0 85 0 0 6913 0 0
J D 0 -39 -21 1 6913 0 0
W 0 0 37 \02\03\05
J N 6 151 63 3 1 0 1 107
K 0 0 43
K 0 0 53
A D 2 16
J M 0 73 0 0 6913 0 1 107
H 107 T 63 0 0 0 0 0 13 0
J R 6 208 42 2 1729 288 0
K 0 0 49
A D 2 16
J N 7 249 63 6 3457 288 1 108
K 0 0 43
K 0 77 111
K 18 77 110
K 0 0 59
K 0 -32 59
A D 4 16
J B 236 307 1 82 6913 576 0
J N 6 339 63 3 1 0 1 108
K 0 0 43
K 0 0 53
A D 2 16
H 108 T 63 0 0 0 0 0 13 0
J R 6 396 42 2 1729 288 0
K 0 0 49
A D 2 16
J N 7 437 63 6 3457 288 1 109
K 0 0 43
K 0 77 111
K 18 77 110
K 0 0 59
K 0 -32 59
A D 4 16
J B 237 495 1 82 6913 576 0
J N 6 527 63 3 1 0 1 109
K 0 0 43
K 0 0 53
A D 2 16
H 109 T 63 0 0 0 0 0 13 0
J R 6 584 42 2 1729 288 0
K 0 0 49
A D 2 16
J N 7 625 63 6 3457 288 1 110
K 0 0 43
K 0 77 111
K 18 77 110
K 0 0 59
K 0 -32 59
A D 4 16
J B 238 683 1 82 6913 576 0
J N 6 715 63 3 1 0 1 110
K 0 0 43
K 0 0 53
A D 2 16
H 110 T 63 0 0 0 0 0 13 0
J R 6 772 42 2 1729 288 0
K 0 0 49
A D 2 16
J N 7 813 63 6 3457 288 1 111
K 0 0 43
K 0 77 111
K 18 77 110
K 0 0 59
K 0 -32 59
A D 4 16
J B 239 871 1 82 6913 576 0
J N 6 903 63 3 1 0 1 111
K 0 0 43
K 0 0 53
A D 2 16
H 111 T 63 0 0 0 0 0 13 0
J R 6 960 42 2 1729 288 0
K 0 0 49
A D 2 16
J N 7 1001 63 6 3457 288 1 112
K 0 0 43
K 0 77 111
K 18 77 110
K 0 0 59
K 0 -32 59
A D 4 16
J B 240 1059 1 82 6913 576 0
J N 6 1091 63 3 1 0 1 112
K 0 0 43
K 0 0 53
A D 2 16
H 112 T 63 0 0 0 0 0 13 0
J R 6 1148 42 2 1729 288 0
K 0 0 49
A D 2 16
J N 7 1189 63 6 3457 288 1 113
K 0 0 43
K 0 77 111
K 18 77 110
K 0 0 59
K 0 -32 59
A D 4 16
J B 241 1246 1 82 6913 576 1 114
J N 6 1278 63 2 1 0 2 115 113
K 0 0 43
A D 2 16
H 113 T 63 0 0 0 0 0 7 0
J N 5 1319 31 2 1729 288 1 115
K 0 0 43
A D 1 16
J N 5 1359 31 2 2593 144 1 115
K 0 0 43
A D 1 16
H 115 B -67 -7 112 3 2 21 33
J N 6 1399 31 3 3457 144 0
K 0 0 43
K 0 0 54
A D 2 16
J R 6 1439 42 2 5185 288 0
K 0 0 49
A D 2 16
J B 242 1519 6 4 6913 288 2 114 116
K -35 31 44
K -35 52 44
K -20 0 82
K -9 0 84
H 114 E 1 0 -13 -63 31 31
J N 6 1551 63 2 1 0 1 117
K 0 0 43
A D 2 16
J N 5 1592 31 2 1729 288 1 117
K 0 0 43
A D 1 16
J N 5 1632 31 2 2593 144 1 117
K 0 0 43
A D 1 16
H 117 B -67 -7 112 3 2 21 33
J N 6 1672 31 3 3457 144 0
K 0 0 43
K 0 0 54
A D 2 16
J R 6 1712 42 2 5185 288 0
K 0 0 49
A D 2 16
J B 243 1758 1 82 6913 288 1 116
H 116 E 2 0 0 -63 31 0
J R 6 1790 42 2 1 0 0
K 0 0 49
A D 2 16
J N 5 1830 31 2 1729 288 1 118
K 0 0 43
A D 1 16
J N 5 1870 31 2 2593 144 1 118
K 0 0 43
A D 1 16
H 118 B -76 0 112 2 22 33
J N 6 1910 31 3 3457 144 0
K 0 0 43
K 0 0 54
A D 2 16
J R 6 1950 42 2 5185 288 0
K 0 0 49
A D 2 16
J B 244 1996 1 82 6913 288 0
J R 6 2028 42 2 1 0 0
K 0 0 49
A D 2 16
J N 5 2068 63 2 1729 288 1 119
K 0 0 43
A D 1 16
J N 5 2108 63 2 2593 144 1 119
K 0 0 43
A D 1 16
H 119 B 69 0 112 2 22 33
J N 6 2148 63 3 3457 144 0
K 0 0 43
K 0 0 53
A D 2 16
J R 6 2204 42 2 5185 288 0
K 0 0 49
A D 2 16
J B 245 2250 1 82 6913 288 0
E *
B 1 307 0
B 1 495 0
B 1 683 0
B 1 871 0
B 1 1059 0
B 1 1246 0
B 6 1519 0
B 1 1758 0
B 1 1996 0
B 1 2250 0
S 0 100 760 2250 84 1 "(.)"
L 0 0 0 250 250 * 0 21 0
J C 4 7 63 2 6913 0 0
K 0 0 33
K 0 0 34
J K 0 85 0 0 6913 0 0
J D 0 -39 -21 1 6913 0 0
W 0 0 37 \02\04\05
J R 6 151 42 2 1 0 0
K 0 0 49
A D 2 16
J N 5 190 63 2 1729 288 1 120
K 0 0 43
A D 1 16
J N 5 228 63 2 2593 144 1 120
K 0 0 43
A D 1 16
H 120 B 69 0 112 2 22 33
J N 6 266 63 3 3457 144 0
K 0 0 43
K 0 0 53
A D 2 16
J R 6 321 42 2 5185 288 0
K 0 0 49
A D 2 16
J B 246 366 1 82 6913 288 0
J N 7 398 10 7 1 0 0
K 0 0 43
K 38 0 44
K 0 122 110
K 30 122 110
K 0 0 60
K 0 32 60
A D 6 16
J N 6 460 21 4 5185 864 0
K 0 0 43
K 0 -32 96
K 0 0 54
A D 2 16
J B 247 505 1 82 6913 288 0
J N 6 537 31 3 1 0 1 121
K 0 0 43
K 0 -21 96
A D 2 16
J N 6 577 10 3 1729 288 1 121
K 0 0 43
K 0 -26 96
A D 2 16
J N 6 616 21 3 3457 288 1 121
K 0 0 43
K 0 -32 96
A D 2 16
J N 6 655 31 3 5185 288 1 121
K 0 0 43
K 0 -21 96
A D 2 16
H 121 B -63 0 112 4 2 1 1 3
J B 248 700 1 82 6913 288 0
J N 6 732 21 3 1 0 1 122
K 0 0 43
K 0 -32 96
A D 2 16
J N 6 771 31 3 1729 288 1 122
K 0 0 43
K 0 -21 96
A D 2 16
H 122 B -68 3 112 2 2 3
J N 6 811 -11 2 3457 288 1 123
K 0 0 43
A D 2 16
J N 6 851 -11 2 5185 288 1 123
K 0 0 43
A D 2 16
H 123 B -74 0 112 2 2 3
J B 249 896 1 82 6913 288 0
J N 6 928 -11 2 1 0 1 124
K 0 0 43
A D 2 16
J N 6 968 -11 2 1729 288 1 124
K 0 0 43
A D 2 16
J N 6 1008 -11 2 3457 288 1 124
K 0 0 43
A D 2 16
J N 6 1048 -11 2 5185 288 1 124
K 0 0 43
A D 2 16
H 124 B -74 0 112 4 2 1 1 3
J B 250 1093 1 82 6913 288 0
J N 6 1125 31 2 1 0 1 125
K 0 0 43
A D 2 16
J N 5 1165 31 2 1729 288 1 125
K 0 0 43
A D 1 16
J N 5 1203 31 2 2593 144 1 125
K 0 0 43
A D 1 16
H 125 B -76 0 112 3 2 21 33
J N 6 1241 31 3 3457 144 0
K 0 0 43
K 0 0 54
A D 2 16
J R 6 1280 42 2 5185 288 0
K 0 0 49
A D 2 16
J B 251 1325 1 82 6913 288 0
J R 6 1357 42 2 1 0 0
K 0 0 49
A D 2 16
J N 5 1396 31 2 1729 288 1 126
K 0 0 43
A D 1 16
J N 5 1435 31 2 2593 144 1 126
K 0 0 43
A D 1 16
H 126 B -76 0 112 2 22 33
J N 6 1474 31 3 3457 144 0
K 0 0 43
K 0 0 54
A D 2 16
J R 6 1513 42 2 5185 288 0
K 0 0 49
A D 2 16
J B 252 1558 1 82 6913 288 0
J R 6 1590 42 2 1 0 0
K 0 0 49
A D 2 16
J N 5 1629 63 2 1729 288 1 127
K 0 0 43
A D 1 16
J N 5 1668 63 2 2593 144 1 127
K 0 0 43
A D 1 16
H 127 B 69 0 112 2 22 33
J N 6 1707 63 3 3457 144 0
K 0 0 43
K 0 0 53
A D 2 16
J R 6 1762 42 2 5185 288 0
K 0 0 49
A D 2 16
J B 253 1807 1 82 6913 288 0
J R 6 1839 42 2 1 0 0
K 0 0 49
A D 2 16
J N 5 1878 63 2 1729 288 1 128
K 0 0 43
A D 1 16
J N 5 1917 63 2 2593 144 1 128
K 0 0 43
A D 1 16
H 128 B 69 0 112 2 22 33
J N 6 1956 63 3 3457 144 0
K 0 0 43
K 0 0 53
A D 2 16
J R 6 2011 42 2 5185 288 0
K 0 0 49
A D 2 16
J B 254 2056 1 82 6913 288 0
J N 6 2088 10 5 1 0 0
K 0 0 43
K 0 122 110
K 30 122 110
K 0 0 54
A D 2 16
J R 6 2127 42 2 1729 288 0
K 0 0 49
A D 2 16
J N 6 2166 10 3 3457 288 0
K 0 0 43
K 0 0 54
A D 2 16
J R 6 2205 42 2 5185 288 0
K 0 0 49
A D 2 16
J B 255 2250 1 82 6913 288 0
E *
B 1 366 0
B 1 505 0
B 1 700 0
B 1 896 0
B 1 1093 0
B 1 1325 0
B 1 1558 0
B 1 1807 0
B 1 2056 0
B 1 2250 0
S 0 100 1070 2250 84 1 "(.)"
L 0 0 0 250 250 * 0 21 0
J C 4 7 63 2 6913 0 0
K 0 0 33
K 0 0 34
J K 0 85 0 0 6913 0 0
J D 0 -39 -21 1 6913 0 0
W 0 0 37 \02\05\05
J N 6 151 10 3 1 0 0
K 0 0 43
K 0 0 54
A D 2 16
J R 6 190 42 2 1729 288 0
K 0 0 49
A D 2 16
J N 6 229 10 3 3457 288 0
K 0 0 43
K 0 0 54
A D 2 16
J R 6 268 42 2 5185 288 0
K 0 0 49
A D 2 16
J B 256 313 1 82 6913 288 0
J N 6 345 21 3 1 0 0
K 0 0 43
K 0 0 54
A D 2 16
J R 6 384 42 2 1729 288 0
K 0 0 49
A D 2 16
J N 6 423 21 3 3457 288 0
K 0 0 43
K 0 0 54
A D 2 16
J R 6 462 42 2 5185 288 0
K 0 0 49
A D 2 16
J B 257 507 1 82 6913 288 0
J N 6 539 21 3 1 0 0
K 0 0 43
K 0 0 54
A D 2 16
J R 6 578 42 2 1729 288 0
K 0 0 49
A D 2 16
J N 6 617 21 3 3457 288 0
K 0 0 43
K 0 0 54
A D 2 16
J R 6 656 42 2 5185 288 0
K 0 0 49
A D 2 16
J B 258 701 1 82 6913 288 0
J N 6 733 31 3 1 0 0
K 0 0 43
K 0 0 54
A D 2 16
J R 6 772 42 2 1729 288 0
K 0 0 49
A D 2 16
J R 7 811 42 2 3457 288 0
K 0 0 48
A D 4 16
J B 259 879 1 82 6913 576 0
J N 8 911 63 4 1 0 1 129
K 0 0 42
K 0 0 59
K 0 -32 59
A D 8 16
J B 260 1000 1 82 6913 1152 0
J N 8 1032 63 4 1 0 2 130 129
K 0 0 42
K 0 0 59
K 0 -32 59
A D 8 16
H 129 T 63 0 0 0 0 0 13 0
J B 261 1121 1 82 6913 1152 0
J N 8 1153 63 4 1 0 2 131 130
K 0 0 42
K 0 0 59
K 0 -32 59
A D 8 16
H 130 T 63 0 0 0 0 0 13 0
J B 262 1242 1 82 6913 1152 0
J N 6 1274 63 3 1 0 1 131
K 0 0 43
K 0 0 53
A D 2 16
H 131 T 63 0 0 0 0 0 13 0
J R 6 1329 42 2 1729 288 0
K 0 0 49
A D 2 16
J R 7 1368 42 2 3457 288 0
K 0 0 48
A D 4 16
J B 263 1436 1 82 6913 576 0
J N 8 1468 63 4 1 0 1 132
K 0 0 42
K 0 0 59
K 0 -32 59
A D 8 16
J B 264 1556 1 82 6913 1152 0
J N 8 1588 63 4 1 0 1 132
K 0 0 42
K 0 0 59
K 0 -32 59
A D 8 16
H 132 T 63 0 0 0 0 0 13 0
J B 265 1676 1 82 6913 1152 0
J N 8 1708 31 4 1 0 0
K 0 0 42
K 0 0 60
K 0 32 60
A D 8 16
J B 266 1796 1 82 6913 1152 0
J N 6 1828 31 3 1 0 0
K 0 0 43
K 0 0 54
A D 2 16
J R 6 1867 42 2 1729 288 0
K 0 0 49
A D 2 16
J R 7 1906 42 2 3457 288 0
K 0 0 48
A D 4 16
J C 22 1938 21 164 6913 576 0
J B 267 2010 1 82 6913 0 0
J N 8 2042 52 4 1 0 1 133
K 0 0 42
K 0 0 59
K 0 -31 59
A D 8 16
J B 268 2130 1 82 6913 1152 0
J N 8 2162 52 4 1 0 2 134 133
K 0 0 42
K 0 0 59
K 0 -31 59
A D 8 16
H 133 T 52 0 0 0 0 0 9 0
J B 269 2250 1 82 6913 1152 0
J M 0 2250 0 0 6913 0 1 134
H 134 T 52 0 0 0 0 0 9 0
E *
B 1 313 0
B 1 507 0
B 1 701 0
B 1 879 0
B 1 1000 0
B 1 1121 0
B 1 1242 0
B 1 1436 0
B 1 1556 0
B 1 1676 0
B 1 1796 0
B 1 2010 0
B 1 2130 0
B 1 2250 0
S 0 100 1380 2250 84 1 "(.)"
L 0 0 0 250 250 * 0 21 0
J C 22 7 21 36 6913 0 0
J K 0 85 0 0 6913 0 0
J D 0 -39 -21 1 6913 0 0
W 0 0 37 \02\06\09
J N 8 151 52 4 1 0 2 135 134
K 0 0 42
K 0 0 59
K 0 -31 59
A D 8 16
J M 0 73 0 0 6913 0 1 134
H 134 T 52 0 0 0 0 0 9 0
J B 270 237 1 82 6913 1152 0
J N 6 269 52 3 1 0 1 135
K 0 0 43
K 0 0 53
A D 2 16
H 135 T 52 0 0 0 0 0 9 0
J R 6 324 42 2 1729 288 0
K 0 0 49
A D 2 16
J R 7 365 42 2 3457 288 0
K 0 0 48
A D 4 16
J B 271 424 1 82 6913 576 0
J N 8 456 52 4 1 0 1 136
K 0 0 42
K 0 0 59
K 0 -31 59
A D 8 16
J B 272 542 1 82 6913 1152 0
J N 8 574 52 4 1 0 2 137 136
K 0 0 42
K 0 0 59
K 0 -31 59
A D 8 16
H 136 T 52 0 0 0 0 0 9 0
J B 273 660 1 82 6913 1152 0
J N 8 692 52 4 1 0 2 138 137
K 0 0 42
K 0 0 59
K 0 -31 59
A D 8 16
H 137 T 52 0 0 0 0 0 9 0
J B 274 778 1 82 6913 1152 0
J N 6 810 52 3 1 0 1 138
K 0 0 43
K 0 0 53
A D 2 16
H 138 T 52 0 0 0 0 0 9 0
J R 6 865 42 2 1729 288 0
K 0 0 49
A D 2 16
J C 4 904 63 2 3457 288 0
K 0 0 161
K 0 0 162
J N 6 966 31 3 3457 0 0
K 0 0 43
K 0 0 54
A D 2 16
J R 6 1007 42 2 5185 288 0
K 0 0 49
A D 2 16
J B 275 1052 1 82 6913 288 0
J N 6 1084 31 3 1 0 0
K 0 0 43
K 0 0 54
A D 2 16
J R 6 1125 42 2 1729 288 0
K 0 0 49
A D 2 16
J N 6 1166 31 3 3457 288 0
K 0 0 43
K 0 0 54
A D 2 16
J R 6 1207 42 2 5185 288 0
K 0 0 49
A D 2 16
J B 276 1252 1 82 6913 288 0
J N 6 1284 31 3 1 0 0
K 0 0 43
K 0 0 54
A D 2 16
J R 6 1325 42 2 1729 288 0
K 0 0 49
A D 2 16
J N 6 1366 31 3 3457 288 0
K 0 0 43
K 0 0 54
A D 2 16
J R 6 1407 42 2 5185 288 0
K 0 0 49
A D 2 16
J B 277 1452 1 82 6913 288 0
J N 6 1484 31 3 1 0 0
K 0 0 43
K 0 0 54
A D 2 16
J R 6 1525 42 2 1729 288 0
K 0 0 49
A D 2 16
J N 6 1566 31 3 3457 288 0
K 0 0 43
K 0 0 54
A D 2 16
J R 6 1607 42 2 5185 288 0
K 0 0 49
A D 2 16
J B 278 1652 1 82 6913 288 0
J N 6 1684 31 3 1 0 0
K 0 0 43
K 0 0 54
A D 2 16
J R 6 1725 42 2 1729 288 0
K 0 0 49
A D 2 16
J N 6 1766 31 3 3457 288 0
K 0 0 43
K 0 0 54
A D 2 16
J R 6 1807 42 2 5185 288 0
K 0 0 49
A D 2 16
J B 279 1852 1 82 6913 288 0
J N 6 1884 31 3 1 0 0
K 0 0 43
K 0 0 54
A D 2 16
J R 6 1925 42 2 1729 288 0
K 0 0 49
A D 2 16
J N 6 1966 31 3 3457 288 0
K 0 0 43
K 0 0 54
A D 2 16
J R 6 2007 42 2 5185 288 0
K 0 0 49
A D 2 16
J B 280 2052 1 82 6913 288 0
J N 6 2084 21 3 1 0 0
K 0 0 43
K 0 0 54
A D 2 16
J R 6 2125 42 2 1729 288 0
K 0 0 49
A D 2 16
J N 6 2165 21 3 3457 288 0
K 0 0 43
K 0 0 54
A D 2 16
J R 6 2205 42 2 5185 288 0
K 0 0 49
A D 2 16
J B 281 2250 1 82 6913 288 0
E *
B 1 237 0
B 1 424 0
B 1 542 0
B 1 660 0
B 1 778 0
B 1 1052 0
B 1 1252 0
B 1 1452 0
B 1 1652 0
B 1 1852 0
B 1 2052 0
B 1 2250 0
S 0 100 1690 2250 84 1 "(.)"
L 0 0 0 250 250 * 0 21 0
J C 4 7 63 2 6913 0 0
K 0 0 33
K 0 0 34
J K 0 85 0 0 6913 0 0
J D 0 -39 -21 1 6913 0 0
W 0 0 37 \02\08\01
J N 6 151 31 3 1 0 0
K 0 0 43
K 0 0 54
A D 2 16
J R 6 190 42 2 1729 288 0
K 0 0 49
A D 2 16
J N 6 229 31 3 3457 288 0
K 0 0 43
K 0 0 54
A D 2 16
J R 6 268 42 2 5185 288 0
K 0 0 49
A D 2 16
J B 282 313 1 82 6913 288 0
J N 6 345 63 3 1 0 0
K 0 0 43
K 0 0 53
A D 2 16
J R 6 400 42 2 1729 288 0
K 0 0 49
A D 2 16
J N 6 439 31 3 3457 288 0
K 0 0 43
K 0 0 54
A D 2 16
J R 6 478 42 2 5185 288 0
K 0 0 49
A D 2 16
J B 283 523 1 82 6913 288 0
J N 6 555 31 3 1 0 0
K 0 0 43
K 0 0 54
A D 2 16
J R 6 594 42 2 1729 288 0
K 0 0 49
A D 2 16
J N 6 633 31 3 3457 288 0
K 0 0 43
K 0 0 54
A D 2 16
J R 6 672 42 2 5185 288 0
K 0 0 49
A D 2 16
J B 284 717 1 82 6913 288 0
J D 0 728 0 17 1 0 0
W 0 -42 44 G
K -18 -104 90
K -18 -30 90
K 12 -104 90
K 12 -30 90
K 42 -104 90
K 42 -30 90
K 47 -104 90
K 47 -30 90
K -18 -104 89
K 73 -104 89
K -18 -83 89
K 73 -83 89
K -18 -62 89
K 73 -62 89
K -18 -51 89
K 73 -51 89
J N 6 749 63 3 1 0 0
K 0 0 43
K 0 0 53
A D 2 16
J R 6 804 42 2 1729 288 0
K 0 0 49
A D 2 16
J N 6 843 63 4 3457 288 0
K 0 0 43
K 0 69 110
K 0 0 53
A D 2 16
J R 6 898 42 2 5185 288 0
K 0 0 49
A D 2 16
J B 285 943 1 82 6913 288 0
J S 4 985 31 8 3 288 0
K 0 0 62
K 0 5 62
K 143 11 92
K 113 11 92
K 83 11 92
K 53 11 92
K 23 11 92
K 0 11 92
K 173 0 62
K 173 5 62
K 71 11 74
J B 288 1200 1 82 6913 1 0
J R 7 1232 42 2 1 0 0
K 0 0 48
A D 4 16
J N 6 1282 63 4 3457 576 0
K 0 0 43
K 0 69 110
K 0 0 53
A D 2 16
J R 6 1337 42 2 5185 288 0
K 0 0 49
A D 2 16
J B 289 1382 1 82 6913 288 0
J S 4 1424 31 8 5 288 0
K 0 0 62
K 0 5 62
K 141 11 92
K 111 11 92
K 81 11 92
K 51 11 92
K 21 11 92
K 0 11 92
K 171 0 62
K 171 5 62
K 70 11 76
J B 294 1637 1 82 6913 1 0
J R 7 1669 42 2 1 0 0
K 0 0 48
A D 4 16
J N 7 1719 63 5 3457 576 1 139
K 0 0 43
K 0 60 108
K 0 0 59
K 0 -32 59
A D 4 16
J B 295 1775 1 82 6913 576 0
J N 8 1807 63 4 1 0 1 139
K 0 0 42
K 0 0 59
K 0 -32 59
A D 8 16
H 139 T 63 0 0 0 0 0 13 0
J B 296 1883 1 82 6913 1152 0
J N 6 1915 63 3 1 0 1 140
K 0 0 43
K 36 -9 44
A D 3 16
J N 5 1971 63 3 2593 432 1 140
K 0 0 43
K 0 31 96
A D 1 16
H 140 B 69 0 112 2 2 53
J D 0 2010 0 1 3457 144 0
W 0 -35 33 ten.
J N 7 2010 63 5 3457 0 0
K 0 0 43
K 0 69 110
K 0 0 59
K 0 -32 59
A D 4 16
J B 297 2066 1 82 6913 576 0
J N 6 2098 63 4 1 0 1 141
K 0 0 43
K 36 -9 44
K 0 58 108
A D 3 16
J N 5 2154 63 3 2593 432 1 141
K 0 0 43
K 0 31 96
A D 1 16
H 141 B 69 0 112 2 2 53
J N 7 2194 63 5 3457 144 0
K 0 0 43
K 0 69 110
K 0 0 59
K 0 -32 59
A D 4 16
J B 298 2250 1 82 6913 576 0
E *
B 1 313 0
B 1 523 0
B 1 717 0
B 1 943 0
B 1 1200 0
B 1 1382 0
B 1 1637 0
B 1 1775 0
B 1 1883 0
B 1 2066 0
B 1 2250 0
S 0 100 2000 2250 84 1 "(.)"
L 0 0 0 250 250 * 0 21 0
J C 4 7 63 2 6913 0 0
K 0 0 33
K 0 0 34
J K 0 85 0 0 6913 0 0
J D 0 -39 -21 1 6913 0 0
W 0 0 37 \02\09\08
J N 6 151 63 4 1 0 1 142
K 0 0 43
K 36 -9 44
K 0 58 108
A D 3 16
J N 5 207 63 3 2593 432 1 142
K 0 0 43
K 0 31 96
A D 1 16
H 142 B 69 0 112 2 2 53
J N 7 247 63 5 3457 144 0
K 0 0 43
K 0 69 110
K 0 0 59
K 0 -32 59
A D 4 16
J B 299 303 1 82 6913 576 0
J N 6 335 63 4 1 0 1 143
K 0 0 43
K 36 -9 44
K 0 58 108
A D 3 16
J N 5 391 63 3 2593 432 1 143
K 0 0 43
K 0 31 96
A D 1 16
H 143 B 69 0 112 2 2 53
J N 7 431 63 5 3457 144 0
K 0 0 43
K 0 69 110
K 0 0 59
K 0 -32 59
A D 4 16
J B 300 487 1 82 6913 576 0
J N 6 519 84 4 1 0 0
K 0 0 43
K 0 46 108
K 0 0 53
A D 2 16
J R 6 574 42 2 1729 288 0
K 0 0 49
A D 2 16
J R 7 613 42 2 3457 288 0
K 0 0 48
A D 4 16
J B 301 669 1 82 6913 576 0
J S 4 711 31 8 4 576 0
K 0 0 62
K 0 5 62
K 80 11 92
K 50 11 92
K 20 11 92
K 0 11 92
K 110 0 62
K 110 5 62
K 40 11 75
J B 305 863 1 82 6913 1 0
J N 7 895 63 5 1 0 0
K 0 0 43
K 0 58 108
K 0 0 59
K 0 -32 59
A D 4 16
J N 7 945 63 4 3457 576 0
K 0 0 43
K 0 0 59
K 0 -32 59
A D 4 16
J B 306 1001 1 82 6913 576 0
J N 6 1033 63 4 1 0 1 144
K 0 0 43
K 36 -9 44
K 0 58 108
A D 3 16
J N 5 1089 63 3 2593 432 1 144
K 0 0 43
K 0 31 96
A D 1 16
H 144 B 69 0 112 2 2 53
J N 7 1129 63 5 3457 144 0
K 0 0 43
K 0 69 110
K 0 0 59
K 0 -32 59
A D 4 16
J B 307 1185 1 82 6913 576 0
J N 6 1217 63 4 1 0 1 145
K 0 0 43
K 36 -9 44
K 0 58 108
A D 3 16
J N 5 1273 63 3 2593 432 1 145
K 0 0 43
K 0 31 96
A D 1 16
H 145 B 69 0 112 2 2 53
J N 7 1313 63 5 3457 144 0
K 0 0 43
K 0 69 110
K 0 0 59
K 0 -32 59
A D 4 16
J B 308 1369 1 82 6913 576 0
J N 6 1401 63 4 1 0 1 146
K 0 0 43
K 36 -9 44
K 0 58 108
A D 3 16
J N 5 1457 63 3 2593 432 1 146
K 0 0 43
K 0 31 96
A D 1 16
H 146 B 69 0 112 2 2 53
J N 7 1497 63 5 3457 144 0
K 0 0 43
K 0 69 110
K 0 0 59
K 0 -32 59
A D 4 16
J B 309 1553 1 82 6913 576 0
J N 6 1585 63 4 1 0 1 147
K 0 0 43
K 36 -9 44
K 0 58 108
A D 3 16
J N 5 1641 63 3 2593 432 1 147
K 0 0 43
K 0 31 96
A D 1 16
H 147 B 69 0 112 2 2 53
J N 7 1681 63 5 3457 144 0
K 0 0 43
K 0 69 110
K 0 0 59
K 0 -32 59
A D 4 16
J B 310 1737 1 82 6913 576 0
J N 6 1769 84 4 1 0 0
K 0 0 43
K 0 48 108
K 0 0 53
A D 2 16
J R 6 1824 42 2 1729 288 0
K 0 0 49
A D 2 16
J R 7 1863 42 2 3457 288 0
K 0 0 48
A D 4 16
J B 311 1919 1 82 6913 576 0
J S 4 1961 31 8 2 576 0
K 0 0 62
K 0 5 62
K 79 11 92
K 49 11 92
K 19 11 92
K 0 11 92
K 109 0 62
K 109 5 62
K 39 11 73
J B 313 2112 1 82 6913 1 0
J D 0 2144 0 1 1 0 0
W 0 142 1 p!36| dolce
J N 7 2144 63 4 1 0 0
K 0 0 43
K 0 0 59
K 0 -32 59
A D 4 16
J N 7 2194 63 4 3457 576 0
K 0 0 43
K 0 0 59
K 0 -32 59
A D 4 16
J B 314 2250 1 82 6913 576 0
E *
B 1 303 0
B 1 487 0
B 1 669 0
B 1 863 0
B 1 1001 0
B 1 1185 0
B 1 1369 0
B 1 1553 0
B 1 1737 0
B 1 1919 0
B 1 2112 0
B 1 2250 0
S 0 100 2310 2250 84 1 "(.)"
L 0 0 0 250 250 * 0 21 0
J C 4 7 63 2 6913 0 0
K 0 0 33
K 0 0 34
J K 0 85 0 0 6913 0 0
J D 0 -39 -21 1 6913 0 0
W 0 0 37 \03\01\04
J N 7 151 63 4 1 0 0
K 0 0 43
K 0 0 59
K 0 -32 59
A D 4 16
J N 7 203 63 4 3457 576 0
K 0 0 43
K 0 0 59
K 0 -32 59
A D 4 16
J B 315 260 1 82 6913 576 0
J N 7 292 63 4 1 0 0
K 0 0 43
K 0 0 59
K 0 -32 59
A D 4 16
J N 7 344 63 4 3457 576 0
K 0 0 43
K 0 0 59
K 0 -32 59
A D 4 16
J B 316 401 1 82 6913 576 0
J N 7 433 63 4 1 0 0
K 0 0 43
K 0 0 59
K 0 -32 59
A D 4 16
J N 7 484 63 4 3457 576 0
K 0 0 43
K 0 0 59
K 0 -32 59
A D 4 16
J B 317 540 1 82 6913 576 0
J N 7 572 63 4 1 0 0
K 0 0 43
K 0 0 59
K 0 -32 59
A D 4 16
J N 7 623 63 4 3457 576 0
K 0 0 43
K 0 0 59
K 0 -32 59
A D 4 16
J B 318 679 1 82 6913 576 0
J N 6 711 63 3 1 0 0
K 0 0 43
K 0 0 53
A D 2 16
J R 6 766 42 2 1729 288 0
K 0 0 49
A D 2 16
J C 22 805 21 164 3457 288 0
J D 0 857 0 1 3457 0 0
W 0 142 36 cresc.
J N 7 867 10 4 3457 0 1 148
K 0 0 43
K 0 0 60
K 0 32 60
A D 4 16
J B 319 923 1 82 6913 576 0
J D 0 976 0 1 1 0 0
W 0 -42 32 1.
J N 8 955 10 4 1 0 2 149 148
K 0 0 42
K 0 0 60
K 0 32 60
A D 8 16
H 148 T 10 0 0 0 0 0 1 0
J B 320 1041 1 82 6913 1152 0
J D 0 1073 0 1 1 0 1 150
W 0 142 36 poco a poco
J D 0 1094 0 1 1 0 0
W 0 -42 32 2.
J N 8 1073 10 4 1 0 2 151 149
K 0 0 42
K 0 0 60
K 0 32 60
A D 8 16
H 149 T 10 0 0 0 0 0 1 0
J B 321 1159 1 82 6913 1152 0
J D 0 1212 0 1 1 0 0
W 0 -42 32 3.
J N 8 1191 10 4 1 0 2 152 151
K 0 0 42
K 0 0 60
K 0 32 60
A D 8 16
H 151 T 10 0 0 0 0 0 1 0
J B 322 1277 1 82 6913 1152 0
J D 0 1330 0 1 1 0 0
W 0 -42 32 4.
J N 8 1309 10 4 1 0 2 153 152
K 0 0 42
K 0 0 60
K 0 32 60
A D 8 16
H 152 T 10 0 0 0 0 0 1 0
J B 323 1395 1 82 6913 1152 0
J D 0 1448 0 1 1 0 0
W 0 -42 32 5.
J N 8 1427 10 4 1 0 2 154 153
K 0 0 42
K 0 0 60
K 0 32 60
A D 8 16
H 153 T 10 0 0 0 0 0 1 0
J B 324 1513 1 82 6913 1152 0
J D 0 1566 0 1 1 0 0
W 0 -42 32 6.
J N 8 1545 10 4 1 0 2 155 154
K 0 0 42
K 0 0 60
K 0 32 60
A D 8 16
H 154 T 10 0 0 0 0 0 1 0
J B 325 1631 1 82 6913 1152 0
J D 0 1684 0 1 1 0 0
W 0 -42 32 7.
J N 8 1663 10 4 1 0 2 156 155
K 0 0 42
K 0 0 60
K 0 32 60
A D 8 16
H 155 T 10 0 0 0 0 0 1 0
J B 326 1749 1 82 6913 1152 0
J D 0 1802 0 1 1 0 0
W 0 -42 32 8.
J N 8 1781 10 4 1 0 2 157 156
K 0 0 42
K 0 0 60
K 0 32 60
A D 8 16
H 156 T 10 0 0 0 0 0 1 0
J B 327 1867 1 82 6913 1152 0
J D 0 1920 0 1 1 0 0
W 0 -42 32 9.
J N 8 1899 10 4 1 0 2 158 157
K 0 0 42
K 0 0 60
K 0 32 60
A D 8 16
H 157 T 10 0 0 0 0 0 1 0
J B 328 1985 1 82 6913 1152 0
J D 0 2038 0 1 1 0 0
W 0 -42 32 10.
J N 8 2017 10 4 1 0 2 159 158
K 0 0 42
K 0 0 60
K 0 32 60
A D 8 16
H 158 T 10 0 0 0 0 0 1 0
J B 329 2103 1 82 6913 1152 0
J D 0 2156 0 1 1 0 0
W 0 -42 32 11.
J N 8 2135 10 4 1 0 1 159
K 0 0 42
K 0 0 60
K 0 32 60
A D 8 16
H 159 T 10 0 0 0 0 0 1 0
J M 0 2205 0 0 6913 1152 1 150
H 150 D 273 0 142 0 31
J C 4 2178 63 2 6913 0 0
K 0 0 161
K 0 0 162
J B 330 2250 1 82 6913 0 0
E *
B 1 260 0
B 1 401 0
B 1 540 0
B 1 679 0
B 1 923 0
B 1 1041 0
B 1 1159 0
B 1 1277 0
B 1 1395 0
B 1 1513 0
B 1 1631 0
B 1 1749 0
B 1 1867 0
B 1 1985 0
B 1 2103 0
B 1 2250 0
S 0 100 2620 2250 84 1 "(.)"
L 0 0 0 250 250 * 0 21 0
J C 4 7 63 2 6913 0 0
K 0 0 33
K 0 0 34
J K 0 85 0 0 6913 0 0
J D 0 -39 -21 1 6913 0 0
W 0 0 37 \03\03\00
J D 0 130 0 17 1 0 0
W 0 -42 44 H
K -18 -104 90
K -18 -30 90
K 12 -104 90
K 12 -30 90
K 42 -104 90
K 42 -30 90
K 48 -104 90
K 48 -30 90
K -18 -104 89
K 74 -104 89
K -18 -83 89
K 74 -83 89
K -18 -62 89
K 74 -62 89
K -18 -51 89
K 74 -51 89
J N 8 151 63 6 1 0 1 160
K 0 0 42
K 0 75 110
K 30 75 110
K 0 0 59
K 0 -32 59
A D 8 16
J B 331 238 1 82 6913 1152 0
J N 8 270 63 4 1 0 1 160
K 0 0 42
K 0 0 59
K 0 -32 59
A D 8 16
H 160 T 63 0 0 0 0 0 13 0
J B 332 357 1 82 6913 1152 0
J N 8 389 31 6 1 0 0
K 0 0 42
K 0 105 111
K 18 105 110
K 0 0 60
K 0 32 60
A D 8 16
J B 333 476 1 82 6913 1152 0
J N 8 508 63 6 1 0 0
K 0 0 42
K 0 69 111
K 18 69 110
K 0 0 59
K 0 -32 59
A D 8 16
J B 334 595 1 82 6913 1152 0
J N 8 627 31 6 1 0 0
K 0 0 42
K 0 105 111
K 18 105 110
K 0 0 60
K 0 32 60
A D 8 16
J B 335 714 1 82 6913 1152 0
J N 8 746 63 6 1 0 0
K 0 0 42
K 0 69 111
K 18 69 110
K 0 0 59
K 0 -32 59
A D 8 16
J B 336 833 1 82 6913 1152 0
J N 8 865 63 6 1 0 1 161
K 0 0 42
K 0 75 110
K 30 75 110
K 0 0 59
K 0 -32 59
A D 8 16
J B 337 951 1 82 6913 1152 0
J N 8 983 63 4 1 0 1 161
K 0 0 42
K 0 0 59
K 0 -32 59
A D 8 16
H 161 T 63 0 0 0 0 0 13 0
J B 338 1069 1 82 6913 1152 0
J N 8 1101 31 6 1 0 0
K 0 0 42
K 0 105 111
K 18 105 110
K 0 0 60
K 0 32 60
A D 8 16
J B 339 1187 1 82 6913 1152 0
J N 8 1219 63 6 1 0 0
K 0 0 42
K 0 69 111
K 18 69 110
K 0 0 59
K 0 -32 59
A D 8 16
J B 340 1305 1 82 6913 1152 0
J N 8 1337 31 6 1 0 0
K 0 0 42
K 0 105 111
K 18 105 110
K 0 0 60
K 0 32 60
A D 8 16
J B 341 1423 1 82 6913 1152 0
J N 8 1455 31 6 1 0 0
K 0 0 42
K 0 105 111
K 18 105 110
K 0 0 60
K 0 32 60
A D 8 16
J B 342 1541 1 82 6913 1152 0
J N 6 1573 10 5 1 0 1 162
K 0 0 43
K 0 -26 96
K 0 128 111
K 18 128 110
A D 2 16
J N 6 1613 10 3 1729 288 1 162
K 0 0 43
K 0 -26 96
A D 2 16
J N 6 1653 10 3 3457 288 1 162
K 0 0 43
K 0 -26 96
A D 2 16
J N 6 1693 10 3 5185 288 1 162
K 0 0 43
K 0 -26 96
A D 2 16
H 162 B -74 0 112 4 2 1 1 3
J B 343 1738 1 82 6913 288 0
J N 6 1770 21 5 1 0 1 163
K 0 0 43
K 0 -32 96
K 0 121 111
K 18 121 110
A D 2 16
J N 6 1810 21 3 1729 288 1 163
K 0 0 43
K 0 -32 96
A D 2 16
J N 6 1850 21 3 3457 288 1 163
K 0 0 43
K 0 -32 96
A D 2 16
J N 6 1890 21 3 5185 288 1 163
K 0 0 43
K 0 -32 96
A D 2 16
H 163 B -69 0 112 4 2 1 1 3
J B 344 1935 1 82 6913 288 0
J N 6 1967 105 5 1 0 1 164
K 1 0 45
K 0 0 43
K -1 0 45
K 6 0 45
A D 2 16
J N 6 2007 105 5 1729 288 1 164
K 1 0 45
K 0 0 43
K -1 0 45
K 6 0 45
A D 2 16
J N 6 2047 105 7 3457 288 1 164
K 1 0 45
K 0 0 43
K -1 0 45
K 6 0 45
K 0 54 111
K 18 54 110
A D 2 16
J N 6 2087 105 5 5185 288 1 164
K 1 0 45
K 0 0 43
K -1 0 45
K 6 0 45
A D 2 16
H 164 B 69 0 112 4 2 1 1 3
J B 345 2132 1 82 6913 288 0
J N 8 2164 105 8 1 0 0
K 1 0 45
K 0 0 42
K -1 0 45
K 6 0 45
K 0 0 59
K 0 -34 59
K 0 -63 125
A D 8 16
J B 346 2250 1 82 6913 1152 0
E *
B 1 238 0
B 1 357 0
B 1 476 0
B 1 595 0
B 1 714 0
B 1 833 0
B 1 951 0
B 1 1069 0
B 1 1187 0
B 1 1305 0
B 1 1423 0
B 1 1541 0
B 1 1738 0
B 1 1935 0
B 1 2132 0
B 1 2250 0
