@ SYSTEM: Beethoven: Symphony No. 3 -- Third Movement
S 0 200 140 2050 1453 11 "[....][{.}.](.)[{..}..]"
@ LINE: 1 Flutes
L 0 0 0 339 339 * 0 14 0
J D 0 -108 42 1 6913 0 0
W 0 0 31 Fl 1-2
J C 4 5 42 2 6913 0 0
K 0 0 33
K 0 0 34
J K -3 57 0 3 6913 0 0
K 0 28 65
K 13 7 65
K 26 35 65
J D 0 -27 -14 1 6913 0 0
W 0 0 37 \01\01\07
J R 9 173 28 2 1 0 0
K 0 0 46
A D 6 8 0
A P 3 0 0
J B 118 257 1 82 6913 1728 0
J R 9 327 28 2 1 0 0
K 0 0 46
A D 6 8 0
A P 3 0 0
J B 119 425 1 82 6913 1728 0
J R 9 495 28 2 1 0 0
K 0 0 46
A D 6 8 0
A P 3 0 0
J B 120 593 1 82 6913 1728 0
J R 7 623 28 2 1 0 0
K 0 0 48
A D 2 8 0
A P 1 0 0
J N 7 675 -28 14 2305 576 0
K 0 14 45
K 0 0 45
K 0 -14 45
K 0 -14 43
K -1 -14 45
K 2 -14 45
K 0 0 43
K -1 0 45
K 2 0 45
K 0 106 108
K 0 -14 60
K 0 0 60
K 0 28 60
A D 2 8 0
A P 1 254 0
A P 2 243 0
J N 7 741 -28 13 4609 576 0
K 0 14 45
K 0 0 45
K 0 -14 45
K 0 -14 43
K -1 -14 45
K 2 -14 45
K 0 0 43
K -1 0 45
K 2 0 45
K 0 -14 60
K 0 0 60
K 0 28 60
A D 2 8 0
A P 1 254 0
A P 2 243 0
J B 121 792 1 82 6913 576 0
J N 7 813 -21 13 1 0 0
K 0 7 45
K 0 -7 45
K 0 -21 45
K 0 -21 43
K -1 -21 45
K 2 -21 45
K 0 0 43
K 0 7 45
K 1 7 45
K 0 -21 60
K 0 0 60
K 0 21 60
A D 2 8 0
A P 1 254 0
A P 2 237 0
J N 7 861 -21 13 2305 576 0
K 0 7 45
K 0 -7 45
K 0 -21 45
K 0 -21 43
K -1 -21 45
K 2 -21 45
K 0 0 43
K 0 7 45
K 1 7 45
K 0 -21 60
K 0 0 60
K 0 21 60
A D 2 8 0
A P 1 254 0
A P 2 237 0
J N 7 909 -21 13 4609 576 0
K 0 7 45
K 0 -7 45
K 0 -21 45
K 0 -21 43
K -1 -21 45
K 2 -21 45
K 0 0 43
K 0 7 45
K 1 7 45
K 0 -21 60
K 0 0 60
K 0 21 60
A D 2 8 0
A P 1 254 0
A P 2 237 0
J B 122 960 1 82 6913 576 0
J N 7 981 -21 12 1 0 0
K 0 7 45
K 0 -7 45
K 0 -14 43
K 0 -7 45
K 1 -7 45
K 0 0 43
K 0 7 45
K 1 7 45
K 0 -14 60
K 0 0 60
K 0 21 60
A D 2 8 0
A P 1 249 0
A P 2 237 0
J N 7 1028 -21 12 2305 576 0
K 0 7 45
K 0 -7 45
K 0 -14 43
K 0 -7 45
K 1 -7 45
K 0 0 43
K 0 7 45
K 1 7 45
K 0 -14 60
K 0 0 60
K 0 21 60
A D 2 8 0
A P 1 249 0
A P 2 237 0
J N 7 1075 -21 12 4609 576 0
K 0 7 45
K 0 -7 45
K 0 -14 43
K 0 -7 45
K 1 -7 45
K 0 0 43
K 0 7 45
K 1 7 45
K 0 -14 60
K 0 0 60
K 0 21 60
A D 2 8 0
A P 1 249 0
A P 2 237 0
J B 123 1125 1 82 6913 576 0
J N 7 1146 -21 15 1 0 0
K 0 7 45
K 0 -7 45
K 0 -21 45
K 0 -21 43
K -1 -21 45
K 2 -21 45
K 0 0 43
K 0 7 45
K 1 7 45
K 0 -38 96
K 0 105 110
K 0 -21 60
K 0 0 60
K 0 21 60
A D 2 8 0
A P 1 254 0
A P 2 237 0
J N 8 1193 -7 15 2305 576 0
K 0 -7 45
K 0 -21 45
K 0 -35 45
K 0 -49 45
K 0 -49 42
K -1 -49 45
K 2 -49 45
K 0 0 42
K 0 91 111
K 12 91 110
K 0 -49 60
K 0 -28 60
K 0 0 60
K 0 21 60
A D 4 8 0
A P 1 266 0
A P 2 226 0
J B 124 1267 1 82 6913 1152 0
J N 7 1288 7 12 1 0 0
K 0 -21 45
K 0 -35 45
K 0 -49 45
K 0 -49 43
K -1 -49 45
K 2 -49 45
K 0 0 43
K 0 -49 60
K 0 -28 60
K 0 0 60
K 0 21 60
A D 2 8 0
A P 1 254 0
A P 2 214 0
J N 8 1335 -21 9 2305 576 0
K 1 7 45
K 0 0 42
K 0 7 45
K 1 7 45
K 0 105 111
K 12 105 110
K 0 0 59
K 0 -7 59
A D 4 8 0
A P 1 237 0
J N 8 1335 -21 7 2305 0 0
K 0 7 45
K 0 0 42
K 0 7 45
K 1 7 45
K 0 0 60
K 0 21 60
A D 4 8 0
A P 2 237 0
J B 125 1409 1 82 6913 1152 0
J N 7 1430 -7 4 1 0 0
K 0 0 43
K 0 0 59
K 0 -14 59
A D 2 8 0
A P 1 226 0
J N 7 1430 -7 4 1 0 0
K 0 0 43
K 0 0 60
K 0 21 60
A D 2 8 0
A P 2 226 0
J N 8 1477 7 6 2305 576 0
K 0 0 42
K 0 77 111
K 12 77 110
K 0 0 59
K 0 -14 59
A D 4 8 0
A P 1 214 0
J N 8 1477 7 4 2305 0 0
K 0 0 42
K 0 0 60
K 0 21 60
A D 4 8 0
A P 2 214 0
J B 126 1551 1 82 6913 1152 0
J N 7 1572 28 4 1 0 0
K 0 0 43
K 0 0 59
K 0 -14 59
A D 2 8 0
A P 1 197 0
J N 7 1572 28 4 1 0 0
K 0 0 43
K 0 0 60
K 0 21 60
A D 2 8 0
A P 2 197 0
J R 7 1619 28 2 2305 576 0
K 0 0 48
A D 2 8 0
A P 1 0 0
J N 7 1666 35 5 4609 576 0
K 0 0 43
K 0 -56 236
K 0 0 59
K 0 -21 59
A D 2 8 0
A P 1 191 0
J N 7 1666 35 4 4609 0 0
K 0 0 43
K 0 0 60
K 0 14 60
A D 2 8 0
A P 2 191 0
J B 127 1716 1 82 6913 576 0
J N 7 1737 42 4 1 0 0
K 0 0 43
K 0 0 59
K 0 -21 59
A D 2 8 0
A P 1 186 0
J N 7 1737 42 4 1 0 0
K 0 0 43
K 0 0 60
K 0 14 60
A D 2 8 0
A P 2 186 0
J R 7 1784 28 2 2305 576 0
K 0 0 48
A D 2 8 1
A P 1 0 1
J R 7 1831 28 2 4609 576 0
K 0 0 48
A D 2 8 0
A P 1 0 0
J B 128 1881 1 82 6913 576 0
J R 9 1951 28 2 1 0 0
K 0 0 46
A D 6 8 0
A P 3 0 0
J B 129 2050 1 82 6913 1728 0
E *
@ LINE: 2 Oboes
L 132 0 0 339 339 * 0 14 0
J D 0 -119 42 1 6913 0 0
W 0 0 31 Ob 1-2
J C 4 5 42 2 6913 0 0
K 0 0 33
K 0 0 34
J K -3 57 0 3 6913 0 0
K 0 28 65
K 13 7 65
K 26 35 65
J D 0 -27 -14 1 6913 0 0
W 0 0 0 \01\01\07
J R 9 173 28 2 1 0 0
K 0 0 46
A D 6 8 0
A P 3 0 0
J B 118 257 1 82 6913 1728 0
J R 9 327 28 2 1 0 0
K 0 0 46
A D 6 8 0
A P 3 0 0
J B 119 425 1 82 6913 1728 0
J R 7 446 28 2 1 0 0
K 0 0 48
A D 2 8 0
A P 1 0 0
J N 7 494 28 7 2305 576 0
K 0 -21 43
K 0 0 43
K 0 67 108
K 0 -21 60
K 0 0 60
K 0 21 60
A D 2 8 0
A P 1 214 0
A P 2 197 0
J N 7 542 28 6 4609 576 0
K 0 -21 43
K 0 0 43
K 0 -21 60
K 0 0 60
K 0 21 60
A D 2 8 0
A P 1 214 0
A P 2 197 0
J B 120 593 1 82 6913 576 0
J N 7 623 7 6 1 0 0
K 0 -7 43
K -17 0 43
K 0 -7 60
K 0 0 60
K 0 21 60
A D 2 8 0
A P 1 220 0
A P 2 214 0
J N 7 675 7 6 2305 576 0
K 0 -7 43
K -17 0 43
K 0 -7 60
K 0 0 60
K 0 21 60
A D 2 8 0
A P 1 220 0
A P 2 214 0
J N 7 741 7 7 4609 576 0
K -35 -7 63
K 0 -7 43
K -17 0 43
K 0 -7 60
K 0 0 60
K 0 21 60
A D 2 8 0
A P 1 221 0
A P 2 214 0
J B 121 792 1 82 6913 576 0
J N 7 813 7 6 1 0 0
K 0 -14 43
K 0 0 43
K 0 -14 60
K 0 0 60
K 0 21 60
A D 2 8 0
A P 1 226 0
A P 2 214 0
J N 7 861 7 6 2305 576 0
K 0 -14 43
K 0 0 43
K 0 -14 60
K 0 0 60
K 0 21 60
A D 2 8 0
A P 1 226 0
A P 2 214 0
J N 7 909 7 6 4609 576 0
K 0 -14 43
K 0 0 43
K 0 -14 60
K 0 0 60
K 0 21 60
A D 2 8 0
A P 1 226 0
A P 2 214 0
J B 122 960 1 82 6913 576 0
J N 7 981 14 9 1 0 0
K 0 -28 45
K 0 -28 43
K -1 -28 45
K 2 -28 45
K 0 0 43
K 0 -28 60
K 0 0 60
K 0 21 60
A D 2 8 0
A P 1 231 0
A P 2 209 0
J N 7 1028 14 9 2305 576 0
K 0 -28 45
K 0 -28 43
K -1 -28 45
K 2 -28 45
K 0 0 43
K 0 -28 60
K 0 0 60
K 0 21 60
A D 2 8 0
A P 1 231 0
A P 2 209 0
J N 7 1075 14 9 4609 576 0
K 0 -28 45
K 0 -28 43
K -1 -28 45
K 2 -28 45
K 0 0 43
K 0 -28 60
K 0 0 60
K 0 21 60
A D 2 8 0
A P 1 231 0
A P 2 209 0
J B 123 1125 1 82 6913 576 0
J N 7 1146 7 8 1 0 0
K 0 -14 43
K 0 0 43
K 0 -31 96
K 0 78 110
K 0 -14 60
K 0 0 60
K 0 21 60
A D 2 8 0
A P 1 226 0
A P 2 214 0
J N 8 1193 -7 6 2305 576 0
K 0 0 42
K 0 91 111
K 12 91 110
K 0 0 59
K 0 -14 59
A D 4 8 0
A P 1 226 0
J N 8 1193 -7 4 2305 0 0
K 0 0 42
K 0 0 60
K 0 21 60
A D 4 8 0
A P 2 226 0
J B 124 1267 1 82 6913 1152 0
J N 7 1288 7 4 1 0 0
K 0 0 43
K 0 0 59
K 0 -14 59
A D 2 8 0
A P 1 214 0
J N 7 1288 7 4 1 0 0
K 0 0 43
K 0 0 60
K 0 21 60
A D 2 8 0
A P 2 214 0
J N 8 1335 28 6 2305 576 0
K 0 0 42
K 0 68 111
K 12 68 110
K 0 0 59
K 0 -14 59
A D 4 8 0
A P 1 197 0
J N 8 1335 28 4 2305 0 0
K 0 0 42
K 0 0 60
K 0 21 60
A D 4 8 0
A P 2 197 0
J B 125 1409 1 82 6913 1152 0
J N 7 1430 42 4 1 0 0
K 0 0 43
K 0 0 59
K 0 -21 59
A D 2 8 0
A P 1 186 0
J N 7 1430 42 4 1 0 0
K 0 0 43
K 0 0 60
K 0 14 60
A D 2 8 0
A P 2 186 0
J N 8 1477 7 6 2305 576 0
K 0 0 42
K 0 77 111
K 12 77 110
K 0 0 59
K 0 -14 59
A D 4 8 0
A P 1 214 0
J N 8 1477 7 4 2305 0 0
K 0 0 42
K 0 0 60
K 0 21 60
A D 4 8 0
A P 2 214 0
J B 126 1551 1 82 6913 1152 0
J N 7 1572 28 4 1 0 0
K 0 0 43
K 0 0 59
K 0 -14 59
A D 2 8 0
A P 1 197 0
J N 7 1572 28 4 1 0 0
K 0 0 43
K 0 0 60
K 0 21 60
A D 2 8 0
A P 2 197 0
J R 7 1619 28 2 2305 576 0
K 0 0 48
A D 2 8 1
A P 1 0 1
J R 7 1666 28 2 4609 576 0
K 0 0 48
A D 2 8 0
A P 1 0 0
J B 127 1716 1 82 6913 576 0
J R 7 1737 28 2 1 0 0
K 0 0 48
A D 2 8 0
A P 1 0 0
J D 0 1756 0 1 2305 576 0
W 0 -21 32 1.
J N 7 1784 0 6 2305 0 0
K 0 0 43
K 0 -17 96
K 0 79 108
K 0 0 60
K 0 21 60
A D 2 8 0
A P 1 220 0
J N 7 1831 7 5 4609 576 0
K 0 0 43
K 0 -17 96
K 0 0 60
K 0 21 60
A D 2 8 0
A P 1 214 0
J B 128 1881 1 82 6913 576 0
J N 7 1906 0 5 1 0 0
K 0 0 43
K 0 -17 96
K 0 0 60
K 0 21 60
A D 2 8 0
A P 1 220 0
J N 7 1953 7 5 2305 576 0
K 0 0 43
K 0 -17 96
K 0 0 60
K 0 21 60
A D 2 8 0
A P 1 214 0
J N 7 2000 0 5 4609 576 0
K 0 0 43
K 0 -17 96
K 0 0 60
K 0 21 60
A D 2 8 0
A P 1 220 0
J B 129 2050 1 82 6913 576 0
E *
@ LINE: 3 Clarinets
L 264 0 0 339 339 * 0 14 0
J D 0 -110 42 1 6913 0 0
W 0 -21 31 Cl 1-2
J D 0 -110 42 1 6913 0 0
W 0 21 31 (B\0.)
J C 4 5 42 2 6913 0 0
K 0 0 33
K 0 0 34
J K -1 57 0 1 6913 0 0
K 0 28 65
J D 0 -27 -14 1 6913 0 0
W 0 0 0 \01\01\07
J R 9 173 28 2 1 0 0
K 0 0 46
A D 6 8 0
A P 3 0 0
J B 118 257 1 82 6913 1728 0
J R 9 327 28 2 1 0 0
K 0 0 46
A D 6 8 0
A P 3 0 0
J B 119 425 1 82 6913 1728 0
J R 7 446 28 2 1 0 0
K 0 0 48
A D 2 8 0
A P 1 0 0
J N 7 494 35 8 2305 576 0
K 0 -35 43
K 0 0 43
K 0 63 108
K 0 -35 60
K 0 -28 60
K 0 0 60
K 0 14 60
A D 2 8 0
A P 1 220 0
A P 2 192 0
J N 7 542 35 7 4609 576 0
K 0 -35 43
K 0 0 43
K 0 -35 60
K 0 -28 60
K 0 0 60
K 0 14 60
A D 2 8 0
A P 1 220 0
A P 2 192 0
J B 120 593 1 82 6913 576 0
J N 7 623 42 7 1 0 0
K 0 -42 43
K 0 0 43
K 0 -42 60
K 0 -28 60
K 0 0 60
K 0 14 60
A D 2 8 0
A P 1 220 0
A P 2 186 0
J N 7 675 42 7 2305 576 0
K 0 -42 43
K 0 0 43
K 0 -42 60
K 0 -28 60
K 0 0 60
K 0 14 60
A D 2 8 0
A P 1 220 0
A P 2 186 0
J N 7 741 42 8 4609 576 0
K -18 0 63
K 0 -42 43
K 0 0 43
K 0 -42 60
K 0 -28 60
K 0 0 60
K 0 14 60
A D 2 8 0
A P 1 220 0
A P 2 187 0
J B 121 792 1 82 6913 576 0
J N 7 813 35 7 1 0 0
K 0 -35 43
K 0 0 43
K 0 -35 60
K 0 -28 60
K 0 0 60
K 0 14 60
A D 2 8 0
A P 1 220 0
A P 2 192 0
J N 7 861 35 7 2305 576 0
K 0 -35 43
K 0 0 43
K 0 -35 60
K 0 -28 60
K 0 0 60
K 0 14 60
A D 2 8 0
A P 1 220 0
A P 2 192 0
J N 7 909 35 7 4609 576 0
K 0 -35 43
K 0 0 43
K 0 -35 60
K 0 -28 60
K 0 0 60
K 0 14 60
A D 2 8 0
A P 1 220 0
A P 2 192 0
J B 122 960 1 82 6913 576 0
J N 7 981 28 6 1 0 0
K 0 -21 43
K 0 0 43
K 0 -21 60
K 0 0 60
K 0 21 60
A D 2 8 0
A P 1 215 0
A P 2 197 0
J N 7 1028 28 6 2305 576 0
K 0 -21 43
K 0 0 43
K 0 -21 60
K 0 0 60
K 0 21 60
A D 2 8 0
A P 1 215 0
A P 2 197 0
J N 7 1075 28 6 4609 576 0
K 0 -21 43
K 0 0 43
K 0 -21 60
K 0 0 60
K 0 21 60
A D 2 8 0
A P 1 215 0
A P 2 197 0
J B 123 1125 1 82 6913 576 0
J N 7 1146 35 9 1 0 0
K 0 -35 43
K 0 0 43
K 0 -52 96
K 0 60 110
K 0 -35 60
K 0 -28 60
K 0 0 60
K 0 14 60
A D 2 8 0
A P 1 220 0
A P 2 192 0
J N 8 1193 35 12 2305 576 0
K 0 -49 45
K 0 -49 42
K -1 -49 45
K 2 -49 45
K 0 0 42
K 0 60 111
K 12 60 110
K 0 -49 60
K 0 -28 60
K 0 0 60
K 0 14 60
A D 4 8 0
A P 1 232 0
A P 2 192 0
J B 124 1267 1 82 6913 1152 0
J N 7 1288 49 7 1 0 0
K 0 -49 43
K 0 0 43
K 0 -49 60
K 0 -28 60
K 0 0 60
K 0 14 60
A D 2 8 0
A P 1 220 0
A P 2 180 0
J N 8 1335 21 12 2305 576 0
K 1 49 45
K 0 0 42
K 0 49 42
K -1 49 45
K 2 49 45
K 0 85 111
K 12 85 110
K 0 49 59
K 0 28 59
K 0 0 59
K 0 -14 59
A D 4 8 0
A P 1 203 0
A P 2 163 0
J B 125 1409 1 82 6913 1152 0
J N 7 1430 35 4 1 0 0
K 0 0 43
K 0 0 59
K 0 -21 59
A D 2 8 0
A P 1 192 0
J N 7 1430 35 4 1 0 0
K 0 0 43
K 0 0 60
K 0 14 60
A D 2 8 0
A P 2 192 0
J N 8 1477 49 9 2305 576 0
K 0 -49 42
K 0 0 42
K 0 58 111
K 12 58 110
K 0 -49 60
K 0 -28 60
K 0 0 60
K 0 14 60
A D 4 8 0
A P 1 220 0
A P 2 180 0
J B 126 1551 1 82 6913 1152 0
J N 7 1572 21 10 1 0 0
K 1 49 45
K 0 0 43
K 0 49 43
K -1 49 45
K 2 49 45
K 0 49 59
K 0 28 59
K 0 0 59
K 0 -14 59
A D 2 8 0
A P 1 203 0
A P 2 163 0
J R 7 1619 28 2 2305 576 0
K 0 0 48
A D 2 8 0
A P 1 0 0
J N 7 1666 28 5 4609 576 0
K 0 0 43
K 0 -49 236
K 0 0 59
K 0 -14 59
A D 2 8 0
A P 1 197 0
J N 7 1666 28 4 4609 0 0
K 0 0 43
K 0 0 60
K 0 21 60
A D 2 8 0
A P 2 197 0
J B 127 1716 1 82 6913 576 0
J N 7 1737 35 4 1 0 0
K 0 0 43
K 0 0 59
K 0 -21 59
A D 2 8 0
A P 1 192 0
J N 7 1737 35 4 1 0 0
K 0 0 43
K 0 0 60
K 0 14 60
A D 2 8 0
A P 2 192 0
J D 0 1777 0 1 2305 576 0
W 0 -35 32 1.
J N 7 1784 28 6 2305 0 0
K 0 0 43
K 0 21 96
K 0 51 108
K 0 0 59
K 0 -14 59
A D 2 8 0
A P 1 197 0
J N 7 1831 35 5 4609 576 0
K 0 0 43
K 0 14 96
K 0 0 59
K 0 -21 59
A D 2 8 0
A P 1 192 0
J B 128 1881 1 82 6913 576 0
J N 7 1906 28 5 1 0 0
K 0 0 43
K 0 21 96
K 0 0 59
K 0 -14 59
A D 2 8 0
A P 1 197 0
J N 7 1953 35 5 2305 576 0
K 0 0 43
K 0 14 96
K 0 0 59
K 0 -21 59
A D 2 8 0
A P 1 192 0
J N 7 2000 28 5 4609 576 0
K 0 0 43
K 0 21 96
K 0 0 59
K 0 -14 59
A D 2 8 0
A P 1 197 0
J B 129 2050 1 82 6913 576 0
E *
@ LINE: 4 Bassoons
L 396 0 0 339 339 * 0 14 0
J D 0 -130 42 1 6913 0 0
W 0 0 31 Fag 1-2
J C 22 5 14 36 6913 0 0
J K -3 57 0 3 6913 0 0
K 0 42 65
K 13 21 65
K 26 49 65
J D 0 -27 -14 1 6913 0 0
W 0 0 0 \01\01\07
J R 9 173 28 2 1 0 0
K 0 0 46
A D 6 8 0
A P 3 0 0
J B 118 257 1 82 6913 1728 0
J R 9 327 28 2 1 0 0
K 0 0 46
A D 6 8 0
A P 3 0 0
J B 119 425 1 82 6913 1728 0
J R 7 446 28 2 1 0 0
K 0 0 48
A D 2 8 0
A P 1 0 0
J N 7 494 7 7 2305 576 0
K 0 -14 43
K 0 0 43
K 0 72 108
K 0 -14 60
K 0 0 60
K 0 21 60
A D 2 8 0
A P 1 157 0
A P 2 146 0
J N 7 542 7 6 4609 576 0
K 0 -14 43
K 0 0 43
K 0 -14 60
K 0 0 60
K 0 21 60
A D 2 8 0
A P 1 157 0
A P 2 146 0
J B 120 593 1 82 6913 576 0
J N 7 623 0 9 1 0 0
K 0 -14 45
K 0 -14 43
K -1 -14 45
K 2 -14 45
K 0 0 43
K 0 -14 60
K 0 0 60
K 0 21 60
A D 2 8 0
A P 1 163 0
A P 2 151 0
J N 7 675 0 9 2305 576 0
K 0 -14 45
K 0 -14 43
K -1 -14 45
K 2 -14 45
K 0 0 43
K 0 -14 60
K 0 0 60
K 0 21 60
A D 2 8 0
A P 1 163 0
A P 2 151 0
J N 7 741 0 10 4609 576 0
K 0 -14 45
K -14 0 64
K 0 -14 43
K -1 -14 45
K 2 -14 45
K 0 0 43
K 0 -14 60
K 0 0 60
K 0 21 60
A D 2 8 0
A P 1 163 0
A P 2 152 0
J B 121 792 1 82 6913 576 0
J D 0 799 0 1 1 0 0
W 0 -28 32 zu 2
J N 7 813 -7 4 1 0 0
K 0 0 43
K 0 0 60
K 0 21 60
A D 2 8 0
A P 3 157 0
J N 7 861 -7 4 2305 576 0
K 0 0 43
K 0 0 60
K 0 21 60
A D 2 8 0
A P 3 157 0
J N 7 909 -7 4 4609 576 0
K 0 0 43
K 0 0 60
K 0 21 60
A D 2 8 0
A P 3 157 0
J B 122 960 1 82 6913 576 0
J N 7 981 -7 4 1 0 0
K 0 0 43
K 0 0 60
K 0 21 60
A D 2 8 0
A P 3 157 0
J N 7 1028 -7 4 2305 576 0
K 0 0 43
K 0 0 60
K 0 21 60
A D 2 8 0
A P 3 157 0
J N 7 1075 -7 4 4609 576 0
K 0 0 43
K 0 0 60
K 0 21 60
A D 2 8 0
A P 3 157 0
J B 123 1125 1 82 6913 576 0
J N 7 1146 -28 10 1 0 0
K 0 14 45
K 0 0 45
K 0 0 43
K -1 0 45
K 2 0 45
K 0 -17 96
K 0 112 110
K 0 0 60
K 0 28 60
A D 2 8 0
A P 3 174 0
J N 8 1193 -42 12 2305 576 0
K 0 28 45
K 0 14 45
K 0 0 45
K 0 0 42
K -1 0 45
K 2 0 45
K 0 126 111
K 12 126 110
K 0 0 60
K 0 28 60
K 0 42 60
A D 4 8 0
A P 3 186 0
J B 124 1267 1 82 6913 1152 0
J N 7 1288 -28 8 1 0 0
K 0 14 45
K 0 0 45
K 0 0 43
K -1 0 45
K 2 0 45
K 0 0 60
K 0 28 60
A D 2 8 0
A P 3 174 0
J N 8 1335 -7 6 2305 576 0
K 0 0 42
K 0 91 111
K 12 91 110
K 0 0 60
K 0 21 60
A D 4 8 0
A P 3 157 0
J B 125 1409 1 82 6913 1152 0
J N 7 1430 7 4 1 0 0
K 0 0 43
K 0 0 60
K 0 21 60
A D 2 8 0
A P 3 146 0
J N 8 1477 21 6 2305 576 0
K 0 0 42
K 0 70 111
K 12 70 110
K 0 0 60
K 0 21 60
A D 4 8 0
A P 3 134 0
J B 126 1551 1 82 6913 1152 0
J N 7 1572 42 4 1 0 0
K 0 0 43
K 0 0 59
K 0 -21 59
A D 2 8 0
A P 3 117 0
J R 7 1619 28 2 2305 576 0
K 0 0 48
A D 2 8 0
A P 3 0 0
J N 7 1666 49 5 4609 576 0
K 0 0 43
K 0 -63 236
K 0 0 59
K 0 -21 59
A D 2 8 0
A P 3 111 0
J B 127 1716 1 82 6913 576 0
J N 7 1737 56 4 1 0 0
K 0 0 43
K 0 0 59
K 0 -21 59
A D 2 8 0
A P 1 106 0
J N 7 1737 56 4 1 0 0
K 0 0 43
K 0 0 60
K 0 14 60
A D 2 8 0
A P 2 106 0
J N 7 1784 -7 12 2305 576 0
K 0 -7 45
K -14 0 64
K 0 -14 43
K 0 -7 45
K 1 -7 45
K 0 0 43
K 0 -31 96
K 0 85 108
K 0 -14 60
K 0 0 60
K 0 21 60
A D 2 8 0
A P 1 169 0
A P 2 158 0
J N 7 1831 -14 13 4609 576 0
K 0 0 45
K 0 -14 45
K 0 -14 43
K -1 -14 45
K 2 -14 45
K 0 0 43
K -1 0 45
K 2 0 45
K 0 -31 96
K 0 -14 60
K 0 0 60
K 0 21 60
A D 2 8 0
A P 1 174 0
A P 2 163 0
J B 128 1881 1 82 6913 576 0
J N 7 1906 -7 11 1 0 0
K 0 -7 45
K -14 0 64
K 0 -14 43
K 0 -7 45
K 1 -7 45
K 0 0 43
K 0 -31 96
K 0 -14 60
K 0 0 60
K 0 21 60
A D 2 8 0
A P 1 169 0
A P 2 158 0
J N 7 1953 -14 13 2305 576 0
K 0 0 45
K 0 -14 45
K 0 -14 43
K -1 -14 45
K 2 -14 45
K 0 0 43
K -1 0 45
K 2 0 45
K 0 -31 96
K 0 -14 60
K 0 0 60
K 0 21 60
A D 2 8 0
A P 1 174 0
A P 2 163 0
J N 7 2000 -7 10 4609 576 0
K 0 -7 45
K 0 -14 43
K 0 -7 45
K 1 -7 45
K 0 0 43
K 0 -31 96
K 0 -14 60
K 0 0 60
K 0 21 60
A D 2 8 0
A P 1 169 0
A P 2 158 0
J B 129 2050 1 82 6913 576 0
E *
@ LINE: 5 Horns 1 & 2
L 551 0 0 339 339 * 0 14 0
J D 0 -138 42 1 6913 0 0
W 0 -21 31 Cor 1-2
J D 0 -138 42 1 6913 0 0
W 0 21 31 (E\0.)
J C 4 5 42 2 6913 0 0
K 0 0 33
K 0 0 34
J K 0 57 0 0 6913 0 0
J D 0 -27 -14 1 6913 0 0
W 0 0 0 \01\01\07
J R 9 173 28 2 1 0 0
K 0 0 46
A D 6 8 0
A P 3 0 0
J B 118 257 1 82 6913 1728 0
J R 9 327 28 2 1 0 0
K 0 0 46
A D 6 8 0
A P 3 0 0
J B 119 425 1 82 6913 1728 0
J R 7 446 28 2 1 0 0
K 0 0 48
A D 2 8 0
A P 3 0 0
J D 0 480 0 1 2305 576 0
W 0 -14 32 zu 2
J N 7 494 21 5 2305 0 0
K 0 0 43
K 0 68 108
K 0 0 60
K 0 21 60
A D 2 8 0
A P 3 203 0
J N 7 542 21 4 4609 576 0
K 0 0 43
K 0 0 60
K 0 21 60
A D 2 8 0
A P 3 203 0
J B 120 593 1 82 6913 576 0
J N 7 623 21 4 1 0 0
K 0 0 43
K 0 0 60
K 0 21 60
A D 2 8 0
A P 3 203 0
J N 7 675 21 4 2305 576 0
K 0 0 43
K 0 0 60
K 0 21 60
A D 2 8 0
A P 3 203 0
J N 7 741 21 4 4609 576 0
K 0 0 43
K 0 0 60
K 0 21 60
A D 2 8 0
A P 3 203 0
J B 121 792 1 82 6913 576 0
J N 7 813 21 4 1 0 0
K 0 0 43
K 0 0 59
K 0 -14 59
A D 2 8 0
A P 1 203 0
J N 7 813 21 4 1 0 0
K 0 0 43
K 0 0 60
K 0 21 60
A D 2 8 0
A P 2 203 0
J N 7 861 21 6 2305 576 0
K 0 -14 43
K 0 0 43
K 0 -14 60
K 0 0 60
K 0 21 60
A D 2 8 0
A P 1 215 0
A P 2 203 0
J N 7 909 21 6 4609 576 0
K 0 -14 43
K 0 0 43
K 0 -14 60
K 0 0 60
K 0 21 60
A D 2 8 0
A P 1 215 0
A P 2 203 0
J B 122 960 1 82 6913 576 0
J N 7 981 42 6 1 0 0
K 0 -28 43
K 0 0 43
K 0 -28 60
K 0 0 60
K 0 14 60
A D 2 8 0
A P 1 209 0
A P 2 186 0
J N 7 1028 42 6 2305 576 0
K 0 -28 43
K 0 0 43
K 0 -28 60
K 0 0 60
K 0 14 60
A D 2 8 0
A P 1 209 0
A P 2 186 0
J N 7 1075 42 6 4609 576 0
K 0 -28 43
K 0 0 43
K 0 -28 60
K 0 0 60
K 0 14 60
A D 2 8 0
A P 1 209 0
A P 2 186 0
J B 123 1125 1 82 6913 576 0
J N 7 1146 21 9 1 0 0
K 0 0 43
K 0 35 43
K 7 -52 96
K 0 71 110
K 0 35 59
K 0 28 59
K 0 0 59
K 0 -14 59
A D 2 8 0
A P 1 203 0
A P 2 175 0
J N 8 1193 7 9 2305 576 0
K 0 0 42
K 0 49 42
K 0 85 111
K 12 85 110
K 0 49 59
K 0 28 59
K 0 0 59
K 0 -14 59
A D 4 8 0
A P 1 215 0
A P 2 175 0
J B 124 1267 1 82 6913 1152 0
J N 7 1288 21 10 1 0 0
K 1 49 45
K 0 0 43
K 0 49 43
K -1 49 45
K 2 49 45
K 0 49 59
K 0 28 59
K 0 0 59
K 0 -14 59
A D 2 8 0
A P 1 203 0
A P 2 163 0
J N 8 1335 42 13 2305 576 0
K 1 28 45
K 1 42 45
K 0 0 42
K 0 49 42
K 0 42 45
K 1 42 45
K 0 85 111
K 12 85 110
K 0 49 59
K 0 28 59
K 0 0 59
K 0 -21 59
A D 4 8 0
A P 1 186 0
A P 2 146 0
J B 125 1409 1 82 6913 1152 0
J N 7 1430 56 4 1 0 0
K 0 0 43
K 0 0 59
K 0 -21 59
A D 2 8 0
A P 1 175 0
J N 7 1430 56 4 1 0 0
K 0 0 43
K 0 0 60
K 0 14 60
A D 2 8 0
A P 2 175 0
J N 8 1477 21 12 2305 576 0
K 1 49 45
K 0 0 42
K 0 49 42
K -1 49 45
K 2 49 45
K 0 85 111
K 12 85 110
K 0 49 59
K 0 28 59
K 0 0 59
K 0 -14 59
A D 4 8 0
A P 1 203 0
A P 2 163 0
J B 126 1551 1 82 6913 1152 0
J N 7 1572 42 11 1 0 0
K 1 28 45
K 1 42 45
K 0 0 43
K 0 49 43
K 0 42 45
K 1 42 45
K 0 49 59
K 0 28 59
K 0 0 59
K 0 -21 59
A D 2 8 0
A P 1 186 0
A P 2 146 0
J R 7 1619 28 2 2305 576 0
K 0 0 48
A D 2 8 0
A P 1 0 0
J N 7 1666 42 11 4609 576 0
K 1 28 45
K 1 42 45
K 0 0 43
K 0 49 43
K 0 42 45
K 1 42 45
K 0 49 59
K 0 28 59
K 0 0 59
K 0 -21 59
A D 2 8 0
A P 1 186 0
A P 2 146 0
J B 127 1716 1 82 6913 576 0
J N 7 1737 7 7 1 0 0
K 0 0 43
K 0 49 43
K 0 49 59
K 0 28 59
K 0 0 59
K 0 -14 59
A D 2 8 0
A P 1 215 0
A P 2 175 0
J R 7 1784 28 2 2305 576 0
K 0 0 48
A D 2 8 1
A P 1 0 1
J R 7 1831 28 2 4609 576 0
K 0 0 48
A D 2 8 0
A P 1 0 0
J B 128 1881 1 82 6913 576 0
J R 9 1951 28 2 1 0 0
K 0 0 46
A D 6 8 0
A P 3 0 0
J B 129 2050 1 82 6913 1728 0
E *
@ LINE: 7 Trumpets
L 696 0 0 339 339 * 0 14 0
J D 0 -111 42 1 6913 0 0
W 0 -21 31 Tr 1-2
J D 0 -111 42 1 6913 0 0
W 0 21 31 (E\0.)
J C 4 5 42 2 6913 0 0
K 0 0 33
K 0 0 34
J K 0 57 0 0 6913 0 0
J D 0 -27 -14 1 6913 0 0
W 0 0 0 \01\01\07
J R 9 173 28 2 1 0 0
K 0 0 46
A D 3 4 0
A P 3 0 0
J B 118 257 1 82 6913 1728 0
J R 9 327 28 2 1 0 0
K 0 0 46
A D 3 4 0
A P 3 0 0
J B 119 425 1 82 6913 1728 0
J R 9 495 28 2 1 0 0
K 0 0 46
A D 3 4 0
A P 3 0 0
J B 120 593 1 82 6913 1728 0
J R 9 678 28 2 1 0 0
K 0 0 46
A D 3 4 0
A P 3 0 0
J B 121 792 1 82 6913 1728 0
J R 9 862 28 2 1 0 0
K 0 0 46
A D 3 4 0
A P 3 0 0
J B 122 960 1 82 6913 1728 0
J R 9 1028 28 2 1 0 0
K 0 0 46
A D 3 4 0
A P 3 0 0
J B 123 1125 1 82 6913 1728 0
J R 7 1146 28 2 1 0 0
K 0 0 48
A D 1 4 0
A P 1 0 0
J N 8 1193 7 9 2305 576 0
K 0 0 42
K 0 49 42
K 0 85 111
K 12 85 110
K 0 49 59
K 0 28 59
K 0 0 59
K 0 -14 59
A D 2 4 0
A P 1 215 0
A P 2 175 0
J B 124 1267 1 82 6913 1152 0
J N 7 1288 21 10 1 0 0
K 1 49 45
K 0 0 43
K 0 49 43
K -1 49 45
K 2 49 45
K 0 49 59
K 0 28 59
K 0 0 59
K 0 -14 59
A D 1 4 0
A P 1 203 0
A P 2 163 0
J N 8 1335 42 13 2305 576 0
K 1 28 45
K 1 42 45
K 0 0 42
K 0 49 42
K 0 42 45
K 1 42 45
K 0 85 111
K 12 85 110
K 0 49 59
K 0 28 59
K 0 0 59
K 0 -21 59
A D 2 4 0
A P 1 186 0
A P 2 146 0
J B 125 1409 1 82 6913 1152 0
J N 7 1430 56 4 1 0 0
K 0 0 43
K 0 0 59
K 0 -21 59
A D 1 4 0
A P 1 175 0
J N 7 1430 56 4 1 0 0
K 0 0 43
K 0 0 60
K 0 14 60
A D 1 4 0
A P 2 175 0
J N 8 1477 70 9 2305 576 0
K 1 0 45
K 0 0 42
K -1 0 45
K 2 0 45
K 0 54 111
K 12 54 110
K 0 0 59
K 0 -21 59
A D 2 4 0
A P 1 163 0
J N 8 1477 70 7 2305 0 0
K 0 0 45
K 0 0 42
K -1 0 45
K 2 0 45
K 0 0 60
K 0 7 60
A D 2 4 0
A P 2 163 0
J B 126 1551 1 82 6913 1152 0
J N 7 1572 91 9 1 0 0
K 1 -21 45
K 1 -7 45
K 0 0 43
K 0 -7 45
K 1 -7 45
K 0 0 59
K 0 -28 59
K 0 -35 59
A D 1 4 0
A P 1 146 0
J N 7 1572 91 8 1 0 0
K 0 -21 45
K 0 -7 45
K 0 0 43
K 0 -7 45
K 1 -7 45
K 0 0 60
K 0 7 60
A D 1 4 0
A P 2 146 0
J R 7 1619 28 2 2305 576 0
K 0 0 48
A D 1 4 0
A P 1 0 0
J N 7 1666 42 11 4609 576 0
K 1 28 45
K 1 42 45
K 0 0 43
K 0 49 43
K 0 42 45
K 1 42 45
K 0 49 59
K 0 28 59
K 0 0 59
K 0 -21 59
A D 1 4 0
A P 1 186 0
A P 2 146 0
J B 127 1716 1 82 6913 576 0
J N 7 1737 56 4 1 0 0
K 0 0 43
K 0 0 59
K 0 -21 59
A D 1 4 0
A P 1 175 0
J N 7 1737 56 4 1 0 0
K 0 0 43
K 0 0 60
K 0 14 60
A D 1 4 0
A P 2 175 0
J R 7 1784 28 2 2305 576 0
K 0 0 48
A D 1 4 1
A P 1 0 1
J R 7 1831 28 2 4609 576 0
K 0 0 48
A D 1 4 0
A P 1 0 0
J B 128 1881 1 82 6913 576 0
J R 9 1951 28 2 1 0 0
K 0 0 46
A D 3 4 0
A P 3 0 0
J B 129 2050 1 82 6913 1728 0
E *
@ LINE: 8 Timpani
L 841 0 0 339 339 * 0 14 0
J D 0 -121 42 1 6913 0 0
W 0 -21 31 Timp.
J D 0 -121 42 1 6913 0 0
W 0 21 31 (E\0.-B\0.)
J C 22 5 14 36 6913 0 0
J K 0 57 0 0 6913 0 0
J D 0 -27 -14 1 6913 0 0
W 0 0 0 \01\01\07
J R 9 173 28 2 1 0 0
K 0 0 46
A D 6 8 0
A P 1 0 0
J B 118 257 1 82 6913 1728 0
J R 9 327 28 2 1 0 0
K 0 0 46
A D 6 8 0
A P 1 0 0
J B 119 425 1 82 6913 1728 0
J R 9 495 28 2 1 0 0
K 0 0 46
A D 6 8 0
A P 1 0 0
J B 120 593 1 82 6913 1728 0
J R 9 678 28 2 1 0 0
K 0 0 46
A D 6 8 0
A P 1 0 0
J B 121 792 1 82 6913 1728 0
J R 9 862 28 2 1 0 0
K 0 0 46
A D 6 8 0
A P 1 0 0
J B 122 960 1 82 6913 1728 0
J R 9 1028 28 2 1 0 0
K 0 0 46
A D 6 8 0
A P 1 0 0
J B 123 1125 1 82 6913 1728 0
J N 7 1146 21 5 1 0 0
K 0 0 43
K 0 71 110
K 0 0 60
K 0 21 60
A D 2 8 0
A P 1 134 0
J R 7 1193 28 2 2305 576 0
K 0 0 48
A D 2 8 1
A P 1 0 1
J R 7 1229 28 2 4609 576 0
K 0 0 48
A D 2 8 0
A P 1 0 0
J B 124 1267 1 82 6913 576 0
J N 7 1288 21 5 1 0 0
K 0 0 43
K 0 71 110
K 0 0 60
K 0 21 60
A D 2 8 0
A P 1 134 0
J R 7 1335 28 2 2305 576 0
K 0 0 48
A D 2 8 1
A P 1 0 1
J R 7 1371 28 2 4609 576 0
K 0 0 48
A D 2 8 0
A P 1 0 0
J B 125 1409 1 82 6913 576 0
J N 7 1430 21 5 1 0 0
K 0 0 43
K 0 71 110
K 0 0 60
K 0 21 60
A D 2 8 0
A P 1 134 0
J R 7 1477 28 2 2305 576 0
K 0 0 48
A D 2 8 1
A P 1 0 1
J R 7 1513 28 2 4609 576 0
K 0 0 48
A D 2 8 0
A P 1 0 0
J B 126 1551 1 82 6913 576 0
J N 7 1572 42 4 1 0 0
K 0 0 43
K 0 0 59
K 0 -21 59
A D 2 8 0
A P 1 117 0
J R 7 1619 28 2 2305 576 0
K 0 0 48
A D 2 8 0
A P 1 0 0
J N 7 1666 42 4 4609 576 0
K 0 0 43
K 0 0 59
K 0 -21 59
A D 2 8 0
A P 1 117 0
J B 127 1716 1 82 6913 576 0
J R 9 1784 28 2 1 0 0
K 0 0 46
A D 6 8 0
A P 1 0 0
J B 128 1881 1 82 6913 1728 0
J R 9 1951 28 2 1 0 0
K 0 0 46
A D 6 8 0
A P 1 0 0
J B 129 2050 1 82 6913 1728 0
E *
@ LINE: 9 Violin I
L 993 0 0 339 339 * 0 14 0
J D 0 -116 42 1 6913 0 0
W 0 0 31 Vln I
J C 4 5 42 2 6913 0 0
K 0 0 33
K 0 0 34
J K -3 57 0 3 6913 0 0
K 0 28 65
K 13 7 65
K 26 35 65
J D 0 -27 -14 1 6913 0 0
W 0 0 0 \01\01\07
J N 7 139 42 5 1 0 0
K 0 0 43
K 0 21 96
K 0 0 59
K 0 -21 59
A D 2 8 0
A P 1 186 0
J N 8 187 56 7 2305 576 0
K 0 0 42
K 0 17 96
K 0 47 111
K 12 47 110
K 0 0 59
K 0 -21 59
A D 4 8 0
A P 1 174 0
J B 118 257 1 82 6913 1152 0
J N 7 278 77 7 1 0 0
K 1 -7 45
K 0 0 43
K 0 -7 45
K 1 -7 45
K 0 0 59
K 0 -21 59
A D 2 8 0
A P 1 157 0
J R 7 326 28 2 2305 576 0
K 0 0 48
A D 2 8 0
A P 1 0 0
J N 7 374 84 9 4609 576 1 26
K 1 -14 45
K 1 0 45
K 0 0 43
K -1 0 45
K 2 0 45
K 0 -98 236
K 0 0 59
K 0 -28 59
A D 2 8 0
A P 1 151 0
J B 119 425 1 82 6913 576 0
J N 7 446 91 9 1 0 1 26
K 1 -21 45
K 1 -7 45
K 0 0 43
K 0 -7 45
K 1 -7 45
K 0 0 59
K 0 -28 59
K 0 -35 59
A D 2 8 0
A P 1 146 0
H 26 S 12 0 0 0 0 0 0 0 0
J R 7 494 28 2 2305 576 0
K 0 0 48
A D 2 8 1
A P 1 0 1
J R 7 542 28 2 4609 576 0
K 0 0 48
A D 2 8 0
A P 1 0 0
J B 120 593 1 82 6913 576 0
J R 9 678 28 2 1 0 0
K 0 0 46
A D 6 8 0
A P 1 0 0
J B 121 792 1 82 6913 1728 0
J R 7 813 28 2 1 0 0
K 0 0 48
A D 2 8 0
A P 1 0 0
J N 7 861 42 5 2305 576 0
K 0 0 43
K 0 37 108
K 0 0 59
K 0 -21 59
A D 2 8 0
A P 1 186 0
J N 7 909 42 4 4609 576 0
K 0 0 43
K 0 0 59
K 0 -21 59
A D 2 8 0
A P 1 186 0
J B 122 960 1 82 6913 576 0
J N 7 981 35 4 1 0 0
K 0 0 43
K 0 0 59
K 0 -21 59
A D 2 8 0
A P 1 191 0
J N 7 1028 35 4 2305 576 0
K 0 0 43
K 0 0 59
K 0 -21 59
A D 2 8 0
A P 1 191 0
J N 7 1075 35 4 4609 576 0
K 0 0 43
K 0 0 59
K 0 -21 59
A D 2 8 0
A P 1 191 0
J B 123 1125 1 82 6913 576 0
J N 7 1146 42 6 1 0 0
K 0 0 43
K 0 21 96
K 0 53 110
K 0 0 59
K 0 -21 59
A D 2 8 0
A P 1 186 0
J N 8 1193 -7 6 2305 576 0
K 0 0 42
K 0 91 111
K 12 91 110
K 0 0 60
K 0 21 60
A D 4 8 0
A P 1 226 0
J B 124 1267 1 82 6913 1152 0
J N 7 1288 7 4 1 0 0
K 0 0 43
K 0 0 60
K 0 21 60
A D 2 8 0
A P 1 214 0
J N 8 1335 28 6 2305 576 0
K 0 0 42
K 0 68 111
K 12 68 110
K 0 0 60
K 0 21 60
A D 4 8 0
A P 1 197 0
J B 125 1409 1 82 6913 1152 0
J N 7 1430 42 4 1 0 0
K 0 0 43
K 0 0 59
K 0 -21 59
A D 2 8 0
A P 1 186 0
J N 8 1477 56 6 2305 576 0
K 0 0 42
K 0 36 111
K 12 36 110
K 0 0 59
K 0 -21 59
A D 4 8 0
A P 1 174 0
J B 126 1551 1 82 6913 1152 0
J N 7 1572 77 7 1 0 0
K 1 -7 45
K 0 0 43
K 0 -7 45
K 1 -7 45
K 0 0 59
K 0 -21 59
A D 2 8 0
A P 1 157 0
J R 7 1619 28 2 2305 576 0
K 0 0 48
A D 2 8 0
A P 1 0 0
J N 7 1666 84 9 4609 576 0
K 1 -14 45
K 1 0 45
K 0 0 43
K -1 0 45
K 2 0 45
K 0 -98 236
K 0 0 59
K 0 -28 59
A D 2 8 0
A P 1 151 0
J B 127 1716 1 82 6913 576 0
J N 7 1737 91 9 1 0 0
K 1 -21 45
K 1 -7 45
K 0 0 43
K 0 -7 45
K 1 -7 45
K 0 0 59
K 0 -28 59
K 0 -35 59
A D 2 8 0
A P 1 146 0
J R 7 1784 28 2 2305 576 0
K 0 0 48
A D 2 8 1
A P 1 0 1
J R 7 1831 28 2 4609 576 0
K 0 0 48
A D 2 8 0
A P 1 0 0
J B 128 1881 1 82 6913 576 0
J R 9 1951 28 2 1 0 0
K 0 0 46
A D 6 8 0
A P 1 0 0
J B 129 2050 1 82 6913 1728 0
E *
@ LINE: 10 Violin II
L 1125 0 0 339 339 * 0 14 0
J D 0 -129 42 1 6913 0 0
W 0 0 31 Vln II
J C 4 5 42 2 6913 0 0
K 0 0 33
K 0 0 34
J K -3 57 0 3 6913 0 0
K 0 28 65
K 13 7 65
K 26 35 65
J D 0 -27 -14 1 6913 0 0
W 0 0 0 \01\01\07
J N 7 139 42 5 1 0 0
K 0 0 43
K 0 21 96
K 0 0 59
K 0 -21 59
A D 2 8 0
A P 1 186 0
J N 8 187 56 7 2305 576 0
K 0 0 42
K 0 17 96
K 0 47 111
K 12 47 110
K 0 0 59
K 0 -21 59
A D 4 8 0
A P 1 174 0
J B 118 257 1 82 6913 1152 0
J N 7 278 77 7 1 0 0
K 1 -7 45
K 0 0 43
K 0 -7 45
K 1 -7 45
K 0 0 59
K 0 -21 59
A D 2 8 0
A P 1 157 0
J R 7 326 28 2 2305 576 0
K 0 0 48
A D 2 8 0
A P 1 0 0
J N 7 374 84 9 4609 576 1 16
K 1 -14 45
K 1 0 45
K 0 0 43
K -1 0 45
K 2 0 45
K 0 -98 236
K 0 0 59
K 0 -28 59
A D 2 8 0
A P 1 151 0
J B 119 425 1 82 6913 576 0
J N 7 446 91 9 1 0 1 16
K 1 -21 45
K 1 -7 45
K 0 0 43
K 0 -7 45
K 1 -7 45
K 0 0 59
K 0 -28 59
K 0 -35 59
A D 2 8 0
A P 1 146 0
H 16 S 12 0 0 0 0 0 0 0 0
J R 7 494 28 2 2305 576 0
K 0 0 48
A D 2 8 1
A P 1 0 1
J R 7 542 28 2 4609 576 0
K 0 0 48
A D 2 8 0
A P 1 0 0
J B 120 593 1 82 6913 576 0
J R 9 678 28 2 1 0 0
K 0 0 46
A D 6 8 0
A P 1 0 0
J B 121 792 1 82 6913 1728 0
J R 7 813 28 2 1 0 0
K 0 0 48
A D 2 8 0
A P 1 0 0
J N 7 861 56 5 2305 576 0
K 0 0 43
K 0 30 108
K 0 0 59
K 0 -21 59
A D 2 8 0
A P 1 174 0
J N 7 909 56 4 4609 576 0
K 0 0 43
K 0 0 59
K 0 -21 59
A D 2 8 0
A P 1 174 0
J B 122 960 1 82 6913 576 0
J N 7 981 49 4 1 0 0
K 0 0 43
K 0 0 59
K 0 -21 59
A D 2 8 0
A P 1 180 0
J N 7 1028 49 4 2305 576 0
K 0 0 43
K 0 0 59
K 0 -21 59
A D 2 8 0
A P 1 180 0
J N 7 1075 49 4 4609 576 0
K 0 0 43
K 0 0 59
K 0 -21 59
A D 2 8 0
A P 1 180 0
J B 123 1125 1 82 6913 576 0
J N 7 1146 77 9 1 0 0
K 1 -7 45
K 0 0 43
K 0 -7 45
K 1 -7 45
K 0 17 96
K 0 47 110
K 0 0 59
K 0 -21 59
A D 2 8 0
A P 1 157 0
J N 8 1193 -7 6 2305 576 0
K 0 0 42
K 0 91 111
K 12 91 110
K 0 0 60
K 0 21 60
A D 4 8 0
A P 1 226 0
J B 124 1267 1 82 6913 1152 0
J N 7 1288 7 4 1 0 0
K 0 0 43
K 0 0 60
K 0 21 60
A D 2 8 0
A P 1 214 0
J N 8 1335 28 6 2305 576 0
K 0 0 42
K 0 68 111
K 12 68 110
K 0 0 60
K 0 21 60
A D 4 8 0
A P 1 197 0
J B 125 1409 1 82 6913 1152 0
J N 7 1430 42 4 1 0 0
K 0 0 43
K 0 0 59
K 0 -21 59
A D 2 8 0
A P 1 186 0
J N 8 1477 56 6 2305 576 0
K 0 0 42
K 0 36 111
K 12 36 110
K 0 0 59
K 0 -21 59
A D 4 8 0
A P 1 174 0
J B 126 1551 1 82 6913 1152 0
J N 7 1572 77 7 1 0 0
K 1 -7 45
K 0 0 43
K 0 -7 45
K 1 -7 45
K 0 0 59
K 0 -21 59
A D 2 8 0
A P 1 157 0
J R 7 1619 28 2 2305 576 0
K 0 0 48
A D 2 8 0
A P 1 0 0
J N 7 1666 84 9 4609 576 0
K 1 -14 45
K 1 0 45
K 0 0 43
K -1 0 45
K 2 0 45
K 0 -98 236
K 0 0 59
K 0 -28 59
A D 2 8 0
A P 1 151 0
J B 127 1716 1 82 6913 576 0
J N 7 1737 91 9 1 0 0
K 1 -21 45
K 1 -7 45
K 0 0 43
K 0 -7 45
K 1 -7 45
K 0 0 59
K 0 -28 59
K 0 -35 59
A D 2 8 0
A P 1 146 0
J R 7 1784 28 2 2305 576 0
K 0 0 48
A D 2 8 1
A P 1 0 1
J R 7 1831 28 2 4609 576 0
K 0 0 48
A D 2 8 0
A P 1 0 0
J B 128 1881 1 82 6913 576 0
J R 9 1951 28 2 1 0 0
K 0 0 46
A D 6 8 0
A P 1 0 0
J B 129 2050 1 82 6913 1728 0
E *
@ LINE: 11 Viola
L 1257 0 0 339 339 * 0 14 0
J D 0 -94 42 1 6913 0 0
W 0 0 31 Vla
J C 13 5 28 35 6913 0 0
J K -3 57 0 3 6913 0 0
K 0 35 65
K 13 14 65
K 26 42 65
J D 0 -27 -14 1 6913 0 0
W 0 0 0 \01\01\07
J N 7 139 49 5 1 0 0
K 0 0 43
K 0 17 96
K 0 0 59
K 0 -21 59
A D 2 8 0
A P 1 146 0
J N 8 187 63 7 2305 576 0
K 0 0 42
K 0 17 96
K 0 47 111
K 12 47 110
K 0 0 59
K 0 -21 59
A D 4 8 0
A P 1 134 0
J B 118 257 1 82 6913 1152 0
J N 7 278 35 4 1 0 0
K 0 0 43
K 0 0 59
K 0 -21 59
A D 2 8 0
A P 1 157 0
J R 7 326 28 2 2305 576 0
K 0 0 48
A D 2 8 0
A P 1 0 0
J N 7 374 42 5 4609 576 1 17
K 0 0 43
K 0 -56 236
K 0 0 59
K 0 -21 59
A D 2 8 0
A P 1 151 0
J B 119 425 1 82 6913 576 0
J N 7 446 49 4 1 0 1 17
K 0 0 43
K 0 0 59
K 0 -21 59
A D 2 8 0
A P 1 146 0
H 17 S 12 0 0 0 0 0 0 0 0
J R 7 494 28 2 2305 576 0
K 0 0 48
A D 2 8 1
A P 1 0 1
J R 7 542 28 2 4609 576 0
K 0 0 48
A D 2 8 0
A P 1 0 0
J B 120 593 1 82 6913 576 0
J R 9 678 28 2 1 0 0
K 0 0 46
A D 6 8 0
A P 1 0 0
J B 121 792 1 82 6913 1728 0
J R 7 813 28 2 1 0 0
K 0 0 48
A D 2 8 0
A P 1 0 0
J N 7 861 35 5 2305 576 0
K 0 0 43
K 0 44 108
K 0 0 59
K 0 -21 59
A D 2 8 0
A P 1 157 0
J N 7 909 35 4 4609 576 0
K 0 0 43
K 0 0 59
K 0 -21 59
A D 2 8 0
A P 1 157 0
J B 122 960 1 82 6913 576 0
J N 7 981 35 4 1 0 0
K 0 0 43
K 0 0 59
K 0 -21 59
A D 2 8 0
A P 1 157 0
J N 7 1028 35 4 2305 576 0
K 0 0 43
K 0 0 59
K 0 -21 59
A D 2 8 0
A P 1 157 0
J N 7 1075 35 4 4609 576 0
K 0 0 43
K 0 0 59
K 0 -21 59
A D 2 8 0
A P 1 157 0
J B 123 1125 1 82 6913 576 0
J N 7 1146 14 6 1 0 0
K 0 0 43
K 0 -21 96
K 0 72 110
K 0 0 60
K 0 21 60
A D 2 8 0
A P 1 174 0
J N 8 1193 0 6 2305 576 0
K 0 0 42
K 0 84 111
K 12 84 110
K 0 0 60
K 0 21 60
A D 4 8 0
A P 1 186 0
J B 124 1267 1 82 6913 1152 0
J N 7 1288 14 4 1 0 0
K 0 0 43
K 0 0 60
K 0 21 60
A D 2 8 0
A P 1 174 0
J N 8 1335 35 6 2305 576 0
K 0 0 42
K 0 51 111
K 12 51 110
K 0 0 59
K 0 -21 59
A D 4 8 0
A P 1 157 0
J B 125 1409 1 82 6913 1152 0
J N 7 1430 49 4 1 0 0
K 0 0 43
K 0 0 59
K 0 -21 59
A D 2 8 0
A P 1 146 0
J N 8 1477 14 6 2305 576 0
K 0 0 42
K 0 71 111
K 12 71 110
K 0 0 60
K 0 21 60
A D 4 8 0
A P 1 174 0
J B 126 1551 1 82 6913 1152 0
J N 7 1572 35 4 1 0 0
K 0 0 43
K 0 0 59
K 0 -21 59
A D 2 8 0
A P 1 157 0
J R 7 1619 28 2 2305 576 0
K 0 0 48
A D 2 8 0
A P 1 0 0
J N 7 1666 42 5 4609 576 0
K 0 0 43
K 0 -56 236
K 0 0 59
K 0 -21 59
A D 2 8 0
A P 1 151 0
J B 127 1716 1 82 6913 576 0
J N 7 1737 49 4 1 0 0
K 0 0 43
K 0 0 59
K 0 -21 59
A D 2 8 0
A P 1 146 0
J R 7 1784 28 2 2305 576 0
K 0 0 48
A D 2 8 1
A P 1 0 1
J R 7 1831 28 2 4609 576 0
K 0 0 48
A D 2 8 0
A P 1 0 0
J B 128 1881 1 82 6913 576 0
J R 9 1951 28 2 1 0 0
K 0 0 46
A D 6 8 0
A P 1 0 0
J B 129 2050 1 82 6913 1728 0
E *
@ LINE: 14 Cello & Contrabass
L 1397 0 0 339 339 * 0 14 0
J D 0 -75 42 1 6913 0 0
W 0 -21 31 Vc
J D 0 -75 42 1 6913 0 0
W 0 21 31 Cb
J C 22 5 14 36 6913 0 0
J K -3 57 0 3 6913 0 0
K 0 42 65
K 13 21 65
K 26 49 65
J D 0 -27 -14 1 6913 0 0
W 0 0 0 \01\01\07
J N 7 139 7 5 1 0 0
K 0 0 43
K 0 -17 96
K 0 0 60
K 0 21 60
A D 2 8 0
A P 3 146 0
J N 8 187 21 7 2305 576 0
K 0 0 42
K 0 -14 96
K 0 70 111
K 12 70 110
K 0 0 60
K 0 21 60
A D 4 8 0
A P 3 134 0
J B 118 257 1 82 6913 1152 0
J N 7 278 42 4 1 0 0
K 0 0 43
K 0 0 59
K 0 -21 59
A D 2 8 0
A P 3 117 0
J R 7 326 28 2 2305 576 0
K 0 0 48
A D 2 8 0
A P 3 0 0
J N 7 374 49 5 4609 576 1 10
K 0 0 43
K 0 -63 236
K 0 0 59
K 0 -21 59
A D 2 8 0
A P 3 111 0
J B 119 425 1 82 6913 576 0
J N 7 446 56 4 1 0 1 10
K 0 0 43
K 0 0 59
K 0 -21 59
A D 2 8 0
A P 3 106 0
H 10 S 12 0 0 0 0 0 0 0 0
J R 7 494 28 2 2305 576 0
K 0 0 48
A D 2 8 1
A P 3 0 1
J R 7 542 28 2 4609 576 0
K 0 0 48
A D 2 8 0
A P 3 0 0
J B 120 593 1 82 6913 576 0
J R 9 678 28 2 1 0 0
K 0 0 46
A D 6 8 0
A P 3 0 0
J B 121 792 1 82 6913 1728 0
J R 7 813 28 2 1 0 0
K 0 0 48
A D 2 8 0
A P 3 0 0
J N 7 861 42 5 2305 576 0
K 0 0 43
K 0 37 108
K 0 0 59
K 0 -21 59
A D 2 8 0
A P 3 117 0
J N 7 909 42 4 4609 576 0
K 0 0 43
K 0 0 59
K 0 -21 59
A D 2 8 0
A P 3 117 0
J B 122 960 1 82 6913 576 0
J N 7 981 42 4 1 0 0
K 0 0 43
K 0 0 59
K 0 -21 59
A D 2 8 0
A P 3 117 0
J N 7 1028 42 4 2305 576 0
K 0 0 43
K 0 0 59
K 0 -21 59
A D 2 8 0
A P 3 117 0
J N 7 1075 42 4 4609 576 0
K 0 0 43
K 0 0 59
K 0 -21 59
A D 2 8 0
A P 3 117 0
J B 123 1125 1 82 6913 576 0
J N 7 1146 21 6 1 0 0
K 0 0 43
K 0 -14 96
K 0 71 110
K 0 0 60
K 0 21 60
A D 2 8 0
A P 3 134 0
J N 8 1193 -42 12 2305 576 0
K 0 28 45
K 0 14 45
K 0 0 45
K 0 0 42
K -1 0 45
K 2 0 45
K 0 126 111
K 12 126 110
K 0 0 60
K 0 28 60
K 0 42 60
A D 4 8 0
A P 3 186 0
J B 124 1267 1 82 6913 1152 0
J N 7 1288 -28 8 1 0 0
K 0 14 45
K 0 0 45
K 0 0 43
K -1 0 45
K 2 0 45
K 0 0 60
K 0 28 60
A D 2 8 0
A P 3 174 0
J N 8 1335 -7 6 2305 576 0
K 0 0 42
K 0 91 111
K 12 91 110
K 0 0 60
K 0 21 60
A D 4 8 0
A P 3 157 0
J B 125 1409 1 82 6913 1152 0
J N 7 1430 7 4 1 0 0
K 0 0 43
K 0 0 60
K 0 21 60
A D 2 8 0
A P 3 146 0
J N 8 1477 21 6 2305 576 0
K 0 0 42
K 0 70 111
K 12 70 110
K 0 0 60
K 0 21 60
A D 4 8 0
A P 3 134 0
J B 126 1551 1 82 6913 1152 0
J N 7 1572 42 4 1 0 0
K 0 0 43
K 0 0 59
K 0 -21 59
A D 2 8 0
A P 3 117 0
J R 7 1619 28 2 2305 576 0
K 0 0 48
A D 2 8 0
A P 3 0 0
J N 7 1666 49 5 4609 576 0
K 0 0 43
K 0 -63 236
K 0 0 59
K 0 -21 59
A D 2 8 0
A P 3 111 0
J B 127 1716 1 82 6913 576 0
J N 7 1737 56 4 1 0 0
K 0 0 43
K 0 0 59
K 0 -21 59
A D 2 8 0
A P 3 106 0
J R 7 1784 28 2 2305 576 0
K 0 0 48
A D 2 8 1
A P 3 0 1
J R 7 1831 28 2 4609 576 0
K 0 0 48
A D 2 8 0
A P 3 0 0
J B 128 1881 1 82 6913 576 0
J R 9 1951 28 2 1 0 0
K 0 0 46
A D 6 8 0
A P 3 0 0
J B 129 2050 1 82 6913 1728 0
E *
B 1 257 0
B 1 425 0
B 1 593 0
B 1 792 0
B 1 960 0
B 1 1125 0
B 1 1267 0
B 1 1409 0
B 1 1551 0
B 1 1716 0
B 1 1881 0
B 1 2050 0
