S 0 140 140 2210 1968 11 "[(....)][(..)](.)[({..}..)]"
L 0 0 0 256 256 * 0 16 0
J D 0 -82 48 1 6913 0 0
W 0 0 31 Fls
J C 4 6 48 2 6913 0 0
K 0 0 33
K 0 0 34
J K 0 66 0 0 6913 0 0
J D 0 -28 -16 1 6913 0 0
W 0 0 37 \02\03\00
J N 6 117 32 2 1 0 2 183 182
K 0 0 43
A D 2 16
J N 6 117 32 2 1 0 1 184
K 0 0 43
A D 2 16
J N 6 148 24 2 865 288 1 183
K 0 0 43
A D 2 16
J N 6 148 24 2 865 0 1 184
K 0 0 43
A D 2 16
J N 6 179 16 2 1729 288 1 183
K 0 0 43
A D 2 16
J N 6 179 16 2 1729 0 1 184
K 0 0 43
A D 2 16
J N 6 210 8 2 2593 288 1 183
K 0 0 43
A D 2 16
H 183 B 49 -5 109 4 2 1 1 3
J N 6 210 8 2 2593 0 1 184
K 0 0 43
A D 2 16
H 184 B -43 -5 109 4 2 1 1 3
J N 6 241 0 2 3457 288 1 185
K 0 0 43
A D 2 16
J N 6 241 0 2 3457 0 1 186
K 0 0 43
A D 2 16
J N 6 272 -8 2 4321 288 1 185
K 0 0 43
A D 2 16
J N 6 272 -8 2 4321 0 1 186
K 0 0 43
A D 2 16
J N 6 303 -16 5 5185 288 1 185
K 1 0 45
K 0 0 43
K -1 0 45
K 3 0 45
A D 2 16
J N 6 303 -16 5 5185 0 1 186
K 0 0 45
K 0 0 43
K -1 0 45
K 3 0 45
A D 2 16
J N 6 351 -24 5 6049 288 1 185
K 1 8 45
K 0 0 43
K 0 8 45
K 1 8 45
A D 2 16
H 185 B 60 -3 109 4 2 1 1 3
J N 6 351 -24 5 6049 0 1 186
K 0 8 45
K 0 0 43
K 0 8 45
K 1 8 45
A D 2 16
H 186 B -51 -4 109 4 2 1 1 3
J M 0 379 0 0 6913 288 1 182
H 182 W 0 24 8 104 -16 104
J B 231 385 1 82 6913 0 0
J N 7 410 -32 11 1 0 0
K 1 16 45
K 1 0 45
K 0 0 43
K -1 0 45
K 3 0 45
K 8 -52 96
K 0 132 110
K 19 132 110
K 0 0 59
K 0 -8 59
A D 4 16
J N 7 410 -32 9 1 0 0
K 0 16 45
K 0 0 45
K 0 0 43
K -1 0 45
K 3 0 45
K -8 72 96
K 0 0 60
K 0 32 60
A D 4 16
J N 7 453 0 10 1729 576 0
K 0 -16 45
K 0 -16 43
K -1 -16 45
K 3 -16 45
K 0 0 43
K 0 -36 96
K 0 -16 60
K 0 0 60
K 0 24 60
A D 4 16
J N 7 496 8 7 3457 576 0
K 0 -16 43
K 0 0 43
K 0 -36 96
K 0 -16 60
K 0 0 60
K 0 24 60
A D 4 16
J N 7 539 0 10 5185 576 0
K 0 -16 45
K 0 -24 43
K 0 -16 45
K 1 -16 45
K 0 0 43
K 0 -44 96
K 0 -24 60
K 0 0 60
K 0 24 60
A D 4 16
J B 232 585 1 82 6913 576 0
J D 0 578 0 15 1 0 0
W 0 -64 44 E
K -14 -111 90
K -14 -54 90
K 16 -111 90
K 16 -54 90
K 24 -111 90
K 24 -54 90
K -14 -111 89
K 52 -111 89
K -14 -95 89
K 52 -95 89
K -14 -79 89
K 52 -79 89
K -14 -70 89
K 52 -70 89
J N 7 610 8 11 1 0 0
K 0 -24 45
K 0 -40 45
K 0 -40 43
K -1 -40 45
K 3 -40 45
K 0 0 43
K 0 -40 60
K 0 -8 60
K 0 0 60
K 0 24 60
A D 4 16
J R 7 659 32 2 1729 576 0
K 0 0 48
A D 4 16
J R 8 701 32 2 3457 576 0
K 0 0 47
A D 8 16
J B 233 861 1 82 6913 1152 0
J R 9 971 32 2 1 10000 0
K 0 0 46
A D 16 16
J B 234 1114 1 82 6913 2304 0
J R 9 1232 32 2 1 10000 0
K 0 0 46
A D 16 16
J B 235 1382 1 82 6913 2304 0
J R 9 1496 32 2 1 10000 0
K 0 0 46
A D 16 16
J B 236 1643 1 82 6913 2304 0
J R 9 1791 32 2 1 10000 0
K 0 0 46
A D 16 16
J B 237 1971 1 82 6913 2304 0
J R 9 2074 32 2 1 10000 0
K 0 0 46
A D 16 16
J B 238 2210 1 82 6913 2304 0
E *
L 192 0 0 256 256 * 0 16 0
J D 0 -96 48 1 6913 0 0
W 0 0 31 Obs
J C 4 6 48 2 6913 0 0
K 0 0 33
K 0 0 34
J K 0 66 0 0 6913 0 0
J D 0 -28 -16 1 6913 0 0
W 0 0 0 \02\03\00
J N 6 117 32 2 1 0 2 210 209
K 0 0 43
A D 2 16
J N 6 117 32 2 1 0 1 211
K 0 0 43
A D 2 16
J N 6 148 24 2 865 288 1 210
K 0 0 43
A D 2 16
J N 6 148 24 2 865 0 1 211
K 0 0 43
A D 2 16
J N 6 179 16 2 1729 288 1 210
K 0 0 43
A D 2 16
J N 6 179 72 2 1729 0 1 211
K 0 0 43
A D 2 16
J N 6 210 8 2 2593 288 1 210
K 0 0 43
A D 2 16
H 210 B 55 -5 109 4 2 1 1 3
J N 6 210 64 2 2593 0 1 211
K 0 0 43
A D 2 16
H 211 B -74 0 109 4 2 1 1 3
J N 6 241 56 5 3457 288 1 212
K 0 -56 43
K 0 0 43
K 0 -56 60
K 0 -24 60
A D 2 16
J N 6 272 48 5 4321 288 1 212
K 0 -56 43
K 0 0 43
K 0 -56 60
K 0 -24 60
A D 2 16
J N 6 303 40 8 5185 288 1 212
K 0 -56 45
K 0 -56 43
K -1 -56 45
K 3 -56 45
K 0 0 43
K 0 -56 60
K 0 -24 60
A D 2 16
J N 6 351 32 8 6049 288 1 212
K 0 -48 45
K 0 -56 43
K 0 -48 45
K 1 -48 45
K 0 0 43
K 0 -56 60
K 0 -24 60
A D 2 16
H 212 B -37 -4 109 4 2 1 1 3
J M 0 379 0 0 6913 288 1 209
H 209 W 0 24 8 136 -16 136
J B 231 385 1 82 6913 0 0
J N 7 410 24 14 1 0 0
K 0 -40 45
K 0 -56 45
K 0 -56 43
K -1 -56 45
K 3 -56 45
K 0 0 43
K 0 -76 96
K -6 100 110
K 13 100 110
K 0 -56 60
K 0 -24 60
K 0 0 60
K 0 24 60
A D 4 16
J N 7 453 24 11 1729 576 0
K 0 -40 45
K 0 -40 43
K -1 -40 45
K 3 -40 45
K 0 0 43
K 0 -60 96
K 0 -40 60
K 0 -8 60
K 0 0 60
K 0 24 60
A D 4 16
J N 7 496 8 7 3457 576 0
K 0 -16 43
K 0 0 43
K 0 -36 96
K 0 -16 60
K 0 0 60
K 0 24 60
A D 4 16
J N 7 539 32 7 5185 576 0
K 0 0 43
K 0 24 43
K 0 44 96
K 0 24 59
K 0 0 59
K 0 -16 59
A D 4 16
J B 232 585 1 82 6913 576 0
J N 7 610 24 7 1 0 0
K 0 0 43
K 0 40 43
K 0 40 59
K 0 8 59
K 0 0 59
K 0 -16 59
A D 4 16
J R 7 659 32 2 1729 576 0
K 0 0 48
A D 4 16
J R 8 701 32 2 3457 576 0
K 0 0 47
A D 8 16
J B 233 861 1 82 6913 1152 0
J R 9 971 32 2 1 10000 0
K 0 0 46
A D 16 16
J B 234 1114 1 82 6913 2304 0
J D 0 1130 0 1 1 0 0
W 0 -52 32 1.
J M 0 1139 0 0 1 0 1 213
J N 9 1144 -24 8 1 0 1 214
K 1 8 45
K 7 8 45
K -18 0 65
K 0 0 41
K 0 8 45
K 1 8 45
K -11 121 108
A D 16 16
J R 9 1232 64 2 1 10000 0
K 0 0 46
A D 16 16
J B 235 1382 1 82 6913 2304 0
J N 8 1412 -24 9 1 0 2 215 214
K 1 8 45
k -18 0 65
K 0 0 42
K 0 8 45
K 1 8 45
K 29 0 44
K 0 0 59
K 0 -8 59
A D 12 16
H 214 T -24 0 0 0 0 0 3 0
J R 9 1496 64 2 1 10000 0
K 0 0 46
A D 16 16
J N 6 1578 -16 6 5185 1728 1 216
K 1 0 45
K -18 0 65
K 0 0 43
K -1 0 45
K 3 0 45
A D 2 16
J M 0 1606 0 0 6049 288 1 213
H 213 W 0 24 32 104 8 104
J N 6 1609 -8 2 6049 0 2 216 215
K 0 0 43
A D 2 16
H 216 B 47 4 109 2 2 3
H 215 S 0 7 -32 7 -45 0 0 0 0
J B 236 1643 1 82 6913 288 0
J G 5 1668 -8 3 1 0 0
K 0 0 171
K 0 0 183
A D 0 16
J N 7 1691 0 5 1 0 2 218 217
K 0 0 43
K 0 -52 96
K 0 0 59
K 0 -16 59
A D 4 16
J R 9 1791 64 2 1 10000 0
K 0 0 46
A D 16 16
J N 7 1750 0 5 1729 576 0
K 0 0 43
K 8 -60 96
K 0 0 59
K 0 -16 59
A D 4 16
J N 7 1847 0 5 3457 576 0
K 0 0 43
K 8 -60 96
K 0 0 59
K 0 -16 59
A D 4 16
J N 7 1906 0 5 5185 576 2 218 217
K 0 0 43
K 0 -52 96
K 0 0 59
K 0 -16 59
A D 4 16
H 217 W 24 0 8 104 16 104
H 218 S 0 7 -48 7 -48 0 0 0 0
J B 237 1971 1 82 6913 576 0
J N 7 2000 0 4 1 0 0
K 0 0 43
K 0 0 59
K 0 -16 59
A D 4 16
J R 9 2074 64 2 1 10000 0
K 0 0 46
A D 16 16
J R 7 2044 16 2 1729 576 0
K 0 0 48
A D 4 16
J R 8 2086 16 2 3457 576 0
K 0 0 47
A D 8 16
J B 238 2210 1 82 6913 1152 0
E *
L 384 0 0 256 256 * 0 16 0
J D 0 -87 48 1 6913 0 0
W 0 -24 31 Cls
J D 0 -87 48 1 6913 0 0
W 0 24 31 (C)
J C 4 6 48 2 6913 0 0
K 0 0 33
K 0 0 34
J K 0 66 0 0 6913 0 0
J D 0 -28 -16 1 6913 0 0
W 0 0 0 \02\03\00
J N 6 117 88 5 1 0 2 138 137
K 1 -8 45
K 0 0 43
K 0 -8 45
K 1 -8 45
A D 2 16
J N 6 148 80 5 865 288 1 138
K 1 0 45
K 0 0 43
K -1 0 45
K 3 0 45
A D 2 16
J N 6 179 72 2 1729 288 1 138
K 0 0 43
A D 2 16
J N 6 210 64 2 2593 288 1 138
K 0 0 43
A D 2 16
H 138 B 60 -5 109 4 2 1 1 3
J N 6 241 56 2 3457 288 1 139
K 0 0 43
A D 2 16
J N 6 272 48 2 4321 288 1 139
K 0 0 43
A D 2 16
J N 6 303 40 2 5185 288 1 139
K 0 0 43
A D 2 16
J N 6 351 32 2 6049 288 1 139
K 0 0 43
A D 2 16
H 139 B 57 -1 109 4 2 1 1 3
J M 0 379 0 0 6913 288 1 137
H 137 W 0 24 8 124 -16 124
J B 231 385 1 82 6913 0 0
J N 7 410 24 7 1 0 0
K 0 0 43
K 8 -60 96
K -6 97 110
K 13 97 110
K 0 0 59
K 0 -16 59
A D 4 16
J N 7 410 24 5 1 0 0
K 0 0 43
K -8 68 96
K 0 0 60
K 0 24 60
A D 4 16
J N 7 453 40 7 1729 576 0
K 0 0 43
K 0 16 43
K 0 36 96
K 0 16 59
K 0 0 59
K 0 -24 59
A D 4 16
J N 7 496 48 7 3457 576 0
K 0 0 43
K 0 16 43
K 0 36 96
K 0 16 59
K 0 0 59
K 0 -24 59
A D 4 16
J N 7 539 32 7 5185 576 0
K 0 0 43
K 0 24 43
K 0 44 96
K 0 24 59
K 0 0 59
K 0 -16 59
A D 4 16
J B 232 585 1 82 6913 576 0
J N 7 610 24 7 1 0 0
K 0 0 43
K 0 40 43
K 0 40 59
K 0 8 59
K 0 0 59
K 0 -16 59
A D 4 16
J R 7 659 32 2 1729 576 0
K 0 0 48
A D 4 16
J R 8 701 32 2 3457 576 0
K 0 0 47
A D 8 16
J B 233 861 1 82 6913 1152 0
J R 9 971 32 2 1 10000 0
K 0 0 46
A D 16 16
J B 234 1114 1 82 6913 2304 0
J R 9 1232 32 2 1 10000 0
K 0 0 46
A D 16 16
J B 235 1382 1 82 6913 2304 0
J R 9 1496 32 2 1 10000 0
K 0 0 46
A D 16 16
J B 236 1643 1 82 6913 2304 0
J R 9 1791 32 2 1 10000 0
K 0 0 46
A D 16 16
J B 237 1971 1 82 6913 2304 0
J S 0 2000 104 108 1 0 1 140
J D 0 1986 0 1 1 0 0
W 0 -28 32 1.
J N 9 2000 -8 2 1 0 1 141
K 0 0 41
A D 16 16
J R 9 2074 64 2 1 10000 0
K 0 0 46
A D 16 16
J B 238 2210 1 82 6913 2304 0
J M 0 2210 0 0 6913 0 1 140
H 140 W 0 18 34 104 0 104
J M 0 2210 0 0 6913 0 1 141
H 141 T -8 0 0 0 0 0 3 0
E *
L 576 0 0 256 256 * 0 16 0
J D 0 -108 48 1 6913 0 0
W 0 0 31 Fags
J C 22 6 16 36 6913 0 0
J K 0 66 0 0 6913 0 0
J D 0 -28 -16 1 6913 0 0
W 0 0 0 \02\03\00
J N 6 117 8 3 1 0 2 190 189
K 0 0 43
K 0 -20 96
A D 2 16
J N 6 148 -32 7 865 288 1 190
K 0 16 45
K 0 0 45
K 0 0 43
K -1 0 45
K 3 0 45
K 0 -20 96
A D 2 16
J N 6 179 -24 6 1729 288 1 190
K 0 8 45
K 0 0 43
K 0 8 45
K 1 8 45
K 0 -20 96
A D 2 16
J N 6 210 -16 6 2593 288 1 190
K 0 0 45
K 0 0 43
K -1 0 45
K 3 0 45
K 0 -20 96
A D 2 16
H 190 B -59 -5 109 4 2 1 1 3
J N 6 241 -8 3 3457 288 1 191
K 0 0 43
K 0 -20 96
A D 2 16
J N 6 272 0 3 4321 288 1 191
K 0 0 43
K 0 -20 96
A D 2 16
J N 6 303 8 3 5185 288 1 191
K 0 0 43
K 0 -20 96
A D 2 16
J N 6 351 16 4 6049 288 1 191
K -17 0 64
K 0 0 43
K 0 -24 96
A D 2 16
H 191 B -67 1 109 4 2 1 1 3
J M 0 379 0 0 6913 288 1 189
H 189 W 0 24 8 104 -16 104
J B 231 385 1 82 6913 0 0
J N 7 410 24 7 1 0 0
K 0 0 43
K 0 -16 96
K -6 89 110
K 13 89 110
K 0 0 60
K 0 24 60
A D 4 16
J N 7 453 16 5 1729 576 0
K 0 0 43
K 0 -24 96
K 0 0 60
K 0 24 60
A D 4 16
J N 7 496 8 5 3457 576 0
K 0 0 43
K 0 -20 96
K 0 0 60
K 0 24 60
A D 4 16
J N 7 539 64 5 5185 576 0
K 0 0 43
K 0 20 96
K 0 0 59
K 0 -24 59
A D 4 16
J B 232 585 1 82 6913 576 0
J N 7 610 40 4 1 0 0
K 0 0 43
K 0 0 59
K 0 -24 59
A D 4 16
J R 7 659 32 2 1729 576 0
K 0 0 48
A D 4 16
J R 8 701 32 2 3457 576 0
K 0 0 47
A D 8 16
J B 233 861 1 82 6913 1152 0
J R 9 971 32 2 1 10000 0
K 0 0 46
A D 16 16
J B 234 1114 1 82 6913 2304 0
J R 9 1232 32 2 1 10000 0
K 0 0 46
A D 16 16
J B 235 1382 1 82 6913 2304 0
J R 9 1496 32 2 1 10000 0
K 0 0 46
A D 16 16
J B 236 1643 1 82 6913 2304 0
J R 9 1791 32 2 1 10000 0
K 0 0 46
A D 16 16
J B 237 1971 1 82 6913 2304 0
J S 0 2000 104 108 1 0 1 192
J N 9 2000 -48 10 1 0 1 193
K 0 32 45
K 6 32 45
K 0 16 45
K 6 16 45
K 0 0 45
K 6 0 45
K 0 0 41
K -1 0 45
K 3 0 45
A D 16 16
J R 9 2074 64 2 1 10000 0
K 0 0 46
A D 16 16
J B 238 2210 1 82 6913 2304 0
J M 0 2210 0 0 6913 0 1 192
H 192 W 0 18 34 104 0 104
J M 0 2210 0 0 6913 0 1 193
H 193 T -48 0 0 0 0 0 7 0
E *
L 784 0 0 256 256 * 0 16 0
J D 0 -109 48 1 6913 0 0
W 0 -24 31 Cors
J D 0 -109 48 1 6913 0 0
W 0 24 31 (C)
J C 4 6 48 2 6913 0 0
K 0 0 33
K 0 0 34
J K 0 66 0 0 6913 0 0
J D 0 -28 -16 1 6913 0 0
W 0 0 0 \02\03\00
J R 7 117 32 2 1 0 0
K 0 0 48
A D 2 8
J M 0 178 0 0 1729 576 1 68
J N 7 179 48 7 1729 0 0
K 0 -56 43
K 0 0 43
K 0 -56 60
K 0 -24 60
K 0 0 60
K 0 16 60
A D 2 8
J N 7 241 48 7 3457 576 0
K 0 -56 43
K 0 0 43
K 0 -56 60
K 0 -24 60
K 0 0 60
K 0 16 60
A D 2 8
J N 7 303 48 7 5185 576 0
K 0 -56 43
K 0 0 43
K 0 -56 60
K 0 -24 60
K 0 0 60
K 0 16 60
A D 2 8
J M 0 379 0 0 6913 576 1 68
H 68 W 0 24 8 124 -16 124
J B 231 385 1 82 6913 0 0
J N 7 410 48 9 1 0 0
K 0 -56 43
K 0 0 43
K -6 76 110
K 13 76 110
K 0 -56 60
K 0 -24 60
K 0 0 60
K 0 16 60
A D 2 8
J N 7 453 24 10 1729 576 0
K 1 56 45
K 0 0 43
K 0 56 43
K -1 56 45
K 3 56 45
K 0 56 59
K 0 24 59
K 0 0 59
K 0 -16 59
A D 2 8
J N 7 496 24 10 3457 576 0
K 1 56 45
K 0 0 43
K 0 56 43
K -1 56 45
K 3 56 45
K 0 56 59
K 0 24 59
K 0 0 59
K 0 -16 59
A D 2 8
J N 7 539 48 6 5185 576 0
K 0 -32 43
K 0 0 43
K 0 -32 60
K 0 0 60
K 0 16 60
A D 2 8
J B 232 585 1 82 6913 576 0
J N 7 610 24 10 1 0 0
K 1 56 45
K 0 0 43
K 0 56 43
K -1 56 45
K 3 56 45
K 0 56 59
K 0 24 59
K 0 0 59
K 0 -16 59
A D 2 8
J R 7 659 32 2 1729 576 0
K 0 0 48
A D 2 8
J R 8 701 32 2 3457 576 0
K 0 0 47
A D 4 8
J B 233 861 1 82 6913 1152 0
J R 9 971 32 2 1 10000 0
K 0 0 46
A D 8 8
J B 234 1114 1 82 6913 2304 0
J R 9 1232 32 2 1 10000 0
K 0 0 46
A D 8 8
J B 235 1382 1 82 6913 2304 0
J R 9 1496 32 2 1 10000 0
K 0 0 46
A D 8 8
J B 236 1643 1 82 6913 2304 0
J R 9 1791 32 2 1 10000 0
K 0 0 46
A D 8 8
J B 237 1971 1 82 6913 2304 0
J R 9 2074 32 2 1 10000 0
K 0 0 46
A D 8 8
J B 238 2210 1 82 6913 2304 0
E *
L 976 0 0 256 256 * 0 16 0
J D 0 -87 48 1 6913 0 0
W 0 -24 31 Trs
J D 0 -87 48 1 6913 0 0
W 0 24 31 (C)
J C 4 6 48 2 6913 0 0
K 0 0 33
K 0 0 34
J K 0 66 0 0 6913 0 0
J D 0 -28 -16 1 6913 0 0
W 0 0 0 \02\03\00
J R 7 117 32 2 1 0 0
K 0 0 48
A D 2 8
J M 0 178 0 0 1729 576 1 19
J N 7 179 48 6 1729 0 0
K 0 -32 43
K 0 0 43
K 0 -32 60
K 0 0 60
K 0 16 60
A D 2 8
J N 7 241 48 6 3457 576 0
K 0 -32 43
K 0 0 43
K 0 -32 60
K 0 0 60
K 0 16 60
A D 2 8
J N 7 303 48 6 5185 576 0
K 0 -32 43
K 0 0 43
K 0 -32 60
K 0 0 60
K 0 16 60
A D 2 8
J M 0 379 0 0 6913 576 1 19
H 19 W 0 24 8 123 -16 123
J B 231 385 1 82 6913 0 0
J N 7 410 24 8 1 0 0
K 0 -16 43
K 0 0 43
K -6 99 110
K 13 99 110
K 0 -16 60
K 0 0 60
K 0 24 60
A D 2 8
J N 7 453 24 10 1729 576 0
K 1 56 45
K 0 0 43
K 0 56 43
K -1 56 45
K 3 56 45
K 0 56 59
K 0 24 59
K 0 0 59
K 0 -16 59
A D 2 8
J N 7 496 24 10 3457 576 0
K 1 56 45
K 0 0 43
K 0 56 43
K -1 56 45
K 3 56 45
K 0 56 59
K 0 24 59
K 0 0 59
K 0 -16 59
A D 2 8
J N 7 539 48 11 5185 576 0
K 1 32 45
K 1 48 45
K 0 0 43
K 0 56 43
K 0 48 45
K 1 48 45
K 0 56 59
K 0 24 59
K 0 0 59
K 0 -24 59
A D 2 8
J B 232 585 1 82 6913 576 0
J N 7 610 24 10 1 0 0
K 1 56 45
K 0 0 43
K 0 56 43
K -1 56 45
K 3 56 45
K 0 56 59
K 0 24 59
K 0 0 59
K 0 -16 59
A D 2 8
J R 7 659 32 2 1729 576 0
K 0 0 48
A D 2 8
J R 8 701 32 2 3457 576 0
K 0 0 47
A D 4 8
J B 233 861 1 82 6913 1152 0
J R 9 971 32 2 1 10000 0
K 0 0 46
A D 8 8
J B 234 1114 1 82 6913 2304 0
J R 9 1232 32 2 1 10000 0
K 0 0 46
A D 8 8
J B 235 1382 1 82 6913 2304 0
J R 9 1496 32 2 1 10000 0
K 0 0 46
A D 8 8
J B 236 1643 1 82 6913 2304 0
J R 9 1791 32 2 1 10000 0
K 0 0 46
A D 8 8
J B 237 1971 1 82 6913 2304 0
J R 9 2074 32 2 1 10000 0
K 0 0 46
A D 8 8
J B 238 2210 1 82 6913 2304 0
E *
L 1168 0 0 256 256 * 0 16 0
J D 0 -108 48 1 6913 0 0
W 0 -24 31 Tmp
J D 0 -108 48 1 6913 0 0
W 0 24 31 C,G
J C 22 6 16 36 6913 0 0
J K 0 66 0 0 6913 0 0
J D 0 -28 -16 1 6913 0 0
W 0 0 0 \02\03\00
J R 7 117 32 2 1 0 0
K 0 0 48
A D 4 16 0
A P 1 0 0
J N 7 179 64 4 1729 576 1 4
K 0 0 43
K 0 0 59
K 0 -24 59
A D 4 16 0
A P 1 106 0
J N 7 241 64 4 3457 576 0
K 0 0 43
K 0 0 59
K 0 -24 59
A D 4 16 0
A P 1 106 0
J N 7 303 64 4 5185 576 0
K 0 0 43
K 0 0 59
K 0 -24 59
A D 4 16 0
A P 1 106 0
J M 0 379 0 0 6913 576 1 4
H 4 W 0 24 8 107 -16 107
J B 231 385 1 82 6913 0 0
J N 7 410 40 6 1 0 0
K 0 0 43
K -6 62 110
K 13 62 110
K 0 0 59
K 0 -24 59
A D 4 16 0
A P 1 123 0
J N 7 453 40 4 1729 576 0
K 0 0 43
K 0 0 59
K 0 -24 59
A D 4 16 0
A P 1 123 0
J N 7 496 40 4 3457 576 0
K 0 0 43
K 0 0 59
K 0 -24 59
A D 4 16 0
A P 1 123 0
J N 7 539 64 4 5185 576 0
K 0 0 43
K 0 0 59
K 0 -24 59
A D 4 16 0
A P 1 106 0
J B 232 585 1 82 6913 576 0
J N 7 610 40 4 1 0 0
K 0 0 43
K 0 0 59
K 0 -24 59
A D 4 16 0
A P 1 123 0
J R 7 659 32 2 1729 576 0
K 0 0 48
A D 4 16 1
A P 1 0 1
J R 8 701 32 2 3457 576 0
K 0 0 47
A D 8 16 0
A P 1 0 0
J B 233 861 1 82 6913 1152 0
J R 9 971 32 2 1 10000 0
K 0 0 46
A D 16 16 0
A P 1 0 0
J B 234 1114 1 82 6913 2304 0
J R 9 1232 32 2 1 10000 0
K 0 0 46
A D 16 16 0
A P 1 0 0
J B 235 1382 1 82 6913 2304 0
J R 9 1496 32 2 1 10000 0
K 0 0 46
A D 16 16 0
A P 1 0 0
J B 236 1643 1 82 6913 2304 0
J R 9 1791 32 2 1 10000 0
K 0 0 46
A D 16 16 0
A P 1 0 0
J B 237 1971 1 82 6913 2304 0
J R 9 2074 32 2 1 10000 0
K 0 0 46
A D 16 16 0
A P 1 0 0
J B 238 2210 1 82 6913 2304 0
E *
L 1376 0 0 256 256 * 0 16 0
J D 0 -89 48 1 6913 0 0
W 0 0 31 V1
J C 4 6 48 2 6913 0 0
K 0 0 33
K 0 0 34
J K 0 66 0 0 6913 0 0
J D 0 -28 -16 1 6913 0 0
W 0 0 0 \02\03\00
J N 6 117 32 2 1 0 2 271 270
K 0 0 43
A D 4 32 0
A P 1 198 0
J N 6 148 24 2 865 288 1 271
K 0 0 43
A D 4 32 0
A P 1 203 0
J N 6 179 16 2 1729 288 1 271
K 0 0 43
A D 4 32 0
A P 1 209 0
J N 6 210 8 2 2593 288 1 271
K 0 0 43
A D 4 32 0
A P 1 215 0
H 271 B -42 -5 109 4 62 61 61 63
J N 6 241 0 2 3457 288 1 272
K 0 0 43
A D 4 32 0
A P 1 220 0
J N 6 272 -8 2 4321 288 1 272
K 0 0 43
A D 4 32 0
A P 1 226 0
J N 6 303 -16 5 5185 288 1 272
K 0 0 45
K 0 0 43
K -1 0 45
K 3 0 45
A D 4 32 0
A P 1 232 0
J N 6 351 -24 5 6049 288 1 272
K 0 8 45
K 0 0 43
K 0 8 45
K 1 8 45
A D 4 32 0
A P 1 238 0
H 272 B -50 -4 109 4 62 61 61 63
J M 0 379 0 0 6913 288 1 270
H 270 W 0 24 8 102 -16 102
J B 231 385 1 82 6913 0 0
J N 7 410 -32 11 1 0 0
K 0 16 45
K 0 0 45
K 0 0 43
K -1 0 45
K 3 0 45
K 0 -20 96
K -6 134 110
K 13 134 110
K 0 0 60
K 0 32 60
A D 8 32 0
A P 1 243 0
J N 7 453 -16 8 1729 576 0
K 0 0 45
K 0 0 43
K -1 0 45
K 3 0 45
K 0 -20 96
K 0 0 60
K 0 24 60
A D 8 32 0
A P 1 232 0
J N 7 496 -8 5 3457 576 0
K 0 0 43
K 0 -20 96
K 0 0 60
K 0 24 60
A D 8 32 0
A P 1 226 0
J N 7 539 32 5 5185 576 0
K 0 0 43
K 0 -24 96
K 0 0 60
K 0 24 60
A D 8 32 0
A P 1 198 0
J B 232 585 1 82 6913 576 0
J D 0 578 0 15 1 0 0
W 0 -40 44 E
K -14 -87 90
K -14 -30 90
K 16 -87 90
K 16 -30 90
K 24 -87 90
K 24 -30 90
K -14 -87 89
K 52 -87 89
K -14 -71 89
K 52 -71 89
K -14 -55 89
K 52 -55 89
K -14 -46 89
K 52 -46 89
J N 7 610 24 4 1 0 0
K 0 0 43
K 0 0 60
K 0 24 60
A D 8 32 0
A P 1 203 0
J N 7 659 48 7 1729 576 1 273
K 0 0 43
K 0 24 96
K -16 67 108
K 10 67 108
K 0 0 59
K 0 -24 59
A D 8 32 0
A P 1 186 0
J N 7 701 48 5 3457 576 0
K 0 0 43
K 0 24 96
K 0 0 59
K 0 -24 59
A D 8 32 0
A P 1 186 0
J N 7 799 48 5 5185 576 1 273
K 0 0 43
K 0 24 96
K 0 0 59
K 0 -24 59
A D 8 32 0
A P 1 186 0
H 273 S 12 0 24 0 24 0 0 0 -5
J B 233 861 1 82 6913 576 0
J N 7 891 40 5 1 0 0
K -18 0 65
K 0 0 43
K 0 0 59
K 0 -24 59
A D 8 32 0
A P 1 191 0
J N 7 933 40 4 1729 576 0
K 0 0 43
K 0 0 59
K 0 -24 59
A D 8 32 0
A P 1 191 0
J N 7 975 40 4 3457 576 0
K 0 0 43
K 0 0 59
K 0 -24 59
A D 8 32 0
A P 1 191 0
J N 7 1052 40 4 5185 576 0
K 0 0 43
K 0 0 59
K 0 -24 59
A D 8 32 0
A P 1 191 0
J B 234 1114 1 82 6913 576 0
J N 7 1144 40 5 1 0 0
K -18 0 65
K 0 0 43
K 0 0 59
K 0 -24 59
A D 8 32 0
A P 1 191 0
J N 7 1193 40 4 1729 576 0
K 0 0 43
K 0 0 59
K 0 -24 59
A D 8 32 0
A P 1 191 0
J N 7 1235 40 4 3457 576 0
K 0 0 43
K 0 0 59
K 0 -24 59
A D 8 32 0
A P 1 191 0
J N 7 1317 40 4 5185 576 0
K 0 0 43
K 0 0 59
K 0 -24 59
A D 8 32 0
A P 1 191 0
J B 235 1382 1 82 6913 576 0
J N 7 1412 48 4 1 0 0
K 0 0 43
K 0 0 59
K 0 -24 59
A D 8 32 0
A P 1 186 0
J N 7 1454 48 4 1729 576 0
K 0 0 43
K 0 0 59
K 0 -24 59
A D 8 32 0
A P 1 186 0
J N 7 1496 48 4 3457 576 0
K 0 0 43
K 0 0 59
K 0 -24 59
A D 8 32 0
A P 1 186 0
J N 7 1578 48 4 5185 576 0
K 0 0 43
K 0 0 59
K 0 -24 59
A D 8 32 0
A P 1 186 0
J B 236 1643 1 82 6913 576 0
J N 7 1691 56 4 1 0 0
K 0 0 43
K 0 0 59
K 0 -24 59
A D 8 32 0
A P 1 180 0
J N 7 1750 56 4 1729 576 0
K 0 0 43
K 0 0 59
K 0 -24 59
A D 8 32 0
A P 1 180 0
J N 7 1847 56 4 3457 576 0
K 0 0 43
K 0 0 59
K 0 -24 59
A D 8 32 0
A P 1 180 0
J N 7 1906 56 4 5185 576 0
K 0 0 43
K 0 0 59
K 0 -24 59
A D 8 32 0
A P 1 180 0
J B 237 1971 1 82 6913 576 0
J N 7 2000 56 4 1 0 0
K 0 0 43
K 0 0 59
K 0 -24 59
A D 8 32 0
A P 1 180 0
J N 7 2044 16 4 1729 576 0
K 0 0 43
K 0 0 60
K 0 24 60
A D 8 32 0
A P 1 209 0
J N 7 2086 16 4 3457 576 0
K 0 0 43
K 0 0 60
K 0 24 60
A D 8 32 0
A P 1 209 0
J N 7 2145 16 4 5185 576 0
K 0 0 43
K 0 0 60
K 0 24 60
A D 8 32 0
A P 1 209 0
J B 238 2210 1 82 6913 576 0
E *
L 1552 0 0 256 256 * 0 16 0
J D 0 -89 48 1 6913 0 0
W 0 0 31 V2
J C 4 6 48 2 6913 0 0
K 0 0 33
K 0 0 34
J K 0 66 0 0 6913 0 0
J D 0 -28 -16 1 6913 0 0
W 0 0 0 \02\03\00
J N 6 117 88 5 1 0 2 246 245
K 1 -8 45
K 0 0 43
K 0 -8 45
K 1 -8 45
A D 4 32 0
A P 1 158 0
J N 6 148 80 5 865 288 1 246
K 1 0 45
K 0 0 43
K -1 0 45
K 3 0 45
A D 4 32 0
A P 1 163 0
J N 6 179 72 2 1729 288 1 246
K 0 0 43
A D 4 32 0
A P 1 169 0
J N 6 210 64 2 2593 288 1 246
K 0 0 43
A D 4 32 0
A P 1 175 0
H 246 B 59 -5 109 4 62 61 61 63
J N 6 241 56 2 3457 288 1 247
K 0 0 43
A D 4 32 0
A P 1 180 0
J N 6 272 48 2 4321 288 1 247
K 0 0 43
A D 4 32 0
A P 1 186 0
J N 6 303 40 2 5185 288 1 247
K 0 0 43
A D 4 32 0
A P 1 192 0
J N 6 351 32 2 6049 288 1 247
K 0 0 43
A D 4 32 0
A P 1 198 0
H 247 B 73 -1 109 4 62 61 61 63
J M 0 379 0 0 6913 288 1 245
H 245 W 0 24 8 121 -16 121
J B 231 385 1 82 6913 0 0
J N 7 410 24 7 1 0 0
K 0 0 43
K 0 -16 96
K -6 89 110
K 13 89 110
K 0 0 60
K 0 24 60
A D 8 32 0
A P 1 203 0
J N 7 453 40 5 1729 576 0
K 0 0 43
K 0 16 96
K 0 0 59
K 0 -24 59
A D 8 32 0
A P 1 192 0
J N 7 496 48 5 3457 576 0
K 0 0 43
K 0 24 96
K 0 0 59
K 0 -24 59
A D 8 32 0
A P 1 186 0
J N 7 539 56 12 5185 576 0
K 1 24 45
K 1 40 45
K 0 0 43
K 0 48 43
K 0 40 45
K 1 40 45
K 0 68 96
K 0 48 59
K 0 16 59
K 0 0 59
K 0 -24 59
A D 8 32 0
A P 1 180 0
A P 1 146 0
J B 232 585 1 82 6913 576 0
J N 7 610 64 11 1 0 0
K 1 16 45
K 1 32 45
K 0 0 43
K 0 40 43
K 0 32 45
K 1 32 45
K 0 40 59
K 0 8 59
K 0 0 59
K 0 -24 59
A D 8 32 0
A P 1 175 0
A P 1 146 0
J N 7 659 64 8 1729 576 1 248
K -18 0 65
K 0 0 43
K 0 20 96
K -9 67 108
K 17 67 108
K 0 0 59
K 0 -24 59
A D 8 32 0
A P 1 174 0
J N 7 701 64 5 3457 576 0
K 0 0 43
K 0 20 96
K 0 0 59
K 0 -24 59
A D 8 32 0
A P 1 174 0
J N 7 799 64 5 5185 576 1 248
K 0 0 43
K 0 20 96
K 0 0 59
K 0 -24 59
A D 8 32 0
A P 1 174 0
H 248 S 12 0 16 0 16 0 0 0 0
J B 233 861 1 82 6913 576 0
J N 7 891 56 4 1 0 0
K 0 0 43
K 0 0 59
K 0 -24 59
A D 8 32 0
A P 1 180 0
J N 7 933 56 4 1729 576 0
K 0 0 43
K 0 0 59
K 0 -24 59
A D 8 32 0
A P 1 180 0
J N 7 975 56 4 3457 576 0
K 0 0 43
K 0 0 59
K 0 -24 59
A D 8 32 0
A P 1 180 0
J N 7 1052 56 4 5185 576 0
K 0 0 43
K 0 0 59
K 0 -24 59
A D 8 32 0
A P 1 180 0
J B 234 1114 1 82 6913 576 0
J N 7 1144 56 4 1 0 0
K 0 0 43
K 0 0 59
K 0 -24 59
A D 8 32 0
A P 1 180 0
J N 7 1193 56 4 1729 576 0
K 0 0 43
K 0 0 59
K 0 -24 59
A D 8 32 0
A P 1 180 0
J N 7 1235 56 4 3457 576 0
K 0 0 43
K 0 0 59
K 0 -24 59
A D 8 32 0
A P 1 180 0
J N 7 1317 56 4 5185 576 0
K 0 0 43
K 0 0 59
K 0 -24 59
A D 8 32 0
A P 1 180 0
J B 235 1382 1 82 6913 576 0
J N 7 1412 64 5 1 0 0
K -18 0 65
K 0 0 43
K 0 0 59
K 0 -24 59
A D 8 32 0
A P 1 174 0
J N 7 1454 64 4 1729 576 0
K 0 0 43
K 0 0 59
K 0 -24 59
A D 8 32 0
A P 1 174 0
J N 7 1496 64 4 3457 576 0
K 0 0 43
K 0 0 59
K 0 -24 59
A D 8 32 0
A P 1 174 0
J N 7 1578 64 4 5185 576 0
K 0 0 43
K 0 0 59
K 0 -24 59
A D 8 32 0
A P 1 174 0
J B 236 1643 1 82 6913 576 0
J N 7 1691 64 5 1 0 0
K -18 0 65
K 0 0 43
K 0 0 59
K 0 -24 59
A D 8 32 0
A P 1 174 0
J N 7 1750 64 4 1729 576 0
K 0 0 43
K 0 0 59
K 0 -24 59
A D 8 32 0
A P 1 174 0
J N 7 1847 72 4 3457 576 0
K 0 0 43
K 0 0 59
K 0 -24 59
A D 8 32 0
A P 1 169 0
J N 7 1906 72 4 5185 576 0
K 0 0 43
K 0 0 59
K 0 -24 59
A D 8 32 0
A P 1 169 0
J B 237 1971 1 82 6913 576 0
J N 7 2000 56 4 1 0 0
K 0 0 43
K 0 0 59
K 0 -24 59
A D 8 32 0
A P 1 180 0
J N 7 2044 56 4 1729 576 0
K 0 0 43
K 0 0 59
K 0 -24 59
A D 8 32 0
A P 1 180 0
J N 7 2086 56 4 3457 576 0
K 0 0 43
K 0 0 59
K 0 -24 59
A D 8 32 0
A P 1 180 0
J N 7 2145 56 4 5185 576 0
K 0 0 43
K 0 0 59
K 0 -24 59
A D 8 32 0
A P 1 180 0
J B 238 2210 1 82 6913 576 0
E *
L 1728 0 0 256 256 * 0 16 0
J D 0 -91 48 1 6913 0 0
W 0 0 31 Vla
J C 13 6 32 35 6913 0 0
J K 0 66 0 0 6913 0 0
J D 0 -28 -16 1 6913 0 0
W 0 0 0 \02\03\00
J N 6 117 0 3 1 0 2 167 166
K 0 0 43
K 0 -20 96
A D 4 32 0
A P 1 186 0
J N 6 148 -40 7 865 288 1 167
K 0 24 45
K 0 8 45
K 0 0 43
K 0 8 45
K 1 8 45
K 0 -20 96
A D 4 32 0
A P 1 215 0
J N 6 179 -32 7 1729 288 1 167
K 0 16 45
K 0 0 45
K 0 0 43
K -1 0 45
K 3 0 45
K 0 -20 96
A D 4 32 0
A P 1 209 0
J N 6 210 -24 6 2593 288 1 167
K 0 8 45
K 0 0 43
K 0 8 45
K 1 8 45
K 0 -20 96
A D 4 32 0
A P 1 203 0
H 167 B -51 -5 109 4 2 1 1 3
J N 6 241 -16 6 3457 288 1 168
K 0 0 45
K 0 0 43
K -1 0 45
K 3 0 45
K 0 -20 96
A D 4 32 0
A P 1 198 0
J N 6 272 -8 3 4321 288 1 168
K 0 0 43
K 0 -20 96
A D 4 32 0
A P 1 192 0
J N 6 303 0 3 5185 288 1 168
K 0 0 43
K 0 -20 96
A D 4 32 0
A P 1 186 0
J N 6 351 8 4 6049 288 1 168
K -17 0 64
K 0 0 43
K 0 -20 96
A D 4 32 0
A P 1 180 0
H 168 B -67 1 109 4 2 1 1 3
J M 0 379 0 0 6913 288 1 166
H 166 W 0 24 8 100 -16 100
J B 231 385 1 82 6913 0 0
J N 7 410 16 6 1 0 0
K 0 0 43
K -6 89 110
K 13 89 110
K 0 0 60
K 0 24 60
A D 8 32 0
A P 1 175 0
J N 7 453 8 5 1729 576 0
K 0 0 43
K 0 -20 96
K 0 0 60
K 0 24 60
A D 8 32 0
A P 1 180 0
J N 7 496 0 5 3457 576 0
K 0 0 43
K 0 -20 96
K 0 0 60
K 0 24 60
A D 8 32 0
A P 1 186 0
J N 7 539 56 5 5185 576 0
K 0 0 43
K 0 20 96
K 0 0 59
K 0 -24 59
A D 8 32 0
A P 1 146 0
J B 232 585 1 82 6913 576 0
J N 7 610 32 4 1 0 0
K 0 0 43
K 0 0 60
K 0 24 60
A D 8 32 0
A P 1 163 0
J N 7 659 32 7 1729 576 1 169
K 0 0 43
K 0 -24 96
K -9 83 108
K 17 83 108
K 0 0 60
K 0 24 60
A D 8 32 0
A P 1 163 0
J N 7 701 32 5 3457 576 0
K 0 0 43
K 0 -24 96
K 0 0 60
K 0 24 60
A D 8 32 0
A P 1 163 0
J N 7 799 32 5 5185 576 1 169
K 0 0 43
K 0 -24 96
K 0 0 60
K 0 24 60
A D 8 32 0
A P 1 163 0
H 169 S 0 0 -24 0 -24 0 0 0 0
J B 233 861 1 82 6913 576 0
J N 7 891 32 4 1 0 0
K 0 0 43
K 0 0 60
K 0 24 60
A D 8 32 0
A P 1 163 0
J N 7 933 32 4 1729 576 0
K 0 0 43
K 0 0 60
K 0 24 60
A D 8 32 0
A P 1 163 0
J N 7 975 32 4 3457 576 0
K 0 0 43
K 0 0 60
K 0 24 60
A D 8 32 0
A P 1 163 0
J N 7 1052 32 4 5185 576 0
K 0 0 43
K 0 0 60
K 0 24 60
A D 8 32 0
A P 1 163 0
J B 234 1114 1 82 6913 576 0
J N 7 1144 24 4 1 0 0
K 0 0 43
K 0 0 60
K 0 24 60
A D 8 32 0
A P 1 169 0
J N 7 1193 40 5 1729 576 0
K -18 0 65
K 0 0 43
K 0 0 59
K 0 -24 59
A D 8 32 0
A P 1 157 0
J N 7 1235 40 4 3457 576 0
K 0 0 43
K 0 0 59
K 0 -24 59
A D 8 32 0
A P 1 157 0
J N 7 1317 40 4 5185 576 0
K 0 0 43
K 0 0 59
K 0 -24 59
A D 8 32 0
A P 1 157 0
J B 235 1382 1 82 6913 576 0
J N 7 1412 40 5 1 0 0
K -18 0 65
K 0 0 43
K 0 0 59
K 0 -24 59
A D 8 32 0
A P 1 157 0
J N 7 1454 40 4 1729 576 0
K 0 0 43
K 0 0 59
K 0 -24 59
A D 8 32 0
A P 1 157 0
J N 7 1496 40 4 3457 576 0
K 0 0 43
K 0 0 59
K 0 -24 59
A D 8 32 0
A P 1 157 0
J N 7 1578 40 4 5185 576 0
K 0 0 43
K 0 0 59
K 0 -24 59
A D 8 32 0
A P 1 157 0
J B 236 1643 1 82 6913 576 0
J N 7 1691 32 4 1 0 0
K 0 0 43
K 0 0 59
K 0 -16 59
A D 8 32 0
A P 1 163 0
J N 7 1750 32 4 1729 576 0
K 0 0 43
K 0 0 59
K 0 -16 59
A D 8 32 0
A P 1 163 0
J N 7 1847 40 5 3457 576 0
K -18 0 65
K 0 0 43
K 0 0 59
K 0 -24 59
A D 8 32 0
A P 1 157 0
J N 7 1906 40 4 5185 576 0
K 0 0 43
K 0 0 59
K 0 -24 59
A D 8 32 0
A P 1 157 0
J B 237 1971 1 82 6913 576 0
J N 7 2000 24 4 1 0 0
K 0 0 43
K 0 0 60
K 0 24 60
A D 8 32 0
A P 1 169 0
J N 7 2044 0 4 1729 576 0
K 0 0 43
K 0 0 60
K 0 24 60
A D 8 32 0
A P 1 186 0
J N 7 2086 0 4 3457 576 0
K 0 0 43
K 0 0 60
K 0 24 60
A D 8 32 0
A P 1 186 0
J N 7 2145 0 4 5185 576 0
K 0 0 43
K 0 0 60
K 0 24 60
A D 8 32 0
A P 1 186 0
J B 238 2210 1 82 6913 576 0
E *
L 1904 0 0 256 256 * 0 16 0
J D 0 -79 48 1 6913 0 0
W 0 -24 31 Vc
J D 0 -79 48 1 6913 0 0
W 0 24 31 Cb
J C 22 6 16 36 6913 0 0
J K 0 66 0 0 6913 0 0
J D 0 -28 -16 1 6913 0 0
W 0 0 0 \02\03\00
J N 6 117 8 3 1 0 2 195 194
K 0 0 43
K 0 -20 96
A D 4 32 0
A P 1 146 0
J N 6 148 -32 7 865 288 1 195
K 0 16 45
K 0 0 45
K 0 0 43
K -1 0 45
K 3 0 45
K 0 -20 96
A D 4 32 0
A P 1 175 0
J N 6 179 -24 6 1729 288 1 195
K 0 8 45
K 0 0 43
K 0 8 45
K 1 8 45
K 0 -20 96
A D 4 32 0
A P 1 169 0
J N 6 210 -16 6 2593 288 1 195
K 0 0 45
K 0 0 43
K -1 0 45
K 3 0 45
K 0 -20 96
A D 4 32 0
A P 1 163 0
H 195 B -59 -5 109 4 2 1 1 3
J N 6 241 -8 3 3457 288 1 196
K 0 0 43
K 0 -20 96
A D 4 32 0
A P 1 158 0
J N 6 272 0 3 4321 288 1 196
K 0 0 43
K 0 -20 96
A D 4 32 0
A P 1 152 0
J N 6 303 8 3 5185 288 1 196
K 0 0 43
K 0 -20 96
A D 4 32 0
A P 1 146 0
J N 6 351 16 4 6049 288 1 196
K -17 0 64
K 0 0 43
K 0 -24 96
A D 4 32 0
A P 1 140 0
H 196 B -73 1 109 4 2 1 1 3
J M 0 379 0 0 6913 288 1 194
H 194 W 0 24 8 107 -16 107
J B 231 385 1 82 6913 0 0
J N 7 410 24 7 1 0 0
K 0 0 43
K 0 -16 96
K -6 83 110
K 13 83 110
K 0 0 60
K 0 24 60
A D 8 32 0
A P 1 135 0
J N 7 453 16 5 1729 576 0
K 0 0 43
K 0 -24 96
K 0 0 60
K 0 24 60
A D 8 32 0
A P 1 140 0
J N 7 496 8 5 3457 576 0
K 0 0 43
K 0 -20 96
K 0 0 60
K 0 24 60
A D 8 32 0
A P 1 146 0
J N 7 539 64 5 5185 576 0
K 0 0 43
K 0 20 96
K 0 0 59
K 0 -24 59
A D 8 32 0
A P 1 106 0
J B 232 585 1 82 6913 576 0
J N 8 610 -16 9 1 0 1 197
K 0 0 45
K 0 0 42
K -1 0 45
K 3 0 45
K -6 108 108
K 20 108 108
K 0 0 60
K 0 24 60
A D 16 32 1
A P 1 163 1
J N 6 701 -16 5 3457 1152 2 198 197
K 0 0 45
K 0 0 43
K -1 0 45
K 3 0 45
A D 4 32 0
A P 1 163 0
H 197 T -16 0 0 0 0 0 5 0
J N 6 750 -8 3 4321 288 2 199 198
K -18 0 65
K 0 0 43
A D 4 32 0
A P 1 157 0
J N 6 799 0 3 5185 288 1 198
K -18 0 65
K 0 0 43
A D 4 32 0
A P 1 151 0
J N 6 827 8 2 6049 288 2 198 199
K 0 0 43
A D 4 32 0
A P 1 146 0
H 198 B -67 1 109 4 2 1 1 3
H 199 S 0 0 0 0 0 0 0 0 0
J B 233 861 1 82 6913 288 0
J N 8 891 16 4 1 0 1 200
K 0 0 42
K 0 0 60
K 0 24 60
A D 16 32 1
A P 1 140 1
J N 6 975 16 2 3457 1152 2 201 200
K 0 0 43
A D 4 32 0
A P 1 140 0
H 200 T 16 0 0 0 0 0 5 0
J N 6 1024 24 3 4321 288 2 202 201
K -18 0 65
K 0 0 43
A D 4 32 0
A P 1 134 0
J N 6 1052 32 2 5185 288 1 201
K 0 0 43
A D 4 32 0
A P 1 129 0
J N 6 1080 40 2 6049 288 2 201 202
K 0 0 43
A D 4 32 0
A P 1 123 0
H 201 B -57 4 109 4 2 1 1 3
H 202 S 0 0 0 0 0 0 0 0 0
J B 234 1114 1 82 6913 288 0
J N 8 1144 48 5 1 0 1 203
K -18 0 65
K 0 0 42
K 0 0 59
K 0 -24 59
A D 16 32 1
A P 1 117 1
J N 6 1235 48 2 3457 1152 2 204 203
K 0 0 43
A D 4 32 0
A P 1 117 0
H 203 T 48 0 0 0 0 0 13 0
J N 6 1266 40 2 4321 288 2 205 204
K 0 0 43
A D 4 32 0
A P 1 123 0
J N 6 1317 40 3 5185 288 1 204
K -20 0 63
K 0 0 43
A D 4 32 0
A P 1 124 0
J N 6 1348 32 2 6049 288 2 204 205
K 0 0 43
A D 4 32 0
A P 1 129 0
H 204 B 65 -1 109 4 2 1 1 3
H 205 S 12 0 0 0 0 0 0 0 0
J B 235 1382 1 82 6913 288 0
J N 8 1412 24 5 1 0 1 206
K -18 0 65
K 0 0 42
K 0 0 60
K 0 24 60
A D 16 32 1
A P 1 134 1
J N 6 1496 24 2 3457 1152 2 207 206
K 0 0 43
A D 4 32 0
A P 1 134 0
H 206 T 24 0 0 0 0 0 1 0
J N 6 1527 16 2 4321 288 2 208 207
K 0 0 43
A D 4 32 0
A P 1 140 0
J N 6 1578 16 3 5185 288 1 207
K -20 0 63
K 0 0 43
A D 4 32 0
A P 1 141 0
J N 6 1609 8 2 6049 288 2 207 208
K 0 0 43
A D 4 32 0
A P 1 146 0
H 207 B -46 -1 109 4 2 1 1 3
H 208 S 0 0 0 0 0 0 0 0 0
J B 236 1643 1 82 6913 288 0
J N 6 1691 0 3 1 0 2 209 210
K -18 0 65
K 0 0 43
A D 4 32 0
A P 1 151 0
J N 6 1719 8 2 865 288 2 210 209
K 0 0 43
A D 4 32 0
A P 1 146 0
H 209 S 0 0 0 0 0 0 0 0 0
J N 6 1750 0 3 1729 288 1 210
K 0 0 43
K 0 -20 96
A D 4 32 0
A P 1 151 0
J N 6 1798 0 4 2593 288 1 210
K -17 0 64
K 0 0 43
K 0 -20 96
A D 4 32 0
A P 1 152 0
H 210 B -64 0 109 4 2 1 1 3
J N 6 1847 -8 3 3457 288 2 211 212
K -18 0 65
K 0 0 43
A D 4 32 0
A P 1 157 0
J N 6 1875 0 2 4321 288 2 212 211
K 0 0 43
A D 4 32 0
A P 1 152 0
H 211 S 0 0 0 0 0 0 0 0 0
J N 6 1906 -8 3 5185 288 1 212
K 0 0 43
K 0 -20 96
A D 4 32 0
A P 1 157 0
J N 6 1937 -8 3 6049 288 1 212
K 0 0 43
K 0 -20 96
A D 4 32 0
A P 1 157 0
H 212 B -60 0 109 4 2 1 1 3
J B 237 1971 1 82 6913 288 0
J N 8 2000 -8 5 1 0 1 213
K -17 0 64
K 0 0 42
K 0 0 60
K 0 24 60
A D 16 32 1
A P 1 158 1
J N 6 2086 -8 2 3457 1152 2 214 213
K 0 0 43
A D 4 32 0
A P 1 158 0
H 213 T -8 0 0 0 0 0 1 0
J N 6 2114 8 2 4321 288 2 215 214
K 0 0 43
A D 4 32 0
A P 1 146 0
J N 6 2145 0 2 5185 288 1 214
K 0 0 43
A D 4 32 0
A P 1 152 0
J N 6 2176 -8 2 6049 288 2 214 215
K 0 0 43
A D 4 32 0
A P 1 158 0
H 214 B -72 0 109 4 2 1 1 3
H 215 S 0 0 0 0 0 0 0 0 0
J B 238 2210 1 82 6913 288 0
E *
B 1 385 0
B 1 585 0
B 1 861 0
B 1 1114 0
B 1 1382 0
B 1 1643 0
B 1 1971 0
B 1 2210 0
