@ SYSTEM: Beethoven: Symphony No. 3 -- First Movement
S 0 200 140 2050 1588 12 "[....][{..}.](.)[{..}..]"
@ LINE: 1 Flutes
L 0 0 0 339 339 * 0 14 0
J D 0 -108 42 1 6913 0 0
W 0 0 31 Fl 1-2
J C 4 5 42 2 6913 0 0
K 0 0 33
K 0 0 34
J K -3 57 0 3 6913 0 0
K 0 28 65
K 13 7 65
K 26 35 65
J D 0 -27 -14 1 6913 0 0
W 0 0 37 \05\02\07
J R 9 227 28 2 1 0 0
K 0 0 46
A D 12 16 0
A P 3 0 0
J B 528 365 1 82 6913 1728 0
J R 7 386 28 2 1 0 0
K 0 0 48
A D 4 16 1
A P 1 0 1
J R 7 465 28 2 2305 576 0
K 0 0 48
A D 4 16 1
A P 1 0 1
J R 6 541 28 2 4609 576 0
K 0 0 49
A D 2 16 0
A P 1 0 0
J N 6 582 -7 9 5761 288 0
K 0 -7 45
K -14 -14 64
K 0 -14 43
K 0 -7 45
K 1 -7 45
K 0 0 43
K 0 -14 60
K 0 0 54
A D 2 16 0
A P 1 238 0
A P 2 226 0
J B 529 622 1 82 6913 288 0
J N 6 643 -7 9 1 0 1 245
K 0 -7 45
K 0 -21 45
K 0 -21 43
K -1 -21 45
K 2 -21 45
K 0 0 43
K 0 -38 96
K 0 -21 60
A D 2 16 0
A P 1 243 0
A P 2 226 0
J N 6 695 -7 9 1153 288 1 245
K 0 -7 45
K 0 -21 45
K 0 -28 43
K 0 -21 45
K 1 -21 45
K 0 0 43
K 0 -45 96
K 0 -28 60
A D 2 16 0
A P 1 249 0
A P 2 226 0
J N 6 747 -7 11 2305 288 1 245
K 0 -7 45
K 0 -21 45
K 0 -35 45
K 0 -35 43
K -1 -35 45
K 2 -35 45
K 0 0 43
K 0 -52 96
K 0 -35 60
K 0 -28 60
A D 2 16 0
A P 1 254 0
A P 2 226 0
J N 6 799 -28 13 3457 288 1 245
K 0 14 45
K 0 0 45
K 0 -14 45
K -14 -14 64
K 0 -14 43
K -1 -14 45
K 2 -14 45
K 0 0 43
K -1 0 45
K 2 0 45
K 0 -31 96
K 0 -14 60
A D 2 16 0
A P 1 255 0
A P 2 243 0
J N 6 851 -28 12 4609 288 1 245
K 0 14 45
K 0 0 45
K 0 -14 45
K 0 -21 43
K 0 -14 45
K 1 -14 45
K 0 0 43
K -1 0 45
K 2 0 45
K 0 -38 96
K 0 -21 60
A D 2 16 0
A P 1 260 0
A P 2 243 0
J N 6 896 -28 13 5761 288 1 245
K 0 14 45
K 0 0 45
K 0 -14 45
K -18 -21 63
K 0 -21 43
K 0 -14 45
K 1 -14 45
K 0 0 43
K -1 0 45
K 2 0 45
K 0 -38 96
K 0 -21 60
A D 2 16 0
A P 1 261 0
A P 2 243 0
H 245 B -49 0 108 6 2 1 1 1 1 3
J B 530 933 1 82 6913 288 0
J N 7 960 -21 17 1 0 0
K 0 7 45
K 0 -7 45
K 0 -21 45
K 0 -35 45
K -14 0 64
K 0 -35 43
K -1 -35 45
K 2 -35 45
K 0 0 43
K 0 7 45
K 1 7 45
K 0 -52 96
K 0 -35 60
K 0 -28 60
K 0 0 60
K 0 21 60
A D 4 16 0
A P 1 266 0
A P 2 238 0
J D 0 995 0 1 2305 576 0
W 0 -79 32 zu 2
J N 7 1005 -49 14 2305 0 0
K 0 35 45
K 0 21 45
K 0 7 45
K -14 0 64
K 0 0 43
K 0 7 45
K 1 7 45
K 0 -17 96
K 0 133 110
K 17 133 110
K 0 0 60
K 0 28 60
K 0 49 60
A D 4 16 0
A P 3 260 0
J N 7 1050 -42 11 4609 576 0
K 0 28 45
K 0 14 45
K 0 0 45
K 0 0 43
K -1 0 45
K 2 0 45
K 0 -17 96
K 0 0 60
K 0 28 60
K 0 42 60
A D 4 16 0
A P 3 254 0
J B 531 1098 1 82 6913 576 0
J R 7 1119 28 2 1 0 0
K 0 0 48
A D 4 16 0
A P 3 0 0
J N 7 1171 -35 11 2305 576 0
K 0 21 45
K 0 7 45
K -15 0 65
K 0 0 43
K 0 7 45
K 1 7 45
K 0 -17 96
K 0 0 60
K 0 28 60
K 0 35 60
A D 4 16 0
A P 3 248 0
J N 7 1216 -28 9 4609 576 0
K 0 14 45
K 0 0 45
K 0 0 43
K -1 0 45
K 2 0 45
K 0 -17 96
K 0 0 60
K 0 28 60
A D 4 16 0
A P 3 243 0
J B 532 1264 1 82 6913 576 0
J R 7 1285 28 2 1 0 0
K 0 0 48
A D 4 16 0
A P 3 0 0
J N 7 1330 -42 11 2305 576 0
K 0 28 45
K 0 14 45
K 0 0 45
K 0 0 43
K -1 0 45
K 2 0 45
K 0 -17 96
K 0 0 60
K 0 28 60
K 0 42 60
A D 4 16 0
A P 3 254 0
J N 7 1375 -35 11 4609 576 0
K 0 21 45
K 0 7 45
K -14 0 64
K 0 0 43
K 0 7 45
K 1 7 45
K 0 -17 96
K 0 0 60
K 0 28 60
K 0 35 60
A D 4 16 0
A P 3 249 0
J B 533 1423 1 82 6913 576 0
J R 7 1444 28 2 1 0 0
K 0 0 48
A D 4 16 0
A P 3 0 0
J N 7 1488 -49 11 2305 576 0
K 0 35 45
K 0 21 45
K 0 7 45
K 0 0 43
K 0 7 45
K 1 7 45
K 0 -17 96
K 0 0 60
K 0 28 60
K 0 49 60
A D 4 16 0
A P 3 260 0
J N 7 1532 -42 11 4609 576 0
K 0 28 45
K 0 14 45
K 0 0 45
K 0 0 43
K -1 0 45
K 2 0 45
K 0 -17 96
K 0 0 60
K 0 28 60
K 0 42 60
A D 4 16 0
A P 3 254 0
J B 534 1579 1 82 6913 576 0
J R 7 1600 28 2 1 0 0
K 0 0 48
A D 4 16 0
A P 3 0 0
J N 7 1644 -35 11 2305 576 0
K 0 21 45
K 0 7 45
K -15 0 65
K 0 0 43
K 0 7 45
K 1 7 45
K 0 -17 96
K 0 0 60
K 0 28 60
K 0 35 60
A D 4 16 0
A P 3 248 0
J N 7 1688 -28 9 4609 576 0
K 0 14 45
K 0 0 45
K 0 0 43
K -1 0 45
K 2 0 45
K 0 -17 96
K 0 0 60
K 0 28 60
A D 4 16 0
A P 3 243 0
J B 535 1735 1 82 6913 576 0
J R 7 1756 28 2 1 0 0
K 0 0 48
A D 4 16 0
A P 3 0 0
J N 7 1800 -42 13 2305 576 0
K 0 28 45
K 0 14 45
K 0 0 45
K 0 0 43
K -1 0 45
K 2 0 45
K 0 -17 96
K 0 126 111
K 12 126 110
K 0 0 60
K 0 28 60
K 0 42 60
A D 4 16 0
A P 3 254 0
J R 7 1844 28 2 4609 576 0
K 0 0 48
A D 4 16 0
A P 3 0 0
J B 536 1891 1 82 6913 576 0
J N 7 1915 -42 13 1 0 0
K 0 28 45
K 0 14 45
K 0 0 45
K 0 0 43
K -1 0 45
K 2 0 45
K 0 -17 96
K 0 126 111
K 12 126 110
K 0 0 60
K 0 28 60
K 0 42 60
A D 4 16 0
A P 3 254 0
J R 7 1959 28 2 2305 576 0
K 0 0 48
A D 4 16 0
A P 3 0 0
J N 7 2003 -42 13 4609 576 0
K 0 28 45
K 0 14 45
K 0 0 45
K 0 0 43
K -1 0 45
K 2 0 45
K 0 -17 96
K 0 126 111
K 12 126 110
K 0 0 60
K 0 28 60
K 0 42 60
A D 4 16 0
A P 3 254 0
J B 537 2050 1 82 6913 576 0
E *
@ LINE: 2 Oboes
L 132 0 0 339 339 * 0 14 0
J D 0 -119 42 1 6913 0 0
W 0 0 31 Ob 1-2
J C 4 5 42 2 6913 0 0
K 0 0 33
K 0 0 34
J K -3 57 0 3 6913 0 0
K 0 28 65
K 13 7 65
K 26 35 65
J D 0 -27 -14 1 6913 0 0
W 0 0 0 \05\02\07
J R 9 227 28 2 1 0 0
K 0 0 46
A D 12 16 0
A P 3 0 0
J B 528 365 1 82 6913 1728 0
J R 7 386 28 2 1 0 0
K 0 0 48
A D 4 16 1
A P 1 0 1
J R 7 465 28 2 2305 576 0
K 0 0 48
A D 4 16 1
A P 1 0 1
J R 6 541 28 2 4609 576 0
K 0 0 49
A D 2 16 0
A P 1 0 0
J N 6 582 0 5 5761 288 0
K 0 -7 43
K -17 0 43
K 0 -7 60
K 0 0 54
A D 2 16 0
A P 1 226 0
A P 2 220 0
J B 529 622 1 82 6913 288 0
J N 6 643 7 5 1 0 1 243
K 0 -14 43
K 0 0 43
K 0 -31 96
K 0 -14 60
A D 2 16 0
A P 1 226 0
A P 2 214 0
J N 6 695 14 5 1153 288 1 243
K 0 -21 43
K 0 0 43
K 0 -38 96
K 0 -21 60
A D 2 16 0
A P 1 226 0
A P 2 209 0
J N 6 747 7 5 2305 288 1 243
K 0 -14 43
K 0 0 43
K 0 -31 96
K 0 -14 60
A D 2 16 0
A P 1 226 0
A P 2 214 0
J N 6 799 21 5 3457 288 1 243
K 0 -28 43
K 0 0 43
K 0 -45 96
K 0 -28 60
A D 2 16 0
A P 1 226 0
A P 2 203 0
J N 6 851 21 5 4609 288 1 243
K 0 -21 43
K 0 0 43
K 0 -38 96
K 0 -21 60
A D 2 16 0
A P 1 220 0
A P 2 203 0
J N 6 896 21 6 5761 288 1 243
K -18 -21 63
K 0 -21 43
K 0 0 43
K 0 -38 96
K 0 -21 60
A D 2 16 0
A P 1 221 0
A P 2 203 0
H 243 B -56 0 108 6 2 1 1 1 1 3
J B 530 933 1 82 6913 288 0
J N 7 960 28 9 1 0 0
K -14 0 64
K 0 -35 43
K 0 0 43
K 0 -52 96
K 0 -35 60
K 0 -28 60
K 0 0 60
K 0 21 60
A D 4 16 0
A P 1 226 0
A P 2 198 0
J N 7 1005 -7 13 2305 576 0
K 0 -7 45
K 0 -21 45
K 0 -28 43
K 0 -21 45
K 1 -21 45
K 0 0 43
K 0 -45 96
K 0 95 110
K 17 95 110
K 0 -28 60
K 0 0 60
K 0 21 60
A D 4 16 0
A P 1 249 0
A P 2 226 0
J N 7 1050 -7 11 4609 576 0
K 0 -7 45
K 0 -21 45
K 0 -21 43
K -1 -21 45
K 2 -21 45
K 0 0 43
K 0 -38 96
K 0 -21 60
K 0 0 60
K 0 21 60
A D 4 16 0
A P 1 243 0
A P 2 226 0
J B 531 1098 1 82 6913 576 0
J R 7 1119 28 2 1 0 0
K 0 0 48
A D 4 16 0
A P 1 0 0
J N 7 1171 7 10 2305 576 0
K 0 -21 45
K 0 -28 43
K 0 -21 45
K 1 -21 45
K 0 0 43
K 0 -45 96
K 0 -28 60
K 0 0 60
K 0 21 60
A D 4 16 0
A P 1 237 0
A P 2 214 0
J N 7 1216 7 10 4609 576 0
K 0 -21 45
K 0 -21 43
K -1 -21 45
K 2 -21 45
K 0 0 43
K 0 -38 96
K 0 -21 60
K 0 0 60
K 0 21 60
A D 4 16 0
A P 1 231 0
A P 2 214 0
J B 532 1264 1 82 6913 576 0
J R 7 1285 28 2 1 0 0
K 0 0 48
A D 4 16 0
A P 1 0 0
J N 7 1330 0 11 2305 576 0
K 0 -14 45
K 0 -28 45
K 0 -28 43
K -1 -28 45
K 2 -28 45
K 0 0 43
K 0 -45 96
K 0 -28 60
K 0 0 60
K 0 21 60
A D 4 16 0
A P 1 243 0
A P 2 220 0
J N 7 1375 0 10 4609 576 0
K 0 -14 45
K 0 -21 43
K 0 -14 45
K 1 -14 45
K 0 0 43
K 0 -38 96
K 0 -21 60
K 0 0 60
K 0 21 60
A D 4 16 0
A P 1 237 0
A P 2 220 0
J B 533 1423 1 82 6913 576 0
J R 7 1444 28 2 1 0 0
K 0 0 48
A D 4 16 0
A P 1 0 0
J N 7 1488 -7 11 2305 576 0
K 0 -7 45
K 0 -21 45
K 0 -28 43
K 0 -21 45
K 1 -21 45
K 0 0 43
K 0 -45 96
K 0 -28 60
K 0 0 60
K 0 21 60
A D 4 16 0
A P 1 249 0
A P 2 226 0
J N 7 1532 -7 11 4609 576 0
K 0 -7 45
K 0 -21 45
K 0 -21 43
K -1 -21 45
K 2 -21 45
K 0 0 43
K 0 -38 96
K 0 -21 60
K 0 0 60
K 0 21 60
A D 4 16 0
A P 1 243 0
A P 2 226 0
J B 534 1579 1 82 6913 576 0
J R 7 1600 28 2 1 0 0
K 0 0 48
A D 4 16 0
A P 1 0 0
J N 7 1644 7 10 2305 576 0
K 0 -21 45
K 0 -28 43
K 0 -21 45
K 1 -21 45
K 0 0 43
K 0 -45 96
K 0 -28 60
K 0 0 60
K 0 21 60
A D 4 16 0
A P 1 237 0
A P 2 214 0
J N 7 1688 7 10 4609 576 0
K 0 -21 45
K 0 -21 43
K -1 -21 45
K 2 -21 45
K 0 0 43
K 0 -38 96
K 0 -21 60
K 0 0 60
K 0 21 60
A D 4 16 0
A P 1 231 0
A P 2 214 0
J B 535 1735 1 82 6913 576 0
J R 7 1756 28 2 1 0 0
K 0 0 48
A D 4 16 0
A P 1 0 0
J N 7 1800 7 10 2305 576 0
K -15 -14 65
K 0 -14 43
K 0 0 43
K 0 -31 96
K 0 77 111
K 12 77 110
K 0 -14 60
K 0 0 60
K 0 21 60
A D 4 16 0
A P 1 225 0
A P 2 214 0
J R 7 1844 28 2 4609 576 0
K 0 0 48
A D 4 16 0
A P 1 0 0
J B 536 1891 1 82 6913 576 0
J N 7 1915 7 10 1 0 0
K -15 -14 65
K 0 -14 43
K 0 0 43
K 0 -31 96
K 0 77 111
K 12 77 110
K 0 -14 60
K 0 0 60
K 0 21 60
A D 4 16 0
A P 1 225 0
A P 2 214 0
J R 7 1959 28 2 2305 576 0
K 0 0 48
A D 4 16 0
A P 1 0 0
J N 7 2003 7 9 4609 576 0
K 0 -14 43
K 0 0 43
K 0 -31 96
K 0 77 111
K 12 77 110
K 0 -14 60
K 0 0 60
K 0 21 60
A D 4 16 0
A P 1 225 0
A P 2 214 0
J B 537 2050 1 82 6913 576 0
E *
@ LINE: 3 Clarinets
L 264 0 0 339 339 * 0 14 0
J D 0 -110 42 1 6913 0 0
W 0 -21 31 Cl 1-2
J D 0 -110 42 1 6913 0 0
W 8 21 31 (B\0.)
J C 4 5 42 2 6913 0 0
K 0 0 33
K 0 0 34
J K -1 57 0 1 6913 0 0
K 0 28 65
J D 0 -27 -14 1 6913 0 0
W 0 0 0 \05\02\07
J R 9 227 28 2 1 0 0
K 0 0 46
A D 12 16 0
A P 3 0 0
J B 528 365 1 82 6913 1728 0
J R 7 386 28 2 1 0 0
K 0 0 48
A D 4 16 1
A P 1 0 1
J R 7 465 28 2 2305 576 0
K 0 0 48
A D 4 16 1
A P 1 0 1
J R 6 541 28 2 4609 576 0
K 0 0 49
A D 2 16 0
A P 1 0 0
J N 6 582 35 6 5761 288 0
K -18 -14 63
K 0 -14 43
K 0 0 43
K 0 -14 60
K 0 0 52
A D 2 16 0
A P 1 204 0
A P 2 192 0
J B 529 622 1 82 6913 288 0
J N 6 643 35 5 1 0 1 214
K 0 -21 43
K 0 0 43
K 0 -42 96
K 0 -21 60
A D 2 16 0
A P 1 209 0
A P 2 192 0
J N 6 695 35 5 1153 288 1 214
K 0 -28 43
K 0 0 43
K 0 -45 96
K 0 -28 60
A D 2 16 0
A P 1 215 0
A P 2 192 0
J N 6 747 35 6 2305 288 1 214
K 0 -35 43
K 0 0 43
K 0 -52 96
K 0 -35 60
K 0 -28 60
A D 2 16 0
A P 1 220 0
A P 2 192 0
J N 6 799 14 6 3457 288 1 214
K -18 -14 63
K 0 -14 43
K 0 0 43
K 0 -31 96
K 0 -14 60
A D 2 16 0
A P 1 221 0
A P 2 209 0
J N 6 851 14 5 4609 288 1 214
K 0 -21 43
K 0 0 43
K 0 -38 96
K 0 -21 60
A D 2 16 0
A P 1 226 0
A P 2 209 0
J N 6 896 14 6 5761 288 1 214
K -18 -21 63
K 0 -21 43
K 0 0 43
K 0 -38 96
K 0 -21 60
A D 2 16 0
A P 1 227 0
A P 2 209 0
H 214 B -42 0 108 6 2 1 1 1 1 3
J B 530 933 1 82 6913 288 0
J N 7 960 21 12 1 0 0
K 0 -35 45
K -18 0 63
K 0 -35 43
K -1 -35 45
K 2 -35 45
K 0 0 43
K 0 -52 96
K 0 -35 60
K 0 -28 60
K 0 0 60
K 0 21 60
A D 4 16 0
A P 1 232 0
A P 2 204 0
J N 7 1005 7 10 2305 576 0
K -14 -14 64
K 0 -14 43
K 0 0 43
K 0 -31 96
K 0 78 110
K 17 78 110
K 0 -14 60
K 0 0 60
K 0 21 60
A D 4 16 0
A P 1 226 0
A P 2 215 0
J N 7 1050 14 7 4609 576 0
K 0 -14 43
K 0 0 43
K 0 -31 96
K 0 -14 60
K 0 0 60
K 0 21 60
A D 4 16 0
A P 1 220 0
A P 2 209 0
J B 531 1098 1 82 6913 576 0
J R 7 1119 28 2 1 0 0
K 0 0 48
A D 4 16 0
A P 1 0 0
J N 7 1171 21 9 2305 576 0
K -15 -14 65
K -29 0 64
K 0 -14 43
K 0 0 43
K 0 -31 96
K 0 -14 60
K 0 0 60
K 0 21 60
A D 4 16 0
A P 1 214 0
A P 2 203 0
J N 7 1216 28 7 4609 576 0
K 0 -14 43
K 0 0 43
K 0 -35 96
K 0 -14 60
K 0 0 60
K 0 21 60
A D 4 16 0
A P 1 209 0
A P 2 197 0
J B 532 1264 1 82 6913 576 0
J R 7 1285 28 2 1 0 0
K 0 0 48
A D 4 16 0
A P 1 0 0
J N 7 1330 14 7 2305 576 0
K 0 -14 43
K 0 0 43
K 0 -31 96
K 0 -14 60
K 0 0 60
K 0 21 60
A D 4 16 0
A P 1 220 0
A P 2 209 0
J N 7 1375 21 8 4609 576 0
K -14 -14 64
K 0 -14 43
K 0 0 43
K 0 -31 96
K 0 -14 60
K 0 0 60
K 0 21 60
A D 4 16 0
A P 1 215 0
A P 2 203 0
J B 533 1423 1 82 6913 576 0
J R 7 1444 28 2 1 0 0
K 0 0 48
A D 4 16 0
A P 1 0 0
J N 7 1488 7 7 2305 576 0
K 0 -14 43
K 0 0 43
K 0 -31 96
K 0 -14 60
K 0 0 60
K 0 21 60
A D 4 16 0
A P 1 226 0
A P 2 215 0
J N 7 1532 14 7 4609 576 0
K 0 -14 43
K 0 0 43
K 0 -31 96
K 0 -14 60
K 0 0 60
K 0 21 60
A D 4 16 0
A P 1 220 0
A P 2 209 0
J B 534 1579 1 82 6913 576 0
J R 7 1600 28 2 1 0 0
K 0 0 48
A D 4 16 0
A P 1 0 0
J N 7 1644 21 8 2305 576 0
K -15 -14 65
K 0 -14 43
K 0 0 43
K 0 -31 96
K 0 -14 60
K 0 0 60
K 0 21 60
A D 4 16 0
A P 1 214 0
A P 2 203 0
J N 7 1688 28 7 4609 576 0
K 0 -14 43
K 0 0 43
K 0 -35 96
K 0 -14 60
K 0 0 60
K 0 21 60
A D 4 16 0
A P 1 209 0
A P 2 197 0
J B 535 1735 1 82 6913 576 0
J R 7 1756 28 2 1 0 0
K 0 0 48
A D 4 16 0
A P 1 0 0
J N 7 1800 35 11 2305 576 0
K -15 0 65
K 0 -35 43
K 0 0 43
K 0 -52 96
K 0 61 111
K 12 61 110
K 0 -35 60
K 0 -28 60
K 0 0 60
K 0 14 60
A D 4 16 0
A P 1 220 0
A P 2 191 0
J R 7 1844 28 2 4609 576 0
K 0 0 48
A D 4 16 0
A P 1 0 0
J B 536 1891 1 82 6913 576 0
J N 7 1915 35 11 1 0 0
K -15 0 65
K 0 -35 43
K 0 0 43
K 0 -52 96
K 0 61 111
K 12 61 110
K 0 -35 60
K 0 -28 60
K 0 0 60
K 0 14 60
A D 4 16 0
A P 1 220 0
A P 2 191 0
J R 7 1959 28 2 2305 576 0
K 0 0 48
A D 4 16 0
A P 1 0 0
J N 7 2003 35 10 4609 576 0
K 0 -35 43
K 0 0 43
K 0 -52 96
K 0 61 111
K 12 61 110
K 0 -35 60
K 0 -28 60
K 0 0 60
K 0 14 60
A D 4 16 0
A P 1 220 0
A P 2 191 0
J B 537 2050 1 82 6913 576 0
E *
@ LINE: 4 Bassoons
L 396 0 0 339 339 * 0 14 0
J D 0 -130 42 1 6913 0 0
W 0 0 31 Fag 1-2
J C 22 5 14 36 6913 0 0
J K -3 57 0 3 6913 0 0
K 0 42 65
K 13 21 65
K 26 49 65
J D 0 -27 -14 1 6913 0 0
W 0 0 0 \05\02\07
J R 9 227 28 2 1 0 0
K 0 0 46
A D 12 16 0
A P 3 0 0
J B 528 365 1 82 6913 1728 0
J R 7 386 28 2 1 0 0
K 0 0 48
A D 4 16 1
A P 1 0 1
J R 7 465 28 2 2305 576 0
K 0 0 48
A D 4 16 1
A P 1 0 1
J R 6 541 28 2 4609 576 0
K 0 0 49
A D 2 16 0
A P 1 0 0
J N 6 582 -21 12 5761 288 0
K 0 7 45
K 0 -7 45
K 0 -14 43
K 0 -7 45
K 1 -7 45
K 0 0 43
K 0 7 45
K 1 7 45
K 0 -14 60
K 0 0 60
K 0 0 54
A D 2 16 0
A P 1 180 0
A P 2 169 0
J B 529 622 1 82 6913 288 0
J N 6 643 -14 11 1 0 1 281
K 0 0 45
K 0 -14 45
K 0 -14 43
K -1 -14 45
K 2 -14 45
K 0 0 43
K -1 0 45
K 2 0 45
K 0 -31 96
K 0 -14 60
A D 2 16 0
A P 1 174 0
A P 2 163 0
J N 6 695 -21 11 1153 288 1 281
K 0 7 45
K 0 -7 45
K 0 -14 43
K 0 -7 45
K 1 -7 45
K 0 0 43
K 0 7 45
K 1 7 45
K 0 -31 96
K 0 -14 60
A D 2 16 0
A P 1 180 0
A P 2 169 0
J N 6 747 -14 11 2305 288 1 281
K 0 0 45
K 0 -14 45
K 0 -14 43
K -1 -14 45
K 2 -14 45
K 0 0 43
K -1 0 45
K 2 0 45
K 0 -31 96
K 0 -14 60
A D 2 16 0
A P 1 174 0
A P 2 163 0
J N 6 799 -7 8 3457 288 1 281
K 0 -7 45
K 0 -7 43
K -1 -7 45
K 2 -7 45
K -17 0 43
K 0 -24 96
K 0 -7 60
A D 2 16 0
A P 1 163 0
A P 2 157 0
J N 6 851 0 9 4609 288 1 281
K 0 -14 45
K -14 0 64
K 0 -14 43
K -1 -14 45
K 2 -14 45
K 0 0 43
K 0 -31 96
K 0 -14 60
A D 2 16 0
A P 1 163 0
A P 2 152 0
J N 6 896 0 9 5761 288 1 281
K 0 -14 45
K -15 0 65
K 0 -14 43
K -1 -14 45
K 2 -14 45
K 0 0 43
K 0 -31 96
K 0 -14 60
A D 2 16 0
A P 1 163 0
A P 2 151 0
H 281 B -60 0 108 6 2 1 1 1 1 3
J B 530 933 1 82 6913 288 0
J N 7 960 7 8 1 0 0
K -14 -14 64
K 0 -14 43
K 0 0 43
K 0 -31 96
K 0 -14 60
K 0 0 60
K 0 21 60
A D 4 16 0
A P 1 158 0
A P 2 146 0
J N 7 1005 -7 13 2305 576 0
K 0 -7 45
K -14 0 64
K 0 -14 43
K 0 -7 45
K 1 -7 45
K 0 0 43
K 0 -31 96
K 0 91 110
K 17 91 110
K 0 -14 60
K 0 0 60
K 0 21 60
A D 4 16 0
A P 1 169 0
A P 2 158 0
J N 7 1050 -14 13 4609 576 0
K 0 0 45
K 0 -14 45
K 0 -14 43
K -1 -14 45
K 2 -14 45
K 0 0 43
K -1 0 45
K 2 0 45
K 0 -31 96
K 0 -14 60
K 0 0 60
K 0 21 60
A D 4 16 0
A P 1 174 0
A P 2 163 0
J B 531 1098 1 82 6913 576 0
J R 7 1119 28 2 1 0 0
K 0 0 48
A D 4 16 0
A P 1 0 0
J N 7 1171 7 8 2305 576 0
K -15 -14 65
K 0 -14 43
K 0 0 43
K 0 -31 96
K 0 -14 60
K 0 0 60
K 0 21 60
A D 4 16 0
A P 1 157 0
A P 2 146 0
J N 7 1216 0 10 4609 576 0
K 0 -14 45
K 0 -14 43
K -1 -14 45
K 2 -14 45
K 0 0 43
K 0 -31 96
K 0 -14 60
K 0 0 60
K 0 21 60
A D 4 16 0
A P 1 163 0
A P 2 151 0
J B 532 1264 1 82 6913 576 0
J R 7 1285 28 2 1 0 0
K 0 0 48
A D 4 16 0
A P 1 0 0
J N 7 1330 0 11 2305 576 0
K 0 -14 45
K -14 0 64
K 0 -14 43
K -1 -14 45
K 2 -14 45
K 0 0 43
K 0 -31 96
K 0 -14 60
K 0 0 60
K 0 21 60
A D 4 16 0
A P 1 163 0
A P 2 152 0
J N 7 1375 -7 11 4609 576 0
K 0 -7 45
K -15 0 65
K 0 -14 43
K 0 -7 45
K 1 -7 45
K 0 0 43
K 0 -31 96
K 0 -14 60
K 0 0 60
K 0 21 60
A D 4 16 0
A P 1 169 0
A P 2 157 0
J B 533 1423 1 82 6913 576 0
J R 7 1444 28 2 1 0 0
K 0 0 48
A D 4 16 0
A P 1 0 0
J N 7 1488 -7 11 2305 576 0
K 0 -7 45
K -14 0 64
K 0 -14 43
K 0 -7 45
K 1 -7 45
K 0 0 43
K 0 -31 96
K 0 -14 60
K 0 0 60
K 0 21 60
A D 4 16 0
A P 1 169 0
A P 2 158 0
J N 7 1532 -14 13 4609 576 0
K 0 0 45
K 0 -14 45
K 0 -14 43
K -1 -14 45
K 2 -14 45
K 0 0 43
K -1 0 45
K 2 0 45
K 0 -31 96
K 0 -14 60
K 0 0 60
K 0 21 60
A D 4 16 0
A P 1 174 0
A P 2 163 0
J B 534 1579 1 82 6913 576 0
J R 7 1600 28 2 1 0 0
K 0 0 48
A D 4 16 0
A P 1 0 0
J N 7 1644 7 8 2305 576 0
K -15 -14 65
K 0 -14 43
K 0 0 43
K 0 -31 96
K 0 -14 60
K 0 0 60
K 0 21 60
A D 4 16 0
A P 1 157 0
A P 2 146 0
J N 7 1688 0 11 4609 576 0
K 0 -14 45
K -15 0 65
K 0 -14 43
K -1 -14 45
K 2 -14 45
K 0 0 43
K 0 -31 96
K 0 -14 60
K 0 0 60
K 0 21 60
A D 4 16 0
A P 1 163 0
A P 2 151 0
J B 535 1735 1 82 6913 576 0
J R 7 1756 28 2 1 0 0
K 0 0 48
A D 4 16 0
A P 1 0 0
J N 7 1800 0 13 2305 576 0
K 0 -14 45
K -14 0 64
K 0 -14 43
K -1 -14 45
K 2 -14 45
K 0 0 43
K 0 -31 96
K 0 84 111
K 12 84 110
K 0 -14 60
K 0 0 60
K 0 21 60
A D 4 16 0
A P 1 163 0
A P 2 152 0
J R 7 1844 28 2 4609 576 0
K 0 0 48
A D 4 16 0
A P 1 0 0
J B 536 1891 1 82 6913 576 0
J N 7 1915 0 13 1 0 0
K 0 -14 45
K -14 0 64
K 0 -14 43
K -1 -14 45
K 2 -14 45
K 0 0 43
K 0 -31 96
K 0 84 111
K 12 84 110
K 0 -14 60
K 0 0 60
K 0 21 60
A D 4 16 0
A P 1 163 0
A P 2 152 0
J R 7 1959 28 2 2305 576 0
K 0 0 48
A D 4 16 0
A P 1 0 0
J N 7 2003 0 11 4609 576 0
K 0 -14 45
K 0 -14 43
K -1 -14 45
K 2 -14 45
K 0 0 43
K 0 84 111
K 12 84 110
K 0 -14 60
K 0 0 60
K 0 21 60
A D 4 16 0
A P 1 163 0
A P 2 152 0
J B 537 2050 1 82 6913 576 0
E *
@ LINE: 5 Horns 1 & 2
L 551 0 0 339 339 * 0 14 0
J D 0 -96 42 1 6913 0 0
W 0 -21 31 Cor.
J D 0 -96 42 1 6913 0 0
W 0 21 31 (E\0.)
J C 4 5 42 2 6913 0 0
K 0 0 33
K 0 0 34
J K 0 57 0 0 6913 0 0
J D 0 -27 -14 1 6913 0 0
W 0 0 0 \05\02\07
J R 9 227 28 2 1 0 0
K 0 0 46
A D 6 8 0
A P 3 0 0
J B 528 365 1 82 6913 1728 0
J R 7 386 28 2 1 0 0
K 0 0 48
A D 2 8 1
A P 1 0 1
J R 7 465 28 2 2305 576 0
K 0 0 48
A D 2 8 1
A P 1 0 1
J R 6 541 28 2 4609 576 0
K 0 0 49
A D 1 8 0
A P 1 0 0
J N 6 582 7 6 5761 288 0
K 0 0 43
K 0 49 43
K 0 49 59
K 0 28 59
K 0 0 51
A D 1 8 0
A P 1 215 0
A P 2 175 0
J B 529 622 1 82 6913 288 0
J N 6 643 7 5 1 0 1 192
K 0 0 43
K 0 49 43
K 0 49 59
K 0 28 59
A D 1 8 0
A P 1 215 0
A P 2 175 0
J N 6 695 7 5 1153 288 1 192
K 0 0 43
K 0 49 43
K 0 49 59
K 0 28 59
A D 1 8 0
A P 1 215 0
A P 2 175 0
J N 6 747 7 5 2305 288 1 192
K 0 0 43
K 0 49 43
K 0 49 59
K 0 28 59
A D 1 8 0
A P 1 215 0
A P 2 175 0
J N 6 799 7 5 3457 288 1 192
K 0 0 43
K 0 49 43
K 0 49 59
K 0 28 59
A D 1 8 0
A P 1 215 0
A P 2 175 0
J N 6 851 7 5 4609 288 1 192
K 0 0 43
K 0 49 43
K 0 49 59
K 0 28 59
A D 1 8 0
A P 1 215 0
A P 2 175 0
J N 6 896 7 5 5761 288 1 192
K 0 0 43
K 0 49 43
K 0 49 59
K 0 28 59
A D 1 8 0
A P 1 215 0
A P 2 175 0
H 192 B 42 0 108 6 2 1 1 1 1 3
J B 530 933 1 82 6913 288 0
J N 7 960 7 8 1 0 0
K 0 0 43
K 0 49 43
K 0 66 96
K 0 49 59
K 0 28 59
K 0 0 59
K 0 -14 59
A D 2 8 0
A P 1 215 0
A P 2 175 0
J N 7 1005 7 10 2305 576 0
K 0 0 43
K 0 49 43
K 0 66 96
K -11 102 110
K 6 102 110
K 0 49 59
K 0 28 59
K 0 0 59
K 0 -14 59
A D 2 8 0
A P 1 215 0
A P 2 175 0
J N 7 1050 7 8 4609 576 0
K 0 0 43
K 0 49 43
K 0 66 96
K 0 49 59
K 0 28 59
K 0 0 59
K 0 -14 59
A D 2 8 0
A P 1 215 0
A P 2 175 0
J B 531 1098 1 82 6913 576 0
J R 7 1119 28 2 1 0 0
K 0 0 48
A D 2 8 0
A P 1 0 0
J N 7 1171 21 11 2305 576 0
K 1 49 45
K 0 0 43
K 0 49 43
K -1 49 45
K 2 49 45
K 0 66 96
K 0 49 59
K 0 28 59
K 0 0 59
K 0 -14 59
A D 2 8 0
A P 1 203 0
A P 2 163 0
J N 7 1216 21 11 4609 576 0
K 1 49 45
K 0 0 43
K 0 49 43
K -1 49 45
K 2 49 45
K 0 66 96
K 0 49 59
K 0 28 59
K 0 0 59
K 0 -14 59
A D 2 8 0
A P 1 203 0
A P 2 163 0
J B 532 1264 1 82 6913 576 0
J R 7 1285 28 2 1 0 0
K 0 0 48
A D 2 8 0
A P 1 0 0
J N 7 1330 14 11 2305 576 0
K 1 56 45
K 0 0 43
K 0 56 43
K -1 56 45
K 2 56 45
K 0 73 96
K 0 56 59
K 0 28 59
K 0 0 59
K 0 -14 59
A D 2 8 0
A P 1 209 0
A P 2 163 0
J N 7 1375 14 13 4609 576 0
K 1 56 45
K 1 70 45
K 0 0 43
K 0 77 43
K 0 70 45
K 1 70 45
K 0 94 96
K 0 77 59
K 0 49 59
K 0 28 59
K 0 0 59
K 0 -14 59
A D 2 8 0
A P 1 209 0
A P 2 146 0
J B 533 1423 1 82 6913 576 0
J R 7 1444 28 2 1 0 0
K 0 0 48
A D 2 8 0
A P 1 0 0
J N 7 1488 7 8 2305 576 0
K 0 0 43
K 0 49 43
K 0 66 96
K 0 49 59
K 0 28 59
K 0 0 59
K 0 -14 59
A D 2 8 0
A P 1 215 0
A P 2 175 0
J N 7 1532 7 8 4609 576 0
K 0 0 43
K 0 49 43
K 0 66 96
K 0 49 59
K 0 28 59
K 0 0 59
K 0 -14 59
A D 2 8 0
A P 1 215 0
A P 2 175 0
J B 534 1579 1 82 6913 576 0
J R 7 1600 28 2 1 0 0
K 0 0 48
A D 2 8 0
A P 1 0 0
J N 7 1644 21 11 2305 576 0
K 1 49 45
K 0 0 43
K 0 49 43
K -1 49 45
K 2 49 45
K 0 66 96
K 0 49 59
K 0 28 59
K 0 0 59
K 0 -14 59
A D 2 8 0
A P 1 203 0
A P 2 163 0
J N 7 1688 21 11 4609 576 0
K 1 49 45
K 0 0 43
K 0 49 43
K -1 49 45
K 2 49 45
K 0 66 96
K 0 49 59
K 0 28 59
K 0 0 59
K 0 -14 59
A D 2 8 0
A P 1 203 0
A P 2 163 0
J B 535 1735 1 82 6913 576 0
J R 7 1756 28 2 1 0 0
K 0 0 48
A D 2 8 0
A P 1 0 0
J N 7 1800 21 13 2305 576 0
K 1 49 45
K 0 0 43
K 0 49 43
K -1 49 45
K 2 49 45
K 0 66 96
K 0 92 111
K 12 92 110
K 0 49 59
K 0 28 59
K 0 0 59
K 0 -14 59
A D 2 8 0
A P 1 203 0
A P 2 163 0
J R 7 1844 28 2 4609 576 0
K 0 0 48
A D 2 8 0
A P 1 0 0
J B 536 1891 1 82 6913 576 0
J N 7 1915 21 13 1 0 0
K 1 49 45
K 0 0 43
K 0 49 43
K -1 49 45
K 2 49 45
K 0 66 96
K 0 92 111
K 12 92 110
K 0 49 59
K 0 28 59
K 0 0 59
K 0 -14 59
A D 2 8 0
A P 1 203 0
A P 2 163 0
J R 7 1959 28 2 2305 576 0
K 0 0 48
A D 2 8 0
A P 1 0 0
J N 7 2003 21 13 4609 576 0
K 1 49 45
K 0 0 43
K 0 49 43
K -1 49 45
K 2 49 45
K 0 66 96
K 0 92 111
K 12 92 110
K 0 49 59
K 0 28 59
K 0 0 59
K 0 -14 59
A D 2 8 0
A P 1 203 0
A P 2 163 0
J B 537 2050 1 82 6913 576 0
E *
@ LINE: 6 Horn 3
L 696 0 0 339 339 * 0 14 0
J D 0 -112 42 1 6913 0 0
W 0 -21 31 Cor3.
J D 0 -112 42 1 6913 0 0
W 8 21 31 (E\0.)
J C 4 5 42 2 6913 0 0
K 0 0 33
K 0 0 34
J K 0 57 0 0 6913 0 0
J D 0 -27 -14 1 6913 0 0
W 0 0 0 \05\02\07
J R 9 227 28 2 1 0 0
K 0 0 46
A D 6 8 0
A P 1 0 0
J B 528 365 1 82 6913 1728 0
J R 7 386 28 2 1 0 0
K 0 0 48
A D 2 8 1
A P 1 0 1
J R 7 465 28 2 2305 576 0
K 0 0 48
A D 2 8 1
A P 1 0 1
J R 6 541 28 2 4609 576 0
K 0 0 49
A D 1 8 0
A P 1 0 0
J N 6 582 14 3 5761 288 0
K 0 0 43
K 0 0 54
A D 1 8 0
A P 1 209 0
J B 529 622 1 82 6913 288 0
J N 6 643 21 2 1 0 1 67
K 0 0 43
A D 1 8 0
A P 1 203 0
J N 6 695 14 2 1153 288 1 67
K 0 0 43
A D 1 8 0
A P 1 209 0
J N 6 747 21 2 2305 288 1 67
K 0 0 43
A D 1 8 0
A P 1 203 0
J N 6 799 7 2 3457 288 1 67
K 0 0 43
A D 1 8 0
A P 1 215 0
J N 6 851 7 2 4609 288 1 67
K 0 0 43
A D 1 8 0
A P 1 215 0
J N 6 896 7 2 5761 288 1 67
K 0 0 43
A D 1 8 0
A P 1 215 0
H 67 B -42 0 108 6 2 1 1 1 1 3
J B 530 933 1 82 6913 288 0
J N 7 960 7 5 1 0 0
K 0 0 43
K 0 -17 96
K 0 0 60
K 0 21 60
A D 2 8 0
A P 1 215 0
J N 7 1005 14 7 2305 576 0
K 0 0 43
K 0 -21 96
K -11 89 110
K 6 89 110
K 0 0 60
K 0 21 60
A D 2 8 0
A P 1 209 0
J N 7 1050 21 5 4609 576 0
K 0 0 43
K 0 -14 96
K 0 0 60
K 0 21 60
A D 2 8 0
A P 1 203 0
J B 531 1098 1 82 6913 576 0
J R 7 1119 28 2 1 0 0
K 0 0 48
A D 2 8 0
A P 1 0 0
J N 7 1171 28 6 2305 576 0
K -15 0 65
K 0 0 43
K 0 -21 96
K 0 0 60
K 0 21 60
A D 2 8 0
A P 1 197 0
J N 7 1216 35 5 4609 576 0
K 0 0 43
K 0 14 96
K 0 0 59
K 0 -21 59
A D 2 8 0
A P 1 192 0
J B 532 1264 1 82 6913 576 0
J R 7 1285 28 2 1 0 0
K 0 0 48
A D 2 8 0
A P 1 0 0
J N 7 1330 21 5 2305 576 0
K 0 0 43
K 0 -14 96
K 0 0 60
K 0 21 60
A D 2 8 0
A P 1 203 0
J N 7 1375 42 5 4609 576 0
K 0 0 43
K 0 21 96
K 0 0 59
K 0 -21 59
A D 2 8 0
A P 1 186 0
J B 533 1423 1 82 6913 576 0
J R 7 1444 28 2 1 0 0
K 0 0 48
A D 2 8 0
A P 1 0 0
J N 7 1488 14 5 2305 576 0
K 0 0 43
K 0 -21 96
K 0 0 60
K 0 21 60
A D 2 8 0
A P 1 209 0
J N 7 1532 21 5 4609 576 0
K 0 0 43
K 0 -14 96
K 0 0 60
K 0 21 60
A D 2 8 0
A P 1 203 0
J B 534 1579 1 82 6913 576 0
J R 7 1600 28 2 1 0 0
K 0 0 48
A D 2 8 0
A P 1 0 0
J N 7 1644 28 6 2305 576 0
K -15 0 65
K 0 0 43
K 0 21 96
K 0 0 59
K 0 -14 59
A D 2 8 0
A P 1 197 0
J N 7 1688 35 5 4609 576 0
K 0 0 43
K 0 14 96
K 0 0 59
K 0 -21 59
A D 2 8 0
A P 1 192 0
J B 535 1735 1 82 6913 576 0
J R 7 1756 28 2 1 0 0
K 0 0 48
A D 2 8 0
A P 1 0 0
J N 7 1800 21 7 2305 576 0
K 0 0 43
K 0 -14 96
K 0 70 111
K 12 70 110
K 0 0 60
K 0 21 60
A D 2 8 0
A P 1 203 0
J R 7 1844 28 2 4609 576 0
K 0 0 48
A D 2 8 0
A P 1 0 0
J B 536 1891 1 82 6913 576 0
J R 9 1956 28 2 1 0 0
K 0 0 46
A D 6 8 0
A P 1 0 0
J B 537 2050 1 82 6913 1728 0
E *
@ LINE: 7 Trumpets
L 836 0 0 339 339 * 0 14 0
J D 0 -119 42 1 6913 0 0
W 0 -21 31 Tr 1-2
J D 0 -119 42 1 6913 0 0
W 8 21 31 (E\0.)
J C 4 5 42 2 6913 0 0
K 0 0 33
K 0 0 34
J K 0 57 0 0 6913 0 0
J D 0 -27 -14 1 6913 0 0
W 0 0 0 \05\02\07
J R 9 227 28 2 1 0 0
K 0 0 46
A D 18 24 0
A P 3 0 0
J B 528 365 1 82 6913 1728 0
J R 9 479 28 2 1 0 0
K 0 0 46
A D 18 24 0
A P 3 0 0
J B 529 622 1 82 6913 1728 0
J R 9 763 28 2 1 0 0
K 0 0 46
A D 18 24 0
A P 3 0 0
J B 530 933 1 82 6913 1728 0
J R 7 960 28 2 1 0 0
K 0 0 48
A D 6 24 0
A P 1 0 0
J N 7 1005 56 7 2305 576 0
K 0 0 43
K 7 -63 96
K -11 82 110
K 6 82 110
K 0 0 59
K 0 -21 59
A D 6 24 0
A P 1 175 0
J N 7 1005 56 5 2305 0 0
K 0 0 43
K -7 52 96
K 0 0 60
K 0 14 60
A D 6 24 0
A P 2 175 0
J N 7 1050 56 5 4609 576 0
K 0 0 43
K 7 -63 96
K 0 0 59
K 0 -21 59
A D 6 24 0
A P 1 175 0
J N 7 1050 56 5 4609 0 0
K 0 0 43
K -7 52 96
K 0 0 60
K 0 14 60
A D 6 24 0
A P 2 175 0
J B 531 1098 1 82 6913 576 0
J R 7 1119 28 2 1 0 0
K 0 0 48
A D 6 24 0
A P 1 0 0
J N 7 1171 21 11 2305 576 0
K 1 49 45
K 0 0 43
K 0 49 43
K -1 49 45
K 2 49 45
K 0 66 96
K 0 49 59
K 0 28 59
K 0 0 59
K 0 -14 59
A D 6 24 0
A P 1 203 0
A P 2 163 0
J N 7 1216 21 11 4609 576 0
K 1 49 45
K 0 0 43
K 0 49 43
K -1 49 45
K 2 49 45
K 0 66 96
K 0 49 59
K 0 28 59
K 0 0 59
K 0 -14 59
A D 6 24 0
A P 1 203 0
A P 2 163 0
J B 532 1264 1 82 6913 576 0
J R 7 1285 28 2 1 0 0
K 0 0 48
A D 6 24 0
A P 1 0 0
J N 7 1330 21 11 2305 576 0
K 1 49 45
K 0 0 43
K 0 49 43
K -1 49 45
K 2 49 45
K 0 66 96
K 0 49 59
K 0 28 59
K 0 0 59
K 0 -14 59
A D 6 24 0
A P 1 203 0
A P 2 163 0
J N 7 1375 42 12 4609 576 0
K 1 28 45
K 1 42 45
K 0 0 43
K 0 49 43
K 0 42 45
K 1 42 45
K 0 66 96
K 0 49 59
K 0 28 59
K 0 0 59
K 0 -21 59
A D 6 24 0
A P 1 186 0
A P 2 146 0
J B 533 1423 1 82 6913 576 0
J R 7 1444 28 2 1 0 0
K 0 0 48
A D 6 24 0
A P 1 0 0
J N 7 1488 56 5 2305 576 0
K 0 0 43
K 7 -63 96
K 0 0 59
K 0 -21 59
A D 6 24 0
A P 1 175 0
J N 7 1488 56 4 2305 0 0
K 0 0 43
K 0 0 60
K 0 14 60
A D 6 24 0
A P 2 175 0
J N 7 1532 56 5 4609 576 0
K 0 0 43
K 7 -63 96
K 0 0 59
K 0 -21 59
A D 6 24 0
A P 1 175 0
J N 7 1532 56 4 4609 0 0
K 0 0 43
K 0 0 60
K 0 14 60
A D 6 24 0
A P 2 175 0
J B 534 1579 1 82 6913 576 0
J R 7 1600 28 2 1 0 0
K 0 0 48
A D 6 24 0
A P 1 0 0
J N 7 1644 21 11 2305 576 0
K 1 49 45
K 0 0 43
K 0 49 43
K -1 49 45
K 2 49 45
K 0 66 96
K 0 49 59
K 0 28 59
K 0 0 59
K 0 -14 59
A D 6 24 0
A P 1 203 0
A P 2 163 0
J N 7 1688 21 11 4609 576 0
K 1 49 45
K 0 0 43
K 0 49 43
K -1 49 45
K 2 49 45
K 0 66 96
K 0 49 59
K 0 28 59
K 0 0 59
K 0 -14 59
A D 6 24 0
A P 1 203 0
A P 2 163 0
J B 535 1735 1 82 6913 576 0
J R 7 1756 28 2 1 0 0
K 0 0 48
A D 6 24 0
A P 1 0 0
J N 7 1800 21 13 2305 576 0
K 1 49 45
K 0 0 43
K 0 49 43
K -1 49 45
K 2 49 45
K 0 66 96
K 0 93 111
K 12 93 110
K 0 49 59
K 0 28 59
K 0 0 59
K 0 -14 59
A D 6 24 0
A P 1 203 0
A P 2 163 0
J R 7 1844 28 2 4609 576 0
K 0 0 48
A D 6 24 0
A P 1 0 0
J B 536 1891 1 82 6913 576 0
J N 7 1915 21 13 1 0 0
K 1 49 45
K 0 0 43
K 0 49 43
K -1 49 45
K 2 49 45
K 0 66 96
K 0 96 111
K 12 96 110
K 0 49 59
K 0 28 59
K 0 0 59
K 0 -14 59
A D 6 24 0
A P 1 203 0
A P 2 163 0
J R 7 1959 28 2 2305 576 0
K 0 0 48
A D 6 24 0
A P 1 0 0
J N 7 2003 21 13 4609 576 0
K 1 49 45
K 0 0 43
K 0 49 43
K -1 49 45
K 2 49 45
K 0 66 96
K 0 96 111
K 12 96 110
K 0 49 59
K 0 28 59
K 0 0 59
K 0 -14 59
A D 6 24 0
A P 1 203 0
A P 2 163 0
J B 537 2050 1 82 6913 576 0
E *
@ LINE: 8 Timpani
L 981 0 0 339 339 * 0 14 0
J D 0 -109 42 1 6913 0 0
W 0 -21 31 Timp.
J D 0 -109 42 1 6913 0 0
W 0 21 31 E\0.-B\0.
J C 22 5 14 36 6913 0 0
J K 0 57 0 0 6913 0 0
J D 0 -27 -14 1 6913 0 0
W 0 0 0 \05\02\07
J R 9 227 28 2 1 0 0
K 0 0 46
A D 36 48 0
A P 1 0 0
J B 528 365 1 82 6913 1728 0
J R 9 479 28 2 1 0 0
K 0 0 46
A D 36 48 0
A P 1 0 0
J B 529 622 1 82 6913 1728 0
J R 9 763 28 2 1 0 0
K 0 0 46
A D 36 48 0
A P 1 0 0
J B 530 933 1 82 6913 1728 0
J R 9 1001 28 2 1 0 0
K 0 0 46
A D 36 48 0
A P 1 0 0
J B 531 1098 1 82 6913 1728 0
J R 7 1119 28 2 1 0 0
K 0 0 48
A D 12 48 0
A P 1 0 0
J N 7 1171 21 7 2305 576 0
K 0 0 43
K 0 -14 96
K -11 85 110
K 6 85 110
K 0 0 60
K 0 21 60
A D 12 48 0
A P 1 134 0
J N 7 1216 21 5 4609 576 0
K 0 0 43
K 0 -14 96
K 0 0 60
K 0 21 60
A D 12 48 0
A P 1 134 0
J B 532 1264 1 82 6913 576 0
J R 7 1285 28 2 1 0 0
K 0 0 48
A D 12 48 0
A P 1 0 0
J N 7 1330 21 5 2305 576 0
K 0 0 43
K 0 -14 96
K 0 0 60
K 0 21 60
A D 12 48 0
A P 1 134 0
J N 7 1375 42 5 4609 576 0
K 0 0 43
K 0 21 96
K 0 0 59
K 0 -21 59
A D 12 48 0
A P 1 117 0
J B 533 1423 1 82 6913 576 0
J R 9 1487 28 2 1 0 0
K 0 0 46
A D 36 48 0
A P 1 0 0
J B 534 1579 1 82 6913 1728 0
J R 7 1600 28 2 1 0 0
K 0 0 48
A D 12 48 0
A P 1 0 0
J N 7 1644 21 5 2305 576 0
K 0 0 43
K 0 -14 96
K 0 0 60
K 0 21 60
A D 12 48 0
A P 1 134 0
J N 7 1688 21 5 4609 576 0
K 0 0 43
K 0 -14 96
K 0 0 60
K 0 21 60
A D 12 48 0
A P 1 134 0
J B 535 1735 1 82 6913 576 0
J R 7 1756 28 2 1 0 0
K 0 0 48
A D 12 48 0
A P 1 0 0
J N 7 1800 21 7 2305 576 0
K 0 0 43
K 0 -14 96
K 0 70 111
K 12 70 110
K 0 0 60
K 0 21 60
A D 12 48 0
A P 1 134 0
J R 7 1844 28 2 4609 576 0
K 0 0 48
A D 12 48 0
A P 1 0 0
J B 536 1891 1 82 6913 576 0
J N 7 1915 21 7 1 0 0
K 0 0 43
K 0 -14 96
K 0 70 111
K 12 70 110
K 0 0 60
K 0 21 60
A D 12 48 0
A P 1 134 0
J R 7 1959 28 2 2305 576 0
K 0 0 48
A D 12 48 0
A P 1 0 0
J N 7 2003 21 7 4609 576 0
K 0 0 43
K 0 -14 96
K 0 70 111
K 12 70 110
K 0 0 60
K 0 21 60
A D 12 48 0
A P 1 134 0
J B 537 2050 1 82 6913 576 0
E *
@ LINE: 9 Violin I
L 1133 0 0 339 339 * 0 14 0
J D 0 -111 42 1 6913 0 0
W 0 0 31 Vln1
J C 4 5 42 2 6913 0 0
K 0 0 33
K 0 0 34
J K -3 57 0 3 6913 0 0
K 0 28 65
K 13 7 65
K 26 35 65
J D 0 -27 -14 1 6913 0 0
W 0 0 0 \05\02\07
J N 6 143 -7 4 1 0 1 437
K 0 0 43
K 0 92 111
K 12 92 110
A D 2 16 0
A P 1 226 0
J N 6 184 0 3 1153 288 1 437
K -14 0 64
K 0 0 43
A D 2 16 0
A P 1 220 0
J N 6 218 7 2 2305 288 1 437
K 0 0 43
A D 2 16 0
A P 1 214 0
J N 6 260 -7 2 3457 288 1 437
K 0 0 43
A D 2 16 0
A P 1 226 0
J S 0 294 85 2 4609 288 0
K 0 0 111
K 12 0 110
J N 6 294 -14 5 4609 0 1 437
K 0 0 45
K 0 0 43
K -1 0 45
K 2 0 45
A D 2 16 0
A P 1 231 0
J N 6 328 -7 2 5761 288 1 437
K 0 0 43
A D 2 16 0
A P 1 226 0
H 437 B -64 0 108 6 62 61 61 61 61 63
J B 528 365 1 82 6913 288 0
J N 6 386 0 2 1 0 1 438
K 0 0 43
A D 2 16 0
A P 1 220 0
J N 6 427 -14 6 1153 288 1 438
K 0 0 45
K -14 0 64
K 0 0 43
K -1 0 45
K 2 0 45
A D 2 16 0
A P 1 232 0
J S 0 465 85 2 2305 288 0
K 0 0 111
K 12 0 110
J N 6 465 -21 5 2305 0 1 438
K 0 7 45
K 0 0 43
K 0 7 45
K 1 7 45
A D 2 16 0
A P 1 237 0
J N 6 507 -14 6 3457 288 1 438
K 0 0 45
K -15 0 65
K 0 0 43
K -1 0 45
K 2 0 45
A D 2 16 0
A P 1 231 0
J N 6 541 -7 2 4609 288 1 438
K 0 0 43
A D 2 16 0
A P 1 226 0
J N 6 582 -21 6 5761 288 1 438
K 0 7 45
K -14 0 64
K 0 0 43
K 0 7 45
K 1 7 45
A D 2 16 0
A P 1 238 0
H 438 B -44 -2 108 6 62 61 61 61 61 63
J B 529 622 1 82 6913 288 0
J N 6 643 -28 6 1 0 1 439
K 0 14 45
K 0 0 45
K 0 0 43
K -1 0 45
K 2 0 45
A D 2 16 0
A P 1 243 0
J N 6 695 -35 6 1153 288 1 439
K 0 21 45
K 0 7 45
K 0 0 43
K 0 7 45
K 1 7 45
A D 2 16 0
A P 1 249 0
J N 6 747 -42 7 2305 288 1 439
K 0 28 45
K 0 14 45
K 0 0 45
K 0 0 43
K -1 0 45
K 2 0 45
A D 2 16 0
A P 1 254 0
J N 6 799 -42 8 3457 288 1 439
K 0 28 45
K 0 14 45
K 0 0 45
K -14 0 64
K 0 0 43
K -1 0 45
K 2 0 45
A D 2 16 0
A P 1 255 0
J N 6 851 -49 7 4609 288 1 439
K 0 35 45
K 0 21 45
K 0 7 45
K 0 0 43
K 0 7 45
K 1 7 45
A D 2 16 0
A P 1 260 0
J N 6 896 -49 8 5761 288 1 439
K 0 35 45
K 0 21 45
K 0 7 45
K -18 0 63
K 0 0 43
K 0 7 45
K 1 7 45
A D 2 16 0
A P 1 261 0
H 439 B -61 0 108 6 62 61 61 61 61 63
J B 530 933 1 82 6913 288 0
J N 7 960 -56 12 1 0 0
K 0 42 45
K 0 28 45
K 0 14 45
K 0 0 45
K 0 0 43
K -1 0 45
K 2 0 45
K 0 -17 96
K 0 0 60
K 0 28 60
K 0 56 60
A D 4 16 0
A P 1 266 0
J N 7 1005 42 17 2305 576 0
K 0 -56 45
K 0 -70 45
K -14 -42 64
K 0 -77 43
K 0 -70 45
K 1 -70 45
K 0 -42 43
K 0 0 43
K 0 -94 96
K -11 77 110
K 6 77 110
K 0 -77 60
K 0 -49 60
K 0 -28 60
K 0 0 60
K 0 14 60
A D 4 16 0
A P 1 249 0
A P 1 220 0
A P 1 186 0
J N 7 1050 42 14 4609 576 0
K 0 -56 45
K 0 -70 45
K 0 -70 43
K -1 -70 45
K 2 -70 45
K 0 -35 43
K 0 0 43
K 0 -87 96
K 0 -70 60
K 0 -42 60
K 0 -28 60
K 0 0 60
K 0 14 60
A D 4 16 0
A P 1 243 0
A P 1 214 0
A P 1 186 0
J B 531 1098 1 82 6913 576 0
J R 7 1119 28 2 1 0 0
K 0 0 48
A D 4 16 0
A P 1 0 0
J N 7 1171 56 14 2305 576 0
K 0 -70 45
K -15 -42 65
K 0 -77 43
K 0 -70 45
K 1 -70 45
K 0 -42 43
K 0 0 43
K 0 -94 96
K 0 -77 60
K 0 -49 60
K 0 -28 60
K 0 0 60
K 0 14 60
A D 4 16 0
A P 1 237 0
A P 1 208 0
A P 1 174 0
J N 7 1216 56 13 4609 576 0
K 0 -70 45
K 0 -70 43
K -1 -70 45
K 2 -70 45
K 0 -35 43
K 0 0 43
K 0 -87 96
K 0 -70 60
K 0 -42 60
K 0 -28 60
K 0 0 60
K 0 14 60
A D 4 16 0
A P 1 231 0
A P 1 203 0
A P 1 174 0
J B 532 1264 1 82 6913 576 0
J R 7 1285 28 2 1 0 0
K 0 0 48
A D 4 16 0
A P 1 0 0
J N 7 1330 49 14 2305 576 0
K 0 -63 45
K 0 -77 45
K 0 -77 43
K -1 -77 45
K 2 -77 45
K 0 -42 43
K 0 0 43
K 0 -94 96
K 0 -77 60
K 0 -49 60
K 0 -28 60
K 0 0 60
K 0 14 60
A D 4 16 0
A P 1 243 0
A P 1 214 0
A P 1 180 0
J N 7 1375 49 14 4609 576 0
K 0 -63 45
K -14 -35 64
K 0 -70 43
K 0 -63 45
K 1 -63 45
K 0 -35 43
K 0 0 43
K 0 -87 96
K 0 -70 60
K 0 -42 60
K 0 -28 60
K 0 0 60
K 0 14 60
A D 4 16 0
A P 1 237 0
A P 1 209 0
A P 1 180 0
J B 533 1423 1 82 6913 576 0
J R 7 1444 28 2 1 0 0
K 0 0 48
A D 4 16 0
A P 1 0 0
J N 7 1488 42 14 2305 576 0
K 0 -56 45
K 0 -70 45
K 0 -77 43
K 0 -70 45
K 1 -70 45
K 0 -42 43
K 0 0 43
K 0 -94 96
K 0 -77 60
K 0 -49 60
K 0 -28 60
K 0 0 60
K 0 14 60
A D 4 16 0
A P 1 249 0
A P 1 220 0
A P 1 186 0
J N 7 1532 42 14 4609 576 0
K 0 -56 45
K 0 -70 45
K 0 -70 43
K -1 -70 45
K 2 -70 45
K 0 -35 43
K 0 0 43
K 0 -87 96
K 0 -70 60
K 0 -42 60
K 0 -28 60
K 0 0 60
K 0 14 60
A D 4 16 0
A P 1 243 0
A P 1 214 0
A P 1 186 0
J B 534 1579 1 82 6913 576 0
J R 7 1600 28 2 1 0 0
K 0 0 48
A D 4 16 0
A P 1 0 0
J N 7 1644 56 14 2305 576 0
K 0 -70 45
K -15 -42 65
K 0 -77 43
K 0 -70 45
K 1 -70 45
K 0 -42 43
K 0 0 43
K 0 -94 96
K 0 -77 60
K 0 -49 60
K 0 -28 60
K 0 0 60
K 0 14 60
A D 4 16 0
A P 1 237 0
A P 1 208 0
A P 1 174 0
J N 7 1688 56 13 4609 576 0
K 0 -70 45
K 0 -70 43
K -1 -70 45
K 2 -70 45
K 0 -35 43
K 0 0 43
K 0 -87 96
K 0 -70 60
K 0 -42 60
K 0 -28 60
K 0 0 60
K 0 14 60
A D 4 16 0
A P 1 231 0
A P 1 203 0
A P 1 174 0
J B 535 1735 1 82 6913 576 0
J R 7 1756 28 2 1 0 0
K 0 0 48
A D 4 16 0
A P 1 0 0
J N 7 1800 42 17 2305 576 0
K 0 -56 45
K 0 -70 45
K -15 0 65
K 0 -70 43
K -1 -70 45
K 2 -70 45
K 0 -35 43
K 0 0 43
K 0 -87 96
K 0 64 111
K 12 64 110
K 0 -70 60
K 0 -42 60
K 0 -28 60
K 0 0 60
K 0 14 60
A D 4 16 0
A P 1 243 0
A P 1 214 0
A P 1 185 0
J R 7 1844 28 2 4609 576 0
K 0 0 48
A D 4 16 0
A P 1 0 0
J B 536 1891 1 82 6913 576 0
J N 7 1915 42 17 1 0 0
K 0 -56 45
K 0 -70 45
K -15 0 65
K 0 -70 43
K -1 -70 45
K 2 -70 45
K 0 -35 43
K 0 0 43
K 0 -87 96
K 0 64 111
K 12 64 110
K 0 -70 60
K 0 -42 60
K 0 -28 60
K 0 0 60
K 0 14 60
A D 4 16 0
A P 1 243 0
A P 1 214 0
A P 1 185 0
J R 7 1959 28 2 2305 576 0
K 0 0 48
A D 4 16 0
A P 1 0 0
J N 7 2003 42 16 4609 576 0
K 0 -56 45
K 0 -70 45
K 0 -70 43
K -1 -70 45
K 2 -70 45
K 0 -35 43
K 0 0 43
K 0 -87 96
K 0 64 111
K 12 64 110
K 0 -70 60
K 0 -42 60
K 0 -28 60
K 0 0 60
K 0 14 60
A D 4 16 0
A P 1 243 0
A P 1 214 0
A P 1 185 0
J B 537 2050 1 82 6913 576 0
E *
@ LINE: 10 Violin II
L 1265 0 0 339 339 * 0 14 0
J D 0 -111 42 1 6913 0 0
W 0 0 31 Vln2
J C 4 5 42 2 6913 0 0
K 0 0 33
K 0 0 34
J K -3 57 0 3 6913 0 0
K 0 28 65
K 13 7 65
K 26 35 65
J D 0 -27 -14 1 6913 0 0
W 0 0 0 \05\02\07
J N 6 143 42 4 1 0 1 492
K 0 0 43
K 0 42 111
K 12 42 110
A D 2 16 0
A P 1 186 0
J N 6 184 49 2 1153 288 1 492
K 0 0 43
A D 2 16 0
A P 1 180 0
J N 6 218 56 2 2305 288 1 492
K 0 0 43
A D 2 16 0
A P 1 174 0
J N 6 260 42 2 3457 288 1 492
K 0 0 43
A D 2 16 0
A P 1 186 0
J S 0 294 84 2 4609 288 0
K 0 0 111
K 12 0 110
J N 6 294 35 2 4609 0 1 492
K 0 0 43
A D 2 16 0
A P 1 191 0
J N 6 328 42 2 5761 288 1 492
K 0 0 43
A D 2 16 0
A P 1 186 0
H 492 B 57 0 108 6 62 61 61 61 61 63
J B 528 365 1 82 6913 288 0
J N 6 386 49 2 1 0 1 493
K 0 0 43
A D 2 16 0
A P 1 180 0
J N 6 427 35 3 1153 288 1 493
K -14 0 64
K 0 0 43
A D 2 16 0
A P 1 192 0
J S 0 465 85 2 2305 288 0
K 0 0 111
K 12 0 110
J N 6 465 28 2 2305 0 1 493
K 0 0 43
A D 2 16 0
A P 1 197 0
J N 6 507 35 3 3457 288 1 493
K -15 0 65
K 0 0 43
A D 2 16 0
A P 1 191 0
J N 6 541 42 2 4609 288 1 493
K 0 0 43
A D 2 16 0
A P 1 186 0
J N 6 582 28 3 5761 288 1 493
K -14 0 64
K 0 0 43
A D 2 16 0
A P 1 198 0
H 493 B 66 -2 108 6 62 61 61 61 61 63
J B 529 622 1 82 6913 288 0
J N 6 643 21 2 1 0 1 494
K 0 0 43
A D 2 16 0
A P 1 203 0
J N 6 695 14 2 1153 288 1 494
K 0 0 43
A D 2 16 0
A P 1 209 0
J N 6 747 7 2 2305 288 1 494
K 0 0 43
A D 2 16 0
A P 1 214 0
J N 6 799 7 3 3457 288 1 494
K -14 0 64
K 0 0 43
A D 2 16 0
A P 1 215 0
J N 6 851 0 2 4609 288 1 494
K 0 0 43
A D 2 16 0
A P 1 220 0
J N 6 896 0 3 5761 288 1 494
K -18 0 63
K 0 0 43
A D 2 16 0
A P 1 221 0
H 494 B -53 -2 108 6 62 61 61 61 61 63
J B 530 933 1 82 6913 288 0
J N 7 960 -7 5 1 0 0
K 0 0 43
K 0 -17 96
K 0 0 60
K 0 21 60
A D 4 16 0
A P 1 226 0
J N 7 1005 42 10 2305 576 0
K 0 -42 43
K 0 0 43
K 0 -59 96
K -11 77 110
K 6 77 110
K 0 -42 60
K 0 -28 60
K 0 0 60
K 0 14 60
A D 4 16 0
A P 1 220 0
A P 1 186 0
J N 7 1050 42 8 4609 576 0
K 0 -35 43
K 0 0 43
K 0 -52 96
K 0 -35 60
K 0 -28 60
K 0 0 60
K 0 14 60
A D 4 16 0
A P 1 214 0
A P 1 186 0
J B 531 1098 1 82 6913 576 0
J R 7 1119 28 2 1 0 0
K 0 0 48
A D 4 16 0
A P 1 0 0
J N 7 1171 14 15 2305 576 0
K 1 56 45
K 1 70 45
K -15 0 65
K 0 0 43
K 0 42 43
K 0 77 43
K 0 70 45
K 1 70 45
K 7 -52 96
K 0 77 59
K 0 49 59
K 0 28 59
K 0 0 59
K 0 -14 59
A D 4 16 0
A P 1 208 0
A P 1 174 0
A P 1 146 0
J N 7 1216 21 14 4609 576 0
K 1 49 45
K 1 63 45
K 0 0 43
K 0 35 43
K 0 63 43
K -1 63 45
K 2 63 45
K 7 -52 96
K 0 63 59
K 0 35 59
K 0 28 59
K 0 0 59
K 0 -14 59
A D 4 16 0
A P 1 203 0
A P 1 174 0
A P 1 151 0
J B 532 1264 1 82 6913 576 0
J R 7 1285 28 2 1 0 0
K 0 0 48
A D 4 16 0
A P 1 0 0
J N 7 1330 7 15 2305 576 0
K 1 63 45
K 1 77 45
K -14 77 64
K 0 0 43
K 0 42 43
K 0 77 43
K -1 77 45
K 2 77 45
K 7 -52 96
K 0 77 59
K 0 49 59
K 0 28 59
K 0 0 59
K 0 -14 59
A D 4 16 0
A P 1 214 0
A P 1 180 0
A P 1 152 0
J N 7 1375 14 13 4609 576 0
K 1 56 45
K 0 0 43
K 0 35 43
K 0 63 43
K 0 56 45
K 1 56 45
K 7 -52 96
K 0 63 59
K 0 35 59
K 0 28 59
K 0 0 59
K 0 -14 59
A D 4 16 0
A P 1 209 0
A P 1 180 0
A P 1 157 0
J B 533 1423 1 82 6913 576 0
J R 7 1444 28 2 1 0 0
K 0 0 48
A D 4 16 0
A P 1 0 0
J N 7 1488 42 8 2305 576 0
K 0 -42 43
K 0 0 43
K 0 -59 96
K 0 -42 60
K 0 -28 60
K 0 0 60
K 0 14 60
A D 4 16 0
A P 1 220 0
A P 1 186 0
J N 7 1532 42 8 4609 576 0
K 0 -35 43
K 0 0 43
K 0 -52 96
K 0 -35 60
K 0 -28 60
K 0 0 60
K 0 14 60
A D 4 16 0
A P 1 214 0
A P 1 186 0
J B 534 1579 1 82 6913 576 0
J R 7 1600 28 2 1 0 0
K 0 0 48
A D 4 16 0
A P 1 0 0
J N 7 1644 14 15 2305 576 0
K 1 56 45
K 1 70 45
K -15 0 65
K 0 0 43
K 0 42 43
K 0 77 43
K 0 70 45
K 1 70 45
K 7 -52 96
K 0 77 59
K 0 49 59
K 0 28 59
K 0 0 59
K 0 -14 59
A D 4 16 0
A P 1 208 0
A P 1 174 0
A P 1 146 0
J N 7 1688 21 14 4609 576 0
K 1 49 45
K 1 63 45
K 0 0 43
K 0 35 43
K 0 63 43
K -1 63 45
K 2 63 45
K 7 -52 96
K 0 63 59
K 0 35 59
K 0 28 59
K 0 0 59
K 0 -14 59
A D 4 16 0
A P 1 203 0
A P 1 174 0
A P 1 151 0
J B 535 1735 1 82 6913 576 0
J R 7 1756 28 2 1 0 0
K 0 0 48
A D 4 16 0
A P 1 0 0
J N 7 1800 7 17 2305 576 0
K 1 63 45
K 1 77 45
K -15 35 65
K -14 77 64
K 0 0 43
K 0 35 43
K 0 77 43
K -1 77 45
K 2 77 45
K 0 112 111
K 12 112 110
K 0 77 59
K 0 49 59
K 0 28 59
K 0 0 59
K 0 -14 59
A D 4 16 0
A P 1 214 0
A P 1 185 0
A P 1 152 0
J R 7 1844 28 2 4609 576 0
K 0 0 48
A D 4 16 0
A P 1 0 0
J B 536 1891 1 82 6913 576 0
J N 7 1915 7 17 1 0 0
K 1 63 45
K 1 77 45
K -15 35 65
K -14 77 64
K 0 0 43
K 0 35 43
K 0 77 43
K -1 77 45
K 2 77 45
K 0 112 111
K 12 112 110
K 0 77 59
K 0 49 59
K 0 28 59
K 0 0 59
K 0 -14 59
A D 4 16 0
A P 1 214 0
A P 1 185 0
A P 1 152 0
J R 7 1959 28 2 2305 576 0
K 0 0 48
A D 4 16 0
A P 1 0 0
J N 7 2003 7 15 4609 576 0
K 1 63 45
K 1 77 45
K 0 0 43
K 0 35 43
K 0 77 43
K -1 77 45
K 2 77 45
K 0 112 111
K 12 112 110
K 0 77 59
K 0 49 59
K 0 28 59
K 0 0 59
K 0 -14 59
A D 4 16 0
A P 1 214 0
A P 1 185 0
A P 1 152 0
J B 537 2050 1 82 6913 576 0
E *
@ LINE: 11 Viola
L 1397 0 0 339 339 * 0 14 0
J D 0 -86 42 1 6913 0 0
W 0 0 31 Vla.
J C 13 5 28 35 6913 0 0
J K -3 57 0 3 6913 0 0
K 0 35 65
K 13 14 65
K 26 42 65
J D 0 -27 -14 1 6913 0 0
W 0 0 0 \05\02\07
J N 6 143 35 5 1 0 1 381
K -14 0 64
K 0 0 43
K 0 51 111
K 12 51 110
A D 2 16 0
A P 1 158 0
J N 6 184 21 2 1153 288 1 381
K 0 0 43
A D 2 16 0
A P 1 169 0
J N 6 218 49 2 2305 288 1 381
K 0 0 43
A D 2 16 0
A P 1 146 0
J N 6 260 21 3 3457 288 1 381
K -15 0 65
K 0 0 43
A D 2 16 0
A P 1 168 0
J S 0 294 86 2 4609 288 0
K 0 0 111
K 12 0 110
J N 6 294 28 2 4609 0 1 381
K 0 0 43
A D 2 16 0
A P 1 163 0
J N 6 328 14 2 5761 288 1 381
K 0 0 43
A D 2 16 0
A P 1 174 0
H 381 B 59 -1 108 6 62 61 61 61 61 63
J B 528 365 1 82 6913 288 0
J N 6 386 42 2 1 0 1 382
K 0 0 43
A D 2 16 0
A P 1 151 0
J N 6 427 14 2 1153 288 1 382
K 0 0 43
A D 2 16 0
A P 1 174 0
J S 0 452 114 2 2305 288 0
K 0 0 111
K 12 0 110
J N 6 465 21 3 2305 0 1 382
K -14 0 64
K 0 0 43
A D 2 16 0
A P 1 169 0
J N 6 507 7 2 3457 288 1 382
K 0 0 43
A D 2 16 0
A P 1 180 0
J N 6 541 35 2 4609 288 1 382
K 0 0 43
A D 2 16 0
A P 1 157 0
J N 6 582 7 2 5761 288 1 382
K 0 0 43
A D 2 16 0
A P 1 180 0
H 382 B -44 -2 108 6 62 61 61 61 61 63
J B 529 622 1 82 6913 288 0
J N 5 643 14 2 1 0 1 383
K 0 0 43
A D 1 16 0
A P 1 174 0
J N 5 669 0 2 577 144 1 383
K 0 0 43
A D 1 16 0
A P 1 186 0
J N 5 695 0 2 1153 144 1 383
K 0 0 43
A D 1 16 0
A P 1 186 0
J N 5 721 0 2 1729 144 1 383
K 0 0 43
A D 1 16 0
A P 1 186 0
H 383 B -47 -2 108 4 22 11 11 33
J N 5 747 0 2 2305 144 1 384
K 0 0 43
A D 1 16 0
A P 1 186 0
J N 5 773 -21 5 2881 144 1 384
K 0 7 45
K 0 0 43
K 0 7 45
K 1 7 45
A D 1 16 0
A P 1 203 0
J N 5 799 -21 5 3457 144 1 384
K 0 7 45
K 0 0 43
K 0 7 45
K 1 7 45
A D 1 16 0
A P 1 203 0
J N 5 825 -21 5 4033 144 1 384
K 0 7 45
K 0 0 43
K 0 7 45
K 1 7 45
A D 1 16 0
A P 1 203 0
H 384 B -44 -5 108 4 22 11 11 33
J N 7 851 -21 10 4609 144 0
K 0 7 45
K 0 0 43
K 0 7 45
K 1 7 45
K 0 0 60
K 0 28 60
K 0 30 60
K -17 49 125
K -17 35 125
A D 4 16 0
A P 1 203 0
J B 530 933 1 82 6913 576 0
J N 7 960 -14 9 1 0 0
K 0 0 45
K -14 0 64
K 0 0 43
K -1 0 45
K 2 0 45
K 0 -17 96
K 0 0 60
K 0 21 60
A D 4 16 0
A P 1 198 0
J N 7 1005 49 10 2305 576 0
K 0 -49 43
K 0 0 43
K 0 -66 96
K -11 77 110
K 6 77 110
K 0 -49 60
K 0 -28 60
K 0 0 60
K 0 14 60
A D 4 16 0
A P 1 186 0
A P 1 146 0
J N 7 1050 49 8 4609 576 0
K 0 -49 43
K 0 0 43
K 0 -66 96
K 0 -49 60
K 0 -28 60
K 0 0 60
K 0 14 60
A D 4 16 0
A P 1 186 0
A P 1 146 0
J B 531 1098 1 82 6913 576 0
J R 7 1119 28 2 1 0 0
K 0 0 48
A D 4 16 0
A P 1 0 0
J N 7 1171 49 5 2305 576 0
K 0 0 43
K 0 17 96
K 0 0 59
K 0 -21 59
A D 4 16 0
A P 1 146 0
J N 7 1216 42 5 4609 576 0
K 0 0 43
K 0 21 96
K 0 0 59
K 0 -21 59
A D 4 16 0
A P 1 151 0
J B 532 1264 1 82 6913 576 0
J R 7 1285 28 2 1 0 0
K 0 0 48
A D 4 16 0
A P 1 0 0
J N 7 1330 42 6 2305 576 0
K -14 0 64
K 0 0 43
K 0 21 96
K 0 0 59
K 0 -21 59
A D 4 16 0
A P 1 152 0
J N 7 1375 35 5 4609 576 0
K 0 0 43
K 0 14 96
K 0 0 59
K 0 -21 59
A D 4 16 0
A P 1 157 0
J B 533 1423 1 82 6913 576 0
J R 7 1444 28 2 1 0 0
K 0 0 48
A D 4 16 0
A P 1 0 0
J N 7 1488 49 8 2305 576 0
K 0 -49 43
K 0 0 43
K 0 -66 96
K 0 -49 60
K 0 -28 60
K 0 0 60
K 0 14 60
A D 4 16 0
A P 1 186 0
A P 1 146 0
J N 7 1532 49 8 4609 576 0
K 0 -49 43
K 0 0 43
K 0 -66 96
K 0 -49 60
K 0 -28 60
K 0 0 60
K 0 14 60
A D 4 16 0
A P 1 186 0
A P 1 146 0
J B 534 1579 1 82 6913 576 0
J R 7 1600 28 2 1 0 0
K 0 0 48
A D 4 16 0
A P 1 0 0
J N 7 1644 0 5 2305 576 0
K 0 0 43
K 0 -17 96
K 0 0 60
K 0 21 60
A D 4 16 0
A P 1 186 0
J N 7 1688 -7 6 4609 576 0
K -15 0 65
K 0 0 43
K 0 -17 96
K 0 0 60
K 0 21 60
A D 4 16 0
A P 1 191 0
J B 535 1735 1 82 6913 576 0
J D 0 1686 0 1 1 0 0
W 0 -42 32 A\0/ double stop
J R 7 1756 28 2 1 0 0
K 0 0 48
A D 4 16 0
A P 1 0 0
J N 7 1800 -7 6 2305 576 0
K -14 0 64
K 0 0 43
K 0 -17 96
K 0 0 60
K 0 21 60
A D 4 16 0
A P 1 192 0
J R 7 1844 28 2 4609 576 0
K 0 0 48
A D 4 16 0
A P 1 0 0
J B 536 1891 1 82 6913 576 0
J N 7 1915 -7 6 1 0 0
K -14 0 64
K 0 0 43
K 0 -17 96
K 0 0 60
K 0 21 60
A D 4 16 0
A P 1 192 0
J R 7 1959 28 2 2305 576 0
K 0 0 48
A D 4 16 0
A P 1 0 0
J N 7 2003 -7 7 4609 576 0
K 0 0 43
K 0 -17 96
K 0 99 111
K 12 99 110
K 0 0 60
K 0 21 60
A D 4 16 0
A P 1 192 0
J B 537 2050 1 82 6913 576 0
E *
@ LINE: 14 Cello & Contrabass
L 1532 0 0 339 339 * 0 14 0
J D 0 -148 42 1 6913 0 0
W 0 0 31 Vc+Cb.
J C 22 5 14 36 6913 0 0
J K -3 57 0 3 6913 0 0
K 0 42 65
K 13 21 65
K 26 49 65
J D 0 -27 -14 1 6913 0 0
W 0 0 0 \05\02\07
J N 6 143 7 4 1 0 1 214
K 0 0 43
K 0 78 111
K 12 78 110
A D 6 48 0
A P 1 146 0
J N 6 184 42 3 1153 288 1 214
K -14 0 64
K 0 0 43
A D 6 48 0
A P 1 118 0
J N 6 218 35 2 2305 288 1 214
K 0 0 43
A D 6 48 0
A P 1 123 0
J N 6 260 42 3 3457 288 1 214
K -15 0 65
K 0 0 43
A D 6 48 0
A P 1 117 0
J N 6 294 49 4 4609 288 1 214
K 0 0 43
K 0 39 111
K 12 39 110
A D 6 48 0
A P 1 111 0
J N 6 328 35 2 5761 288 1 214
K 0 0 43
A D 6 48 0
A P 1 123 0
H 214 B 42 3 108 6 2 1 1 1 1 3
J B 528 365 1 82 6913 288 0
J N 6 386 28 2 1 0 1 215
K 0 0 43
A D 6 48 0
A P 1 129 0
J N 6 427 35 2 1153 288 1 215
K 0 0 43
A D 6 48 0
A P 1 123 0
J N 6 465 42 4 2305 288 1 215
K 0 0 43
K 0 44 111
K 12 44 110
A D 6 48 0
A P 1 117 0
J N 6 507 28 2 3457 288 1 215
K 0 0 43
A D 6 48 0
A P 1 129 0
J N 6 541 21 2 4609 288 1 215
K 0 0 43
A D 6 48 0
A P 1 134 0
J N 6 582 28 2 5761 288 1 215
K 0 0 43
A D 6 48 0
A P 1 129 0
H 215 B 49 0 108 6 2 1 1 1 1 3
J B 529 622 1 82 6913 288 0
J N 6 643 35 2 1 0 1 216
K 0 0 43
A D 6 48 0
A P 1 123 0
J N 6 695 -7 3 1153 288 1 216
K -14 0 64
K 0 0 43
A D 6 48 0
A P 1 158 0
J N 6 747 -14 5 2305 288 1 216
K 0 0 45
K 0 0 43
K -1 0 45
K 2 0 45
A D 6 48 0
A P 1 163 0
J N 6 799 -7 3 3457 288 1 216
K -15 0 65
K 0 0 43
A D 6 48 0
A P 1 157 0
J N 6 851 0 3 4609 288 1 216
K -14 0 64
K 0 0 43
A D 6 48 0
A P 1 152 0
J N 6 896 0 3 5761 288 1 216
K -15 0 65
K 0 0 43
A D 6 48 0
A P 1 151 0
H 216 B -40 -2 108 6 2 1 1 1 1 3
J B 530 933 1 82 6913 288 0
J N 7 960 7 5 1 0 0
K 0 0 43
K 0 -17 96
K 0 0 60
K 0 21 60
A D 12 48 0
A P 1 146 0
J N 7 1005 -7 8 2305 576 0
K -14 0 64
K 0 0 43
K 0 -17 96
K -11 92 110
K 6 92 110
K 0 0 60
K 0 21 60
A D 12 48 0
A P 1 158 0
J N 7 1050 -14 8 4609 576 0
K 0 0 45
K 0 0 43
K -1 0 45
K 2 0 45
K 0 -17 96
K 0 0 60
K 0 21 60
A D 12 48 0
A P 1 163 0
J B 531 1098 1 82 6913 576 0
J R 7 1119 28 2 1 0 0
K 0 0 48
A D 12 48 0
A P 1 0 0
J N 7 1171 7 5 2305 576 0
K 0 0 43
K 0 -17 96
K 0 0 60
K 0 21 60
A D 12 48 0
A P 1 146 0
J N 7 1216 0 5 4609 576 0
K 0 0 43
K 0 -17 96
K 0 0 60
K 0 21 60
A D 12 48 0
A P 1 151 0
J B 532 1264 1 82 6913 576 0
J R 7 1285 28 2 1 0 0
K 0 0 48
A D 12 48 0
A P 1 0 0
J N 7 1330 0 6 2305 576 0
K -14 0 64
K 0 0 43
K 0 -17 96
K 0 0 60
K 0 21 60
A D 12 48 0
A P 1 152 0
J N 7 1375 -7 5 4609 576 0
K 0 0 43
K 0 -17 96
K 0 0 60
K 0 21 60
A D 12 48 0
A P 1 157 0
J B 533 1423 1 82 6913 576 0
J R 7 1444 28 2 1 0 0
K 0 0 48
A D 12 48 0
A P 1 0 0
J N 7 1488 -7 6 2305 576 0
K -14 0 64
K 0 0 43
K 0 -17 96
K 0 0 60
K 0 21 60
A D 12 48 0
A P 1 158 0
J N 7 1532 -14 8 4609 576 0
K 0 0 45
K 0 0 43
K -1 0 45
K 2 0 45
K 0 -17 96
K 0 0 60
K 0 21 60
A D 12 48 0
A P 1 163 0
J B 534 1579 1 82 6913 576 0
J R 7 1600 28 2 1 0 0
K 0 0 48
A D 12 48 0
A P 1 0 0
J N 7 1644 7 5 2305 576 0
K 0 0 43
K 0 -17 96
K 0 0 60
K 0 21 60
A D 12 48 0
A P 1 146 0
J N 7 1688 0 6 4609 576 0
K -15 0 65
K 0 0 43
K 0 -17 96
K 0 0 60
K 0 21 60
A D 12 48 0
A P 1 151 0
J B 535 1735 1 82 6913 576 0
J R 7 1756 28 2 1 0 0
K 0 0 48
A D 12 48 0
A P 1 0 0
J N 7 1800 0 8 2305 576 0
K -14 0 64
K 0 0 43
K 0 -17 96
K 0 84 111
K 12 84 110
K 0 0 60
K 0 21 60
A D 12 48 0
A P 1 152 0
J R 7 1844 28 2 4609 576 0
K 0 0 48
A D 12 48 0
A P 1 0 0
J B 536 1891 1 82 6913 576 0
J N 7 1915 49 8 1 0 0
K -14 0 64
K 0 0 43
K 0 17 96
K 0 47 111
K 12 47 110
K 0 0 59
K 0 -21 59
A D 12 48 0
A P 1 112 0
J R 7 1959 28 2 2305 576 0
K 0 0 48
A D 12 48 0
A P 1 0 0
J N 7 2003 49 7 4609 576 0
K 0 0 43
K 0 17 96
K 0 47 111
K 12 47 110
K 0 0 59
K 0 -21 59
A D 12 48 0
A P 1 112 0
J B 537 2050 1 82 6913 576 0
E *
B 1 365 0
B 1 622 0
B 1 933 0
B 1 1098 0
B 1 1264 0
B 1 1423 0
B 1 1579 0
B 1 1735 0
B 1 1891 0
B 1 2050 0
