S 0 140 140 2210 1968 11 "[(....)][(..)](.)[({..}..)]"
L 0 0 0 271 271 * 0 16 0
J D 0 -67 48 1 6913 0 0
W 0 0 31 Fl
J C 4 6 48 2 6913 0 0
K 0 0 33
K 0 0 34
J K -1 66 0 1 6913 0 0
K 0 32 65
J D 0 -28 -16 1 6913 0 0
W 0 0 37 \01\03\06
J N 6 132 -24 8 1 0 1 116
K 0 8 45
K 0 0 43
K 0 8 45
K 1 8 45
K 0 -20 96
K 0 0 60
K 0 0 54
A D 12 96 0
A P 1 237 0
J M 0 92 0 0 6913 0 1 116
H 116 S 0 0 -32 0 -16 0 0 0
J N 5 202 -40 6 2305 288 3 118 119 117
K 0 24 45
K 0 8 45
K 0 0 43
K 0 8 45
K 1 8 45
A D 6 96 0
A P 1 249 0
J M 0 234 0 0 3457 144 1 117
H 117 W 0 24 8 100 32 100
J N 5 250 -32 7 3457 0 1 119
K 0 16 45
K 0 0 45
K -20 0 63
K 0 0 43
K -1 0 45
K 3 0 45
A D 6 96 0
A P 1 244 0
J N 5 285 -40 6 4609 144 2 119 120
K 0 24 45
K 0 8 45
K 0 0 43
K 0 8 45
K 1 8 45
A D 6 96 0
A P 1 249 0
J N 5 320 -24 5 5761 144 3 119 118 120
K 0 8 45
K 0 0 43
K 0 8 45
K 1 8 45
A D 6 96 0
A P 1 237 0
H 120 W 24 0 -8 100 16 100
H 119 B -73 1 109 4 22 11 11 33
H 118 S 0 0 0 0 0 0 0 0 0
J B 137 360 1 82 6913 144 0
J N 6 385 -8 3 1 0 0
K 0 0 43
K 0 0 54
A D 12 96 0
A P 1 226 0
J R 6 455 32 2 2305 288 0
K 0 0 49
A D 12 96 0
A P 1 0 0
J N 6 539 -8 3 4609 288 1 121
K 0 0 43
K 0 0 54
A D 12 96 0
A P 1 226 0
J B 138 614 1 82 6913 288 0
J N 6 643 -16 6 1 0 2 122 121
K 0 0 45
K 0 0 43
K -1 0 45
K 3 0 45
K 0 -20 96
A D 12 96 0
A P 1 232 0
H 121 S 0 0 0 0 -16 0 0 0 0
J N 5 713 -32 6 2305 288 3 124 122 123
K 0 16 45
K 0 0 45
K 0 0 43
K -1 0 45
K 3 0 45
A D 6 96 0
A P 1 243 0
J M 0 749 0 0 3457 144 1 123
H 123 W 0 24 8 100 32 100
J N 5 762 -24 6 3457 0 1 122
K 0 8 45
K -17 0 64
K 0 0 43
K 0 8 45
K 1 8 45
A D 6 96 0
A P 1 238 0
J N 5 798 -32 6 4609 144 2 122 125
K 0 16 45
K 0 0 45
K 0 0 43
K -1 0 45
K 3 0 45
A D 6 96 0
A P 1 243 0
J N 5 833 -16 5 5761 144 3 122 124 125
K 0 0 45
K 0 0 43
K -1 0 45
K 3 0 45
A D 6 96 0
A P 1 232 0
H 125 W 24 0 -8 100 16 100
H 122 B -52 0 109 5 2 21 11 11 33
H 124 S 0 0 0 0 0 0 0 0 0
J B 139 873 1 82 6913 144 0
J N 6 898 0 2 1 0 3 127 128 126
K 0 0 43
A D 12 96 0
A P 1 220 0
J N 6 982 0 2 2305 288 1 128
K 0 0 43
A D 12 96 0
A P 1 220 0
J N 6 1051 0 3 4609 288 2 128 127
K -20 0 63
K 0 0 43
A D 12 96 0
A P 1 221 0
H 128 B -52 0 109 3 2 1 3
H 127 S 0 0 0 0 0 0 0 0 0
J B 140 1126 1 82 6913 288 0
J N 5 1151 -8 2 1 0 2 129 130
K 0 0 43
A D 6 96 0
A P 1 226 0
J N 5 1186 -16 5 1153 144 1 130
K 0 0 45
K 0 0 43
K -1 0 45
K 3 0 45
A D 6 96 0
A P 1 232 0
J N 5 1221 -24 5 2305 144 1 130
K 0 8 45
K 0 0 43
K 0 8 45
K 1 8 45
A D 6 96 0
A P 1 237 0
J N 5 1256 -32 6 3457 144 1 130
K 0 16 45
K 0 0 45
K 0 0 43
K -1 0 45
K 3 0 45
A D 6 96 0
A P 1 243 0
J N 5 1307 -32 7 4609 144 1 130
K 0 16 45
K 0 0 45
K -20 0 63
K 0 0 43
K -1 0 45
K 3 0 45
A D 6 96 0
A P 1 244 0
J N 5 1341 -40 6 5761 144 3 130 129 126
K 0 24 45
K 0 8 45
K 0 0 43
K 0 8 45
K 1 8 45
A D 6 96 0
A P 1 249 0
H 126 W 0 24 8 100 8 100
H 130 B -60 -3 109 6 22 11 11 11 11 33
H 129 S 0 0 0 0 0 0 0 0 0
J B 141 1380 1 82 6913 144 0
J N 7 1409 0 6 1 0 1 131
K -17 0 64
K 0 0 43
K 0 100 108
K 0 0 60
K 0 24 60
A D 24 96 0
A P 1 220 0
J G 4 1465 -8 2 4609 576 1 132
K 0 0 171
A D 0 96 0
A P 1 226 0
J G 4 1488 0 2 4609 0 1 132
K 0 0 171
A D 0 96 0
A P 1 220 0
J G 4 1511 8 2 4609 0 1 132
K 0 0 171
A D 0 96 0
A P 1 215 0
J G 4 1534 0 2 4609 0 1 132
K 0 0 171
A D 0 96 0
A P 1 220 0
H 132 B 52 2 107 4 222 111 111 333
J N 5 1557 -8 3 4609 0 1 133
K 0 0 43
K 29 0 44
A D 9 96 0
A P 1 226 0
J N 4 1602 8 2 6337 216 2 133 131
K 0 0 43
A D 3 96 0
A P 1 215 0
H 133 B -71 4 109 2 22 533
H 131 S 0 0 -32 0 -32 3 0 0 -12
J B 142 1638 1 82 6913 72 0
J N 6 1663 0 3 1 0 0
K 0 0 43
K 0 0 54
A D 12 96 0
A P 1 220 0
J R 6 1741 32 2 2305 288 0
K 0 0 49
A D 12 96 1
A P 1 0 1
J R 6 1837 32 2 4609 288 0
K 0 0 49
A D 12 96 0
A P 1 0 0
J B 143 1922 1 82 6913 288 0
J R 9 2050 32 2 1 10000 0
K 0 0 46
A D 36 96 0
A P 1 0 0
J B 144 2210 1 82 6913 864 0
E *
L 192 0 0 271 271 * 0 16 0
J D 0 -96 48 1 6913 0 0
W 0 0 31 Obs
J C 4 6 48 2 6913 0 0
K 0 0 33
K 0 0 34
J K -1 66 0 1 6913 0 0
K 0 32 65
J D 0 -28 -16 1 6913 0 0
W 0 0 0 \01\03\06
J N 6 132 -8 4 1 0 1 133
K 0 0 43
K 0 -20 96
K 0 0 54
A D 4 32 0
A P 1 226 0
J M 0 92 0 0 6913 0 1 133
H 133 S 0 0 -16 0 -16 0 0 0
J N 5 202 16 2 2305 288 3 135 136 134
K 0 0 43
A D 2 32 0
A P 1 209 0
J M 0 234 0 0 3457 144 1 134
H 134 W 0 24 8 94 32 94
J N 5 250 24 3 3457 0 1 136
K -20 0 63
K 0 0 43
A D 2 32 0
A P 1 204 0
J N 5 285 16 2 4609 144 2 136 137
K 0 0 43
A D 2 32 0
A P 1 209 0
J N 5 320 32 2 5761 144 3 136 135 137
K 0 0 43
A D 2 32 0
A P 1 197 0
H 137 W 24 0 -8 94 16 94
H 136 B 51 1 109 4 22 11 11 33
H 135 S 12 0 0 0 0 0 0 0 0
J B 137 360 1 82 6913 144 0
J D 0 369 0 1 1 0 0
W 0 -24 32 zu 2
J N 6 385 48 6 1 0 0
K 0 0 43
K 0 16 43
K 0 51 108
K 0 16 59
K 0 0 53
A D 4 32 0
A P 1 186 0
A P 2 175 0
J R 6 455 32 2 2305 288 0
K 0 0 49
A D 4 32 0
A P 1 0 0
J N 6 539 48 6 4609 288 1 138
K 0 -40 43
K 0 0 43
K 0 -40 60
K 0 -8 60
K 0 0 52
A D 4 32 0
A P 1 215 0
A P 2 186 0
J B 138 614 1 82 6913 288 0
J N 6 643 40 8 1 0 1 138
K -17 -40 64
K 0 -40 43
K 0 0 43
K 0 -60 96
K 0 -40 60
K 0 -8 60
K 0 0 52
A D 4 32 0
A P 1 220 0
A P 2 192 0
H 138 S 0 0 -40 0 -56 0 0 0 0
J R 6 713 32 2 2305 288 0
K 0 0 49
A D 4 32 1
A P 1 0 1
J R 6 798 32 2 4609 288 0
K 0 0 49
A D 4 32 0
A P 1 0 0
J B 139 873 1 82 6913 288 0
J R 9 983 32 2 1 10000 0
K 0 0 46
A D 12 32 0
A P 3 0 0
J B 140 1126 1 82 6913 864 0
J R 9 1237 32 2 1 10000 0
K 0 0 46
A D 12 32 0
A P 3 0 0
J B 141 1380 1 82 6913 864 0
J R 9 1493 32 2 1 10000 0
K 0 0 46
A D 12 32 0
A P 3 0 0
J B 142 1638 1 82 6913 864 0
J R 9 1764 32 2 1 10000 0
K 0 0 46
A D 12 32 0
A P 3 0 0
J B 143 1922 1 82 6913 864 0
J R 9 2050 32 2 1 10000 0
K 0 0 46
A D 12 32 0
A P 3 0 0
J B 144 2210 1 82 6913 864 0
E *
L 384 0 0 271 271 * 0 16 0
J D 0 -87 48 1 6913 0 0
W 0 -24 31 Cls
J D 0 -87 48 1 6913 0 0
W 0 24 31 (C)
J C 4 6 48 2 6913 0 0
K 0 0 33
K 0 0 34
J K -1 66 0 1 6913 0 0
K 0 32 65
J D 0 -28 -16 1 6913 0 0
W 0 0 0 \01\03\06
J R 9 217 32 2 1 10000 0
K 0 0 46
A D 12 32 0
A P 3 0 0
J B 137 360 1 82 6913 864 0
J N 6 385 48 6 1 0 0
K 0 0 43
K 0 16 43
K 0 51 108
K 0 16 59
K 0 0 53
A D 4 32 0
A P 1 186 0
A P 2 175 0
J R 6 455 32 2 2305 288 0
K 0 0 49
A D 4 32 0
A P 1 0 0
J N 6 539 48 5 4609 288 1 100
K 0 0 43
K 0 16 43
K 0 16 59
K 0 0 53
A D 4 32 0
A P 1 186 0
A P 2 175 0
J B 138 614 1 82 6913 288 0
J N 6 643 40 6 1 0 1 100
K 0 0 43
K 0 16 43
K 0 36 96
K 0 16 59
K 0 0 53
A D 4 32 0
A P 1 192 0
A P 2 180 0
H 100 S 12 0 16 0 32 0 0 0 0
J M 0 709 0 0 2305 288 1 101
J N 5 713 24 2 2305 0 2 102 103
K 0 0 43
A D 2 32 0
A P 1 203 0
J R 6 713 64 2 2305 0 0
K 0 0 49
A D 4 32 1
A P 2 0 1
J M 0 744 0 0 3457 144 1 101
H 101 W 0 24 8 108 32 108
J N 5 762 32 3 3457 0 1 103
K -17 0 64
K 0 0 43
A D 2 32 0
A P 1 198 0
J M 0 797 0 0 4609 144 1 104
J N 5 798 24 2 4609 0 1 103
K 0 0 43
A D 2 32 0
A P 1 203 0
J R 6 798 64 2 4609 0 0
K 0 0 49
A D 4 32 0
A P 2 0 0
J N 5 833 40 2 5761 144 3 103 102 104
K 0 0 43
A D 2 32 0
A P 1 192 0
H 104 W 24 0 -8 108 16 108
H 103 B 61 1 109 4 22 11 11 33
H 102 S 0 7 -51 7 -63 0 0 0 0
J B 139 873 1 82 6913 144 0
J N 6 898 56 2 1 0 3 106 107 105
K 0 0 43
A D 4 32 0
A P 1 180 0
J N 6 898 56 2 1 0 2 108 109
K 0 0 43
A D 4 32 0
A P 2 180 0
J N 6 982 24 2 2305 288 1 107
K 0 0 43
A D 4 32 0
A P 1 203 0
J N 6 982 24 2 2305 0 1 109
K 0 0 43
A D 4 32 0
A P 2 203 0
J N 6 1051 8 3 4609 288 1 107
K -18 0 65
K 0 0 43
A D 4 32 0
A P 1 214 0
H 107 B 69 -5 109 3 2 1 3
J N 6 1051 24 2 4609 0 1 109
K 0 0 43
A D 4 32 0
A P 2 203 0
H 109 B -31 -4 109 3 2 1 3
J I 0 1087 0 0 5761 144 1 105
H 105 W 0 24 16 124 8 124
J B 140 1126 1 82 6913 144 0
J N 6 1151 16 3 1 0 1 106
K 0 0 43
K 0 0 51
A D 4 32 0
A P 1 209 0
H 106 S 0 7 -73 7 -48 0 0 0 0
J N 6 1151 32 3 1 0 1 108
K 0 0 43
K 0 0 54
A D 4 32 0
A P 2 197 0
H 108 S 12 4 47 -7 17 0 0 -10 -23
J R 6 1221 32 2 2305 288 0
K 0 0 49
A D 4 32 1
A P 1 0 1
J R 6 1307 32 2 4609 288 0
K 0 0 49
A D 4 32 0
A P 1 0 0
J B 141 1380 1 82 6913 288 0
J R 6 1409 32 2 1 0 0
K 0 0 49
A D 4 32 0
A P 1 0 0
J N 6 1477 40 5 2305 288 2 110 111
K 0 0 43
K 0 16 43
K 0 64 108
K 0 16 59
A D 4 32 0
A P 1 192 0
A P 2 180 0
J N 6 1557 32 4 4609 288 1 111
K 0 0 43
K 0 32 43
K 0 32 59
A D 4 32 0
A P 1 197 0
A P 2 175 0
H 111 B 56 -2 109 2 2 3
J B 142 1638 1 82 6913 288 0
J N 6 1663 40 5 1 0 1 110
K 0 0 43
K 0 16 43
K 0 16 59
K 0 0 53
A D 4 32 0
A P 1 192 0
A P 2 180 0
H 110 S 12 0 16 0 16 0 0 0 0
J R 6 1741 32 2 2305 288 0
K 0 0 49
A D 4 32 1
A P 1 0 1
J R 6 1837 32 2 4609 288 0
K 0 0 49
A D 4 32 0
A P 1 0 0
J B 143 1922 1 82 6913 288 0
J R 9 2050 32 2 1 10000 0
K 0 0 46
A D 12 32 0
A P 3 0 0
J B 144 2210 1 82 6913 864 0
E *
L 576 0 0 271 271 * 0 16 0
J D 0 -108 48 1 6913 0 0
W 0 0 31 Fags
J C 22 6 16 36 6913 0 0
J K -1 66 0 1 6913 0 0
K 0 48 65
J D 0 -28 -16 1 6913 0 0
W 0 0 0 \01\03\06
J N 6 132 -8 9 1 0 1 157
K 0 -8 45
K 0 -16 43
K 0 -8 45
K 1 -8 45
K 0 0 43
K 0 -36 96
K 0 -16 60
K 0 0 54
A D 4 32 0
A P 1 169 0
A P 2 157 0
J M 0 72 0 0 6913 0 1 157
H 157 T -24 0 0 0 0 0 1 0
J R 6 202 32 2 2305 288 0
K 0 0 49
A D 4 32 1
A P 1 0 1
J R 6 285 32 2 4609 288 0
K 0 0 49
A D 4 32 0
A P 1 0 0
J B 137 360 1 82 6913 288 0
J R 6 385 32 2 1 0 0
K 0 0 49
A D 4 32 1
A P 1 0 1
J R 6 455 32 2 2305 288 0
K 0 0 49
A D 4 32 0
A P 1 0 0
J N 6 539 -8 8 4609 288 1 158
K 0 -8 45
K 0 -8 43
K -1 -8 45
K 3 -8 45
K -21 0 43
K 0 -8 60
K 0 0 54
A D 4 32 2
A P 1 163 1
A P 2 157 0
J B 138 614 1 82 6913 288 0
J N 6 643 0 9 1 0 1 158
K 0 -16 45
K 0 -16 43
K -1 -16 45
K 3 -16 45
K 0 0 43
K 0 -36 96
K 0 -16 60
K 0 0 54
A D 4 32 0
A P 1 163 0
A P 2 152 0
H 158 T -16 0 0 0 0 0 5 0
J N 5 713 -16 5 2305 288 3 160 161 159
K 1 0 45
K 0 0 43
K -1 0 45
K 3 0 45
A D 2 32 0
A P 1 163 0
J R 6 713 32 2 2305 0 0
K 0 0 49
A D 4 32 1
A P 2 0 1
J M 0 744 0 0 3457 144 1 159
H 159 W 0 24 8 100 32 100
J N 5 762 -8 3 3457 0 1 161
K -17 0 64
K 0 0 43
A D 2 32 0
A P 1 158 0
J M 0 797 0 0 4609 144 1 162
J N 5 798 -16 5 4609 0 1 161
K 1 0 45
K 0 0 43
K -1 0 45
K 3 0 45
A D 2 32 0
A P 1 163 0
J R 6 798 32 2 4609 0 0
K 0 0 49
A D 4 32 0
A P 2 0 0
J N 5 833 0 2 5761 144 3 161 160 162
K 0 0 43
A D 2 32 0
A P 1 152 0
H 162 W 24 0 -8 100 16 100
H 161 B 51 1 109 4 22 11 11 33
H 160 S 0 7 -41 7 -53 0 0 0 0
J B 139 873 1 82 6913 144 0
J N 6 898 16 2 1 0 3 164 165 163
K 0 0 43
A D 4 32 0
A P 1 140 0
J R 6 898 48 2 1 0 0
K 0 0 49
A D 4 32 1
A P 2 0 1
J N 6 982 -40 6 2305 288 1 165
K 1 24 45
K 1 8 45
K 0 0 43
K 0 8 45
K 1 8 45
A D 4 32 0
A P 1 180 0
J R 6 982 48 2 2305 0 0
K 0 0 49
A D 4 32 0
A P 2 0 0
J M 0 1033 0 0 4609 288 1 163
H 163 W 0 24 8 104 48 104
J N 6 1051 -40 7 4609 0 1 165
K 1 24 45
K 1 8 45
K -20 0 63
K 0 0 43
K 0 8 45
K 1 8 45
A D 4 32 0
A P 1 181 0
H 165 B 80 -3 109 3 2 1 3
J N 6 1051 -16 6 4609 0 1 166
K 0 0 45
K 0 0 43
K -1 0 45
K 3 0 45
K 0 0 54
A D 4 32 0
A P 2 163 0
J B 140 1126 1 82 6913 288 0
J N 6 1151 -48 8 1 0 1 164
K 1 32 45
K 1 16 45
K 1 0 45
K 0 0 43
K -1 0 45
K 3 0 45
K 0 0 51
A D 4 32 0
A P 1 186 0
H 164 S 0 7 -81 2 -8 0 0 0 0
J N 6 1151 -24 7 1 0 1 166
K 0 8 45
K 0 0 43
K 0 8 45
K 1 8 45
K 0 0 60
K 0 0 54
A D 4 32 0
A P 2 169 0
H 166 S 12 0 0 -16 0 0 0 0 0
J R 6 1221 32 2 2305 288 0
K 0 0 49
A D 4 32 1
A P 1 0 1
J R 6 1307 32 2 4609 288 0
K 0 0 49
A D 4 32 0
A P 1 0 0
J B 141 1380 1 82 6913 288 0
J R 6 1409 32 2 1 0 0
K 0 0 49
A D 4 32 0
A P 1 0 0
J N 6 1477 0 8 2305 288 2 167 168
K 0 -16 45
K 0 -16 43
K -1 -16 45
K 3 -16 45
K 0 0 43
K 0 89 108
K 0 -16 60
A D 4 32 0
A P 1 163 0
A P 2 152 0
J N 6 1557 -8 7 4609 288 1 168
K 0 -8 45
K 0 -8 43
K -1 -8 45
K 3 -8 45
K -21 0 43
K 0 -8 60
A D 4 32 0
A P 1 163 0
A P 2 157 0
H 168 B -53 -2 109 2 2 3
J B 142 1638 1 82 6913 288 0
J N 6 1663 0 8 1 0 1 167
K 0 -16 45
K 0 -16 43
K -1 -16 45
K 3 -16 45
K 0 0 43
K 0 -16 60
K 0 0 54
A D 4 32 0
A P 1 163 0
A P 2 152 0
H 167 S 0 0 -16 0 -16 0 0 0 0
J R 6 1741 32 2 2305 288 0
K 0 0 49
A D 4 32 1
A P 1 0 1
J R 6 1837 32 2 4609 288 0
K 0 0 49
A D 4 32 0
A P 1 0 0
J B 143 1922 1 82 6913 288 0
J R 9 2050 32 2 1 10000 0
K 0 0 46
A D 12 32 0
A P 3 0 0
J B 144 2210 1 82 6913 864 0
E *
L 784 0 0 271 271 * 0 16 0
J D 0 -109 48 1 6913 0 0
W 0 -24 31 Cors
J D 0 -109 48 1 6913 0 0
W 0 24 31 (F)
J C 4 6 48 2 6913 0 0
K 0 0 33
K 0 0 34
J K 0 66 0 0 6913 0 0
J D 0 -28 -16 1 6913 0 0
W 0 0 0 \01\03\06
J R 9 217 32 2 1 10000 0
K 0 0 46
A D 12 32 0
A P 3 0 0
J B 137 360 1 82 6913 864 0
J N 6 385 48 6 1 0 0
K 0 -32 43
K 0 0 43
K 4 62 108
K 0 -32 60
K 0 0 52
A D 4 32 0
A P 1 209 0
A P 2 186 0
J R 6 455 32 2 2305 288 0
K 0 0 49
A D 4 32 0
A P 1 0 0
J N 6 539 48 5 4609 288 1 55
K 0 -32 43
K 0 0 43
K 0 -32 60
K 0 0 52
A D 4 32 0
A P 1 209 0
A P 2 186 0
J B 138 614 1 82 6913 288 0
J N 6 643 24 6 1 0 1 55
K 0 -16 43
K 0 0 43
K 0 -36 96
K 0 -16 60
K 0 0 54
A D 4 32 0
A P 1 215 0
A P 2 203 0
H 55 S 0 0 -32 0 -32 0 0 0 0
J R 6 713 32 2 2305 288 0
K 0 0 49
A D 4 32 1
A P 1 0 1
J R 6 798 32 2 4609 288 0
K 0 0 49
A D 4 32 0
A P 1 0 0
J B 139 873 1 82 6913 288 0
J R 9 983 32 2 1 10000 0
K 0 0 46
A D 12 32 0
A P 3 0 0
J B 140 1126 1 82 6913 864 0
J R 9 1237 32 2 1 10000 0
K 0 0 46
A D 12 32 0
A P 3 0 0
J B 141 1380 1 82 6913 864 0
J N 7 1409 24 8 1 0 0
K 0 0 43
K 0 40 43
K 0 75 108
K 0 40 59
K 0 8 59
K 0 0 59
K 0 -16 59
A D 8 32 0
A P 1 203 0
A P 2 175 0
J N 6 1557 16 5 4609 576 1 56
K 0 0 43
K 0 32 43
K 0 32 59
K 0 0 51
A D 4 32 0
A P 1 209 0
A P 2 186 0
J B 142 1638 1 82 6913 288 0
J N 6 1663 24 6 1 0 1 56
K 0 0 43
K 0 40 43
K 0 40 59
K 0 8 59
K 0 0 51
A D 4 32 0
A P 1 203 0
A P 2 175 0
H 56 S 12 0 32 0 40 0 0 0 0
J R 6 1741 32 2 2305 288 0
K 0 0 49
A D 4 32 1
A P 1 0 1
J R 6 1837 32 2 4609 288 0
K 0 0 49
A D 4 32 0
A P 1 0 0
J B 143 1922 1 82 6913 288 0
J R 9 2050 32 2 1 10000 0
K 0 0 46
A D 12 32 0
A P 3 0 0
J B 144 2210 1 82 6913 864 0
E *
L 976 0 0 271 271 * 0 16 0
J D 0 -87 48 1 6913 0 0
W 0 -24 31 Trs
J D 0 -87 48 1 6913 0 0
W 0 24 31 (C)
J C 4 6 48 2 6913 0 0
K 0 0 33
K 0 0 34
J K 0 66 0 0 6913 0 0
J D 0 -28 -16 1 6913 0 0
W 0 0 0 \01\03\06
J R 9 217 32 2 1 10000 0
K 0 0 46
A D 12 32 0
A P 3 0 0
J B 137 360 1 82 6913 864 0
J R 9 471 32 2 1 10000 0
K 0 0 46
A D 12 32 0
A P 3 0 0
J B 138 614 1 82 6913 864 0
J R 9 727 32 2 1 10000 0
K 0 0 46
A D 12 32 0
A P 3 0 0
J B 139 873 1 82 6913 864 0
J R 9 983 32 2 1 10000 0
K 0 0 46
A D 12 32 0
A P 3 0 0
J B 140 1126 1 82 6913 864 0
J R 9 1237 32 2 1 10000 0
K 0 0 46
A D 12 32 0
A P 3 0 0
J B 141 1380 1 82 6913 864 0
J R 9 1493 32 2 1 10000 0
K 0 0 46
A D 12 32 0
A P 3 0 0
J B 142 1638 1 82 6913 864 0
J R 9 1764 32 2 1 10000 0
K 0 0 46
A D 12 32 0
A P 3 0 0
J B 143 1922 1 82 6913 864 0
J R 9 2050 32 2 1 10000 0
K 0 0 46
A D 12 32 0
A P 3 0 0
J B 144 2210 1 82 6913 864 0
E *
L 1168 0 0 271 271 * 0 16 0
J D 0 -108 48 1 6913 0 0
W 0 -24 31 Tmp
J D 0 -108 48 1 6913 0 0
W 0 24 31 C,G
J C 22 6 16 36 6913 0 0
J K 0 66 0 0 6913 0 0
J D 0 -28 -16 1 6913 0 0
W 0 0 0 \01\03\06
J R 9 217 32 2 1 10000 0
K 0 0 46
A D 12 32 0
A P 1 0 0
J B 137 360 1 82 6913 864 0
J R 9 471 32 2 1 10000 0
K 0 0 46
A D 12 32 0
A P 1 0 0
J B 138 614 1 82 6913 864 0
J R 9 727 32 2 1 10000 0
K 0 0 46
A D 12 32 0
A P 1 0 0
J B 139 873 1 82 6913 864 0
J R 9 983 32 2 1 10000 0
K 0 0 46
A D 12 32 0
A P 1 0 0
J B 140 1126 1 82 6913 864 0
J R 9 1237 32 2 1 10000 0
K 0 0 46
A D 12 32 0
A P 1 0 0
J B 141 1380 1 82 6913 864 0
J R 9 1493 32 2 1 10000 0
K 0 0 46
A D 12 32 0
A P 1 0 0
J B 142 1638 1 82 6913 864 0
J R 9 1764 32 2 1 10000 0
K 0 0 46
A D 12 32 0
A P 1 0 0
J B 143 1922 1 82 6913 864 0
J R 9 2050 32 2 1 10000 0
K 0 0 46
A D 12 32 0
A P 1 0 0
J B 144 2210 1 82 6913 864 0
E *
L 1376 0 0 271 271 * 0 16 0
J D 0 -89 48 1 6913 0 0
W 0 0 31 V1
J C 4 6 48 2 6913 0 0
K 0 0 33
K 0 0 34
J K -1 66 0 1 6913 0 0
K 0 32 65
J D 0 -28 -16 1 6913 0 0
W 0 0 0 \01\03\06
J N 5 132 32 3 1 0 1 198
K 0 0 43
K 0 24 96
A D 6 96 0
A P 1 197 0
J N 5 167 48 3 1153 144 1 198
K 0 0 43
K 0 24 96
A D 6 96 0
A P 1 186 0
H 198 B 54 5 109 2 22 33
J N 5 202 16 2 2305 144 3 200 201 199
K 0 0 43
A D 6 96 0
A P 1 209 0
J M 0 234 0 0 3457 144 1 199
H 199 W 0 24 8 115 32 115
J N 5 250 24 3 3457 0 1 201
K -20 0 63
K 0 0 43
A D 6 96 0
A P 1 204 0
J N 5 285 16 2 4609 144 2 201 202
K 0 0 43
A D 6 96 0
A P 1 209 0
J N 5 320 32 2 5761 144 3 201 200 202
K 0 0 43
A D 6 96 0
A P 1 197 0
H 202 W 24 0 -8 115 16 115
H 201 B -65 1 109 4 22 11 11 33
H 200 S 0 0 0 0 0 0 0 0 0
J B 137 360 1 82 6913 144 0
J N 5 385 -24 6 1 0 1 203
K 0 8 45
K 0 0 43
K 0 8 45
K 1 8 45
K 0 -20 96
A D 6 96 0
A P 1 237 0
J N 5 420 -8 3 1153 144 1 203
K 0 0 43
K 0 -20 96
A D 6 96 0
A P 1 226 0
J N 5 455 8 3 2305 144 1 203
K 0 0 43
K 0 -20 96
A D 6 96 0
A P 1 215 0
J N 5 504 24 4 3457 144 1 203
K -17 0 64
K 0 0 43
K 0 -16 96
A D 6 96 0
A P 1 203 0
J N 5 539 32 3 4609 144 1 203
K 0 0 43
K 0 -24 96
A D 6 96 0
A P 1 197 0
J N 5 574 48 3 5761 144 1 203
K 0 0 43
K 0 -24 96
A D 6 96 0
A P 1 186 0
H 203 B -106 3 109 6 22 11 11 11 11 33
J B 138 614 1 82 6913 144 0
J N 5 643 40 2 1 0 1 204
K 0 0 43
A D 6 96 0
A P 1 192 0
J N 5 678 56 2 1153 144 1 204
K 0 0 43
A D 6 96 0
A P 1 180 0
H 204 B 46 5 109 2 22 33
J N 5 713 24 2 2305 144 3 206 207 205
K 0 0 43
A D 6 96 0
A P 1 203 0
J M 0 749 0 0 3457 144 1 205
H 205 W 0 24 8 126 32 126
J N 5 762 32 3 3457 0 1 207
K -17 0 64
K 0 0 43
A D 6 96 0
A P 1 198 0
J N 5 798 24 2 4609 144 2 207 208
K 0 0 43
A D 6 96 0
A P 1 203 0
J N 5 833 40 2 5761 144 3 207 206 208
K 0 0 43
A D 6 96 0
A P 1 192 0
H 208 W 24 0 -8 126 16 126
H 207 B -73 1 109 4 22 11 11 33
H 206 S 0 0 0 0 0 0 0 0 0
J B 139 873 1 82 6913 144 0
J N 6 898 56 2 1 0 2 210 209
K 0 0 43
A D 12 96 0
A P 1 180 0
J N 6 982 0 2 2305 288 2 211 210
K 0 0 43
A D 12 96 0
A P 1 220 0
J N 6 1051 0 3 4609 288 2 210 211
K -20 0 63
K 0 0 43
A D 12 96 0
A P 1 221 0
H 210 B -37 -5 109 3 2 1 3
H 211 S 0 0 0 0 0 0 0 0 0
J B 140 1126 1 82 6913 288 0
J N 5 1151 -8 2 1 0 2 212 213
K 0 0 43
A D 6 96 0
A P 1 226 0
J N 5 1186 -16 5 1153 144 1 213
K 0 0 45
K 0 0 43
K -1 0 45
K 3 0 45
A D 6 96 0
A P 1 232 0
J N 5 1221 -24 5 2305 144 1 213
K 0 8 45
K 0 0 43
K 0 8 45
K 1 8 45
A D 6 96 0
A P 1 237 0
J N 5 1256 -32 6 3457 144 1 213
K 0 16 45
K 0 0 45
K 0 0 43
K -1 0 45
K 3 0 45
A D 6 96 0
A P 1 243 0
J N 5 1307 -32 7 4609 144 1 213
K 0 16 45
K 0 0 45
K -20 0 63
K 0 0 43
K -1 0 45
K 3 0 45
A D 6 96 0
A P 1 244 0
J N 5 1341 -40 6 5761 144 3 213 212 209
K 0 24 45
K 0 8 45
K 0 0 43
K 0 8 45
K 1 8 45
A D 6 96 0
A P 1 249 0
H 209 W 0 24 8 112 8 112
H 213 B -60 -3 109 6 22 11 11 11 11 33
H 212 S 0 0 0 0 0 0 0 0 0
J B 141 1380 1 82 6913 144 0
J N 7 1409 0 6 1 0 1 214
K -17 0 64
K 0 0 43
K 0 89 108
K 0 0 60
K 0 24 60
A D 24 96 0
A P 1 220 0
J G 4 1465 -8 2 4609 576 1 215
K 0 0 171
A D 0 96 0
A P 1 226 0
J G 4 1488 0 2 4609 0 1 215
K 0 0 171
A D 0 96 0
A P 1 220 0
J G 4 1511 8 2 4609 0 1 215
K 0 0 171
A D 0 96 0
A P 1 215 0
J G 4 1534 0 2 4609 0 1 215
K 0 0 171
A D 0 96 0
A P 1 220 0
H 215 B 52 2 107 4 222 111 111 333
J N 5 1557 -8 3 4609 0 1 216
K 0 0 43
K 29 0 44
A D 9 96 0
A P 1 226 0
J N 4 1602 8 2 6337 216 2 216 214
K 0 0 43
A D 3 96 0
A P 1 215 0
H 216 B -71 4 109 2 22 533
H 214 S 0 0 -32 0 -32 3 0 0 -9
J B 142 1638 1 82 6913 72 0
J N 5 1663 0 4 1 0 1 217
K 0 0 43
K 27 -7 44
K 0 -20 96
A D 9 96 0
A P 1 220 0
J N 4 1710 -32 7 1729 216 1 217
K 0 16 45
K 0 0 45
K 0 0 43
K -1 0 45
K 3 0 45
K 0 -20 96
A D 3 96 0
A P 1 243 0
H 217 B -69 -4 109 2 22 533
J N 7 1741 -32 8 2305 72 1 218
K 0 16 45
K 0 0 45
K 0 0 43
K -1 0 45
K 3 0 45
K 0 0 60
K 0 32 60
A D 24 96 1
A P 1 243 1
J B 143 1922 1 82 6913 576 0
J N 5 1947 -32 8 1 0 2 219 218
K 0 16 45
K 0 0 45
K 0 0 43
K -1 0 45
K 3 0 45
K 27 -7 44
K 0 -20 96
A D 9 96 0
A P 1 243 0
H 218 T -32 0 0 0 0 0 5 0
J N 4 1984 -16 6 1729 216 1 219
K 0 0 45
K 0 0 43
K -1 0 45
K 3 0 45
K 0 -20 96
A D 3 96 0
A P 1 232 0
H 219 B -80 4 109 2 22 533
J N 7 2015 -16 7 2305 72 1 220
K 0 0 45
K 0 0 43
K -1 0 45
K 3 0 45
K 0 0 60
K 0 24 60
A D 24 96 1
A P 1 232 1
J B 144 2210 1 82 6913 576 0
J M 0 2210 0 0 6913 0 1 220
H 220 T -16 0 0 0 0 0 5 0
E *
L 1552 0 0 271 271 * 0 16 0
J D 0 -89 48 1 6913 0 0
W 0 0 31 V2
J C 4 6 48 2 6913 0 0
K 0 0 33
K 0 0 34
J K -1 66 0 1 6913 0 0
K 0 32 65
J D 0 -28 -16 1 6913 0 0
W 0 0 0 \01\03\06
J N 6 132 32 4 1 0 1 170
K 0 0 43
K 0 24 96
K 0 0 51
A D 12 96 0
A P 1 197 0
J M 0 92 0 0 6913 0 1 170
H 170 S 12 0 51 0 24 0 0 0
J R 6 202 32 2 2305 288 0
K 0 0 49
A D 12 96 1
A P 1 0 1
J R 6 285 32 2 4609 288 0
K 0 0 49
A D 12 96 0
A P 1 0 0
J B 137 360 1 82 6913 288 0
J N 6 385 48 3 1 0 0
K 0 0 43
K 0 0 53
A D 12 96 0
A P 1 186 0
J R 6 455 32 2 2305 288 0
K 0 0 49
A D 12 96 0
A P 1 0 0
J N 6 539 48 3 4609 288 1 171
K 0 0 43
K 0 0 53
A D 12 96 0
A P 1 186 0
J B 138 614 1 82 6913 288 0
J N 6 643 40 4 1 0 1 171
K 0 0 43
K 0 16 96
K 0 0 53
A D 12 96 0
A P 1 192 0
H 171 S 12 0 0 0 16 0 0 0 0
J R 6 713 32 2 2305 288 0
K 0 0 49
A D 12 96 1
A P 1 0 1
J R 6 798 32 2 4609 288 0
K 0 0 49
A D 12 96 0
A P 1 0 0
J B 139 873 1 82 6913 288 0
J N 5 898 80 6 1 0 2 173 172
K 1 0 45
K 0 0 43
K -1 0 45
K 3 0 45
K 0 20 96
A D 6 96 0
A P 1 163 0
J N 5 948 64 4 1153 144 1 173
K -18 0 65
K 0 0 43
K 0 20 96
A D 6 96 0
A P 1 174 0
J N 5 982 80 6 2305 144 1 173
K 1 0 45
K 0 0 43
K -1 0 45
K 3 0 45
K 0 20 96
A D 6 96 0
A P 1 163 0
J N 5 1017 64 3 3457 144 1 173
K 0 0 43
K 0 20 96
A D 6 96 0
A P 1 174 0
J N 5 1051 80 6 4609 144 1 173
K 1 0 45
K 0 0 43
K -1 0 45
K 3 0 45
K 0 20 96
A D 6 96 0
A P 1 163 0
J N 5 1087 64 3 5761 144 1 173
K 0 0 43
K 0 20 96
A D 6 96 0
A P 1 174 0
H 173 B 68 0 109 6 22 11 11 11 11 33
J B 140 1126 1 82 6913 144 0
J N 5 1151 72 3 1 0 1 174
K 0 0 43
K 0 20 96
A D 6 96 0
A P 1 169 0
J N 5 1186 40 2 1153 144 2 175 174
K 0 0 43
A D 6 96 0
A P 1 192 0
J N 5 1221 32 2 2305 144 1 174
K 0 0 43
A D 6 96 0
A P 1 197 0
J N 5 1256 24 2 3457 144 1 174
K 0 0 43
A D 6 96 0
A P 1 203 0
J N 5 1307 24 3 4609 144 1 174
K -20 0 63
K 0 0 43
A D 6 96 0
A P 1 204 0
J N 5 1341 16 2 5761 144 3 174 175 172
K 0 0 43
A D 6 96 0
A P 1 209 0
H 172 W 0 24 8 126 8 126
H 174 B 90 -3 109 6 22 11 11 11 11 33
H 175 S 12 0 0 0 0 0 0 0 0
J B 141 1380 1 82 6913 144 0
J N 5 1409 40 3 1 0 2 176 177
K 0 0 43
K 0 56 108
A D 6 96 0
A P 1 192 0
J N 5 1443 56 2 1153 144 1 177
K 0 0 43
A D 6 96 0
A P 1 180 0
J N 5 1477 80 5 2305 144 1 177
K 1 0 45
K 0 0 43
K -1 0 45
K 3 0 45
A D 6 96 0
A P 1 163 0
J N 5 1511 96 6 3457 144 1 177
K 1 -16 45
K 1 0 45
K 0 0 43
K -1 0 45
K 3 0 45
A D 6 96 0
A P 1 152 0
J N 5 1557 88 5 4609 144 1 177
K 1 -8 45
K 0 0 43
K 0 -8 45
K 1 -8 45
A D 6 96 0
A P 1 157 0
J N 5 1592 80 5 5761 144 2 177 176
K 1 0 45
K 0 0 43
K -1 0 45
K 3 0 45
A D 6 96 0
A P 1 163 0
H 177 B 60 3 109 6 22 11 11 11 11 33
H 176 S 12 0 0 0 16 2 0 0 0
J B 142 1638 1 82 6913 144 0
J N 6 1663 96 8 1 0 0
K 1 -16 45
K 1 0 45
K 0 0 43
K -1 0 45
K 3 0 45
K 0 0 59
K 0 -8 53
A D 12 96 0
A P 1 152 0
J R 5 1741 32 4 2305 288 0
K 0 16 49
K 4 0 50
K 28 -8 44
A D 9 96 0
A P 1 0 0
J N 4 1806 8 3 4033 216 1 178
K 0 0 43
K 0 -20 96
A D 3 96 0
A P 1 215 0
J N 5 1837 0 4 4609 72 1 178
K 0 0 43
K 27 -7 44
K 0 -20 96
A D 9 96 0
A P 1 220 0
J N 4 1886 -8 3 6337 216 1 178
K 0 0 43
K 0 -20 96
A D 3 96 0
A P 1 226 0
H 178 B -60 -2 109 3 422 11 533
J B 143 1922 1 82 6913 72 0
J N 6 1947 0 4 1 0 0
K 0 0 43
K 0 -20 96
K 0 0 54
A D 12 96 0
A P 1 220 0
J R 5 2015 32 4 2305 288 0
K 0 16 49
K 4 0 50
K 28 -8 44
A D 9 96 0
A P 1 0 0
J N 4 2080 8 3 4033 216 1 179
K 0 0 43
K 0 -20 96
A D 3 96 0
A P 1 215 0
J N 5 2111 0 4 4609 72 1 179
K 0 0 43
K 27 -7 44
K 0 -20 96
A D 9 96 0
A P 1 220 0
J N 4 2174 -8 3 6337 216 1 179
K 0 0 43
K 0 -20 96
A D 3 96 0
A P 1 226 0
H 179 B -61 -2 109 3 422 11 533
J B 144 2210 1 82 6913 72 0
E *
L 1728 0 0 271 271 * 0 16 0
J D 0 -91 48 1 6913 0 0
W 0 0 31 Vla
J C 13 6 32 35 6913 0 0
J K -1 66 0 1 6913 0 0
K 0 40 65
J D 0 -28 -16 1 6913 0 0
W 0 0 0 \01\03\06
J R 6 132 32 2 1 0 0
K 0 0 49
A D 12 96 0
A P 3 0 0
J N 6 202 40 3 2305 288 1 125
K 0 0 43
K 0 16 96
A D 12 96 0
A P 3 157 0
J N 6 285 56 3 4609 288 1 125
K 0 0 43
K 0 20 96
A D 12 96 0
A P 3 146 0
H 125 B 48 2 109 2 2 3
J B 137 360 1 82 6913 288 0
J N 6 385 32 3 1 0 1 126
K 0 0 43
K 0 24 96
A D 12 96 0
A P 3 163 0
J N 6 455 88 6 2305 288 1 126
K 1 -8 45
K 0 0 43
K 0 -8 45
K 1 -8 45
K 0 20 96
A D 12 96 0
A P 3 123 0
H 126 B 55 9 109 2 2 3
J R 6 539 32 2 4609 288 0
K 0 0 49
A D 12 96 0
A P 3 0 0
J B 138 614 1 82 6913 288 0
J R 6 643 32 2 1 0 0
K 0 0 49
A D 12 96 0
A P 3 0 0
J N 6 713 8 3 2305 288 1 127
K 0 0 43
K 0 -20 96
A D 12 96 0
A P 3 180 0
J N 6 798 32 3 4609 288 1 127
K 0 0 43
K 0 -24 96
A D 12 96 0
A P 3 163 0
H 127 B -61 5 109 2 2 3
J B 139 873 1 82 6913 288 0
J N 6 898 48 2 1 0 2 129 128
K 0 0 43
A D 12 96 0
A P 3 152 0
J N 6 982 48 2 2305 288 1 129
K 0 0 43
A D 12 96 0
A P 3 152 0
J N 6 1051 48 2 4609 288 1 129
K 0 0 43
A D 12 96 0
A P 3 152 0
H 129 B 52 0 109 3 2 1 3
J B 140 1126 1 82 6913 288 0
J N 7 1151 40 4 1 0 1 128
K 0 0 43
K 0 0 59
K 0 -24 59
A D 24 96 0
A P 3 157 0
H 128 W 0 24 8 92 8 92
J R 6 1307 32 2 4609 576 0
K 0 0 49
A D 12 96 0
A P 3 0 0
J B 141 1380 1 82 6913 288 0
J R 6 1409 32 2 1 0 0
K 0 0 49
A D 12 96 0
A P 3 0 0
J N 6 1477 32 4 2305 288 1 130
K 0 0 43
K 0 24 96
K 0 59 108
A D 12 96 0
A P 3 163 0
J N 6 1557 88 6 4609 288 1 130
K 1 -8 45
K 0 0 43
K 0 -8 45
K 1 -8 45
K 0 20 96
A D 12 96 0
A P 3 123 0
H 130 B 55 8 109 2 2 3
J B 142 1638 1 82 6913 288 0
J N 6 1663 64 3 1 0 0
K 0 0 43
K 0 0 53
A D 12 96 0
A P 3 140 0
J R 5 1741 32 4 2305 288 0
K 0 16 49
K 4 0 50
K 28 -8 44
A D 9 96 0
A P 3 0 0
J N 4 1806 0 3 4033 216 1 131
K 0 0 43
K 0 -20 96
A D 3 96 0
A P 3 186 0
J N 5 1837 -8 4 4609 72 1 131
K 0 0 43
K 29 0 44
K 0 -20 96
A D 9 96 0
A P 3 192 0
J N 4 1886 -16 6 6337 216 1 131
K 0 0 45
K 0 0 43
K -1 0 45
K 3 0 45
K 0 -20 96
A D 3 96 0
A P 3 197 0
H 131 B -68 -2 109 3 422 11 533
J B 143 1922 1 82 6913 72 0
J N 6 1947 -8 4 1 0 0
K 0 0 43
K 0 -20 96
K 0 0 54
A D 12 96 0
A P 3 192 0
J R 5 2015 32 4 2305 288 0
K 0 16 49
K 4 0 50
K 28 -8 44
A D 9 96 0
A P 3 0 0
J N 4 2080 -24 7 4033 216 1 132
K 0 8 45
K -20 0 63
K 0 0 43
K 0 8 45
K 1 8 45
K 0 -20 96
A D 3 96 0
A P 3 204 0
J N 5 2111 -32 8 4609 72 1 132
K 0 16 45
K 0 0 45
K 0 0 43
K -1 0 45
K 3 0 45
K 27 -7 44
K 0 -20 96
A D 9 96 0
A P 3 209 0
J N 4 2174 -40 7 6337 216 1 132
K 0 24 45
K 0 8 45
K 0 0 43
K 0 8 45
K 1 8 45
K 0 -20 96
A D 3 96 0
A P 3 215 0
H 132 B -77 -1 109 3 422 11 533
J B 144 2210 1 82 6913 72 0
E *
L 1904 0 0 271 271 * 0 16 0
J D 0 -79 48 1 6913 0 0
W 0 -24 31 Vc
J D 0 -79 48 1 6913 0 0
W 0 24 31 Cb
J C 22 6 16 36 6913 0 0
J K -1 66 0 1 6913 0 0
K 0 48 65
J D 0 -28 -16 1 6913 0 0
W 0 0 0 \01\03\06
J N 6 132 8 3 1 0 1 127
K 0 0 43
K 0 16 96
A D 4 32 0
A P 3 146 0
J N 6 202 64 3 2305 288 1 127
K 0 0 43
K 0 20 96
A D 4 32 0
A P 3 106 0
H 127 B 47 11 109 2 2 3
J R 6 285 32 2 4609 288 0
K 0 0 49
A D 4 32 0
A P 3 0 0
J B 137 360 1 82 6913 288 0
J R 6 385 32 2 1 0 0
K 0 0 49
A D 4 32 0
A P 3 0 0
J N 6 455 24 3 2305 288 1 128
K 0 0 43
K 0 -16 96
A D 4 32 0
A P 3 135 0
J N 6 539 40 3 4609 288 1 128
K 0 0 43
K 0 -16 96
A D 4 32 0
A P 3 123 0
H 128 B -55 3 109 2 2 3
J B 138 614 1 82 6913 288 0
J N 6 643 16 4 1 0 1 129
K -17 0 64
K 0 0 43
K 0 24 96
A D 4 32 0
A P 3 140 0
J N 6 713 72 3 2305 288 1 129
K 0 0 43
K 0 20 96
A D 4 32 0
A P 3 100 0
H 129 B 47 11 109 2 2 3
J R 6 798 32 2 4609 288 0
K 0 0 49
A D 4 32 0
A P 3 0 0
J B 139 873 1 82 6913 288 0
J N 6 898 56 2 1 0 2 131 130
K 0 0 43
A D 4 32 0
A P 3 112 0
J N 6 982 0 2 2305 288 1 131
K 0 0 43
A D 4 32 0
A P 3 152 0
J N 6 1051 0 2 4609 288 1 131
K 0 0 43
A D 4 32 0
A P 3 152 0
H 131 B -47 -5 109 3 2 1 3
J B 140 1126 1 82 6913 288 0
J N 7 1151 -8 4 1 0 1 130
K 0 0 43
K 0 0 60
K 0 24 60
A D 8 32 0
A P 3 157 0
H 130 W 0 24 8 124 8 124
J R 6 1307 32 2 4609 576 0
K 0 0 49
A D 4 32 0
A P 3 0 0
J B 141 1380 1 82 6913 288 0
J R 6 1409 32 2 1 0 0
K 0 0 49
A D 4 32 0
A P 3 0 0
J N 6 1477 -16 7 2305 288 1 132
K 0 0 45
K 0 0 43
K -1 0 45
K 3 0 45
K 0 -20 96
K 0 116 108
A D 4 32 0
A P 3 163 0
J N 6 1557 40 3 4609 288 1 132
K 0 0 43
K 0 -16 96
A D 4 32 0
A P 3 123 0
H 132 B -81 8 109 2 2 3
J B 142 1638 1 82 6913 288 0
J N 6 1663 16 3 1 0 0
K 0 0 43
K 0 0 54
A D 4 32 0
A P 3 140 0
J R 5 1741 16 4 2305 288 0
K 0 16 49
K 4 0 50
K 26 -7 44
A D 3 32 0
A P 1 0 0
J D 0 1793 0 1 4033 216 0
W 0 -48 32 Vc.
J N 4 1806 -8 3 4033 0 1 133
K 0 0 43
K 0 -20 96
A D 1 32 0
A P 1 157 0
J N 5 1837 0 4 4609 72 1 133
K 0 0 43
K 27 7 44
K 0 -20 96
A D 3 32 0
A P 1 152 0
J N 4 1886 24 3 6337 216 1 133
K 0 0 43
K 0 -16 96
A D 1 32 0
A P 1 135 0
H 133 B -84 8 109 3 422 11 533
J B 143 1922 1 82 6913 72 0
J N 6 1947 16 4 1 0 0
K 0 0 43
K 0 -24 96
K 0 0 54
A D 4 32 0
A P 1 140 0
J R 5 2015 16 4 2305 288 0
K 0 16 49
K 4 0 50
K 28 -8 44
A D 3 32 0
A P 1 0 0
J N 4 2080 -48 8 4033 216 1 134
K 0 32 45
K 0 16 45
K 0 0 45
K 0 0 43
K -1 0 45
K 3 0 45
K 0 -20 96
A D 1 32 0
A P 1 186 0
J N 5 2111 -40 8 4609 72 1 134
K 0 24 45
K 0 8 45
K 0 0 43
K 0 8 45
K 1 8 45
K 29 0 44
K 0 -20 96
A D 3 32 0
A P 1 180 0
J N 4 2174 -16 7 6337 216 1 134
K 0 0 45
K -20 0 63
K 0 0 43
K -1 0 45
K 3 0 45
K 0 -20 96
A D 1 32 0
A P 1 164 0
H 134 B -96 1 109 3 422 11 533
J B 144 2210 1 82 6913 72 0
E *
B 1 360 0
B 1 614 0
B 1 873 0
B 1 1126 0
B 1 1380 0
B 1 1638 0
B 1 1922 0
B 1 2210 0
