@ SYSTEM: Beethoven: Symphony No. 3 -- Marcia funebre.
S 0 200 140 2050 1608 12 "[....][{..}.](.)[{..}..]"
@ LINE: 1 Flutes
L 0 0 0 339 339 * 0 14 0
J D 0 -108 42 1 6913 0 0
W 0 0 31 Fl 1-2
J C 4 5 42 2 6913 0 0
K 0 0 33
K 0 0 34
J K -3 57 0 3 6913 0 0
K 0 28 65
K 13 7 65
K 26 35 65
J D 0 -27 -14 1 6913 0 0
W 0 0 37 \01\07\06
J R 5 139 -28 3 1 0 0
K 0 14 49
K 4 0 50
A D 4 96 0
A P 1 0 0
J R 6 139 42 2 1 0 0
K 0 0 49
A D 12 96 0
A P 2 0 0
J N 5 179 -7 2 577 96 1 188
K 0 0 43
A D 4 96 0
A P 1 226 0
J N 5 217 -7 2 1153 96 1 188
K 0 0 43
A D 4 96 0
A P 1 226 0
H 188 B 45 0 108 2 22 33
J R 5 262 -49 3 1729 96 0
K 0 14 49
K 4 0 50
A D 4 96 0
A P 1 0 0
J N 7 262 0 7 1729 0 1 189
K -18 0 63
K 0 0 43
K 0 95 111
K 12 95 110
K 0 0 60
K 0 21 60
A D 24 96 0
A P 2 221 0
J N 5 302 -42 8 2305 96 1 190
K 1 28 45
K 1 14 45
K 1 0 45
K 0 0 43
K -1 0 45
K 2 0 45
K 0 -46 93
A D 4 96 0
A P 1 254 0
J N 5 340 -42 7 2881 96 1 190
K 1 28 45
K 1 14 45
K 1 0 45
K 0 0 43
K -1 0 45
K 2 0 45
A D 4 96 0
A P 1 254 0
H 190 B 40 0 108 2 22 33
J R 5 391 -28 3 3457 96 0
K 0 14 49
K 4 0 50
A D 4 96 0
A P 1 0 0
J N 5 431 -7 2 4033 96 1 191
K 0 0 43
A D 4 96 0
A P 1 226 0
J N 5 469 -7 2 4609 96 1 191
K 0 0 43
A D 4 96 0
A P 1 226 0
H 191 B 45 0 108 2 22 33
J R 5 507 -49 3 5185 96 0
K 0 14 49
K 4 0 50
A D 4 96 0
A P 1 0 0
J N 6 507 -7 3 5185 0 1 189
K 0 0 43
K 0 0 54
A D 12 96 0
A P 2 226 0
H 189 S 12 5 49 -6 49 0 0 -10 -34
J N 5 547 -56 9 5761 96 1 192
K 1 42 45
K 1 28 45
K 1 14 45
K 1 0 45
K 0 0 43
K -1 0 45
K 2 0 45
K 0 -46 93
A D 4 96 0
A P 1 266 0
J N 5 585 -56 8 6337 96 1 192
K 1 42 45
K 1 28 45
K 1 14 45
K 1 0 45
K 0 0 43
K -1 0 45
K 2 0 45
A D 4 96 0
A P 1 266 0
H 192 B 40 0 108 2 22 33
J B 177 625 1 82 6913 96 0
J R 5 648 28 3 1 0 0
K 0 14 49
K 4 0 50
A D 4 96 0
A P 1 0 0
J D 0 674 0 1 577 96 0
W 0 -28 32 1.
J N 5 688 0 2 577 0 1 193
K 0 0 43
A D 4 96 0
A P 1 220 0
J N 5 726 0 2 1153 96 1 193
K 0 0 43
A D 4 96 0
A P 1 220 0
H 193 B -46 0 108 2 22 33
J R 5 764 28 3 1729 96 0
K 0 14 49
K 4 0 50
A D 4 96 0
A P 1 0 0
J N 5 803 -35 7 2305 96 1 194
K 0 21 45
K 0 7 45
K 0 0 43
K 0 7 45
K 1 7 45
K 0 -17 93
A D 4 96 0
A P 1 249 0
J N 5 840 -35 6 2881 96 1 194
K 0 21 45
K 0 7 45
K 0 0 43
K 0 7 45
K 1 7 45
A D 4 96 0
A P 1 249 0
H 194 B -63 0 108 2 22 33
J R 5 875 28 3 3457 96 0
K 0 14 49
K 4 0 50
A D 4 96 0
A P 1 0 0
J N 5 916 -21 6 4033 96 1 195
K 0 7 45
K -14 0 64
K 0 0 43
K 0 7 45
K 1 7 45
A D 4 96 0
A P 1 238 0
J N 5 953 -21 5 4609 96 1 195
K 0 7 45
K 0 0 43
K 0 7 45
K 1 7 45
A D 4 96 0
A P 1 238 0
H 195 B -50 0 108 2 22 33
J R 5 988 28 3 5185 96 0
K 0 14 49
K 4 0 50
A D 4 96 0
A P 1 0 0
J N 5 1027 -49 8 5761 96 1 196
K 0 35 45
K 0 21 45
K 0 7 45
K 0 0 43
K 0 7 45
K 1 7 45
K 0 -17 93
A D 4 96 0
A P 1 260 0
J N 5 1064 -49 7 6337 96 1 196
K 0 35 45
K 0 21 45
K 0 7 45
K 0 0 43
K 0 7 45
K 1 7 45
A D 4 96 0
A P 1 260 0
H 196 B -77 0 108 2 22 33
J B 178 1100 1 82 6913 96 0
J R 5 1123 28 3 1 0 0
K 0 14 49
K 4 0 50
A D 4 96 0
A P 1 0 0
J D 0 1164 0 1 577 96 0
W 0 91 36 cresc.
J N 5 1164 -35 6 577 0 1 197
K 0 21 45
K 0 7 45
K 0 0 43
K 0 7 45
K 1 7 45
A D 4 96 0
A P 1 249 0
J N 5 1201 -35 6 1153 96 1 197
K 0 21 45
K 0 7 45
K 0 0 43
K 0 7 45
K 1 7 45
A D 4 96 0
A P 1 249 0
H 197 B -63 0 108 2 22 33
J R 5 1238 28 3 1729 96 0
K 0 14 49
K 4 0 50
A D 4 96 0
A P 1 0 0
J N 5 1277 -49 7 2305 96 1 198
K 0 35 45
K 0 21 45
K 0 7 45
K 0 0 43
K 0 7 45
K 1 7 45
A D 4 96 0
A P 1 260 0
J N 5 1314 -49 7 2881 96 1 198
K 0 35 45
K 0 21 45
K 0 7 45
K 0 0 43
K 0 7 45
K 1 7 45
A D 4 96 0
A P 1 260 0
H 198 B -77 0 108 2 22 33
J R 5 1349 28 3 3457 96 0
K 0 14 49
K 4 0 50
A D 4 96 0
A P 1 0 0
J N 5 1388 -49 7 4033 96 1 199
K 0 35 45
K 0 21 45
K 0 7 45
K 0 0 43
K 0 7 45
K 1 7 45
A D 4 96 0
A P 1 260 0
J N 5 1425 -49 7 4609 96 1 199
K 0 35 45
K 0 21 45
K 0 7 45
K 0 0 43
K 0 7 45
K 1 7 45
A D 4 96 0
A P 1 260 0
H 199 B -77 0 108 2 22 33
J R 5 1462 28 3 5185 96 0
K 0 14 49
K 4 0 50
A D 4 96 0
A P 1 0 0
J N 5 1501 -49 7 5761 96 1 200
K 0 35 45
K 0 21 45
K 0 7 45
K 0 0 43
K 0 7 45
K 1 7 45
A D 4 96 0
A P 1 260 0
J N 5 1538 -49 7 6337 96 1 200
K 0 35 45
K 0 21 45
K 0 7 45
K 0 0 43
K 0 7 45
K 1 7 45
A D 4 96 0
A P 1 260 0
H 200 B -77 0 108 2 22 33
J B 179 1577 1 82 6913 96 0
J R 5 1601 28 3 1 0 0
K 0 14 49
K 4 0 50
A D 4 96 0
A P 1 0 0
J D 0 1619 0 1 577 96 0
W 0 91 36 decresc.
J N 5 1640 -63 8 577 0 1 201
K 0 49 45
K 0 35 45
K 0 21 45
K 0 7 45
K 0 0 43
K 0 7 45
K 1 7 45
A D 4 96 0
A P 1 271 0
J N 5 1677 -63 8 1153 96 1 201
K 0 49 45
K 0 35 45
K 0 21 45
K 0 7 45
K 0 0 43
K 0 7 45
K 1 7 45
A D 4 96 0
A P 1 271 0
H 201 B -91 0 108 2 22 33
J R 5 1714 28 3 1729 96 0
K 0 14 49
K 4 0 50
A D 4 96 0
A P 1 0 0
J N 5 1753 -49 7 2305 96 1 202
K 0 35 45
K 0 21 45
K 0 7 45
K 0 0 43
K 0 7 45
K 1 7 45
A D 4 96 0
A P 1 260 0
J N 5 1790 -49 7 2881 96 1 202
K 0 35 45
K 0 21 45
K 0 7 45
K 0 0 43
K 0 7 45
K 1 7 45
A D 4 96 0
A P 1 260 0
H 202 B -77 0 108 2 22 33
J R 5 1825 28 3 3457 96 0
K 0 14 49
K 4 0 50
A D 4 96 0
A P 1 0 0
J N 5 1864 -42 7 4033 96 1 203
K 0 28 45
K 0 14 45
K 0 0 45
K 0 0 43
K -1 0 45
K 2 0 45
A D 4 96 0
A P 1 254 0
J N 5 1901 -42 7 4609 96 1 203
K 0 28 45
K 0 14 45
K 0 0 45
K 0 0 43
K -1 0 45
K 2 0 45
A D 4 96 0
A P 1 254 0
H 203 B -70 0 108 2 22 33
J R 5 1938 28 3 5185 96 0
K 0 14 49
K 4 0 50
A D 4 96 0
A P 1 0 0
J N 5 1977 -35 6 5761 96 1 204
K 0 21 45
K 0 7 45
K 0 0 43
K 0 7 45
K 1 7 45
A D 4 96 0
A P 1 249 0
J N 5 2014 -35 6 6337 96 1 204
K 0 21 45
K 0 7 45
K 0 0 43
K 0 7 45
K 1 7 45
A D 4 96 0
A P 1 249 0
H 204 B -63 0 108 2 22 33
J B 180 2050 1 82 6913 96 0
E *
@ LINE: 2 Oboes
L 132 0 0 339 339 * 0 14 0
J D 0 -119 42 1 6913 0 0
W 0 0 31 Ob 1-2
J C 4 5 42 2 6913 0 0
K 0 0 33
K 0 0 34
J K -3 57 0 3 6913 0 0
K 0 28 65
K 13 7 65
K 26 35 65
J D 0 -27 -14 1 6913 0 0
W 0 0 0 \01\07\06
J N 7 139 7 4 1 0 1 172
K 0 0 43
K 0 0 59
K 0 -14 59
A D 24 96 0
A P 1 214 0
J R 6 139 56 2 1 0 0
K 0 0 49
A D 12 96 0
A P 2 0 0
J N 7 262 49 7 1729 288 1 173
K -18 0 63
K 0 0 43
K 0 63 111
K 12 63 110
K 0 0 60
K 0 14 60
A D 24 96 0
A P 2 181 0
J N 6 391 14 3 3457 288 1 172
K 0 0 43
K 0 0 51
A D 12 96 0
A P 1 209 0
H 172 S 0 17 -35 6 -35 0 0 -5 28
J R 6 507 14 2 5185 288 0
K 0 0 49
A D 12 96 0
A P 1 0 0
J N 6 507 42 3 5185 0 1 173
K 0 0 43
K 0 0 52
A D 12 96 0
A P 2 186 0
H 173 S 12 5 35 -6 35 0 0 -7 -27
J B 177 625 1 82 6913 288 0
J N 7 648 14 4 1 0 0
K 0 0 43
K 0 0 59
K 0 -14 59
A D 24 96 0
A P 1 209 0
J R 9 848 70 2 1 0 0
K 0 0 46
A D 48 96 0
A P 2 0 0
J N 5 875 14 3 3457 576 2 174 175
K 0 0 43
K 24 -6 44
A D 9 96 0
A P 1 209 0
J N 4 960 7 2 4753 216 1 175
K 0 0 43
A D 3 96 0
A P 1 214 0
J N 5 988 0 3 5185 72 1 175
K 0 0 43
K 24 -6 44
A D 9 96 0
A P 1 220 0
J N 4 1067 -7 2 6481 216 2 175 174
K 0 0 43
A D 3 96 0
A P 1 226 0
H 175 B 70 -1 108 4 22 511 11 533
H 174 S 0 6 -55 6 -46 0 0 0 0
J B 178 1100 1 82 6913 72 0
J N 8 1123 -14 7 1 0 1 176
K 1 0 45
K 0 0 42
K -1 0 45
K 2 0 45
K 0 0 59
K 0 -7 59
A D 48 96 1
A P 1 231 1
J R 7 1123 49 2 1 0 0
K 0 0 48
A D 24 96 0
A P 2 0 0
J D 0 1321 0 1 3457 576 0
W 0 91 36 cresc.
J N 7 1349 0 4 3457 0 1 177
K 0 0 43
K 0 0 60
K 0 21 60
A D 24 96 1
A P 2 220 1
J B 179 1577 1 82 6913 576 0
J D 0 1629 0 1 1 0 0
W 0 102 36 decresc.
J N 6 1601 0 7 1 0 4 178 179 176 177
K 0 -14 45
K 0 -14 43
K -1 -14 45
K 2 -14 45
K 0 0 43
K 0 -14 60
A D 12 96 0
A P 1 231 0
A P 2 220 0
H 176 T -14 0 0 0 0 0 7 0
H 177 T 0 0 0 0 0 0 15 0
J N 6 1714 28 4 1729 288 1 179
K 0 -28 43
K 0 0 43
K 0 -28 60
A D 12 96 0
A P 1 220 0
A P 2 197 0
J N 6 1825 28 4 3457 288 1 179
K 0 -21 43
K 0 0 43
K 0 -21 60
A D 12 96 0
A P 1 214 0
A P 2 197 0
J N 6 1938 28 4 5185 288 2 179 178
K 0 -14 43
K 0 0 43
K 0 -14 60
A D 12 96 0
A P 1 209 0
A P 2 197 0
H 179 B -70 0 108 4 2 1 1 3
H 178 S 0 0 -14 0 -14 0 0 0 0
J B 180 2050 1 82 6913 288 0
E *
@ LINE: 3 Clarinets
L 264 0 0 339 339 * 0 14 0
J D 0 -110 42 1 6913 0 0
W 0 -21 31 Cl 1-2
J D 0 -110 42 1 6913 0 0
W 0 21 31 (B\0.)
J C 4 5 42 2 6913 0 0
K 0 0 33
K 0 0 34
J K -1 57 0 1 6913 0 0
K 0 28 65
J D 0 -27 -14 1 6913 0 0
W 0 0 0 \01\07\06
J N 7 139 49 4 1 0 1 122
K 0 0 43
K 0 0 59
K 0 -21 59
A D 8 32 0
A P 1 180 0
J N 6 391 56 3 3457 576 1 122
K 0 0 43
K 0 0 53
A D 4 32 0
A P 1 175 0
H 122 S 12 0 0 0 0 0 0 0 0
J R 6 507 28 2 5185 288 0
K 0 0 49
A D 4 32 0
A P 1 0 0
J B 177 625 1 82 6913 288 0
J N 7 648 56 4 1 0 0
K 0 0 43
K 0 0 59
K 0 -21 59
A D 8 32 0
A P 1 175 0
J N 5 875 56 3 3457 576 2 123 124
K 0 0 43
K 24 -6 44
A D 3 32 0
A P 1 175 0
J N 4 960 49 2 4753 216 1 124
K 0 0 43
A D 1 32 0
A P 1 180 0
J N 5 988 42 3 5185 72 1 124
K 0 0 43
K 24 -6 44
A D 3 32 0
A P 1 186 0
J N 4 1067 35 2 6481 216 2 124 123
K 0 0 43
A D 1 32 0
A P 1 192 0
H 124 B 69 -2 108 4 22 511 11 533
H 123 S 12 0 0 0 0 0 0 0 0
J B 178 1100 1 82 6913 72 0
J N 8 1123 28 4 1 0 1 125
K 0 0 42
K 0 0 59
K 0 -14 59
A D 16 32 1
A P 1 197 1
J R 7 1123 70 2 1 0 0
K 0 0 48
A D 8 32 0
A P 2 0 0
J D 0 1328 0 1 3457 576 0
W 0 112 36 cresc.
J N 7 1349 42 4 3457 0 1 126
K 0 0 43
K 0 0 60
K 0 14 60
A D 8 32 1
A P 2 186 1
J B 179 1577 1 82 6913 576 0
J D 0 1629 0 1 1 0 0
W 0 112 36 decresc.
J N 6 1601 28 5 1 0 2 125 126
K 0 0 43
K 0 14 43
K 0 14 59
K 0 0 51
A D 4 32 0
A P 1 197 0
A P 2 186 0
H 125 T 28 0 0 0 0 0 7 0
H 126 T 42 0 0 0 0 0 13 0
J N 6 1714 28 4 1729 288 2 127 128
K 0 0 43
K 0 14 43
K 0 14 59
A D 4 32 0
A P 1 197 0
A P 2 186 0
J N 6 1825 35 4 3457 288 1 128
K 0 0 43
K 0 14 43
K 0 14 59
A D 4 32 0
A P 1 192 0
A P 2 180 0
J N 6 1938 42 4 5185 288 2 128 127
K 0 0 43
K 0 14 43
K 0 14 59
A D 4 32 0
A P 1 186 0
A P 2 175 0
H 128 B 46 2 108 3 2 1 3
H 127 S 12 0 14 0 14 0 0 0 0
J B 180 2050 1 82 6913 288 0
E *
@ LINE: 4 Bassoons
L 396 0 0 339 339 * 0 14 0
J D 0 -130 42 1 6913 0 0
W 0 0 31 Fag 1-2
J C 22 5 14 36 6913 0 0
J K -3 57 0 3 6913 0 0
K 0 42 65
K 13 21 65
K 26 49 65
J D 0 -27 -14 1 6913 0 0
W 0 0 0 \01\07\06
J N 6 139 7 2 1 0 2 165 166
K 0 0 43
A D 4 32 0
A P 1 146 0
J R 6 139 42 2 1 0 0
K 0 0 49
A D 4 32 0
A P 2 0 0
J N 6 262 -28 7 1729 288 1 166
K 1 14 45
K 1 0 45
K 0 0 43
K -1 0 45
K 2 0 45
K 0 -64 93
A D 4 32 0
A P 1 174 0
J N 5 262 -14 6 1729 0 1 167
K 0 0 45
K 0 0 43
K -1 0 45
K 2 0 45
K 24 6 44
A D 3 32 0
A P 2 163 0
J N 4 347 -14 5 3025 216 1 167
K 0 0 45
K 0 0 43
K -1 0 45
K 2 0 45
A D 1 32 0
A P 2 163 0
H 167 B -57 0 108 2 22 533
J N 6 391 7 2 3457 72 1 166
K 0 0 43
A D 4 32 0
A P 1 146 0
J N 6 387 -7 3 3457 0 1 168
K -14 0 64
K 0 0 43
A D 4 32 0
A P 2 158 0
J N 6 507 -42 8 5185 288 2 166 165
K 1 28 45
K 1 14 45
K 1 0 45
K 0 0 43
K -1 0 45
K 2 0 45
K 0 -49 93
A D 4 32 0
A P 1 186 0
H 166 B 91 0 108 4 2 1 1 3
H 165 S 0 6 -85 6 -49 0 0 0 0
J N 6 507 -7 2 5185 0 1 168
K 0 0 43
A D 4 32 0
A P 2 158 0
H 168 B -49 0 108 2 2 3
J B 177 625 1 82 6913 288 0
J R 6 648 28 2 1 0 0
K 0 0 49
A D 4 32 0
A P 1 0 0
J N 5 764 -7 10 1729 288 1 169
K 0 -7 45
K -14 0 64
K 0 -14 43
K 0 -7 45
K 1 -7 45
K 25 -14 44
K 0 0 43
K 25 0 44
K 0 -14 60
A D 3 32 0
A P 1 169 0
A P 2 158 0
J N 4 847 -7 7 3025 216 1 169
K 0 -7 45
K 0 -14 43
K 0 -7 45
K 1 -7 45
K 0 0 43
K 0 -14 60
A D 1 32 0
A P 1 169 0
A P 2 158 0
H 169 B -64 0 108 2 22 533
J N 6 875 -7 7 3457 72 1 170
K 0 -7 45
K 0 -14 43
K 0 -7 45
K 1 -7 45
K 0 0 43
K 0 -14 60
A D 4 32 0
A P 1 169 0
A P 2 158 0
J N 6 988 -7 7 5185 288 1 170
K 0 -7 45
K 0 -14 43
K 0 -7 45
K 1 -7 45
K 0 0 43
K 0 -14 60
A D 4 32 0
A P 1 169 0
A P 2 158 0
H 170 B -49 0 108 2 2 3
J B 178 1100 1 82 6913 288 0
J R 6 1123 28 2 1 0 0
K 0 0 49
A D 4 32 0
A P 1 0 0
J D 0 1238 0 1 1729 288 0
W 0 91 36 cresc.
J N 5 1238 -7 10 1729 0 1 171
K 0 -7 45
K -14 0 64
K 0 -14 43
K 0 -7 45
K 1 -7 45
K 25 -14 44
K 0 0 43
K 25 0 44
K 0 -14 60
A D 3 32 0
A P 1 169 0
A P 2 158 0
J N 4 1321 -7 7 3025 216 1 171
K 0 -7 45
K 0 -14 43
K 0 -7 45
K 1 -7 45
K 0 0 43
K 0 -14 60
A D 1 32 0
A P 1 169 0
A P 2 158 0
H 171 B -64 0 108 2 22 533
J N 6 1349 -7 7 3457 72 1 172
K 0 -7 45
K 0 -14 43
K 0 -7 45
K 1 -7 45
K 0 0 43
K 0 -14 60
A D 4 32 0
A P 1 169 0
A P 2 158 0
J N 6 1462 -7 7 5185 288 1 172
K 0 -7 45
K 0 -14 43
K 0 -7 45
K 1 -7 45
K 0 0 43
K 0 -14 60
A D 4 32 0
A P 1 169 0
A P 2 158 0
H 172 B -49 0 108 2 2 3
J B 179 1577 1 82 6913 288 0
J D 0 1626 0 1 1 0 0
W 0 102 36 decresc.
J N 6 1601 -7 8 1 0 1 173
K 0 -7 45
K -15 0 65
K 0 -14 43
K 0 -7 45
K 1 -7 45
K 0 0 43
K 0 -14 60
A D 4 32 0
A P 1 169 0
A P 2 157 0
J N 6 1714 28 4 1729 288 2 174 173
K 0 -14 43
K 0 0 43
K 0 -14 60
A D 4 32 0
A P 1 140 0
A P 2 129 0
J N 6 1825 21 4 3457 288 1 173
K 0 -14 43
K 0 0 43
K 0 -14 60
A D 4 32 0
A P 1 146 0
A P 2 134 0
J N 6 1938 14 4 5185 288 2 173 174
K 0 -14 43
K 0 0 43
K 0 -14 60
A D 4 32 0
A P 1 151 0
A P 2 140 0
H 173 B -77 0 108 4 2 1 1 3
H 174 S 0 0 -14 0 -14 0 0 0 0
J B 180 2050 1 82 6913 288 0
E *
@ LINE: 5 Horns 1 & 2
L 551 0 0 339 339 * 0 14 0
J D 0 -138 42 1 6913 0 0
W 0 -21 31 Cor 1-2
J D 0 -138 42 1 6913 0 0
W 0 21 31 (C)
J C 4 5 42 2 6913 0 0
K 0 0 33
K 0 0 34
J K 0 57 0 0 6913 0 0
J D 0 -27 -14 1 6913 0 0
W 0 0 0 \01\07\06
J R 6 139 28 2 1 0 0
K 0 0 49
A D 12 96 0
A P 1 0 0
J N 5 262 42 7 1729 288 1 91
K 0 -49 43
K 25 -49 44
K 0 0 43
K 24 -6 44
K 0 -49 60
K 0 -28 60
A D 9 96 0
A P 1 226 0
A P 2 186 0
J N 4 347 42 5 3025 216 1 91
K 0 -49 43
K 0 0 43
K 0 -49 60
K 0 -28 60
A D 3 96 0
A P 1 226 0
A P 2 186 0
H 91 B -56 0 108 2 22 533
J N 6 391 42 5 3457 72 1 92
K 0 -49 43
K 0 0 43
K 0 -49 60
K 0 -28 60
A D 12 96 0
A P 1 226 0
A P 2 186 0
J N 6 507 42 5 5185 288 1 92
K 0 -49 43
K 0 0 43
K 0 -49 60
K 0 -28 60
A D 12 96 0
A P 1 226 0
A P 2 186 0
H 92 B -42 0 108 2 2 3
J B 177 625 1 82 6913 288 0
J R 6 648 28 2 1 0 0
K 0 0 49
A D 12 96 0
A P 3 0 0
J D 0 750 0 1 1729 288 0
W 0 -28 32 zu 2
J N 5 764 0 3 1729 0 1 93
K 0 0 43
K 24 -6 44
A D 9 96 0
A P 3 220 0
J N 4 847 0 2 3025 216 1 93
K 0 0 43
A D 3 96 0
A P 3 220 0
H 93 B -57 0 108 2 22 533
J N 6 875 0 2 3457 72 1 94
K 0 0 43
A D 12 96 0
A P 3 220 0
J N 6 988 0 2 5185 288 1 94
K 0 0 43
A D 12 96 0
A P 3 220 0
H 94 B -46 0 108 2 2 3
J B 178 1100 1 82 6913 288 0
J R 6 1123 28 2 1 0 0
K 0 0 49
A D 12 96 0
A P 3 0 0
J D 0 1238 0 1 1729 288 0
W 0 91 36 cresc.
J N 5 1238 0 3 1729 0 1 95
K 0 0 43
K 24 -6 44
A D 9 96 0
A P 3 220 0
J N 4 1321 0 2 3025 216 1 95
K 0 0 43
A D 3 96 0
A P 3 220 0
H 95 B -57 0 108 2 22 533
J N 6 1349 0 2 3457 72 1 96
K 0 0 43
A D 12 96 0
A P 3 220 0
J N 6 1462 0 2 5185 288 1 96
K 0 0 43
A D 12 96 0
A P 3 220 0
H 96 B -46 0 108 2 2 3
J B 179 1577 1 82 6913 288 0
J N 6 1601 0 4 1 0 0
K 0 0 43
K 0 79 108
K 0 0 54
A D 12 96 0
A P 3 220 0
J R 6 1714 28 2 1729 288 0
K 0 0 49
A D 12 96 1
A P 3 0 1
J R 7 1825 28 2 3457 288 0
K 0 0 48
A D 24 96 0
A P 3 0 0
J B 180 2050 1 82 6913 576 0
E *
@ LINE: 6 Horn 3
L 696 0 0 339 339 * 0 14 0
J D 0 -112 42 1 6913 0 0
W 0 -21 31 Cor 3
J D 0 -112 42 1 6913 0 0
W 0 21 31 (E\0.)
J C 4 5 42 2 6913 0 0
K 0 0 33
K 0 0 34
J K 0 57 0 0 6913 0 0
J D 0 -27 -14 1 6913 0 0
W 0 0 0 \01\07\06
J R 6 139 28 2 1 0 0
K 0 0 49
A D 12 96 0
A P 1 0 0
J N 5 262 21 3 1729 288 1 45
K 0 0 43
K 25 0 44
A D 9 96 0
A P 1 203 0
J N 4 347 21 2 3025 216 1 45
K 0 0 43
A D 3 96 0
A P 1 203 0
H 45 B -64 0 108 2 22 533
J N 6 391 7 2 3457 72 1 46
K 0 0 43
A D 12 96 0
A P 1 215 0
J N 6 507 7 2 5185 288 1 46
K 0 0 43
A D 12 96 0
A P 1 215 0
H 46 B -49 0 108 2 2 3
J B 177 625 1 82 6913 288 0
J R 6 648 28 2 1 0 0
K 0 0 49
A D 12 96 0
A P 1 0 0
J N 5 764 0 3 1729 288 1 47
K 0 0 43
K 24 -6 44
A D 9 96 0
A P 1 220 0
J N 4 847 0 2 3025 216 1 47
K 0 0 43
A D 3 96 0
A P 1 220 0
H 47 B -57 0 108 2 22 533
J N 6 875 0 2 3457 72 1 48
K 0 0 43
A D 12 96 0
A P 1 220 0
J N 6 988 0 2 5185 288 1 48
K 0 0 43
A D 12 96 0
A P 1 220 0
H 48 B -46 0 108 2 2 3
J B 178 1100 1 82 6913 288 0
J R 6 1123 28 2 1 0 0
K 0 0 49
A D 12 96 0
A P 1 0 0
J D 0 1238 0 1 1729 288 0
W 0 91 36 cresc.
J N 5 1238 0 3 1729 0 1 49
K 0 0 43
K 24 -6 44
A D 9 96 0
A P 1 220 0
J N 4 1321 0 2 3025 216 1 49
K 0 0 43
A D 3 96 0
A P 1 220 0
H 49 B -57 0 108 2 22 533
J N 6 1349 0 2 3457 72 1 50
K 0 0 43
A D 12 96 0
A P 1 220 0
J N 6 1462 0 2 5185 288 1 50
K 0 0 43
A D 12 96 0
A P 1 220 0
H 50 B -46 0 108 2 2 3
J B 179 1577 1 82 6913 288 0
J D 0 1622 0 1 1 0 0
W 0 91 36 decresc.
J N 6 1601 -7 3 1 0 0
K 0 0 43
K 0 0 54
A D 12 96 0
A P 1 226 0
J N 5 1714 42 3 1729 288 1 51
K 0 0 43
K 24 -6 44
A D 9 96 0
A P 1 186 0
J N 4 1797 42 2 3025 216 1 51
K 0 0 43
A D 3 96 0
A P 1 186 0
H 51 B 57 0 108 2 22 533
J N 6 1825 42 2 3457 72 1 52
K 0 0 43
A D 12 96 0
A P 1 186 0
J N 5 1938 42 3 5185 288 1 52
K 0 0 43
K 24 -6 44
A D 9 96 0
A P 1 186 0
J N 4 2018 42 2 6481 216 1 52
K 0 0 43
A D 3 96 0
A P 1 186 0
H 52 B 57 0 108 3 2 21 533
J B 180 2050 1 82 6913 72 0
E *
@ LINE: 7 Trumpets
L 836 0 0 339 339 * 0 14 0
J D 0 -111 42 1 6913 0 0
W 0 -21 31 Tr 1-2
J D 0 -111 42 1 6913 0 0
W 0 21 31 (C)
J C 4 5 42 2 6913 0 0
K 0 0 33
K 0 0 34
J K 0 57 0 0 6913 0 0
J D 0 -27 -14 1 6913 0 0
W 0 0 0 \01\07\06
J N 7 139 42 13 1 0 0
K 1 28 45
K 1 42 45
K 0 0 43
K 24 -6 44
K 0 49 43
K 0 42 45
K 1 42 45
K 25 49 44
K 0 49 59
K 0 28 59
K 0 0 59
K 0 -21 59
A D 36 96 0
A P 1 186 0
A P 2 146 0
J R 6 507 28 2 5185 864 0
K 0 0 49
A D 12 96 0
A P 1 0 0
J B 177 625 1 82 6913 288 0
J R 9 848 28 2 1 0 0
K 0 0 46
A D 48 96 0
A P 3 0 0
J B 178 1100 1 82 6913 1152 0
J R 9 1324 28 2 1 0 0
K 0 0 46
A D 48 96 0
A P 3 0 0
J B 179 1577 1 82 6913 1152 0
J R 9 1799 28 2 1 0 0
K 0 0 46
A D 48 96 0
A P 3 0 0
J B 180 2050 1 82 6913 1152 0
E *
@ LINE: 8 Timpani
L 981 0 0 339 339 * 0 14 0
J D 0 -110 42 1 6913 0 0
W 0 -21 31 Timp.
J D 0 -110 42 1 6913 0 0
W 0 21 31 (C-G)
J C 22 5 14 36 6913 0 0
J K 0 57 0 0 6913 0 0
J D 0 -27 -14 1 6913 0 0
W 0 0 0 \01\07\06
J N 6 139 56 3 1 0 0
K 0 0 43
K 0 0 53
A D 12 96 0
A P 1 106 0
J R 6 262 28 2 1729 288 0
K 0 0 49
A D 12 96 1
A P 1 0 1
J R 7 391 28 2 3457 288 0
K 0 0 48
A D 24 96 0
A P 1 0 0
J B 177 625 1 82 6913 576 0
J R 9 848 28 2 1 0 0
K 0 0 46
A D 48 96 0
A P 1 0 0
J B 178 1100 1 82 6913 1152 0
J R 9 1324 28 2 1 0 0
K 0 0 46
A D 48 96 0
A P 1 0 0
J B 179 1577 1 82 6913 1152 0
J R 9 1799 28 2 1 0 0
K 0 0 46
A D 48 96 0
A P 1 0 0
J B 180 2050 1 82 6913 1152 0
E *
@ LINE: 9 Violin I
L 1153 0 0 339 339 * 0 14 0
J D 0 -108 42 1 6913 0 0
W 0 0 31 Vln I
J C 4 5 42 2 6913 0 0
K 0 0 33
K 0 0 34
J K -3 57 0 3 6913 0 0
K 0 28 65
K 13 7 65
K 26 35 65
J D 0 -27 -14 1 6913 0 0
W 0 0 0 \01\07\06
J R 5 139 28 3 1 0 0
K 0 14 49
K 4 0 50
A D 4 96 0
A P 1 0 0
J N 5 179 42 2 577 96 1 442
K 0 0 43
A D 4 96 0
A P 1 186 0
J N 5 217 42 2 1153 96 1 442
K 0 0 43
A D 4 96 0
A P 1 186 0
H 442 B 46 0 108 2 22 33
J R 5 262 28 3 1729 96 0
K 0 14 49
K 4 0 50
A D 4 96 0
A P 1 0 0
J N 5 302 7 3 2305 96 1 443
K 0 0 43
K 0 -17 93
A D 4 96 0
A P 1 214 0
J N 5 340 7 2 2881 96 1 443
K 0 0 43
A D 4 96 0
A P 1 214 0
H 443 B -50 0 108 2 22 33
J R 5 391 28 3 3457 96 0
K 0 14 49
K 4 0 50
A D 4 96 0
A P 1 0 0
J N 5 431 42 2 4033 96 1 444
K 0 0 43
A D 4 96 0
A P 1 186 0
J N 5 469 42 2 4609 96 1 444
K 0 0 43
A D 4 96 0
A P 1 186 0
H 444 B 46 0 108 2 22 33
J R 5 507 28 3 5185 96 0
K 0 14 49
K 4 0 50
A D 4 96 0
A P 1 0 0
J N 5 547 -7 3 5761 96 1 445
K 0 0 43
K 0 -17 93
A D 4 96 0
A P 1 226 0
J N 5 585 -7 2 6337 96 1 445
K 0 0 43
A D 4 96 0
A P 1 226 0
H 445 B -50 0 108 2 22 33
J B 177 625 1 82 6913 96 0
J R 5 648 28 3 1 0 0
K 0 14 49
K 4 0 50
A D 4 96 0
A P 1 0 0
J N 5 688 49 2 577 96 1 446
K 0 0 43
A D 4 96 0
A P 1 180 0
J N 5 726 49 2 1153 96 1 446
K 0 0 43
A D 4 96 0
A P 1 180 0
H 446 B 50 0 108 2 22 33
J R 5 764 28 3 1729 96 0
K 0 14 49
K 4 0 50
A D 4 96 0
A P 1 0 0
J N 5 803 14 3 2305 96 1 447
K 0 0 43
K 0 -24 93
A D 4 96 0
A P 1 209 0
J N 5 840 14 2 2881 96 1 447
K 0 0 43
A D 4 96 0
A P 1 209 0
H 447 B -46 0 108 2 22 33
J R 5 875 28 3 3457 96 0
K 0 14 49
K 4 0 50
A D 4 96 0
A P 1 0 0
J N 5 916 28 3 4033 96 1 448
K -14 0 64
K 0 0 43
A D 4 96 0
A P 1 198 0
J N 5 953 28 2 4609 96 1 448
K 0 0 43
A D 4 96 0
A P 1 198 0
H 448 B -45 0 108 2 22 33
J R 5 988 28 3 5185 96 0
K 0 14 49
K 4 0 50
A D 4 96 0
A P 1 0 0
J N 5 1027 0 3 5761 96 1 449
K 0 0 43
K 0 -17 93
A D 4 96 0
A P 1 220 0
J N 5 1064 0 2 6337 96 1 449
K 0 0 43
A D 4 96 0
A P 1 220 0
H 449 B -46 0 108 2 22 33
J B 178 1100 1 82 6913 96 0
J R 5 1123 28 3 1 0 0
K 0 14 49
K 4 0 50
A D 4 96 0
A P 1 0 0
J N 5 1164 14 2 577 96 1 450
K 0 0 43
A D 4 96 0
A P 1 209 0
J N 5 1201 14 2 1153 96 1 450
K 0 0 43
A D 4 96 0
A P 1 209 0
H 450 B -46 0 108 2 22 33
J R 5 1238 28 3 1729 96 0
K 0 14 49
K 4 0 50
A D 4 96 0
A P 1 0 0
J D 0 1249 0 1 2305 96 0
W 0 91 36 cresc.
J N 5 1277 -14 5 2305 0 1 451
K 0 0 45
K 0 0 43
K -1 0 45
K 2 0 45
A D 4 96 0
A P 1 231 0
J N 5 1314 -14 5 2881 96 1 451
K 0 0 45
K 0 0 43
K -1 0 45
K 2 0 45
A D 4 96 0
A P 1 231 0
H 451 B -46 0 108 2 22 33
J R 5 1349 28 3 3457 96 0
K 0 14 49
K 4 0 50
A D 4 96 0
A P 1 0 0
J N 5 1388 -14 5 4033 96 1 452
K 0 0 45
K 0 0 43
K -1 0 45
K 2 0 45
A D 4 96 0
A P 1 231 0
J N 5 1425 -14 5 4609 96 1 452
K 0 0 45
K 0 0 43
K -1 0 45
K 2 0 45
A D 4 96 0
A P 1 231 0
H 452 B -46 0 108 2 22 33
J R 5 1462 28 3 5185 96 0
K 0 14 49
K 4 0 50
A D 4 96 0
A P 1 0 0
J N 5 1501 -14 5 5761 96 1 453
K 0 0 45
K 0 0 43
K -1 0 45
K 2 0 45
A D 4 96 0
A P 1 231 0
J N 5 1538 -14 5 6337 96 1 453
K 0 0 45
K 0 0 43
K -1 0 45
K 2 0 45
A D 4 96 0
A P 1 231 0
H 453 B -46 0 108 2 22 33
J B 179 1577 1 82 6913 96 0
J R 5 1601 28 3 1 0 0
K 0 14 49
K 4 0 50
A D 4 96 0
A P 1 0 0
J D 0 1612 0 1 577 96 0
W 0 91 36 decresc.
J N 5 1640 -14 5 577 0 1 454
K 0 0 45
K 0 0 43
K -1 0 45
K 2 0 45
A D 4 96 0
A P 1 231 0
J N 5 1677 -14 5 1153 96 1 454
K 0 0 45
K 0 0 43
K -1 0 45
K 2 0 45
A D 4 96 0
A P 1 231 0
H 454 B -46 0 108 2 22 33
J R 5 1714 28 3 1729 96 0
K 0 14 49
K 4 0 50
A D 4 96 0
A P 1 0 0
J N 5 1753 49 2 2305 96 1 455
K 0 0 43
A D 4 96 0
A P 1 180 0
J N 5 1790 49 2 2881 96 1 455
K 0 0 43
A D 4 96 0
A P 1 180 0
H 455 B 50 0 108 2 22 33
J R 5 1825 28 3 3457 96 0
K 0 14 49
K 4 0 50
A D 4 96 0
A P 1 0 0
J N 5 1864 42 2 4033 96 1 456
K 0 0 43
A D 4 96 0
A P 1 186 0
J N 5 1901 42 2 4609 96 1 456
K 0 0 43
A D 4 96 0
A P 1 186 0
H 456 B 46 0 108 2 22 33
J R 5 1938 28 3 5185 96 0
K 0 14 49
K 4 0 50
A D 4 96 0
A P 1 0 0
J N 5 1977 35 2 5761 96 1 457
K 0 0 43
A D 4 96 0
A P 1 191 0
J N 5 2014 35 2 6337 96 1 457
K 0 0 43
A D 4 96 0
A P 1 191 0
H 457 B 50 0 108 2 22 33
J B 180 2050 1 82 6913 96 0
E *
@ LINE: 10 Violin II
L 1285 0 0 339 339 * 0 14 0
J D 0 -121 42 1 6913 0 0
W 0 0 31 Vln II
J C 4 5 42 2 6913 0 0
K 0 0 33
K 0 0 34
J K -3 57 0 3 6913 0 0
K 0 28 65
K 13 7 65
K 26 35 65
J D 0 -27 -14 1 6913 0 0
W 0 0 0 \01\07\06
J N 7 139 56 16 1 0 0
K 1 14 45
K 1 28 45
K 0 0 43
K 24 -6 44
K 0 35 43
K 0 28 45
K 1 28 45
K 25 35 44
K 0 35 59
K 0 28 59
K 0 0 59
K 0 -23 59
K 10 -59 227
K 0 -42 125
K 0 -28 125
A D 24 96 0
A P 3 174 0
A P 3 146 0
J N 7 391 63 16 3457 576 0
K 1 7 45
K 1 21 45
K 0 0 43
K 25 0 44
K 0 28 43
K 0 21 45
K 1 21 45
K 25 28 44
K 0 28 59
K 0 0 59
K 0 -28 59
K 0 -30 59
K 10 -66 227
K 0 -49 125
K 0 -35 125
A D 24 96 0
A P 3 169 0
A P 3 146 0
J B 177 625 1 82 6913 576 0
J N 7 648 63 16 1 0 0
K 1 7 45
K -14 14 64
K 0 0 43
K 25 0 44
K 0 14 43
K 0 7 45
K 1 7 45
K 25 14 44
K 0 14 59
K 0 0 59
K 0 -28 59
K 0 -30 59
K 10 -66 227
K 0 -49 125
K 0 -35 125
A D 24 96 0
A P 3 169 0
A P 3 158 0
J N 7 875 63 15 3457 576 0
K 1 7 45
K 0 0 43
K 25 0 44
K 0 14 43
K 0 7 45
K 1 7 45
K 25 14 44
K 0 14 59
K 0 0 59
K 0 -28 59
K 0 -30 59
K 10 -66 227
K 0 -49 125
K 0 -35 125
A D 24 96 0
A P 3 169 0
A P 3 158 0
J B 178 1100 1 82 6913 576 0
J N 5 1123 63 8 1 0 2 379 380
K 1 7 45
K -14 14 64
K 0 0 43
K 0 14 43
K 0 7 45
K 1 7 45
K 0 14 59
A D 4 96 0
A P 3 169 0
A P 3 158 0
J N 5 1164 35 8 577 96 1 380
K 1 35 45
K 0 0 43
K 0 42 43
K 0 35 45
K 1 35 45
K 0 42 59
K 0 28 59
A D 4 96 0
A P 3 191 0
A P 3 158 0
J N 5 1201 35 8 1153 96 2 380 379
K 1 35 45
K 0 0 43
K 0 42 43
K 0 35 45
K 1 35 45
K 0 42 59
K 0 28 59
A D 4 96 0
A P 3 191 0
A P 3 158 0
H 379 X 25 3 0 0 0 0 380
H 380 B 77 -2 108 3 22 11 33
J D 0 1224 0 1 1729 96 0
W 0 110 36 cresc.
J N 5 1238 35 8 1729 0 2 381 382
K 1 35 45
K 0 0 43
K 0 42 43
K 0 35 45
K 1 35 45
K 0 42 59
K 0 28 59
A D 4 96 0
A P 3 191 0
A P 3 158 0
J N 5 1277 35 8 2305 96 1 382
K 1 35 45
K 0 0 43
K 0 42 43
K 0 35 45
K 1 35 45
K 0 42 59
K 0 28 59
A D 4 96 0
A P 3 191 0
A P 3 158 0
J N 5 1314 35 8 2881 96 2 382 381
K 1 35 45
K 0 0 43
K 0 42 43
K 0 35 45
K 1 35 45
K 0 42 59
K 0 28 59
A D 4 96 0
A P 3 191 0
A P 3 158 0
H 381 X 25 3 0 0 0 0 382
H 382 B 50 0 108 3 22 11 33
J N 7 1349 35 16 3457 96 0
K 1 35 45
K 0 0 43
K 25 0 44
K 0 42 43
K 0 35 45
K 1 35 45
K 25 42 44
K 0 42 59
K 0 28 59
K 0 0 59
K 0 -28 59
K 0 -30 59
K 10 -66 227
K 0 -49 125
K 0 -35 125
A D 24 96 0
A P 3 191 0
A P 3 158 0
J B 179 1577 1 82 6913 576 0
J D 0 1598 0 1 1 0 0
W 0 116 36 decresc.
J N 5 1601 35 9 1 0 1 383
K 1 35 45
K -15 42 65
K 0 0 43
K 0 42 43
K 0 35 45
K 1 35 45
K 0 42 59
K 0 28 59
A D 4 96 0
A P 3 191 0
A P 3 157 0
J N 5 1640 35 8 577 96 1 383
K 1 35 45
K 0 0 43
K 0 42 43
K 0 35 45
K 1 35 45
K 0 42 59
K 0 28 59
A D 4 96 0
A P 3 191 0
A P 3 157 0
J N 5 1677 35 8 1153 96 1 383
K 1 35 45
K 0 0 43
K 0 42 43
K 0 35 45
K 1 35 45
K 0 42 59
K 0 28 59
A D 4 96 0
A P 3 191 0
A P 3 157 0
H 383 B 50 0 108 3 22 11 33
J R 5 1714 28 3 1729 96 0
K 0 14 49
K 4 0 50
A D 4 96 0
A P 3 0 0
J N 5 1753 63 2 2305 96 1 384
K 0 0 43
A D 4 96 0
A P 3 169 0
J N 5 1790 63 2 2881 96 1 384
K 0 0 43
A D 4 96 0
A P 3 169 0
H 384 B 50 0 108 2 22 33
J R 5 1825 28 3 3457 96 0
K 0 14 49
K 4 0 50
A D 4 96 0
A P 3 0 0
J N 5 1864 56 2 4033 96 1 385
K 0 0 43
A D 4 96 0
A P 3 174 0
J N 5 1901 56 2 4609 96 1 385
K 0 0 43
A D 4 96 0
A P 3 174 0
H 385 B 46 0 108 2 22 33
J R 5 1938 28 3 5185 96 0
K 0 14 49
K 4 0 50
A D 4 96 0
A P 3 0 0
J N 5 1977 49 2 5761 96 1 386
K 0 0 43
A D 4 96 0
A P 3 180 0
J N 5 2014 49 2 6337 96 1 386
K 0 0 43
A D 4 96 0
A P 3 180 0
H 386 B 50 0 108 2 22 33
J B 180 2050 1 82 6913 96 0
E *
@ LINE: 11 Viola
L 1417 0 0 339 339 * 0 14 0
J D 0 -86 42 1 6913 0 0
W 0 0 31 Vla
J C 13 5 28 35 6913 0 0
J K -3 57 0 3 6913 0 0
K 0 35 65
K 13 14 65
K 26 42 65
J D 0 -27 -14 1 6913 0 0
W 0 0 0 \01\07\06
J N 7 139 28 8 1 0 0
K 0 0 43
K 24 -6 44
K 0 0 60
K 0 23 60
K 2 -17 227
K -17 42 125
K -17 28 125
A D 24 96 0
A P 1 163 0
J N 7 391 35 10 3457 576 0
K -14 0 64
K 0 0 43
K 25 0 44
K 0 0 59
K 0 -28 59
K 0 -30 59
K 10 -66 227
K 0 -49 125
K 0 -35 125
A D 24 96 0
A P 1 158 0
J B 177 625 1 82 6913 576 0
J N 7 648 42 11 1 0 0
K 0 0 43
K 24 -6 44
K 0 14 43
K 24 8 44
K 0 14 59
K 0 0 59
K 0 -23 59
K 10 -59 227
K 0 -42 125
K 0 -28 125
A D 24 96 0
A P 1 151 0
A P 1 140 0
J N 7 875 42 11 3457 576 0
K 0 0 43
K 24 -6 44
K 0 14 43
K 24 8 44
K 0 14 59
K 0 0 59
K 0 -23 59
K 10 -59 227
K 0 -42 125
K 0 -28 125
A D 24 96 0
A P 1 151 0
A P 1 140 0
J B 178 1100 1 82 6913 576 0
J N 5 1123 42 4 1 0 2 356 357
K 0 0 43
K 0 14 43
K 0 14 59
A D 4 96 0
A P 1 151 0
A P 1 140 0
J N 5 1164 21 5 577 96 1 357
K -14 14 64
K 0 0 43
K 0 14 43
K 0 14 59
A D 4 96 0
A P 1 169 0
A P 1 158 0
J N 5 1201 21 4 1153 96 2 357 356
K 0 0 43
K 0 14 43
K 0 14 59
A D 4 96 0
A P 1 169 0
A P 1 158 0
H 356 X 25 3 0 0 0 0 357
H 357 B 70 -2 108 3 22 11 33
J D 0 1238 0 1 1729 96 0
W 0 91 36 cresc.
J N 5 1238 21 4 1729 0 2 358 359
K 0 0 43
K 0 14 43
K 0 14 59
A D 4 96 0
A P 1 169 0
A P 1 158 0
J N 5 1277 21 4 2305 96 1 359
K 0 0 43
K 0 14 43
K 0 14 59
A D 4 96 0
A P 1 169 0
A P 1 158 0
J N 5 1314 21 4 2881 96 2 359 358
K 0 0 43
K 0 14 43
K 0 14 59
A D 4 96 0
A P 1 169 0
A P 1 158 0
H 358 X 25 3 0 0 0 0 359
H 359 B 45 0 108 3 22 11 33
J N 7 1349 21 12 3457 96 0
K 0 0 43
K 25 0 44
K 0 14 43
K 25 14 44
K 0 14 59
K 0 0 59
K 0 -28 59
K 0 -30 59
K 10 -66 227
K 0 -49 125
K 0 -35 125
A D 24 96 0
A P 1 169 0
A P 1 158 0
J B 179 1577 1 82 6913 576 0
J D 0 1598 0 1 1 0 0
W 0 91 36 decresc.
J N 5 1601 21 5 1 0 1 360
K -15 14 65
K 0 0 43
K 0 14 43
K 0 14 59
A D 4 96 0
A P 1 169 0
A P 1 157 0
J N 5 1640 21 4 577 96 1 360
K 0 0 43
K 0 14 43
K 0 14 59
A D 4 96 0
A P 1 169 0
A P 1 157 0
J N 5 1677 21 4 1153 96 1 360
K 0 0 43
K 0 14 43
K 0 14 59
A D 4 96 0
A P 1 169 0
A P 1 157 0
H 360 B 45 0 108 3 22 11 33
J R 5 1714 28 3 1729 96 0
K 0 14 49
K 4 0 50
A D 4 96 0
A P 1 0 0
J N 5 1753 35 2 2305 96 1 361
K 0 0 43
A D 4 96 0
A P 1 157 0
J N 5 1790 35 2 2881 96 1 361
K 0 0 43
A D 4 96 0
A P 1 157 0
H 361 B 50 0 108 2 22 33
J R 5 1825 28 3 3457 96 0
K 0 14 49
K 4 0 50
A D 4 96 0
A P 1 0 0
J N 5 1864 35 2 4033 96 1 362
K 0 0 43
A D 4 96 0
A P 1 157 0
J N 5 1901 35 2 4609 96 1 362
K 0 0 43
A D 4 96 0
A P 1 157 0
H 362 B 50 0 108 2 22 33
J R 5 1938 28 3 5185 96 0
K 0 14 49
K 4 0 50
A D 4 96 0
A P 1 0 0
J N 5 1977 35 2 5761 96 1 363
K 0 0 43
A D 4 96 0
A P 1 157 0
J N 5 2014 35 2 6337 96 1 363
K 0 0 43
A D 4 96 0
A P 1 157 0
H 363 B 50 0 108 2 22 33
J B 180 2050 1 82 6913 96 0
E *
@ LINE: 14 Cello & Contrabass
L 1552 0 0 339 339 * 0 14 0
J D 0 -75 42 1 6913 0 0
W 0 -21 31 Vc
J D 0 -75 42 1 6913 0 0
W 0 21 31 Cb
J C 22 5 14 36 6913 0 0
J K -3 57 0 3 6913 0 0
K 0 42 65
K 13 21 65
K 26 49 65
J D 0 -27 -14 1 6913 0 0
W 0 0 0 \01\07\06
J N 6 139 56 2 1 0 2 275 276
K 0 0 43
A D 12 96 0
A P 1 106 0
J N 6 262 21 3 1729 288 1 276
K 0 0 43
K 0 58 93
A D 12 96 0
A P 1 134 0
J N 6 391 56 2 3457 288 1 276
K 0 0 43
A D 12 96 0
A P 1 106 0
J N 6 507 7 3 5185 288 2 276 275
K 0 0 43
K 0 72 93
A D 12 96 0
A P 1 146 0
H 276 B 91 0 108 4 2 1 1 3
H 275 S 12 0 7 0 21 3 0 0 0
J B 177 625 1 82 6913 288 0
J N 6 648 63 2 1 0 2 277 278
K 0 0 43
A D 12 96 0
A P 1 100 0
J N 6 764 42 4 1729 288 1 278
K -14 0 64
K 0 0 43
K 0 37 93
A D 12 96 0
A P 1 118 0
J N 6 875 63 2 3457 288 1 278
K 0 0 43
A D 12 96 0
A P 1 100 0
J N 6 988 28 3 5185 288 2 278 277
K 0 0 43
K 0 51 93
A D 12 96 0
A P 1 129 0
H 278 B 68 -1 108 4 2 1 1 3
H 277 S 12 0 0 0 14 2 0 0 0
J B 178 1100 1 82 6913 288 0
J N 6 1123 42 3 1 0 2 279 280
K -14 0 64
K 0 0 43
A D 12 96 0
A P 1 118 0
J D 0 1238 0 1 1729 288 0
W 0 112 33 cresc.
J N 6 1238 14 2 1729 0 1 280
K 0 0 43
A D 12 96 0
A P 1 140 0
J N 6 1349 28 2 3457 288 1 280
K 0 0 43
A D 12 96 0
A P 1 129 0
J N 6 1462 42 2 5185 288 2 280 279
K 0 0 43
A D 12 96 0
A P 1 118 0
H 280 B 63 0 108 4 2 1 1 3
H 279 S 12 0 0 0 0 0 0 0 0
J B 179 1577 1 82 6913 288 0
J D 0 1601 0 1 1 0 0
W 0 119 36 decresc.
J N 6 1601 42 3 1 0 1 281
K -15 0 65
K 0 0 43
A D 12 96 0
A P 1 117 0
J N 6 1714 -7 2 1729 288 1 281
K 0 0 43
A D 12 96 0
A P 1 157 0
J N 6 1825 42 2 3457 288 1 281
K 0 0 43
A D 12 96 0
A P 1 117 0
J N 6 1938 -7 2 5185 288 1 281
K 0 0 43
A D 12 96 0
A P 1 157 0
H 281 B -42 0 108 4 2 1 1 3
J B 180 2050 1 82 6913 288 0
E *
B 1 625 0
B 1 1100 0
B 1 1577 0
B 1 2050 0
