@ SYSTEM: Beethoven: Symphony No. 3 -- Marcia funebre.
S 0 200 140 2050 1593 12 "[....][{..}](.)[{..}.{..}]"
@ LINE: 1 Flutes
L 0 0 0 339 339 * 0 14 0
J D 0 -108 42 1 6913 0 0
W 0 0 31 Fl 1-2
J C 4 5 42 2 6913 0 0
K 0 0 33
K 0 0 34
J K -3 57 0 3 6913 0 0
K 0 28 65
K 13 7 65
K 26 35 65
J D 0 -27 -14 1 6913 0 0
W 0 0 37 \01\09\08
J N 6 139 -7 10 1 0 1 225
K 0 -7 45
K 0 -21 45
K 0 -21 43
K -1 -21 45
K 2 -21 45
K 0 0 43
K 0 -38 96
K 0 99 110
K 0 -21 60
A D 12 96 0
A P 1 243 0
A P 2 226 0
J N 6 288 21 9 1729 288 1 225
K 0 -35 45
K 0 -35 43
K -1 -35 45
K 2 -35 45
K 0 0 43
K 0 -52 96
K 0 -35 60
K 0 -28 60
A D 12 96 0
A P 1 231 0
A P 2 203 0
H 225 B -67 3 108 2 2 3
J R 7 432 28 2 3457 288 0
K 0 0 48
A D 24 96 0
A P 1 0 0
J B 199 733 1 82 6913 576 0
J R 6 756 28 2 1 0 0
K 0 0 49
A D 12 96 0
A P 1 0 0
J S 0 900 98 108 1729 288 1 226
J N 7 900 -56 10 1729 0 0
K 1 42 45
K 1 28 45
K 1 14 45
K 1 0 45
K 0 0 43
K -1 0 45
K 2 0 45
K 0 0 59
K 0 -7 59
A D 24 96 0
A P 1 266 0
J N 6 900 -28 6 1729 0 2 227 228
K 0 14 45
K 0 0 45
K 0 0 43
K -1 0 45
K 2 0 45
A D 12 96 0
A P 2 243 0
J N 6 1042 -21 6 3457 288 2 228 227
K 0 7 45
K -14 0 64
K 0 0 43
K 0 7 45
K 1 7 45
A D 12 96 0
A P 2 238 0
H 228 B -56 0 108 2 2 3
H 227 S 12 -6 55 -6 52 0 0 0 0
J N 5 1193 -21 13 5185 288 3 229 230 226
K 0 7 45
K 0 -7 45
K 0 -21 45
K 0 -28 43
K 0 -21 45
K 1 -21 45
K 25 -28 44
K 0 0 43
K 0 7 45
K 1 7 45
K 25 0 44
K 0 -28 60
A D 9 96 0
A P 1 260 0
A P 2 238 0
H 226 W 21 0 30 98 0 98
J N 4 1320 0 9 6481 216 2 230 229
K 0 -14 45
K 0 -28 45
K 0 -35 43
K 0 -28 45
K 1 -28 45
K 0 0 43
K 0 -35 60
K 0 -28 60
A D 3 96 0
A P 1 249 0
A P 2 220 0
H 230 B -65 3 108 2 22 533
H 229 S 0 0 -28 0 -35 0 0 0 0
J B 200 1372 1 82 6913 72 0
J N 6 1393 7 10 1 0 0
K 0 -21 45
K 0 -35 45
K 0 -35 43
K -1 -35 45
K 2 -35 45
K 0 0 43
K 0 -35 60
K 0 -28 60
K 0 0 54
A D 12 96 0
A P 1 243 0
A P 2 214 0
J R 6 1539 28 2 1729 288 0
K 0 0 49
A D 12 96 1
A P 1 0 1
J R 7 1721 28 2 3457 288 0
K 0 0 48
A D 24 96 0
A P 1 0 0
J B 201 2050 1 82 6913 576 0
E *
@ LINE: 2 Oboes
L 132 0 0 339 339 * 0 14 0
J D 0 -119 42 1 6913 0 0
W 0 0 31 Ob 1-2
J C 4 5 42 2 6913 0 0
K 0 0 33
K 0 0 34
J K -3 57 0 3 6913 0 0
K 0 28 65
K 13 7 65
K 26 35 65
J D 0 -27 -14 1 6913 0 0
W 0 0 0 \01\09\08
J N 6 139 21 4 1 0 1 206
K 0 0 43
K 7 -74 96
K 0 89 110
A D 12 96 0
A P 1 203 0
J N 6 139 42 2 1 0 1 207
K 0 0 43
A D 12 96 0
A P 2 186 0
J N 6 288 -14 6 1729 288 1 206
K 1 0 45
K 0 0 43
K -1 0 45
K 2 0 45
K 7 -52 96
A D 12 96 0
A P 1 231 0
H 206 B 50 -4 108 2 2 3
J N 6 288 21 2 1729 0 1 207
K 0 0 43
A D 12 96 0
A P 2 203 0
H 207 B -42 -2 108 2 2 3
J R 6 432 0 2 3457 288 0
K 0 0 49
A D 12 96 0
A P 1 0 0
J R 7 432 56 2 3457 0 0
K 0 0 48
A D 24 96 0
A P 2 0 0
J N 6 586 0 5 5185 288 1 208
K -18 0 63
K 0 0 43
K 0 81 108
K 0 0 51
A D 12 96 1
A P 1 221 1
J B 199 733 1 82 6913 288 0
J N 6 756 0 4 1 0 1 208
k -18 0 63
K 0 0 43
K 0 0 51
A D 12 96 0
A P 1 221 0
H 208 T 0 0 0 0 0 0 7 0
J R 6 756 42 2 1 0 0
K 0 0 49
A D 12 96 0
A P 2 0 0
J S 0 900 128 108 1729 288 1 209
J N 7 900 -7 4 1729 0 0
K 0 0 43
K 0 0 59
K 0 -14 59
A D 24 96 0
A P 1 226 0
J N 6 900 7 2 1729 0 2 210 211
K 0 0 43
A D 12 96 0
A P 2 214 0
J N 6 1042 28 3 3457 288 2 211 210
K -14 0 64
K 0 0 43
A D 12 96 0
A P 2 198 0
H 211 B -64 1 108 2 2 3
H 210 S 12 -6 62 -6 46 0 0 0 0
J N 5 1193 14 7 5185 288 3 212 213 209
K -14 -14 64
K 0 -14 43
K 24 -8 44
K 0 0 43
K 24 6 44
K 0 -14 60
A D 9 96 0
A P 1 220 0
A P 2 209 0
H 209 W 21 0 44 137 0 137
J N 4 1320 28 5 6481 216 2 213 212
K -14 0 64
K 0 -14 43
K 0 0 43
K 0 -14 60
A D 3 96 0
A P 1 209 0
A P 2 198 0
H 213 B -67 1 108 2 22 533
H 212 S 0 0 -14 0 -14 0 0 0 0
J B 200 1372 1 82 6913 72 0
J N 6 1393 21 3 1 0 0
K 0 0 43
K 0 0 51
A D 12 96 0
A P 1 203 0
J N 6 1393 21 3 1 0 0
K 0 0 43
K 0 0 54
A D 12 96 0
A P 2 203 0
J R 6 1539 28 2 1729 288 0
K 0 0 49
A D 12 96 1
A P 1 0 1
J R 7 1721 28 2 3457 288 0
K 0 0 48
A D 24 96 0
A P 1 0 0
J B 201 2050 1 82 6913 576 0
E *
@ LINE: 3 Clarinets
L 264 0 0 339 339 * 0 14 0
J D 0 -110 42 1 6913 0 0
W 0 -21 31 Cl 1-2
J D 0 -110 42 1 6913 0 0
W 0 21 31 (B\0.)
J C 4 5 42 2 6913 0 0
K 0 0 33
K 0 0 34
J K -1 57 0 1 6913 0 0
K 0 28 65
J D 0 -27 -14 1 6913 0 0
W 0 0 0 \01\09\08
J N 6 139 63 11 1 0 1 158
K 0 -77 45
K 0 -77 43
K -1 -77 45
K 2 -77 45
K 0 0 43
K 0 -94 96
K 0 65 110
K 0 -77 60
K 0 -49 60
K 0 -28 60
A D 4 32 0
A P 1 232 0
A P 2 169 0
J N 6 288 28 5 1729 288 1 158
K 0 -14 43
K 0 0 43
K 0 -35 96
K 0 -14 60
A D 4 32 0
A P 1 209 0
A P 2 197 0
H 158 B -35 -4 108 2 2 3
J R 6 432 28 2 3457 288 0
K 0 0 49
A D 4 32 0
A P 1 0 0
J N 6 586 14 7 5185 288 2 159 160
K -18 28 63
K 0 0 43
K 0 28 43
K 0 70 108
K 0 28 59
K 0 0 51
A D 4 32 1
A P 1 209 1
A P 2 187 1
J B 199 733 1 82 6913 288 0
J N 6 756 14 6 1 0 2 159 160
k -18 28 63
K 0 0 43
K 0 28 43
K 0 28 59
K 0 0 51
A D 4 32 0
A P 1 209 0
A P 2 187 0
H 159 T 14 0 0 0 0 0 7 0
H 160 T 42 0 0 0 0 0 13 0
J N 6 900 14 4 1729 288 3 162 163 161
K 0 0 43
K 0 21 43
K 0 21 59
A D 4 32 0
A P 1 209 0
A P 2 192 0
J N 6 1042 21 6 3457 288 2 163 162
K -18 0 63
K -32 21 64
K 0 0 43
K 0 21 43
K 0 21 59
A D 4 32 0
A P 1 204 0
A P 2 186 0
H 163 B 42 0 108 2 2 3
H 162 S 12 0 21 0 21 0 0 0 0
J N 5 1193 21 6 5185 288 3 164 165 161
K 0 0 43
K 25 0 44
K 0 21 43
K 24 15 44
K 0 21 59
A D 3 32 0
A P 1 204 0
A P 2 186 0
H 161 W 21 0 7 106 0 106
J N 4 1320 35 4 6481 216 2 165 164
K 17 0 43
K 0 7 43
K 0 7 59
A D 1 32 0
A P 1 192 0
A P 2 186 0
H 165 B 64 1 108 2 22 533
H 164 S 12 0 21 0 7 0 0 0 0
J B 200 1372 1 82 6913 72 0
J N 6 1393 35 5 1 0 0
K 0 0 43
K 0 14 43
K 0 14 59
K 0 0 53
A D 4 32 0
A P 1 192 0
A P 2 180 0
J R 6 1539 28 2 1729 288 0
K 0 0 49
A D 4 32 1
A P 1 0 1
J R 7 1721 28 2 3457 288 0
K 0 0 48
A D 8 32 0
A P 1 0 0
J B 201 2050 1 82 6913 576 0
E *
@ LINE: 4 Bassoons
L 396 0 0 339 339 * 0 14 0
J D 0 -130 42 1 6913 0 0
W 0 0 31 Fag 1-2
J C 22 5 14 36 6913 0 0
J K -3 57 0 3 6913 0 0
K 0 42 65
K 13 21 65
K 26 49 65
J D 0 -27 -14 1 6913 0 0
W 0 0 0 \01\09\08
J N 6 139 21 11 1 0 1 195
K 0 -35 45
K 0 -49 45
K 0 -49 43
K -1 -49 45
K 2 -49 45
K 0 0 43
K 0 -66 96
K 0 78 110
K 0 -49 60
K 0 -28 60
A D 4 32 0
A P 1 174 0
A P 2 134 0
J N 6 288 14 8 1729 288 1 195
K 0 -28 45
K 0 -28 43
K -1 -28 45
K 2 -28 45
K 0 0 43
K 0 -45 96
K 0 -28 60
A D 4 32 0
A P 1 163 0
A P 2 140 0
H 195 B -42 0 108 2 2 3
J R 6 432 28 2 3457 288 0
K 0 0 49
A D 4 32 0
A P 1 0 0
J N 6 586 0 9 5185 288 2 196 197
K 0 -14 45
K 0 -14 43
K -1 -14 45
K 2 -14 45
K 0 0 43
K 0 89 108
K 0 -14 60
K 0 0 54
A D 4 32 1
A P 1 163 1
A P 2 151 1
J B 199 733 1 82 6913 288 0
J N 6 756 -14 5 1 0 2 198 196
K 1 0 45
K 0 0 43
K -1 0 45
K 2 0 45
A D 4 32 0
A P 1 163 0
H 196 T -14 0 0 0 0 0 7 0
J N 6 756 0 3 1 0 1 197
K 0 0 43
K 0 0 54
A D 4 32 0
A P 2 151 0
H 197 T 0 0 0 0 0 0 15 0
J N 6 900 -28 6 1729 288 3 200 198 199
K 1 14 45
K 1 0 45
K 0 0 43
K -1 0 45
K 2 0 45
A D 4 32 0
A P 1 174 0
J N 7 900 7 4 1729 0 0
K 0 0 43
K 0 0 60
K 0 21 60
A D 8 32 0
A P 2 146 0
J N 6 1042 -21 5 3457 288 2 198 200
K 1 7 45
K 0 0 43
K 0 7 45
K 1 7 45
A D 4 32 0
A P 1 169 0
H 198 B 49 0 108 3 2 1 3
H 200 S 12 0 0 0 0 0 0 0 0
J N 5 1193 -21 6 5185 288 3 201 202 199
K 1 7 45
K 0 0 43
K 0 7 45
K 1 7 45
K 25 0 44
A D 3 32 0
A P 1 169 0
H 199 W 21 0 7 95 -14 95
J N 6 1193 7 3 5185 0 0
K 0 0 43
K 0 0 54
A D 4 32 0
A P 2 146 0
J N 4 1320 -7 3 6481 216 2 202 201
K -14 0 64
K 0 0 43
A D 1 32 0
A P 1 158 0
H 202 B 56 2 108 2 22 533
H 201 S 12 0 0 0 0 0 0 0 0
J B 200 1372 1 82 6913 72 0
J N 6 1393 -14 5 1 0 1 203
K 1 0 45
K 0 0 43
K -1 0 45
K 2 0 45
A D 4 32 0
A P 1 163 0
J N 6 1393 35 2 1 0 1 204
K 0 0 43
A D 4 32 0
A P 2 123 0
J N 6 1539 21 2 1729 288 2 205 203
K 0 0 43
A D 4 32 0
A P 1 134 0
J N 6 1539 21 2 1729 0 1 204
K 0 0 43
A D 4 32 0
A P 2 134 0
J N 6 1721 7 2 3457 288 1 203
K 0 0 43
A D 4 32 0
A P 1 146 0
J N 6 1721 7 2 3457 0 1 204
K 0 0 43
A D 4 32 0
A P 2 146 0
J N 6 1866 -7 3 5185 288 2 203 205
K -14 0 64
K 0 0 43
A D 4 32 0
A P 1 158 0
H 203 B 42 0 108 4 2 1 1 3
H 205 S 0 6 -71 6 -43 0 0 0 0
J N 6 1866 -7 2 5185 0 1 204
K 0 0 43
A D 4 32 0
A P 2 158 0
H 204 B -42 -1 108 4 2 1 1 3
J B 201 2050 1 82 6913 288 0
E *
@ LINE: 5 Horns 1 & 2
L 551 0 0 339 339 * 0 14 0
J D 0 -138 42 1 6913 0 0
W 0 -21 31 Cor 1-2
J D 0 -138 42 1 6913 0 0
W 0 21 31 (C)
J C 4 5 42 2 6913 0 0
K 0 0 33
K 0 0 34
J K 0 57 0 0 6913 0 0
J D 0 -27 -14 1 6913 0 0
W 0 0 0 \01\09\08
J N 6 139 21 10 1 0 1 115
K 1 49 45
K 0 0 43
K 0 49 43
K -1 49 45
K 2 49 45
K 0 66 96
K 0 96 110
K 0 49 59
K 0 28 59
A D 12 96 0
A P 1 203 0
A P 2 163 0
J N 6 288 21 9 1729 288 1 115
K 1 49 45
K 0 0 43
K 0 49 43
K -1 49 45
K 2 49 45
K 0 66 96
K 0 49 59
K 0 28 59
A D 12 96 0
A P 1 203 0
A P 2 163 0
H 115 B 42 0 108 2 2 3
J R 6 432 28 2 3457 288 0
K 0 0 49
A D 12 96 0
A P 1 0 0
J N 6 586 21 10 5185 288 2 116 117
K 1 49 45
K 0 0 43
K 0 49 43
K -1 49 45
K 2 49 45
K 0 86 108
K 0 49 59
K 0 28 59
K 0 0 51
A D 12 96 1
A P 1 203 1
A P 2 163 1
J B 199 733 1 82 6913 288 0
J N 6 756 21 9 1 0 2 116 117
K 1 49 45
K 0 0 43
K 0 49 43
K -1 49 45
K 2 49 45
K 0 49 59
K 0 28 59
K 0 0 51
A D 12 96 0
A P 1 203 0
A P 2 163 0
H 116 T 21 0 0 0 0 0 3 0
H 117 T 70 0 0 0 0 0 13 0
J N 7 900 21 10 1729 288 1 118
K 1 49 45
K 0 0 43
K 0 49 43
K -1 49 45
K 2 49 45
K 0 49 59
K 0 28 59
K 0 0 59
K 0 -14 59
A D 24 96 0
A P 1 203 0
A P 2 163 0
J N 6 1193 42 5 5185 576 1 118
K 0 -28 43
K 0 0 43
K 0 -28 60
K 0 0 52
A D 12 96 0
A P 1 209 0
A P 2 186 0
H 118 W 21 0 7 110 14 110
J B 200 1372 1 82 6913 288 0
J N 6 1393 21 9 1 0 0
K 1 49 45
K 0 0 43
K 0 49 43
K -1 49 45
K 2 49 45
K 0 49 59
K 0 28 59
K 0 0 51
A D 12 96 0
A P 1 203 0
A P 2 163 0
J R 6 1539 28 2 1729 288 0
K 0 0 49
A D 12 96 1
A P 1 0 1
J R 7 1721 28 2 3457 288 0
K 0 0 48
A D 24 96 0
A P 1 0 0
J B 201 2050 1 82 6913 576 0
E *
@ LINE: 6 Horn 3
L 696 0 0 339 339 * 0 14 0
J D 0 -112 42 1 6913 0 0
W 0 -21 31 Cor 3
J D 0 -112 42 1 6913 0 0
W 0 21 31 (E\0.)
J C 4 5 42 2 6913 0 0
K 0 0 33
K 0 0 34
J K 0 57 0 0 6913 0 0
J D 0 -27 -14 1 6913 0 0
W 0 0 0 \01\09\08
J N 6 139 7 4 1 0 1 64
K 0 0 43
K 0 -17 96
K 0 85 110
A D 12 96 0
A P 1 215 0
J N 6 288 14 3 1729 288 1 64
K 0 0 43
K 0 -21 96
A D 12 96 0
A P 1 209 0
H 64 B -53 0 108 2 2 3
J R 6 432 28 2 3457 288 0
K 0 0 49
A D 12 96 0
A P 1 0 0
J N 6 586 21 4 5185 288 1 65
K 0 0 43
K 0 68 108
K 0 0 54
A D 12 96 1
A P 1 203 1
J B 199 733 1 82 6913 288 0
J N 6 756 21 3 1 0 1 65
K 0 0 43
K 0 0 54
A D 12 96 0
A P 1 203 0
H 65 T 21 0 0 0 0 0 1 0
J N 7 900 7 4 1729 288 1 66
K 0 0 43
K 0 0 60
K 0 21 60
A D 24 96 0
A P 1 215 0
J N 6 1193 7 3 5185 576 1 66
K 0 0 43
K 0 0 54
A D 12 96 0
A P 1 215 0
H 66 W 21 0 7 91 14 91
J B 200 1372 1 82 6913 288 0
J N 6 1393 7 3 1 0 0
K 0 0 43
K 0 0 54
A D 12 96 0
A P 1 215 0
J R 6 1539 28 2 1729 288 0
K 0 0 49
A D 12 96 1
A P 1 0 1
J R 7 1721 28 2 3457 288 0
K 0 0 48
A D 24 96 0
A P 1 0 0
J B 201 2050 1 82 6913 576 0
E *
@ LINE: 8 Timpani
L 836 0 0 339 339 * 0 14 0
J D 0 -110 42 1 6913 0 0
W 0 -21 31 Timp.
J D 0 -110 42 1 6913 0 0
W 0 21 31 (C-G)
J C 22 5 14 36 6913 0 0
J K 0 57 0 0 6913 0 0
J D 0 -27 -14 1 6913 0 0
W 0 0 0 \01\09\08
J N 6 139 35 3 1 0 1 11
K 0 0 43
K 0 14 96
A D 12 96 0
A P 1 123 0
J N 6 288 35 3 1729 288 1 11
K 0 0 43
K 0 14 96
A D 12 96 0
A P 1 123 0
H 11 B 42 0 108 2 2 3
J R 6 432 28 2 3457 288 0
K 0 0 49
A D 12 96 0
A P 1 0 0
J N 5 586 35 4 5185 288 1 12
K 0 0 43
K 25 0 44
K 0 44 108
A D 9 96 0
A P 1 123 0
J N 4 694 35 2 6481 216 1 12
K 0 0 43
A D 3 96 0
A P 1 123 0
H 12 B 64 0 108 2 22 533
J B 199 733 1 82 6913 72 0
J N 6 756 35 2 1 0 1 13
K 0 0 43
A D 12 96 0
A P 1 123 0
J N 6 900 56 2 1729 288 1 13
K 0 0 43
A D 12 96 0
A P 1 106 0
H 13 B 42 1 108 2 2 3
J R 6 1042 28 3 3457 288 0
K 0 0 49
K 21 -7 44
A D 18 96 0
A P 1 0 0
J N 4 1274 56 2 6049 432 2 14 15
K 0 0 43
A D 2 96 0
A P 1 106 0
J N 4 1306 56 2 6337 48 1 15
K 0 0 43
A D 2 96 0
A P 1 106 0
J N 4 1334 56 2 6625 48 2 15 14
K 0 0 43
A D 2 96 0
A P 1 106 0
H 14 X 25 3 0 0 0 0 15
H 15 B 57 0 108 3 222 111 333
J B 200 1372 1 82 6913 48 0
J N 6 1393 56 3 1 0 0
K 0 0 43
K 0 0 53
A D 12 96 0
A P 1 106 0
J R 6 1539 28 2 1729 288 0
K 0 0 49
A D 12 96 1
A P 1 0 1
J R 6 1721 28 3 3457 288 0
K 0 0 49
K 21 -7 44
A D 18 96 0
A P 1 0 0
J N 4 1936 56 2 6049 432 2 16 17
K 0 0 43
A D 2 96 0
A P 1 106 0
J N 4 1976 56 2 6337 48 1 17
K 0 0 43
A D 2 96 0
A P 1 106 0
J N 4 2016 56 2 6625 48 2 17 16
K 0 0 43
A D 2 96 0
A P 1 106 0
H 16 X 25 3 0 0 0 0 17
H 17 B 57 0 108 3 222 111 333
J B 201 2050 1 82 6913 48 0
E *
@ LINE: 9 Violin I
L 1008 0 0 339 339 * 0 14 0
J D 0 -108 42 1 6913 0 0
W 0 0 31 Vln I
J C 4 5 42 2 6913 0 0
K 0 0 33
K 0 0 34
J K -3 57 0 3 6913 0 0
K 0 28 65
K 13 7 65
K 26 35 65
J D 0 -27 -14 1 6913 0 0
W 0 0 0 \01\09\08
J R 4 139 28 4 1 0 0
K 0 14 49
K 4 0 50
K 8 -14 50
A D 3 96 0
A P 1 0 0
J N 4 180 21 3 433 72 1 509
K 0 0 43
K 0 92 110
A D 3 96 0
A P 1 203 0
J N 4 216 21 2 865 72 1 509
K 0 0 43
A D 3 96 0
A P 1 203 0
J N 4 252 21 2 1297 72 1 509
K 0 0 43
A D 3 96 0
A P 1 203 0
H 509 B -64 0 108 3 222 111 333
J N 4 288 35 2 1729 72 1 510
K 0 0 43
A D 3 96 0
A P 1 191 0
J N 4 324 35 2 2161 72 1 510
K 0 0 43
A D 3 96 0
A P 1 191 0
J N 4 360 35 2 2593 72 1 510
K 0 0 43
A D 3 96 0
A P 1 191 0
J N 4 396 35 2 3025 72 1 510
K 0 0 43
A D 3 96 0
A P 1 191 0
H 510 B 64 0 108 4 222 111 111 333
J N 4 432 35 2 3457 72 1 511
K 0 0 43
A D 3 96 0
A P 1 191 0
J N 4 468 35 2 3889 72 1 511
K 0 0 43
A D 3 96 0
A P 1 191 0
J N 4 504 35 2 4321 72 1 511
K 0 0 43
A D 3 96 0
A P 1 191 0
J N 4 540 35 2 4753 72 1 511
K 0 0 43
A D 3 96 0
A P 1 191 0
H 511 B 64 0 108 4 222 111 111 333
J N 4 586 49 4 5185 72 1 512
K -18 0 63
K 0 0 43
K 0 32 108
A D 3 96 0
A P 1 181 0
J N 4 622 49 2 5617 72 1 512
K 0 0 43
A D 3 96 0
A P 1 181 0
J N 4 658 49 2 6049 72 1 512
K 0 0 43
A D 3 96 0
A P 1 181 0
J N 4 694 49 2 6481 72 1 512
K 0 0 43
A D 3 96 0
A P 1 181 0
H 512 B 64 0 108 4 222 111 111 333
J B 199 733 1 82 6913 72 0
J D 0 754 0 1 1 0 0
W 0 91 36 cresc.
J N 4 756 49 3 1 0 1 513
K -18 0 63
K 0 0 43
A D 3 96 0
A P 1 181 0
J N 4 792 49 2 433 72 1 513
K 0 0 43
A D 3 96 0
A P 1 181 0
J N 4 828 49 2 865 72 1 513
K 0 0 43
A D 3 96 0
A P 1 181 0
J N 4 864 49 2 1297 72 1 513
K 0 0 43
A D 3 96 0
A P 1 181 0
H 513 B 64 0 108 4 222 111 111 333
J N 4 900 42 2 1729 72 2 515 514
K 0 0 43
A D 3 96 0
A P 1 186 0
J N 4 936 42 2 2161 72 1 515
K 0 0 43
A D 3 96 0
A P 1 186 0
J N 4 972 42 2 2593 72 1 515
K 0 0 43
A D 3 96 0
A P 1 186 0
J N 4 1007 42 2 3025 72 1 515
K 0 0 43
A D 3 96 0
A P 1 186 0
H 515 B 57 0 108 4 222 111 111 333
J R 4 1042 28 4 3457 72 0
K 0 14 49
K 4 0 50
K 8 -14 50
A D 3 96 0
A P 1 0 0
J S 0 1088 86 108 3889 72 1 514
H 514 W 21 0 7 91 -80 91
J N 4 1088 42 2 3889 0 1 516
K 0 0 43
A D 3 96 0
A P 1 186 0
J N 4 1123 42 2 4321 72 1 516
K 0 0 43
A D 3 96 0
A P 1 186 0
J N 4 1158 42 2 4753 72 1 516
K 0 0 43
A D 3 96 0
A P 1 186 0
H 516 B 57 0 108 3 222 111 333
J R 4 1193 28 4 5185 72 0
K 0 14 49
K 4 0 50
K 8 -14 50
A D 3 96 0
A P 1 0 0
J N 4 1239 28 3 5617 72 1 517
K -14 0 64
K 0 0 43
A D 3 96 0
A P 1 198 0
J N 4 1274 28 2 6049 72 1 517
K 0 0 43
A D 3 96 0
A P 1 198 0
J N 4 1320 28 2 6481 72 1 517
K 0 0 43
A D 3 96 0
A P 1 198 0
H 517 B 57 0 108 3 222 111 333
J B 200 1372 1 82 6913 72 0
J N 7 1393 21 4 1 0 1 518
K 0 0 43
K 0 0 60
K 0 21 60
A D 24 96 0
A P 1 203 0
J N 7 1721 42 4 3457 576 1 518
K 0 0 43
K 0 0 59
K 0 -21 59
A D 24 96 0
A P 1 186 0
H 518 S 0 0 0 0 0 0 0 0 0
J B 201 2050 1 82 6913 576 0
E *
@ LINE: 10 Violin II
L 1140 0 0 339 339 * 0 14 0
J D 0 -121 42 1 6913 0 0
W 0 0 31 Vln II
J C 4 5 42 2 6913 0 0
K 0 0 33
K 0 0 34
J K -3 57 0 3 6913 0 0
K 0 28 65
K 13 7 65
K 26 35 65
J D 0 -27 -14 1 6913 0 0
W 0 0 0 \01\09\08
J R 4 139 28 4 1 0 0
K 0 14 49
K 4 0 50
K 8 -14 50
A D 3 96 0
A P 3 0 0
J N 4 180 70 6 433 72 1 433
K 1 0 45
K 0 0 43
K -1 0 45
K 2 0 45
K 0 36 110
A D 3 96 0
A P 3 163 0
J N 4 216 70 5 865 72 1 433
K 1 0 45
K 0 0 43
K -1 0 45
K 2 0 45
A D 3 96 0
A P 3 163 0
J N 4 252 70 5 1297 72 1 433
K 1 0 45
K 0 0 43
K -1 0 45
K 2 0 45
A D 3 96 0
A P 3 163 0
H 433 B 57 0 108 3 222 111 333
J N 4 288 70 5 1729 72 1 434
K 1 0 45
K 0 0 43
K -1 0 45
K 2 0 45
A D 3 96 0
A P 3 163 0
J N 4 324 70 5 2161 72 1 434
K 1 0 45
K 0 0 43
K -1 0 45
K 2 0 45
A D 3 96 0
A P 3 163 0
J N 4 360 70 5 2593 72 1 434
K 1 0 45
K 0 0 43
K -1 0 45
K 2 0 45
A D 3 96 0
A P 3 163 0
J N 4 396 70 5 3025 72 1 434
K 1 0 45
K 0 0 43
K -1 0 45
K 2 0 45
A D 3 96 0
A P 3 163 0
H 434 B 57 0 108 4 222 111 111 333
J N 4 432 70 5 3457 72 1 435
K 1 0 45
K 0 0 43
K -1 0 45
K 2 0 45
A D 3 96 0
A P 3 163 0
J N 4 468 70 5 3889 72 1 435
K 1 0 45
K 0 0 43
K -1 0 45
K 2 0 45
A D 3 96 0
A P 3 163 0
J N 4 504 70 5 4321 72 1 435
K 1 0 45
K 0 0 43
K -1 0 45
K 2 0 45
A D 3 96 0
A P 3 163 0
J N 4 540 70 5 4753 72 1 435
K 1 0 45
K 0 0 43
K -1 0 45
K 2 0 45
A D 3 96 0
A P 3 163 0
H 435 B 57 0 108 4 222 111 111 333
J N 4 586 70 6 5185 72 1 436
K 1 0 45
K 0 0 43
K -1 0 45
K 2 0 45
K 0 29 108
A D 3 96 0
A P 3 163 0
J N 4 622 70 5 5617 72 1 436
K 1 0 45
K 0 0 43
K -1 0 45
K 2 0 45
A D 3 96 0
A P 3 163 0
J N 4 658 70 5 6049 72 1 436
K 1 0 45
K 0 0 43
K -1 0 45
K 2 0 45
A D 3 96 0
A P 3 163 0
J N 4 694 70 5 6481 72 1 436
K 1 0 45
K 0 0 43
K -1 0 45
K 2 0 45
A D 3 96 0
A P 3 163 0
H 436 B 57 0 108 4 222 111 111 333
J B 199 733 1 82 6913 72 0
J D 0 756 0 1 1 0 0
W 0 109 36 cresc.
J N 4 756 70 5 1 0 1 437
K 1 0 45
K 0 0 43
K -1 0 45
K 2 0 45
A D 3 96 0
A P 3 163 0
J N 4 792 70 5 433 72 1 437
K 1 0 45
K 0 0 43
K -1 0 45
K 2 0 45
A D 3 96 0
A P 3 163 0
J N 4 828 70 5 865 72 1 437
K 1 0 45
K 0 0 43
K -1 0 45
K 2 0 45
A D 3 96 0
A P 3 163 0
J N 4 864 70 5 1297 72 1 437
K 1 0 45
K 0 0 43
K -1 0 45
K 2 0 45
A D 3 96 0
A P 3 163 0
H 437 B 57 0 108 4 222 111 111 333
J N 4 900 70 5 1729 72 2 439 438
K 1 0 45
K 0 0 43
K -1 0 45
K 2 0 45
A D 3 96 0
A P 3 163 0
J N 4 936 70 5 2161 72 1 439
K 1 0 45
K 0 0 43
K -1 0 45
K 2 0 45
A D 3 96 0
A P 3 163 0
J N 4 972 70 5 2593 72 1 439
K 1 0 45
K 0 0 43
K -1 0 45
K 2 0 45
A D 3 96 0
A P 3 163 0
J N 4 1007 70 5 3025 72 2 439 438
K 1 0 45
K 0 0 43
K -1 0 45
K 2 0 45
A D 3 96 0
A P 3 163 0
H 438 W 21 0 7 109 14 109
H 439 B 57 0 108 4 222 111 111 333
J R 4 1042 28 4 3457 72 0
K 0 14 49
K 4 0 50
K 8 -14 50
A D 3 96 0
A P 3 0 0
J N 4 1088 77 7 3889 72 1 440
K 1 -7 45
K -14 0 64
K 0 0 43
K 0 -7 45
K 1 -7 45
K 0 29 108
A D 3 96 0
A P 3 158 0
J N 4 1123 77 5 4321 72 1 440
K 1 -7 45
K 0 0 43
K 0 -7 45
K 1 -7 45
A D 3 96 0
A P 3 158 0
J N 4 1158 77 5 4753 72 1 440
K 1 -7 45
K 0 0 43
K 0 -7 45
K 1 -7 45
A D 3 96 0
A P 3 158 0
H 440 B 64 0 108 3 222 111 333
J R 4 1193 28 4 5185 72 0
K 0 14 49
K 4 0 50
K 8 -14 50
A D 3 96 0
A P 3 0 0
J N 4 1239 63 2 5617 72 1 441
K 0 0 43
A D 3 96 0
A P 3 169 0
J N 4 1274 63 2 6049 72 1 441
K 0 0 43
A D 3 96 0
A P 3 169 0
J N 4 1320 63 2 6481 72 1 441
K 0 0 43
A D 3 96 0
A P 3 169 0
H 441 B 64 0 108 3 222 111 333
J B 200 1372 1 82 6913 72 0
J N 4 1393 56 2 1 0 1 442
K 0 0 43
A D 3 96 0
A P 3 174 0
J N 4 1434 56 2 433 72 2 443 442
K 0 0 43
A D 3 96 0
A P 3 174 0
J N 4 1469 42 2 865 72 1 442
K 0 0 43
A D 3 96 0
A P 3 186 0
J N 4 1504 56 2 1297 72 1 442
K 0 0 43
A D 3 96 0
A P 3 174 0
H 442 B 71 0 108 4 222 111 111 333
J N 4 1539 42 2 1729 72 1 444
K 0 0 43
A D 3 96 0
A P 3 186 0
J N 4 1574 56 2 2161 72 1 444
K 0 0 43
A D 3 96 0
A P 3 174 0
J N 4 1609 42 2 2593 72 1 444
K 0 0 43
A D 3 96 0
A P 3 186 0
J N 4 1665 56 2 3025 72 2 444 443
K 0 0 43
A D 3 96 0
A P 3 174 0
H 444 B 57 1 108 4 222 111 111 333
H 443 S 12 0 0 0 0 0 0 0 0
J R 4 1721 28 4 3457 72 0
K 0 14 49
K 4 0 50
K 8 -14 50
A D 3 96 0
A P 3 0 0
J N 4 1761 49 2 3889 72 2 445 446
K 0 0 43
A D 3 96 0
A P 3 180 0
J N 4 1796 42 2 4321 72 1 446
K 0 0 43
A D 3 96 0
A P 3 186 0
J N 4 1831 49 2 4753 72 1 446
K 0 0 43
A D 3 96 0
A P 3 180 0
H 446 B 64 0 108 3 222 111 333
J N 4 1866 42 2 5185 72 1 447
K 0 0 43
A D 3 96 0
A P 3 186 0
J N 4 1901 49 2 5617 72 1 447
K 0 0 43
A D 3 96 0
A P 3 180 0
J N 4 1936 42 2 6049 72 1 447
K 0 0 43
A D 3 96 0
A P 3 186 0
J N 4 1990 49 2 6481 72 2 447 445
K 0 0 43
A D 3 96 0
A P 3 180 0
H 447 B 57 0 108 4 222 111 111 333
H 445 S 12 0 0 0 0 0 0 0 0
J B 201 2050 1 82 6913 72 0
E *
@ LINE: 11 Viola
L 1272 0 0 339 339 * 0 14 0
J D 0 -86 42 1 6913 0 0
W 0 0 31 Vla
J C 13 5 28 35 6913 0 0
J K -3 57 0 3 6913 0 0
K 0 35 65
K 13 14 65
K 26 42 65
J D 0 -27 -14 1 6913 0 0
W 0 0 0 \01\09\08
J R 4 139 28 4 1 0 0
K 0 14 49
K 4 0 50
K 8 -14 50
A D 3 96 0
A P 1 0 0
J N 4 180 49 3 433 72 1 401
K 0 0 43
K 0 39 110
A D 3 96 0
A P 1 146 0
J N 4 216 49 2 865 72 1 401
K 0 0 43
A D 3 96 0
A P 1 146 0
J N 4 252 49 2 1297 72 1 401
K 0 0 43
A D 3 96 0
A P 1 146 0
H 401 B 64 0 108 3 222 111 333
J N 4 288 56 2 1729 72 1 402
K 0 0 43
A D 3 96 0
A P 1 140 0
J N 4 324 56 2 2161 72 1 402
K 0 0 43
A D 3 96 0
A P 1 140 0
J N 4 360 56 2 2593 72 1 402
K 0 0 43
A D 3 96 0
A P 1 140 0
J N 4 396 56 2 3025 72 1 402
K 0 0 43
A D 3 96 0
A P 1 140 0
H 402 B 57 0 108 4 222 111 111 333
J N 4 432 56 2 3457 72 1 403
K 0 0 43
A D 3 96 0
A P 1 140 0
J N 4 468 56 2 3889 72 1 403
K 0 0 43
A D 3 96 0
A P 1 140 0
J N 4 504 56 2 4321 72 1 403
K 0 0 43
A D 3 96 0
A P 1 140 0
J N 4 540 56 2 4753 72 1 403
K 0 0 43
A D 3 96 0
A P 1 140 0
H 403 B 57 0 108 4 222 111 111 333
J N 4 586 63 3 5185 72 1 404
K 0 0 43
K 0 29 108
A D 3 96 0
A P 1 134 0
J N 4 622 63 2 5617 72 1 404
K 0 0 43
A D 3 96 0
A P 1 134 0
J N 4 658 63 2 6049 72 1 404
K 0 0 43
A D 3 96 0
A P 1 134 0
J N 4 694 63 2 6481 72 1 404
K 0 0 43
A D 3 96 0
A P 1 134 0
H 404 B 64 0 108 4 222 111 111 333
J B 199 733 1 82 6913 72 0
J D 0 756 0 1 1 0 0
W 0 98 36 cresc.
J N 4 756 63 2 1 0 1 405
K 0 0 43
A D 3 96 0
A P 1 134 0
J N 4 792 63 2 433 72 1 405
K 0 0 43
A D 3 96 0
A P 1 134 0
J N 4 828 63 2 865 72 1 405
K 0 0 43
A D 3 96 0
A P 1 134 0
J N 4 864 63 2 1297 72 1 405
K 0 0 43
A D 3 96 0
A P 1 134 0
H 405 B 64 0 108 4 222 111 111 333
J N 4 900 63 2 1729 72 2 407 406
K 0 0 43
A D 3 96 0
A P 1 134 0
J N 4 936 63 2 2161 72 1 407
K 0 0 43
A D 3 96 0
A P 1 134 0
J N 4 972 63 2 2593 72 1 407
K 0 0 43
A D 3 96 0
A P 1 134 0
J N 4 1007 63 2 3025 72 2 407 406
K 0 0 43
A D 3 96 0
A P 1 134 0
H 406 W 21 0 7 98 14 98
H 407 B 64 0 108 4 222 111 111 333
J R 4 1042 28 4 3457 72 0
K 0 14 49
K 4 0 50
K 8 -14 50
A D 3 96 0
A P 1 0 0
J N 4 1088 70 6 3889 72 1 408
K 1 0 45
K 0 0 43
K -1 0 45
K 2 0 45
K 0 29 108
A D 3 96 0
A P 1 129 0
J N 4 1123 70 5 4321 72 1 408
K 1 0 45
K 0 0 43
K -1 0 45
K 2 0 45
A D 3 96 0
A P 1 129 0
J N 4 1158 70 5 4753 72 1 408
K 1 0 45
K 0 0 43
K -1 0 45
K 2 0 45
A D 3 96 0
A P 1 129 0
H 408 B 57 0 108 3 222 111 333
J R 4 1193 28 4 5185 72 0
K 0 14 49
K 4 0 50
K 8 -14 50
A D 3 96 0
A P 1 0 0
J N 4 1239 49 2 5617 72 1 409
K 0 0 43
A D 3 96 0
A P 1 146 0
J N 4 1274 49 2 6049 72 1 409
K 0 0 43
A D 3 96 0
A P 1 146 0
J N 4 1320 49 2 6481 72 1 409
K 0 0 43
A D 3 96 0
A P 1 146 0
H 409 B 64 0 108 3 222 111 333
J B 200 1372 1 82 6913 72 0
J N 4 1393 77 7 1 0 0
K 1 -7 45
K 0 0 43
K 0 -7 45
K 1 -7 45
K 0 0 55
K 0 -14 57
A D 3 96 0
A P 1 123 0
J N 4 1434 28 2 433 72 2 410 411
K 0 0 43
A D 3 96 0
A P 1 163 0
J N 4 1469 14 2 865 72 1 411
K 0 0 43
A D 3 96 0
A P 1 174 0
J N 4 1504 28 2 1297 72 1 411
K 0 0 43
A D 3 96 0
A P 1 163 0
H 411 B -57 0 108 3 222 111 333
J N 4 1539 14 2 1729 72 1 412
K 0 0 43
A D 3 96 0
A P 1 174 0
J N 4 1574 28 2 2161 72 1 412
K 0 0 43
A D 3 96 0
A P 1 163 0
J N 4 1609 14 2 2593 72 1 412
K 0 0 43
A D 3 96 0
A P 1 174 0
J N 4 1665 28 2 3025 72 2 412 410
K 0 0 43
A D 3 96 0
A P 1 163 0
H 412 B -69 1 108 4 222 111 111 333
H 410 S 0 0 -7 0 -7 0 0 0 0
J R 4 1721 28 4 3457 72 0
K 0 14 49
K 4 0 50
K 8 -14 50
A D 3 96 0
A P 1 0 0
J N 4 1761 21 2 3889 72 2 413 414
K 0 0 43
A D 3 96 0
A P 1 169 0
J N 4 1796 7 2 4321 72 1 414
K 0 0 43
A D 3 96 0
A P 1 180 0
J N 4 1831 21 2 4753 72 1 414
K 0 0 43
A D 3 96 0
A P 1 169 0
H 414 B -64 0 108 3 222 111 333
J N 4 1866 7 2 5185 72 1 415
K 0 0 43
A D 3 96 0
A P 1 180 0
J N 4 1901 21 2 5617 72 1 415
K 0 0 43
A D 3 96 0
A P 1 169 0
J N 4 1936 7 2 6049 72 1 415
K 0 0 43
A D 3 96 0
A P 1 180 0
J N 4 1990 21 2 6481 72 2 415 413
K 0 0 43
A D 3 96 0
A P 1 169 0
H 415 B -74 1 108 4 222 111 111 333
H 413 S 0 0 -7 0 -7 0 0 0 0
J B 201 2050 1 82 6913 72 0
E *
@ LINE: 12 Cello
L 1407 0 0 339 339 * 0 14 0
J D 0 -75 42 1 6913 0 0
W 0 0 31 Vc
J C 22 5 14 36 6913 0 0
J K -3 57 0 3 6913 0 0
K 0 42 65
K 13 21 65
K 26 49 65
J D 0 -27 -14 1 6913 0 0
W 0 0 0 \01\09\08
J N 6 139 21 4 1 0 1 371
K 0 0 43
K 0 -14 96
K 0 78 110
A D 24 192 0
A P 1 134 0
J N 6 288 14 3 1729 288 1 371
K 0 0 43
K 0 -21 96
A D 24 192 0
A P 1 140 0
H 371 B -42 0 108 2 2 3
J R 6 432 28 2 3457 288 0
K 0 0 49
A D 24 192 0
A P 1 0 0
J N 6 586 0 4 5185 288 1 372
K 0 0 43
K 0 79 108
K 0 0 54
A D 24 192 1
A P 1 151 1
J B 199 733 1 82 6913 288 0
J D 0 756 0 1 1 0 0
W 0 91 36 cresc.
J N 6 756 0 2 1 0 3 373 374 372
K 0 0 43
A D 24 192 0
A P 1 151 0
H 372 T 0 0 0 0 0 0 5 0
J N 6 900 7 2 1729 288 3 374 373 375
K 0 0 43
A D 24 192 0
A P 1 146 0
H 374 B -56 0 108 2 2 3
H 373 S 0 0 0 0 0 0 0 0 0
J S 0 1042 91 108 3457 288 1 375
H 375 W 21 0 7 91 -17 91
J N 6 1042 56 2 3457 0 1 376
K 0 0 43
A D 24 192 0
A P 1 106 0
J N 6 1193 7 2 5185 288 1 376
K 0 0 43
A D 24 192 0
A P 1 146 0
H 376 B 58 -5 108 2 2 3
J B 200 1372 1 82 6913 288 0
J N 6 1393 35 3 1 0 0
K 0 0 43
K 0 0 53
A D 24 192 0
A P 1 123 0
J R 5 1539 28 3 1729 288 0
K 0 14 49
K 4 0 50
A D 12 192 0
A P 1 0 0
J N 3 1609 35 2 2593 144 2 377 378
K 0 0 43
A D 3 192 0
A P 1 123 0
J N 3 1637 28 2 2809 36 1 378
K 0 0 43
A D 3 192 0
A P 1 129 0
J N 3 1665 21 2 3025 36 1 378
K 0 0 43
A D 3 192 0
A P 1 134 0
J N 3 1693 14 2 3241 36 1 378
K 0 0 43
A D 3 192 0
A P 1 140 0
H 378 B -62 -5 108 4 2222 1111 1111 3333
J N 6 1721 7 4 3457 36 1 377
K 0 0 43
K 0 -17 96
K 0 0 54
A D 24 192 0
A P 1 146 0
H 377 S 0 0 0 0 -14 0 0 0 0
J R 5 1866 28 3 5185 288 0
K 0 14 49
K 4 0 50
A D 12 192 0
A P 1 0 0
J N 4 1936 7 2 6049 144 3 379 380 381
K 0 0 43
A D 4 192 0
A P 1 146 0
J N 4 1976 0 3 6337 48 1 381
K -14 0 64
K 0 0 43
A D 4 192 0
A P 1 152 0
J N 4 2016 -7 3 6625 48 3 381 379 380
K -14 0 64
K 0 0 43
A D 4 192 0
A P 1 158 0
H 380 X 9 3 0 0 0 0 381
H 381 B -53 -2 108 3 222 111 333
H 379 S 0 0 -14 0 -14 0 0 0 0
J B 201 2050 1 82 6913 48 0
E *
@ LINE: 13 Contrabass
L 1537 0 0 339 339 * 0 14 0
J D 0 -75 42 1 6913 0 0
W 0 0 31 Cb
J C 22 5 14 36 6913 0 0
J K -3 57 0 3 6913 0 0
K 0 42 65
K 13 21 65
K 26 49 65
J D 0 -27 -14 1 6913 0 0
W 0 0 0 \01\09\08
J N 6 139 21 4 1 0 1 298
K 0 0 43
K 0 -14 96
K 0 78 110
A D 12 96 0
A P 1 134 0
J N 6 288 14 3 1729 288 1 298
K 0 0 43
K 0 -21 96
A D 12 96 0
A P 1 140 0
H 298 B -42 0 108 2 2 3
J R 6 432 28 2 3457 288 0
K 0 0 49
A D 12 96 0
A P 1 0 0
J N 6 586 0 4 5185 288 1 299
K 0 0 43
K 0 79 108
K 0 0 54
A D 12 96 1
A P 1 151 1
J B 199 733 1 82 6913 288 0
J D 0 756 0 1 1 0 0
W 0 91 36 cresc.
J N 6 756 0 2 1 0 3 300 301 299
K 0 0 43
A D 12 96 0
A P 1 151 0
H 299 T 0 0 0 0 0 0 5 0
J N 6 900 7 2 1729 288 3 301 300 302
K 0 0 43
A D 12 96 0
A P 1 146 0
H 301 B -56 0 108 2 2 3
H 300 S 0 0 0 0 0 0 0 0 0
J S 0 1042 91 108 3457 288 1 302
H 302 W 21 0 7 91 -17 91
J N 6 1042 56 2 3457 0 1 303
K 0 0 43
A D 12 96 0
A P 1 106 0
J N 6 1193 7 2 5185 288 1 303
K 0 0 43
A D 12 96 0
A P 1 146 0
H 303 B 58 -5 108 2 2 3
J B 200 1372 1 82 6913 288 0
J N 6 1393 35 3 1 0 0
K 0 0 43
K 0 0 53
A D 12 96 0
A P 1 123 0
J R 6 1539 28 2 1729 288 0
K 0 0 49
A D 12 96 1
A P 1 0 1
J R 7 1721 28 2 3457 288 0
K 0 0 48
A D 24 96 0
A P 1 0 0
J B 201 2050 1 82 6913 576 0
E *
B 1 733 0
B 1 1372 0
B 1 2050 0
