@ SOURCE: {beethoven/bhl/orch/sym2/stage2/03/s06} MAY/19/2010 [md5sum:8033db4729d81553a69c8140b0db83b2]
L 0 0 14 !39Trombe 1, 2       in D
J D 4 500 -120 1 6913 0 0
W 0 0 44 Scherzo & Trio
J D 1 75 -37 1 6913 0 0
W 0 -56 44 Scherzo & Trio:  Trombe 1, 2       in D
J C 4 5 42 2 6913 0 0
K 0 0 33
K 0 0 34
J K 0 57 0 0 6913 0 0
J T 304 66 0 2 6913 0 0
K -10 28 74
K -10 56 75
Y P 31 Tr_1-2/_(D)
J N 8 105 21 13 1 0 0
K 1 49 45
K 0 0 42
K 25 0 44
K 0 49 42
K -1 49 45
K 2 49 45
K 24 43 44
K 0 85 110
K 0 49 59
K 0 28 59
K 0 0 59
K 0 -14 59
A D 3 4 0
A P 1 203 0
A P 2 163 0
J B 2 155 1 82 6913 1728 0
J R 9 176 28 2 1 10001 0
K 0 0 46
A D 3 4 0
A P 3 0 0
J B 3 226 1 82 6913 1728 0
J N 8 247 21 13 1 0 0
K 1 49 45
K 0 0 42
K 25 0 44
K 0 49 42
K -1 49 45
K 2 49 45
K 24 43 44
K 0 85 110
K 0 49 59
K 0 28 59
K 0 0 59
K 0 -14 59
A D 3 4 0
A P 1 203 0
A P 2 163 0
J B 4 297 1 82 6913 1728 0
J R 9 318 28 2 1 10001 0
K 0 0 46
A D 3 4 0
A P 3 0 0
J B 5 368 1 82 6913 1728 0
J R 9 389 28 2 1 10001 0
K 0 0 46
A D 3 4 0
A P 3 0 0
J B 6 439 1 82 6913 1728 0
J R 9 460 28 2 1 10001 0
K 0 0 46
A D 3 4 0
A P 3 0 0
J B 7 510 1 82 6913 1728 0
J R 9 531 28 2 1 10001 0
K 0 0 46
A D 3 4 0
A P 3 0 0
J B 8 581 1 82 6913 1728 0
J N 7 602 21 13 1 0 0
K 1 49 45
K 0 0 43
K 0 49 43
K -1 49 45
K 2 49 45
K 0 66 96
K -4 103 110
K 13 103 110
K 0 49 59
K 0 28 59
K 0 0 59
K 0 -14 59
A D 1 4 0
A P 1 203 0
A P 2 163 0
J N 7 631 42 12 2305 576 0
K 1 28 45
K 1 42 45
K 0 0 43
K 0 49 43
K 0 42 45
K 1 42 45
K 0 66 96
K 0 49 59
K 0 28 59
K 0 0 59
K 0 -21 59
A D 1 4 0
A P 1 186 0
A P 2 146 0
J N 7 660 21 11 4609 576 0
K 1 49 45
K 0 0 43
K 0 49 43
K -1 49 45
K 2 49 45
K 0 66 96
K 0 49 59
K 0 28 59
K 0 0 59
K 0 -14 59
A D 1 4 0
A P 1 203 0
A P 2 163 0
J B 9 693 1 82 6913 576 0
J N 8 714 21 13 1 0 0
K 1 49 45
K 0 0 42
K 25 0 44
K 0 49 42
K -1 49 45
K 2 49 45
K 24 43 44
K 0 85 110
K 0 49 59
K 0 28 59
K 0 0 59
K 0 -14 59
A D 3 4 0
A P 1 203 0
A P 2 163 0
J B 10 764 1 82 6913 1728 0
J R 9 785 28 2 1 10001 0
K 0 0 46
A D 3 4 0
A P 3 0 0
J B 11 835 1 82 6913 1728 0
J N 8 856 21 13 1 0 0
K 1 49 45
K 0 0 42
K 25 0 44
K 0 49 42
K -1 49 45
K 2 49 45
K 24 43 44
K 0 85 110
K 0 49 59
K 0 28 59
K 0 0 59
K 0 -14 59
A D 3 4 0
A P 1 203 0
A P 2 163 0
J B 12 906 1 82 6913 1728 0
J R 9 927 28 2 1 10001 0
K 0 0 46
A D 3 4 0
A P 3 0 0
J B 13 977 1 82 6913 1728 0
J R 9 998 28 2 1 10001 0
K 0 0 46
A D 3 4 0
A P 3 0 0
J B 14 1048 1 82 6913 1728 0
J R 9 1069 28 2 1 10001 0
K 0 0 46
A D 3 4 0
A P 3 0 0
J B 15 1119 1 82 6913 1728 0
J R 9 1140 28 2 1 10001 0
K 0 0 46
A D 3 4 0
A P 3 0 0
J B 16 1190 1 82 6913 1728 0
J D 0 1200 0 1 1 0 0
W 0 -21 32 zu 2
J N 7 1211 14 7 1 0 0
K 0 0 43
K 0 -21 96
K -4 72 110
K 13 72 110
K 0 0 60
K 0 21 60
A D 1 4 0
A P 3 209 0
J N 7 1240 14 5 2305 576 0
K 0 0 43
K 0 -21 96
K 0 0 60
K 0 21 60
A D 1 4 0
A P 3 209 0
J N 7 1269 14 5 4609 576 0
K 0 0 43
K 0 -21 96
K 0 0 60
K 0 21 60
A D 1 4 0
A P 3 209 0
J B 17 1324 10 6 6913 576 0
K -22 21 44
K -22 35 44
K -12 0 84
K 0 0 84
K 11 21 44
K 11 35 44
J R 9 1361 28 2 1 10001 0
K 0 0 46
A D 3 4 0
A P 3 0 0
J B 18 1411 1 82 6913 1728 0
J R 9 1432 28 2 1 10001 0
K 0 0 46
A D 3 4 0
A P 3 0 0
J B 19 1482 1 82 6913 1728 0
J R 9 1503 28 2 1 10001 0
K 0 0 46
A D 3 4 0
A P 3 0 0
J B 20 1553 1 82 6913 1728 0
J R 9 1574 28 2 1 10001 0
K 0 0 46
A D 3 4 0
A P 3 0 0
J B 21 1624 1 82 6913 1728 0
J R 9 1645 28 2 1 10001 0
K 0 0 46
A D 3 4 0
A P 3 0 0
J B 22 1695 1 82 6913 1728 0
J R 9 1716 28 2 1 10001 0
K 0 0 46
A D 3 4 0
A P 3 0 0
J B 23 1766 1 82 6913 1728 0
J R 9 1787 28 2 1 10001 0
K 0 0 46
A D 3 4 0
A P 3 0 0
J B 24 1837 1 82 6913 1728 0
J R 9 1858 28 2 1 10001 0
K 0 0 46
A D 3 4 0
A P 3 0 0
J B 25 1908 1 82 6913 1728 0
J R 9 1929 28 2 1 10001 0
K 0 0 46
A D 3 4 0
A P 3 0 0
J B 26 1979 1 82 6913 1728 0
J R 9 2000 28 2 1 10001 0
K 0 0 46
A D 3 4 0
A P 3 0 0
J B 27 2050 1 82 6913 1728 0
J R 9 2071 28 2 1 10001 0
K 0 0 46
A D 3 4 0
A P 3 0 0
J B 28 2121 1 82 6913 1728 0
J R 9 2142 28 2 1 10001 0
K 0 0 46
A D 3 4 0
A P 3 0 0
J B 29 2192 1 82 6913 1728 0
J R 9 2213 28 2 1 10001 0
K 0 0 46
A D 3 4 0
A P 3 0 0
J B 30 2263 1 82 6913 1728 0
J R 9 2284 28 2 1 10001 0
K 0 0 46
A D 3 4 0
A P 3 0 0
J B 31 2334 1 82 6913 1728 0
J R 9 2355 28 2 1 10001 0
K 0 0 46
A D 3 4 0
A P 3 0 0
J B 32 2405 1 82 6913 1728 0
J R 9 2426 28 2 1 10001 0
K 0 0 46
A D 3 4 0
A P 3 0 0
J B 33 2476 1 82 6913 1728 0
J R 9 2497 28 2 1 10001 0
K 0 0 46
A D 3 4 0
A P 3 0 0
J B 34 2547 1 82 6913 1728 0
J R 9 2568 28 2 1 10001 0
K 0 0 46
A D 3 4 0
A P 3 0 0
J B 35 2618 1 82 6913 1728 0
J R 9 2639 28 2 1 10001 0
K 0 0 46
A D 3 4 0
A P 3 0 0
J B 36 2689 1 82 6913 1728 0
J R 9 2710 28 2 1 10001 0
K 0 0 46
A D 3 4 0
A P 3 0 0
J B 37 2760 1 82 6913 1728 0
J R 9 2781 28 2 1 10001 0
K 0 0 46
A D 3 4 0
A P 3 0 0
J B 38 2831 1 82 6913 1728 0
J R 9 2852 28 2 1 10001 0
K 0 0 46
A D 3 4 0
A P 3 0 0
J B 39 2902 1 82 6913 1728 0
J N 8 2923 21 13 1 0 0
K 1 49 45
K 0 0 42
K 25 0 44
K 0 49 42
K -1 49 45
K 2 49 45
K 24 43 44
K 0 85 110
K 0 49 59
K 0 28 59
K 0 0 59
K 0 -14 59
A D 3 4 0
A P 1 203 0
A P 2 163 0
J B 40 2973 1 82 6913 1728 0
J R 9 2994 28 2 1 10001 0
K 0 0 46
A D 3 4 0
A P 3 0 0
J B 41 3044 1 82 6913 1728 0
J N 8 3065 21 13 1 0 0
K 1 49 45
K 0 0 42
K 25 0 44
K 0 49 42
K -1 49 45
K 2 49 45
K 24 43 44
K 0 85 110
K 0 49 59
K 0 28 59
K 0 0 59
K 0 -14 59
A D 3 4 0
A P 1 203 0
A P 2 163 0
J B 42 3115 1 82 6913 1728 0
J R 9 3136 28 2 1 10001 0
K 0 0 46
A D 3 4 0
A P 3 0 0
J B 43 3186 1 82 6913 1728 0
J R 9 3207 28 2 1 10001 0
K 0 0 46
A D 3 4 0
A P 3 0 0
J B 44 3257 1 82 6913 1728 0
J R 9 3278 28 2 1 10001 0
K 0 0 46
A D 3 4 0
A P 3 0 0
J B 45 3328 1 82 6913 1728 0
J R 9 3349 28 2 1 10001 0
K 0 0 46
A D 3 4 0
A P 3 0 0
J B 46 3399 1 82 6913 1728 0
J N 7 3420 21 13 1 0 0
K 1 49 45
K 0 0 43
K 0 49 43
K -1 49 45
K 2 49 45
K 0 66 96
K -7 103 110
K 10 103 110
K 0 49 59
K 0 28 59
K 0 0 59
K 0 -14 59
A D 1 4 0
A P 1 203 0
A P 2 163 0
J N 7 3449 42 12 2305 576 0
K 1 28 45
K 1 42 45
K 0 0 43
K 0 49 43
K 0 42 45
K 1 42 45
K 0 66 96
K 0 49 59
K 0 28 59
K 0 0 59
K 0 -21 59
A D 1 4 0
A P 1 186 0
A P 2 146 0
J N 7 3478 21 11 4609 576 0
K 1 49 45
K 0 0 43
K 0 49 43
K -1 49 45
K 2 49 45
K 0 66 96
K 0 49 59
K 0 28 59
K 0 0 59
K 0 -14 59
A D 1 4 0
A P 1 203 0
A P 2 163 0
J B 47 3511 1 82 6913 576 0
J N 8 3532 21 13 1 0 0
K 1 49 45
K 0 0 42
K 25 0 44
K 0 49 42
K -1 49 45
K 2 49 45
K 24 43 44
K 0 85 110
K 0 49 59
K 0 28 59
K 0 0 59
K 0 -14 59
A D 3 4 0
A P 1 203 0
A P 2 163 0
J B 48 3582 1 82 6913 1728 0
J R 9 3603 28 2 1 10001 0
K 0 0 46
A D 3 4 0
A P 3 0 0
J B 49 3653 1 82 6913 1728 0
J N 8 3674 21 13 1 0 0
K 1 49 45
K 0 0 42
K 25 0 44
K 0 49 42
K -1 49 45
K 2 49 45
K 24 43 44
K 0 85 110
K 0 49 59
K 0 28 59
K 0 0 59
K 0 -14 59
A D 3 4 0
A P 1 203 0
A P 2 163 0
J B 50 3724 1 82 6913 1728 0
J R 9 3745 28 2 1 10001 0
K 0 0 46
A D 3 4 0
A P 3 0 0
J B 51 3795 1 82 6913 1728 0
J R 9 3816 28 2 1 10001 0
K 0 0 46
A D 3 4 0
A P 3 0 0
J B 52 3866 1 82 6913 1728 0
J R 9 3887 28 2 1 10001 0
K 0 0 46
A D 3 4 0
A P 3 0 0
J B 53 3937 1 82 6913 1728 0
J R 9 3958 28 2 1 10001 0
K 0 0 46
A D 3 4 0
A P 3 0 0
J B 54 4008 1 82 6913 1728 0
J R 9 4029 28 2 1 10001 0
K 0 0 46
A D 3 4 0
A P 3 0 0
J B 55 4079 1 82 6913 1728 0
J R 9 4100 28 2 1 10001 0
K 0 0 46
A D 3 4 0
A P 3 0 0
J B 56 4150 1 82 6913 1728 0
J R 9 4171 28 2 1 10001 0
K 0 0 46
A D 3 4 0
A P 3 0 0
J B 57 4221 1 82 6913 1728 0
J R 9 4242 28 2 1 10001 0
K 0 0 46
A D 3 4 0
A P 3 0 0
J B 58 4292 1 82 6913 1728 0
J R 9 4313 28 2 1 10001 0
K 0 0 46
A D 3 4 0
A P 3 0 0
J B 59 4363 1 82 6913 1728 0
J R 9 4384 28 2 1 10001 0
K 0 0 46
A D 3 4 0
A P 3 0 0
J B 60 4434 1 82 6913 1728 0
J R 9 4455 28 2 1 10001 0
K 0 0 46
A D 3 4 0
A P 3 0 0
J B 61 4505 1 82 6913 1728 0
J R 9 4526 28 2 1 10001 0
K 0 0 46
A D 3 4 0
A P 3 0 0
J B 62 4576 1 82 6913 1728 0
J R 9 4597 28 2 1 10001 0
K 0 0 46
A D 3 4 0
A P 3 0 0
J B 63 4647 1 82 6913 1728 0
J R 9 4668 28 2 1 10001 0
K 0 0 46
A D 3 4 0
A P 3 0 0
J B 64 4718 1 82 6913 1728 0
J R 9 4739 28 2 1 10001 0
K 0 0 46
A D 3 4 0
A P 3 0 0
J B 65 4789 1 82 6913 1728 0
J N 8 4810 42 14 1 0 0
K 1 28 45
K 1 42 45
K 0 0 42
K 24 -6 44
K 0 49 42
K 0 42 45
K 1 42 45
K 25 49 44
K 0 85 110
K 0 49 59
K 0 28 59
K 0 0 59
K 0 -21 59
A D 3 4 0
A P 1 186 0
A P 2 146 0
J B 66 4860 1 82 6913 1728 0
J N 7 4881 21 10 1 0 0
K 1 49 45
K 0 0 43
K 0 49 43
K -1 49 45
K 2 49 45
K 0 49 59
K 0 28 59
K 0 0 59
K 0 -14 59
A D 1 4 0
A P 1 203 0
A P 2 163 0
J R 7 4910 28 2 2305 576 0
K 0 0 48
A D 1 4 1
A P 1 0 1
J R 7 4939 28 2 4609 576 0
K 0 0 48
A D 1 4 0
A P 1 0 0
J B 67 4972 1 82 6913 576 0
J R 9 4993 28 2 1 10001 0
K 0 0 46
A D 3 4 0
A P 3 0 0
J B 68 5043 1 82 6913 1728 0
J R 9 5064 28 2 1 10001 0
K 0 0 46
A D 3 4 0
A P 3 0 0
J B 69 5114 1 82 6913 1728 0
J R 9 5135 28 2 1 10001 0
K 0 0 46
A D 3 4 0
A P 3 0 0
J B 70 5185 1 82 6913 1728 0
J R 9 5206 28 2 1 10001 0
K 0 0 46
A D 3 4 0
A P 3 0 0
J B 71 5256 1 82 6913 1728 0
J R 9 5277 28 2 1 10001 0
K 0 0 46
A D 3 4 0
A P 3 0 0
J B 72 5327 1 82 6913 1728 0
J R 9 5348 28 2 1 10001 0
K 0 0 46
A D 3 4 0
A P 3 0 0
J B 73 5398 1 82 6913 1728 0
J N 8 5419 42 14 1 0 0
K 1 28 45
K 1 42 45
K 0 0 42
K 24 -6 44
K 0 49 42
K 0 42 45
K 1 42 45
K 25 49 44
K 0 85 110
K 0 49 59
K 0 28 59
K 0 0 59
K 0 -21 59
A D 3 4 0
A P 1 186 0
A P 2 146 0
J B 74 5469 1 82 6913 1728 0
J N 7 5490 21 10 1 0 0
K 1 49 45
K 0 0 43
K 0 49 43
K -1 49 45
K 2 49 45
K 0 49 59
K 0 28 59
K 0 0 59
K 0 -14 59
A D 1 4 0
A P 1 203 0
A P 2 163 0
J R 7 5519 28 2 2305 576 0
K 0 0 48
A D 1 4 1
A P 1 0 1
J R 7 5548 28 2 4609 576 0
K 0 0 48
A D 1 4 0
A P 1 0 0
J B 75 5581 1 82 6913 576 0
J R 9 5602 28 2 1 10001 0
K 0 0 46
A D 3 4 0
A P 3 0 0
J B 76 5652 1 82 6913 1728 0
J R 9 5673 28 2 1 10001 0
K 0 0 46
A D 3 4 0
A P 3 0 0
J B 77 5723 1 82 6913 1728 0
J N 8 5744 42 15 1 0 0
K 1 28 45
K 1 42 45
K 0 0 42
K 24 -6 44
K 0 49 42
K 0 42 45
K 1 42 45
K 25 49 44
K 0 81 111
K 12 81 110
K 0 49 59
K 0 28 59
K 0 0 59
K 0 -21 59
A D 3 4 0
A P 1 186 0
A P 2 146 0
J B 78 5794 1 82 6913 1728 0
J N 7 5815 21 10 1 0 0
K 1 49 45
K 0 0 43
K 0 49 43
K -1 49 45
K 2 49 45
K 0 49 59
K 0 28 59
K 0 0 59
K 0 -14 59
A D 1 4 0
A P 1 203 0
A P 2 163 0
J R 7 5844 28 2 2305 576 0
K 0 0 48
A D 1 4 1
A P 1 0 1
J R 7 5873 28 2 4609 576 0
K 0 0 48
A D 1 4 0
A P 1 0 0
J B 79 5906 1 82 6913 576 0
J N 8 5927 42 15 1 0 0
K 1 28 45
K 1 42 45
K 0 0 42
K 24 -6 44
K 0 49 42
K 0 42 45
K 1 42 45
K 25 49 44
K 0 81 111
K 12 81 110
K 0 49 59
K 0 28 59
K 0 0 59
K 0 -21 59
A D 3 4 0
A P 1 186 0
A P 2 146 0
J B 80 5977 1 82 6913 1728 0
J N 7 5998 21 10 1 0 0
K 1 49 45
K 0 0 43
K 0 49 43
K -1 49 45
K 2 49 45
K 0 49 59
K 0 28 59
K 0 0 59
K 0 -14 59
A D 1 4 0
A P 1 203 0
A P 2 163 0
J R 7 6027 28 2 2305 576 0
K 0 0 48
A D 1 4 1
A P 1 0 1
J R 7 6056 28 2 4609 576 0
K 0 0 48
A D 1 4 0
A P 1 0 0
J B 81 6089 1 82 6913 576 0
J N 8 6110 42 15 1 0 2 1 2
K 1 28 45
K 1 42 45
K 0 0 42
K 24 -6 44
K 0 49 42
K 0 42 45
K 1 42 45
K 25 49 44
K -33 82 110
K -16 82 110
K 0 49 59
K 0 28 59
K 0 0 59
K 0 -21 59
A D 3 4 1
A P 1 186 1
A P 2 146 1
J B 82 6160 1 82 6913 1728 0
J N 8 6181 42 13 1 0 2 1 2
K 1 28 45
K 1 42 45
K 0 0 42
K 24 -6 44
K 0 49 42
K 0 42 45
K 1 42 45
K 25 49 44
K 0 49 59
K 0 28 59
K 0 0 59
K 0 -21 59
A D 3 4 0
A P 1 186 0
A P 2 146 0
H 1 T 42 0 0 0 0 0 7 0
H 2 T 91 0 0 0 0 0 9 0
J B 83 6231 1 82 6913 1728 0
J N 7 6252 21 10 1 0 0
K 1 49 45
K 0 0 43
K 0 49 43
K -1 49 45
K 2 49 45
K 0 49 59
K 0 28 59
K 0 0 59
K 0 -14 59
A D 1 4 0
A P 1 203 0
A P 2 163 0
J R 7 6281 28 2 2305 576 0
K 0 0 48
A D 1 4 0
A P 1 0 0
J N 7 6310 42 12 4609 576 0
K 1 28 45
K 1 42 45
K 0 0 43
K 0 49 43
K 0 42 45
K 1 42 45
K 0 66 96
K 0 49 59
K 0 28 59
K 0 0 59
K 0 -21 59
A D 1 4 0
A P 1 186 0
A P 2 146 0
J B 84 6343 1 82 6913 576 1 3
J N 7 6364 21 11 1 0 0
K 1 49 45
K 0 0 43
K 0 49 43
K -1 49 45
K 2 49 45
K 0 66 96
K 0 49 59
K 0 28 59
K 0 0 59
K 0 -14 59
A D 1 4 0
A P 1 203 0
A P 2 163 0
J R 7 6393 28 2 2305 576 0
K 0 0 48
A D 1 4 1
A P 1 0 1
J R 7 6422 28 2 4609 576 0
K 0 0 48
A D 1 4 0
A P 1 0 0
J B 85 6478 6 4 6913 576 2 3 4
K -23 21 44
K -23 35 44
K -13 0 82
K -6 0 84
H 3 E 1 0 -8 -42 21 21
J N 7 6499 21 11 1 0 0
K 1 49 45
K 0 0 43
K 0 49 43
K -1 49 45
K 2 49 45
K 0 66 96
K 0 49 59
K 0 28 59
K 0 0 59
K 0 -14 59
A D 1 4 0
A P 1 203 0
A P 2 163 0
J R 7 6528 28 2 3457 576 0
K 0 0 48
A D 1 4 0
A P 1 0 0
J B 0 6574 6 2 6913 576 1 4
K -13 0 82
K -6 0 84
H 4 E 2 0 0 -42 21 21
J D 5 6595 -56 1 6913 0 0
W 0 0 37 Trio
J T 304 6604 0 2 6913 0 0
K -10 28 74
K -10 56 75
J r 7 6646 28 2 1 0 0
K 0 0 48
A D 1 4 0
A P 3 0 0
J B 86 6679 1 82 6913 576 0
J R 9 6700 28 2 1 10001 0
K 0 0 46
A D 3 4 0
A P 3 0 0
J B 87 6741 1 82 6913 1728 0
J R 9 6762 28 2 1 10001 0
K 0 0 46
A D 3 4 0
A P 3 0 0
J B 88 6803 1 82 6913 1728 0
J R 9 6824 28 2 1 10001 0
K 0 0 46
A D 3 4 0
A P 3 0 0
J B 89 6865 1 82 6913 1728 0
J R 9 6886 28 2 1 10001 0
K 0 0 46
A D 3 4 0
A P 3 0 0
J B 90 6927 1 82 6913 1728 0
J R 9 6948 28 2 1 10001 0
K 0 0 46
A D 3 4 0
A P 3 0 0
J B 91 6989 1 82 6913 1728 0
J R 9 7010 28 2 1 10001 0
K 0 0 46
A D 3 4 0
A P 3 0 0
J B 92 7051 1 82 6913 1728 0
J R 9 7072 28 2 1 10001 0
K 0 0 46
A D 3 4 0
A P 3 0 0
J B 93 7113 1 82 6913 1728 1 5
J r 7 7134 28 2 1 0 0
K 0 0 48
A D 1 4 1
A P 3 0 1
J r 7 7163 28 2 3457 576 0
K 0 0 48
A D 1 4 0
A P 3 0 0
J B 94 7219 6 4 6913 576 2 5 6
K -23 21 44
K -23 35 44
K -13 0 82
K -6 0 84
H 5 E 1 0 -8 -42 21 21
J R 9 7240 28 2 1 10001 0
K 0 0 46
A D 3 4 0
A P 3 0 0
J B 95 7281 9 4 6913 1728 1 6
K 0 0 84
K 12 0 82
K 18 21 44
K 18 35 44
H 6 E 2 0 0 -42 21 21
J R 9 7324 28 2 1 10001 0
K 0 0 46
A D 3 4 0
A P 3 0 0
J B 96 7365 1 82 6913 1728 0
J R 9 7386 28 2 1 10001 0
K 0 0 46
A D 3 4 0
A P 3 0 0
J B 97 7427 1 82 6913 1728 0
J R 9 7448 28 2 1 10001 0
K 0 0 46
A D 3 4 0
A P 3 0 0
J B 98 7489 1 82 6913 1728 0
J R 9 7510 28 2 1 10001 0
K 0 0 46
A D 3 4 0
A P 3 0 0
J B 99 7551 1 82 6913 1728 0
J R 9 7572 28 2 1 10001 0
K 0 0 46
A D 3 4 0
A P 3 0 0
J B 100 7613 1 82 6913 1728 0
J R 9 7634 28 2 1 10001 0
K 0 0 46
A D 3 4 0
A P 3 0 0
J B 101 7675 1 82 6913 1728 0
J R 9 7696 28 2 1 10001 0
K 0 0 46
A D 3 4 0
A P 3 0 0
J B 102 7737 1 82 6913 1728 0
J R 9 7758 28 2 1 10001 0
K 0 0 46
A D 3 4 0
A P 3 0 0
J B 103 7799 1 82 6913 1728 0
J R 9 7820 28 2 1 10001 0
K 0 0 46
A D 3 4 0
A P 3 0 0
J B 104 7861 1 82 6913 1728 0
J R 9 7882 28 2 1 10001 0
K 0 0 46
A D 3 4 0
A P 3 0 0
J B 105 7923 1 82 6913 1728 0
J R 9 7944 28 2 1 10001 0
K 0 0 46
A D 3 4 0
A P 3 0 0
J B 106 7985 1 82 6913 1728 0
J R 9 8006 28 2 1 10001 0
K 0 0 46
A D 3 4 0
A P 3 0 0
J B 107 8047 1 82 6913 1728 0
J R 9 8068 28 2 1 10001 0
K 0 0 46
A D 3 4 0
A P 3 0 0
J B 108 8109 1 82 6913 1728 0
J R 9 8130 28 2 1 10001 0
K 0 0 46
A D 3 4 0
A P 3 0 0
J B 109 8171 1 82 6913 1728 0
J N 8 8192 42 15 1 0 2 7 8
K 1 28 45
K 1 42 45
K 0 0 42
K 24 -6 44
K 0 49 42
K 0 42 45
K 1 42 45
K 25 49 44
K -50 56 110
K -33 56 110
K 0 49 59
K 0 28 59
K 0 0 59
K 0 -21 59
A D 3 4 1
A P 1 186 1
A P 2 146 1
J B 110 8237 1 82 6913 1728 0
J N 8 8258 42 13 1 0 2 7 8
K 1 28 45
K 1 42 45
K 0 0 42
K 24 -6 44
K 0 49 42
K 0 42 45
K 1 42 45
K 25 49 44
K 0 49 59
K 0 28 59
K 0 0 59
K 0 -21 59
A D 3 4 0
A P 1 186 0
A P 2 146 0
H 7 T 42 0 0 0 0 0 7 0
H 8 T 91 0 0 0 0 0 9 0
J B 111 8303 1 82 6913 1728 0
J N 7 8324 56 10 1 0 0
K 1 14 45
K 0 0 43
K 0 14 43
K -1 14 45
K 2 14 45
K 0 43 108
K 0 14 59
K 0 0 59
K 0 -21 59
A D 1 4 0
A P 1 175 0
A P 2 163 0
J R 7 8353 28 2 2305 576 0
K 0 0 48
A D 1 4 1
A P 1 0 1
J R 7 8382 28 2 4609 576 0
K 0 0 48
A D 1 4 0
A P 1 0 0
J B 112 8415 1 82 6913 576 0
J R 9 8436 28 2 1 10001 0
K 0 0 46
A D 3 4 0
A P 3 0 0
J B 113 8477 1 82 6913 1728 0
J R 9 8498 28 2 1 10001 0
K 0 0 46
A D 3 4 0
A P 3 0 0
J B 114 8539 1 82 6913 1728 0
J R 9 8560 28 2 1 10001 0
K 0 0 46
A D 3 4 0
A P 3 0 0
J B 115 8601 1 82 6913 1728 0
J R 9 8622 28 2 1 10001 0
K 0 0 46
A D 3 4 0
A P 3 0 0
J B 116 8663 1 82 6913 1728 0
J R 9 8684 28 2 1 10001 0
K 0 0 46
A D 3 4 0
A P 3 0 0
J B 117 8725 1 82 6913 1728 0
J R 9 8746 28 2 1 10001 0
K 0 0 46
A D 3 4 0
A P 3 0 0
J B 118 8787 1 82 6913 1728 0
J R 9 8808 28 2 1 10001 0
K 0 0 46
A D 3 4 0
A P 3 0 0
J B 119 8849 1 82 6913 1728 0
J R 9 8870 28 2 1 10001 0
K 0 0 46
A D 3 4 0
A P 3 0 0
J B 120 8911 1 82 6913 1728 0
J R 9 8932 28 2 1 10001 0
K 0 0 46
A D 3 4 0
A P 3 0 0
J B 121 8973 1 82 6913 1728 0
J R 9 8994 28 2 1 10001 0
K 0 0 46
A D 3 4 0
A P 3 0 0
J B 122 9035 1 82 6913 1728 0
J R 9 9056 28 2 1 10001 0
K 0 0 46
A D 3 4 0
A P 3 0 0
J B 123 9097 1 82 6913 1728 0
J R 9 9118 28 2 1 10001 0
K 0 0 46
A D 3 4 0
A P 3 0 0
J B 124 9159 1 82 6913 1728 0
J R 9 9180 28 2 1 10001 0
K 0 0 46
A D 3 4 0
A P 3 0 0
J B 125 9221 1 82 6913 1728 0
J R 9 9242 28 2 1 10001 0
K 0 0 46
A D 3 4 0
A P 3 0 0
J B 126 9283 1 82 6913 1728 0
J R 9 9304 28 2 1 10001 0
K 0 0 46
A D 3 4 0
A P 3 0 0
J B 127 9345 1 82 6913 1728 0
J R 9 9366 28 2 1 10001 0
K 0 0 46
A D 3 4 0
A P 3 0 0
J B 128 9407 1 82 6913 1728 0
J R 9 9428 28 2 1 10001 0
K 0 0 46
A D 3 4 0
A P 3 0 0
J B 129 9469 1 82 6913 1728 0
J R 9 9490 28 2 1 10001 0
K 0 0 46
A D 3 4 0
A P 3 0 0
J B 130 9531 1 82 6913 1728 0
J R 9 9552 28 2 1 10001 0
K 0 0 46
A D 3 4 0
A P 3 0 0
J B 131 9593 1 82 6913 1728 0
J R 9 9614 28 2 1 10001 0
K 0 0 46
A D 3 4 0
A P 3 0 0
J B 132 9655 1 82 6913 1728 0
J R 9 9676 28 2 1 10001 0
K 0 0 46
A D 3 4 0
A P 3 0 0
J B 0 9740 6 4 6913 1728 0
K -23 21 44
K -23 35 44
K -13 0 82
K -6 0 84
J M 0 9740 0 0 10000 0 0
