S 0 200 140 2050 2316 15 "[(......)][(..{..})](.)[({..}..)]"
L 0 0 -56 300 300 * 0 14 0
J D 0 -95 42 1 6913 0 0
W 0 0 31 Picc.
J C 4 5 42 2 6913 0 0
K 0 0 33
K 0 0 34
J K 0 57 0 0 6913 0 0
J D 0 25 -14 1 6913 0 0
W 0 0 37 \02\06\08
J R 9 134 28 2 1 0 0
K 0 0 46
A D 48 48 0
A P 1 0 0
J B 269 218 1 82 6913 2304 0
J R 9 397 28 2 1 0 0
K 0 0 46
A D 48 48 0
A P 1 0 0
J B 270 604 1 82 6913 2304 0
J R 8 625 28 2 1 0 0
K 0 0 47
A D 24 48 1
A P 1 0 1
J R 6 861 28 2 3457 1152 0
K 0 0 49
A D 6 48 0
A P 1 0 0
J N 6 911 0 2 4321 288 1 183
K 0 0 43
A D 6 48 0
A P 1 220 0
J N 6 978 0 2 5185 288 1 183
K 0 0 43
A D 6 48 0
A P 1 220 0
J N 6 1030 0 2 6049 288 1 183
K 0 0 43
A D 6 48 0
A P 1 220 0
H 183 B -46 0 108 3 2 1 3
J B 271 1084 1 82 6913 288 0
J N 7 1105 0 4 1 0 0
K 0 0 43
K 0 0 60
K 0 21 60
A D 12 48 0
A P 1 220 0
J N 7 1241 0 5 1729 576 0
K -18 0 63
K 0 0 43
K 0 0 60
K 0 21 60
A D 12 48 0
A P 1 221 0
J N 7 1303 -7 4 3457 576 0
K 0 0 43
K 0 0 60
K 0 21 60
A D 12 48 0
A P 1 226 0
J N 7 1377 -7 5 5185 576 0
K -18 0 63
K 0 0 43
K 0 0 60
K 0 21 60
A D 12 48 0
A P 1 227 0
J B 272 1440 1 82 6913 576 0
J N 7 1461 -14 7 1 0 0
K 0 0 45
K 0 0 43
K -1 0 45
K 2 0 45
K 0 0 60
K 0 21 60
A D 12 48 0
A P 1 232 0
J N 7 1559 -21 7 1729 576 0
K 0 7 45
K 0 0 43
K 0 7 45
K 1 7 45
K 0 0 60
K 0 21 60
A D 12 48 0
A P 1 238 0
J N 5 1655 -28 6 3457 576 1 184
K 0 14 45
K 0 0 45
K 0 0 43
K -1 0 45
K 2 0 45
A D 3 48 0
A P 1 243 0
J N 5 1681 -21 5 3889 144 1 184
K 0 7 45
K 0 0 43
K 0 7 45
K 1 7 45
A D 3 48 0
A P 1 238 0
J N 5 1707 -14 5 4321 144 1 184
K 0 0 45
K 0 0 43
K -1 0 45
K 2 0 45
A D 3 48 0
A P 1 232 0
J N 5 1733 -7 2 4753 144 1 184
K 0 0 43
A D 3 48 0
A P 1 226 0
H 184 B -59 5 108 4 22 11 11 33
J N 5 1773 0 3 5185 144 1 185
K -14 0 64
K 0 0 43
A D 3 48 0
A P 1 220 0
J N 5 1799 7 2 5617 144 1 185
K 0 0 43
A D 3 48 0
A P 1 215 0
J N 5 1825 14 2 6049 144 1 185
K 0 0 43
A D 3 48 0
A P 1 209 0
J N 5 1867 21 2 6481 144 1 185
K 0 0 43
A D 3 48 0
A P 1 203 0
H 185 B -71 1 108 4 22 11 11 33
J B 273 1895 1 82 6913 144 0
J N 7 1916 0 5 1 0 0
K 0 0 43
K 0 -17 96
K 0 0 60
K 0 21 60
A D 12 48 0
A P 1 220 0
J R 7 1955 28 2 1729 576 0
K 0 0 48
A D 12 48 1
A P 1 0 1
J R 8 1994 28 2 3457 576 0
K 0 0 47
A D 24 48 0
A P 1 0 0
J B 274 2050 1 82 6913 1152 0
E *
L 165 0 0 300 300 * 0 14 0
J D 0 -108 42 1 6913 0 0
W 0 0 31 Fl 1-2
J C 4 5 42 2 6913 0 0
K 0 0 33
K 0 0 34
J K 0 57 0 0 6913 0 0
J D 0 25 -14 1 6913 0 0
W 0 0 0 \02\06\08
J N 9 106 -7 3 1 0 0
K -18 0 63
K 0 0 41
A D 48 48 0
A P 1 227 0
J B 269 218 1 82 6913 2304 0
J N 8 239 0 11 1 0 2 266 267
K 0 -14 45
K 0 -14 42
K -1 -14 45
K 2 -14 45
K 0 0 42
K 0 86 110
K 19 86 110
K 0 -14 60
K 0 0 60
K 0 21 60
A D 24 48 1
A P 1 232 1
A P 2 220 1
J N 6 381 0 7 3457 1152 3 268 266 267
K 0 -14 45
K 0 -14 43
K -1 -14 45
K 2 -14 45
K 0 0 43
K 0 -14 60
A D 6 48 0
A P 1 232 0
A P 2 220 0
H 266 T -14 0 0 0 0 0 5 0
H 267 T 0 0 0 0 0 0 15 0
J N 6 446 0 7 4321 288 1 268
K 0 -14 45
K 0 -14 43
K -1 -14 45
K 2 -14 45
K 0 0 43
K 0 -14 60
A D 6 48 0
A P 1 232 0
A P 2 220 0
J N 6 498 0 7 5185 288 1 268
K 0 -14 45
K 0 -14 43
K -1 -14 45
K 2 -14 45
K 0 0 43
K 0 -14 60
A D 6 48 0
A P 1 232 0
A P 2 220 0
J N 6 550 0 7 6049 288 1 268
K 0 -14 45
K 0 -14 43
K -1 -14 45
K 2 -14 45
K 0 0 43
K 0 -14 60
A D 6 48 0
A P 1 232 0
A P 2 220 0
H 268 B -46 0 108 4 2 1 1 3
J B 270 604 1 82 6913 288 0
J N 8 625 0 10 1 0 0
K 0 -14 45
K 0 -14 42
K -1 -14 45
K 2 -14 45
K 0 0 42
K 0 -14 60
K 0 0 60
K 0 23 60
K -17 42 125
A D 24 48 0
A P 1 232 0
A P 2 220 0
J N 6 861 0 7 3457 1152 1 269
K 0 -14 45
K 0 -14 43
K -1 -14 45
K 2 -14 45
K 0 0 43
K 0 -14 60
A D 6 48 0
A P 1 232 0
A P 2 220 0
J N 6 911 -14 12 4321 288 1 269
K 0 0 45
K 0 -14 45
K 0 -28 45
K 0 -35 43
K 0 -28 45
K 1 -28 45
K 0 0 43
K -1 0 45
K 2 0 45
K 0 -35 60
K 0 -7 60
A D 6 48 0
A P 1 260 0
A P 2 232 0
J N 6 978 -14 12 5185 288 1 269
K 0 0 45
K 0 -14 45
K 0 -28 45
K 0 -35 43
K 0 -28 45
K 1 -28 45
K 0 0 43
K -1 0 45
K 2 0 45
K 0 -35 60
K 0 -7 60
A D 6 48 0
A P 1 260 0
A P 2 232 0
J N 6 1030 -14 12 6049 288 1 269
K 0 0 45
K 0 -14 45
K 0 -28 45
K 0 -35 43
K 0 -28 45
K 1 -28 45
K 0 0 43
K -1 0 45
K 2 0 45
K 0 -35 60
K 0 -7 60
A D 6 48 0
A P 1 260 0
A P 2 232 0
H 269 B -47 -1 108 4 2 1 1 3
J B 271 1084 1 82 6913 288 0
J N 7 1105 -14 14 1 0 0
K 0 0 45
K 0 -14 45
K 0 -28 45
K 0 -35 43
K 0 -28 45
K 1 -28 45
K 0 0 43
K -1 0 45
K 2 0 45
K 0 -35 60
K 0 -7 60
K 0 0 60
K 0 21 60
A D 12 48 0
A P 1 260 0
A P 2 232 0
J D 0 1215 0 1 1729 576 0
W 0 -28 32 zu 2
J N 7 1241 0 5 1729 0 0
K -18 0 63
K 0 0 43
K 0 0 60
K 0 21 60
A D 12 48 0
A P 3 221 0
J N 7 1303 -7 4 3457 576 0
K 0 0 43
K 0 0 60
K 0 21 60
A D 12 48 0
A P 3 226 0
J N 7 1377 -7 5 5185 576 0
K -18 0 63
K 0 0 43
K 0 0 60
K 0 21 60
A D 12 48 0
A P 3 227 0
J B 272 1440 1 82 6913 576 0
J N 7 1461 -14 7 1 0 0
K 0 0 45
K 0 0 43
K -1 0 45
K 2 0 45
K 0 0 60
K 0 21 60
A D 12 48 0
A P 3 232 0
J N 7 1559 -21 7 1729 576 0
K 0 7 45
K 0 0 43
K 0 7 45
K 1 7 45
K 0 0 60
K 0 21 60
A D 12 48 0
A P 3 238 0
J N 5 1655 -28 6 3457 576 1 270
K 0 14 45
K 0 0 45
K 0 0 43
K -1 0 45
K 2 0 45
A D 3 48 0
A P 3 243 0
J N 5 1681 -21 5 3889 144 1 270
K 0 7 45
K 0 0 43
K 0 7 45
K 1 7 45
A D 3 48 0
A P 3 238 0
J N 5 1707 -14 5 4321 144 1 270
K 0 0 45
K 0 0 43
K -1 0 45
K 2 0 45
A D 3 48 0
A P 3 232 0
J N 5 1733 -7 2 4753 144 1 270
K 0 0 43
A D 3 48 0
A P 3 226 0
H 270 B -59 5 108 4 22 11 11 33
J N 5 1773 0 3 5185 144 1 271
K -14 0 64
K 0 0 43
A D 3 48 0
A P 3 220 0
J N 5 1799 7 2 5617 144 1 271
K 0 0 43
A D 3 48 0
A P 3 215 0
J N 5 1825 14 2 6049 144 1 271
K 0 0 43
A D 3 48 0
A P 3 209 0
J N 5 1867 21 2 6481 144 1 271
K 0 0 43
A D 3 48 0
A P 3 203 0
H 271 B -71 1 108 4 22 11 11 33
J B 273 1895 1 82 6913 144 0
J N 7 1916 0 12 1 0 0
K 0 -14 45
K 0 -28 45
K 0 -35 43
K 0 -28 45
K 1 -28 45
K 0 0 43
K 0 -52 96
K 0 -35 60
K 0 -7 60
K 0 0 60
K 0 21 60
A D 12 48 0
A P 1 249 0
A P 2 220 0
J R 7 1955 28 2 1729 576 0
K 0 0 48
A D 12 48 1
A P 1 0 1
J R 8 1994 28 2 3457 576 0
K 0 0 47
A D 24 48 0
A P 1 0 0
J B 274 2050 1 82 6913 1152 0
E *
L 315 0 0 300 300 * 0 14 0
J D 0 -119 42 1 6913 0 0
W 0 0 31 Ob 1-2
J C 4 5 42 2 6913 0 0
K 0 0 33
K 0 0 34
J K 0 57 0 0 6913 0 0
J D 0 25 -14 1 6913 0 0
W 0 0 0 \02\06\08
J N 9 106 7 2 1 0 1 307
K 0 0 41
A D 48 48 0
A P 1 215 0
J M 0 54 0 0 6913 0 1 307
H 307 T 7 0 0 0 0 0 1 0
J B 269 218 1 82 6913 2304 0
J N 8 239 0 11 1 0 2 308 309
K 0 -14 45
K 0 -14 42
K -1 -14 45
K 2 -14 45
K 0 0 42
K 0 86 110
K 19 86 110
K 0 -14 60
K 0 0 60
K 0 21 60
A D 24 48 1
A P 1 232 1
A P 2 220 1
J N 6 381 0 7 3457 1152 3 310 308 309
K 0 -14 45
K 0 -14 43
K -1 -14 45
K 2 -14 45
K 0 0 43
K 0 -14 60
A D 6 48 0
A P 1 232 0
A P 2 220 0
H 308 T -14 0 0 0 0 0 5 0
H 309 T 0 0 0 0 0 0 15 0
J N 6 446 0 7 4321 288 1 310
K 0 -14 45
K 0 -14 43
K -1 -14 45
K 2 -14 45
K 0 0 43
K 0 -14 60
A D 6 48 0
A P 1 232 0
A P 2 220 0
J N 6 498 0 7 5185 288 1 310
K 0 -14 45
K 0 -14 43
K -1 -14 45
K 2 -14 45
K 0 0 43
K 0 -14 60
A D 6 48 0
A P 1 232 0
A P 2 220 0
J N 6 550 0 7 6049 288 1 310
K 0 -14 45
K 0 -14 43
K -1 -14 45
K 2 -14 45
K 0 0 43
K 0 -14 60
A D 6 48 0
A P 1 232 0
A P 2 220 0
H 310 B -46 0 108 4 2 1 1 3
J B 270 604 1 82 6913 288 0
J N 8 625 0 10 1 0 0
K 0 -14 45
K 0 -14 42
K -1 -14 45
K 2 -14 45
K 0 0 42
K 0 -14 60
K 0 0 60
K 0 23 60
K -17 42 125
A D 24 48 0
A P 1 232 0
A P 2 220 0
J N 8 861 0 10 3457 1152 0
K 0 -14 45
K 0 -14 42
K -1 -14 45
K 2 -14 45
K 0 0 42
K 0 -14 60
K 0 0 60
K 0 23 60
K -17 42 125
A D 24 48 0
A P 1 232 0
A P 2 220 0
J B 271 1084 1 82 6913 1152 0
J N 7 1105 0 9 1 0 0
K 0 -14 45
K 0 -14 43
K -1 -14 45
K 2 -14 45
K 0 0 43
K 0 -14 60
K 0 0 60
K 0 21 60
A D 12 48 0
A P 1 232 0
A P 2 220 0
J D 0 1215 0 1 1729 576 0
W 0 -35 32 zu 2
J N 7 1241 0 5 1729 0 0
K -18 0 63
K 0 0 43
K 0 0 60
K 0 21 60
A D 12 48 0
A P 3 221 0
J N 7 1303 -7 4 3457 576 0
K 0 0 43
K 0 0 60
K 0 21 60
A D 12 48 0
A P 3 226 0
J N 7 1377 -7 5 5185 576 0
K -18 0 63
K 0 0 43
K 0 0 60
K 0 21 60
A D 12 48 0
A P 3 227 0
J B 272 1440 1 82 6913 576 0
J N 7 1461 -14 10 1 0 0
K 0 0 45
K 0 0 43
K -1 0 45
K 2 0 45
K 0 0 43
K -1 0 45
K 2 0 45
K 0 0 60
K 0 21 60
A D 12 48 0
A P 1 232 0
A P 2 232 0
J N 7 1559 -21 10 1729 576 0
K 0 7 45
K 0 0 43
K 0 7 45
K 1 7 45
K 0 0 43
K 0 7 45
K 1 7 45
K 0 0 60
K 0 21 60
A D 12 48 0
A P 1 238 0
A P 2 238 0
J N 5 1655 -28 6 3457 576 1 311
K 1 14 45
K 1 0 45
K 0 0 43
K -1 0 45
K 2 0 45
A D 3 48 0
A P 1 243 0
J N 6 1655 -28 6 3457 0 1 312
K 0 14 45
K 0 0 45
K 0 0 43
K -1 0 45
K 2 0 45
A D 6 48 0
A P 2 243 0
J N 5 1681 -21 5 3889 144 1 311
K 1 7 45
K 0 0 43
K 0 7 45
K 1 7 45
A D 3 48 0
A P 1 238 0
J N 5 1707 -14 5 4321 144 1 311
K 1 0 45
K 0 0 43
K -1 0 45
K 2 0 45
A D 3 48 0
A P 1 232 0
J N 6 1707 21 2 4321 0 1 312
K 0 0 43
A D 6 48 0
A P 2 203 0
J N 5 1733 -7 2 4753 144 1 311
K 0 0 43
A D 3 48 0
A P 1 226 0
H 311 B 45 5 108 4 22 11 11 33
J N 5 1773 0 3 5185 144 1 313
K -14 0 64
K 0 0 43
A D 3 48 0
A P 1 220 0
J N 6 1773 21 2 5185 0 1 312
K 0 0 43
A D 6 48 0
A P 2 203 0
J N 5 1799 7 2 5617 144 1 313
K 0 0 43
A D 3 48 0
A P 1 215 0
J N 5 1825 14 2 6049 144 1 313
K 0 0 43
A D 3 48 0
A P 1 209 0
J N 6 1841 21 2 6049 0 1 312
K 0 0 43
A D 6 48 0
A P 2 203 0
H 312 B -89 2 108 4 2 1 1 3
J N 5 1867 21 2 6481 144 1 313
K 0 0 43
A D 3 48 0
A P 1 203 0
H 313 B 45 4 108 4 22 11 11 33
J B 273 1895 1 82 6913 144 0
J N 7 1916 14 7 1 0 0
K 0 -14 43
K 0 0 43
K 0 -31 96
K 0 -14 60
K 0 0 60
K 0 21 60
A D 12 48 0
A P 1 220 0
A P 2 209 0
J R 7 1955 28 2 1729 576 0
K 0 0 48
A D 12 48 1
A P 1 0 1
J R 8 1994 28 2 3457 576 0
K 0 0 47
A D 24 48 0
A P 1 0 0
J B 274 2050 1 82 6913 1152 0
E *
L 485 0 0 300 300 * 0 14 0
J D 0 -110 42 1 6913 0 0
W 0 -21 31 Cl 1-2
J D 0 -110 42 1 6913 0 0
W 0 21 31 (C)
J C 4 5 42 2 6913 0 0
K 0 0 33
K 0 0 34
J K 0 57 0 0 6913 0 0
J D 0 25 -14 1 6913 0 0
W 0 0 0 \02\06\08
J N 9 106 28 3 1 0 1 180
K -15 0 65
K 0 0 41
A D 48 48 0
A P 1 197 0
J M 0 54 0 0 6913 0 1 180
H 180 T 28 0 0 0 0 0 5 0
J B 269 218 1 82 6913 2304 0
J N 8 239 35 8 1 0 2 181 182
K 0 0 42
K 0 14 42
K 0 65 110
K 19 65 110
K 0 14 59
K 0 0 59
K 0 -21 59
A D 24 48 1
A P 1 192 1
A P 2 180 1
J N 6 381 35 4 3457 1152 3 183 181 182
K 0 0 43
K 0 14 43
K 0 14 59
A D 6 48 0
A P 1 192 0
A P 2 180 0
H 181 T 35 0 0 0 0 0 3 0
H 182 T 49 0 0 0 0 0 9 0
J N 6 446 35 4 4321 288 1 183
K 0 0 43
K 0 14 43
K 0 14 59
A D 6 48 0
A P 1 192 0
A P 2 180 0
J N 6 498 35 4 5185 288 1 183
K 0 0 43
K 0 14 43
K 0 14 59
A D 6 48 0
A P 1 192 0
A P 2 180 0
J N 6 550 35 4 6049 288 1 183
K 0 0 43
K 0 14 43
K 0 14 59
A D 6 48 0
A P 1 192 0
A P 2 180 0
H 183 B 42 0 108 4 2 1 1 3
J B 270 604 1 82 6913 288 0
J N 8 625 35 8 1 0 0
K 0 0 42
K 0 14 42
K 0 14 59
K 0 -17 59
K 0 0 59
K 0 -16 59
K 0 -35 125
A D 24 48 0
A P 1 192 0
A P 2 180 0
J N 8 861 35 8 3457 1152 0
K 0 0 42
K 0 14 42
K 0 14 59
K 0 -17 59
K 0 0 59
K 0 -16 59
K 0 -35 125
A D 24 48 0
A P 1 192 0
A P 2 180 0
J B 271 1084 1 82 6913 1152 0
J N 7 1105 35 6 1 0 0
K 0 0 43
K 0 14 43
K 0 14 59
K 0 0 59
K 0 -21 59
A D 12 48 0
A P 1 192 0
A P 2 180 0
J D 0 1215 0 1 1729 576 0
W 0 -14 32 zu 2
J N 7 1241 49 5 1729 0 0
K -18 0 63
K 0 0 43
K 0 0 59
K 0 -21 59
A D 12 48 0
A P 3 181 0
J N 7 1303 42 4 3457 576 0
K 0 0 43
K 0 0 59
K 0 -21 59
A D 12 48 0
A P 3 186 0
J N 7 1377 42 5 5185 576 0
K -18 0 63
K 0 0 43
K 0 0 59
K 0 -21 59
A D 12 48 0
A P 3 187 0
J B 272 1440 1 82 6913 576 0
J N 7 1461 35 5 1 0 0
K 0 0 43
K 0 0 43
K 0 0 59
K 0 -21 59
A D 12 48 0
A P 1 192 0
A P 2 192 0
J N 7 1559 28 5 1729 576 0
K 0 0 43
K 0 0 43
K 0 0 60
K 0 21 60
A D 12 48 0
A P 1 198 0
A P 2 198 0
J N 6 1655 21 2 3457 576 1 184
K 0 0 43
A D 6 48 0
A P 1 203 0
J N 6 1655 21 2 3457 0 1 185
K 0 0 43
A D 6 48 0
A P 2 203 0
J N 6 1707 42 2 4321 288 1 184
K 0 0 43
A D 6 48 0
A P 1 186 0
J N 6 1707 56 2 4321 0 1 185
K 0 0 43
A D 6 48 0
A P 2 175 0
J N 6 1773 49 3 5185 288 1 184
K -14 0 64
K 0 0 43
A D 6 48 0
A P 1 180 0
J N 6 1773 63 2 5185 0 1 185
K 0 0 43
A D 6 48 0
A P 2 169 0
J N 6 1825 56 2 6049 288 1 184
K 0 0 43
A D 6 48 0
A P 1 175 0
H 184 B 41 3 108 4 2 1 1 3
J N 6 1825 70 5 6049 0 1 185
K 0 0 45
K 0 0 43
K -1 0 45
K 2 0 45
A D 6 48 0
A P 2 163 0
H 185 B -65 4 108 4 2 1 1 3
J B 273 1895 1 82 6913 288 0
J N 7 1916 35 7 1 0 0
K 0 0 43
K 0 14 43
K 0 31 96
K 0 14 59
K 0 0 59
K 0 -21 59
A D 12 48 0
A P 1 192 0
A P 2 180 0
J R 7 1955 28 2 1729 576 0
K 0 0 48
A D 12 48 1
A P 1 0 1
J R 8 1994 28 2 3457 576 0
K 0 0 47
A D 24 48 0
A P 1 0 0
J B 274 2050 1 82 6913 1152 0
E *
L 630 0 0 300 300 * 0 14 0
J D 0 -130 42 1 6913 0 0
W 0 0 31 Fag 1-2
J C 22 5 14 36 6913 0 0
J K 0 57 0 0 6913 0 0
J D 0 25 -14 1 6913 0 0
W 0 0 0 \02\06\08
J N 9 106 -7 3 1 0 1 243
K -15 0 65
K 0 0 41
A D 48 48 0
A P 1 157 0
J M 0 54 0 0 6913 0 1 243
H 243 T -7 0 0 0 0 0 1 0
J B 269 218 1 82 6913 2304 0
J N 8 239 14 8 1 0 2 244 245
K 0 -14 42
K 0 0 42
K 0 72 110
K 19 72 110
K 0 -14 60
K 0 0 60
K 0 21 60
A D 24 48 1
A P 1 152 1
A P 2 140 1
J N 6 381 14 4 3457 1152 3 246 244 245
K 0 -14 43
K 0 0 43
K 0 -14 60
A D 6 48 0
A P 1 152 0
A P 2 140 0
H 244 T 0 0 0 0 0 0 5 0
H 245 T 14 0 0 0 0 0 15 0
J N 6 446 14 4 4321 288 1 246
K 0 -14 43
K 0 0 43
K 0 -14 60
A D 6 48 0
A P 1 152 0
A P 2 140 0
J N 6 498 14 4 5185 288 1 246
K 0 -14 43
K 0 0 43
K 0 -14 60
A D 6 48 0
A P 1 152 0
A P 2 140 0
J N 6 550 14 4 6049 288 1 246
K 0 -14 43
K 0 0 43
K 0 -14 60
A D 6 48 0
A P 1 152 0
A P 2 140 0
H 246 B -46 0 108 4 2 1 1 3
J B 270 604 1 82 6913 288 0
J N 8 625 14 7 1 0 0
K 0 -14 42
K 0 0 42
K 0 -14 60
K 0 0 60
K 0 23 60
K -17 42 125
A D 24 48 0
A P 1 152 0
A P 2 140 0
J N 8 861 14 7 3457 1152 0
K 0 -14 42
K 0 0 42
K 0 -14 60
K 0 0 60
K 0 23 60
K -17 42 125
A D 24 48 0
A P 1 152 0
A P 2 140 0
J B 271 1084 1 82 6913 1152 0
J N 7 1105 14 6 1 0 0
K 0 -14 43
K 0 0 43
K 0 -14 60
K 0 0 60
K 0 21 60
A D 12 48 0
A P 1 152 0
A P 2 140 0
J N 7 1241 14 9 1729 576 0
K -18 0 63
K -18 49 63
K 0 0 43
K 0 49 43
K 0 49 59
K 0 21 59
K 0 0 59
K 0 -14 59
A D 12 48 0
A P 1 141 0
A P 2 101 0
J N 7 1303 7 7 3457 576 0
K 0 0 43
K 0 49 43
K 0 49 59
K 0 21 59
K 0 0 59
K 0 -14 59
A D 12 48 0
A P 1 146 0
A P 2 106 0
J N 7 1377 7 9 5185 576 0
K -18 0 63
K -18 49 63
K 0 0 43
K 0 49 43
K 0 49 59
K 0 21 59
K 0 0 59
K 0 -14 59
A D 12 48 0
A P 1 147 0
A P 2 107 0
J B 272 1440 1 82 6913 576 0
J N 7 1461 49 7 1 0 0
K 0 -49 43
K 0 0 43
K 0 -49 60
K 0 -21 60
K 0 0 60
K 0 14 60
A D 12 48 0
A P 1 152 0
A P 2 112 0
J N 7 1559 42 7 1729 576 0
K 0 -49 43
K 0 0 43
K 0 -49 60
K 0 -21 60
K 0 0 60
K 0 14 60
A D 12 48 0
A P 1 158 0
A P 2 118 0
J N 6 1655 35 8 3457 576 1 247
K 0 -49 45
K 0 -49 43
K -1 -49 45
K 2 -49 45
K 0 0 43
K 0 -49 60
K 0 -21 60
A D 6 48 0
A P 1 163 0
A P 2 123 0
J N 6 1707 35 4 4321 288 1 247
K 0 -14 43
K 0 0 43
K 0 -14 60
A D 6 48 0
A P 1 135 0
A P 2 123 0
J N 6 1773 28 5 5185 288 1 247
K -14 -14 64
K 0 -14 43
K 0 0 43
K 0 -14 60
A D 6 48 0
A P 1 140 0
A P 2 129 0
J N 6 1825 21 4 6049 288 1 247
K 0 -14 43
K 0 0 43
K 0 -14 60
A D 6 48 0
A P 1 146 0
A P 2 135 0
H 247 B -42 0 108 4 2 1 1 3
J B 273 1895 1 82 6913 288 0
J N 7 1916 14 7 1 0 0
K 0 -14 43
K 0 0 43
K 0 -31 96
K 0 -14 60
K 0 0 60
K 0 21 60
A D 12 48 0
A P 1 152 0
A P 2 140 0
J R 7 1955 28 2 1729 576 0
K 0 0 48
A D 12 48 1
A P 1 0 1
J R 8 1994 28 2 3457 576 0
K 0 0 47
A D 24 48 0
A P 1 0 0
J B 274 2050 1 82 6913 1152 0
E *
L 785 0 0 300 300 * 0 14 0
J D 0 -101 42 1 6913 0 0
W 0 0 31 Cfag.
J C 22 5 14 36 6913 0 0
J K 0 57 0 0 6913 0 0
J D 0 25 -14 1 6913 0 0
W 0 0 0 \02\06\08
J R 9 134 28 2 1 0 0
K 0 0 46
A D 48 48 0
A P 1 0 0
J B 269 218 1 82 6913 2304 0
J N 8 239 14 6 1 0 1 187
K 0 0 42
K 0 77 110
K 19 77 110
K 0 0 60
K 0 21 60
A D 24 48 1
A P 1 140 1
J N 6 381 14 2 3457 1152 2 188 187
K 0 0 43
A D 6 48 0
A P 1 140 0
H 187 T 14 0 0 0 0 0 5 0
J N 6 446 14 2 4321 288 1 188
K 0 0 43
A D 6 48 0
A P 1 140 0
J N 6 498 14 2 5185 288 1 188
K 0 0 43
A D 6 48 0
A P 1 140 0
J N 6 550 14 2 6049 288 1 188
K 0 0 43
A D 6 48 0
A P 1 140 0
H 188 B -46 0 108 4 2 1 1 3
J B 270 604 1 82 6913 288 0
J N 8 625 14 5 1 0 0
K 0 0 42
K 0 0 60
K 0 23 60
K -17 42 125
A D 24 48 0
A P 1 140 0
J N 8 861 14 5 3457 1152 0
K 0 0 42
K 0 0 60
K 0 23 60
K -17 42 125
A D 24 48 0
A P 1 140 0
J B 271 1084 1 82 6913 1152 0
J N 6 1105 14 2 1 0 1 189
K 0 0 43
A D 6 48 0
A P 1 140 0
J N 6 1157 14 2 865 288 1 189
K 0 0 43
A D 6 48 0
A P 1 140 0
J N 6 1241 14 3 1729 288 1 189
K -18 0 63
K 0 0 43
A D 6 48 0
A P 1 141 0
J N 6 1272 14 2 2593 288 1 189
K 0 0 43
A D 6 48 0
A P 1 141 0
H 189 B -46 0 108 4 2 1 1 3
J N 6 1303 7 2 3457 288 1 190
K 0 0 43
A D 6 48 0
A P 1 146 0
J N 6 1333 7 2 4321 288 1 190
K 0 0 43
A D 6 48 0
A P 1 146 0
J N 6 1377 7 3 5185 288 1 190
K -18 0 63
K 0 0 43
A D 6 48 0
A P 1 147 0
J N 6 1407 7 2 6049 288 1 190
K 0 0 43
A D 6 48 0
A P 1 147 0
H 190 B -49 0 108 4 2 1 1 3
J B 272 1440 1 82 6913 288 0
J N 6 1461 0 2 1 0 1 191
K 0 0 43
A D 6 48 0
A P 1 152 0
J N 6 1511 0 2 865 288 1 191
K 0 0 43
A D 6 48 0
A P 1 152 0
J N 6 1559 -7 2 1729 288 1 191
K 0 0 43
A D 6 48 0
A P 1 158 0
J N 6 1607 -7 2 2593 288 1 191
K 0 0 43
A D 6 48 0
A P 1 158 0
H 191 B -46 0 108 4 2 1 1 3
J N 6 1655 -14 5 3457 288 1 192
K 0 0 45
K 0 0 43
K -1 0 45
K 2 0 45
A D 6 48 0
A P 1 163 0
J N 6 1707 35 2 4321 288 1 192
K 0 0 43
A D 6 48 0
A P 1 123 0
J N 6 1773 28 2 5185 288 1 192
K 0 0 43
A D 6 48 0
A P 1 129 0
J N 6 1825 21 2 6049 288 1 192
K 0 0 43
A D 6 48 0
A P 1 135 0
H 192 B -90 1 108 4 2 1 1 3
J B 273 1895 1 82 6913 288 0
J N 7 1916 14 5 1 0 0
K 0 0 43
K 0 -21 96
K 0 0 60
K 0 21 60
A D 12 48 0
A P 1 140 0
J R 7 1955 28 2 1729 576 0
K 0 0 48
A D 12 48 1
A P 1 0 1
J R 8 1994 28 2 3457 576 0
K 0 0 47
A D 24 48 0
A P 1 0 0
J B 274 2050 1 82 6913 1152 0
E *
L 960 0 0 300 300 * 0 14 0
J D 0 -88 42 1 6913 0 0
W 0 -21 31 Cor.
J D 0 -88 42 1 6913 0 0
W 0 21 31 (C)
J C 4 5 42 2 6913 0 0
K 0 0 33
K 0 0 34
J K 0 57 0 0 6913 0 0
J D 0 25 -14 1 6913 0 0
W 0 0 0 \02\06\08
J N 9 106 21 7 1 0 2 170 171
K 1 49 45
K 7 49 45
K 0 0 41
K 0 49 41
K -1 49 45
K 2 49 45
A D 48 48 0
A P 1 203 0
A P 2 163 0
J M 0 54 0 0 6913 0 1 170
H 170 T 21 0 0 0 0 0 3 0
J M 0 54 0 0 6913 0 1 171
H 171 T 70 0 0 0 0 0 13 0
J B 269 218 1 82 6913 2304 0
J N 8 239 21 12 1 0 2 172 173
K 1 49 45
K 0 0 42
K 0 49 42
K -1 49 45
K 2 49 45
K -8 99 110
K 11 99 110
K 0 49 59
K 0 21 59
K 0 0 59
K 0 -14 59
A D 24 48 1
A P 1 203 1
A P 2 163 1
J N 6 381 21 8 3457 1152 3 174 172 173
K 1 49 45
K 0 0 43
K 0 49 43
K -1 49 45
K 2 49 45
K 0 49 59
K 0 21 59
A D 6 48 0
A P 1 203 0
A P 2 163 0
H 172 T 21 0 0 0 0 0 3 0
H 173 T 70 0 0 0 0 0 13 0
J N 6 446 21 8 4321 288 1 174
K 1 49 45
K 0 0 43
K 0 49 43
K -1 49 45
K 2 49 45
K 0 49 59
K 0 21 59
A D 6 48 0
A P 1 203 0
A P 2 163 0
J N 6 498 21 8 5185 288 1 174
K 1 49 45
K 0 0 43
K 0 49 43
K -1 49 45
K 2 49 45
K 0 49 59
K 0 21 59
A D 6 48 0
A P 1 203 0
A P 2 163 0
J N 6 550 21 8 6049 288 1 174
K 1 49 45
K 0 0 43
K 0 49 43
K -1 49 45
K 2 49 45
K 0 49 59
K 0 21 59
A D 6 48 0
A P 1 203 0
A P 2 163 0
H 174 B 42 0 108 4 2 1 1 3
J B 270 604 1 82 6913 288 0
J N 8 625 21 12 1 0 0
K 1 49 45
K 0 0 42
K 0 49 42
K -1 49 45
K 2 49 45
K 0 49 59
K 0 21 59
K 0 -17 59
K 0 0 59
K 0 -16 59
K 0 -35 125
A D 24 48 0
A P 1 203 0
A P 2 163 0
J N 8 861 21 12 3457 1152 0
K 1 49 45
K 0 0 42
K 0 49 42
K -1 49 45
K 2 49 45
K 0 49 59
K 0 21 59
K 0 -17 59
K 0 0 59
K 0 -16 59
K 0 -35 125
A D 24 48 0
A P 1 203 0
A P 2 163 0
J B 271 1084 1 82 6913 1152 0
J N 7 1105 21 10 1 0 0
K 1 49 45
K 0 0 43
K 0 49 43
K -1 49 45
K 2 49 45
K 0 49 59
K 0 21 59
K 0 0 59
K 0 -14 59
A D 12 48 0
A P 1 203 0
A P 2 163 0
J N 7 1241 21 10 1729 576 0
K 1 49 45
K 0 0 43
K 0 49 43
K -1 49 45
K 2 49 45
K 0 49 59
K 0 21 59
K 0 0 59
K 0 -14 59
A D 12 48 0
A P 1 203 0
A P 2 163 0
J N 7 1303 21 10 3457 576 0
K 1 49 45
K 0 0 43
K 0 49 43
K -1 49 45
K 2 49 45
K 0 49 59
K 0 21 59
K 0 0 59
K 0 -14 59
A D 12 48 0
A P 1 203 0
A P 2 163 0
J N 7 1377 21 10 5185 576 0
K 1 49 45
K 0 0 43
K 0 49 43
K -1 49 45
K 2 49 45
K 0 49 59
K 0 21 59
K 0 0 59
K 0 -14 59
A D 12 48 0
A P 1 203 0
A P 2 163 0
J B 272 1440 1 82 6913 576 0
J N 7 1461 21 10 1 0 0
K 1 49 45
K 0 0 43
K 0 49 43
K -1 49 45
K 2 49 45
K 0 49 59
K 0 21 59
K 0 0 59
K 0 -14 59
A D 12 48 0
A P 1 203 0
A P 2 163 0
J N 7 1559 21 10 1729 576 0
K 1 49 45
K 0 0 43
K 0 49 43
K -1 49 45
K 2 49 45
K 0 49 59
K 0 21 59
K 0 0 59
K 0 -14 59
A D 12 48 0
A P 1 203 0
A P 2 163 0
J N 8 1655 21 12 3457 576 0
K 1 49 45
K 0 0 42
K 0 49 42
K -1 49 45
K 2 49 45
K 0 49 59
K 0 21 59
K 0 -17 59
K 0 0 59
K 0 -16 59
K 0 -35 125
A D 24 48 0
A P 1 203 0
A P 2 163 0
J B 273 1895 1 82 6913 1152 0
J N 7 1916 21 11 1 0 0
K 1 49 45
K 0 0 43
K 0 49 43
K -1 49 45
K 2 49 45
K 0 66 96
K 0 49 59
K 0 21 59
K 0 0 59
K 0 -14 59
A D 12 48 0
A P 1 203 0
A P 2 163 0
J R 7 1955 28 2 1729 576 0
K 0 0 48
A D 12 48 1
A P 1 0 1
J R 8 1994 28 2 3457 576 0
K 0 0 47
A D 24 48 0
A P 1 0 0
J B 274 2050 1 82 6913 1152 0
E *
L 1135 0 0 300 300 * 0 14 0
J D 0 -74 42 1 6913 0 0
W 0 -21 31 Tr.
J D 0 -74 42 1 6913 0 0
W 0 21 31 (C)
J C 4 5 42 2 6913 0 0
K 0 0 33
K 0 0 34
J K 0 57 0 0 6913 0 0
J D 0 25 -14 1 6913 0 0
W 0 0 0 \02\06\08
J R 9 134 28 2 1 0 0
K 0 0 46
A D 48 48 0
A P 3 0 0
J B 269 218 1 82 6913 2304 0
J N 8 239 21 12 1 0 2 144 145
K 1 49 45
K 0 0 42
K 0 49 42
K -1 49 45
K 2 49 45
K -5 99 110
K 14 99 110
K 0 49 59
K 0 21 59
K 0 0 59
K 0 -14 59
A D 24 48 1
A P 1 203 1
A P 2 163 1
J N 6 381 21 8 3457 1152 3 146 144 145
K 1 49 45
K 0 0 43
K 0 49 43
K -1 49 45
K 2 49 45
K 0 49 59
K 0 21 59
A D 6 48 0
A P 1 203 0
A P 2 163 0
H 144 T 21 0 0 0 0 0 3 0
H 145 T 70 0 0 0 0 0 13 0
J N 6 446 21 8 4321 288 1 146
K 1 49 45
K 0 0 43
K 0 49 43
K -1 49 45
K 2 49 45
K 0 49 59
K 0 21 59
A D 6 48 0
A P 1 203 0
A P 2 163 0
J N 6 498 21 8 5185 288 1 146
K 1 49 45
K 0 0 43
K 0 49 43
K -1 49 45
K 2 49 45
K 0 49 59
K 0 21 59
A D 6 48 0
A P 1 203 0
A P 2 163 0
J N 6 550 21 8 6049 288 1 146
K 1 49 45
K 0 0 43
K 0 49 43
K -1 49 45
K 2 49 45
K 0 49 59
K 0 21 59
A D 6 48 0
A P 1 203 0
A P 2 163 0
H 146 B 42 0 108 4 2 1 1 3
J B 270 604 1 82 6913 288 0
J N 8 625 21 12 1 0 0
K 1 49 45
K 0 0 42
K 0 49 42
K -1 49 45
K 2 49 45
K 0 49 59
K 0 21 59
K 0 -17 59
K 0 0 59
K 0 -16 59
K 0 -35 125
A D 24 48 0
A P 1 203 0
A P 2 163 0
J N 8 861 21 12 3457 1152 0
K 1 49 45
K 0 0 42
K 0 49 42
K -1 49 45
K 2 49 45
K 0 49 59
K 0 21 59
K 0 -17 59
K 0 0 59
K 0 -16 59
K 0 -35 125
A D 24 48 0
A P 1 203 0
A P 2 163 0
J B 271 1084 1 82 6913 1152 0
J N 7 1105 21 10 1 0 0
K 1 49 45
K 0 0 43
K 0 49 43
K -1 49 45
K 2 49 45
K 0 49 59
K 0 21 59
K 0 0 59
K 0 -14 59
A D 12 48 0
A P 1 203 0
A P 2 163 0
J N 7 1241 21 10 1729 576 0
K 1 49 45
K 0 0 43
K 0 49 43
K -1 49 45
K 2 49 45
K 0 49 59
K 0 21 59
K 0 0 59
K 0 -14 59
A D 12 48 0
A P 1 203 0
A P 2 163 0
J N 7 1303 21 10 3457 576 0
K 1 49 45
K 0 0 43
K 0 49 43
K -1 49 45
K 2 49 45
K 0 49 59
K 0 21 59
K 0 0 59
K 0 -14 59
A D 12 48 0
A P 1 203 0
A P 2 163 0
J N 7 1377 21 10 5185 576 0
K 1 49 45
K 0 0 43
K 0 49 43
K -1 49 45
K 2 49 45
K 0 49 59
K 0 21 59
K 0 0 59
K 0 -14 59
A D 12 48 0
A P 1 203 0
A P 2 163 0
J B 272 1440 1 82 6913 576 0
J N 7 1461 21 10 1 0 0
K 1 49 45
K 0 0 43
K 0 49 43
K -1 49 45
K 2 49 45
K 0 49 59
K 0 21 59
K 0 0 59
K 0 -14 59
A D 12 48 0
A P 1 203 0
A P 2 163 0
J N 7 1559 21 10 1729 576 0
K 1 49 45
K 0 0 43
K 0 49 43
K -1 49 45
K 2 49 45
K 0 49 59
K 0 21 59
K 0 0 59
K 0 -14 59
A D 12 48 0
A P 1 203 0
A P 2 163 0
J N 8 1655 21 12 3457 576 0
K 1 49 45
K 0 0 42
K 0 49 42
K -1 49 45
K 2 49 45
K 0 49 59
K 0 21 59
K 0 -17 59
K 0 0 59
K 0 -16 59
K 0 -35 125
A D 24 48 0
A P 1 203 0
A P 2 163 0
J B 273 1895 1 82 6913 1152 0
J N 7 1916 21 11 1 0 0
K 1 49 45
K 0 0 43
K 0 49 43
K -1 49 45
K 2 49 45
K 0 66 96
K 0 49 59
K 0 21 59
K 0 0 59
K 0 -14 59
A D 12 48 0
A P 1 203 0
A P 2 163 0
J R 7 1955 28 2 1729 576 0
K 0 0 48
A D 12 48 1
A P 1 0 1
J R 8 1994 28 2 3457 576 0
K 0 0 47
A D 24 48 0
A P 1 0 0
J B 274 2050 1 82 6913 1152 0
E *
L 1320 0 0 300 300 * 0 14 0
J D 0 -134 42 1 6913 0 0
W 0 -21 31 A Tbn.
J D 0 -134 42 1 6913 0 0
W 0 21 31 T Tbn.
J C 12 5 14 35 6913 0 0
J K 0 57 0 0 6913 0 0
J D 0 25 -14 1 6913 0 0
W 0 0 0 \02\06\08
J R 9 134 28 2 1 0 0
K 0 0 46
A D 8 8 0
A P 3 0 0
J B 269 218 1 82 6913 2304 0
J N 9 239 -7 9 1 0 2 45 46
K 0 -7 45
K 6 -7 45
K 0 -14 41
K 0 -7 45
K 1 -7 45
K 0 0 41
K 0 95 110
K 19 95 110
A D 8 8 1
A P 1 192 1
A P 2 180 1
J B 270 604 1 82 6913 2304 0
J N 9 625 -7 7 1 0 2 45 46
K 0 -7 45
K 6 -7 45
K 0 -14 41
K 0 -7 45
K 1 -7 45
K 0 0 41
A D 8 8 0
A P 1 192 0
A P 2 180 0
H 45 T -21 0 0 0 0 0 1 0
H 46 T -7 0 0 0 0 0 11 0
J B 271 1084 1 82 6913 2304 0
J N 7 1105 -7 9 1 0 0
K 0 -7 45
K 0 -14 43
K 0 -7 45
K 1 -7 45
K 0 0 43
K 0 -14 60
K 0 0 60
K 0 21 60
A D 2 8 0
A P 1 192 0
A P 2 180 0
J R 7 1241 28 2 1729 576 0
K 0 0 48
A D 2 8 1
A P 1 0 1
J R 8 1303 28 2 3457 576 0
K 0 0 47
A D 4 8 0
A P 1 0 0
J B 272 1440 1 82 6913 1152 0
J R 9 1653 28 2 1 0 0
K 0 0 46
A D 8 8 0
A P 3 0 0
J B 273 1895 1 82 6913 2304 0
J R 9 1958 28 2 1 0 0
K 0 0 46
A D 8 8 0
A P 3 0 0
J B 274 2050 1 82 6913 2304 0
E *
L 1465 0 0 300 300 * 0 14 0
J D 0 -116 42 1 6913 0 0
W 0 -21 31 Tbn.
J D 0 -116 42 1 6913 0 0
W 0 21 31 Basso
J C 22 5 14 36 6913 0 0
J K 0 57 0 0 6913 0 0
J D 0 25 -14 1 6913 0 0
W 0 0 0 \02\06\08
J R 9 134 28 2 1 0 0
K 0 0 46
A D 8 8 0
A P 1 0 0
J B 269 218 1 82 6913 2304 0
J N 9 239 14 4 1 0 1 22
K 0 0 41
K 0 74 110
K 19 74 110
A D 8 8 1
A P 1 140 1
J B 270 604 1 82 6913 2304 0
J N 9 625 14 2 1 0 1 22
K 0 0 41
A D 8 8 0
A P 1 140 0
H 22 T 14 0 0 0 0 0 5 0
J B 271 1084 1 82 6913 2304 0
J N 7 1105 14 4 1 0 0
K 0 0 43
K 0 0 60
K 0 21 60
A D 2 8 0
A P 1 140 0
J R 7 1241 28 2 1729 576 0
K 0 0 48
A D 2 8 1
A P 1 0 1
J R 8 1303 28 2 3457 576 0
K 0 0 47
A D 4 8 0
A P 1 0 0
J B 272 1440 1 82 6913 1152 0
J R 9 1653 28 2 1 0 0
K 0 0 46
A D 8 8 0
A P 1 0 0
J B 273 1895 1 82 6913 2304 0
J R 9 1958 28 2 1 0 0
K 0 0 46
A D 8 8 0
A P 1 0 0
J B 274 2050 1 82 6913 2304 0
E *
L 1605 0 0 300 300 * 0 14 0
J D 0 -110 42 1 6913 0 0
W 0 -21 31 Timp.
J D 0 -110 42 1 6913 0 0
W 0 21 31 (C-G)
J C 22 5 14 36 6913 0 0
J K 0 57 0 0 6913 0 0
J D 0 25 -14 1 6913 0 0
W 0 0 0 \02\06\08
J R 9 134 28 2 1 0 0
K 0 0 46
A D 96 96 0
A P 1 0 0
J B 269 218 1 82 6913 2304 0
J N 8 239 35 9 1 0 0
K 0 0 42
K 0 53 110
K 19 53 110
K 0 0 59
K 0 -28 59
K 0 -30 59
K 0 -49 125
K 0 -35 125
A D 48 96 0
A P 1 123 0
J N 8 381 35 6 3457 1152 0
K 0 0 42
K 0 -17 59
K 0 0 59
K 0 -16 59
K 0 -35 125
A D 48 96 0
A P 1 123 0
J B 270 604 1 82 6913 1152 0
J N 8 625 35 6 1 0 0
K 0 0 42
K 0 -17 59
K 0 0 59
K 0 -16 59
K 0 -35 125
A D 48 96 0
A P 1 123 0
J N 8 861 35 6 3457 1152 0
K 0 0 42
K 0 -17 59
K 0 0 59
K 0 -16 59
K 0 -35 125
A D 48 96 0
A P 1 123 0
J B 271 1084 1 82 6913 1152 0
J N 7 1105 35 4 1 0 0
K 0 0 43
K 0 0 59
K 0 -21 59
A D 24 96 0
A P 1 123 0
J N 7 1241 35 4 1729 576 0
K 0 0 43
K 0 0 59
K 0 -21 59
A D 24 96 0
A P 1 123 0
J N 7 1303 35 4 3457 576 0
K 0 0 43
K 0 0 59
K 0 -21 59
A D 24 96 0
A P 1 123 0
J N 7 1377 35 4 5185 576 0
K 0 0 43
K 0 0 59
K 0 -21 59
A D 24 96 0
A P 1 123 0
J B 272 1440 1 82 6913 576 0
J N 7 1461 35 4 1 0 0
K 0 0 43
K 0 0 59
K 0 -21 59
A D 24 96 0
A P 1 123 0
J N 7 1559 35 4 1729 576 0
K 0 0 43
K 0 0 59
K 0 -21 59
A D 24 96 0
A P 1 123 0
J N 6 1655 35 2 3457 576 1 83
K 0 0 43
A D 12 96 0
A P 1 123 0
J N 6 1707 35 2 4321 288 1 83
K 0 0 43
A D 12 96 0
A P 1 123 0
J N 6 1773 35 2 5185 288 1 83
K 0 0 43
A D 12 96 0
A P 1 123 0
J N 6 1825 35 2 6049 288 1 83
K 0 0 43
A D 12 96 0
A P 1 123 0
H 83 B 42 0 108 4 2 1 1 3
J B 273 1895 1 82 6913 288 0
J N 7 1916 35 5 1 0 0
K 0 0 43
K 0 14 96
K 0 0 59
K 0 -21 59
A D 24 96 0
A P 1 123 0
J R 7 1955 28 2 1729 576 0
K 0 0 48
A D 24 96 1
A P 1 0 1
J R 8 1994 28 2 3457 576 0
K 0 0 47
A D 48 96 0
A P 1 0 0
J B 274 2050 1 82 6913 1152 0
E *
L 1770 0 0 300 300 * 0 14 0
J D 0 -119 42 1 6913 0 0
W 0 0 31 Vln 1
J C 4 5 42 2 6913 0 0
K 0 0 33
K 0 0 34
J K 0 57 0 0 6913 0 0
J D 0 25 -14 1 6913 0 0
W 0 0 0 \02\06\08
J N 8 106 -7 8 1 0 0
K -18 0 63
K 0 0 42
K 0 0 60
K 0 28 60
K 0 30 60
K -17 49 125
K -17 35 125
A D 24 48 0
A P 1 227 0
J N 8 159 -7 7 3457 1152 0
K 0 0 42
K 0 0 60
K 0 28 60
K 0 30 60
K -17 49 125
K -17 35 125
A D 24 48 0
A P 1 227 0
J B 269 218 1 82 6913 1152 0
J N 8 239 -14 11 1 0 0
K 0 0 45
K 0 0 42
K -1 0 45
K 2 0 45
K 0 105 110
K 19 105 110
K 0 0 60
K 0 23 60
K -17 42 125
K -17 28 125
A D 24 48 0
A P 1 232 0
J N 5 381 -14 5 3457 1152 1 338
K 0 0 45
K 0 0 43
K -1 0 45
K 2 0 45
A D 3 48 0
A P 1 232 0
J N 5 405 84 6 3889 144 1 338
K 1 -14 45
K 1 0 45
K 0 0 43
K -1 0 45
K 2 0 45
A D 3 48 0
A P 1 152 0
J N 5 446 77 6 4321 144 1 338
K 1 -7 45
K -15 0 65
K 0 0 43
K 0 -7 45
K 1 -7 45
A D 3 48 0
A P 1 157 0
J N 5 472 70 5 4753 144 1 338
K 1 0 45
K 0 0 43
K -1 0 45
K 2 0 45
A D 3 48 0
A P 1 163 0
H 338 B -56 0 108 4 22 11 11 33
J N 5 498 63 2 5185 144 1 339
K 0 0 43
A D 3 48 0
A P 1 169 0
J N 5 524 56 2 5617 144 1 339
K 0 0 43
A D 3 48 0
A P 1 175 0
J N 5 550 49 2 6049 144 1 339
K 0 0 43
A D 3 48 0
A P 1 180 0
J N 5 576 42 2 6481 144 1 339
K 0 0 43
A D 3 48 0
A P 1 186 0
H 339 B 52 -5 108 4 22 11 11 33
J B 270 604 1 82 6913 144 0
J N 5 625 35 2 1 0 1 340
K 0 0 43
A D 3 48 0
A P 1 192 0
J N 5 649 70 5 433 144 1 340
K 1 0 45
K 0 0 43
K -1 0 45
K 2 0 45
A D 3 48 0
A P 1 163 0
J N 5 690 63 2 865 144 1 340
K 0 0 43
A D 3 48 0
A P 1 169 0
J N 5 716 56 2 1297 144 1 340
K 0 0 43
A D 3 48 0
A P 1 175 0
H 340 B 51 4 108 4 22 11 11 33
J N 5 742 49 2 1729 144 1 341
K 0 0 43
A D 3 48 0
A P 1 180 0
J N 5 768 42 2 2161 144 1 341
K 0 0 43
A D 3 48 0
A P 1 186 0
J N 5 794 35 2 2593 144 1 341
K 0 0 43
A D 3 48 0
A P 1 192 0
J N 5 835 28 3 3025 144 1 341
K -15 0 65
K 0 0 43
A D 3 48 0
A P 1 197 0
H 341 B 64 -1 108 4 22 11 11 33
J N 5 861 21 2 3457 144 1 342
K 0 0 43
A D 3 48 0
A P 1 203 0
J N 5 885 35 2 3889 144 1 342
K 0 0 43
A D 3 48 0
A P 1 192 0
J N 5 911 28 2 4321 144 1 342
K 0 0 43
A D 3 48 0
A P 1 197 0
J N 5 937 21 2 4753 144 1 342
K 0 0 43
A D 3 48 0
A P 1 203 0
H 342 B -59 0 108 4 22 11 11 33
J N 5 978 14 2 5185 144 1 343
K 0 0 43
A D 3 48 0
A P 1 209 0
J N 5 1004 7 2 5617 144 1 343
K 0 0 43
A D 3 48 0
A P 1 215 0
J N 5 1030 0 2 6049 144 1 343
K 0 0 43
A D 3 48 0
A P 1 220 0
J N 5 1056 -7 2 6481 144 1 343
K 0 0 43
A D 3 48 0
A P 1 226 0
H 343 B -44 -5 108 4 22 11 11 33
J B 271 1084 1 82 6913 144 0
J N 5 1105 -14 5 1 0 1 344
K 0 0 45
K 0 0 43
K -1 0 45
K 2 0 45
A D 3 48 0
A P 1 232 0
J N 5 1131 -7 2 433 144 1 344
K 0 0 43
A D 3 48 0
A P 1 226 0
J N 5 1157 -14 5 865 144 1 344
K 0 0 45
K 0 0 43
K -1 0 45
K 2 0 45
A D 3 48 0
A P 1 232 0
J N 5 1197 -21 6 1297 144 1 344
K 0 7 45
K -14 0 64
K 0 0 43
K 0 7 45
K 1 7 45
A D 3 48 0
A P 1 238 0
H 344 B -57 0 108 4 22 11 11 33
J N 7 1241 -28 10 1729 144 0
K 0 14 45
K 0 0 45
K 0 0 43
K -1 0 45
K 2 0 45
K 0 0 60
K 0 24 60
K -17 43 125
K -17 29 125
A D 12 48 0
A P 1 243 0
J N 8 1303 -28 10 3457 576 0
K 0 14 45
K 0 0 45
K 0 0 42
K -1 0 45
K 2 0 45
K 0 0 60
K 0 24 60
K -17 43 125
K -17 29 125
A D 24 48 0
A P 1 243 0
J B 272 1440 1 82 6913 1152 0
J N 5 1461 -28 6 1 0 1 345
K 0 14 45
K 0 0 45
K 0 0 43
K -1 0 45
K 2 0 45
A D 3 48 0
A P 1 243 0
J N 5 1487 -28 6 433 144 1 345
K 0 14 45
K 0 0 45
K 0 0 43
K -1 0 45
K 2 0 45
A D 3 48 0
A P 1 243 0
J N 5 1511 -21 5 865 144 1 345
K 0 7 45
K 0 0 43
K 0 7 45
K 1 7 45
A D 3 48 0
A P 1 238 0
J N 5 1535 -14 5 1297 144 1 345
K 0 0 45
K 0 0 43
K -1 0 45
K 2 0 45
A D 3 48 0
A P 1 232 0
H 345 B -57 1 108 4 22 11 11 33
J N 5 1559 -7 2 1729 144 1 346
K 0 0 43
A D 3 48 0
A P 1 226 0
J N 5 1583 0 2 2161 144 1 346
K 0 0 43
A D 3 48 0
A P 1 220 0
J N 5 1607 7 2 2593 144 1 346
K 0 0 43
A D 3 48 0
A P 1 215 0
J N 5 1631 14 2 3025 144 1 346
K 0 0 43
A D 3 48 0
A P 1 209 0
H 346 B -53 5 108 4 22 11 11 33
J N 5 1655 21 2 3457 144 1 347
K 0 0 43
A D 3 48 0
A P 1 203 0
J N 5 1681 28 2 3889 144 1 347
K 0 0 43
A D 3 48 0
A P 1 198 0
J N 5 1707 35 2 4321 144 1 347
K 0 0 43
A D 3 48 0
A P 1 192 0
J N 5 1733 42 2 4753 144 1 347
K 0 0 43
A D 3 48 0
A P 1 186 0
H 347 B 52 5 108 4 22 11 11 33
J N 5 1773 49 2 5185 144 1 348
K 0 0 43
A D 3 48 0
A P 1 180 0
J N 5 1799 56 2 5617 144 1 348
K 0 0 43
A D 3 48 0
A P 1 175 0
J N 5 1825 63 2 6049 144 1 348
K 0 0 43
A D 3 48 0
A P 1 169 0
J N 5 1867 70 5 6481 144 1 348
K 1 0 45
K 0 0 43
K -1 0 45
K 2 0 45
A D 3 48 0
A P 1 163 0
H 348 B 51 4 108 4 22 11 11 33
J B 273 1895 1 82 6913 144 0
J N 7 1916 49 5 1 0 0
K 0 0 43
K 0 17 96
K 0 0 59
K 0 -21 59
A D 12 48 0
A P 1 180 0
J R 7 1955 28 2 1729 576 0
K 0 0 48
A D 12 48 1
A P 1 0 1
J R 8 1994 28 2 3457 576 0
K 0 0 47
A D 24 48 0
A P 1 0 0
J B 274 2050 1 82 6913 1152 0
E *
L 1930 0 0 300 300 * 0 14 0
J D 0 -119 42 1 6913 0 0
W 0 0 31 Vln 2
J C 4 5 42 2 6913 0 0
K 0 0 33
K 0 0 34
J K 0 57 0 0 6913 0 0
J D 0 25 -14 1 6913 0 0
W 0 0 0 \02\06\08
J N 8 106 7 7 1 0 0
K 0 0 42
K 0 0 60
K 0 28 60
K 0 30 60
K -17 49 125
K -17 35 125
A D 24 48 0
A P 1 215 0
J N 8 159 7 7 3457 1152 0
K 0 0 42
K 0 0 60
K 0 28 60
K 0 30 60
K -17 49 125
K -17 35 125
A D 24 48 0
A P 1 215 0
J B 269 218 1 82 6913 1152 0
J N 8 239 35 12 1 0 0
K 0 -35 42
K 0 0 42
K 0 79 110
K 19 79 110
K 0 -35 60
K 0 -7 60
K 0 0 60
K 0 28 60
K 0 30 60
K -17 49 125
K -17 35 125
A D 24 48 0
A P 1 220 0
A P 1 192 0
J N 8 381 35 10 3457 1152 0
K 0 -35 42
K 0 0 42
K 0 -35 60
K 0 -7 60
K 0 0 60
K 0 28 60
K 0 30 60
K -17 49 125
K -17 35 125
A D 24 48 0
A P 1 220 0
A P 1 192 0
J B 270 604 1 82 6913 1152 0
J N 5 625 0 5 1 0 1 280
K 0 0 43
K 0 35 43
K 0 35 59
K 0 7 59
A D 3 48 0
A P 1 220 0
A P 1 192 0
J N 5 649 84 6 433 144 1 280
K 1 -14 45
K 1 0 45
K 0 0 43
K -1 0 45
K 2 0 45
A D 3 48 0
A P 1 152 0
J N 5 690 77 6 865 144 1 280
K 1 -7 45
K -15 0 65
K 0 0 43
K 0 -7 45
K 1 -7 45
A D 3 48 0
A P 1 157 0
J N 5 716 70 5 1297 144 1 280
K 1 0 45
K 0 0 43
K -1 0 45
K 2 0 45
A D 3 48 0
A P 1 163 0
H 280 B 45 7 108 4 22 11 11 33
J N 5 742 63 2 1729 144 1 281
K 0 0 43
A D 3 48 0
A P 1 169 0
J N 5 768 56 2 2161 144 1 281
K 0 0 43
A D 3 48 0
A P 1 175 0
J N 5 794 49 2 2593 144 1 281
K 0 0 43
A D 3 48 0
A P 1 180 0
J N 5 835 42 2 3025 144 1 281
K 0 0 43
A D 3 48 0
A P 1 186 0
H 281 B 64 -1 108 4 22 11 11 33
J N 5 861 35 2 3457 144 1 282
K 0 0 43
A D 3 48 0
A P 1 192 0
J N 5 885 49 2 3889 144 1 282
K 0 0 43
A D 3 48 0
A P 1 180 0
J N 5 911 42 2 4321 144 1 282
K 0 0 43
A D 3 48 0
A P 1 186 0
J N 5 937 35 2 4753 144 1 282
K 0 0 43
A D 3 48 0
A P 1 192 0
H 282 B 50 0 108 4 22 11 11 33
J N 5 978 28 3 5185 144 1 283
K -15 0 65
K 0 0 43
A D 3 48 0
A P 1 197 0
J N 5 1004 21 2 5617 144 1 283
K 0 0 43
A D 3 48 0
A P 1 203 0
J N 5 1030 14 2 6049 144 1 283
K 0 0 43
A D 3 48 0
A P 1 209 0
J N 5 1056 7 2 6481 144 1 283
K 0 0 43
A D 3 48 0
A P 1 215 0
H 283 B -44 -5 108 4 22 11 11 33
J B 271 1084 1 82 6913 144 0
J N 5 1105 0 2 1 0 1 284
K 0 0 43
A D 3 48 0
A P 1 220 0
J N 5 1131 -7 2 433 144 1 284
K 0 0 43
A D 3 48 0
A P 1 226 0
J N 5 1157 -14 5 865 144 1 284
K 0 0 45
K 0 0 43
K -1 0 45
K 2 0 45
A D 3 48 0
A P 1 232 0
J N 5 1197 -21 6 1297 144 1 284
K 0 7 45
K -14 0 64
K 0 0 43
K 0 7 45
K 1 7 45
A D 3 48 0
A P 1 238 0
H 284 B -44 -4 108 4 22 11 11 33
J N 7 1241 -28 10 1729 144 0
K 0 14 45
K 0 0 45
K 0 0 43
K -1 0 45
K 2 0 45
K 0 0 60
K 0 24 60
K -17 43 125
K -17 29 125
A D 12 48 0
A P 1 243 0
J N 8 1303 -28 10 3457 576 0
K 0 14 45
K 0 0 45
K 0 0 42
K -1 0 45
K 2 0 45
K 0 0 60
K 0 24 60
K -17 43 125
K -17 29 125
A D 24 48 0
A P 1 243 0
J B 272 1440 1 82 6913 1152 0
J N 5 1461 -28 6 1 0 1 285
K 0 14 45
K 0 0 45
K 0 0 43
K -1 0 45
K 2 0 45
A D 3 48 0
A P 1 243 0
J N 5 1487 -28 6 433 144 1 285
K 0 14 45
K 0 0 45
K 0 0 43
K -1 0 45
K 2 0 45
A D 3 48 0
A P 1 243 0
J N 5 1511 -21 5 865 144 1 285
K 0 7 45
K 0 0 43
K 0 7 45
K 1 7 45
A D 3 48 0
A P 1 238 0
J N 5 1535 -14 5 1297 144 1 285
K 0 0 45
K 0 0 43
K -1 0 45
K 2 0 45
A D 3 48 0
A P 1 232 0
H 285 B -57 1 108 4 22 11 11 33
J N 5 1559 -7 2 1729 144 1 286
K 0 0 43
A D 3 48 0
A P 1 226 0
J N 5 1583 0 2 2161 144 1 286
K 0 0 43
A D 3 48 0
A P 1 220 0
J N 5 1607 7 2 2593 144 1 286
K 0 0 43
A D 3 48 0
A P 1 215 0
J N 5 1631 14 2 3025 144 1 286
K 0 0 43
A D 3 48 0
A P 1 209 0
H 286 B -53 5 108 4 22 11 11 33
J N 5 1655 21 2 3457 144 1 287
K 0 0 43
A D 3 48 0
A P 1 203 0
J N 5 1681 28 2 3889 144 1 287
K 0 0 43
A D 3 48 0
A P 1 198 0
J N 5 1707 35 2 4321 144 1 287
K 0 0 43
A D 3 48 0
A P 1 192 0
J N 5 1733 42 2 4753 144 1 287
K 0 0 43
A D 3 48 0
A P 1 186 0
H 287 B 52 5 108 4 22 11 11 33
J N 5 1773 49 2 5185 144 1 288
K 0 0 43
A D 3 48 0
A P 1 180 0
J N 5 1799 56 2 5617 144 1 288
K 0 0 43
A D 3 48 0
A P 1 175 0
J N 5 1825 63 2 6049 144 1 288
K 0 0 43
A D 3 48 0
A P 1 169 0
J N 5 1867 70 5 6481 144 1 288
K 1 0 45
K 0 0 43
K -1 0 45
K 2 0 45
A D 3 48 0
A P 1 163 0
H 288 B 51 4 108 4 22 11 11 33
J B 273 1895 1 82 6913 144 0
J N 7 1916 63 5 1 0 0
K 0 0 43
K 0 17 96
K 0 0 59
K 0 -21 59
A D 12 48 0
A P 1 169 0
J R 7 1955 28 2 1729 576 0
K 0 0 48
A D 12 48 1
A P 1 0 1
J R 8 1994 28 2 3457 576 0
K 0 0 47
A D 24 48 0
A P 1 0 0
J B 274 2050 1 82 6913 1152 0
E *
L 2095 0 0 300 300 * 0 14 0
J D 0 -94 42 1 6913 0 0
W 0 0 31 Vla
J C 13 5 28 35 6913 0 0
J K 0 57 0 0 6913 0 0
J D 0 25 -14 1 6913 0 0
W 0 0 0 \02\06\08
J N 8 106 14 9 1 0 0
K -18 -14 63
K 0 -14 42
K 0 0 42
K 0 -14 60
K 0 0 60
K 0 23 60
K -17 42 125
K -17 28 125
A D 24 48 0
A P 1 187 0
A P 2 175 0
J N 8 159 14 8 3457 1152 0
K 0 -14 42
K 0 0 42
K 0 -14 60
K 0 0 60
K 0 23 60
K -17 42 125
K -17 28 125
A D 24 48 0
A P 1 187 0
A P 2 175 0
J B 269 218 1 82 6913 1152 0
J N 5 239 7 6 1 0 1 271
K 0 -14 43
K 0 0 43
K -5 113 110
K 14 113 110
K 0 -14 60
A D 3 48 0
A P 1 192 0
A P 2 180 0
J N 5 263 56 4 433 144 1 271
K 0 -14 43
K 0 0 43
K 0 -14 60
A D 3 48 0
A P 1 152 0
A P 2 140 0
J N 5 289 56 4 865 144 1 271
K 0 -14 43
K 0 0 43
K 0 -14 60
A D 3 48 0
A P 1 152 0
A P 2 140 0
J N 5 315 56 4 1297 144 1 271
K 0 -14 43
K 0 0 43
K 0 -14 60
A D 3 48 0
A P 1 152 0
A P 2 140 0
H 271 B -84 6 108 4 22 11 11 33
J N 7 341 42 8 1729 144 0
K 0 0 43
K 0 14 43
K 0 14 59
K 0 0 59
K 0 -23 59
K 0 -42 125
K 0 -28 125
A D 12 48 0
A P 1 152 0
A P 2 140 0
J N 8 381 42 8 3457 576 0
K 0 0 42
K 0 14 42
K 0 14 59
K 0 0 59
K 0 -23 59
K 0 -42 125
K 0 -28 125
A D 24 48 0
A P 1 152 0
A P 2 140 0
J B 270 604 1 82 6913 1152 0
J N 5 625 42 4 1 0 1 272
K 0 0 43
K 0 14 43
K 0 14 59
A D 3 48 0
A P 1 152 0
A P 2 140 0
J N 5 649 77 8 433 144 1 272
K 1 -7 45
K 0 0 43
K 0 -7 45
K 1 -7 45
K 0 0 43
K 0 -7 45
K 1 -7 45
A D 3 48 0
A P 1 123 0
A P 2 123 0
J N 5 690 70 8 865 144 1 272
K 1 0 45
K 0 0 43
K -1 0 45
K 2 0 45
K 0 0 43
K -1 0 45
K 2 0 45
A D 3 48 0
A P 1 129 0
A P 2 129 0
J N 5 716 63 3 1297 144 1 272
K 0 0 43
K 0 0 43
A D 3 48 0
A P 1 135 0
A P 2 135 0
H 272 B 44 4 108 4 22 11 11 33
J N 5 742 56 3 1729 144 1 273
K 0 0 43
K 0 0 43
A D 3 48 0
A P 1 140 0
A P 2 140 0
J N 5 768 49 3 2161 144 1 273
K 0 0 43
K 0 0 43
A D 3 48 0
A P 1 146 0
A P 2 146 0
J N 5 794 42 3 2593 144 1 273
K 0 0 43
K 0 0 43
A D 3 48 0
A P 1 152 0
A P 2 152 0
J N 5 835 35 4 3025 144 1 273
K -15 0 65
K 0 0 43
K 0 0 43
A D 3 48 0
A P 1 157 0
A P 2 157 0
H 273 B 57 -1 108 4 22 11 11 33
J N 5 861 28 3 3457 144 1 274
K 0 0 43
K 0 0 43
A D 3 48 0
A P 1 163 0
A P 2 163 0
J N 5 885 42 4 3889 144 1 274
K 0 0 43
K 0 14 43
K 0 14 59
A D 3 48 0
A P 1 152 0
A P 2 140 0
J N 5 911 35 4 4321 144 1 274
K 0 0 43
K 0 14 43
K 0 14 59
A D 3 48 0
A P 1 157 0
A P 2 146 0
J N 5 937 28 4 4753 144 1 274
K 0 0 43
K 0 14 43
K 0 14 59
A D 3 48 0
A P 1 163 0
A P 2 152 0
H 274 B 45 0 108 4 22 11 11 33
J N 5 978 35 5 5185 144 1 275
K -15 0 65
K 0 -14 43
K 0 0 43
K 0 -14 60
A D 3 48 0
A P 1 169 0
A P 2 157 0
J N 5 1004 28 4 5617 144 1 275
K 0 -14 43
K 0 0 43
K 0 -14 60
A D 3 48 0
A P 1 175 0
A P 2 163 0
J N 5 1030 21 4 6049 144 1 275
K 0 -14 43
K 0 0 43
K 0 -14 60
A D 3 48 0
A P 1 180 0
A P 2 169 0
J N 5 1056 14 4 6481 144 1 275
K 0 -14 43
K 0 0 43
K 0 -14 60
A D 3 48 0
A P 1 186 0
A P 2 175 0
H 275 B -51 -5 108 4 22 11 11 33
J B 271 1084 1 82 6913 144 0
J N 5 1105 7 4 1 0 1 276
K 0 -14 43
K 0 0 43
K 0 -14 60
A D 3 48 0
A P 1 192 0
A P 2 180 0
J N 5 1131 7 3 433 144 1 276
K 0 0 43
K 0 0 43
A D 3 48 0
A P 1 180 0
A P 2 180 0
J N 5 1157 7 3 865 144 1 276
K 0 0 43
K 0 0 43
A D 3 48 0
A P 1 180 0
A P 2 180 0
J N 5 1197 7 3 1297 144 1 276
K 0 0 43
K 0 0 43
A D 3 48 0
A P 1 180 0
A P 2 180 0
H 276 B -50 0 108 4 22 11 11 33
J N 7 1241 7 8 1729 144 0
K -18 0 63
K 0 0 43
K 0 0 60
K 0 28 60
K 0 30 60
K -17 49 125
K -17 35 125
A D 12 48 0
A P 3 181 0
J N 7 1303 0 6 3457 576 0
K 0 0 43
K 0 0 60
K 0 23 60
K -17 42 125
K -17 28 125
A D 12 48 0
A P 3 186 0
J N 7 1377 0 7 5185 576 0
K -18 0 63
K 0 0 43
K 0 0 60
K 0 23 60
K -17 42 125
K -17 28 125
A D 12 48 0
A P 3 187 0
J B 272 1440 1 82 6913 576 0
J N 7 1461 -7 7 1 0 0
K 0 0 43
K 0 0 60
K 0 28 60
K 0 30 60
K -17 49 125
K -17 35 125
A D 12 48 0
A P 3 192 0
J N 7 1559 -14 9 1729 576 0
K 0 0 45
K 0 0 43
K -1 0 45
K 2 0 45
K 0 0 60
K 0 23 60
K -17 42 125
K -17 28 125
A D 12 48 0
A P 3 198 0
J N 6 1655 -21 7 3457 576 0
K 0 7 45
K 0 0 43
K 0 7 45
K 1 7 45
K 0 0 60
K 0 0 54
A D 6 48 0
A P 3 203 0
J N 5 1707 63 7 4321 288 1 277
K 1 7 45
K 0 0 43
K 0 14 43
K 0 7 45
K 1 7 45
K 0 14 59
A D 3 48 0
A P 1 135 0
A P 2 123 0
J N 5 1733 63 7 4753 144 1 277
K 1 7 45
K 0 0 43
K 0 14 43
K 0 7 45
K 1 7 45
K 0 14 59
A D 3 48 0
A P 1 135 0
A P 2 123 0
H 277 B 50 0 108 2 22 33
J N 5 1773 56 7 5185 144 1 278
K 1 14 45
K 0 0 43
K 0 14 43
K -1 14 45
K 2 14 45
K 0 14 59
A D 3 48 0
A P 1 140 0
A P 2 129 0
J N 5 1799 56 7 5617 144 1 278
K 1 14 45
K 0 0 43
K 0 14 43
K -1 14 45
K 2 14 45
K 0 14 59
A D 3 48 0
A P 1 140 0
A P 2 129 0
J N 5 1825 49 4 6049 144 1 278
K 0 0 43
K 0 14 43
K 0 14 59
A D 3 48 0
A P 1 146 0
A P 2 135 0
J N 5 1867 49 4 6481 144 1 278
K 0 0 43
K 0 14 43
K 0 14 59
A D 3 48 0
A P 1 146 0
A P 2 135 0
H 278 B 57 0 108 4 22 11 11 33
J B 273 1895 1 82 6913 144 0
J N 7 1916 42 7 1 0 0
K 0 0 43
K 0 14 43
K 0 31 96
K 0 14 59
K 0 0 59
K 0 -21 59
A D 12 48 0
A P 1 152 0
A P 2 140 0
J R 7 1955 28 2 1729 576 0
K 0 0 48
A D 12 48 1
A P 1 0 1
J R 8 1994 28 2 3457 576 0
K 0 0 47
A D 24 48 0
A P 1 0 0
J B 274 2050 1 82 6913 1152 0
E *
L 2260 0 0 300 300 * 0 14 0
J D 0 -83 42 1 6913 0 0
W 0 -21 31 Vc.
J D 0 -83 42 1 6913 0 0
W 0 21 31 Cb.
J C 22 5 14 36 6913 0 0
J K 0 57 0 0 6913 0 0
J D 0 25 -14 1 6913 0 0
W 0 0 0 \02\06\08
J N 8 106 -14 8 1 0 0
K 0 0 45
K 0 0 42
K -1 0 45
K 2 0 45
K 0 0 60
K 0 23 60
K -17 42 125
A D 24 48 0
A P 1 163 0
J N 8 159 -14 8 3457 1152 0
K 0 0 45
K 0 0 42
K -1 0 45
K 2 0 45
K 0 0 60
K 0 23 60
K -17 42 125
A D 24 48 0
A P 1 163 0
J B 269 218 1 82 6913 1152 0
J N 8 239 14 6 1 0 1 189
K 0 0 42
K 0 74 110
K 19 74 110
K 0 0 60
K 0 21 60
A D 24 48 1
A P 1 140 1
J N 6 381 14 2 3457 1152 2 190 189
K 0 0 43
A D 6 48 0
A P 1 140 0
H 189 T 14 0 0 0 0 0 5 0
J N 6 446 14 2 4321 288 1 190
K 0 0 43
A D 6 48 0
A P 1 140 0
J N 6 498 14 2 5185 288 1 190
K 0 0 43
A D 6 48 0
A P 1 140 0
J N 6 550 14 2 6049 288 1 190
K 0 0 43
A D 6 48 0
A P 1 140 0
H 190 B -46 0 108 4 2 1 1 3
J B 270 604 1 82 6913 288 0
J N 8 625 14 5 1 0 0
K 0 0 42
K 0 0 60
K 0 23 60
K -17 42 125
A D 24 48 0
A P 1 140 0
J N 8 861 14 5 3457 1152 0
K 0 0 42
K 0 0 60
K 0 23 60
K -17 42 125
A D 24 48 0
A P 1 140 0
J B 271 1084 1 82 6913 1152 0
J N 6 1105 14 2 1 0 1 191
K 0 0 43
A D 6 48 0
A P 1 140 0
J N 6 1157 14 2 865 288 1 191
K 0 0 43
A D 6 48 0
A P 1 140 0
J N 6 1241 14 3 1729 288 1 191
K -18 0 63
K 0 0 43
A D 6 48 0
A P 1 141 0
J N 6 1272 14 2 2593 288 1 191
K 0 0 43
A D 6 48 0
A P 1 141 0
H 191 B -46 0 108 4 2 1 1 3
J N 6 1303 7 2 3457 288 1 192
K 0 0 43
A D 6 48 0
A P 1 146 0
J N 6 1333 7 2 4321 288 1 192
K 0 0 43
A D 6 48 0
A P 1 146 0
J N 6 1377 7 3 5185 288 1 192
K -18 0 63
K 0 0 43
A D 6 48 0
A P 1 147 0
J N 6 1407 7 2 6049 288 1 192
K 0 0 43
A D 6 48 0
A P 1 147 0
H 192 B -49 0 108 4 2 1 1 3
J B 272 1440 1 82 6913 288 0
J N 6 1461 0 2 1 0 1 193
K 0 0 43
A D 6 48 0
A P 1 152 0
J N 6 1511 0 2 865 288 1 193
K 0 0 43
A D 6 48 0
A P 1 152 0
J N 6 1559 -7 2 1729 288 1 193
K 0 0 43
A D 6 48 0
A P 1 158 0
J N 6 1607 -7 2 2593 288 1 193
K 0 0 43
A D 6 48 0
A P 1 158 0
H 193 B -46 0 108 4 2 1 1 3
J N 6 1655 -14 5 3457 288 1 194
K 0 0 45
K 0 0 43
K -1 0 45
K 2 0 45
A D 6 48 0
A P 1 163 0
J N 6 1707 35 2 4321 288 1 194
K 0 0 43
A D 6 48 0
A P 1 123 0
J N 6 1773 28 2 5185 288 1 194
K 0 0 43
A D 6 48 0
A P 1 129 0
J N 6 1825 21 2 6049 288 1 194
K 0 0 43
A D 6 48 0
A P 1 135 0
H 194 B -90 1 108 4 2 1 1 3
J B 273 1895 1 82 6913 288 0
J N 7 1916 14 5 1 0 0
K 0 0 43
K 0 -21 96
K 0 0 60
K 0 21 60
A D 12 48 0
A P 1 140 0
J R 7 1955 28 2 1729 576 0
K 0 0 48
A D 12 48 1
A P 1 0 1
J R 8 1994 28 2 3457 576 0
K 0 0 47
A D 24 48 0
A P 1 0 0
J B 274 2050 1 82 6913 1152 0
E *
B 1 218 0
B 1 604 0
B 1 1084 0
B 1 1440 0
B 1 1895 0
B 1 2050 0
