@ SYSTEM: Beethoven: Symphony No. 3 -- First Movement
S 0 200 140 2050 1718 13 "[....][{..}.](.)[{..}.{..}]"
@ LINE: 1 Flutes
L 0 0 0 339 339 * 0 14 0
J D 0 -108 42 1 6913 0 0
W 0 0 31 Fl 1-2
J C 4 5 42 2 6913 0 0
K 0 0 33
K 0 0 34
J K -3 57 0 3 6913 0 0
K 0 28 65
K 13 7 65
K 26 35 65
J D 0 -27 -14 1 6913 0 0
W 0 0 37 \06\02\06
J N 7 141 -35 9 1 0 1 272
K 0 21 45
K 0 7 45
K 0 0 43
K 0 7 45
K 1 7 45
K 0 0 60
K 0 28 60
K 0 35 60
A D 4 16 0
A P 1 249 0
J N 7 187 -42 10 2305 576 0
K 0 28 45
K 0 14 45
K 0 0 45
K 0 0 43
K -1 0 45
K 2 0 45
K 0 0 60
K 0 28 60
K 0 42 60
A D 4 16 0
A P 1 254 0
J N 7 233 -49 10 4609 576 2 273 272
K 0 35 45
K 0 21 45
K 0 7 45
K 0 0 43
K 0 7 45
K 1 7 45
K 0 0 60
K 0 28 60
K 0 49 60
A D 4 16 1
A P 1 260 1
H 272 S 0 0 0 0 0 0 0 0 0
J B 627 279 1 82 6913 576 0
J N 6 300 -49 8 1 0 3 274 275 273
K 0 35 45
K 0 21 45
K 0 7 45
K 0 0 43
K 0 7 45
K 1 7 45
K 0 133 108
A D 2 16 0
A P 1 260 0
H 273 T -49 0 0 0 0 0 1 0
J N 6 331 -42 7 1153 288 1 275
K 0 28 45
K 0 14 45
K 0 0 45
K 0 0 43
K -1 0 45
K 2 0 45
A D 2 16 0
A P 1 254 0
J N 6 378 -35 6 2305 288 1 275
K 0 21 45
K 0 7 45
K 0 0 43
K 0 7 45
K 1 7 45
A D 2 16 0
A P 1 249 0
J N 6 409 -42 7 3457 288 1 275
K 0 28 45
K 0 14 45
K 0 0 45
K 0 0 43
K -1 0 45
K 2 0 45
A D 2 16 0
A P 1 254 0
J N 6 440 -49 7 4609 288 1 275
K 0 35 45
K 0 21 45
K 0 7 45
K 0 0 43
K 0 7 45
K 1 7 45
A D 2 16 0
A P 1 260 0
J N 6 471 -42 7 5761 288 2 275 274
K 0 28 45
K 0 14 45
K 0 0 45
K 0 0 43
K -1 0 45
K 2 0 45
A D 2 16 0
A P 1 254 0
H 275 B -77 0 108 6 2 1 1 1 1 3
H 274 S 0 0 0 0 0 0 0 0 0
J B 628 504 1 82 6913 288 0
J R 6 525 28 2 1 0 0
K 0 0 49
A D 2 16 0
A P 1 0 0
J N 6 556 -42 7 1153 288 2 276 277
K 0 28 45
K 0 14 45
K 0 0 45
K 0 0 43
K -1 0 45
K 2 0 45
A D 2 16 0
A P 1 254 0
J N 6 587 -35 6 2305 288 1 277
K 0 21 45
K 0 7 45
K 0 0 43
K 0 7 45
K 1 7 45
A D 2 16 0
A P 1 249 0
J N 6 618 -42 7 3457 288 1 277
K 0 28 45
K 0 14 45
K 0 0 45
K 0 0 43
K -1 0 45
K 2 0 45
A D 2 16 0
A P 1 254 0
J N 6 661 -49 7 4609 288 1 277
K 0 35 45
K 0 21 45
K 0 7 45
K 0 0 43
K 0 7 45
K 1 7 45
A D 2 16 0
A P 1 260 0
J N 6 692 -42 7 5761 288 2 277 276
K 0 28 45
K 0 14 45
K 0 0 45
K 0 0 43
K -1 0 45
K 2 0 45
A D 2 16 0
A P 1 254 0
H 277 B -70 0 108 5 2 1 1 1 3
H 276 S 0 0 0 0 0 0 0 0 0
J B 629 725 1 82 6913 288 0
J R 6 755 28 2 1 0 0
K 0 0 49
A D 2 16 0
A P 1 0 0
J N 6 786 -28 6 1153 288 2 278 279
K 0 14 45
K 0 0 45
K 0 0 43
K -1 0 45
K 2 0 45
A D 2 16 0
A P 1 243 0
J N 6 829 -21 6 2305 288 1 279
K 0 7 45
K -14 0 64
K 0 0 43
K 0 7 45
K 1 7 45
A D 2 16 0
A P 1 238 0
J N 6 860 -28 6 3457 288 1 279
K 0 14 45
K 0 0 45
K 0 0 43
K -1 0 45
K 2 0 45
A D 2 16 0
A P 1 243 0
J N 6 891 -35 6 4609 288 1 279
K 0 21 45
K 0 7 45
K 0 0 43
K 0 7 45
K 1 7 45
A D 2 16 0
A P 1 249 0
J N 6 922 -28 6 5761 288 2 279 278
K 0 14 45
K 0 0 45
K 0 0 43
K -1 0 45
K 2 0 45
A D 2 16 0
A P 1 243 0
H 279 B -56 0 108 5 2 1 1 1 3
H 278 S 0 0 0 0 0 0 0 0 0
J B 630 955 1 82 6913 288 0
J R 6 976 28 2 1 0 0
K 0 0 49
A D 2 16 0
A P 1 0 0
J N 6 1007 -28 6 1153 288 2 280 281
K 0 14 45
K 0 0 45
K 0 0 43
K -1 0 45
K 2 0 45
A D 2 16 0
A P 1 243 0
J N 6 1050 -21 6 2305 288 1 281
K 0 7 45
K -14 0 64
K 0 0 43
K 0 7 45
K 1 7 45
A D 2 16 0
A P 1 238 0
J N 6 1081 -28 6 3457 288 1 281
K 0 14 45
K 0 0 45
K 0 0 43
K -1 0 45
K 2 0 45
A D 2 16 0
A P 1 243 0
J N 6 1112 -35 6 4609 288 1 281
K 0 21 45
K 0 7 45
K 0 0 43
K 0 7 45
K 1 7 45
A D 2 16 0
A P 1 249 0
J N 6 1143 -28 6 5761 288 2 281 280
K 0 14 45
K 0 0 45
K 0 0 43
K -1 0 45
K 2 0 45
A D 2 16 0
A P 1 243 0
H 281 B -56 0 108 5 2 1 1 1 3
H 280 S 0 0 0 0 0 0 0 0 0
J B 631 1176 1 82 6913 288 0
J D 0 1197 0 1 1 0 0
W 0 88 36 cresc.
J N 8 1197 -21 9 1 0 1 282
K 0 7 45
K -15 0 65
K 0 0 42
K 0 7 45
K 1 7 45
K 25 0 44
K 0 0 60
K 0 21 60
A D 12 16 1
A P 1 237 1
J B 632 1398 1 82 6913 1728 0
J N 7 1419 -21 7 1 0 1 282
K 0 7 45
K 0 0 43
K 0 7 45
K 1 7 45
K 0 0 60
K 0 21 60
A D 4 16 0
A P 1 237 0
H 282 T -21 0 0 0 0 0 3 0
J N 7 1479 -7 13 2305 576 0
K 0 -7 45
K 0 -21 45
K 0 -35 45
K 0 -35 43
K -1 -35 45
K 2 -35 45
K 0 0 43
K 0 -52 96
K 0 -35 60
K 0 -28 60
K 0 0 60
K 0 21 60
A D 4 16 0
A P 1 254 0
A P 2 226 0
J N 7 1539 -7 13 4609 576 0
K 0 -7 45
K 0 -21 45
K 0 -35 45
K 0 -35 43
K -1 -35 45
K 2 -35 45
K 0 0 43
K 0 -52 96
K 0 -35 60
K 0 -28 60
K 0 0 60
K 0 21 60
A D 4 16 0
A P 1 254 0
A P 2 226 0
J B 633 1601 1 82 6913 576 0
J N 7 1631 0 12 1 0 0
K 0 -14 45
K 0 -28 45
K 0 -35 43
K 0 -28 45
K 1 -28 45
K 0 0 43
K 0 -52 96
K 0 -35 60
K 0 -28 60
K 0 0 60
K 0 21 60
A D 4 16 0
A P 1 249 0
A P 2 220 0
J N 7 1703 -14 15 2305 576 0
K 0 0 45
K 0 -14 45
K 0 -28 45
K 0 -35 43
K 0 -28 45
K 1 -28 45
K 0 0 43
K -1 0 45
K 2 0 45
K 0 -52 96
K 0 -35 60
K 0 -28 60
K 0 0 60
K 0 21 60
A D 4 16 0
A P 1 260 0
A P 2 231 0
J N 7 1776 -14 15 4609 576 0
K 0 0 45
K 0 -14 45
K 0 -28 45
K 0 -35 43
K 0 -28 45
K 1 -28 45
K 0 0 43
K -1 0 45
K 2 0 45
K 0 -52 96
K 0 -35 60
K 0 -28 60
K 0 0 60
K 0 21 60
A D 4 16 0
A P 1 260 0
A P 2 231 0
J B 634 1838 1 82 6913 576 0
J N 7 1868 -14 14 1 0 0
K 0 0 45
K 0 -14 45
K 0 -21 43
K 0 -14 45
K 1 -14 45
K 0 0 43
K -1 0 45
K 2 0 45
K 0 -38 96
K 0 92 108
K 0 -21 60
K 0 0 60
K 0 21 60
A D 4 16 0
A P 1 249 0
A P 2 231 0
J N 7 1928 -14 13 2305 576 0
K 0 0 45
K 0 -14 45
K 0 -21 43
K 0 -14 45
K 1 -14 45
K 0 0 43
K -1 0 45
K 2 0 45
K 0 -38 96
K 0 -21 60
K 0 0 60
K 0 21 60
A D 4 16 0
A P 1 249 0
A P 2 231 0
J N 7 1988 -14 13 4609 576 0
K 0 0 45
K 0 -14 45
K 0 -21 43
K 0 -14 45
K 1 -14 45
K 0 0 43
K -1 0 45
K 2 0 45
K 0 -38 96
K 0 -21 60
K 0 0 60
K 0 21 60
A D 4 16 0
A P 1 249 0
A P 2 231 0
J B 635 2050 1 82 6913 576 0
E *
@ LINE: 2 Oboes
L 132 0 0 339 339 * 0 14 0
J D 0 -119 42 1 6913 0 0
W 0 0 31 Ob 1-2
J C 4 5 42 2 6913 0 0
K 0 0 33
K 0 0 34
J K -3 57 0 3 6913 0 0
K 0 28 65
K 13 7 65
K 26 35 65
J D 0 -27 -14 1 6913 0 0
W 0 0 0 \06\02\06
J N 8 141 -14 8 1 0 0
K 1 0 45
K 0 0 42
K -1 0 45
K 2 0 45
K 24 -6 44
K 0 0 59
K 0 -7 59
A D 12 16 0
A P 1 231 0
J N 7 141 14 4 1 0 1 276
K 0 0 43
K 0 0 60
K 0 21 60
A D 4 16 0
A P 2 209 0
J N 7 187 7 4 2305 576 0
K 0 0 43
K 0 0 60
K 0 21 60
A D 4 16 0
A P 2 214 0
J N 7 233 0 4 4609 576 1 276
K 0 0 43
K 0 0 60
K 0 21 60
A D 4 16 0
A P 2 220 0
H 276 S 12 -6 42 -6 42 0 0 0 0
J B 627 279 1 82 6913 576 0
J N 7 300 7 8 1 0 0
K 0 -14 43
K 0 0 43
K 0 -31 96
K 0 74 108
K 0 -14 60
K 0 0 60
K 0 21 60
A D 4 16 0
A P 1 226 0
A P 2 214 0
J R 7 378 28 2 2305 576 0
K 0 0 48
A D 4 16 0
A P 1 0 0
J N 7 440 7 7 4609 576 0
K 0 -14 43
K 0 0 43
K 0 -31 96
K 0 -14 60
K 0 0 60
K 0 21 60
A D 4 16 0
A P 1 226 0
A P 2 214 0
J B 628 504 1 82 6913 576 0
J R 7 525 28 2 1 0 0
K 0 0 48
A D 4 16 0
A P 1 0 0
J N 7 587 7 7 2305 576 0
K 0 -14 43
K 0 0 43
K 0 -31 96
K 0 -14 60
K 0 0 60
K 0 21 60
A D 4 16 0
A P 1 226 0
A P 2 214 0
J R 7 661 28 2 4609 576 0
K 0 0 48
A D 4 16 0
A P 1 0 0
J B 629 725 1 82 6913 576 0
J N 7 755 7 7 1 0 0
K 0 -7 43
K -17 0 43
K 0 -24 96
K 0 -7 60
K 0 0 60
K 0 21 60
A D 4 16 0
A P 1 220 0
A P 2 214 0
J R 7 829 28 2 2305 576 0
K 0 0 48
A D 4 16 0
A P 1 0 0
J N 7 891 7 7 4609 576 0
K 0 -7 43
K -17 0 43
K 0 -24 96
K 0 -7 60
K 0 0 60
K 0 21 60
A D 4 16 0
A P 1 220 0
A P 2 214 0
J B 630 955 1 82 6913 576 0
J R 7 976 28 2 1 0 0
K 0 0 48
A D 4 16 0
A P 1 0 0
J N 7 1050 7 7 2305 576 0
K 0 -7 43
K -17 0 43
K 0 -24 96
K 0 -7 60
K 0 0 60
K 0 21 60
A D 4 16 0
A P 1 220 0
A P 2 214 0
J R 7 1112 28 2 4609 576 0
K 0 0 48
A D 4 16 0
A P 1 0 0
J B 631 1176 1 82 6913 576 0
J D 0 1197 0 1 1 0 0
W 0 88 36 cresc.
J N 8 1197 7 8 1 0 2 277 278
K 0 -14 42
K 25 -14 44
K 0 0 42
K 25 0 44
K 0 -14 60
K 0 0 60
K 0 21 60
A D 12 16 1
A P 1 226 1
A P 2 214 1
J B 632 1398 1 82 6913 1728 0
J N 7 1419 7 6 1 0 2 277 278
K 0 -14 43
K 0 0 43
K 0 -14 60
K 0 0 60
K 0 21 60
A D 4 16 0
A P 1 226 0
A P 2 214 0
H 277 T -7 0 0 0 0 0 1 0
H 278 T 7 0 0 0 0 0 11 0
J N 7 1479 28 7 2305 576 0
K 0 -21 43
K 0 0 43
K 0 -38 96
K 0 -21 60
K 0 0 60
K 0 21 60
A D 4 16 0
A P 1 214 0
A P 2 197 0
J N 7 1539 28 7 4609 576 0
K 0 -21 43
K 0 0 43
K 0 -38 96
K 0 -21 60
K 0 0 60
K 0 21 60
A D 4 16 0
A P 1 214 0
A P 2 197 0
J B 633 1601 1 82 6913 576 0
J N 7 1631 28 7 1 0 0
K 0 -14 43
K 0 0 43
K 0 -35 96
K 0 -14 60
K 0 0 60
K 0 21 60
A D 4 16 0
A P 1 209 0
A P 2 197 0
J N 7 1703 14 7 2305 576 0
K 0 -14 43
K 0 0 43
K 0 -31 96
K 0 -14 60
K 0 0 60
K 0 21 60
A D 4 16 0
A P 1 220 0
A P 2 209 0
J N 7 1776 14 7 4609 576 0
K 0 -14 43
K 0 0 43
K 0 -31 96
K 0 -14 60
K 0 0 60
K 0 21 60
A D 4 16 0
A P 1 220 0
A P 2 209 0
J B 634 1838 1 82 6913 576 0
J N 7 1868 14 8 1 0 0
K 0 -14 43
K 0 0 43
K 0 -31 96
K 0 70 108
K 0 -14 60
K 0 0 60
K 0 21 60
A D 4 16 0
A P 1 220 0
A P 2 209 0
J N 7 1928 14 7 2305 576 0
K 0 -14 43
K 0 0 43
K 0 -31 96
K 0 -14 60
K 0 0 60
K 0 21 60
A D 4 16 0
A P 1 220 0
A P 2 209 0
J N 7 1988 14 7 4609 576 0
K 0 -14 43
K 0 0 43
K 0 -31 96
K 0 -14 60
K 0 0 60
K 0 21 60
A D 4 16 0
A P 1 220 0
A P 2 209 0
J B 635 2050 1 82 6913 576 0
E *
@ LINE: 3 Clarinets
L 264 0 0 339 339 * 0 14 0
J D 0 -110 42 1 6913 0 0
W 0 -21 31 Cl 1-2
J D 0 -110 42 1 6913 0 0
W 8 21 31 (B\0.)
J C 4 5 42 2 6913 0 0
K 0 0 33
K 0 0 34
J K -1 57 0 1 6913 0 0
K 0 28 65
J D 0 -27 -14 1 6913 0 0
W 0 0 0 \06\02\06
J R 9 184 28 2 1 0 0
K 0 0 46
A D 12 16 0
A P 3 0 0
J B 627 279 1 82 6913 1728 0
J R 7 300 28 2 1 0 0
K 0 0 48
A D 4 16 1
A P 1 0 1
J R 7 378 28 2 2305 576 0
K 0 0 48
A D 4 16 0
A P 1 0 0
J N 7 440 35 8 4609 576 0
K 0 -21 43
K 0 0 43
K 0 -42 96
K 0 58 108
K 0 -21 60
K 0 0 60
K 0 14 60
A D 4 16 0
A P 1 209 0
A P 2 192 0
J B 628 504 1 82 6913 576 0
J R 7 525 28 2 1 0 0
K 0 0 48
A D 4 16 0
A P 1 0 0
J N 7 587 35 7 2305 576 0
K 0 -21 43
K 0 0 43
K 0 -42 96
K 0 -21 60
K 0 0 60
K 0 14 60
A D 4 16 0
A P 1 209 0
A P 2 192 0
J R 7 661 28 2 4609 576 0
K 0 0 48
A D 4 16 0
A P 1 0 0
J B 629 725 1 82 6913 576 0
J N 7 755 42 7 1 0 0
K 0 -28 43
K 0 0 43
K 0 -49 96
K 0 -28 60
K 0 0 60
K 0 14 60
A D 4 16 0
A P 1 209 0
A P 2 186 0
J R 7 829 28 2 2305 576 0
K 0 0 48
A D 4 16 0
A P 1 0 0
J N 7 891 42 7 4609 576 0
K 0 -28 43
K 0 0 43
K 0 -49 96
K 0 -28 60
K 0 0 60
K 0 14 60
A D 4 16 0
A P 1 209 0
A P 2 186 0
J B 630 955 1 82 6913 576 0
J R 7 976 28 2 1 0 0
K 0 0 48
A D 4 16 0
A P 1 0 0
J N 7 1050 42 7 2305 576 0
K 0 -28 43
K 0 0 43
K 0 -49 96
K 0 -28 60
K 0 0 60
K 0 14 60
A D 4 16 0
A P 1 209 0
A P 2 186 0
J R 7 1112 28 2 4609 576 0
K 0 0 48
A D 4 16 0
A P 1 0 0
J B 631 1176 1 82 6913 576 0
J D 0 1197 0 1 1 0 0
W 0 92 36 cresc.
J D 0 1197 0 1 1 0 0
W 0 91 36 cresc.
J N 8 1197 35 8 1 0 2 265 266
K 0 -14 42
K 25 -14 44
K 0 0 42
K 25 0 44
K 0 -14 60
K 0 0 60
K 0 14 60
A D 12 16 1
A P 1 203 1
A P 2 192 1
J B 632 1398 1 82 6913 1728 0
J N 7 1419 35 6 1 0 2 265 266
K 0 -14 43
K 0 0 43
K 0 -14 60
K 0 0 60
K 0 14 60
A D 4 16 0
A P 1 203 0
A P 2 192 0
H 265 T 21 0 0 0 0 0 1 0
H 266 T 35 0 0 0 0 0 11 0
J N 7 1479 35 7 2305 576 0
K 0 0 43
K 0 14 43
K 0 31 96
K 0 14 59
K 0 0 59
K 0 -21 59
A D 4 16 0
A P 1 192 0
A P 2 180 0
J N 7 1539 35 7 4609 576 0
K 0 0 43
K 0 14 43
K 0 31 96
K 0 14 59
K 0 0 59
K 0 -21 59
A D 4 16 0
A P 1 192 0
A P 2 180 0
J B 633 1601 1 82 6913 576 0
J N 7 1631 42 7 1 0 0
K 0 0 43
K 0 14 43
K 0 31 96
K 0 14 59
K 0 0 59
K 0 -21 59
A D 4 16 0
A P 1 186 0
A P 2 175 0
J N 7 1703 42 7 2305 576 0
K 0 0 43
K 0 14 43
K 0 31 96
K 0 14 59
K 0 0 59
K 0 -21 59
A D 4 16 0
A P 1 186 0
A P 2 175 0
J N 7 1776 42 7 4609 576 0
K 0 0 43
K 0 14 43
K 0 31 96
K 0 14 59
K 0 0 59
K 0 -21 59
A D 4 16 0
A P 1 186 0
A P 2 175 0
J B 634 1838 1 82 6913 576 0
J N 7 1868 42 8 1 0 0
K 0 0 43
K 0 14 43
K 0 31 96
K 0 56 108
K 0 14 59
K 0 0 59
K 0 -21 59
A D 4 16 0
A P 1 186 0
A P 2 175 0
J N 7 1928 42 7 2305 576 0
K 0 0 43
K 0 14 43
K 0 31 96
K 0 14 59
K 0 0 59
K 0 -21 59
A D 4 16 0
A P 1 186 0
A P 2 175 0
J N 7 1988 42 7 4609 576 0
K 0 0 43
K 0 14 43
K 0 31 96
K 0 14 59
K 0 0 59
K 0 -21 59
A D 4 16 0
A P 1 186 0
A P 2 175 0
J B 635 2050 1 82 6913 576 0
E *
@ LINE: 4 Bassoons
L 396 0 0 339 339 * 0 14 0
J D 0 -130 42 1 6913 0 0
W 0 0 31 Fag 1-2
J C 22 5 14 36 6913 0 0
J K -3 57 0 3 6913 0 0
K 0 42 65
K 13 21 65
K 26 49 65
J D 0 -27 -14 1 6913 0 0
W 0 0 0 \06\02\06
J N 7 141 -7 11 1 0 1 328
K 0 -7 45
K 0 -21 45
K -14 0 64
K 0 -28 43
K 0 -21 45
K 1 -21 45
K 0 0 43
K 0 -28 60
K 0 0 60
K 0 21 60
A D 4 16 0
A P 1 180 0
A P 2 158 0
J N 7 187 -7 10 2305 576 0
K 0 -7 45
K 0 -21 45
K 0 -21 43
K -1 -21 45
K 2 -21 45
K 0 0 43
K 0 -21 60
K 0 0 60
K 0 21 60
A D 4 16 0
A P 1 174 0
A P 2 158 0
J N 7 233 -7 9 4609 576 1 328
K 0 -7 45
K 0 -14 43
K 0 -7 45
K 1 -7 45
K 0 0 43
K 0 -14 60
K 0 0 60
K 0 21 60
A D 4 16 0
A P 1 169 0
A P 2 158 0
H 328 S 0 0 -28 0 -14 0 0 0 0
J B 627 279 1 82 6913 576 0
J N 7 300 -14 14 1 0 0
K 0 0 45
K 0 -14 45
K 0 -14 43
K -1 -14 45
K 2 -14 45
K 0 0 43
K -1 0 45
K 2 0 45
K 0 -31 96
K 0 93 108
K 0 -14 60
K 0 0 60
K 0 21 60
A D 4 16 0
A P 1 174 0
A P 2 163 0
J R 7 378 28 2 2305 576 0
K 0 0 48
A D 4 16 0
A P 1 0 0
J N 7 440 -14 13 4609 576 0
K 0 0 45
K 0 -14 45
K 0 -14 43
K -1 -14 45
K 2 -14 45
K 0 0 43
K -1 0 45
K 2 0 45
K 0 -31 96
K 0 -14 60
K 0 0 60
K 0 21 60
A D 4 16 0
A P 1 174 0
A P 2 163 0
J B 628 504 1 82 6913 576 0
J R 7 525 28 2 1 0 0
K 0 0 48
A D 4 16 0
A P 1 0 0
J N 7 587 -14 13 2305 576 0
K 0 0 45
K 0 -14 45
K 0 -14 43
K -1 -14 45
K 2 -14 45
K 0 0 43
K -1 0 45
K 2 0 45
K 0 -31 96
K 0 -14 60
K 0 0 60
K 0 21 60
A D 4 16 0
A P 1 174 0
A P 2 163 0
J R 7 661 28 2 4609 576 0
K 0 0 48
A D 4 16 0
A P 1 0 0
J B 629 725 1 82 6913 576 0
J N 7 755 0 10 1 0 0
K 0 -14 45
K 0 -14 43
K -1 -14 45
K 2 -14 45
K 0 0 43
K 0 -31 96
K 0 -14 60
K 0 0 60
K 0 21 60
A D 4 16 0
A P 1 163 0
A P 2 151 0
J R 7 829 28 2 2305 576 0
K 0 0 48
A D 4 16 0
A P 1 0 0
J N 7 891 0 10 4609 576 0
K 0 -14 45
K 0 -14 43
K -1 -14 45
K 2 -14 45
K 0 0 43
K 0 -31 96
K 0 -14 60
K 0 0 60
K 0 21 60
A D 4 16 0
A P 1 163 0
A P 2 151 0
J B 630 955 1 82 6913 576 0
J R 7 976 28 2 1 0 0
K 0 0 48
A D 4 16 0
A P 1 0 0
J N 7 1050 0 10 2305 576 0
K 0 -14 45
K 0 -14 43
K -1 -14 45
K 2 -14 45
K 0 0 43
K 0 -31 96
K 0 -14 60
K 0 0 60
K 0 21 60
A D 4 16 0
A P 1 163 0
A P 2 151 0
J R 7 1112 28 2 4609 576 0
K 0 0 48
A D 4 16 0
A P 1 0 0
J B 631 1176 1 82 6913 576 0
J D 0 1197 0 1 1 0 0
W 0 88 36 cresc.
J N 8 1197 -7 12 1 0 2 329 330
K 0 -7 45
K 0 -21 45
K 0 -21 42
K -1 -21 45
K 2 -21 45
K 24 -27 44
K 0 0 42
K 25 0 44
K 0 -21 60
K 0 0 60
K 0 21 60
A D 12 16 1
A P 1 174 1
A P 2 157 1
J B 632 1398 1 82 6913 1728 0
J N 7 1419 -7 10 1 0 2 329 330
K 0 -7 45
K 0 -21 45
K 0 -21 43
K -1 -21 45
K 2 -21 45
K 0 0 43
K 0 -21 60
K 0 0 60
K 0 21 60
A D 4 16 0
A P 1 174 0
A P 2 157 0
H 329 T -28 0 0 0 0 0 5 0
H 330 T -7 0 0 0 0 0 11 0
J N 7 1479 7 7 2305 576 0
K 0 -14 43
K 0 0 43
K 0 -31 96
K 0 -14 60
K 0 0 60
K 0 21 60
A D 4 16 0
A P 1 157 0
A P 2 146 0
J N 7 1539 7 7 4609 576 0
K 0 -14 43
K 0 0 43
K 0 -31 96
K 0 -14 60
K 0 0 60
K 0 21 60
A D 4 16 0
A P 1 157 0
A P 2 146 0
J B 633 1601 1 82 6913 576 0
J N 7 1631 0 7 1 0 0
K 0 -7 43
K -17 0 43
K 0 -24 96
K 0 -7 60
K 0 0 60
K 0 21 60
A D 4 16 0
A P 1 157 0
A P 2 151 0
J N 7 1703 0 7 2305 576 0
K 0 -7 43
K -17 0 43
K 0 -24 96
K 0 -7 60
K 0 0 60
K 0 21 60
A D 4 16 0
A P 1 157 0
A P 2 151 0
J N 7 1776 0 7 4609 576 0
K 0 -7 43
K -17 0 43
K 0 -24 96
K 0 -7 60
K 0 0 60
K 0 21 60
A D 4 16 0
A P 1 157 0
A P 2 151 0
J B 634 1838 1 82 6913 576 0
J N 7 1868 0 8 1 0 0
K 0 -7 43
K -17 0 43
K 0 -24 96
K 0 79 108
K 0 -7 60
K 0 0 60
K 0 21 60
A D 4 16 0
A P 1 157 0
A P 2 151 0
J N 7 1928 0 7 2305 576 0
K 0 -7 43
K -17 0 43
K 0 -24 96
K 0 -7 60
K 0 0 60
K 0 21 60
A D 4 16 0
A P 1 157 0
A P 2 151 0
J N 7 1988 0 7 4609 576 0
K 0 -7 43
K -17 0 43
K 0 -24 96
K 0 -7 60
K 0 0 60
K 0 21 60
A D 4 16 0
A P 1 157 0
A P 2 151 0
J B 635 2050 1 82 6913 576 0
E *
@ LINE: 5 Horns 1 & 2
L 551 0 0 339 339 * 0 14 0
J D 0 -96 42 1 6913 0 0
W 0 -21 31 Cor.
J D 0 -96 42 1 6913 0 0
W 0 21 31 (E\0.)
J C 4 5 42 2 6913 0 0
K 0 0 33
K 0 0 34
J K 0 57 0 0 6913 0 0
J D 0 -27 -14 1 6913 0 0
W 0 0 0 \06\02\06
J N 8 141 0 4 1 0 1 226
K 0 0 42
K 0 0 59
K 0 -14 59
A D 4 8 0
A P 1 220 0
J N 8 141 14 4 1 0 0
K 0 0 42
K 0 0 60
K 0 21 60
A D 4 8 0
A P 2 209 0
J N 7 233 14 4 4609 1152 1 226
K 0 0 43
K 0 0 59
K 0 -14 59
A D 2 8 0
A P 1 209 0
H 226 S 0 14 0 0 0 0 0 0 0
J N 7 233 14 4 4609 0 0
K 0 0 43
K 0 0 60
K 0 21 60
A D 2 8 0
A P 2 209 0
J B 627 279 1 82 6913 576 0
J N 7 300 21 5 1 0 0
K 0 0 43
K 0 68 108
K 0 0 59
K 0 -14 59
A D 2 8 0
A P 1 203 0
J N 7 300 21 4 1 0 0
K 0 0 43
K 0 0 60
K 0 21 60
A D 2 8 0
A P 2 203 0
J N 7 378 21 11 2305 576 0
K 1 49 45
K 0 0 43
K 0 49 43
K -1 49 45
K 2 49 45
K 0 66 96
K 0 49 59
K 0 28 59
K 0 0 59
K 0 -14 59
A D 2 8 0
A P 1 203 0
A P 2 163 0
J R 7 440 28 2 4609 576 0
K 0 0 48
A D 2 8 0
A P 1 0 0
J B 628 504 1 82 6913 576 0
J N 7 525 21 11 1 0 0
K 1 49 45
K 0 0 43
K 0 49 43
K -1 49 45
K 2 49 45
K 0 66 96
K 0 49 59
K 0 28 59
K 0 0 59
K 0 -14 59
A D 2 8 0
A P 1 203 0
A P 2 163 0
J R 7 587 28 2 2305 576 0
K 0 0 48
A D 2 8 0
A P 1 0 0
J N 7 661 21 11 4609 576 0
K 1 49 45
K 0 0 43
K 0 49 43
K -1 49 45
K 2 49 45
K 0 66 96
K 0 49 59
K 0 28 59
K 0 0 59
K 0 -14 59
A D 2 8 0
A P 1 203 0
A P 2 163 0
J B 629 725 1 82 6913 576 0
J R 7 755 28 2 1 0 0
K 0 0 48
A D 2 8 0
A P 1 0 0
J N 7 829 21 11 2305 576 0
K 1 49 45
K 0 0 43
K 0 49 43
K -1 49 45
K 2 49 45
K 0 66 96
K 0 49 59
K 0 28 59
K 0 0 59
K 0 -14 59
A D 2 8 0
A P 1 203 0
A P 2 163 0
J R 7 891 28 2 4609 576 0
K 0 0 48
A D 2 8 0
A P 1 0 0
J B 630 955 1 82 6913 576 0
J N 7 976 21 11 1 0 0
K 1 49 45
K 0 0 43
K 0 49 43
K -1 49 45
K 2 49 45
K 0 66 96
K 0 49 59
K 0 28 59
K 0 0 59
K 0 -14 59
A D 2 8 0
A P 1 203 0
A P 2 163 0
J R 7 1050 28 2 2305 576 0
K 0 0 48
A D 2 8 0
A P 1 0 0
J N 7 1112 21 11 4609 576 0
K 1 49 45
K 0 0 43
K 0 49 43
K -1 49 45
K 2 49 45
K 0 66 96
K 0 49 59
K 0 28 59
K 0 0 59
K 0 -14 59
A D 2 8 0
A P 1 203 0
A P 2 163 0
J B 631 1176 1 82 6913 576 0
J N 7 1197 21 11 1 0 0
K 1 49 45
K 0 0 43
K 0 49 43
K -1 49 45
K 2 49 45
K 0 66 96
K 0 49 59
K 0 28 59
K 0 0 59
K 0 -14 59
A D 2 8 0
A P 1 203 0
A P 2 163 0
J R 7 1276 28 2 2305 576 0
K 0 0 48
A D 2 8 1
A P 1 0 1
J R 7 1336 28 2 4609 576 0
K 0 0 48
A D 2 8 0
A P 1 0 0
J B 632 1398 1 82 6913 576 0
J D 0 1412 0 1 1 0 0
W 0 126 36 cresc.
J N 8 1419 21 14 1 0 2 227 228
K 1 49 45
K 1 63 45
K 0 0 42
K 25 0 44
K 0 70 42
K 0 63 45
K 1 63 45
K 25 70 44
K 0 70 59
K 0 42 59
K 0 28 59
K 0 0 59
K 0 -14 59
A D 6 8 2
A P 1 203 0
A P 2 146 1
J B 633 1601 1 82 6913 1728 0
J N 7 1631 14 12 1 0 2 227 228
K 1 56 45
K 1 70 45
K 0 0 43
K 0 77 43
K 0 70 45
K 1 70 45
K 0 77 59
K 0 49 59
K 0 28 59
K 0 0 59
K 0 -14 59
A D 2 8 0
A P 1 209 0
A P 2 146 0
H 227 T 91 0 0 0 0 0 9 0
H 228 S 0 14 0 0 0 0 0 0 0
J N 7 1703 14 13 2305 576 0
K 1 56 45
K 1 70 45
K 0 0 43
K 0 77 43
K 0 70 45
K 1 70 45
K 0 94 96
K 0 77 59
K 0 49 59
K 0 28 59
K 0 0 59
K 0 -14 59
A D 2 8 0
A P 1 209 0
A P 2 146 0
J N 7 1776 14 13 4609 576 0
K 1 56 45
K 1 70 45
K 0 0 43
K 0 77 43
K 0 70 45
K 1 70 45
K 0 94 96
K 0 77 59
K 0 49 59
K 0 28 59
K 0 0 59
K 0 -14 59
A D 2 8 0
A P 1 209 0
A P 2 146 0
J B 634 1838 1 82 6913 576 0
J R 7 1868 28 2 1 0 0
K 0 0 48
A D 2 8 1
A P 1 0 1
J N 7 1868 91 10 1 0 0
K 0 -21 45
K 0 -7 45
K 0 0 43
K 0 -7 45
K 1 -7 45
K -7 45 96
K -7 70 108
K 0 0 60
K 0 7 60
A D 2 8 0
A P 2 146 0
J R 7 1928 28 2 2305 576 0
K 0 0 48
A D 2 8 0
A P 1 0 0
J N 7 1928 91 9 2305 0 0
K 0 -21 45
K 0 -7 45
K 0 0 43
K 0 -7 45
K 1 -7 45
K -7 45 96
K 0 0 60
K 0 7 60
A D 2 8 0
A P 2 146 0
J N 7 1988 42 4 4609 576 0
K 0 0 43
K 0 0 59
K 0 -21 59
A D 2 8 0
A P 1 186 0
J N 7 1988 91 9 4609 0 0
K 0 -21 45
K 0 -7 45
K 0 0 43
K 0 -7 45
K 1 -7 45
K -7 45 96
K 0 0 60
K 0 7 60
A D 2 8 0
A P 2 146 0
J B 635 2050 1 82 6913 576 0
E *
@ LINE: 6 Horn 3
L 696 0 0 339 339 * 0 14 0
J D 0 -112 42 1 6913 0 0
W 0 -21 31 Cor3.
J D 0 -112 42 1 6913 0 0
W 8 21 31 (E\0.)
J C 4 5 42 2 6913 0 0
K 0 0 33
K 0 0 34
J K 0 57 0 0 6913 0 0
J D 0 -27 -14 1 6913 0 0
W 0 0 0 \06\02\06
J D 0 141 0 1 1 0 0
W 0 89 36 decresc.
J N 8 141 14 4 1 0 1 74
K 0 0 42
K 0 0 60
K 0 21 60
A D 4 8 0
A P 1 209 0
J N 7 233 0 4 4609 1152 1 74
K 0 0 43
K 0 0 60
K 0 21 60
A D 2 8 0
A P 1 220 0
H 74 S 0 0 0 0 0 0 0 0 0
J B 627 279 1 82 6913 576 0
J R 7 300 28 2 1 0 0
K 0 0 48
A D 2 8 0
A P 1 0 0
J N 7 378 7 6 2305 576 0
K 0 0 43
K 0 -17 96
K 0 74 108
K 0 0 60
K 0 21 60
A D 2 8 0
A P 1 215 0
J R 7 440 28 2 4609 576 0
K 0 0 48
A D 2 8 0
A P 1 0 0
J B 628 504 1 82 6913 576 0
J N 7 525 7 5 1 0 0
K 0 0 43
K 0 -17 96
K 0 0 60
K 0 21 60
A D 2 8 0
A P 1 215 0
J R 7 587 28 2 2305 576 0
K 0 0 48
A D 2 8 0
A P 1 0 0
J N 7 661 7 5 4609 576 0
K 0 0 43
K 0 -17 96
K 0 0 60
K 0 21 60
A D 2 8 0
A P 1 215 0
J B 629 725 1 82 6913 576 0
J R 7 755 28 2 1 0 0
K 0 0 48
A D 2 8 0
A P 1 0 0
J N 7 829 14 5 2305 576 0
K 0 0 43
K 0 -21 96
K 0 0 60
K 0 21 60
A D 2 8 0
A P 1 209 0
J R 7 891 28 2 4609 576 0
K 0 0 48
A D 2 8 0
A P 1 0 0
J B 630 955 1 82 6913 576 0
J N 7 976 14 5 1 0 0
K 0 0 43
K 0 -21 96
K 0 0 60
K 0 21 60
A D 2 8 0
A P 1 209 0
J R 7 1050 28 2 2305 576 0
K 0 0 48
A D 2 8 0
A P 1 0 0
J N 7 1112 14 5 4609 576 0
K 0 0 43
K 0 -21 96
K 0 0 60
K 0 21 60
A D 2 8 0
A P 1 209 0
J B 631 1176 1 82 6913 576 0
J N 7 1197 7 5 1 0 0
K 0 0 43
K 0 -17 96
K 0 0 60
K 0 21 60
A D 2 8 0
A P 1 215 0
J R 7 1276 28 2 2305 576 0
K 0 0 48
A D 2 8 1
A P 1 0 1
J R 7 1336 28 2 4609 576 0
K 0 0 48
A D 2 8 0
A P 1 0 0
J B 632 1398 1 82 6913 576 0
J D 0 1419 0 1 1 0 0
W 0 109 36 cresc.
J N 8 1419 56 5 1 0 1 75
K 0 0 42
K 24 -6 44
K 0 0 59
K 0 -21 59
A D 6 8 0
A P 1 175 0
J B 633 1601 1 82 6913 1728 0
J N 7 1631 42 4 1 0 1 75
K 0 0 43
K 0 0 59
K 0 -21 59
A D 2 8 0
A P 1 186 0
H 75 S 12 0 0 0 0 0 0 0 0
J N 7 1703 42 5 2305 576 0
K 0 0 43
K 0 21 96
K 0 0 59
K 0 -21 59
A D 2 8 0
A P 1 186 0
J N 7 1776 42 5 4609 576 0
K 0 0 43
K 0 21 96
K 0 0 59
K 0 -21 59
A D 2 8 0
A P 1 186 0
J B 634 1838 1 82 6913 576 0
J N 7 1868 42 6 1 0 0
K 0 0 43
K 0 21 96
K 0 46 108
K 0 0 59
K 0 -21 59
A D 2 8 0
A P 1 186 0
J N 7 1928 42 5 2305 576 0
K 0 0 43
K 0 21 96
K 0 0 59
K 0 -21 59
A D 2 8 0
A P 1 186 0
J N 7 1988 42 5 4609 576 0
K 0 0 43
K 0 21 96
K 0 0 59
K 0 -21 59
A D 2 8 0
A P 1 186 0
J B 635 2050 1 82 6913 576 0
E *
@ LINE: 7 Trumpets
L 836 0 0 339 339 * 0 14 0
J D 0 -119 42 1 6913 0 0
W 0 -21 31 Tr 1-2
J D 0 -119 42 1 6913 0 0
W 8 21 31 (E\0.)
J C 4 5 42 2 6913 0 0
K 0 0 33
K 0 0 34
J K 0 57 0 0 6913 0 0
J D 0 -27 -14 1 6913 0 0
W 0 0 0 \06\02\06
J R 9 184 28 2 1 0 0
K 0 0 46
A D 18 24 0
A P 3 0 0
J B 627 279 1 82 6913 1728 0
J R 9 377 28 2 1 0 0
K 0 0 46
A D 18 24 0
A P 3 0 0
J B 628 504 1 82 6913 1728 0
J R 9 600 28 2 1 0 0
K 0 0 46
A D 18 24 0
A P 3 0 0
J B 629 725 1 82 6913 1728 0
J R 9 826 28 2 1 0 0
K 0 0 46
A D 18 24 0
A P 3 0 0
J B 630 955 1 82 6913 1728 0
J R 9 1051 28 2 1 0 0
K 0 0 46
A D 18 24 0
A P 3 0 0
J B 631 1176 1 82 6913 1728 0
J D 0 1239 0 1 1 0 0
W 0 145 36 cresc.
J N 8 1197 42 15 1 0 2 67 68
K 1 28 45
K 1 42 45
K 0 0 42
K 24 -6 44
K 0 49 42
K 0 42 45
K 1 42 45
K 25 49 44
K -11 103 108
K 12 103 108
K 0 49 59
K 0 28 59
K 0 0 59
K 0 -21 59
A D 18 24 1
A P 1 186 1
A P 2 146 1
J B 632 1398 1 82 6913 1728 0
J N 7 1419 42 11 1 0 2 67 68
K 1 28 45
K 1 42 45
K 0 0 43
K 0 49 43
K 0 42 45
K 1 42 45
K 0 49 59
K 0 28 59
K 0 0 59
K 0 -21 59
A D 6 24 0
A P 1 186 0
A P 2 146 0
H 67 T 42 0 0 0 0 0 7 0
H 68 T 91 0 0 0 0 0 9 0
J N 7 1479 42 12 2305 576 0
K 1 28 45
K 1 42 45
K 0 0 43
K 0 49 43
K 0 42 45
K 1 42 45
K 0 66 96
K 0 49 59
K 0 28 59
K 0 0 59
K 0 -21 59
A D 6 24 0
A P 1 186 0
A P 2 146 0
J N 7 1539 42 12 4609 576 0
K 1 28 45
K 1 42 45
K 0 0 43
K 0 49 43
K 0 42 45
K 1 42 45
K 0 66 96
K 0 49 59
K 0 28 59
K 0 0 59
K 0 -21 59
A D 6 24 0
A P 1 186 0
A P 2 146 0
J B 633 1601 1 82 6913 576 0
J N 7 1631 42 12 1 0 0
K 1 28 45
K 1 42 45
K 0 0 43
K 0 49 43
K 0 42 45
K 1 42 45
K 0 66 96
K 0 49 59
K 0 28 59
K 0 0 59
K 0 -21 59
A D 6 24 0
A P 1 186 0
A P 2 146 0
J N 7 1703 42 12 2305 576 0
K 1 28 45
K 1 42 45
K 0 0 43
K 0 49 43
K 0 42 45
K 1 42 45
K 0 66 96
K 0 49 59
K 0 28 59
K 0 0 59
K 0 -21 59
A D 6 24 0
A P 1 186 0
A P 2 146 0
J N 7 1776 42 12 4609 576 0
K 1 28 45
K 1 42 45
K 0 0 43
K 0 49 43
K 0 42 45
K 1 42 45
K 0 66 96
K 0 49 59
K 0 28 59
K 0 0 59
K 0 -21 59
A D 6 24 0
A P 1 186 0
A P 2 146 0
J B 634 1838 1 82 6913 576 0
J N 7 1868 42 13 1 0 0
K 1 28 45
K 1 42 45
K 0 0 43
K 0 49 43
K 0 42 45
K 1 42 45
K 0 66 96
K 0 89 108
K 0 49 59
K 0 28 59
K 0 0 59
K 0 -21 59
A D 6 24 0
A P 1 186 0
A P 2 146 0
J N 7 1928 42 12 2305 576 0
K 1 28 45
K 1 42 45
K 0 0 43
K 0 49 43
K 0 42 45
K 1 42 45
K 0 66 96
K 0 49 59
K 0 28 59
K 0 0 59
K 0 -21 59
A D 6 24 0
A P 1 186 0
A P 2 146 0
J N 7 1988 42 12 4609 576 0
K 1 28 45
K 1 42 45
K 0 0 43
K 0 49 43
K 0 42 45
K 1 42 45
K 0 66 96
K 0 49 59
K 0 28 59
K 0 0 59
K 0 -21 59
A D 6 24 0
A P 1 186 0
A P 2 146 0
J B 635 2050 1 82 6913 576 0
E *
@ LINE: 8 Timpani
L 981 0 0 339 339 * 0 14 0
J D 0 -109 42 1 6913 0 0
W 0 -21 31 Timp.
J D 0 -109 42 1 6913 0 0
W 0 21 31 E\0.-B\0.
J C 22 5 14 36 6913 0 0
J K 0 57 0 0 6913 0 0
J D 0 -27 -14 1 6913 0 0
W 0 0 0 \06\02\06
J R 9 184 28 2 1 0 0
K 0 0 46
A D 36 48 0
A P 1 0 0
J B 627 279 1 82 6913 1728 0
J R 9 377 28 2 1 0 0
K 0 0 46
A D 36 48 0
A P 1 0 0
J B 628 504 1 82 6913 1728 0
J R 9 600 28 2 1 0 0
K 0 0 46
A D 36 48 0
A P 1 0 0
J B 629 725 1 82 6913 1728 0
J R 9 826 28 2 1 0 0
K 0 0 46
A D 36 48 0
A P 1 0 0
J B 630 955 1 82 6913 1728 0
J R 9 1051 28 2 1 0 0
K 0 0 46
A D 36 48 0
A P 1 0 0
J B 631 1176 1 82 6913 1728 0
J N 7 1197 42 6 1 0 0
K 0 0 43
K 0 37 108
K 23 37 108
K 0 0 59
K 0 -21 59
A D 12 48 0
A P 1 117 0
J R 7 1276 28 2 2305 576 0
K 0 0 48
A D 12 48 1
A P 1 0 1
J R 7 1336 28 2 4609 576 0
K 0 0 48
A D 12 48 0
A P 1 0 0
J B 632 1398 1 82 6913 576 0
J D 0 1419 0 1 1 0 0
W 0 88 36 cresc.
J N 7 1419 42 4 1 0 0
K 0 0 43
K 0 0 59
K 0 -21 59
A D 12 48 0
A P 1 117 0
J R 7 1479 28 2 2305 576 0
K 0 0 48
A D 12 48 1
A P 1 0 1
J R 7 1539 28 2 4609 576 0
K 0 0 48
A D 12 48 0
A P 1 0 0
J B 633 1601 1 82 6913 576 0
J N 7 1631 42 4 1 0 0
K 0 0 43
K 0 0 59
K 0 -21 59
A D 12 48 0
A P 1 117 0
J R 7 1703 28 2 2305 576 0
K 0 0 48
A D 12 48 1
A P 1 0 1
J R 7 1776 28 2 4609 576 0
K 0 0 48
A D 12 48 0
A P 1 0 0
J B 634 1838 1 82 6913 576 0
J N 7 1868 42 5 1 0 0
K 0 0 43
K 0 37 108
K 0 0 59
K 0 -21 59
A D 12 48 0
A P 1 117 0
J R 7 1928 28 2 2305 576 0
K 0 0 48
A D 12 48 1
A P 1 0 1
J R 7 1988 28 2 4609 576 0
K 0 0 48
A D 12 48 0
A P 1 0 0
J B 635 2050 1 82 6913 576 0
E *
@ LINE: 9 Violin I
L 1133 0 0 339 339 * 0 14 0
J D 0 -111 42 1 6913 0 0
W 0 0 31 Vln1
J C 4 5 42 2 6913 0 0
K 0 0 33
K 0 0 34
J K -3 57 0 3 6913 0 0
K 0 28 65
K 13 7 65
K 26 35 65
J D 0 -27 -14 1 6913 0 0
W 0 0 0 \06\02\06
J N 8 141 -14 10 1 0 0
K 0 0 45
K 0 0 42
K -1 0 45
K 2 0 45
K 24 -6 44
K 0 0 60
K 0 23 60
K -17 42 125
K -17 28 125
A D 12 16 0
A P 1 231 0
J B 627 279 1 82 6913 1728 0
J N 6 300 -7 2 1 0 1 524
K 0 0 43
A D 2 16 0
A P 1 226 0
J N 6 331 -7 3 1153 288 2 525 524
K 0 0 43
K 0 86 108
A D 2 16 0
A P 1 226 0
J N 6 378 0 3 2305 288 1 524
K -18 0 63
K 0 0 43
A D 2 16 0
A P 1 221 0
J N 6 409 -7 2 3457 288 1 524
K 0 0 43
A D 2 16 0
A P 1 226 0
J N 6 440 -14 5 4609 288 1 524
K 0 0 45
K 0 0 43
K -1 0 45
K 2 0 45
A D 2 16 0
A P 1 231 0
J N 6 471 -7 2 5761 288 2 524 525
K 0 0 43
A D 2 16 0
A P 1 226 0
H 524 B -53 0 108 6 2 1 1 1 1 3
H 525 S 0 0 0 0 0 0 0 0 0
J B 628 504 1 82 6913 288 0
J R 6 525 28 2 1 0 0
K 0 0 49
A D 2 16 0
A P 1 0 0
J N 6 556 7 2 1153 288 2 526 527
K 0 0 43
A D 2 16 0
A P 1 214 0
J N 6 587 14 2 2305 288 1 527
K 0 0 43
A D 2 16 0
A P 1 209 0
J N 6 618 7 2 3457 288 1 527
K 0 0 43
A D 2 16 0
A P 1 214 0
J N 6 661 0 3 4609 288 1 527
K -14 0 64
K 0 0 43
A D 2 16 0
A P 1 220 0
J N 6 692 7 2 5761 288 2 527 526
K 0 0 43
A D 2 16 0
A P 1 214 0
H 527 B -53 0 108 5 2 1 1 1 3
H 526 S 0 0 0 0 0 0 0 0 0
J B 629 725 1 82 6913 288 0
J R 6 755 28 2 1 0 0
K 0 0 49
A D 2 16 0
A P 1 0 0
J N 6 786 21 2 1153 288 2 528 529
K 0 0 43
A D 2 16 0
A P 1 203 0
J N 6 829 28 3 2305 288 1 529
K -14 0 64
K 0 0 43
A D 2 16 0
A P 1 198 0
J N 6 860 21 2 3457 288 1 529
K 0 0 43
A D 2 16 0
A P 1 203 0
J N 6 891 14 2 4609 288 1 529
K 0 0 43
A D 2 16 0
A P 1 209 0
J N 6 922 21 2 5761 288 2 529 528
K 0 0 43
A D 2 16 0
A P 1 203 0
H 529 B -49 0 108 5 2 1 1 1 3
H 528 S 0 0 0 0 0 0 0 0 0
J B 630 955 1 82 6913 288 0
J R 6 976 28 2 1 0 0
K 0 0 49
A D 2 16 0
A P 1 0 0
J N 6 1007 21 2 1153 288 2 530 531
K 0 0 43
A D 2 16 0
A P 1 203 0
J N 6 1050 28 3 2305 288 1 531
K -14 0 64
K 0 0 43
A D 2 16 0
A P 1 198 0
J N 6 1081 21 2 3457 288 1 531
K 0 0 43
A D 2 16 0
A P 1 203 0
J N 6 1112 14 2 4609 288 1 531
K 0 0 43
A D 2 16 0
A P 1 209 0
J N 6 1143 21 2 5761 288 2 531 530
K 0 0 43
A D 2 16 0
A P 1 203 0
H 531 B -49 0 108 5 2 1 1 1 3
H 530 S 0 0 0 0 0 0 0 0 0
J B 631 1176 1 82 6913 288 0
J R 6 1197 28 2 1 0 0
K 0 0 49
A D 2 16 0
A P 1 0 0
J D 0 1226 0 1 1153 288 0
W 0 105 36 cresc.
J N 6 1233 28 3 1153 0 2 532 533
K -15 0 65
K 0 0 43
A D 2 16 0
A P 1 197 0
J N 6 1276 35 3 2305 288 1 533
K -14 0 64
K 0 0 43
A D 2 16 0
A P 1 192 0
J N 6 1306 28 2 3457 288 1 533
K 0 0 43
A D 2 16 0
A P 1 197 0
J N 6 1336 7 2 4609 288 1 533
K 0 0 43
A D 2 16 0
A P 1 214 0
J N 6 1366 14 2 5761 288 2 533 532
K 0 0 43
A D 2 16 0
A P 1 209 0
H 533 B -49 0 108 5 2 1 1 1 3
H 532 S 0 0 0 0 -7 0 0 0 0
J B 632 1398 1 82 6913 288 0
J N 6 1419 0 2 1 0 2 534 535
K 0 0 43
A D 2 16 0
A P 1 220 0
J N 6 1449 7 2 1153 288 1 535
K 0 0 43
A D 2 16 0
A P 1 214 0
J N 6 1479 -7 2 2305 288 1 535
K 0 0 43
A D 2 16 0
A P 1 226 0
J N 6 1509 0 2 3457 288 1 535
K 0 0 43
A D 2 16 0
A P 1 220 0
J N 6 1539 -14 5 4609 288 1 535
K 0 0 45
K 0 0 43
K -1 0 45
K 2 0 45
A D 2 16 0
A P 1 231 0
J N 6 1569 -7 2 5761 288 1 535
K 0 0 43
A D 2 16 0
A P 1 226 0
H 535 B -56 0 108 6 2 1 1 1 1 3
J B 633 1601 1 82 6913 288 0
J N 6 1631 -21 5 1 0 1 536
K 0 7 45
K 0 0 43
K 0 7 45
K 1 7 45
A D 2 16 0
A P 1 237 0
J N 6 1673 -14 6 1153 288 1 536
K 0 0 45
K -14 0 64
K 0 0 43
K -1 0 45
K 2 0 45
A D 2 16 0
A P 1 232 0
J N 6 1703 -28 6 2305 288 1 536
K 0 14 45
K 0 0 45
K 0 0 43
K -1 0 45
K 2 0 45
A D 2 16 0
A P 1 243 0
J N 6 1733 -21 5 3457 288 1 536
K 0 7 45
K 0 0 43
K 0 7 45
K 1 7 45
A D 2 16 0
A P 1 237 0
J N 6 1776 -14 6 4609 288 1 536
K 0 0 45
K -15 0 65
K 0 0 43
K -1 0 45
K 2 0 45
A D 2 16 0
A P 1 231 0
J N 6 1806 -7 2 5761 288 1 536
K 0 0 43
A D 2 16 0
A P 1 226 0
H 536 B -51 1 108 6 2 1 1 1 1 3
J B 634 1838 1 82 6913 288 0
J N 6 1868 0 3 1 0 1 537
K 0 0 43
K 0 85 108
A D 2 16 0
A P 1 220 0
J N 6 1898 7 2 1153 288 1 537
K 0 0 43
A D 2 16 0
A P 1 214 0
J N 6 1928 14 2 2305 288 1 537
K 0 0 43
A D 2 16 0
A P 1 209 0
J N 6 1958 0 2 3457 288 1 537
K 0 0 43
A D 2 16 0
A P 1 220 0
J N 6 1988 -14 5 4609 288 1 537
K 0 0 45
K 0 0 43
K -1 0 45
K 2 0 45
A D 2 16 0
A P 1 231 0
J N 6 2018 14 2 5761 288 2 537 534
K 0 0 43
A D 2 16 0
A P 1 209 0
H 537 B -60 0 108 6 2 1 1 1 1 3
H 534 S 0 0 -14 0 -14 2 0 0 0
J B 635 2050 1 82 6913 288 0
E *
@ LINE: 10 Violin II
L 1265 0 0 339 339 * 0 14 0
J D 0 -111 42 1 6913 0 0
W 0 0 31 Vln2
J C 4 5 42 2 6913 0 0
K 0 0 33
K 0 0 34
J K -3 57 0 3 6913 0 0
K 0 28 65
K 13 7 65
K 26 35 65
J D 0 -27 -14 1 6913 0 0
W 0 0 0 \06\02\06
J N 8 141 49 7 1 0 0
K 0 0 42
K 0 0 59
K 0 -28 59
K 0 -30 59
K 0 -49 125
K 0 -35 125
A D 8 16 0
A P 1 180 0
J N 7 233 63 7 4609 1152 0
K 0 0 43
K 0 0 59
K 0 -28 59
K 0 -30 59
K 0 -49 125
K 0 -35 125
A D 4 16 0
A P 1 169 0
J B 627 279 1 82 6913 576 0
J N 7 300 56 6 1 0 0
K 0 0 43
K 0 17 96
K 0 52 108
K 0 0 59
K 0 -21 59
A D 4 16 0
A P 1 174 0
J N 7 378 42 5 2305 576 0
K 0 0 43
K 0 21 96
K 0 0 59
K 0 -21 59
A D 4 16 0
A P 1 186 0
J R 7 440 28 2 4609 576 0
K 0 0 48
A D 4 16 0
A P 1 0 0
J B 628 504 1 82 6913 576 0
J R 7 525 28 2 1 0 0
K 0 0 48
A D 4 16 0
A P 1 0 0
J N 7 587 42 5 2305 576 0
K 0 0 43
K 0 21 96
K 0 0 59
K 0 -21 59
A D 4 16 0
A P 1 186 0
J R 7 661 28 2 4609 576 0
K 0 0 48
A D 4 16 0
A P 1 0 0
J B 629 725 1 82 6913 576 0
J R 7 755 28 2 1 0 0
K 0 0 48
A D 4 16 0
A P 1 0 0
J N 7 829 49 5 2305 576 0
K 0 0 43
K 0 17 96
K 0 0 59
K 0 -21 59
A D 4 16 0
A P 1 180 0
J R 7 891 28 2 4609 576 0
K 0 0 48
A D 4 16 0
A P 1 0 0
J B 630 955 1 82 6913 576 0
J R 7 976 28 2 1 0 0
K 0 0 48
A D 4 16 0
A P 1 0 0
J N 7 1050 49 5 2305 576 0
K 0 0 43
K 0 17 96
K 0 0 59
K 0 -21 59
A D 4 16 0
A P 1 180 0
J R 7 1112 28 2 4609 576 0
K 0 0 48
A D 4 16 0
A P 1 0 0
J B 631 1176 1 82 6913 576 0
J R 6 1197 28 2 1 0 0
K 0 0 49
A D 2 16 0
A P 1 0 0
J D 0 1212 0 1 1153 288 0
W 0 130 36 cresc.
J N 6 1233 77 6 1153 0 2 561 562
K 1 -7 45
K -15 0 65
K 0 0 43
K 0 -7 45
K 1 -7 45
A D 2 16 0
A P 1 157 0
J N 6 1276 84 7 2305 288 1 562
K 1 -14 45
K 1 0 45
K -14 0 64
K 0 0 43
K -1 0 45
K 2 0 45
A D 2 16 0
A P 1 152 0
J N 6 1306 77 5 3457 288 1 562
K 1 -7 45
K 0 0 43
K 0 -7 45
K 1 -7 45
A D 2 16 0
A P 1 157 0
J N 6 1336 56 2 4609 288 1 562
K 0 0 43
A D 2 16 0
A P 1 174 0
J N 6 1366 63 2 5761 288 2 562 561
K 0 0 43
A D 2 16 0
A P 1 169 0
H 562 B 67 0 108 5 2 1 1 1 3
H 561 S 12 0 7 0 0 0 0 0 0
J B 632 1398 1 82 6913 288 0
J N 6 1419 49 2 1 0 2 563 564
K 0 0 43
A D 2 16 0
A P 1 180 0
J N 6 1449 56 2 1153 288 1 564
K 0 0 43
A D 2 16 0
A P 1 174 0
J N 6 1479 42 2 2305 288 1 564
K 0 0 43
A D 2 16 0
A P 1 186 0
J N 6 1509 49 2 3457 288 1 564
K 0 0 43
A D 2 16 0
A P 1 180 0
J N 6 1539 35 2 4609 288 1 564
K 0 0 43
A D 2 16 0
A P 1 191 0
J N 6 1569 42 2 5761 288 1 564
K 0 0 43
A D 2 16 0
A P 1 186 0
H 564 B 56 0 108 6 2 1 1 1 1 3
J B 633 1601 1 82 6913 288 0
J N 6 1631 28 2 1 0 1 565
K 0 0 43
A D 2 16 0
A P 1 197 0
J N 6 1673 35 3 1153 288 1 565
K -14 0 64
K 0 0 43
A D 2 16 0
A P 1 192 0
J N 6 1703 21 2 2305 288 1 565
K 0 0 43
A D 2 16 0
A P 1 203 0
J N 6 1733 28 2 3457 288 1 565
K 0 0 43
A D 2 16 0
A P 1 197 0
J N 6 1776 35 3 4609 288 1 565
K -15 0 65
K 0 0 43
A D 2 16 0
A P 1 191 0
J N 6 1806 42 2 5761 288 1 565
K 0 0 43
A D 2 16 0
A P 1 186 0
H 565 B 49 0 108 6 2 1 1 1 1 3
J B 634 1838 1 82 6913 288 0
J N 6 1868 49 3 1 0 1 566
K 0 0 43
K -7 57 108
A D 2 16 0
A P 1 180 0
J N 6 1898 56 2 1153 288 1 566
K 0 0 43
A D 2 16 0
A P 1 174 0
J N 6 1928 63 2 2305 288 1 566
K 0 0 43
A D 2 16 0
A P 1 169 0
J N 6 1958 49 2 3457 288 1 566
K 0 0 43
A D 2 16 0
A P 1 180 0
J N 6 1988 35 2 4609 288 1 566
K 0 0 43
A D 2 16 0
A P 1 191 0
J N 6 2018 63 2 5761 288 2 566 563
K 0 0 43
A D 2 16 0
A P 1 169 0
H 566 B 56 0 108 6 2 1 1 1 1 3
H 563 S 12 0 0 0 0 0 0 0 0
J B 635 2050 1 82 6913 288 0
E *
@ LINE: 11 Viola
L 1397 0 0 339 339 * 0 14 0
J D 0 -86 42 1 6913 0 0
W 0 0 31 Vla.
J C 13 5 28 35 6913 0 0
J K -3 57 0 3 6913 0 0
K 0 35 65
K 13 14 65
K 26 42 65
J D 0 -27 -14 1 6913 0 0
W 0 0 0 \06\02\06
J N 7 141 -14 9 1 0 0
K 0 0 45
K -14 0 64
K 0 0 43
K -1 0 45
K 2 0 45
K 0 -17 96
K 0 0 60
K 0 21 60
A D 4 16 0
A P 1 198 0
J N 7 187 35 6 2305 576 0
K -14 0 64
K 0 0 43
K 0 14 96
K 0 0 59
K 0 -21 59
A D 4 16 0
A P 1 158 0
J N 7 233 -14 8 4609 576 0
K 0 0 45
K 0 0 43
K -1 0 45
K 2 0 45
K 0 -17 96
K 0 0 60
K 0 21 60
A D 4 16 0
A P 1 198 0
J B 627 279 1 82 6913 576 0
J N 7 300 28 6 1 0 0
K 0 0 43
K 0 -21 96
K 0 67 108
K 0 0 60
K 0 21 60
A D 4 16 0
A P 1 163 0
J N 7 378 -21 8 2305 576 0
K 0 7 45
K 0 0 43
K 0 7 45
K 1 7 45
K 0 -17 96
K 0 0 60
K 0 21 60
A D 4 16 0
A P 1 203 0
J N 7 440 28 5 4609 576 0
K 0 0 43
K 0 -21 96
K 0 0 60
K 0 21 60
A D 4 16 0
A P 1 163 0
J B 628 504 1 82 6913 576 0
J N 7 525 -21 8 1 0 0
K 0 7 45
K 0 0 43
K 0 7 45
K 1 7 45
K 0 -17 96
K 0 0 60
K 0 21 60
A D 4 16 0
A P 1 203 0
J N 7 587 28 5 2305 576 0
K 0 0 43
K 0 -21 96
K 0 0 60
K 0 21 60
A D 4 16 0
A P 1 163 0
J N 7 661 -21 8 4609 576 0
K 0 7 45
K 0 0 43
K 0 7 45
K 1 7 45
K 0 -17 96
K 0 0 60
K 0 21 60
A D 4 16 0
A P 1 203 0
J B 629 725 1 82 6913 576 0
J N 7 755 42 6 1 0 0
K -15 0 65
K 0 0 43
K 0 21 96
K 0 0 59
K 0 -21 59
A D 4 16 0
A P 1 151 0
J N 7 829 -7 5 2305 576 0
K 0 0 43
K 0 -17 96
K 0 0 60
K 0 21 60
A D 4 16 0
A P 1 191 0
J N 7 891 42 5 4609 576 0
K 0 0 43
K 0 21 96
K 0 0 59
K 0 -21 59
A D 4 16 0
A P 1 151 0
J B 630 955 1 82 6913 576 0
J N 7 976 -7 5 1 0 0
K 0 0 43
K 0 -17 96
K 0 0 60
K 0 21 60
A D 4 16 0
A P 1 191 0
J N 7 1050 42 5 2305 576 0
K 0 0 43
K 0 21 96
K 0 0 59
K 0 -21 59
A D 4 16 0
A P 1 151 0
J N 7 1112 -7 5 4609 576 0
K 0 0 43
K 0 -17 96
K 0 0 60
K 0 21 60
A D 4 16 0
A P 1 191 0
J B 631 1176 1 82 6913 576 0
J D 0 1197 0 1 1 0 0
W 0 88 36 cresc.
J N 7 1197 35 5 1 0 0
K 0 0 43
K 0 14 96
K 0 0 59
K 0 -21 59
A D 4 16 0
A P 1 157 0
J N 7 1276 -14 8 2305 576 0
K 0 0 45
K 0 0 43
K -1 0 45
K 2 0 45
K 0 -17 96
K 0 0 60
K 0 21 60
A D 4 16 0
A P 1 197 0
J N 7 1336 35 5 4609 576 0
K 0 0 43
K 0 14 96
K 0 0 59
K 0 -21 59
A D 4 16 0
A P 1 157 0
J B 632 1398 1 82 6913 576 0
J N 7 1419 -14 8 1 0 0
K 0 0 45
K 0 0 43
K -1 0 45
K 2 0 45
K 0 -17 96
K 0 0 60
K 0 21 60
A D 4 16 0
A P 1 197 0
J N 7 1479 35 5 2305 576 0
K 0 0 43
K 0 14 96
K 0 0 59
K 0 -21 59
A D 4 16 0
A P 1 157 0
J N 7 1539 -14 8 4609 576 0
K 0 0 45
K 0 0 43
K -1 0 45
K 2 0 45
K 0 -17 96
K 0 0 60
K 0 21 60
A D 4 16 0
A P 1 197 0
J B 633 1601 1 82 6913 576 0
J N 7 1631 35 5 1 0 0
K 0 0 43
K 0 14 96
K 0 0 59
K 0 -21 59
A D 4 16 0
A P 1 157 0
J N 7 1703 -14 8 2305 576 0
K 0 0 45
K 0 0 43
K -1 0 45
K 2 0 45
K 0 -17 96
K 0 0 60
K 0 21 60
A D 4 16 0
A P 1 197 0
J N 7 1776 35 5 4609 576 0
K 0 0 43
K 0 14 96
K 0 0 59
K 0 -21 59
A D 4 16 0
A P 1 157 0
J B 634 1838 1 82 6913 576 0
J N 7 1868 -14 9 1 0 0
K 0 0 45
K 0 0 43
K -1 0 45
K 2 0 45
K 0 -17 96
K 0 93 108
K 0 0 60
K 0 21 60
A D 4 16 0
A P 1 197 0
J N 7 1928 35 5 2305 576 0
K 0 0 43
K 0 14 96
K 0 0 59
K 0 -21 59
A D 4 16 0
A P 1 157 0
J N 7 1988 -14 8 4609 576 0
K 0 0 45
K 0 0 43
K -1 0 45
K 2 0 45
K 0 -17 96
K 0 0 60
K 0 21 60
A D 4 16 0
A P 1 197 0
J B 635 2050 1 82 6913 576 0
E *
@ LINE: 12 Cello
L 1532 0 0 339 339 * 0 14 0
J D 0 -83 42 1 6913 0 0
W 0 0 31 Vc.
J C 22 5 14 36 6913 0 0
J K -3 57 0 3 6913 0 0
K 0 42 65
K 13 21 65
K 26 49 65
J D 0 -27 -14 1 6913 0 0
W 0 0 0 \06\02\06
J N 7 141 -7 6 1 0 0
K -14 0 64
K 0 0 43
K 0 -17 96
K 0 0 60
K 0 21 60
A D 12 48 0
A P 1 158 0
J N 7 187 42 6 2305 576 0
K -14 0 64
K 0 0 43
K 0 21 96
K 0 0 59
K 0 -21 59
A D 12 48 0
A P 1 118 0
J N 7 233 -7 5 4609 576 0
K 0 0 43
K 0 -17 96
K 0 0 60
K 0 21 60
A D 12 48 0
A P 1 158 0
J B 627 279 1 82 6913 576 0
J N 7 300 35 6 1 0 0
K 0 0 43
K 0 14 96
K 0 44 108
K 0 0 59
K 0 -21 59
A D 12 48 0
A P 1 123 0
J N 7 378 -14 8 2305 576 0
K 0 0 45
K 0 0 43
K -1 0 45
K 2 0 45
K 0 -17 96
K 0 0 60
K 0 21 60
A D 12 48 0
A P 1 163 0
J N 7 440 35 5 4609 576 0
K 0 0 43
K 0 14 96
K 0 0 59
K 0 -21 59
A D 12 48 0
A P 1 123 0
J B 628 504 1 82 6913 576 0
J N 7 525 -14 8 1 0 0
K 0 0 45
K 0 0 43
K -1 0 45
K 2 0 45
K 0 -17 96
K 0 0 60
K 0 21 60
A D 12 48 0
A P 1 163 0
J N 7 587 35 5 2305 576 0
K 0 0 43
K 0 14 96
K 0 0 59
K 0 -21 59
A D 12 48 0
A P 1 123 0
J N 7 661 -14 8 4609 576 0
K 0 0 45
K 0 0 43
K -1 0 45
K 2 0 45
K 0 -17 96
K 0 0 60
K 0 21 60
A D 12 48 0
A P 1 163 0
J B 629 725 1 82 6913 576 0
J N 7 755 49 6 1 0 0
K -15 0 65
K 0 0 43
K 0 17 96
K 0 0 59
K 0 -21 59
A D 12 48 0
A P 1 111 0
J N 7 829 0 5 2305 576 0
K 0 0 43
K 0 -17 96
K 0 0 60
K 0 21 60
A D 12 48 0
A P 1 151 0
J N 7 891 49 5 4609 576 0
K 0 0 43
K 0 17 96
K 0 0 59
K 0 -21 59
A D 12 48 0
A P 1 111 0
J B 630 955 1 82 6913 576 0
J N 7 976 0 5 1 0 0
K 0 0 43
K 0 -17 96
K 0 0 60
K 0 21 60
A D 12 48 0
A P 1 151 0
J N 7 1050 49 5 2305 576 0
K 0 0 43
K 0 17 96
K 0 0 59
K 0 -21 59
A D 12 48 0
A P 1 111 0
J N 7 1112 0 5 4609 576 0
K 0 0 43
K 0 -17 96
K 0 0 60
K 0 21 60
A D 12 48 0
A P 1 151 0
J B 631 1176 1 82 6913 576 0
J D 0 1197 0 1 1 0 0
W 0 92 36 cresc.
J N 7 1197 42 5 1 0 0
K 0 0 43
K 0 21 96
K 0 0 59
K 0 -21 59
A D 12 48 0
A P 1 117 0
J N 7 1276 -7 5 2305 576 0
K 0 0 43
K 0 -17 96
K 0 0 60
K 0 21 60
A D 12 48 0
A P 1 157 0
J N 7 1336 42 5 4609 576 0
K 0 0 43
K 0 21 96
K 0 0 59
K 0 -21 59
A D 12 48 0
A P 1 117 0
J B 632 1398 1 82 6913 576 0
J N 7 1419 -7 5 1 0 0
K 0 0 43
K 0 -17 96
K 0 0 60
K 0 21 60
A D 12 48 0
A P 1 157 0
J N 7 1479 42 5 2305 576 0
K 0 0 43
K 0 21 96
K 0 0 59
K 0 -21 59
A D 12 48 0
A P 1 117 0
J N 7 1539 -7 5 4609 576 0
K 0 0 43
K 0 -17 96
K 0 0 60
K 0 21 60
A D 12 48 0
A P 1 157 0
J B 633 1601 1 82 6913 576 0
J N 7 1631 42 5 1 0 0
K 0 0 43
K 0 21 96
K 0 0 59
K 0 -21 59
A D 12 48 0
A P 1 117 0
J N 7 1703 -7 5 2305 576 0
K 0 0 43
K 0 -17 96
K 0 0 60
K 0 21 60
A D 12 48 0
A P 1 157 0
J N 7 1776 42 5 4609 576 0
K 0 0 43
K 0 21 96
K 0 0 59
K 0 -21 59
A D 12 48 0
A P 1 117 0
J B 634 1838 1 82 6913 576 0
J N 7 1868 -7 6 1 0 0
K 0 0 43
K 0 -17 96
K 0 86 108
K 0 0 60
K 0 21 60
A D 12 48 0
A P 1 157 0
J N 7 1928 42 5 2305 576 0
K 0 0 43
K 0 21 96
K 0 0 59
K 0 -21 59
A D 12 48 0
A P 1 117 0
J N 7 1988 -7 5 4609 576 0
K 0 0 43
K 0 -17 96
K 0 0 60
K 0 21 60
A D 12 48 0
A P 1 157 0
J B 635 2050 1 82 6913 576 0
E *
@ LINE: 13 Contrabass
L 1662 0 0 339 339 * 0 14 0
J D 0 -83 42 1 6913 0 0
W 0 0 31 Cb.
J C 22 5 14 36 6913 0 0
J K -3 57 0 3 6913 0 0
K 0 42 65
K 13 21 65
K 26 49 65
J D 0 -27 -14 1 6913 0 0
W 0 0 0 \06\02\06
J N 7 141 -7 6 1 0 0
K -14 0 64
K 0 0 43
K 0 -17 96
K 0 0 60
K 0 21 60
A D 12 48 0
A P 1 158 0
J N 7 187 42 6 2305 576 0
K -14 0 64
K 0 0 43
K 0 21 96
K 0 0 59
K 0 -21 59
A D 12 48 0
A P 1 118 0
J N 7 233 -7 5 4609 576 0
K 0 0 43
K 0 -17 96
K 0 0 60
K 0 21 60
A D 12 48 0
A P 1 158 0
J B 627 279 1 82 6913 576 0
J N 7 300 35 6 1 0 0
K 0 0 43
K 0 14 96
K 0 44 108
K 0 0 59
K 0 -21 59
A D 12 48 0
A P 1 123 0
J R 7 378 28 2 2305 576 0
K 0 0 48
A D 12 48 1
A P 1 0 1
J R 7 440 28 2 4609 576 0
K 0 0 48
A D 12 48 0
A P 1 0 0
J B 628 504 1 82 6913 576 0
J R 7 525 28 2 1 0 0
K 0 0 48
A D 12 48 0
A P 1 0 0
J N 7 587 35 5 2305 576 0
K 0 0 43
K 0 14 96
K 0 0 59
K 0 -21 59
A D 12 48 0
A P 1 123 0
J N 7 661 35 5 4609 576 0
K 0 0 43
K 0 14 96
K 0 0 59
K 0 -21 59
A D 12 48 0
A P 1 123 0
J B 629 725 1 82 6913 576 0
J N 7 755 49 6 1 0 0
K -15 0 65
K 0 0 43
K 0 17 96
K 0 0 59
K 0 -21 59
A D 12 48 0
A P 1 111 0
J R 7 829 28 2 2305 576 0
K 0 0 48
A D 12 48 1
A P 1 0 1
J R 7 891 28 2 4609 576 0
K 0 0 48
A D 12 48 0
A P 1 0 0
J B 630 955 1 82 6913 576 0
J R 7 976 28 2 1 0 0
K 0 0 48
A D 12 48 0
A P 1 0 0
J N 7 1050 49 5 2305 576 0
K 0 0 43
K 0 17 96
K 0 0 59
K 0 -21 59
A D 12 48 0
A P 1 111 0
J N 7 1112 49 5 4609 576 0
K 0 0 43
K 0 17 96
K 0 0 59
K 0 -21 59
A D 12 48 0
A P 1 111 0
J B 631 1176 1 82 6913 576 0
J D 0 1197 0 1 1 0 0
W 0 91 36 cresc.
J N 7 1197 42 5 1 0 0
K 0 0 43
K 0 21 96
K 0 0 59
K 0 -21 59
A D 12 48 0
A P 1 117 0
J R 7 1276 28 2 2305 576 0
K 0 0 48
A D 12 48 1
A P 1 0 1
J R 7 1336 28 2 4609 576 0
K 0 0 48
A D 12 48 0
A P 1 0 0
J B 632 1398 1 82 6913 576 0
J R 9 1485 28 2 1 10000 0
K 0 0 46
A D 36 48 0
A P 1 0 0
J B 633 1601 1 82 6913 1728 0
J R 7 1631 28 2 1 0 0
K 0 0 48
A D 12 48 0
A P 1 0 0
J N 7 1703 42 5 2305 576 0
K 0 0 43
K 0 21 96
K 0 0 59
K 0 -21 59
A D 12 48 0
A P 1 117 0
J N 7 1776 42 5 4609 576 0
K 0 0 43
K 0 21 96
K 0 0 59
K 0 -21 59
A D 12 48 0
A P 1 117 0
J B 634 1838 1 82 6913 576 0
J N 7 1868 42 6 1 0 0
K 0 0 43
K 0 21 96
K 0 46 108
K 0 0 59
K 0 -21 59
A D 12 48 0
A P 1 117 0
J N 7 1928 42 5 2305 576 0
K 0 0 43
K 0 21 96
K 0 0 59
K 0 -21 59
A D 12 48 0
A P 1 117 0
J N 7 1988 42 5 4609 576 0
K 0 0 43
K 0 21 96
K 0 0 59
K 0 -21 59
A D 12 48 0
A P 1 117 0
J B 635 2050 1 82 6913 576 0
E *
B 1 279 0
B 1 504 0
B 1 725 0
B 1 955 0
B 1 1176 0
B 1 1398 0
B 1 1601 0
B 1 1838 0
B 1 2050 0
