@ SYSTEM: Beethoven: Symphony No. 3 -- First Movement
S 0 200 140 2050 1718 13 "[....][{..}.](.)[{..}.{..}]"
@ LINE: 1 Flutes
L 0 0 0 339 339 * 0 14 0
J D 0 -108 42 1 6913 0 0
W 0 0 31 Fl 1-2
J C 4 5 42 2 6913 0 0
K 0 0 33
K 0 0 34
J K -3 57 0 3 6913 0 0
K 0 28 65
K 13 7 65
K 26 35 65
J D 0 -27 -14 1 6913 0 0
W 0 0 37 \06\03\05
J N 7 139 -7 13 1 0 0
K 0 -7 45
K 0 -21 45
K 0 -35 45
K 0 -35 43
K -1 -35 45
K 2 -35 45
K 0 0 43
K 0 -52 96
K 0 -35 60
K 0 -28 60
K 0 0 60
K 0 21 60
A D 4 16 0
A P 1 254 0
A P 2 226 0
J R 7 234 28 2 2305 576 0
K 0 0 48
A D 4 16 1
A P 1 0 1
J R 7 328 28 2 4609 576 0
K 0 0 48
A D 4 16 0
A P 1 0 0
J B 636 418 1 82 6913 576 0
J R 9 551 28 2 1 0 0
K 0 0 46
A D 12 16 0
A P 3 0 0
J B 637 713 1 82 6913 1728 0
J R 9 825 28 2 1 0 0
K 0 0 46
A D 12 16 0
A P 3 0 0
J B 638 966 1 82 6913 1728 0
J R 9 1070 28 2 1 0 0
K 0 0 46
A D 12 16 0
A P 3 0 0
J B 639 1203 1 82 6913 1728 0
J R 9 1338 28 2 1 0 0
K 0 0 46
A D 12 16 0
A P 3 0 0
J B 640 1502 1 82 6913 1728 0
J R 9 1635 28 2 1 0 0
K 0 0 46
A D 12 16 0
A P 3 0 0
J B 641 1797 1 82 6913 1728 0
J R 9 1909 28 2 1 0 0
K 0 0 46
A D 12 16 0
A P 3 0 0
J B 642 2050 1 82 6913 1728 0
E *
@ LINE: 2 Oboes
L 132 0 0 339 339 * 0 14 0
J D 0 -119 42 1 6913 0 0
W 0 0 31 Ob 1-2
J C 4 5 42 2 6913 0 0
K 0 0 33
K 0 0 34
J K -3 57 0 3 6913 0 0
K 0 28 65
K 13 7 65
K 26 35 65
J D 0 -27 -14 1 6913 0 0
W 0 0 0 \06\03\05
J N 7 139 28 7 1 0 0
K 0 -21 43
K 0 0 43
K 0 -38 96
K 0 -21 60
K 0 0 60
K 0 21 60
A D 4 16 0
A P 1 214 0
A P 2 197 0
J R 7 234 28 2 2305 576 0
K 0 0 48
A D 4 16 1
A P 1 0 1
J R 7 328 28 2 4609 576 0
K 0 0 48
A D 4 16 0
A P 1 0 0
J B 636 418 1 82 6913 576 0
J R 9 551 28 2 1 0 0
K 0 0 46
A D 12 16 0
A P 3 0 0
J B 637 713 1 82 6913 1728 0
J R 9 825 28 2 1 0 0
K 0 0 46
A D 12 16 0
A P 3 0 0
J B 638 966 1 82 6913 1728 0
J D 0 973 0 1 1 0 0
W 0 -21 32 1.
J N 7 987 7 5 1 0 1 279
K 0 0 43
K 0 74 108
K 0 0 60
K 0 21 60
A D 4 16 0
A P 1 214 0
J N 7 1059 -7 4 2305 576 1 279
K 0 0 43
K 0 0 60
K 0 21 60
A D 4 16 0
A P 1 226 0
H 279 S 0 0 0 0 0 0 0 0 0
J N 7 1131 -21 8 4609 576 0
K 0 7 45
K 0 0 43
K 0 7 45
K 1 7 45
K 0 -17 96
K 0 0 60
K 0 21 60
A D 4 16 0
A P 1 237 0
J B 639 1203 1 82 6913 576 0
J N 7 1228 -21 7 1 0 0
K 0 7 45
K 0 0 43
K 0 7 45
K 1 7 45
K 0 0 60
K 0 21 60
A D 4 16 0
A P 1 237 0
J R 7 1320 28 2 2305 576 0
K 0 0 48
A D 4 16 1
A P 1 0 1
J R 7 1412 28 2 4609 576 0
K 0 0 48
A D 4 16 0
A P 1 0 0
J B 640 1502 1 82 6913 576 0
J R 9 1635 28 2 1 0 0
K 0 0 46
A D 12 16 0
A P 3 0 0
J B 641 1797 1 82 6913 1728 0
J R 9 1909 28 2 1 0 0
K 0 0 46
A D 12 16 0
A P 3 0 0
J B 642 2050 1 82 6913 1728 0
E *
@ LINE: 3 Clarinets
L 264 0 0 339 339 * 0 14 0
J D 0 -110 42 1 6913 0 0
W 0 -21 31 Cl 1-2
J D 0 -110 42 1 6913 0 0
W 8 21 31 (B\0.)
J C 4 5 42 2 6913 0 0
K 0 0 33
K 0 0 34
J K -1 57 0 1 6913 0 0
K 0 28 65
J D 0 -27 -14 1 6913 0 0
W 0 0 0 \06\03\05
J N 7 139 35 7 1 0 0
K 0 0 43
K 0 14 43
K 0 31 96
K 0 14 59
K 0 0 59
K 0 -21 59
A D 4 16 0
A P 1 192 0
A P 2 180 0
J R 7 234 28 2 2305 576 0
K 0 0 48
A D 4 16 1
A P 1 0 1
J R 7 328 28 2 4609 576 0
K 0 0 48
A D 4 16 0
A P 1 0 0
J B 636 418 1 82 6913 576 0
J R 9 551 28 2 1 0 0
K 0 0 46
A D 12 16 0
A P 3 0 0
J B 637 713 1 82 6913 1728 0
J R 9 825 28 2 1 0 0
K 0 0 46
A D 12 16 0
A P 3 0 0
J B 638 966 1 82 6913 1728 0
J R 9 1070 28 2 1 0 0
K 0 0 46
A D 12 16 0
A P 3 0 0
J B 639 1203 1 82 6913 1728 0
J R 9 1338 28 2 1 0 0
K 0 0 46
A D 12 16 0
A P 3 0 0
J B 640 1502 1 82 6913 1728 0
J R 9 1635 28 2 1 0 0
K 0 0 46
A D 12 16 0
A P 3 0 0
J B 641 1797 1 82 6913 1728 0
J R 9 1909 28 2 1 0 0
K 0 0 46
A D 12 16 0
A P 3 0 0
J B 642 2050 1 82 6913 1728 0
E *
@ LINE: 4 Bassoons
L 396 0 0 339 339 * 0 14 0
J D 0 -130 42 1 6913 0 0
W 0 0 31 Fag 1-2
J C 22 5 14 36 6913 0 0
J K -3 57 0 3 6913 0 0
K 0 42 65
K 13 21 65
K 26 49 65
J D 0 -27 -14 1 6913 0 0
W 0 0 0 \06\03\05
J N 7 139 7 7 1 0 0
K 0 -14 43
K 0 0 43
K 0 -31 96
K 0 -14 60
K 0 0 60
K 0 21 60
A D 4 16 0
A P 1 157 0
A P 2 146 0
J R 7 234 28 2 2305 576 0
K 0 0 48
A D 4 16 1
A P 1 0 1
J R 7 328 28 2 4609 576 0
K 0 0 48
A D 4 16 0
A P 1 0 0
J B 636 418 1 82 6913 576 0
J R 9 551 28 2 1 0 0
K 0 0 46
A D 12 16 0
A P 3 0 0
J B 637 713 1 82 6913 1728 0
J R 9 825 28 2 1 0 0
K 0 0 46
A D 12 16 0
A P 3 0 0
J B 638 966 1 82 6913 1728 0
J R 9 1070 28 2 1 0 0
K 0 0 46
A D 12 16 0
A P 3 0 0
J B 639 1203 1 82 6913 1728 0
J R 9 1338 28 2 1 0 0
K 0 0 46
A D 12 16 0
A P 3 0 0
J B 640 1502 1 82 6913 1728 0
J R 9 1635 28 2 1 0 0
K 0 0 46
A D 12 16 0
A P 3 0 0
J B 641 1797 1 82 6913 1728 0
J R 9 1909 28 2 1 0 0
K 0 0 46
A D 12 16 0
A P 3 0 0
J B 642 2050 1 82 6913 1728 0
E *
@ LINE: 5 Horns 1 & 2
L 551 0 0 339 339 * 0 14 0
J D 0 -96 42 1 6913 0 0
W 0 -21 31 Cor.
J D 0 -96 42 1 6913 0 0
W 0 21 31 (E\0.)
J C 4 5 42 2 6913 0 0
K 0 0 33
K 0 0 34
J K 0 57 0 0 6913 0 0
J D 0 -27 -14 1 6913 0 0
W 0 0 0 \06\03\05
J N 8 139 21 4 1 0 1 229
K 0 0 42
K 0 0 59
K 0 -14 59
A D 4 8 0
A P 1 203 0
J N 7 139 70 7 1 0 0
K 0 0 45
K 0 0 43
K -1 0 45
K 2 0 45
K 0 0 60
K 0 7 60
A D 2 8 0
A P 2 163 0
J R 7 234 70 2 2305 576 0
K 0 0 48
A D 2 8 1
A P 2 0 1
J N 7 328 7 4 4609 576 0
K 0 0 43
K 0 0 59
K 0 -14 59
A D 2 8 0
A P 1 215 0
J R 7 328 70 2 4609 0 0
K 0 0 48
A D 2 8 0
A P 2 0 0
J B 636 418 1 82 6913 576 0
J N 8 439 21 4 1 0 0
K 0 0 42
K 0 0 59
K 0 -14 59
A D 4 8 0
A P 1 203 0
J R 9 551 70 2 1 0 0
K 0 0 46
A D 6 8 0
A P 2 0 0
J N 7 623 42 4 4609 1152 1 229
K 0 0 43
K 0 0 59
K 0 -21 59
A D 2 8 0
A P 1 186 0
H 229 S 0 6 -42 6 -49 1 0 0 0
J B 637 713 1 82 6913 576 0
J N 7 734 21 4 1 0 1 230
K 0 0 43
K 0 0 59
K 0 -14 59
A D 2 8 0
A P 1 203 0
J R 9 825 70 2 1 0 0
K 0 0 46
A D 6 8 0
A P 2 0 0
J N 7 822 7 4 2305 576 1 230
K 0 0 43
K 0 0 59
K 0 -14 59
A D 2 8 0
A P 1 215 0
H 230 S 0 6 -35 6 -35 0 0 0 0
J N 7 894 -7 5 4609 576 0
K 0 0 43
K 7 -52 96
K 0 0 59
K 0 -14 59
A D 2 8 0
A P 1 226 0
J B 638 966 1 82 6913 576 0
J N 8 987 -7 5 1 0 0
K 0 0 42
K 25 0 44
K 0 0 59
K 0 -14 59
A D 6 8 0
A P 1 226 0
J N 7 987 42 4 1 0 1 231
K 0 0 43
K 0 0 60
K 0 14 60
A D 2 8 0
A P 2 186 0
J N 7 1059 21 4 2305 576 1 231
K 0 0 43
K 0 0 60
K 0 21 60
A D 2 8 0
A P 2 203 0
H 231 S 12 0 0 -14 0 0 0 0 0
J N 7 1131 7 5 4609 576 0
K 0 0 43
K -7 59 96
K 0 0 60
K 0 21 60
A D 2 8 0
A P 2 215 0
J B 639 1203 1 82 6913 576 0
J N 8 1228 14 4 1 0 1 232
K 0 0 42
K 0 0 59
K 0 -14 59
A D 4 8 0
A P 1 209 0
J N 7 1224 0 4 1 0 0
K 0 0 43
K 0 0 60
K 0 21 60
A D 2 8 0
A P 2 220 0
J R 7 1320 42 2 2305 576 0
K 0 0 48
A D 2 8 1
A P 2 0 1
J N 7 1412 0 4 4609 576 0
K 0 0 43
K 0 0 59
K 0 -14 59
A D 2 8 0
A P 1 220 0
J R 7 1412 42 2 4609 0 0
K 0 0 48
A D 2 8 0
A P 2 0 0
J B 640 1502 1 82 6913 576 0
J N 8 1523 14 4 1 0 0
K 0 0 42
K 0 0 59
K 0 -14 59
A D 4 8 0
A P 1 209 0
J R 9 1635 70 2 1 0 0
K 0 0 46
A D 6 8 0
A P 2 0 0
J N 7 1707 42 4 4609 1152 1 232
K 0 0 43
K 0 0 59
K 0 -21 59
A D 2 8 0
A P 1 186 0
H 232 S 0 6 -49 6 -56 1 0 0 0
J B 641 1797 1 82 6913 576 0
J N 7 1818 14 4 1 0 1 233
K 0 0 43
K 0 0 59
K 0 -14 59
A D 2 8 0
A P 1 209 0
J R 9 1909 70 2 1 0 0
K 0 0 46
A D 6 8 0
A P 2 0 0
J N 7 1906 0 4 2305 576 1 233
K 0 0 43
K 0 0 59
K 0 -14 59
A D 2 8 0
A P 1 220 0
H 233 S 0 6 -35 6 -35 0 0 0 0
J N 7 1978 -7 5 4609 576 0
K 0 0 43
K 7 -52 96
K 0 0 59
K 0 -14 59
A D 2 8 0
A P 1 226 0
J B 642 2050 1 82 6913 576 0
E *
@ LINE: 6 Horn 3
L 696 0 0 339 339 * 0 14 0
J D 0 -112 42 1 6913 0 0
W 0 -21 31 Cor3.
J D 0 -112 42 1 6913 0 0
W 8 21 31 (E\0.)
J C 4 5 42 2 6913 0 0
K 0 0 33
K 0 0 34
J K 0 57 0 0 6913 0 0
J D 0 -27 -14 1 6913 0 0
W 0 0 0 \06\03\05
J N 7 139 42 5 1 0 0
K 0 0 43
K 0 21 96
K 0 0 59
K 0 -21 59
A D 2 8 0
A P 1 186 0
J R 7 234 28 2 2305 576 0
K 0 0 48
A D 2 8 1
A P 1 0 1
J R 7 328 28 2 4609 576 0
K 0 0 48
A D 2 8 0
A P 1 0 0
J B 636 418 1 82 6913 576 0
J R 9 551 28 2 1 0 0
K 0 0 46
A D 6 8 0
A P 1 0 0
J B 637 713 1 82 6913 1728 0
J R 9 825 28 2 1 0 0
K 0 0 46
A D 6 8 0
A P 1 0 0
J B 638 966 1 82 6913 1728 0
J R 9 1070 28 2 1 0 0
K 0 0 46
A D 6 8 0
A P 1 0 0
J B 639 1203 1 82 6913 1728 0
J R 9 1338 28 2 1 0 0
K 0 0 46
A D 6 8 0
A P 1 0 0
J B 640 1502 1 82 6913 1728 0
J R 9 1635 28 2 1 0 0
K 0 0 46
A D 6 8 0
A P 1 0 0
J B 641 1797 1 82 6913 1728 0
J R 9 1909 28 2 1 0 0
K 0 0 46
A D 6 8 0
A P 1 0 0
J B 642 2050 1 82 6913 1728 0
E *
@ LINE: 7 Trumpets
L 836 0 0 339 339 * 0 14 0
J D 0 -119 42 1 6913 0 0
W 0 -21 31 Tr 1-2
J D 0 -119 42 1 6913 0 0
W 8 21 31 (E\0.)
J C 4 5 42 2 6913 0 0
K 0 0 33
K 0 0 34
J K 0 57 0 0 6913 0 0
J D 0 -27 -14 1 6913 0 0
W 0 0 0 \06\03\05
J N 7 139 56 10 1 0 0
K 1 14 45
K 0 0 43
K 0 14 43
K -1 14 45
K 2 14 45
K 0 31 96
K 0 14 59
K 0 0 59
K 0 -21 59
A D 6 24 0
A P 1 175 0
A P 2 163 0
J R 7 234 28 2 2305 576 0
K 0 0 48
A D 6 24 1
A P 1 0 1
J R 7 328 28 2 4609 576 0
K 0 0 48
A D 6 24 0
A P 1 0 0
J B 636 418 1 82 6913 576 0
J R 9 551 28 2 1 0 0
K 0 0 46
A D 18 24 0
A P 3 0 0
J B 637 713 1 82 6913 1728 0
J R 9 825 28 2 1 0 0
K 0 0 46
A D 18 24 0
A P 3 0 0
J B 638 966 1 82 6913 1728 0
J R 9 1070 28 2 1 0 0
K 0 0 46
A D 18 24 0
A P 3 0 0
J B 639 1203 1 82 6913 1728 0
J R 9 1338 28 2 1 0 0
K 0 0 46
A D 18 24 0
A P 3 0 0
J B 640 1502 1 82 6913 1728 0
J R 9 1635 28 2 1 0 0
K 0 0 46
A D 18 24 0
A P 3 0 0
J B 641 1797 1 82 6913 1728 0
J R 9 1909 28 2 1 0 0
K 0 0 46
A D 18 24 0
A P 3 0 0
J B 642 2050 1 82 6913 1728 0
E *
@ LINE: 8 Timpani
L 981 0 0 339 339 * 0 14 0
J D 0 -109 42 1 6913 0 0
W 0 -21 31 Timp.
J D 0 -109 42 1 6913 0 0
W 0 21 31 E\0.-B\0.
J C 22 5 14 36 6913 0 0
J K 0 57 0 0 6913 0 0
J D 0 -27 -14 1 6913 0 0
W 0 0 0 \06\03\05
J N 7 139 21 4 1 0 0
K 0 0 43
K 0 0 60
K 0 21 60
A D 12 48 0
A P 1 134 0
J R 7 234 28 2 2305 576 0
K 0 0 48
A D 12 48 1
A P 1 0 1
J R 7 328 28 2 4609 576 0
K 0 0 48
A D 12 48 0
A P 1 0 0
J B 636 418 1 82 6913 576 0
J R 9 551 28 2 1 0 0
K 0 0 46
A D 36 48 0
A P 1 0 0
J B 637 713 1 82 6913 1728 0
J R 9 825 28 2 1 0 0
K 0 0 46
A D 36 48 0
A P 1 0 0
J B 638 966 1 82 6913 1728 0
J R 9 1070 28 2 1 0 0
K 0 0 46
A D 36 48 0
A P 1 0 0
J B 639 1203 1 82 6913 1728 0
J R 9 1338 28 2 1 0 0
K 0 0 46
A D 36 48 0
A P 1 0 0
J B 640 1502 1 82 6913 1728 0
J R 9 1635 28 2 1 0 0
K 0 0 46
A D 36 48 0
A P 1 0 0
J B 641 1797 1 82 6913 1728 0
J R 9 1909 28 2 1 0 0
K 0 0 46
A D 36 48 0
A P 1 0 0
J B 642 2050 1 82 6913 1728 0
E *
@ LINE: 9 Violin I
L 1133 0 0 339 339 * 0 14 0
J D 0 -111 42 1 6913 0 0
W 0 0 31 Vln1
J C 4 5 42 2 6913 0 0
K 0 0 33
K 0 0 34
J K -3 57 0 3 6913 0 0
K 0 28 65
K 13 7 65
K 26 35 65
J D 0 -27 -14 1 6913 0 0
W 0 0 0 \06\03\05
J N 6 139 7 3 1 0 1 538
K 0 0 43
K 0 14 96
A D 2 16 0
A P 1 214 0
J N 5 176 56 2 1153 288 2 539 538
K 0 0 43
A D 1 16 0
A P 1 174 0
J N 5 205 49 2 1729 144 1 538
K 0 0 43
A D 1 16 0
A P 1 180 0
H 538 B 45 10 108 3 2 21 33
J N 6 234 42 3 2305 144 2 540 539
K 0 0 43
K 0 21 96
A D 2 16 0
A P 1 186 0
H 539 S 12 0 0 0 21 0 0 0 0
J N 5 271 42 2 3457 288 2 541 540
K 0 0 43
A D 1 16 0
A P 1 186 0
J N 5 300 35 2 4033 144 1 540
K 0 0 43
A D 1 16 0
A P 1 191 0
H 540 B 43 -2 108 3 2 21 33
J N 6 328 28 3 4609 144 2 542 541
K 0 0 43
K 0 -21 96
A D 2 16 0
A P 1 197 0
H 541 S 0 6 -36 0 -21 0 0 0 0
J N 5 364 21 2 5761 288 2 543 542
K 0 0 43
A D 1 16 0
A P 1 203 0
J N 5 392 14 2 6337 144 1 542
K 0 0 43
A D 1 16 0
A P 1 209 0
H 542 B -45 -3 108 3 2 21 33
J B 636 418 1 82 6913 144 0
J N 6 439 7 3 1 0 2 544 543
K 0 0 43
K 0 -17 96
A D 2 16 0
A P 1 214 0
H 543 S 0 0 0 0 -14 0 0 0 0
J N 5 475 7 2 1153 288 2 545 544
K 0 0 43
A D 1 16 0
A P 1 214 0
J N 5 503 0 2 1729 144 1 544
K 0 0 43
A D 1 16 0
A P 1 220 0
H 544 B -42 -1 108 3 2 21 33
J N 6 531 -7 3 2305 144 2 546 545
K 0 0 43
K 0 -17 96
A D 2 16 0
A P 1 226 0
H 545 S 0 0 0 0 -14 0 0 0 0
J N 5 567 -7 2 3457 288 2 547 546
K 0 0 43
A D 1 16 0
A P 1 226 0
J N 5 595 -14 5 4033 144 1 546
K 0 0 45
K 0 0 43
K -1 0 45
K 2 0 45
A D 1 16 0
A P 1 231 0
H 546 B -42 0 108 3 2 21 33
J N 6 623 -21 6 4609 144 2 548 547
K 0 7 45
K 0 0 43
K 0 7 45
K 1 7 45
K 0 -17 96
A D 2 16 0
A P 1 237 0
H 547 S 0 0 0 0 -14 0 0 0 0
J N 5 659 -28 6 5761 288 1 548
K 0 14 45
K 0 0 45
K 0 0 43
K -1 0 45
K 2 0 45
A D 1 16 0
A P 1 243 0
J N 5 687 -35 6 6337 144 2 549 548
K 0 21 45
K 0 7 45
K 0 0 43
K 0 7 45
K 1 7 45
A D 1 16 0
A P 1 249 0
H 548 B -54 -2 108 3 2 21 33
J B 637 713 1 82 6913 144 0
J N 6 734 -42 10 1 0 2 550 549
K 0 28 45
K 0 14 45
K 0 0 45
K 0 0 43
K -1 0 45
K 2 0 45
K 0 -17 96
K 0 127 111
K 12 127 110
A D 2 16 0
A P 1 254 0
H 549 S 0 0 0 0 -14 0 0 0 0
J N 5 770 -21 5 1153 288 2 551 550
K 0 7 45
K 0 0 43
K 0 7 45
K 1 7 45
A D 1 16 0
A P 1 237 0
J N 5 796 -14 5 1729 144 1 550
K 0 0 45
K 0 0 43
K -1 0 45
K 2 0 45
A D 1 16 0
A P 1 231 0
H 550 B -70 2 108 3 2 21 33
J N 6 822 -7 3 2305 144 2 552 551
K 0 0 43
K 0 -17 96
A D 2 16 0
A P 1 226 0
H 551 S 0 0 0 0 -14 0 0 0 0
J N 6 858 0 3 3457 288 1 552
K 0 0 43
K 0 -17 96
A D 2 16 0
A P 1 220 0
J N 6 894 7 3 4609 288 1 552
K 0 0 43
K 0 -17 96
A D 2 16 0
A P 1 214 0
J N 6 930 14 3 5761 288 1 552
K 0 0 43
K 0 -21 96
A D 2 16 0
A P 1 209 0
H 552 B -64 1 108 4 2 1 1 3
J B 638 966 1 82 6913 288 0
J N 6 987 21 3 1 0 1 553
K 0 0 43
K 0 14 96
A D 2 16 0
A P 1 203 0
J N 6 1023 28 3 1153 288 1 553
K 0 0 43
K 0 21 96
A D 2 16 0
A P 1 197 0
J N 6 1059 35 3 2305 288 1 553
K 0 0 43
K 0 14 96
A D 2 16 0
A P 1 191 0
J N 6 1095 42 3 3457 288 1 553
K 0 0 43
K 0 21 96
A D 2 16 0
A P 1 186 0
J N 6 1131 49 3 4609 288 1 553
K 0 0 43
K 0 17 96
A D 2 16 0
A P 1 180 0
J N 6 1167 56 3 5761 288 1 553
K 0 0 43
K 0 17 96
A D 2 16 0
A P 1 174 0
H 553 B 41 3 108 6 2 1 1 1 1 3
J B 639 1203 1 82 6913 288 0
J R 6 1228 28 2 1 0 0
K 0 0 49
A D 2 16 0
A P 1 0 0
J N 5 1264 77 5 1153 288 2 554 555
K 1 -7 45
K 0 0 43
K 0 -7 45
K 1 -7 45
A D 1 16 0
A P 1 157 0
J N 5 1292 70 5 1729 144 1 555
K 1 0 45
K 0 0 43
K -1 0 45
K 2 0 45
A D 1 16 0
A P 1 163 0
H 555 B 50 -4 108 2 22 33
J N 6 1320 63 3 2305 144 2 556 554
K 0 0 43
K 0 17 96
A D 2 16 0
A P 1 169 0
H 554 S 12 0 0 0 14 0 0 0 0
J N 5 1356 63 2 3457 288 2 557 556
K 0 0 43
A D 1 16 0
A P 1 169 0
J N 5 1384 56 2 4033 144 1 556
K 0 0 43
A D 1 16 0
A P 1 174 0
H 556 B 51 -2 108 3 2 21 33
J N 6 1412 49 3 4609 144 2 558 557
K 0 0 43
K 0 17 96
A D 2 16 0
A P 1 180 0
H 557 S 12 0 0 0 14 0 0 0 0
J N 5 1448 49 2 5761 288 2 559 558
K 0 0 43
A D 1 16 0
A P 1 180 0
J N 5 1476 42 2 6337 144 1 558
K 0 0 43
A D 1 16 0
A P 1 186 0
H 558 B 50 -2 108 3 2 21 33
J B 640 1502 1 82 6913 144 0
J N 6 1523 35 3 1 0 2 560 559
K 0 0 43
K 0 -14 96
A D 2 16 0
A P 1 191 0
H 559 S 0 6 -43 0 -14 0 0 0 0
J N 5 1559 28 2 1153 288 2 561 560
K 0 0 43
A D 1 16 0
A P 1 197 0
J N 5 1587 21 2 1729 144 1 560
K 0 0 43
A D 1 16 0
A P 1 203 0
H 560 B -45 -4 108 3 2 21 33
J N 6 1615 14 3 2305 144 2 562 561
K 0 0 43
K 0 -21 96
A D 2 16 0
A P 1 209 0
H 561 S 0 0 0 0 -21 0 0 0 0
J N 5 1651 14 2 3457 288 2 563 562
K 0 0 43
A D 1 16 0
A P 1 209 0
J N 5 1679 7 2 4033 144 1 562
K 0 0 43
A D 1 16 0
A P 1 214 0
H 562 B -47 -1 108 3 2 21 33
J N 6 1707 0 3 4609 144 2 564 563
K 0 0 43
K 0 -17 96
A D 2 16 0
A P 1 220 0
H 563 S 0 0 0 0 -14 0 0 0 0
J N 5 1743 0 2 5761 288 2 565 564
K 0 0 43
A D 1 16 0
A P 1 220 0
J N 5 1771 -7 2 6337 144 1 564
K 0 0 43
A D 1 16 0
A P 1 226 0
H 564 B -47 -1 108 3 2 21 33
J B 641 1797 1 82 6913 144 0
J N 6 1818 -14 8 1 0 2 566 565
K 0 0 45
K 0 0 43
K -1 0 45
K 2 0 45
K 0 -17 96
K 0 99 111
K 12 99 110
A D 2 16 0
A P 1 231 0
H 565 S 0 0 0 0 -14 0 0 0 0
J N 5 1854 -28 6 1153 288 2 567 566
K 0 14 45
K 0 0 45
K 0 0 43
K -1 0 45
K 2 0 45
A D 1 16 0
A P 1 243 0
J N 5 1880 -21 5 1729 144 1 566
K 0 7 45
K 0 0 43
K 0 7 45
K 1 7 45
A D 1 16 0
A P 1 237 0
H 566 B -48 -2 108 3 2 21 33
J N 6 1906 -14 6 2305 144 2 568 567
K 0 0 45
K 0 0 43
K -1 0 45
K 2 0 45
K 0 -17 96
A D 2 16 0
A P 1 231 0
H 567 S 0 0 0 0 -14 0 0 0 0
J N 6 1942 -7 3 3457 288 1 568
K 0 0 43
K 0 -17 96
A D 2 16 0
A P 1 226 0
J N 6 1978 0 3 4609 288 1 568
K 0 0 43
K 0 -17 96
A D 2 16 0
A P 1 220 0
J N 6 2014 7 3 5761 288 1 568
K 0 0 43
K 0 -17 96
A D 2 16 0
A P 1 214 0
H 568 B -59 1 108 4 2 1 1 3
J B 642 2050 1 82 6913 288 0
E *
@ LINE: 10 Violin II
L 1265 0 0 339 339 * 0 14 0
J D 0 -111 42 1 6913 0 0
W 0 0 31 Vln2
J C 4 5 42 2 6913 0 0
K 0 0 33
K 0 0 34
J K -3 57 0 3 6913 0 0
K 0 28 65
K 13 7 65
K 26 35 65
J D 0 -27 -14 1 6913 0 0
W 0 0 0 \06\03\05
J N 6 139 56 2 1 0 2 567 568
K 0 0 43
A D 2 16 0
A P 1 174 0
J N 6 176 77 5 1153 288 1 568
K 1 -7 45
K 0 0 43
K 0 -7 45
K 1 -7 45
A D 2 16 0
A P 1 157 0
J N 6 234 56 2 2305 288 1 568
K 0 0 43
A D 2 16 0
A P 1 174 0
J N 6 271 77 5 3457 288 1 568
K 1 -7 45
K 0 0 43
K 0 -7 45
K 1 -7 45
A D 2 16 0
A P 1 157 0
J N 6 328 91 6 4609 288 1 568
K 1 -21 45
K 1 -7 45
K 0 0 43
K 0 -7 45
K 1 -7 45
A D 2 16 0
A P 1 146 0
J N 6 364 77 5 5761 288 2 568 567
K 1 -7 45
K 0 0 43
K 0 -7 45
K 1 -7 45
A D 2 16 0
A P 1 157 0
H 568 B 46 0 108 6 2 1 1 1 1 3
H 567 S 12 0 7 0 14 0 0 0 0
J B 636 418 1 82 6913 288 0
J N 6 439 91 6 1 0 2 569 570
K 1 -21 45
K 1 -7 45
K 0 0 43
K 0 -7 45
K 1 -7 45
A D 2 16 0
A P 1 146 0
J N 6 475 77 5 1153 288 1 570
K 1 -7 45
K 0 0 43
K 0 -7 45
K 1 -7 45
A D 2 16 0
A P 1 157 0
J N 6 531 56 2 2305 288 1 570
K 0 0 43
A D 2 16 0
A P 1 174 0
J N 6 567 77 5 3457 288 1 570
K 1 -7 45
K 0 0 43
K 0 -7 45
K 1 -7 45
A D 2 16 0
A P 1 157 0
J N 6 623 91 6 4609 288 1 570
K 1 -21 45
K 1 -7 45
K 0 0 43
K 0 -7 45
K 1 -7 45
A D 2 16 0
A P 1 146 0
J N 6 659 77 5 5761 288 2 570 569
K 1 -7 45
K 0 0 43
K 0 -7 45
K 1 -7 45
A D 2 16 0
A P 1 157 0
H 570 B 81 -2 108 6 2 1 1 1 1 3
H 569 S 12 0 0 0 7 0 0 0 0
J B 637 713 1 82 6913 288 0
J N 6 734 91 6 1 0 2 571 572
K 1 -21 45
K 1 -7 45
K 0 0 43
K 0 -7 45
K 1 -7 45
A D 2 16 0
A P 1 146 0
J N 6 770 77 5 1153 288 1 572
K 1 -7 45
K 0 0 43
K 0 -7 45
K 1 -7 45
A D 2 16 0
A P 1 157 0
J N 6 822 56 2 2305 288 1 572
K 0 0 43
A D 2 16 0
A P 1 174 0
J N 6 858 77 5 3457 288 1 572
K 1 -7 45
K 0 0 43
K 0 -7 45
K 1 -7 45
A D 2 16 0
A P 1 157 0
J N 6 894 91 6 4609 288 1 572
K 1 -21 45
K 1 -7 45
K 0 0 43
K 0 -7 45
K 1 -7 45
A D 2 16 0
A P 1 146 0
J N 6 930 77 5 5761 288 2 572 571
K 1 -7 45
K 0 0 43
K 0 -7 45
K 1 -7 45
A D 2 16 0
A P 1 157 0
H 572 B 81 -2 108 6 2 1 1 1 1 3
H 571 S 12 0 0 0 7 0 0 0 0
J B 638 966 1 82 6913 288 0
J N 6 987 91 6 1 0 2 573 574
K 1 -21 45
K 1 -7 45
K 0 0 43
K 0 -7 45
K 1 -7 45
A D 2 16 0
A P 1 146 0
J N 6 1023 77 5 1153 288 1 574
K 1 -7 45
K 0 0 43
K 0 -7 45
K 1 -7 45
A D 2 16 0
A P 1 157 0
J N 6 1059 56 2 2305 288 1 574
K 0 0 43
A D 2 16 0
A P 1 174 0
J N 6 1095 77 5 3457 288 1 574
K 1 -7 45
K 0 0 43
K 0 -7 45
K 1 -7 45
A D 2 16 0
A P 1 157 0
J N 6 1131 91 6 4609 288 1 574
K 1 -21 45
K 1 -7 45
K 0 0 43
K 0 -7 45
K 1 -7 45
A D 2 16 0
A P 1 146 0
J N 6 1167 77 5 5761 288 2 574 573
K 1 -7 45
K 0 0 43
K 0 -7 45
K 1 -7 45
A D 2 16 0
A P 1 157 0
H 574 B 82 -2 108 6 2 1 1 1 1 3
H 573 S 12 0 0 0 7 0 0 0 0
J B 639 1203 1 82 6913 288 0
J N 6 1228 84 6 1 0 2 575 576
K 1 -14 45
K 1 0 45
K 0 0 43
K -1 0 45
K 2 0 45
A D 2 16 0
A P 1 151 0
J N 6 1264 77 5 1153 288 1 576
K 1 -7 45
K 0 0 43
K 0 -7 45
K 1 -7 45
A D 2 16 0
A P 1 157 0
J N 6 1320 49 2 2305 288 1 576
K 0 0 43
A D 2 16 0
A P 1 180 0
J N 6 1356 77 5 3457 288 1 576
K 1 -7 45
K 0 0 43
K 0 -7 45
K 1 -7 45
A D 2 16 0
A P 1 157 0
J N 6 1412 84 6 4609 288 1 576
K 1 -14 45
K 1 0 45
K 0 0 43
K -1 0 45
K 2 0 45
A D 2 16 0
A P 1 151 0
J N 6 1448 77 5 5761 288 2 576 575
K 1 -7 45
K 0 0 43
K 0 -7 45
K 1 -7 45
A D 2 16 0
A P 1 157 0
H 576 B 84 0 108 6 2 1 1 1 1 3
H 575 S 12 0 0 0 0 0 0 0 0
J B 640 1502 1 82 6913 288 0
J N 6 1523 84 6 1 0 2 577 578
K 1 -14 45
K 1 0 45
K 0 0 43
K -1 0 45
K 2 0 45
A D 2 16 0
A P 1 151 0
J N 6 1559 77 5 1153 288 1 578
K 1 -7 45
K 0 0 43
K 0 -7 45
K 1 -7 45
A D 2 16 0
A P 1 157 0
J N 6 1615 49 2 2305 288 1 578
K 0 0 43
A D 2 16 0
A P 1 180 0
J N 6 1651 77 5 3457 288 1 578
K 1 -7 45
K 0 0 43
K 0 -7 45
K 1 -7 45
A D 2 16 0
A P 1 157 0
J N 6 1707 84 6 4609 288 1 578
K 1 -14 45
K 1 0 45
K 0 0 43
K -1 0 45
K 2 0 45
A D 2 16 0
A P 1 151 0
J N 6 1743 77 5 5761 288 2 578 577
K 1 -7 45
K 0 0 43
K 0 -7 45
K 1 -7 45
A D 2 16 0
A P 1 157 0
H 578 B 84 0 108 6 2 1 1 1 1 3
H 577 S 12 0 0 0 0 0 0 0 0
J B 641 1797 1 82 6913 288 0
J N 6 1818 84 6 1 0 2 579 580
K 1 -14 45
K 1 0 45
K 0 0 43
K -1 0 45
K 2 0 45
A D 2 16 0
A P 1 151 0
J N 6 1854 77 5 1153 288 1 580
K 1 -7 45
K 0 0 43
K 0 -7 45
K 1 -7 45
A D 2 16 0
A P 1 157 0
J N 6 1906 63 2 2305 288 1 580
K 0 0 43
A D 2 16 0
A P 1 169 0
J N 6 1942 77 5 3457 288 1 580
K 1 -7 45
K 0 0 43
K 0 -7 45
K 1 -7 45
A D 2 16 0
A P 1 157 0
J N 6 1978 84 6 4609 288 1 580
K 1 -14 45
K 1 0 45
K 0 0 43
K -1 0 45
K 2 0 45
A D 2 16 0
A P 1 151 0
J N 6 2014 77 5 5761 288 2 580 579
K 1 -7 45
K 0 0 43
K 0 -7 45
K 1 -7 45
A D 2 16 0
A P 1 157 0
H 580 B 70 0 108 6 2 1 1 1 1 3
H 579 S 12 0 0 0 0 0 0 0 0
J B 642 2050 1 82 6913 288 0
E *
@ LINE: 11 Viola
L 1397 0 0 339 339 * 0 14 0
J D 0 -86 42 1 6913 0 0
W 0 0 31 Vla.
J C 13 5 28 35 6913 0 0
J K -3 57 0 3 6913 0 0
K 0 35 65
K 13 14 65
K 26 42 65
J D 0 -27 -14 1 6913 0 0
W 0 0 0 \06\03\05
J N 7 139 14 5 1 0 0
K 0 0 43
K 0 -21 96
K 0 0 60
K 0 21 60
A D 4 16 0
A P 1 174 0
J R 7 234 28 2 2305 576 0
K 0 0 48
A D 4 16 1
A P 1 0 1
J R 7 328 28 2 4609 576 0
K 0 0 48
A D 4 16 0
A P 1 0 0
J B 636 418 1 82 6913 576 0
J R 9 551 28 2 1 0 0
K 0 0 46
A D 12 16 0
A P 1 0 0
J B 637 713 1 82 6913 1728 0
J N 7 734 14 5 1 0 0
K 0 0 43
K 0 -21 96
K 0 0 60
K 0 21 60
A D 4 16 0
A P 1 174 0
J R 7 822 28 2 2305 576 0
K 0 0 48
A D 4 16 1
A P 1 0 1
J R 7 894 28 2 4609 576 0
K 0 0 48
A D 4 16 0
A P 1 0 0
J B 638 966 1 82 6913 576 0
J R 7 987 28 2 1 0 0
K 0 0 48
A D 4 16 0
A P 1 0 0
J N 7 1059 14 5 2305 576 0
K 0 0 43
K 0 -21 96
K 0 0 60
K 0 21 60
A D 4 16 0
A P 1 174 0
J N 7 1131 14 5 4609 576 0
K 0 0 43
K 0 -21 96
K 0 0 60
K 0 21 60
A D 4 16 0
A P 1 174 0
J B 639 1203 1 82 6913 576 0
J N 7 1228 21 5 1 0 0
K 0 0 43
K 0 -14 96
K 0 0 60
K 0 21 60
A D 4 16 0
A P 1 169 0
J R 7 1320 28 2 2305 576 0
K 0 0 48
A D 4 16 1
A P 1 0 1
J R 7 1412 28 2 4609 576 0
K 0 0 48
A D 4 16 0
A P 1 0 0
J B 640 1502 1 82 6913 576 0
J R 9 1635 28 2 1 0 0
K 0 0 46
A D 12 16 0
A P 1 0 0
J B 641 1797 1 82 6913 1728 0
J N 7 1818 35 5 1 0 0
K 0 0 43
K 0 14 96
K 0 0 59
K 0 -21 59
A D 4 16 0
A P 1 157 0
J R 7 1906 28 2 2305 576 0
K 0 0 48
A D 4 16 1
A P 1 0 1
J R 7 1978 28 2 4609 576 0
K 0 0 48
A D 4 16 0
A P 1 0 0
J B 642 2050 1 82 6913 576 0
E *
@ LINE: 12 Cello
L 1532 0 0 339 339 * 0 14 0
J D 0 -83 42 1 6913 0 0
W 0 0 31 Vc.
J C 22 5 14 36 6913 0 0
J K -3 57 0 3 6913 0 0
K 0 42 65
K 13 21 65
K 26 49 65
J D 0 -27 -14 1 6913 0 0
W 0 0 0 \06\03\05
J N 7 139 21 5 1 0 0
K 0 0 43
K 0 -14 96
K 0 0 60
K 0 21 60
A D 12 48 0
A P 1 134 0
J R 7 234 28 2 2305 576 0
K 0 0 48
A D 12 48 1
A P 1 0 1
J R 7 328 28 2 4609 576 0
K 0 0 48
A D 12 48 0
A P 1 0 0
J B 636 418 1 82 6913 576 0
J R 9 551 28 2 1 10000 0
K 0 0 46
A D 36 48 0
A P 1 0 0
J B 637 713 1 82 6913 1728 0
J N 7 734 21 5 1 0 0
K 0 0 43
K 0 -14 96
K 0 0 60
K 0 21 60
A D 12 48 0
A P 1 134 0
J R 7 822 28 2 2305 576 0
K 0 0 48
A D 12 48 1
A P 1 0 1
J R 7 894 28 2 4609 576 0
K 0 0 48
A D 12 48 0
A P 1 0 0
J B 638 966 1 82 6913 576 0
J R 9 1070 28 2 1 10000 0
K 0 0 46
A D 36 48 0
A P 1 0 0
J B 639 1203 1 82 6913 1728 0
J N 7 1228 28 5 1 0 0
K 0 0 43
K 0 -21 96
K 0 0 60
K 0 21 60
A D 12 48 0
A P 1 129 0
J R 7 1320 28 2 2305 576 0
K 0 0 48
A D 12 48 1
A P 1 0 1
J R 7 1412 28 2 4609 576 0
K 0 0 48
A D 12 48 0
A P 1 0 0
J B 640 1502 1 82 6913 576 0
J R 9 1635 28 2 1 10000 0
K 0 0 46
A D 36 48 0
A P 1 0 0
J B 641 1797 1 82 6913 1728 0
J N 7 1818 42 5 1 0 0
K 0 0 43
K 0 21 96
K 0 0 59
K 0 -21 59
A D 12 48 0
A P 1 117 0
J R 7 1906 28 2 2305 576 0
K 0 0 48
A D 12 48 1
A P 1 0 1
J R 7 1978 28 2 4609 576 0
K 0 0 48
A D 12 48 0
A P 1 0 0
J B 642 2050 1 82 6913 576 0
E *
@ LINE: 13 Contrabass
L 1662 0 0 339 339 * 0 14 0
J D 0 -83 42 1 6913 0 0
W 0 0 31 Cb.
J C 22 5 14 36 6913 0 0
J K -3 57 0 3 6913 0 0
K 0 42 65
K 13 21 65
K 26 49 65
J D 0 -27 -14 1 6913 0 0
W 0 0 0 \06\03\05
J N 7 139 21 5 1 0 0
K 0 0 43
K 0 -14 96
K 0 0 60
K 0 21 60
A D 12 48 0
A P 1 134 0
J R 7 234 28 2 2305 576 0
K 0 0 48
A D 12 48 1
A P 1 0 1
J R 7 328 28 2 4609 576 0
K 0 0 48
A D 12 48 0
A P 1 0 0
J B 636 418 1 82 6913 576 0
J R 9 551 28 2 1 10000 0
K 0 0 46
A D 36 48 0
A P 1 0 0
J B 637 713 1 82 6913 1728 0
J N 7 734 21 5 1 0 0
K 0 0 43
K 0 -14 96
K 0 0 60
K 0 21 60
A D 12 48 0
A P 1 134 0
J R 7 822 28 2 2305 576 0
K 0 0 48
A D 12 48 1
A P 1 0 1
J R 7 894 28 2 4609 576 0
K 0 0 48
A D 12 48 0
A P 1 0 0
J B 638 966 1 82 6913 576 0
J R 9 1070 28 2 1 10000 0
K 0 0 46
A D 36 48 0
A P 1 0 0
J B 639 1203 1 82 6913 1728 0
J N 7 1228 28 5 1 0 0
K 0 0 43
K 0 -21 96
K 0 0 60
K 0 21 60
A D 12 48 0
A P 1 129 0
J R 7 1320 28 2 2305 576 0
K 0 0 48
A D 12 48 1
A P 1 0 1
J R 7 1412 28 2 4609 576 0
K 0 0 48
A D 12 48 0
A P 1 0 0
J B 640 1502 1 82 6913 576 0
J R 9 1635 28 2 1 10000 0
K 0 0 46
A D 36 48 0
A P 1 0 0
J B 641 1797 1 82 6913 1728 0
J N 7 1818 42 5 1 0 0
K 0 0 43
K 0 21 96
K 0 0 59
K 0 -21 59
A D 12 48 0
A P 1 117 0
J R 7 1906 28 2 2305 576 0
K 0 0 48
A D 12 48 1
A P 1 0 1
J R 7 1978 28 2 4609 576 0
K 0 0 48
A D 12 48 0
A P 1 0 0
J B 642 2050 1 82 6913 576 0
E *
B 1 418 0
B 1 713 0
B 1 966 0
B 1 1203 0
B 1 1502 0
B 1 1797 0
B 1 2050 0
