S 0 200 140 2050 84 1 "(.)"
L 0 0 0 413 413 * 0 21 0
J C 4 7 63 2 6913 0 0
K 0 0 33
K 0 0 34
J K 3 85 0 3 6913 0 0
K 0 0 63
K 21 31 63
K 42 -11 63
J D 0 -16 -21 1 6913 0 0
W 0 0 37 \06\08
J N 6 214 10 4 1 0 0
K 0 0 43
K 38 0 44
K 0 0 54
A D 36 192 0
A P 1 215 0
J R 5 276 42 3 3457 432 0
K 0 21 49
K 6 0 50
A D 12 192 1
A P 1 0 1
J R 6 319 42 2 4609 144 0
K 0 0 49
A D 24 192 0
A P 1 0 0
J B 69 375 1 82 6913 288 0
J R 5 407 42 3 1 0 0
K 0 21 49
K 6 0 50
A D 12 192 0
A P 1 0 0
J N 5 450 73 2 1153 144 2 135 136
K 0 0 43
A D 12 192 0
A P 1 181 0
J N 5 488 84 2 2305 144 1 136
K 0 0 43
A D 12 192 0
A P 1 175 0
J N 5 526 94 2 3457 144 1 136
K 0 0 43
A D 12 192 0
A P 1 169 0
H 136 B 80 3 112 3 22 11 33
J N 5 564 105 7 4609 144 1 135
K 1 0 45
K 0 0 43
K -1 0 45
K 6 0 45
K 0 26 96
K 0 0 55
A D 12 192 0
A P 1 164 0
H 135 S 12 0 0 0 21 0 0 0 0
J R 5 616 42 3 5761 144 0
K 0 21 49
K 6 0 50
A D 12 192 0
A P 1 0 0
J B 70 663 1 82 6913 144 0
J R 6 695 42 2 1 0 0
K 0 0 49
A D 24 192 1
A P 1 0 1
J R 5 745 42 3 2305 288 0
K 0 21 49
K 6 0 50
A D 12 192 0
A P 1 0 0
J N 5 787 73 2 3457 144 2 137 138
K 0 0 43
A D 12 192 0
A P 1 181 0
J N 5 824 84 2 4609 144 1 138
K 0 0 43
A D 12 192 0
A P 1 175 0
J N 5 861 94 2 5761 144 1 138
K 0 0 43
A D 12 192 0
A P 1 169 0
H 138 B 80 3 112 3 22 11 33
J B 71 903 1 82 6913 144 0
J D 0 941 0 1 1 0 0
W 0 178 36 cresc.
J N 5 935 105 6 1 0 2 139 137
K 1 0 45
K 0 0 43
K -1 0 45
K 6 0 45
K 0 26 96
A D 12 192 0
A P 1 164 0
H 137 S 12 0 0 0 21 0 0 0 0
J N 5 976 73 2 1153 144 2 140 139
K 0 0 43
A D 12 192 0
A P 1 181 0
J N 5 1013 84 2 2305 144 1 139
K 0 0 43
A D 12 192 0
A P 1 175 0
J N 5 1050 94 2 3457 144 1 139
K 0 0 43
A D 12 192 0
A P 1 169 0
J N 5 1087 105 6 4609 144 2 139 140
K 1 0 45
K 0 0 43
K -1 0 45
K 6 0 45
K 0 26 96
A D 12 192 0
A P 1 164 0
H 140 S 12 0 0 0 21 0 0 0 0
J N 5 1128 73 2 5761 144 2 141 139
K 0 0 43
A D 12 192 0
A P 1 181 0
H 139 B 105 -1 112 6 22 11 11 11 11 33
J B 72 1170 1 82 6913 144 0
J N 5 1202 84 2 1 0 1 142
K 0 0 43
A D 12 192 0
A P 1 175 0
J N 5 1239 94 2 1153 144 1 142
K 0 0 43
A D 12 192 0
A P 1 169 0
J N 5 1276 105 6 2305 144 2 142 141
K 1 0 45
K 0 0 43
K -1 0 45
K 6 0 45
K 0 26 96
A D 12 192 0
A P 1 164 0
H 141 S 12 0 0 0 21 0 0 0 0
J N 5 1313 0 3 3457 144 2 143 142
K 0 0 43
K 0 132 110
A D 12 192 0
A P 1 221 0
J N 5 1350 10 2 4609 144 1 142
K 0 0 43
A D 12 192 0
A P 1 215 0
J N 5 1387 21 2 5761 144 2 142 143
K 0 0 43
A D 12 192 0
A P 1 209 0
H 142 B 142 0 112 6 22 11 11 11 11 33
H 143 S 12 0 0 0 0 0 0 0 0
J B 73 1429 1 82 6913 144 0
J N 7 1461 31 7 1 0 0
K 0 0 43
K 38 0 44
K 0 107 110
K 25 107 110
K 0 0 60
K 0 32 60
A D 72 192 0
A P 1 204 0
J B 74 1553 1 82 6913 864 0
J N 7 1585 31 14 1 0 0
K 0 -52 45
K 0 -52 43
K -1 -52 45
K 6 -52 45
K 36 -61 44
K 0 0 43
K 38 0 44
K 0 115 110
K 25 115 110
K 0 -52 60
K 0 -10 60
K 0 0 60
K 0 32 60
A D 72 192 0
A P 1 232 0
A P 1 204 0
J B 75 1677 1 82 6913 864 0
J N 5 1709 42 12 1 0 1 144
K 0 -63 45
K 0 -63 43
K -1 -63 45
K 6 -63 45
K 36 -72 44
K 0 0 43
K 36 -9 44
K 0 -89 96
K 0 128 110
K 0 -63 60
K 0 -21 60
A D 18 192 0
A P 1 232 0
A P 1 198 0
J N 4 1766 42 9 1729 216 1 144
K 0 -63 45
K 0 -63 43
K -1 -63 45
K 6 -63 45
K 0 0 43
K 0 -89 96
K 0 -63 60
K 0 -21 60
A D 6 192 0
A P 1 232 0
A P 1 198 0
J N 6 1806 42 9 2305 72 1 144
K 0 -63 45
K 0 -63 43
K -1 -63 45
K 6 -63 45
K 0 0 43
K 0 -89 96
K 0 -63 60
K 0 -21 60
A D 24 192 0
A P 1 232 0
A P 1 198 0
H 144 B -86 0 112 3 22 531 3
J N 4 1872 -21 7 4609 288 2 145 146
K 0 0 45
K -25 0 63
K 0 0 43
K -1 0 45
K 6 0 45
K 0 142 108
A D 6 192 0
A P 1 233 0
J N 4 1912 -32 5 5185 72 2 146 145
K 0 11 45
K 0 0 43
K 0 11 45
K 2 11 45
A D 6 192 0
A P 1 238 0
H 145 S 0 0 0 0 0 0 0 0 0
J N 4 1974 -21 7 5761 72 1 146
K 0 0 45
K -22 0 64
K 0 0 43
K -1 0 45
K 6 0 45
K 0 -26 96
A D 6 192 0
A P 1 232 0
J N 4 2009 0 3 6337 72 1 146
K 0 0 43
K 0 -26 96
A D 6 192 0
A P 1 221 0
H 146 B -106 1 112 4 222 111 111 333
J B 76 2050 1 82 6913 72 0
E *
B 1 375 0
B 1 663 0
B 1 903 0
B 1 1170 0
B 1 1429 0
B 1 1553 0
B 1 1677 0
B 1 2050 0
S 0 200 455 2050 84 1 "(.)"
L 0 0 0 413 413 * 0 21 0
J C 4 7 63 2 6913 0 0
K 0 0 33
K 0 0 34
J K 3 85 0 3 6913 0 0
K 0 0 63
K 21 31 63
K 42 -11 63
J D 0 -16 -21 1 6913 0 0
W 0 0 37 \07\06
J R 6 214 42 2 1 0 0
K 0 0 49
A D 24 192 1
A P 1 0 1
J R 6 293 42 2 2305 288 0
K 0 0 49
A D 24 192 0
A P 1 0 0
J N 4 372 -21 7 4609 288 2 147 148
K 0 0 45
K -25 0 63
K 0 0 43
K -1 0 45
K 6 0 45
K 0 153 108
A D 6 192 0
A P 1 233 0
J N 4 413 -32 5 5185 72 2 148 147
K 0 11 45
K 0 0 43
K 0 11 45
K 2 11 45
A D 6 192 0
A P 1 238 0
H 147 S 0 0 0 0 0 0 0 0 0
J N 4 451 -11 3 5761 72 1 148
K 0 0 43
K 0 -26 96
A D 6 192 0
A P 1 227 0
J N 4 489 10 3 6337 72 1 148
K 0 0 43
K 0 -26 96
A D 6 192 0
A P 1 215 0
H 148 B -107 5 112 4 222 111 111 333
J B 77 531 1 82 6913 72 0
J N 4 571 -32 6 1 0 2 149 150
K 0 11 45
K -25 0 63
K 0 0 43
K 0 11 45
K 2 11 45
A D 6 192 0
A P 1 239 0
J N 4 612 -42 6 577 72 2 150 149
K 0 21 45
K 0 0 45
K 0 0 43
K -1 0 45
K 6 0 45
A D 6 192 0
A P 1 244 0
H 149 S 0 0 0 0 0 0 0 0 0
J N 4 650 -21 6 1153 72 1 150
K 0 0 45
K 0 0 43
K -1 0 45
K 6 0 45
K 0 -26 96
A D 6 192 0
A P 1 232 0
J N 4 688 0 3 1729 72 1 150
K 0 0 43
K 0 -26 96
A D 6 192 0
A P 1 221 0
H 150 B -97 5 112 4 222 111 111 333
J N 4 754 -21 6 2305 72 2 151 152
K 0 0 45
K -25 0 63
K 0 0 43
K -1 0 45
K 6 0 45
A D 6 192 0
A P 1 233 0
J N 4 817 -32 6 2881 72 2 152 151
K 0 11 45
K -22 0 64
K 0 0 43
K 0 11 45
K 2 11 45
A D 6 192 0
A P 1 238 0
H 151 S 0 0 0 0 0 0 0 0 0
J N 4 855 -11 3 3457 72 1 152
K 0 0 43
K 0 -26 96
A D 6 192 0
A P 1 227 0
J N 4 893 10 3 4033 72 1 152
K 0 0 43
K 0 -26 96
A D 6 192 0
A P 1 215 0
H 152 B -108 4 112 4 222 111 111 333
J N 4 934 -11 2 4609 72 2 153 154
K 0 0 43
A D 6 192 0
A P 1 227 0
J N 4 997 -21 6 5185 72 2 154 153
K 0 0 45
K -22 0 64
K 0 0 43
K -1 0 45
K 6 0 45
A D 6 192 0
A P 1 232 0
H 153 S 0 0 0 0 0 0 0 0 0
J N 4 1035 0 3 5761 72 1 154
K 0 0 43
K 0 -26 96
A D 6 192 0
A P 1 221 0
J N 4 1099 21 4 6337 72 1 154
K -25 0 63
K 0 0 43
K 0 -32 96
A D 6 192 0
A P 1 210 0
H 154 B -114 1 112 4 222 111 111 333
J B 78 1141 1 82 6913 72 0
J D 0 1173 0 1 1 0 0
W 0 147 36 cresc.
J N 4 1173 10 3 1 0 1 155
K 0 0 43
K 0 21 96
A D 6 192 0
A P 1 215 0
J N 4 1211 84 3 577 72 1 155
K 0 0 43
K 0 26 96
A D 6 192 0
A P 1 175 0
J N 4 1252 73 3 1153 72 1 155
K 0 0 43
K 0 26 96
A D 6 192 0
A P 1 181 0
J N 4 1293 63 3 1729 72 1 155
K 0 0 43
K 0 31 96
A D 6 192 0
A P 1 187 0
H 155 B 83 7 112 4 222 111 111 333
J N 4 1334 52 3 2305 72 1 156
K 0 0 43
K 0 -21 96
A D 6 192 0
A P 1 192 0
J N 4 1375 42 3 2881 72 1 156
K 0 0 43
K 0 -32 96
A D 6 192 0
A P 1 198 0
J N 4 1416 31 3 3457 72 1 156
K 0 0 43
K 0 -21 96
A D 6 192 0
A P 1 204 0
J N 4 1481 21 4 4033 72 1 156
K -25 0 63
K 0 0 43
K 0 -32 96
A D 6 192 0
A P 1 210 0
H 156 B -93 -4 112 4 222 111 111 333
J N 4 1521 10 3 4609 72 1 157
K 0 0 43
K 0 -26 96
A D 6 192 0
A P 1 215 0
J N 4 1561 0 3 5185 72 1 157
K 0 0 43
K 0 -26 96
A D 6 192 0
A P 1 221 0
J N 4 1601 -11 3 5761 72 1 157
K 0 0 43
K 0 -26 96
A D 6 192 0
A P 1 227 0
J N 4 1641 -21 6 6337 72 1 157
K 0 0 45
K 0 0 43
K -1 0 45
K 6 0 45
K 0 -26 96
A D 6 192 0
A P 1 232 0
H 157 B -96 -5 112 4 222 111 111 333
J B 79 1682 1 82 6913 72 0
J N 6 1714 -32 9 1 0 0
K 0 11 45
K 0 0 43
K 0 11 45
K 2 11 45
K 0 153 108
K 34 153 108
K 0 0 60
K 0 0 54
A D 24 192 0
A P 1 238 0
J R 6 1792 42 2 2305 288 0
K 0 0 49
A D 24 192 0
A P 1 0 0
J N 4 1870 -21 6 4609 288 2 158 159
K 0 0 45
K -25 0 63
K 0 0 43
K -1 0 45
K 6 0 45
A D 6 192 0
A P 1 233 0
J N 4 1910 -32 5 5185 72 2 159 158
K 0 11 45
K 0 0 43
K 0 11 45
K 2 11 45
A D 6 192 0
A P 1 238 0
H 158 S 0 0 0 0 0 0 0 0 0
J N 4 1972 -21 7 5761 72 1 159
K 0 0 45
K -22 0 64
K 0 0 43
K -1 0 45
K 6 0 45
K 0 -26 96
A D 6 192 0
A P 1 232 0
J N 4 2009 0 3 6337 72 1 159
K 0 0 43
K 0 -26 96
A D 6 192 0
A P 1 221 0
H 159 B -106 1 112 4 222 111 111 333
J B 80 2050 1 82 6913 72 0
E *
B 1 531 0
B 1 1141 0
B 1 1682 0
B 1 2050 0
S 0 200 770 2050 84 1 "(.)"
L 0 0 0 413 413 * 0 21 0
J C 4 7 63 2 6913 0 0
K 0 0 33
K 0 0 34
J K 3 85 0 3 6913 0 0
K 0 0 63
K 21 31 63
K 42 -11 63
J D 0 -16 -21 1 6913 0 0
W 0 0 37 \08\00
J R 6 214 42 2 1 0 0
K 0 0 49
A D 24 192 1
A P 1 0 1
J R 6 282 42 2 2305 288 0
K 0 0 49
A D 24 192 0
A P 1 0 0
J N 4 350 -53 7 4609 288 2 160 161
K 0 32 45
K 0 11 45
K -25 0 63
K 0 0 43
K 0 11 45
K 2 11 45
A D 6 192 0
A P 1 250 0
J N 4 390 -63 7 5185 72 2 161 160
K 0 42 45
K 0 21 45
K 0 0 45
K 0 0 43
K -1 0 45
K 6 0 45
A D 6 192 0
A P 1 255 0
H 160 S 0 0 0 0 0 0 0 0 0
J N 4 425 -32 6 5761 72 1 161
K 0 11 45
K 0 0 43
K 0 11 45
K 2 11 45
K 0 -26 96
A D 6 192 0
A P 1 238 0
J N 4 460 -11 3 6337 72 1 161
K 0 0 43
K 0 -26 96
A D 6 192 0
A P 1 227 0
H 161 B -116 6 112 4 222 111 111 333
J B 81 501 1 82 6913 72 0
J N 4 541 -32 6 1 0 2 162 163
K 0 11 45
K -25 0 63
K 0 0 43
K 0 11 45
K 2 11 45
A D 6 192 0
A P 1 239 0
J N 4 581 -42 6 577 72 2 163 162
K 0 21 45
K 0 0 45
K 0 0 43
K -1 0 45
K 6 0 45
A D 6 192 0
A P 1 244 0
H 162 S 0 0 0 0 0 0 0 0 0
J N 4 616 -21 6 1153 72 1 163
K 0 0 45
K 0 0 43
K -1 0 45
K 6 0 45
K 0 -26 96
A D 6 192 0
A P 1 232 0
J N 4 651 0 3 1729 72 1 163
K 0 0 43
K 0 -26 96
A D 6 192 0
A P 1 221 0
H 163 B -98 5 112 4 222 111 111 333
J N 4 716 -21 6 2305 72 2 164 165
K 0 0 45
K -25 0 63
K 0 0 43
K -1 0 45
K 6 0 45
A D 6 192 0
A P 1 233 0
J N 4 778 -32 6 2881 72 2 165 164
K 0 11 45
K -22 0 64
K 0 0 43
K 0 11 45
K 2 11 45
A D 6 192 0
A P 1 238 0
H 164 S 0 0 0 0 0 0 0 0 0
J N 4 813 -11 3 3457 72 1 165
K 0 0 43
K 0 -26 96
A D 6 192 0
A P 1 227 0
J N 4 848 10 3 4033 72 1 165
K 0 0 43
K 0 -26 96
A D 6 192 0
A P 1 215 0
H 165 B -104 2 112 4 222 111 111 333
J N 4 888 -11 2 4609 72 2 166 167
K 0 0 43
A D 6 192 0
A P 1 227 0
J N 4 950 -21 6 5185 72 2 167 166
K 0 0 45
K -22 0 64
K 0 0 43
K -1 0 45
K 6 0 45
A D 6 192 0
A P 1 232 0
H 166 S 0 0 0 0 0 0 0 0 0
J N 4 985 0 3 5761 72 1 167
K 0 0 43
K 0 -26 96
A D 6 192 0
A P 1 221 0
J N 4 1048 21 4 6337 72 1 167
K -25 0 63
K 0 0 43
K 0 -32 96
A D 6 192 0
A P 1 210 0
H 167 B -96 4 112 4 222 111 111 333
J B 82 1089 1 82 6913 72 0
J N 5 1121 10 3 1 0 1 168
K 0 0 43
K 0 111 108
A D 12 192 0
A P 1 215 0
J N 5 1170 63 9 1153 144 2 169 168
K 1 42 45
K 0 0 43
K 0 52 43
K 0 42 45
K 2 42 45
K 0 78 96
K 0 52 59
K 0 10 59
A D 12 192 0
A P 1 187 0
A P 1 158 0
H 168 B 67 7 112 2 22 33
J N 5 1218 63 9 2305 144 1 170
K 1 42 45
K 0 0 43
K 0 52 43
K 0 42 45
K 2 42 45
K 0 78 96
K 0 52 59
K 0 10 59
A D 12 192 0
A P 1 187 0
A P 1 158 0
J N 5 1266 63 9 3457 144 1 170
K 1 42 45
K 0 0 43
K 0 52 43
K 0 42 45
K 2 42 45
K 0 78 96
K 0 52 59
K 0 10 59
A D 12 192 0
A P 1 187 0
A P 1 158 0
J N 5 1314 63 9 4609 144 1 170
K 1 42 45
K 0 0 43
K 0 52 43
K 0 42 45
K 2 42 45
K 0 78 96
K 0 52 59
K 0 10 59
A D 12 192 0
A P 1 187 0
A P 1 158 0
J N 5 1362 63 9 5761 144 2 170 169
K 1 42 45
K 0 0 43
K 0 52 43
K 0 42 45
K 2 42 45
K 0 78 96
K 0 52 59
K 0 10 59
A D 12 192 0
A P 1 187 0
A P 1 158 0
H 170 B 69 0 112 4 22 11 11 33
H 169 S 12 0 73 0 73 0 0 0 0
J B 83 1410 1 82 6913 144 0
J N 5 1442 63 9 1 0 2 171 172
K 1 42 45
K 0 0 43
K 0 52 43
K 0 42 45
K 2 42 45
K 0 78 96
K 0 52 59
K 0 10 59
A D 12 192 0
A P 1 187 0
A P 1 158 0
J N 5 1490 63 9 1153 144 1 172
K 1 42 45
K 0 0 43
K 0 52 43
K 0 42 45
K 2 42 45
K 0 78 96
K 0 52 59
K 0 10 59
A D 12 192 0
A P 1 187 0
A P 1 158 0
J N 5 1538 63 9 2305 144 1 172
K 1 42 45
K 0 0 43
K 0 52 43
K 0 42 45
K 2 42 45
K 0 78 96
K 0 52 59
K 0 10 59
A D 12 192 0
A P 1 187 0
A P 1 158 0
J N 5 1586 63 9 3457 144 1 172
K 1 42 45
K 0 0 43
K 0 52 43
K 0 42 45
K 2 42 45
K 0 78 96
K 0 52 59
K 0 10 59
A D 12 192 0
A P 1 187 0
A P 1 158 0
J N 5 1634 63 9 4609 144 1 172
K 1 42 45
K 0 0 43
K 0 52 43
K 0 42 45
K 2 42 45
K 0 78 96
K 0 52 59
K 0 10 59
A D 12 192 0
A P 1 187 0
A P 1 158 0
J N 5 1682 63 9 5761 144 2 172 171
K 1 42 45
K 0 0 43
K 0 52 43
K 0 42 45
K 2 42 45
K 0 78 96
K 0 52 59
K 0 10 59
A D 12 192 0
A P 1 187 0
A P 1 158 0
H 172 B 69 0 112 6 22 11 11 11 11 33
H 171 S 12 0 73 0 73 0 0 0 -5
J B 84 1730 1 82 6913 144 0
J N 5 1762 73 8 1 0 2 173 174
K 1 32 45
K 0 0 43
K 0 32 43
K -1 32 45
K 6 32 45
K 0 58 96
K 0 32 59
A D 12 192 0
A P 1 181 0
A P 1 164 0
J N 5 1810 73 8 1153 144 1 174
K 1 32 45
K 0 0 43
K 0 32 43
K -1 32 45
K 6 32 45
K 0 58 96
K 0 32 59
A D 12 192 0
A P 1 181 0
A P 1 164 0
J N 5 1858 73 8 2305 144 1 174
K 1 32 45
K 0 0 43
K 0 32 43
K -1 32 45
K 6 32 45
K 0 58 96
K 0 32 59
A D 12 192 0
A P 1 181 0
A P 1 164 0
J N 5 1906 73 8 3457 144 1 174
K 1 32 45
K 0 0 43
K 0 32 43
K -1 32 45
K 6 32 45
K 0 58 96
K 0 32 59
A D 12 192 0
A P 1 181 0
A P 1 164 0
J N 5 1954 73 8 4609 144 1 174
K 1 32 45
K 0 0 43
K 0 32 43
K -1 32 45
K 6 32 45
K 0 58 96
K 0 32 59
A D 12 192 0
A P 1 181 0
A P 1 164 0
J N 5 2002 73 8 5761 144 2 174 173
K 1 32 45
K 0 0 43
K 0 32 43
K -1 32 45
K 6 32 45
K 0 58 96
K 0 32 59
A D 12 192 0
A P 1 181 0
A P 1 164 0
H 174 B 75 0 112 6 22 11 11 11 11 33
H 173 S 12 0 53 0 53 0 0 0 0
J B 85 2050 1 82 6913 144 0
E *
B 1 501 0
B 1 1089 0
B 1 1410 0
B 1 1730 0
B 1 2050 0
S 0 200 1085 2050 84 1 "(.)"
L 0 0 0 413 413 * 0 21 0
J C 4 7 63 2 6913 0 0
K 0 0 33
K 0 0 34
J K 3 85 0 3 6913 0 0
K 0 0 63
K 21 31 63
K 42 -11 63
J D 0 -16 -21 1 6913 0 0
W 0 0 37 \08\05
J N 5 214 73 7 1 0 1 175
K 1 32 45
K 0 0 43
K 0 42 43
K 0 32 45
K 2 32 45
K 0 42 59
A D 12 192 0
A P 1 181 0
A P 1 158 0
J N 5 264 73 7 1153 144 1 175
K 1 32 45
K 0 0 43
K 0 42 43
K 0 32 45
K 2 32 45
K 0 42 59
A D 12 192 0
A P 1 181 0
A P 1 158 0
J N 5 314 52 8 2305 144 1 175
K 1 53 45
K 0 0 43
K 0 63 43
K 0 53 45
K 2 53 45
K 0 63 59
K 0 21 59
A D 12 192 0
A P 1 192 0
A P 1 158 0
J N 5 364 52 8 3457 144 1 175
K 1 53 45
K 0 0 43
K 0 63 43
K 0 53 45
K 2 53 45
K 0 63 59
K 0 21 59
A D 12 192 0
A P 1 192 0
A P 1 158 0
J N 5 414 52 8 4609 144 1 175
K 1 53 45
K 0 0 43
K 0 63 43
K 0 53 45
K 2 53 45
K 0 63 59
K 0 21 59
A D 12 192 0
A P 1 192 0
A P 1 158 0
J N 5 464 52 8 5761 144 1 175
K 1 53 45
K 0 0 43
K 0 63 43
K 0 53 45
K 2 53 45
K 0 63 59
K 0 21 59
A D 12 192 0
A P 1 192 0
A P 1 158 0
H 175 B 96 0 112 6 22 11 11 11 11 33
J B 86 515 1 82 6913 144 0
J N 5 547 63 8 1 0 1 176
K 1 42 45
K 0 0 43
K 0 52 43
K 0 42 45
K 2 42 45
K 0 52 59
K 0 10 59
A D 12 192 0
A P 1 187 0
A P 1 158 0
J N 5 597 63 8 1153 144 1 176
K 1 42 45
K 0 0 43
K 0 52 43
K 0 42 45
K 2 42 45
K 0 52 59
K 0 10 59
A D 12 192 0
A P 1 187 0
A P 1 158 0
J N 5 647 63 8 2305 144 1 176
K 1 42 45
K 0 0 43
K 0 52 43
K 0 42 45
K 2 42 45
K 0 52 59
K 0 10 59
A D 12 192 0
A P 1 187 0
A P 1 158 0
H 176 B 69 0 112 3 22 11 33
J N 5 697 -32 7 3457 144 1 177
K 0 11 45
K 0 0 43
K 0 11 45
K 2 11 45
K 0 0 60
K 0 0 56
A D 12 192 0
A P 1 238 0
J N 4 747 -42 6 4609 144 1 178
K 0 21 45
K 0 0 45
K 0 0 43
K -1 0 45
K 6 0 45
A D 6 192 0
A P 1 244 0
J N 4 782 -32 5 5185 72 1 178
K 0 11 45
K 0 0 43
K 0 11 45
K 2 11 45
A D 6 192 0
A P 1 238 0
J N 4 847 -21 6 5761 72 1 178
K 0 0 45
K -25 0 63
K 0 0 43
K -1 0 45
K 6 0 45
A D 6 192 0
A P 1 233 0
J N 4 887 -32 5 6337 72 2 178 177
K 0 11 45
K 0 0 43
K 0 11 45
K 2 11 45
A D 6 192 0
A P 1 238 0
H 178 B -105 1 112 4 222 111 111 333
H 177 S 0 0 0 0 0 0 0 0 0
J B 87 928 1 82 6913 72 0
J N 5 960 -11 3 1 0 1 179
K 0 0 43
K 0 -26 96
A D 12 192 0
A P 1 227 0
J N 5 1007 10 3 1153 144 1 179
K 0 0 43
K 0 -26 96
A D 12 192 0
A P 1 215 0
J N 5 1054 42 3 2305 144 1 179
K 0 0 43
K 0 -32 96
A D 12 192 0
A P 1 198 0
J N 5 1104 -32 5 3457 144 2 180 179
K 0 11 45
K 0 0 43
K 0 11 45
K 2 11 45
A D 12 192 0
A P 1 238 0
H 179 B -121 0 112 4 22 11 11 33
J N 4 1154 -42 6 4609 144 1 181
K 0 21 45
K 0 0 45
K 0 0 43
K -1 0 45
K 6 0 45
A D 6 192 0
A P 1 244 0
J N 4 1189 -32 5 5185 72 1 181
K 0 11 45
K 0 0 43
K 0 11 45
K 2 11 45
A D 6 192 0
A P 1 238 0
J N 4 1254 -21 6 5761 72 1 181
K 0 0 45
K -25 0 63
K 0 0 43
K -1 0 45
K 6 0 45
A D 6 192 0
A P 1 233 0
J N 4 1294 -32 5 6337 72 2 181 180
K 0 11 45
K 0 0 43
K 0 11 45
K 2 11 45
A D 6 192 0
A P 1 238 0
H 181 B -105 1 112 4 222 111 111 333
H 180 S 0 0 0 0 0 0 0 0 0
J B 88 1335 1 82 6913 72 0
J N 5 1367 -42 7 1 0 1 182
K 0 21 45
K 0 0 45
K 0 0 43
K -1 0 45
K 6 0 45
K 0 -26 96
A D 12 192 0
A P 1 244 0
J N 5 1430 -21 7 1153 144 1 182
K 0 0 45
K -22 0 64
K 0 0 43
K -1 0 45
K 6 0 45
K 0 -26 96
A D 12 192 0
A P 1 232 0
J N 5 1476 0 3 2305 144 1 182
K 0 0 43
K 0 -26 96
A D 12 192 0
A P 1 221 0
J N 5 1525 -21 5 3457 144 2 183 182
K 0 0 45
K 0 0 43
K -1 0 45
K 6 0 45
A D 12 192 0
A P 1 232 0
H 182 B -106 1 112 4 22 11 11 33
J N 4 1574 -32 5 4609 144 1 184
K 0 11 45
K 0 0 43
K 0 11 45
K 2 11 45
A D 6 192 0
A P 1 238 0
J N 4 1609 -21 5 5185 72 1 184
K 0 0 45
K 0 0 43
K -1 0 45
K 6 0 45
A D 6 192 0
A P 1 232 0
J N 4 1644 -11 2 5761 72 1 184
K 0 0 43
A D 6 192 0
A P 1 227 0
J N 4 1684 -21 5 6337 72 2 184 183
K 0 0 45
K 0 0 43
K -1 0 45
K 6 0 45
A D 6 192 0
A P 1 232 0
H 184 B -95 1 112 4 222 111 111 333
H 183 S 0 0 0 0 0 0 0 0 0
J B 89 1725 1 82 6913 72 0
J N 5 1757 0 3 1 0 1 185
K 0 0 43
K 0 -26 96
A D 12 192 0
A P 1 221 0
J N 5 1806 -21 6 1153 144 1 185
K 0 0 45
K 0 0 43
K -1 0 45
K 6 0 45
K 0 -26 96
A D 12 192 0
A P 1 232 0
J N 5 1856 21 4 2305 144 1 185
K -25 0 63
K 0 0 43
K 0 -32 96
A D 12 192 0
A P 1 210 0
J N 5 1905 0 3 3457 144 1 185
K 0 0 43
K 0 -26 96
A D 12 192 0
A P 1 221 0
J N 5 1951 42 3 4609 144 1 185
K 0 0 43
K 0 -32 96
A D 12 192 0
A P 1 198 0
J N 5 2000 -32 6 5761 144 1 185
K 0 11 45
K 0 0 43
K 0 11 45
K 2 11 45
K 0 -26 96
A D 12 192 0
A P 1 238 0
H 185 B -110 0 112 6 22 11 11 11 11 33
J B 90 2050 1 82 6913 144 0
E *
B 1 515 0
B 1 928 0
B 1 1335 0
B 1 1725 0
B 1 2050 0
S 0 200 1400 2050 84 1 "(.)"
L 0 0 0 413 413 * 0 21 0
J C 4 7 63 2 6913 0 0
K 0 0 33
K 0 0 34
J K 3 85 0 3 6913 0 0
K 0 0 63
K 21 31 63
K 42 -11 63
J D 0 -16 -21 1 6913 0 0
W 0 0 37 \09\00
J N 6 214 -32 7 1 0 0
K 0 11 45
K 0 0 43
K 0 11 45
K 2 11 45
K 0 0 60
K 0 0 54
A D 24 192 0
A P 1 238 0
J R 6 261 42 2 2305 288 0
K 0 0 49
A D 24 192 1
A P 1 0 1
J R 6 308 42 2 4609 288 0
K 0 0 49
A D 24 192 0
A P 1 0 0
J B 91 361 1 82 6913 288 0
J N 5 393 0 2 1 0 2 186 187
K 0 0 43
A D 12 192 0
A P 1 221 0
J N 5 434 -21 5 1153 144 2 187 186
K 0 0 45
K 0 0 43
K -1 0 45
K 6 0 45
A D 12 192 0
A P 1 232 0
H 187 B -71 -6 112 2 22 33
H 186 S 0 0 0 0 0 0 0 0 0
J N 5 476 21 3 2305 144 2 188 189
K -25 0 63
K 0 0 43
A D 12 192 0
A P 1 210 0
J N 5 517 0 2 3457 144 2 189 188
K 0 0 43
A D 12 192 0
A P 1 221 0
H 189 B -71 -6 112 2 22 33
H 188 S 0 0 0 0 0 0 0 0 0
J N 5 552 42 2 4609 144 2 190 191
K 0 0 43
A D 12 192 0
A P 1 198 0
J N 5 592 -32 5 5761 144 2 191 190
K 0 11 45
K 0 0 43
K 0 11 45
K 2 11 45
A D 12 192 0
A P 1 238 0
H 191 B -71 -6 112 2 22 33
H 190 S 0 0 0 0 0 0 0 0 0
J B 92 633 1 82 6913 144 0
J N 6 665 -32 7 1 0 0
K 0 11 45
K 0 0 43
K 0 11 45
K 2 11 45
K 0 0 60
K 0 0 54
A D 24 192 0
A P 1 238 0
J R 6 711 42 2 2305 288 0
K 0 0 49
A D 24 192 1
A P 1 0 1
J R 6 757 42 2 4609 288 0
K 0 0 49
A D 24 192 0
A P 1 0 0
J B 93 809 1 82 6913 288 0
J D 0 841 0 1 1 0 0
W 0 138 36 cresc.
J N 5 841 0 2 1 0 3 192 193 194
K 0 0 43
A D 8 192 0
A P 1 221 0
J N 5 881 -21 5 769 96 2 194 192
K 0 0 45
K 0 0 43
K -1 0 45
K 6 0 45
A D 8 192 0
A P 1 232 0
H 192 S 0 0 0 0 0 0 0 0 0
J N 5 921 -21 6 1537 96 2 194 193
K 0 0 45
K 0 0 43
K -1 0 45
K 6 0 45
K 0 -26 96
A D 8 192 0
A P 1 232 0
H 193 X 9 3 0 -21 0 -21 194
H 194 B -71 -3 112 3 22 11 33
J N 5 962 21 3 2305 96 3 195 196 197
K -25 0 63
K 0 0 43
A D 8 192 0
A P 1 210 0
J N 5 1002 0 2 3073 96 2 197 195
K 0 0 43
A D 8 192 0
A P 1 221 0
H 195 S 0 0 0 0 0 0 0 0 0
J N 5 1042 0 3 3841 96 2 197 196
K 0 0 43
K 0 -26 96
A D 8 192 0
A P 1 221 0
H 196 X 9 3 0 -21 0 -21 197
H 197 B -71 -3 112 3 22 11 33
J N 5 1077 42 2 4609 96 3 198 199 200
K 0 0 43
A D 8 192 0
A P 1 198 0
J N 5 1117 -32 5 5377 96 2 200 198
K 0 11 45
K 0 0 43
K 0 11 45
K 2 11 45
A D 8 192 0
A P 1 238 0
H 198 S 0 0 0 0 0 0 0 0 0
J N 5 1157 -32 6 6145 96 2 200 199
K 0 11 45
K 0 0 43
K 0 11 45
K 2 11 45
K 0 -26 96
A D 8 192 0
A P 1 238 0
H 199 X 9 3 0 -21 0 -21 200
H 200 B -69 -10 112 3 22 11 33
J B 94 1198 1 82 6913 96 0
J N 5 1230 42 10 1 0 1 201
K 0 -63 45
K 0 -74 43
K 0 -63 45
K 2 -63 45
K 0 0 43
K 0 -100 96
K -10 109 110
K 0 -74 60
K 0 -32 60
A D 12 192 0
A P 1 238 0
A P 1 198 0
J N 6 1270 42 10 1153 144 1 201
K 0 -63 45
K 0 -74 43
K 0 -63 45
K 2 -63 45
K 0 0 43
K -10 105 111
K 8 105 110
K 0 -74 60
K 0 -32 60
A D 24 192 0
A P 1 238 0
A P 1 198 0
H 201 B -68 0 112 2 42 3
J N 5 1316 42 9 3457 288 1 202
K 0 -63 45
K 0 -74 43
K 0 -63 45
K 2 -63 45
K 0 0 43
K 0 -100 96
K 0 -74 60
K 0 -32 60
A D 12 192 0
A P 1 238 0
A P 1 198 0
J N 5 1356 42 9 4609 144 1 202
K 0 -63 45
K 0 -74 43
K 0 -63 45
K 2 -63 45
K 0 0 43
K 0 -100 96
K 0 -74 60
K 0 -32 60
A D 12 192 0
A P 1 238 0
A P 1 198 0
J N 5 1396 42 9 5761 144 1 202
K 0 -63 45
K 0 -74 43
K 0 -63 45
K 2 -63 45
K 0 0 43
K 0 -100 96
K 0 -74 60
K 0 -32 60
A D 12 192 0
A P 1 238 0
A P 1 198 0
H 202 B -68 0 112 3 22 11 33
J B 95 1437 1 82 6913 144 0
J N 5 1469 42 9 1 0 1 203
K 0 -63 45
K 0 -74 43
K 0 -63 45
K 2 -63 45
K 0 0 43
K 0 -100 96
K 0 -74 60
K 0 -32 60
A D 12 192 0
A P 1 238 0
A P 1 198 0
J N 6 1509 42 10 1153 144 1 203
K 0 -63 45
K 0 -74 43
K 0 -63 45
K 2 -63 45
K 0 0 43
K -10 105 111
K 8 105 110
K 0 -74 60
K 0 -32 60
A D 24 192 0
A P 1 238 0
A P 1 198 0
H 203 B -68 0 112 2 42 3
J N 5 1555 42 9 3457 288 1 204
K 0 -63 45
K 0 -74 43
K 0 -63 45
K 2 -63 45
K 0 0 43
K 0 -100 96
K 0 -74 60
K 0 -32 60
A D 12 192 0
A P 1 238 0
A P 1 198 0
J N 5 1595 42 9 4609 144 1 204
K 0 -63 45
K 0 -74 43
K 0 -63 45
K 2 -63 45
K 0 0 43
K 0 -100 96
K 0 -74 60
K 0 -32 60
A D 12 192 0
A P 1 238 0
A P 1 198 0
J N 5 1635 42 9 5761 144 1 204
K 0 -63 45
K 0 -74 43
K 0 -63 45
K 2 -63 45
K 0 0 43
K 0 -100 96
K 0 -74 60
K 0 -32 60
A D 12 192 0
A P 1 238 0
A P 1 198 0
H 204 B -68 0 112 3 22 11 33
J B 96 1676 1 82 6913 144 0
J N 6 1708 42 11 1 0 1 205
K 0 -63 45
K 0 -74 43
K 0 -63 45
K 2 -63 45
K 0 0 43
K 0 109 110
K 30 109 108
K 0 -74 60
K 0 -32 60
K 0 0 54
A D 24 192 2
A P 1 238 1
A P 1 198 0
J N 4 1754 -32 5 2305 288 2 206 205
K 0 11 45
K 0 0 43
K 0 11 45
K 2 11 45
A D 6 192 0
A P 1 238 0
H 205 T -32 0 0 0 0 0 1 0
J N 4 1794 -32 5 2881 72 2 207 206
K 0 11 45
K 0 0 43
K 0 11 45
K 2 11 45
A D 6 192 0
A P 1 238 0
J N 4 1829 -11 2 3457 72 1 206
K 0 0 43
A D 6 192 0
A P 1 227 0
J N 4 1864 10 2 4033 72 1 206
K 0 0 43
A D 6 192 0
A P 1 215 0
H 206 B -115 7 112 4 222 111 111 333
J N 4 1899 42 2 4609 72 1 208
K 0 0 43
A D 6 192 0
A P 1 198 0
J N 4 1939 -11 2 5185 72 1 208
K 0 0 43
A D 6 192 0
A P 1 227 0
J N 4 1974 10 2 5761 72 1 208
K 0 0 43
A D 6 192 0
A P 1 215 0
J N 4 2009 42 2 6337 72 2 208 207
K 0 0 43
A D 6 192 0
A P 1 198 0
H 208 B -86 0 112 4 222 111 111 333
H 207 S 0 0 0 0 -11 1 0 0 0
J B 97 2050 1 82 6913 72 0
E *
B 1 361 0
B 1 633 0
B 1 809 0
B 1 1198 0
B 1 1437 0
B 1 1676 0
B 1 2050 0
S 0 200 1715 2050 84 1 "(.)"
L 0 0 0 413 413 * 0 21 0
J C 4 7 63 2 6913 0 0
K 0 0 33
K 0 0 34
J K 3 85 0 3 6913 0 0
K 0 0 63
K 21 31 63
K 42 -11 63
J D 0 -16 -21 1 6913 0 0
W 0 0 37 \09\07
J N 6 214 63 3 1 0 1 209
K 0 0 43
K 0 0 53
A D 24 192 1
A P 1 187 1
J D 0 248 0 1 2305 288 0
W 0 184 36 decresc.
J N 4 290 63 2 2305 0 2 210 209
K 0 0 43
A D 6 192 0
A P 1 187 0
H 209 T 63 0 0 0 0 0 7 0
J N 4 330 -11 2 2881 72 2 211 210
K 0 0 43
A D 6 192 0
A P 1 227 0
J N 4 365 10 2 3457 72 1 210
K 0 0 43
A D 6 192 0
A P 1 215 0
J N 4 400 42 2 4033 72 1 210
K 0 0 43
A D 6 192 0
A P 1 198 0
H 210 B -83 -2 112 4 222 111 111 333
J N 4 435 63 2 4609 72 1 212
K 0 0 43
A D 6 192 0
A P 1 187 0
J N 4 475 10 2 5185 72 1 212
K 0 0 43
A D 6 192 0
A P 1 215 0
J N 4 510 42 2 5761 72 1 212
K 0 0 43
A D 6 192 0
A P 1 198 0
J N 4 545 63 2 6337 72 2 212 211
K 0 0 43
A D 6 192 0
A P 1 187 0
H 212 B -84 0 112 4 222 111 111 333
H 211 S 0 0 0 0 -11 1 0 0 0
J B 98 586 1 82 6913 72 0
J N 6 618 84 5 1 0 1 213
K 0 0 43
K 0 65 108
K 34 65 108
K 0 0 53
A D 24 192 1
A P 1 175 1
J N 5 696 84 3 2305 288 3 214 215 213
K 0 0 43
K 36 -9 44
A D 18 192 0
A P 1 175 0
H 213 T 84 0 0 0 0 0 13 0
J N 4 777 94 3 4033 216 1 215
K -25 0 63
K 0 0 43
A D 6 192 0
A P 1 170 0
H 215 B 88 2 112 2 22 533
J N 4 817 84 2 4609 72 1 216
K 0 0 43
A D 6 192 0
A P 1 175 0
J N 4 852 94 2 5185 72 1 216
K 0 0 43
A D 6 192 0
A P 1 170 0
J N 4 892 84 2 5761 72 1 216
K 0 0 43
A D 6 192 0
A P 1 175 0
J N 4 927 94 2 6337 72 2 216 214
K 0 0 43
A D 6 192 0
A P 1 170 0
H 216 B 86 0 112 4 222 111 111 333
H 214 S 12 0 0 0 0 0 0 0 0
J B 99 968 1 82 6913 72 0
J N 6 1000 84 3 1 0 1 217
K 0 0 43
K 0 26 96
A D 24 192 0
A P 1 175 0
J N 6 1072 84 3 2305 288 1 217
K 0 0 43
K 0 26 96
A D 24 192 0
A P 1 175 0
J N 6 1144 84 3 4609 288 1 217
K 0 0 43
K 0 26 96
A D 24 192 0
A P 1 175 0
H 217 B 69 0 112 3 2 1 3
J B 100 1219 1 82 6913 288 0
J D 0 1251 0 1 1 0 0
W 0 163 36 cresc.
J N 6 1251 84 2 1 0 2 218 219
K 0 0 43
A D 24 192 0
A P 1 175 0
J N 6 1323 52 2 2305 288 1 219
K 0 0 43
A D 24 192 0
A P 1 192 0
J N 6 1395 42 2 4609 288 2 219 218
K 0 0 43
A D 24 192 0
A P 1 198 0
H 219 B 90 -4 112 3 2 1 3
H 218 S 12 0 0 0 0 0 0 0 0
J B 101 1470 1 82 6913 288 0
J N 4 1508 31 5 1 0 1 220
K -22 0 64
K 0 0 43
K 0 -21 96
K 0 128 108
A D 6 192 0
A P 1 203 0
J N 4 1548 10 3 577 72 1 220
K 0 0 43
K 0 -26 96
A D 6 192 0
A P 1 215 0
J N 4 1583 21 3 1153 72 1 220
K 0 0 43
K 0 -32 96
A D 6 192 0
A P 1 209 0
J N 4 1618 31 3 1729 72 1 220
K 0 0 43
K 0 -21 96
A D 6 192 0
A P 1 203 0
H 220 B -97 0 112 4 222 111 111 333
J N 4 1653 42 3 2305 72 1 221
K 0 0 43
K 0 31 96
A D 6 192 0
A P 1 198 0
J N 4 1688 52 3 2881 72 1 221
K 0 0 43
K 0 21 96
A D 6 192 0
A P 1 192 0
J N 4 1753 63 4 3457 72 1 221
K -25 0 63
K 0 0 43
K 0 31 96
A D 6 192 0
A P 1 187 0
J N 4 1815 73 4 4033 72 1 221
K -22 0 64
K 0 0 43
K 0 26 96
A D 6 192 0
A P 1 180 0
H 221 B 87 1 112 4 222 111 111 333
J N 4 1850 84 3 4609 72 1 222
K 0 0 43
K 0 26 96
A D 6 192 0
A P 1 175 0
J N 4 1912 94 4 5185 72 1 222
K -22 0 64
K 0 0 43
K 0 26 96
A D 6 192 0
A P 1 169 0
J N 4 1974 105 7 5761 72 1 222
K 1 0 45
K -22 0 64
K 0 0 43
K -1 0 45
K 6 0 45
K 0 26 96
A D 6 192 0
A P 1 163 0
J N 4 2009 115 6 6337 72 1 222
K 1 -10 45
K 0 0 43
K 0 -10 45
K 2 -10 45
K 0 26 96
A D 6 192 0
A P 1 158 0
H 222 B 89 1 112 4 222 111 111 333
J B 102 2050 1 82 6913 72 0
E *
B 1 586 0
B 1 968 0
B 1 1219 0
B 1 1470 0
B 1 2050 0
S 0 200 2030 2050 84 1 "(.)"
L 0 0 0 413 413 * 0 21 0
J C 4 7 63 2 6913 0 0
K 0 0 33
K 0 0 34
J K 3 85 0 3 6913 0 0
K 0 0 63
K 21 31 63
K 42 -11 63
J D 0 -39 -21 1 6913 0 0
W 0 0 37 \01\00\02
J N 6 214 126 8 1 0 0
K 1 -21 45
K 1 0 45
K 0 0 43
K -1 0 45
K 6 0 45
K 0 0 59
K 0 -11 53
A D 24 192 0
A P 1 152 0
J R 6 277 42 2 2305 288 0
K 0 0 49
A D 24 192 1
A P 1 0 1
J R 6 340 42 2 4609 288 0
K 0 0 49
A D 24 192 0
A P 1 0 0
J B 103 403 1 82 6913 288 0
J R 4 435 42 4 1 0 0
K 0 21 49
K 6 0 50
K 12 -21 50
A D 6 192 0
A P 1 0 0
J N 4 482 84 3 577 72 1 223
K 0 0 43
K 0 26 96
A D 6 192 0
A P 1 175 0
J N 4 547 73 4 1153 72 1 223
K -25 0 63
K 0 0 43
K 0 26 96
A D 6 192 0
A P 1 181 0
J N 4 587 63 3 1729 72 1 223
K 0 0 43
K 0 31 96
A D 6 192 0
A P 1 187 0
H 223 B 105 -2 112 3 222 111 333
J N 4 627 52 3 2305 72 1 224
K 0 0 43
K 0 -21 96
A D 6 192 0
A P 1 192 0
J N 4 667 42 3 2881 72 1 224
K 0 0 43
K 0 -32 96
A D 6 192 0
A P 1 198 0
J N 4 732 31 4 3457 72 1 224
K -25 0 63
K 0 0 43
K 0 -21 96
A D 6 192 0
A P 1 204 0
J N 4 797 21 4 4033 72 1 224
K -25 0 63
K 0 0 43
K 0 -32 96
A D 6 192 0
A P 1 210 0
H 224 B -92 -3 112 4 222 111 111 333
J N 4 837 10 2 4609 72 2 225 226
K 0 0 43
A D 6 192 0
A P 1 215 0
J N 4 872 21 2 5185 72 1 226
K 0 0 43
A D 6 192 0
A P 1 210 0
J N 4 912 10 2 5761 72 1 226
K 0 0 43
A D 6 192 0
A P 1 215 0
J N 4 947 21 2 6337 72 2 226 225
K 0 0 43
A D 6 192 0
A P 1 210 0
H 226 B -93 1 112 4 222 111 111 333
H 225 S 0 0 0 0 0 0 0 0 0
J B 104 988 1 82 6913 72 0
J N 6 1020 10 3 1 0 0
K 0 0 43
K 0 0 54
A D 24 192 0
A P 1 215 0
J R 6 1083 42 2 2305 288 0
K 0 0 49
A D 24 192 1
A P 1 0 1
J R 6 1145 42 2 4609 288 0
K 0 0 49
A D 24 192 0
A P 1 0 0
J B 105 1207 1 82 6913 288 0
J N 4 1239 10 3 1 0 1 227
K 0 0 43
K 0 -26 96
A D 6 192 0
A P 1 215 0
J N 4 1301 -11 4 577 72 1 227
K -22 0 64
K 0 0 43
K 0 -26 96
A D 6 192 0
A P 1 226 0
J N 4 1363 0 4 1153 72 1 227
K -22 0 64
K 0 0 43
K 0 -26 96
A D 6 192 0
A P 1 220 0
J N 4 1398 10 3 1729 72 1 227
K 0 0 43
K 0 -26 96
A D 6 192 0
A P 1 215 0
H 227 B -97 0 112 4 222 111 111 333
J N 4 1460 21 4 2305 72 1 228
K -22 0 64
K 0 0 43
K 0 -32 96
A D 6 192 0
A P 1 209 0
J N 4 1522 31 4 2881 72 1 228
K -22 0 64
K 0 0 43
K 0 -21 96
A D 6 192 0
A P 1 203 0
J N 4 1557 42 3 3457 72 1 228
K 0 0 43
K 0 -32 96
A D 6 192 0
A P 1 198 0
J N 4 1592 52 3 4033 72 1 228
K 0 0 43
K 0 -21 96
A D 6 192 0
A P 1 192 0
H 228 B -106 4 112 4 222 111 111 333
J N 4 1654 63 4 4609 72 1 229
K -22 0 64
K 0 0 43
K 0 31 96
A D 6 192 0
A P 1 186 0
J N 4 1716 73 4 5185 72 1 229
K -22 0 64
K 0 0 43
K 0 26 96
A D 6 192 0
A P 1 180 0
J N 4 1751 84 3 5761 72 1 229
K 0 0 43
K 0 26 96
A D 6 192 0
A P 1 175 0
J N 4 1786 94 3 6337 72 1 229
K 0 0 43
K 0 26 96
A D 6 192 0
A P 1 169 0
H 229 B 91 2 112 4 222 111 111 333
J B 106 1827 1 82 6913 72 0
J N 6 1864 105 7 1 0 0
K 1 0 45
K -22 0 64
K 0 0 43
K -1 0 45
K 6 0 45
K 0 0 53
A D 24 192 0
A P 1 163 0
J R 6 1926 42 2 2305 288 0
K 0 0 49
A D 24 192 1
A P 1 0 1
J R 6 1988 42 2 4609 288 0
K 0 0 49
A D 24 192 0
A P 1 0 0
J B 107 2050 1 82 6913 288 0
E *
B 1 403 0
B 1 988 0
B 1 1207 0
B 1 1827 0
B 1 2050 0
S 0 200 2345 2050 84 1 "(.)"
L 0 0 0 413 413 * 0 21 0
J C 4 7 63 2 6913 0 0
K 0 0 33
K 0 0 34
J K 3 85 0 3 6913 0 0
K 0 0 63
K 21 31 63
K 42 -11 63
J D 0 -39 -21 1 6913 0 0
W 0 0 37 \01\00\07
J N 4 220 136 8 1 0 1 230
K 1 -31 45
K 1 -10 45
K -22 0 64
K 0 0 43
K 0 -10 45
K 2 -10 45
K 0 26 96
A D 6 192 0
A P 1 146 0
J N 4 282 63 4 577 72 1 230
K -22 0 64
K 0 0 43
K 0 31 96
A D 6 192 0
A P 1 186 0
J N 4 322 52 3 1153 72 1 230
K 0 0 43
K 0 21 96
A D 6 192 0
A P 1 192 0
J N 4 362 42 3 1729 72 1 230
K 0 0 43
K 0 31 96
A D 6 192 0
A P 1 198 0
H 230 B 155 -5 112 4 222 111 111 333
J N 4 424 31 4 2305 72 1 231
K -22 0 64
K 0 0 43
K 0 -21 96
A D 6 192 0
A P 1 203 0
J N 4 464 21 3 2881 72 1 231
K 0 0 43
K 0 -32 96
A D 6 192 0
A P 1 209 0
J N 4 504 10 3 3457 72 1 231
K 0 0 43
K 0 -26 96
A D 6 192 0
A P 1 215 0
J N 4 569 0 4 4033 72 1 231
K -25 0 63
K 0 0 43
K 0 -26 96
A D 6 192 0
A P 1 221 0
H 231 B -93 -4 112 4 222 111 111 333
J N 4 631 -11 3 4609 72 2 232 233
K -22 0 64
K 0 0 43
A D 6 192 0
A P 1 226 0
J N 4 666 0 2 5185 72 1 233
K 0 0 43
A D 6 192 0
A P 1 221 0
J N 4 706 -11 2 5761 72 1 233
K 0 0 43
A D 6 192 0
A P 1 226 0
J N 4 741 0 2 6337 72 2 233 232
K 0 0 43
A D 6 192 0
A P 1 221 0
H 233 B -95 1 112 4 222 111 111 333
H 232 S 0 0 0 0 0 0 0 0 0
J B 108 782 1 82 6913 72 0
J N 5 820 -11 4 1 0 1 234
K -22 0 64
K 0 0 43
K 0 132 108
A D 12 192 0
A P 1 226 0
J N 5 868 -11 2 1153 144 1 234
K 0 0 43
A D 12 192 0
A P 1 226 0
J N 5 916 -11 2 2305 144 1 234
K 0 0 43
A D 12 192 0
A P 1 226 0
J N 5 964 -11 2 3457 144 1 234
K 0 0 43
A D 12 192 0
A P 1 226 0
J N 5 1012 -11 2 4609 144 1 234
K 0 0 43
A D 12 192 0
A P 1 226 0
J N 5 1060 -11 2 5761 144 1 234
K 0 0 43
A D 12 192 0
A P 1 226 0
H 234 B -76 0 112 6 22 11 11 11 11 33
J B 109 1107 1 82 6913 144 0
J N 7 1144 -11 9 1 0 0
K -22 0 64
K 0 0 43
K 38 0 44
K 0 0 60
K 0 42 60
K 0 45 60
K -26 74 125
K -26 53 125
A D 72 192 0
A P 1 226 0
J B 110 1265 1 82 6913 864 0
J N 7 1302 -11 9 1 0 0
K -22 0 64
K 0 0 43
K 38 0 44
K 0 0 60
K 0 42 60
K 0 45 60
K -26 74 125
K -26 53 125
A D 72 192 0
A P 1 226 0
J B 111 1423 1 82 6913 864 0
J N 7 1460 -11 9 1 0 0
K -22 0 64
K 0 0 43
K 38 0 44
K 0 0 60
K 0 42 60
K 0 45 60
K -26 74 125
K -26 53 125
A D 72 192 0
A P 1 226 0
J B 112 1581 1 82 6913 864 0
J N 7 1618 -11 9 1 0 0
K -22 0 64
K 0 0 43
K 38 0 44
K 0 0 60
K 0 42 60
K 0 45 60
K -26 74 125
K -26 53 125
A D 72 192 0
A P 1 226 0
J B 113 1739 1 82 6913 864 0
J D 0 1771 0 1 1 0 0
W 0 138 36 cresc.
J N 7 1771 -11 9 1 0 0
K -22 0 64
K 0 0 43
K 38 0 44
K 0 0 60
K 0 42 60
K 0 45 60
K -26 74 125
K -26 53 125
A D 72 192 0
A P 1 226 0
J B 114 1892 1 82 6913 864 0
J N 7 1929 10 12 1 0 0
K -22 -21 64
K 0 -21 43
K 38 -21 44
K 0 0 43
K 38 0 44
K 0 -21 60
K 0 0 60
K 0 42 60
K 0 45 60
K -26 74 125
K -26 53 125
A D 72 192 0
A P 1 226 0
A P 1 215 0
J B 115 2050 1 82 6913 864 0
E *
B 1 782 0
B 1 1107 0
B 1 1265 0
B 1 1423 0
B 1 1581 0
B 1 1739 0
B 1 1892 0
B 1 2050 0
S 0 200 2660 2050 84 1 "(.)"
L 0 0 0 413 413 * 0 21 0
J C 4 7 63 2 6913 0 0
K 0 0 33
K 0 0 34
J K 3 85 0 3 6913 0 0
K 0 0 63
K 21 31 63
K 42 -11 63
J D 0 -39 -21 1 6913 0 0
W 0 0 37 \01\01\05
J N 6 219 10 6 1 0 2 235 236
K -22 -21 64
K 0 -21 43
K 0 0 43
K 0 145 110
K 0 -21 60
A D 24 192 2
A P 1 226 1
A P 1 215 0
J N 4 283 -11 2 2305 288 3 237 236 235
K 0 0 43
A D 6 192 0
A P 1 226 0
H 235 T -11 0 0 0 0 0 1 0
J N 4 318 0 2 2881 72 2 236 237
K 0 0 43
A D 6 192 0
A P 1 221 0
H 237 S 0 0 0 0 0 0 0 0 0
J N 4 353 10 3 3457 72 1 236
K 0 0 43
K 0 -26 96
A D 6 192 0
A P 1 215 0
J N 4 418 21 4 4033 72 1 236
K -25 0 63
K 0 0 43
K 0 -32 96
A D 6 192 0
A P 1 210 0
H 236 B -96 1 112 5 2 221 111 111 333
J N 4 458 10 3 4609 72 1 238
K 0 0 43
K 0 -26 96
A D 6 192 0
A P 1 215 0
J N 4 498 0 3 5185 72 1 238
K 0 0 43
K 0 -26 96
A D 6 192 0
A P 1 221 0
J N 4 538 -11 3 5761 72 1 238
K 0 0 43
K 0 -26 96
A D 6 192 0
A P 1 226 0
J N 4 578 -21 6 6337 72 1 238
K 0 0 45
K 0 0 43
K -1 0 45
K 6 0 45
K 0 -26 96
A D 6 192 0
A P 1 232 0
H 238 B -96 -5 112 4 222 111 111 333
J B 116 619 1 82 6913 72 0
J N 4 651 -32 6 1 0 1 239
K 0 11 45
K 0 0 43
K 0 11 45
K 2 11 45
K 0 -26 96
A D 6 192 0
A P 1 238 0
J N 4 713 -42 8 577 72 1 239
K 0 21 45
K 0 0 45
K -22 0 64
K 0 0 43
K -1 0 45
K 6 0 45
K 0 -26 96
A D 6 192 0
A P 1 243 0
J N 4 748 -32 6 1153 72 1 239
K 0 11 45
K 0 0 43
K 0 11 45
K 2 11 45
K 0 -26 96
A D 6 192 0
A P 1 238 0
J N 4 788 -42 7 1729 72 1 239
K 0 21 45
K 0 0 45
K 0 0 43
K -1 0 45
K 6 0 45
K 0 -26 96
A D 6 192 0
A P 1 243 0
H 239 B -97 0 112 4 222 111 111 333
J N 4 823 -32 6 2305 72 1 240
K 0 11 45
K 0 0 43
K 0 11 45
K 2 11 45
K 0 -26 96
A D 6 192 0
A P 1 238 0
J N 4 863 -42 7 2881 72 1 240
K 0 21 45
K 0 0 45
K 0 0 43
K -1 0 45
K 6 0 45
K 0 -26 96
A D 6 192 0
A P 1 243 0
J N 4 898 -32 6 3457 72 1 240
K 0 11 45
K 0 0 43
K 0 11 45
K 2 11 45
K 0 -26 96
A D 6 192 0
A P 1 238 0
J N 4 938 -42 7 4033 72 1 240
K 0 21 45
K 0 0 45
K 0 0 43
K -1 0 45
K 6 0 45
K 0 -26 96
A D 6 192 0
A P 1 243 0
H 240 B -97 0 112 4 222 111 111 333
J N 4 973 -32 6 4609 72 1 241
K 0 11 45
K 0 0 43
K 0 11 45
K 2 11 45
K 0 -26 96
A D 6 192 0
A P 1 238 0
J N 4 1008 -21 6 5185 72 1 241
K 0 0 45
K 0 0 43
K -1 0 45
K 6 0 45
K 0 -26 96
A D 6 192 0
A P 1 232 0
J N 4 1070 -11 4 5761 72 1 241
K -22 0 64
K 0 0 43
K 0 -26 96
A D 6 192 0
A P 1 226 0
J N 4 1105 0 3 6337 72 1 241
K 0 0 43
K 0 -26 96
A D 6 192 0
A P 1 221 0
H 241 B -115 2 112 4 222 111 111 333
J B 117 1146 1 82 6913 72 0
J N 5 1178 10 3 1 0 1 242
K 0 0 43
K 0 -26 96
A D 12 192 0
A P 1 215 0
J N 5 1225 42 5 1153 144 2 243 242
K 0 0 43
K 0 -32 96
K 0 107 108
K 34 107 108
A D 12 192 0
A P 1 198 0
H 242 B -95 5 112 2 22 33
J N 5 1272 42 3 2305 144 1 244
K 0 0 43
K 0 -32 96
A D 12 192 0
A P 1 198 0
J N 5 1319 42 3 3457 144 1 244
K 0 0 43
K 0 -32 96
A D 12 192 0
A P 1 198 0
J N 5 1366 42 3 4609 144 1 244
K 0 0 43
K 0 -32 96
A D 12 192 0
A P 1 198 0
J N 5 1412 42 3 5761 144 2 244 243
K 0 0 43
K 0 -32 96
A D 12 192 0
A P 1 198 0
H 244 B -68 0 112 4 22 11 11 33
H 243 S 0 0 -31 0 -31 0 0 0 0
J B 118 1458 1 82 6913 144 0
J N 7 1490 42 7 1 0 0
K 0 0 43
K 36 -9 44
K 0 0 60
K 0 34 60
K -26 63 125
K -26 42 125
A D 72 192 0
A P 1 198 0
J B 119 1606 1 82 6913 864 0
J N 7 1638 42 7 1 0 0
K 0 0 43
K 36 -9 44
K 0 0 60
K 0 34 60
K -26 63 125
K -26 42 125
A D 72 192 0
A P 1 198 0
J B 120 1754 1 82 6913 864 0
J N 7 1786 42 7 1 0 0
K 0 0 43
K 36 -9 44
K 0 0 60
K 0 34 60
K -26 63 125
K -26 42 125
A D 72 192 0
A P 1 198 0
J B 121 1902 1 82 6913 864 0
J N 7 1934 42 7 1 0 0
K 0 0 43
K 36 -9 44
K 0 0 60
K 0 34 60
K -26 63 125
K -26 42 125
A D 72 192 0
A P 1 198 0
J B 122 2050 1 82 6913 864 0
E *
B 1 619 0
B 1 1146 0
B 1 1458 0
B 1 1606 0
B 1 1754 0
B 1 1902 0
B 1 2050 0
