S 0 200 140 2050 1453 11 "[(....)][(..)](.)[({..}..)]"
L 0 0 0 345 345 * 0 14 0
J D 0 -108 42 1 6913 0 0
W 0 0 31 Fl 1-2
J C 4 5 42 2 6913 0 0
K 0 0 33
K 0 0 34
J K 3 57 0 3 6913 0 0
K 0 0 63
K 15 21 63
K 30 -7 63
J D 0 -11 -14 1 6913 0 0
W 0 0 37 \03\04
J N 6 145 -42 11 1 0 0
K 0 28 45
K 0 14 45
K 0 0 45
K 0 0 43
K -1 0 45
K 2 0 45
K 0 130 110
K 17 130 110
K 0 0 60
K 0 21 54
A D 2 16 0
A P 3 255 0
J R 6 203 28 2 1729 288 0
K 0 0 49
A D 2 16 0
A P 3 0 0
J N 6 261 -42 9 3457 288 0
K 0 28 45
K 0 14 45
K 0 0 45
K 0 0 43
K -1 0 45
K 2 0 45
K 0 0 60
K 0 21 54
A D 2 16 0
A P 3 255 0
J R 6 319 28 2 5185 288 0
K 0 0 49
A D 2 16 0
A P 3 0 0
J B 35 377 1 82 6913 288 0
J N 6 398 -42 9 1 0 0
K 0 28 45
K 0 14 45
K 0 0 45
K 0 0 43
K -1 0 45
K 2 0 45
K 0 0 60
K 0 21 54
A D 2 16 0
A P 3 255 0
J R 6 456 28 2 1729 288 0
K 0 0 49
A D 2 16 0
A P 3 0 0
J N 6 514 -42 9 3457 288 0
K 0 28 45
K 0 14 45
K 0 0 45
K 0 0 43
K -1 0 45
K 2 0 45
K 0 0 60
K 0 21 54
A D 2 16 0
A P 3 255 0
J R 6 572 28 2 5185 288 0
K 0 0 49
A D 2 16 0
A P 3 0 0
J B 36 630 1 82 6913 288 0
J N 6 651 -42 9 1 0 0
K 0 28 45
K 0 14 45
K 0 0 45
K 0 0 43
K -1 0 45
K 2 0 45
K 0 0 60
K 0 21 54
A D 2 16 0
A P 3 255 0
J R 6 709 28 2 1729 288 0
K 0 0 49
A D 2 16 0
A P 3 0 0
J N 6 767 -42 9 3457 288 0
K 0 28 45
K 0 14 45
K 0 0 45
K 0 0 43
K -1 0 45
K 2 0 45
K 0 0 60
K 0 21 54
A D 2 16 0
A P 3 255 0
J R 6 843 28 2 5185 288 0
K 0 0 49
A D 2 16 0
A P 3 0 0
J B 37 901 1 82 6913 288 0
J N 6 922 -42 9 1 0 0
K 0 28 45
K 0 14 45
K 0 0 45
K 0 0 43
K -1 0 45
K 2 0 45
K 0 0 60
K 0 21 54
A D 2 16 0
A P 3 255 0
J R 6 980 28 2 1729 288 0
K 0 0 49
A D 2 16 0
A P 3 0 0
J N 6 1052 -42 9 3457 288 0
K 0 28 45
K 0 14 45
K 0 0 45
K 0 0 43
K -1 0 45
K 2 0 45
K 0 0 60
K 0 21 54
A D 2 16 0
A P 3 255 0
J R 6 1128 28 2 5185 288 0
K 0 0 49
A D 2 16 0
A P 3 0 0
J B 38 1186 1 82 6913 288 0
J N 6 1207 -42 9 1 0 0
K 0 28 45
K 0 14 45
K 0 0 45
K 0 0 43
K -1 0 45
K 2 0 45
K 0 0 60
K 0 21 54
A D 2 16 0
A P 3 255 0
J R 6 1249 28 2 1729 288 0
K 0 0 49
A D 2 16 1
A P 3 0 1
J R 7 1307 28 2 3457 288 0
K 0 0 48
A D 4 16 0
A P 3 0 0
J B 39 1413 1 82 6913 576 0
J N 8 1434 7 12 1 0 2 53 54
K 0 -21 45
K 0 -35 45
K 0 -49 45
K 0 -49 42
K -1 -49 45
K 2 -49 45
K 0 0 42
K 0 -49 60
K 0 -28 60
K 0 0 60
K 0 21 60
A D 8 16 1
A P 1 255 1
A P 2 215 1
J B 40 1639 1 82 6913 1152 0
J N 8 1660 7 12 1 0 4 55 56 53 54
K 0 -21 45
K 0 -35 45
K 0 -49 45
K 0 -49 42
K -1 -49 45
K 2 -49 45
K 0 0 42
K 0 -49 60
K 0 -28 60
K 0 0 60
K 0 21 60
A D 8 16 1
A P 1 255 1
A P 2 215 1
H 53 T -42 0 0 0 0 0 5 0
H 54 T 7 0 0 0 0 0 11 0
J B 41 1865 1 82 6913 1152 0
J N 8 1886 7 12 1 0 4 57 58 55 56
K 0 -21 45
K 0 -35 45
K 0 -49 45
K 0 -49 42
K -1 -49 45
K 2 -49 45
K 0 0 42
K 0 -49 60
K 0 -28 60
K 0 0 60
K 0 21 60
A D 8 16 1
A P 1 255 1
A P 2 215 1
H 55 T -42 0 0 0 0 0 5 0
H 56 T 7 0 0 0 0 0 11 0
J B 42 2050 1 82 6913 1152 0
J M 0 2050 0 0 6913 0 1 57
H 57 T -42 0 0 0 0 0 5 0
J M 0 2050 0 0 6913 0 1 58
H 58 T 7 0 0 0 0 0 11 0
E *
L 132 0 0 345 345 * 0 14 0
J D 0 -119 42 1 6913 0 0
W 0 0 31 Ob 1-2
J C 4 5 42 2 6913 0 0
K 0 0 33
K 0 0 34
J K 3 57 0 3 6913 0 0
K 0 0 63
K 15 21 63
K 30 -7 63
J D 0 -11 -14 1 6913 0 0
W 0 0 0 \03\04
J N 6 145 -14 13 1 0 0
K 0 0 45
K 0 -14 45
K 0 -14 43
K -1 -14 45
K 2 -14 45
K 0 0 43
K -1 0 45
K 2 0 45
K 0 102 110
K 17 102 110
K 0 -14 60
K 0 0 54
A D 2 16 0
A P 1 244 0
A P 2 232 0
J R 6 203 28 2 1729 288 0
K 0 0 49
A D 2 16 0
A P 1 0 0
J N 6 261 -14 11 3457 288 0
K 0 0 45
K 0 -14 45
K 0 -14 43
K -1 -14 45
K 2 -14 45
K 0 0 43
K -1 0 45
K 2 0 45
K 0 -14 60
K 0 0 54
A D 2 16 0
A P 1 244 0
A P 2 232 0
J R 6 319 28 2 5185 288 0
K 0 0 49
A D 2 16 0
A P 1 0 0
J B 35 377 1 82 6913 288 0
J N 6 398 -14 11 1 0 0
K 0 0 45
K 0 -14 45
K 0 -14 43
K -1 -14 45
K 2 -14 45
K 0 0 43
K -1 0 45
K 2 0 45
K 0 -14 60
K 0 0 54
A D 2 16 0
A P 1 244 0
A P 2 232 0
J R 6 456 28 2 1729 288 0
K 0 0 49
A D 2 16 0
A P 1 0 0
J N 6 514 -14 11 3457 288 0
K 0 0 45
K 0 -14 45
K 0 -14 43
K -1 -14 45
K 2 -14 45
K 0 0 43
K -1 0 45
K 2 0 45
K 0 -14 60
K 0 0 54
A D 2 16 0
A P 1 244 0
A P 2 232 0
J R 6 572 28 2 5185 288 0
K 0 0 49
A D 2 16 0
A P 1 0 0
J B 36 630 1 82 6913 288 0
J N 6 651 -21 12 1 0 0
K 0 7 45
K 0 -7 45
K 0 -14 43
K 0 -7 45
K 1 -7 45
K 0 0 43
K 0 7 45
K 1 7 45
K 0 -14 60
K 0 0 60
K 0 0 54
A D 2 16 0
A P 1 249 0
A P 2 238 0
J R 6 709 28 2 1729 288 0
K 0 0 49
A D 2 16 0
A P 1 0 0
J N 6 767 -21 12 3457 288 0
K 0 7 45
K 0 -7 45
K 0 -14 43
K 0 -7 45
K 1 -7 45
K 0 0 43
K 0 7 45
K 1 7 45
K 0 -14 60
K 0 0 60
K 0 0 54
A D 2 16 0
A P 1 249 0
A P 2 238 0
J R 6 843 28 2 5185 288 0
K 0 0 49
A D 2 16 0
A P 1 0 0
J B 37 901 1 82 6913 288 0
J N 6 922 -21 12 1 0 0
K 0 7 45
K 0 -7 45
K 0 -14 43
K 0 -7 45
K 1 -7 45
K 0 0 43
K 0 7 45
K 1 7 45
K 0 -14 60
K 0 0 60
K 0 0 54
A D 2 16 0
A P 1 249 0
A P 2 238 0
J R 6 980 28 2 1729 288 0
K 0 0 49
A D 2 16 0
A P 1 0 0
J N 6 1052 -21 12 3457 288 0
K 0 7 45
K 0 -7 45
K 0 -14 43
K 0 -7 45
K 1 -7 45
K 0 0 43
K 0 7 45
K 1 7 45
K 0 -14 60
K 0 0 60
K 0 0 54
A D 2 16 0
A P 1 249 0
A P 2 238 0
J R 6 1128 28 2 5185 288 0
K 0 0 49
A D 2 16 0
A P 1 0 0
J B 38 1186 1 82 6913 288 0
J N 6 1207 -14 11 1 0 0
K 0 0 45
K 0 -14 45
K 0 -14 43
K -1 -14 45
K 2 -14 45
K 0 0 43
K -1 0 45
K 2 0 45
K 0 -14 60
K 0 0 54
A D 2 16 0
A P 1 244 0
A P 2 232 0
J R 6 1249 28 2 1729 288 0
K 0 0 49
A D 2 16 1
A P 1 0 1
J R 7 1307 28 2 3457 288 0
K 0 0 48
A D 4 16 0
A P 1 0 0
J B 39 1413 1 82 6913 576 0
J N 8 1434 7 7 1 0 2 52 53
K 0 0 42
K 0 49 42
K 0 49 59
K 0 28 59
K 0 0 59
K 0 -14 59
A D 8 16 1
A P 1 215 1
A P 2 175 1
J B 40 1639 1 82 6913 1152 0
J N 8 1660 7 7 1 0 4 54 55 52 53
K 0 0 42
K 0 49 42
K 0 49 59
K 0 28 59
K 0 0 59
K 0 -14 59
A D 8 16 1
A P 1 215 1
A P 2 175 1
H 52 T 7 0 0 0 0 0 3 0
H 53 T 56 0 0 0 0 0 13 0
J B 41 1865 1 82 6913 1152 0
J N 8 1886 7 7 1 0 4 56 57 54 55
K 0 0 42
K 0 49 42
K 0 49 59
K 0 28 59
K 0 0 59
K 0 -14 59
A D 8 16 1
A P 1 215 1
A P 2 175 1
H 54 T 7 0 0 0 0 0 3 0
H 55 T 56 0 0 0 0 0 13 0
J B 42 2050 1 82 6913 1152 0
J M 0 2050 0 0 6913 0 1 56
H 56 T 7 0 0 0 0 0 3 0
J M 0 2050 0 0 6913 0 1 57
H 57 T 56 0 0 0 0 0 13 0
E *
L 264 0 0 345 345 * 0 14 0
J D 0 -110 42 1 6913 0 0
W 0 -21 31 Cl 1-2
J D 0 -110 42 1 6913 0 0
W 0 21 31 (A)
J C 4 5 42 2 6913 0 0
K 0 0 33
K 0 0 34
J K 0 57 0 0 6913 0 0
J D 0 -11 -14 1 6913 0 0
W 0 0 0 \03\04
J N 6 145 21 7 1 0 0
K 0 -14 43
K 0 0 43
K 0 71 110
K 17 71 110
K 0 -14 60
K 0 0 54
A D 2 16 0
A P 1 215 0
A P 2 203 0
J R 6 203 28 2 1729 288 0
K 0 0 49
A D 2 16 0
A P 1 0 0
J N 6 261 21 5 3457 288 0
K 0 -14 43
K 0 0 43
K 0 -14 60
K 0 0 54
A D 2 16 0
A P 1 215 0
A P 2 203 0
J R 6 319 28 2 5185 288 0
K 0 0 49
A D 2 16 0
A P 1 0 0
J B 35 377 1 82 6913 288 0
J N 6 398 21 5 1 0 0
K 0 -14 43
K 0 0 43
K 0 -14 60
K 0 0 54
A D 2 16 0
A P 1 215 0
A P 2 203 0
J R 6 456 28 2 1729 288 0
K 0 0 49
A D 2 16 0
A P 1 0 0
J N 6 514 21 5 3457 288 0
K 0 -14 43
K 0 0 43
K 0 -14 60
K 0 0 54
A D 2 16 0
A P 1 215 0
A P 2 203 0
J R 6 572 28 2 5185 288 0
K 0 0 49
A D 2 16 0
A P 1 0 0
J B 36 630 1 82 6913 288 0
J N 6 651 14 5 1 0 0
K 0 -14 43
K 0 0 43
K 0 -14 60
K 0 0 54
A D 2 16 0
A P 1 220 0
A P 2 209 0
J R 6 709 28 2 1729 288 0
K 0 0 49
A D 2 16 0
A P 1 0 0
J N 6 767 14 5 3457 288 0
K 0 -14 43
K 0 0 43
K 0 -14 60
K 0 0 54
A D 2 16 0
A P 1 220 0
A P 2 209 0
J R 6 843 28 2 5185 288 0
K 0 0 49
A D 2 16 0
A P 1 0 0
J B 37 901 1 82 6913 288 0
J N 6 922 14 5 1 0 0
K 0 -14 43
K 0 0 43
K 0 -14 60
K 0 0 54
A D 2 16 0
A P 1 220 0
A P 2 209 0
J R 6 980 28 2 1729 288 0
K 0 0 49
A D 2 16 0
A P 1 0 0
J N 6 1052 14 5 3457 288 0
K 0 -14 43
K 0 0 43
K 0 -14 60
K 0 0 54
A D 2 16 0
A P 1 220 0
A P 2 209 0
J R 6 1128 28 2 5185 288 0
K 0 0 49
A D 2 16 0
A P 1 0 0
J B 38 1186 1 82 6913 288 0
J N 6 1207 21 5 1 0 0
K 0 -14 43
K 0 0 43
K 0 -14 60
K 0 0 54
A D 2 16 0
A P 1 215 0
A P 2 203 0
J R 6 1249 28 2 1729 288 0
K 0 0 49
A D 2 16 1
A P 1 0 1
J R 7 1307 28 2 3457 288 0
K 0 0 48
A D 4 16 0
A P 1 0 0
J B 39 1413 1 82 6913 576 0
J R 9 1512 28 2 1 10000 0
K 0 0 46
A D 8 16 0
A P 3 0 0
J B 40 1639 1 82 6913 1152 0
J R 9 1738 28 2 1 10000 0
K 0 0 46
A D 8 16 0
A P 3 0 0
J B 41 1865 1 82 6913 1152 0
J R 9 1943 28 2 1 10000 0
K 0 0 46
A D 8 16 0
A P 3 0 0
J B 42 2050 1 82 6913 1152 0
E *
L 396 0 0 345 345 * 0 14 0
J D 0 -130 42 1 6913 0 0
W 0 0 31 Fag 1-2
J C 22 5 14 36 6913 0 0
J K 3 57 0 3 6913 0 0
K 0 14 63
K 15 35 63
K 30 7 63
J D 0 -11 -14 1 6913 0 0
W 0 0 0 \03\04
J N 6 145 0 10 1 0 0
K 0 -14 45
K 0 -14 43
K -1 -14 45
K 2 -14 45
K 0 0 43
K 0 88 110
K 17 88 110
K 0 -14 60
K 0 0 54
A D 2 16 0
A P 1 164 0
A P 2 152 0
J R 6 203 28 2 1729 288 0
K 0 0 49
A D 2 16 0
A P 1 0 0
J N 6 261 0 8 3457 288 0
K 0 -14 45
K 0 -14 43
K -1 -14 45
K 2 -14 45
K 0 0 43
K 0 -14 60
K 0 0 54
A D 2 16 0
A P 1 164 0
A P 2 152 0
J R 6 319 28 2 5185 288 0
K 0 0 49
A D 2 16 0
A P 1 0 0
J B 35 377 1 82 6913 288 0
J N 6 398 0 8 1 0 0
K 0 -14 45
K 0 -14 43
K -1 -14 45
K 2 -14 45
K 0 0 43
K 0 -14 60
K 0 0 54
A D 2 16 0
A P 1 164 0
A P 2 152 0
J R 6 456 28 2 1729 288 0
K 0 0 49
A D 2 16 0
A P 1 0 0
J N 6 514 0 8 3457 288 0
K 0 -14 45
K 0 -14 43
K -1 -14 45
K 2 -14 45
K 0 0 43
K 0 -14 60
K 0 0 54
A D 2 16 0
A P 1 164 0
A P 2 152 0
J R 6 572 28 2 5185 288 0
K 0 0 49
A D 2 16 0
A P 1 0 0
J B 36 630 1 82 6913 288 0
J N 6 651 -7 8 1 0 0
K 0 -7 45
K 0 -14 43
K 0 -7 45
K 1 -7 45
K 0 0 43
K 0 -14 60
K 0 0 54
A D 2 16 0
A P 1 169 0
A P 2 158 0
J R 6 709 28 2 1729 288 0
K 0 0 49
A D 2 16 0
A P 1 0 0
J N 6 767 -7 8 3457 288 0
K 0 -7 45
K 0 -14 43
K 0 -7 45
K 1 -7 45
K 0 0 43
K 0 -14 60
K 0 0 54
A D 2 16 0
A P 1 169 0
A P 2 158 0
J R 6 843 28 2 5185 288 0
K 0 0 49
A D 2 16 0
A P 1 0 0
J B 37 901 1 82 6913 288 0
J N 6 922 -7 8 1 0 0
K 0 -7 45
K 0 -14 43
K 0 -7 45
K 1 -7 45
K 0 0 43
K 0 -14 60
K 0 0 54
A D 2 16 0
A P 1 169 0
A P 2 158 0
J R 6 980 28 2 1729 288 0
K 0 0 49
A D 2 16 0
A P 1 0 0
J N 6 1052 -7 8 3457 288 0
K 0 -7 45
K 0 -14 43
K 0 -7 45
K 1 -7 45
K 0 0 43
K 0 -14 60
K 0 0 54
A D 2 16 0
A P 1 169 0
A P 2 158 0
J R 6 1128 28 2 5185 288 0
K 0 0 49
A D 2 16 0
A P 1 0 0
J B 38 1186 1 82 6913 288 0
J N 6 1207 0 8 1 0 0
K 0 -14 45
K 0 -14 43
K -1 -14 45
K 2 -14 45
K 0 0 43
K 0 -14 60
K 0 0 54
A D 2 16 0
A P 1 164 0
A P 2 152 0
J R 6 1249 28 2 1729 288 0
K 0 0 49
A D 2 16 1
A P 1 0 1
J R 7 1307 28 2 3457 288 0
K 0 0 48
A D 4 16 0
A P 1 0 0
J B 39 1413 1 82 6913 576 0
J R 9 1512 28 2 1 10000 0
K 0 0 46
A D 8 16 0
A P 3 0 0
J B 40 1639 1 82 6913 1152 0
J R 9 1738 28 2 1 10000 0
K 0 0 46
A D 8 16 0
A P 3 0 0
J B 41 1865 1 82 6913 1152 0
J R 9 1943 28 2 1 10000 0
K 0 0 46
A D 8 16 0
A P 3 0 0
J B 42 2050 1 82 6913 1152 0
E *
L 551 0 0 345 345 * 0 14 0
J D 0 -130 42 1 6913 0 0
W 0 -21 31 Cor 1-2
J D 0 -130 42 1 6913 0 0
W 0 21 31 (A)
J C 4 5 42 2 6913 0 0
K 0 0 33
K 0 0 34
J K 0 57 0 0 6913 0 0
J D 0 -11 -14 1 6913 0 0
W 0 0 0 \03\04
J N 6 145 21 7 1 0 0
K 0 -14 43
K 0 0 43
K 0 71 110
K 17 71 110
K 0 -14 60
K 0 0 54
A D 2 16 0
A P 1 215 0
A P 2 203 0
J R 6 203 28 2 1729 288 0
K 0 0 49
A D 2 16 0
A P 1 0 0
J N 6 261 21 5 3457 288 0
K 0 -14 43
K 0 0 43
K 0 -14 60
K 0 0 54
A D 2 16 0
A P 1 215 0
A P 2 203 0
J R 6 319 28 2 5185 288 0
K 0 0 49
A D 2 16 0
A P 1 0 0
J B 35 377 1 82 6913 288 0
J N 6 398 21 5 1 0 0
K 0 -14 43
K 0 0 43
K 0 -14 60
K 0 0 54
A D 2 16 0
A P 1 215 0
A P 2 203 0
J R 6 456 28 2 1729 288 0
K 0 0 49
A D 2 16 0
A P 1 0 0
J N 6 514 21 5 3457 288 0
K 0 -14 43
K 0 0 43
K 0 -14 60
K 0 0 54
A D 2 16 0
A P 1 215 0
A P 2 203 0
J R 6 572 28 2 5185 288 0
K 0 0 49
A D 2 16 0
A P 1 0 0
J B 36 630 1 82 6913 288 0
J N 6 651 42 5 1 0 0
K 0 -28 43
K 0 0 43
K 0 -28 60
K 0 0 52
A D 2 16 0
A P 1 209 0
A P 2 186 0
J R 6 709 28 2 1729 288 0
K 0 0 49
A D 2 16 0
A P 1 0 0
J N 6 767 42 5 3457 288 0
K 0 -28 43
K 0 0 43
K 0 -28 60
K 0 0 52
A D 2 16 0
A P 1 209 0
A P 2 186 0
J R 6 843 28 2 5185 288 0
K 0 0 49
A D 2 16 0
A P 1 0 0
J B 37 901 1 82 6913 288 0
J N 6 922 42 5 1 0 0
K 0 -28 43
K 0 0 43
K 0 -28 60
K 0 0 52
A D 2 16 0
A P 1 209 0
A P 2 186 0
J R 6 980 28 2 1729 288 0
K 0 0 49
A D 2 16 0
A P 1 0 0
J N 6 1052 42 5 3457 288 0
K 0 -28 43
K 0 0 43
K 0 -28 60
K 0 0 52
A D 2 16 0
A P 1 209 0
A P 2 186 0
J R 6 1128 28 2 5185 288 0
K 0 0 49
A D 2 16 0
A P 1 0 0
J B 38 1186 1 82 6913 288 0
J N 6 1207 21 6 1 0 0
K 0 0 43
K 0 35 43
K 0 35 59
K 0 28 59
K 0 0 51
A D 2 16 0
A P 1 203 0
A P 2 175 0
J R 6 1249 28 2 1729 288 0
K 0 0 49
A D 2 16 1
A P 1 0 1
J R 7 1307 28 2 3457 288 0
K 0 0 48
A D 4 16 0
A P 1 0 0
J B 39 1413 1 82 6913 576 0
J N 8 1434 42 11 1 0 2 47 48
K 1 28 45
K 1 42 45
K 0 0 42
K 0 49 42
K 0 42 45
K 1 42 45
K 0 49 59
K 0 28 59
K 0 0 59
K 0 -21 59
A D 8 16 1
A P 1 186 1
A P 2 146 1
J B 40 1639 1 82 6913 1152 0
J N 8 1660 42 11 1 0 4 49 50 47 48
K 1 28 45
K 1 42 45
K 0 0 42
K 0 49 42
K 0 42 45
K 1 42 45
K 0 49 59
K 0 28 59
K 0 0 59
K 0 -21 59
A D 8 16 1
A P 1 186 1
A P 2 146 1
H 47 T 42 0 0 0 0 0 7 0
H 48 T 91 0 0 0 0 0 9 0
J B 41 1865 1 82 6913 1152 0
J N 8 1886 42 11 1 0 4 51 52 49 50
K 1 28 45
K 1 42 45
K 0 0 42
K 0 49 42
K 0 42 45
K 1 42 45
K 0 49 59
K 0 28 59
K 0 0 59
K 0 -21 59
A D 8 16 1
A P 1 186 1
A P 2 146 1
H 49 T 42 0 0 0 0 0 7 0
H 50 T 91 0 0 0 0 0 9 0
J B 42 2050 1 82 6913 1152 0
J M 0 2050 0 0 6913 0 1 51
H 51 T 42 0 0 0 0 0 7 0
J M 0 2050 0 0 6913 0 1 52
H 52 T 91 0 0 0 0 0 9 0
E *
L 691 0 0 345 345 * 0 14 0
J D 0 -111 42 1 6913 0 0
W 0 -21 31 Tr 1-2
J D 0 -111 42 1 6913 0 0
W 0 21 31 (D)
J C 4 5 42 2 6913 0 0
K 0 0 33
K 0 0 34
J K 0 57 0 0 6913 0 0
J D 0 -11 -14 1 6913 0 0
W 0 0 0 \03\04
J N 6 145 42 12 1 0 0
K 1 28 45
K 1 42 45
K 0 0 43
K 0 49 43
K 0 42 45
K 1 42 45
K 0 85 110
K 17 85 110
K 0 49 59
K 0 28 59
K 0 0 53
A D 2 16 0
A P 1 186 0
A P 2 146 0
J R 6 203 28 2 1729 288 0
K 0 0 49
A D 2 16 0
A P 1 0 0
J N 6 261 42 10 3457 288 0
K 1 28 45
K 1 42 45
K 0 0 43
K 0 49 43
K 0 42 45
K 1 42 45
K 0 49 59
K 0 28 59
K 0 0 53
A D 2 16 0
A P 1 186 0
A P 2 146 0
J R 6 319 28 2 5185 288 0
K 0 0 49
A D 2 16 0
A P 1 0 0
J B 35 377 1 82 6913 288 0
J N 6 398 42 10 1 0 0
K 1 28 45
K 1 42 45
K 0 0 43
K 0 49 43
K 0 42 45
K 1 42 45
K 0 49 59
K 0 28 59
K 0 0 53
A D 2 16 0
A P 1 186 0
A P 2 146 0
J R 6 456 28 2 1729 288 0
K 0 0 49
A D 2 16 0
A P 1 0 0
J N 6 514 42 10 3457 288 0
K 1 28 45
K 1 42 45
K 0 0 43
K 0 49 43
K 0 42 45
K 1 42 45
K 0 49 59
K 0 28 59
K 0 0 53
A D 2 16 0
A P 1 186 0
A P 2 146 0
J R 6 572 28 2 5185 288 0
K 0 0 49
A D 2 16 0
A P 1 0 0
J B 36 630 1 82 6913 288 0
J N 6 651 14 3 1 0 0
K 0 0 43
K 0 0 51
A D 2 16 0
A P 1 209 0
J N 6 651 14 3 1 0 0
K 0 0 43
K 0 0 54
A D 2 16 0
A P 2 209 0
J R 6 709 28 2 1729 288 0
K 0 0 49
A D 2 16 0
A P 1 0 0
J N 6 767 14 3 3457 288 0
K 0 0 43
K 0 0 51
A D 2 16 0
A P 1 209 0
J N 6 767 14 3 3457 0 0
K 0 0 43
K 0 0 54
A D 2 16 0
A P 2 209 0
J R 6 843 28 2 5185 288 0
K 0 0 49
A D 2 16 0
A P 1 0 0
J B 37 901 1 82 6913 288 0
J N 6 922 14 3 1 0 0
K 0 0 43
K 0 0 51
A D 2 16 0
A P 1 209 0
J N 6 922 14 3 1 0 0
K 0 0 43
K 0 0 54
A D 2 16 0
A P 2 209 0
J R 6 980 28 2 1729 288 0
K 0 0 49
A D 2 16 0
A P 1 0 0
J N 6 1052 14 3 3457 288 0
K 0 0 43
K 0 0 51
A D 2 16 0
A P 1 209 0
J N 6 1052 14 3 3457 0 0
K 0 0 43
K 0 0 54
A D 2 16 0
A P 2 209 0
J R 6 1128 28 2 5185 288 0
K 0 0 49
A D 2 16 0
A P 1 0 0
J B 38 1186 1 82 6913 288 0
J N 6 1207 42 10 1 0 0
K 1 28 45
K 1 42 45
K 0 0 43
K 0 49 43
K 0 42 45
K 1 42 45
K 0 49 59
K 0 28 59
K 0 0 53
A D 2 16 0
A P 1 186 0
A P 2 146 0
J R 6 1249 28 2 1729 288 0
K 0 0 49
A D 2 16 1
A P 1 0 1
J R 7 1307 28 2 3457 288 0
K 0 0 48
A D 4 16 0
A P 1 0 0
J B 39 1413 1 82 6913 576 0
J R 7 1434 28 2 1 0 0
K 0 0 48
A D 4 16 0
A P 1 0 0
J N 6 1531 14 3 3457 576 0
K 0 0 43
K 0 0 51
A D 2 16 0
A P 1 209 0
J N 6 1531 14 3 3457 0 0
K 0 0 43
K 0 0 54
A D 2 16 0
A P 2 209 0
J R 6 1583 28 2 5185 288 0
K 0 0 49
A D 2 16 0
A P 1 0 0
J B 40 1639 1 82 6913 288 0
J N 6 1660 42 10 1 0 0
K 1 28 45
K 1 42 45
K 0 0 43
K 0 49 43
K 0 42 45
K 1 42 45
K 0 49 59
K 0 28 59
K 0 0 53
A D 2 16 0
A P 1 186 0
A P 2 146 0
J R 6 1701 28 2 1729 288 0
K 0 0 49
A D 2 16 0
A P 1 0 0
J N 6 1757 14 3 3457 288 0
K 0 0 43
K 0 0 51
A D 2 16 0
A P 1 209 0
J N 6 1757 14 3 3457 0 0
K 0 0 43
K 0 0 54
A D 2 16 0
A P 2 209 0
J R 6 1809 28 2 5185 288 0
K 0 0 49
A D 2 16 0
A P 1 0 0
J B 41 1865 1 82 6913 288 0
J N 6 1886 42 10 1 0 0
K 1 28 45
K 1 42 45
K 0 0 43
K 0 49 43
K 0 42 45
K 1 42 45
K 0 49 59
K 0 28 59
K 0 0 53
A D 2 16 0
A P 1 186 0
A P 2 146 0
J R 6 1927 28 2 1729 288 0
K 0 0 49
A D 2 16 0
A P 1 0 0
J N 6 1968 14 3 3457 288 0
K 0 0 43
K 0 0 51
A D 2 16 0
A P 1 209 0
J N 6 1968 14 3 3457 0 0
K 0 0 43
K 0 0 54
A D 2 16 0
A P 2 209 0
J R 6 2009 28 2 5185 288 0
K 0 0 49
A D 2 16 0
A P 1 0 0
J B 42 2050 1 82 6913 288 0
E *
L 843 0 0 345 345 * 0 14 0
J D 0 -109 42 1 6913 0 0
W 0 -21 31 Timp.
J D 0 -109 42 1 6913 0 0
W 0 21 31 (A-E)
J C 22 5 14 36 6913 0 0
J K 0 57 0 0 6913 0 0
J D 0 -11 -14 1 6913 0 0
W 0 0 0 \03\04
J N 6 145 49 5 1 0 0
K 0 0 43
K 0 39 110
K 17 39 110
K 0 0 53
A D 2 16 0
A P 1 112 0
J R 6 203 28 2 1729 288 0
K 0 0 49
A D 2 16 0
A P 1 0 0
J N 6 261 49 3 3457 288 0
K 0 0 43
K 0 0 53
A D 2 16 0
A P 1 112 0
J R 6 319 28 2 5185 288 0
K 0 0 49
A D 2 16 0
A P 1 0 0
J B 35 377 1 82 6913 288 0
J N 6 398 49 3 1 0 0
K 0 0 43
K 0 0 53
A D 2 16 0
A P 1 112 0
J R 6 456 28 2 1729 288 0
K 0 0 49
A D 2 16 0
A P 1 0 0
J N 6 514 49 3 3457 288 0
K 0 0 43
K 0 0 53
A D 2 16 0
A P 1 112 0
J R 6 572 28 2 5185 288 0
K 0 0 49
A D 2 16 0
A P 1 0 0
J B 36 630 1 82 6913 288 0
J N 6 651 21 3 1 0 0
K 0 0 43
K 0 0 54
A D 2 16 0
A P 1 135 0
J R 6 709 28 2 1729 288 0
K 0 0 49
A D 2 16 0
A P 1 0 0
J N 6 767 21 3 3457 288 0
K 0 0 43
K 0 0 54
A D 2 16 0
A P 1 135 0
J R 6 843 28 2 5185 288 0
K 0 0 49
A D 2 16 0
A P 1 0 0
J B 37 901 1 82 6913 288 0
J N 6 922 21 3 1 0 0
K 0 0 43
K 0 0 54
A D 2 16 0
A P 1 135 0
J R 6 980 28 2 1729 288 0
K 0 0 49
A D 2 16 0
A P 1 0 0
J N 6 1052 21 3 3457 288 0
K 0 0 43
K 0 0 54
A D 2 16 0
A P 1 135 0
J R 6 1128 28 2 5185 288 0
K 0 0 49
A D 2 16 0
A P 1 0 0
J B 38 1186 1 82 6913 288 0
J N 6 1207 49 3 1 0 0
K 0 0 43
K 0 0 53
A D 2 16 0
A P 1 112 0
J R 6 1249 28 2 1729 288 0
K 0 0 49
A D 2 16 1
A P 1 0 1
J R 7 1307 28 2 3457 288 0
K 0 0 48
A D 4 16 0
A P 1 0 0
J B 39 1413 1 82 6913 576 0
J R 7 1434 28 2 1 0 0
K 0 0 48
A D 4 16 0
A P 1 0 0
J N 6 1531 21 3 3457 576 0
K 0 0 43
K 0 0 54
A D 2 16 0
A P 1 135 0
J R 6 1583 28 2 5185 288 0
K 0 0 49
A D 2 16 0
A P 1 0 0
J B 40 1639 1 82 6913 288 0
J N 6 1660 49 3 1 0 0
K 0 0 43
K 0 0 53
A D 2 16 0
A P 1 112 0
J R 6 1701 28 2 1729 288 0
K 0 0 49
A D 2 16 0
A P 1 0 0
J N 6 1757 21 3 3457 288 0
K 0 0 43
K 0 0 54
A D 2 16 0
A P 1 135 0
J R 6 1809 28 2 5185 288 0
K 0 0 49
A D 2 16 0
A P 1 0 0
J B 41 1865 1 82 6913 288 0
J N 6 1886 49 3 1 0 0
K 0 0 43
K 0 0 53
A D 2 16 0
A P 1 112 0
J R 6 1927 28 2 1729 288 0
K 0 0 49
A D 2 16 0
A P 1 0 0
J N 6 1968 21 3 3457 288 0
K 0 0 43
K 0 0 54
A D 2 16 0
A P 1 135 0
J R 6 2009 28 2 5185 288 0
K 0 0 49
A D 2 16 0
A P 1 0 0
J B 42 2050 1 82 6913 288 0
E *
L 995 0 0 345 345 * 0 14 0
J D 0 -119 42 1 6913 0 0
W 0 0 31 Vln 1
J C 4 5 42 2 6913 0 0
K 0 0 33
K 0 0 34
J K 3 57 0 3 6913 0 0
K 0 0 63
K 15 21 63
K 30 -7 63
J D 0 -11 -14 1 6913 0 0
W 0 0 0 \03\04
J N 5 145 -28 8 1 0 1 47
K 0 14 45
K 0 0 45
K 0 0 43
K -1 0 45
K 2 0 45
K 0 116 110
K 17 116 110
A D 3 48 0
A P 1 244 0
J N 5 174 -28 6 865 144 1 47
K 0 14 45
K 0 0 45
K 0 0 43
K -1 0 45
K 2 0 45
A D 3 48 0
A P 1 244 0
J N 5 203 -28 6 1729 144 1 47
K 0 14 45
K 0 0 45
K 0 0 43
K -1 0 45
K 2 0 45
A D 3 48 0
A P 1 244 0
J N 5 232 -28 6 2593 144 1 47
K 0 14 45
K 0 0 45
K 0 0 43
K -1 0 45
K 2 0 45
A D 3 48 0
A P 1 244 0
H 47 B -56 0 108 4 22 11 11 33
J N 5 261 -28 6 3457 144 1 48
K 0 14 45
K 0 0 45
K 0 0 43
K -1 0 45
K 2 0 45
A D 3 48 0
A P 1 244 0
J N 5 290 -28 6 4321 144 1 48
K 0 14 45
K 0 0 45
K 0 0 43
K -1 0 45
K 2 0 45
A D 3 48 0
A P 1 244 0
J N 5 319 -21 5 5185 144 1 48
K 0 7 45
K 0 0 43
K 0 7 45
K 1 7 45
A D 3 48 0
A P 1 238 0
J N 5 348 -21 5 6049 144 1 48
K 0 7 45
K 0 0 43
K 0 7 45
K 1 7 45
A D 3 48 0
A P 1 238 0
H 48 B -57 0 108 4 22 11 11 33
J B 35 377 1 82 6913 144 0
J N 5 398 -14 5 1 0 1 49
K 0 0 45
K 0 0 43
K -1 0 45
K 2 0 45
A D 3 48 0
A P 1 232 0
J N 5 427 -14 5 865 144 1 49
K 0 0 45
K 0 0 43
K -1 0 45
K 2 0 45
A D 3 48 0
A P 1 232 0
J N 5 456 -28 6 1729 144 1 49
K 0 14 45
K 0 0 45
K 0 0 43
K -1 0 45
K 2 0 45
A D 3 48 0
A P 1 244 0
J N 5 485 -28 6 2593 144 1 49
K 0 14 45
K 0 0 45
K 0 0 43
K -1 0 45
K 2 0 45
A D 3 48 0
A P 1 244 0
H 49 B -47 -1 108 4 22 11 11 33
J N 5 514 -21 5 3457 144 1 50
K 0 7 45
K 0 0 43
K 0 7 45
K 1 7 45
A D 3 48 0
A P 1 238 0
J N 5 543 -21 5 4321 144 1 50
K 0 7 45
K 0 0 43
K 0 7 45
K 1 7 45
A D 3 48 0
A P 1 238 0
J N 5 572 -14 5 5185 144 1 50
K 0 0 45
K 0 0 43
K -1 0 45
K 2 0 45
A D 3 48 0
A P 1 232 0
J N 5 601 -14 5 6049 144 1 50
K 0 0 45
K 0 0 43
K -1 0 45
K 2 0 45
A D 3 48 0
A P 1 232 0
H 50 B -53 0 108 4 22 11 11 33
J B 36 630 1 82 6913 144 0
J N 5 651 -21 5 1 0 1 51
K 0 7 45
K 0 0 43
K 0 7 45
K 1 7 45
A D 3 48 0
A P 1 238 0
J N 5 680 -21 5 865 144 1 51
K 0 7 45
K 0 0 43
K 0 7 45
K 1 7 45
A D 3 48 0
A P 1 238 0
J N 5 709 -14 5 1729 144 1 51
K 0 0 45
K 0 0 43
K -1 0 45
K 2 0 45
A D 3 48 0
A P 1 232 0
J N 5 738 -14 5 2593 144 1 51
K 0 0 45
K 0 0 43
K -1 0 45
K 2 0 45
A D 3 48 0
A P 1 232 0
H 51 B -53 0 108 4 22 11 11 33
J N 5 767 -7 2 3457 144 1 52
K 0 0 43
A D 3 48 0
A P 1 227 0
J N 5 796 -7 2 4321 144 1 52
K 0 0 43
A D 3 48 0
A P 1 227 0
J N 5 843 0 2 5185 144 1 52
K 0 0 43
A D 3 48 0
A P 1 221 0
J N 5 872 0 2 6049 144 1 52
K 0 0 43
A D 3 48 0
A P 1 221 0
H 52 B -53 0 108 4 22 11 11 33
J B 37 901 1 82 6913 144 0
J N 5 922 7 2 1 0 1 53
K 0 0 43
A D 3 48 0
A P 1 215 0
J N 5 951 7 2 865 144 1 53
K 0 0 43
A D 3 48 0
A P 1 215 0
J N 5 980 14 2 1729 144 1 53
K 0 0 43
A D 3 48 0
A P 1 209 0
J N 5 1009 14 2 2593 144 1 53
K 0 0 43
A D 3 48 0
A P 1 209 0
H 53 B -53 0 108 4 22 11 11 33
J N 5 1052 21 2 3457 144 1 54
K 0 0 43
A D 3 48 0
A P 1 204 0
J N 5 1081 21 2 4321 144 1 54
K 0 0 43
A D 3 48 0
A P 1 204 0
J N 5 1128 28 2 5185 144 1 54
K 0 0 43
A D 3 48 0
A P 1 198 0
J N 5 1157 28 2 6049 144 1 54
K 0 0 43
A D 3 48 0
A P 1 198 0
H 54 B -52 0 108 4 22 11 11 33
J B 38 1186 1 82 6913 144 0
J N 6 1207 35 3 1 0 1 55
K 0 0 43
K 0 -14 96
A D 6 48 0
A P 1 192 0
J N 5 1249 35 2 1729 288 2 56 55
K 0 0 43
A D 3 48 0
A P 1 192 0
J N 5 1278 28 2 2593 144 1 55
K 0 0 43
A D 3 48 0
A P 1 198 0
H 55 B -45 0 108 3 2 21 33
J N 5 1307 14 2 3457 144 1 57
K 0 0 43
A D 3 48 0
A P 1 209 0
J N 5 1333 21 2 4321 144 1 57
K 0 0 43
A D 3 48 0
A P 1 204 0
J N 5 1359 28 2 5185 144 1 57
K 0 0 43
A D 3 48 0
A P 1 198 0
J N 5 1385 35 2 6049 144 2 57 56
K 0 0 43
A D 3 48 0
A P 1 192 0
H 57 B -59 5 108 4 22 11 11 33
H 56 S 0 0 -7 0 -7 1 0 0 0
J B 39 1413 1 82 6913 144 0
J N 7 1434 7 4 1 0 1 58
K 0 0 43
K 0 0 60
K 0 21 60
A D 12 48 0
A P 1 215 0
J N 7 1531 14 4 3457 576 0
K 0 0 43
K 0 0 60
K 0 21 60
A D 12 48 0
A P 1 209 0
J B 40 1639 1 82 6913 576 0
J N 7 1660 21 4 1 0 0
K 0 0 43
K 0 0 60
K 0 21 60
A D 12 48 0
A P 1 204 0
J N 7 1757 28 4 3457 576 0
K 0 0 43
K 0 0 60
K 0 21 60
A D 12 48 0
A P 1 198 0
J B 41 1865 1 82 6913 576 0
J N 7 1886 35 4 1 0 0
K 0 0 43
K 0 0 59
K 0 -21 59
A D 12 48 0
A P 1 192 0
J N 7 1968 28 4 3457 576 1 58
K 0 0 43
K 0 0 60
K 0 21 60
A D 12 48 0
A P 1 198 0
H 58 S 0 0 -7 0 -28 0 0 0 0
J B 42 2050 1 82 6913 576 0
E *
L 1127 0 0 345 345 * 0 14 0
J D 0 -119 42 1 6913 0 0
W 0 0 31 Vln 2
J C 4 5 42 2 6913 0 0
K 0 0 33
K 0 0 34
J K 3 57 0 3 6913 0 0
K 0 0 63
K 15 21 63
K 30 -7 63
J D 0 -11 -14 1 6913 0 0
W 0 0 0 \03\04
J N 5 145 7 4 1 0 1 36
K 0 0 43
K 0 85 110
K 17 85 110
A D 3 48 0
A P 1 215 0
J N 5 174 7 2 865 144 1 36
K 0 0 43
A D 3 48 0
A P 1 215 0
J N 5 203 7 2 1729 144 1 36
K 0 0 43
A D 3 48 0
A P 1 215 0
J N 5 232 7 2 2593 144 1 36
K 0 0 43
A D 3 48 0
A P 1 215 0
H 36 B -50 0 108 4 22 11 11 33
J N 5 261 7 2 3457 144 1 37
K 0 0 43
A D 3 48 0
A P 1 215 0
J N 5 290 7 2 4321 144 1 37
K 0 0 43
A D 3 48 0
A P 1 215 0
J N 5 319 14 2 5185 144 1 37
K 0 0 43
A D 3 48 0
A P 1 209 0
J N 5 348 14 2 6049 144 1 37
K 0 0 43
A D 3 48 0
A P 1 209 0
H 37 B -53 0 108 4 22 11 11 33
J B 35 377 1 82 6913 144 0
J N 5 398 21 2 1 0 1 38
K 0 0 43
A D 3 48 0
A P 1 204 0
J N 5 427 21 2 865 144 1 38
K 0 0 43
A D 3 48 0
A P 1 204 0
J N 5 456 7 2 1729 144 1 38
K 0 0 43
A D 3 48 0
A P 1 215 0
J N 5 485 7 2 2593 144 1 38
K 0 0 43
A D 3 48 0
A P 1 215 0
H 38 B -53 -1 108 4 22 11 11 33
J N 5 514 14 2 3457 144 1 39
K 0 0 43
A D 3 48 0
A P 1 209 0
J N 5 543 14 2 4321 144 1 39
K 0 0 43
A D 3 48 0
A P 1 209 0
J N 5 572 21 2 5185 144 1 39
K 0 0 43
A D 3 48 0
A P 1 204 0
J N 5 601 21 2 6049 144 1 39
K 0 0 43
A D 3 48 0
A P 1 204 0
H 39 B -57 0 108 4 22 11 11 33
J B 36 630 1 82 6913 144 0
J N 5 651 14 2 1 0 1 40
K 0 0 43
A D 3 48 0
A P 1 209 0
J N 5 680 14 2 865 144 1 40
K 0 0 43
A D 3 48 0
A P 1 209 0
J N 5 709 21 2 1729 144 1 40
K 0 0 43
A D 3 48 0
A P 1 204 0
J N 5 738 21 2 2593 144 1 40
K 0 0 43
A D 3 48 0
A P 1 204 0
H 40 B -57 0 108 4 22 11 11 33
J N 5 767 28 2 3457 144 1 41
K 0 0 43
A D 3 48 0
A P 1 198 0
J N 5 796 28 2 4321 144 1 41
K 0 0 43
A D 3 48 0
A P 1 198 0
J N 5 843 35 2 5185 144 1 41
K 0 0 43
A D 3 48 0
A P 1 192 0
J N 5 872 35 2 6049 144 1 41
K 0 0 43
A D 3 48 0
A P 1 192 0
H 41 B 45 0 108 4 22 11 11 33
J B 37 901 1 82 6913 144 0
J N 5 922 42 2 1 0 1 42
K 0 0 43
A D 3 48 0
A P 1 187 0
J N 5 951 42 2 865 144 1 42
K 0 0 43
A D 3 48 0
A P 1 187 0
J N 5 980 49 2 1729 144 1 42
K 0 0 43
A D 3 48 0
A P 1 181 0
J N 5 1009 49 2 2593 144 1 42
K 0 0 43
A D 3 48 0
A P 1 181 0
H 42 B 46 0 108 4 22 11 11 33
J N 5 1052 56 2 3457 144 1 43
K 0 0 43
A D 3 48 0
A P 1 175 0
J N 5 1081 56 2 4321 144 1 43
K 0 0 43
A D 3 48 0
A P 1 175 0
J N 5 1128 63 2 5185 144 1 43
K 0 0 43
A D 3 48 0
A P 1 169 0
J N 5 1157 63 2 6049 144 1 43
K 0 0 43
A D 3 48 0
A P 1 169 0
H 43 B 46 0 108 4 22 11 11 33
J B 38 1186 1 82 6913 144 0
J N 6 1207 70 6 1 0 0
K 1 0 45
K 0 0 43
K -1 0 45
K 2 0 45
K 0 0 53
A D 6 48 0
A P 1 164 0
J R 6 1249 28 2 1729 288 0
K 0 0 49
A D 6 48 1
A P 1 0 1
J R 7 1307 28 2 3457 288 0
K 0 0 48
A D 12 48 0
A P 1 0 0
J B 39 1413 1 82 6913 576 0
J R 6 1434 28 2 1 0 0
K 0 0 49
A D 6 48 0
A P 1 0 0
J N 5 1475 56 2 1729 288 2 44 45
K 0 0 43
A D 3 48 0
A P 1 175 0
J N 5 1503 49 2 2593 144 1 45
K 0 0 43
A D 3 48 0
A P 1 181 0
H 45 B 56 -4 108 2 22 33
J N 5 1531 35 2 3457 144 1 46
K 0 0 43
A D 3 48 0
A P 1 192 0
J N 5 1557 42 2 4321 144 1 46
K 0 0 43
A D 3 48 0
A P 1 187 0
J N 5 1583 49 2 5185 144 1 46
K 0 0 43
A D 3 48 0
A P 1 181 0
J N 5 1611 42 2 6049 144 2 46 44
K 0 0 43
A D 3 48 0
A P 1 187 0
H 46 B 53 1 108 4 22 11 11 33
H 44 S 12 0 0 0 0 0 0 0 0
J B 40 1639 1 82 6913 144 0
J N 7 1660 35 4 1 0 1 47
K 0 0 43
K 0 0 59
K 0 -21 59
A D 12 48 0
A P 1 192 0
J N 7 1757 63 4 3457 576 0
K 0 0 43
K 0 0 59
K 0 -21 59
A D 12 48 0
A P 1 169 0
J B 41 1865 1 82 6913 576 0
J N 7 1886 70 7 1 0 0
K 1 0 45
K 0 0 43
K -1 0 45
K 2 0 45
K 0 0 59
K 0 -21 59
A D 12 48 0
A P 1 164 0
J N 7 1968 63 4 3457 576 0
K 0 0 43
K 0 0 59
K 0 -21 59
A D 12 48 0
A P 1 169 0
J B 42 2050 1 82 6913 576 0
J M 0 2050 67 0 6913 0 1 47
H 47 S 12 0 14 0 0 0 0 0
E *
L 1262 0 0 345 345 * 0 14 0
J D 0 -94 42 1 6913 0 0
W 0 0 31 Vla
J C 13 5 28 35 6913 0 0
J K 3 57 0 3 6913 0 0
K 0 7 63
K 15 28 63
K 30 0 63
J D 0 -11 -14 1 6913 0 0
W 0 0 0 \03\04
J N 5 145 42 4 1 0 1 36
K 0 0 43
K 0 46 110
K 17 46 110
A D 1 16 0
A P 3 152 0
J N 5 174 42 2 865 144 1 36
K 0 0 43
A D 1 16 0
A P 3 152 0
J N 5 203 42 2 1729 144 1 36
K 0 0 43
A D 1 16 0
A P 3 152 0
J N 5 232 42 2 2593 144 1 36
K 0 0 43
A D 1 16 0
A P 3 152 0
H 36 B 46 0 108 4 22 11 11 33
J N 5 261 42 2 3457 144 1 37
K 0 0 43
A D 1 16 0
A P 3 152 0
J N 5 290 42 2 4321 144 1 37
K 0 0 43
A D 1 16 0
A P 3 152 0
J N 5 319 35 2 5185 144 1 37
K 0 0 43
A D 1 16 0
A P 3 158 0
J N 5 348 35 2 6049 144 1 37
K 0 0 43
A D 1 16 0
A P 3 158 0
H 37 B 57 0 108 4 22 11 11 33
J B 35 377 1 82 6913 144 0
J N 5 398 28 2 1 0 1 38
K 0 0 43
A D 1 16 0
A P 3 164 0
J N 5 427 28 2 865 144 1 38
K 0 0 43
A D 1 16 0
A P 3 164 0
J N 5 456 42 2 1729 144 1 38
K 0 0 43
A D 1 16 0
A P 3 152 0
J N 5 485 42 2 2593 144 1 38
K 0 0 43
A D 1 16 0
A P 3 152 0
H 38 B 46 1 108 4 22 11 11 33
J N 5 514 35 2 3457 144 1 39
K 0 0 43
A D 1 16 0
A P 3 158 0
J N 5 543 35 2 4321 144 1 39
K 0 0 43
A D 1 16 0
A P 3 158 0
J N 5 572 28 2 5185 144 1 39
K 0 0 43
A D 1 16 0
A P 3 164 0
J N 5 601 28 2 6049 144 1 39
K 0 0 43
A D 1 16 0
A P 3 164 0
H 39 B 52 0 108 4 22 11 11 33
J B 36 630 1 82 6913 144 0
J N 5 651 35 2 1 0 1 40
K 0 0 43
A D 1 16 0
A P 3 158 0
J N 5 680 35 2 865 144 1 40
K 0 0 43
A D 1 16 0
A P 3 158 0
J N 5 709 28 2 1729 144 1 40
K 0 0 43
A D 1 16 0
A P 3 164 0
J N 5 738 28 2 2593 144 1 40
K 0 0 43
A D 1 16 0
A P 3 164 0
H 40 B 52 0 108 4 22 11 11 33
J N 5 767 21 2 3457 144 1 41
K 0 0 43
A D 1 16 0
A P 3 169 0
J N 5 796 21 2 4321 144 1 41
K 0 0 43
A D 1 16 0
A P 3 169 0
J N 5 843 21 3 5185 144 1 41
K -18 0 63
K 0 0 43
A D 1 16 0
A P 3 170 0
J N 5 872 21 2 6049 144 1 41
K 0 0 43
A D 1 16 0
A P 3 170 0
H 41 B -50 0 108 4 22 11 11 33
J B 37 901 1 82 6913 144 0
J N 5 922 14 2 1 0 1 42
K 0 0 43
A D 1 16 0
A P 3 175 0
J N 5 951 14 2 865 144 1 42
K 0 0 43
A D 1 16 0
A P 3 175 0
J N 5 980 7 2 1729 144 1 42
K 0 0 43
A D 1 16 0
A P 3 181 0
J N 5 1009 7 2 2593 144 1 42
K 0 0 43
A D 1 16 0
A P 3 181 0
H 42 B -46 0 108 4 22 11 11 33
J N 5 1052 0 3 3457 144 1 43
K -14 0 64
K 0 0 43
A D 1 16 0
A P 3 186 0
J N 5 1081 0 2 4321 144 1 43
K 0 0 43
A D 1 16 0
A P 3 186 0
J N 5 1128 0 3 5185 144 1 43
K -18 0 63
K 0 0 43
A D 1 16 0
A P 3 187 0
J N 5 1157 0 2 6049 144 1 43
K 0 0 43
A D 1 16 0
A P 3 187 0
H 43 B -46 0 108 4 22 11 11 33
J B 38 1186 1 82 6913 144 0
J N 6 1207 -7 3 1 0 0
K 0 0 43
K 0 0 54
A D 2 16 0
A P 3 192 0
J R 6 1249 28 2 1729 288 0
K 0 0 49
A D 2 16 1
A P 3 0 1
J R 7 1307 28 2 3457 288 0
K 0 0 48
A D 4 16 0
A P 3 0 0
J B 39 1413 1 82 6913 576 0
J R 9 1512 28 2 1 10000 0
K 0 0 46
A D 8 16 0
A P 3 0 0
J B 40 1639 1 82 6913 1152 0
J R 6 1660 28 2 1 0 0
K 0 0 49
A D 2 16 0
A P 3 0 0
J N 5 1701 63 2 1729 288 2 44 45
K 0 0 43
A D 1 16 0
A P 3 135 0
J N 5 1729 56 2 2593 144 1 45
K 0 0 43
A D 1 16 0
A P 3 141 0
H 45 B 50 -4 108 2 22 33
J N 5 1757 42 2 3457 144 1 46
K 0 0 43
A D 1 16 0
A P 3 152 0
J N 5 1783 49 2 4321 144 1 46
K 0 0 43
A D 1 16 0
A P 3 147 0
J N 5 1809 56 2 5185 144 1 46
K 0 0 43
A D 1 16 0
A P 3 141 0
J N 5 1837 49 2 6049 144 2 46 44
K 0 0 43
A D 1 16 0
A P 3 147 0
H 46 B 46 1 108 4 22 11 11 33
H 44 S 12 0 0 0 0 0 0 0 0
J B 41 1865 1 82 6913 144 0
J N 7 1886 42 4 1 0 1 47
K 0 0 43
K 0 0 59
K 0 -21 59
A D 4 16 0
A P 3 152 0
J N 7 1968 49 4 3457 576 0
K 0 0 43
K 0 0 59
K 0 -21 59
A D 4 16 0
A P 3 147 0
J B 42 2050 1 82 6913 576 0
J M 0 2050 42 0 6913 0 1 47
H 47 S 12 0 0 0 0 0 0 0
E *
L 1397 0 0 345 345 * 0 14 0
J D 0 -75 42 1 6913 0 0
W 0 -21 31 Vc
J D 0 -75 42 1 6913 0 0
W 0 21 31 Cb
J C 22 5 14 36 6913 0 0
J K 3 57 0 3 6913 0 0
K 0 14 63
K 15 35 63
K 30 7 63
J D 0 -11 -14 1 6913 0 0
W 0 0 0 \03\04
J N 8 145 49 8 1 0 0
K 0 0 42
K 0 39 110
K 17 39 110
K 0 -17 59
K 0 0 59
K 0 -16 59
K 0 -35 125
A D 8 16 0
A P 1 112 0
J B 35 377 1 82 6913 1152 0
J N 8 398 49 6 1 0 0
K 0 0 42
K 0 -17 59
K 0 0 59
K 0 -16 59
K 0 -35 125
A D 8 16 0
A P 1 112 0
J B 36 630 1 82 6913 1152 0
J N 8 651 70 8 1 0 0
K 1 0 45
K 0 0 42
K -1 0 45
K 2 0 45
K 0 0 59
K 0 -23 59
K 0 -42 125
A D 8 16 0
A P 1 95 0
J B 37 901 1 82 6913 1152 0
J N 8 922 70 8 1 0 0
K 1 0 45
K 0 0 42
K -1 0 45
K 2 0 45
K 0 0 59
K 0 -23 59
K 0 -42 125
A D 8 16 0
A P 1 95 0
J B 38 1186 1 82 6913 1152 0
J N 6 1207 49 3 1 0 0
K 0 0 43
K 0 0 53
A D 2 16 0
A P 1 112 0
J R 6 1249 28 2 1729 288 0
K 0 0 49
A D 2 16 1
A P 1 0 1
J R 7 1307 28 2 3457 288 0
K 0 0 48
A D 4 16 0
A P 1 0 0
J B 39 1413 1 82 6913 576 0
J R 7 1434 28 2 1 0 0
K 0 0 48
A D 4 16 0
A P 1 0 0
J N 7 1531 -28 8 3457 576 1 19
K 0 14 45
K 0 0 45
K 0 0 43
K -1 0 45
K 2 0 45
K 0 0 60
K 0 28 60
A D 4 16 0
A P 1 175 0
J B 40 1639 1 82 6913 576 0
J N 7 1660 0 4 1 0 0
K 0 0 43
K 0 0 60
K 0 21 60
A D 4 16 0
A P 1 152 0
J N 7 1757 21 4 3457 576 0
K 0 0 43
K 0 0 60
K 0 21 60
A D 4 16 0
A P 1 135 0
J B 41 1865 1 82 6913 576 0
J N 7 1886 49 4 1 0 0
K 0 0 43
K 0 0 59
K 0 -21 59
A D 4 16 0
A P 1 112 0
J N 7 1968 70 7 3457 576 0
K 1 0 45
K 0 0 43
K -1 0 45
K 2 0 45
K 0 0 59
K 0 -21 59
A D 4 16 0
A P 1 95 0
J B 42 2050 1 82 6913 576 0
J M 0 2050 5 0 6913 0 1 19
H 19 S 0 0 0 0 0 0 0 0
E *
B 1 377 0
B 1 630 0
B 1 901 0
B 1 1186 0
B 1 1413 0
B 1 1639 0
B 1 1865 0
B 1 2050 0
