X 46 1200C 120 Violino I
X 46 1200C 270 I.
S 0 300 390 1950 84 1 "(.)"
L 0 0 0 0 0 * 0 21 0
J D 1 112 -56 1 6913 0 0
W 0 -84 0 (44) First Movement: Erwachen heiterer Empfindungen bei der Ankun:  Violino I
J C 4 7 63 2 6913 0 0
K 0 0 33
K 0 0 34
J K -1 85 0 1 6913 0 0
K 0 42 65
J D 5 128 -60 1 6913 0 0
W 0 0 37 Allegro ma non troppo.  (\0& = 66)
J T 204 142 0 2 6913 0 0
K -15 42 73
K -15 84 75
J R 6 201 42 2 1 0 0
K 0 0 49
A D 6 48 0
A P 1 0 0
J N 6 241 52 3 1729 288 2 1 2
K 0 0 43
K 0 99 108
A D 6 48 0
A P 1 192 0
J N 6 281 42 2 3457 288 2 2 1
K 0 0 43
A D 6 48 0
A P 1 197 0
H 1 S 0 0 0 0 0 0 0 0 0
J N 6 321 21 3 5185 288 1 2
K 0 0 43
K 0 -32 96
A D 6 48 0
A P 1 209 0
H 2 B -62 -6 112 3 2 1 3
J B 2 367 1 82 6913 288 0
J N 6 399 31 2 1 0 2 3 4
K 0 0 43
A D 6 48 0
A P 1 203 0
J N 5 439 42 2 1729 288 1 4
K 0 0 43
A D 3 48 0
A P 1 197 0
J N 5 473 52 2 2593 144 2 4 3
K 0 0 43
A D 3 48 0
A P 1 192 0
H 4 B -76 5 112 3 2 21 33
H 3 S 0 0 0 0 0 0 0 0 0
J N 6 507 63 3 3457 144 1 5
K 0 0 43
K 0 31 96
A D 6 48 0
A P 1 186 0
J N 6 547 105 6 5185 288 1 5
K 1 0 45
K 0 0 43
K -1 0 45
K 6 0 45
K 0 26 96
A D 6 48 0
A P 1 163 0
H 5 B 72 6 112 2 2 3
J B 3 593 1 82 6913 288 0
J N 6 625 73 2 1 0 2 6 7
K 0 0 43
A D 6 48 0
A P 1 180 0
J N 6 665 63 2 1729 288 1 7
K 0 0 43
A D 6 48 0
A P 1 186 0
H 7 B 76 -3 112 2 2 3
J N 6 705 52 2 3457 288 1 8
K 0 0 43
A D 6 48 0
A P 1 192 0
J N 5 745 42 2 5185 288 1 8
K 0 0 43
A D 3 48 0
A P 1 197 0
J N 5 779 52 2 6049 144 2 8 6
K 0 0 43
A D 3 48 0
A P 1 192 0
H 8 B 78 0 112 3 2 21 33
H 6 S 12 0 0 0 0 0 0 0 0
J B 4 816 1 82 6913 144 0
J N 8 848 63 5 1 0 0
K 0 0 42
K 0 -84 101
K 0 0 59
K 0 -32 59
A D 24 48 0
A P 1 186 0
J B 5 938 1 82 6913 1152 0
J R 9 1017 42 46 1 10000 0
J B 6 1138 1 82 6913 1152 0
J R 6 1170 42 2 1 0 0
K 0 0 49
A D 6 48 0
A P 1 0 0
J N 5 1210 63 2 1729 288 2 9 10
K 0 0 43
A D 3 48 0
A P 1 186 0
J N 5 1250 52 2 2593 144 1 10
K 0 0 43
A D 3 48 0
A P 1 192 0
H 10 B 85 -4 112 2 22 33
J N 6 1290 42 2 3457 144 1 11
K 0 0 43
A D 6 48 0
A P 1 197 0
J N 6 1330 63 2 5185 288 1 11
K 0 0 43
A D 6 48 0
A P 1 186 0
H 11 B 72 6 112 2 2 3
J B 7 1376 1 82 6913 288 0
J N 6 1408 52 3 1 0 1 9
K 0 0 43
K 0 0 53
A D 6 48 0
A P 1 192 0
H 9 S 12 0 0 0 0 0 0 0 0
J R 7 1460 42 2 1729 288 0
K 0 0 48
A D 12 48 0
A P 1 0 0
J N 6 1516 42 3 5185 576 1 12
K 0 0 43
K 0 0 54
A D 6 48 0
A P 1 197 0
J B 8 1562 1 82 6913 288 0
J N 6 1594 63 2 1 0 2 13 12
K 0 0 43
A D 6 48 0
A P 1 186 0
H 12 S 0 0 0 0 0 0 0 0 0
J N 5 1634 63 2 1729 288 2 14 13
K 0 0 43
A D 3 48 0
A P 1 186 0
J N 5 1674 52 2 2593 144 1 13
K 0 0 43
A D 3 48 0
A P 1 192 0
H 13 B 66 -2 112 3 2 21 33
J N 6 1714 42 2 3457 144 1 15
K 0 0 43
A D 6 48 0
A P 1 197 0
J N 6 1754 63 2 5185 288 2 15 14
K 0 0 43
A D 6 48 0
A P 1 186 0
H 15 B 72 6 112 2 2 3
H 14 S 12 0 0 0 0 0 0 0 0
J B 9 1800 1 82 6913 288 0
J D 0 1832 0 1 1 0 0
W 0 142 36 cresc.
J N 7 1832 52 4 1 0 1 16
K 0 0 43
K 0 0 59
K 0 -31 59
A D 12 48 0
A P 1 192 0
J N 7 1888 31 4 3457 576 0
K 0 0 43
K 0 0 60
K 0 32 60
A D 12 48 0
A P 1 203 0
J B 10 1950 1 82 6913 576 0
J M 0 1950 -11 0 6913 0 1 16
H 16 S 0 9 -63 0 0 0 0 0
E *
B 1 367 0
B 1 593 0
B 1 816 0
B 1 938 0
B 1 1138 0
B 1 1376 0
B 1 1562 0
B 1 1800 0
B 1 1950 0
S 0 200 705 2050 84 1 "(.)"
L 0 0 0 369 369 * 0 21 0
J C 4 7 63 2 6913 0 0
K 0 0 33
K 0 0 34
J K -1 85 0 1 6913 0 0
K 0 42 65
J D 0 -16 -21 1 6913 0 0
W 0 0 37 \01\00
J N 7 170 42 5 1 0 0
K 0 0 43
K 36 -9 44
K 0 0 60
K 0 31 60
A D 18 48 0
A P 1 197 0
J N 6 248 52 3 5185 864 1 16
K 0 0 43
K 0 0 53
A D 6 48 0
A P 1 192 0
J M 0 148 0 0 6913 0 1 16
H 16 S 0 0 -11 9 -63 0 0 0
J B 11 304 1 82 6913 288 0
J N 7 336 21 5 1 0 1 17
K 0 0 43
K 0 111 110
K 0 0 60
K 0 31 60
A D 12 48 0
A P 1 209 0
J N 7 398 31 4 3457 576 1 17
K 0 0 43
K 0 0 60
K 0 32 60
A D 12 48 0
A P 1 203 0
H 17 S 0 0 0 0 0 0 0 0 0
J B 12 464 1 82 6913 576 0
J N 6 496 63 3 1 0 1 18
K 0 0 43
K 0 31 96
A D 6 48 0
A P 1 186 0
J N 5 542 63 2 1729 288 2 19 18
K 0 0 43
A D 3 48 0
A P 1 186 0
J N 5 582 52 2 2593 144 1 18
K 0 0 43
A D 3 48 0
A P 1 192 0
H 18 B 66 -2 112 3 2 21 33
J N 6 622 42 2 3457 144 1 20
K 0 0 43
A D 6 48 0
A P 1 197 0
J N 6 668 63 2 5185 288 2 20 19
K 0 0 43
A D 6 48 0
A P 1 186 0
H 20 B 72 5 112 2 2 3
H 19 S 12 0 0 0 0 0 0 0 0
J B 13 718 1 82 6913 288 0
J N 7 750 52 5 1 0 1 21
K 0 0 43
K 0 80 110
K 0 0 59
K 0 -31 59
A D 12 48 0
A P 1 192 0
J N 7 812 31 4 3457 576 0
K 0 0 43
K 0 0 60
K 0 32 60
A D 12 48 0
A P 1 203 0
J B 14 878 1 82 6913 576 0
J N 7 910 42 5 1 0 0
K 0 0 43
K 36 -9 44
K 0 0 60
K 0 31 60
A D 18 48 0
A P 1 197 0
J N 6 987 52 3 5185 864 1 21
K 0 0 43
K 0 0 53
A D 6 48 0
A P 1 192 0
H 21 S 0 9 -63 9 -63 0 0 0 0
J B 15 1042 1 82 6913 288 0
J N 7 1074 21 5 1 0 1 22
K 0 0 43
K 0 105 108
K 0 0 60
K 0 31 60
A D 12 48 0
A P 1 209 0
J N 7 1135 31 4 3457 576 1 22
K 0 0 43
K 0 0 60
K 0 32 60
A D 12 48 0
A P 1 203 0
H 22 S 0 0 0 0 0 0 0 0 0
J B 16 1200 1 82 6913 576 0
J D 0 1232 0 1 1 0 1 23
W 0 147 36 cresc.
J N 6 1232 63 3 1 0 1 24
K 0 0 43
K 0 31 96
A D 6 48 0
A P 1 186 0
J N 5 1277 63 2 1729 288 2 25 24
K 0 0 43
A D 3 48 0
A P 1 186 0
J N 5 1317 52 2 2593 144 2 24 25
K 0 0 43
A D 3 48 0
A P 1 192 0
H 24 B 66 -2 112 3 2 21 33
H 25 S 12 0 0 0 0 0 0 0 0
J N 6 1357 42 3 3457 144 1 26
K 0 0 43
K 0 -32 96
A D 6 48 0
A P 1 197 0
J N 6 1419 42 4 5185 288 1 26
K -22 0 64
K 0 0 43
K 0 -32 96
A D 6 48 0
A P 1 198 0
H 26 B -63 0 112 2 2 3
J B 17 1468 1 82 6913 288 0
J N 6 1500 31 3 1 0 1 27
K 0 0 43
K 0 21 96
A D 6 48 0
A P 1 203 0
J N 5 1545 63 2 1729 288 2 28 27
K 0 0 43
A D 3 48 0
A P 1 186 0
J N 5 1585 52 2 2593 144 2 27 28
K 0 0 43
A D 3 48 0
A P 1 192 0
H 27 B 67 4 112 3 2 21 33
H 28 S 12 0 0 0 0 0 0 0 0
J N 6 1648 42 4 3457 144 1 29
K -23 0 65
K 0 0 43
K 0 -32 96
A D 6 48 0
A P 1 197 0
J N 6 1710 42 4 5185 288 1 29
K -22 0 64
K 0 0 43
K 0 -32 96
A D 6 48 0
A P 1 198 0
H 29 B -63 0 112 2 2 3
J B 18 1759 1 82 6913 288 0
J N 6 1791 31 3 1 0 1 30
K 0 0 43
K 0 21 96
A D 6 48 0
A P 1 203 0
J N 5 1836 63 2 1729 288 2 31 30
K 0 0 43
A D 3 48 0
A P 1 186 0
J N 5 1876 52 2 2593 144 2 30 31
K 0 0 43
A D 3 48 0
A P 1 192 0
H 30 B 67 4 112 3 2 21 33
H 31 S 12 0 0 0 0 0 0 0 0
J N 6 1939 42 4 3457 144 1 32
K -23 0 65
K 0 0 43
K 0 -32 96
A D 6 48 0
A P 1 197 0
J N 6 2001 42 4 5185 288 1 32
K -22 0 64
K 0 0 43
K 0 -32 96
A D 6 48 0
A P 1 198 0
H 32 B -63 0 112 2 2 3
J B 19 2050 1 82 6913 288 0
J M 0 2050 0 0 6913 0 1 23
H 23 D 147 0 147 0 31
E *
B 1 304 0
B 1 464 0
B 1 718 0
B 1 878 0
B 1 1042 0
B 1 1200 0
B 1 1468 0
B 1 1759 0
B 1 2050 0
S 0 200 1020 2050 84 1 "(.)"
L 0 0 0 369 369 * 0 21 0
J C 4 7 63 2 6913 0 0
K 0 0 33
K 0 0 34
J K -1 85 0 1 6913 0 0
K 0 42 65
J D 0 -16 -21 1 6913 0 0
W 0 0 37 \01\09
J N 6 170 31 3 1 0 1 33
K 0 0 43
K 0 21 96
A D 6 48 0
A P 1 203 0
J N 5 231 63 2 1729 288 2 34 33
K 0 0 43
A D 3 48 0
A P 1 186 0
J N 5 271 52 2 2593 144 2 33 34
K 0 0 43
A D 3 48 0
A P 1 192 0
H 33 B 67 4 112 3 2 21 33
H 34 S 12 0 0 0 0 0 0 0 0
J N 6 334 42 4 3457 144 1 35
K -23 0 65
K 0 0 43
K 0 -32 96
A D 6 48 0
A P 1 197 0
J N 6 397 42 4 5185 288 1 35
K -22 0 64
K 0 0 43
K 0 -32 96
A D 6 48 0
A P 1 198 0
H 35 B -63 0 112 2 2 3
J M 0 453 0 0 6913 288 1 23
J M 0 169 0 0 6913 0 1 23
H 23 D 0 0 147 0 31
J B 20 459 1 82 6913 0 0
J N 6 491 31 4 1 0 1 36
K 0 0 43
K 0 21 96
K 0 111 110
A D 6 48 0
A P 1 203 0
J N 5 552 63 2 1729 288 2 37 36
K 0 0 43
A D 3 48 0
A P 1 186 0
J N 5 592 52 2 2593 144 2 36 37
K 0 0 43
A D 3 48 0
A P 1 192 0
H 36 B 67 4 112 3 2 21 33
H 37 S 12 0 0 0 0 0 0 0 0
J N 6 655 42 4 3457 144 1 38
K -23 0 65
K 0 0 43
K 0 -32 96
A D 6 48 0
A P 1 197 0
J N 6 717 42 4 5185 288 1 38
K -22 0 64
K 0 0 43
K 0 -32 96
A D 6 48 0
A P 1 198 0
H 38 B -63 0 112 2 2 3
J B 21 778 1 82 6913 288 0
J D 0 810 0 1 1 0 1 39
W 0 147 36 dimin.
J N 6 810 31 3 1 0 1 40
K 0 0 43
K 0 21 96
A D 6 48 0
A P 1 203 0
J N 5 870 63 2 1729 288 2 41 40
K 0 0 43
A D 3 48 0
A P 1 186 0
J N 5 910 52 2 2593 144 2 40 41
K 0 0 43
A D 3 48 0
A P 1 192 0
H 40 B 67 4 112 3 2 21 33
H 41 S 12 0 0 0 0 0 0 0 0
J N 6 973 42 4 3457 144 1 42
K -23 0 65
K 0 0 43
K 0 -32 96
A D 6 48 0
A P 1 197 0
J N 6 1035 42 4 5185 288 1 42
K -22 0 64
K 0 0 43
K 0 -32 96
A D 6 48 0
A P 1 198 0
H 42 B -63 0 112 2 2 3
J B 22 1096 1 82 6913 288 0
J N 6 1128 31 3 1 0 1 43
K 0 0 43
K 0 21 96
A D 6 48 0
A P 1 203 0
J N 5 1188 63 2 1729 288 2 44 43
K 0 0 43
A D 3 48 0
A P 1 186 0
J N 5 1228 52 2 2593 144 2 43 44
K 0 0 43
A D 3 48 0
A P 1 192 0
H 43 B 67 4 112 3 2 21 33
H 44 S 12 0 0 0 0 0 0 0 0
J N 6 1291 42 4 3457 144 1 45
K -23 0 65
K 0 0 43
K 0 -32 96
A D 6 48 0
A P 1 197 0
J N 6 1353 42 4 5185 288 1 45
K -22 0 64
K 0 0 43
K 0 -32 96
A D 6 48 0
A P 1 198 0
H 45 B -63 0 112 2 2 3
J B 23 1414 1 82 6913 288 0
J N 6 1446 31 3 1 0 1 46
K 0 0 43
K 0 21 96
A D 6 48 0
A P 1 203 0
J N 5 1506 63 2 1729 288 2 47 46
K 0 0 43
A D 3 48 0
A P 1 186 0
J N 5 1546 52 2 2593 144 2 46 47
K 0 0 43
A D 3 48 0
A P 1 192 0
H 46 B 67 4 112 3 2 21 33
H 47 S 12 0 0 0 0 0 0 0 0
J N 6 1609 42 4 3457 144 1 48
K -23 0 65
K 0 0 43
K 0 -32 96
A D 6 48 0
A P 1 197 0
J N 6 1671 42 4 5185 288 1 48
K -22 0 64
K 0 0 43
K 0 -32 96
A D 6 48 0
A P 1 198 0
H 48 B -63 0 112 2 2 3
J B 24 1732 1 82 6913 288 0
J N 6 1764 31 3 1 0 2 49 50
K 0 0 43
K 0 21 96
A D 6 48 0
A P 1 203 0
J N 5 1824 63 2 1729 288 1 50
K 0 0 43
A D 3 48 0
A P 1 186 0
J N 5 1864 52 2 2593 144 2 50 49
K 0 0 43
A D 3 48 0
A P 1 192 0
H 50 B 67 4 112 3 2 21 33
H 49 S 12 0 21 0 0 0 0 0 0
J N 6 1927 42 4 3457 144 1 51
K -23 0 65
K 0 0 43
K 0 -32 96
A D 6 48 0
A P 1 197 0
J N 6 1989 42 4 5185 288 1 51
K -22 0 64
K 0 0 43
K 0 -32 96
A D 6 48 0
A P 1 198 0
H 51 B -63 0 112 2 2 3
J M 0 2044 0 0 6913 288 1 39
H 39 D 163 0 147 0 31
J B 25 2050 1 82 6913 0 0
E *
B 1 459 0
B 1 778 0
B 1 1096 0
B 1 1414 0
B 1 1732 0
B 1 2050 0
S 0 200 1335 2050 84 1 "(.)"
L 0 0 0 369 369 * 0 21 0
J C 4 7 63 2 6913 0 0
K 0 0 33
K 0 0 34
J K -1 85 0 1 6913 0 0
K 0 42 65
J D 0 -16 -21 1 6913 0 0
W 0 0 37 \02\05
J N 6 170 31 5 1 0 1 52
K 0 0 43
K 0 21 96
K 0 109 108
K 34 109 108
A D 6 48 0
A P 1 203 0
J N 5 210 63 2 1729 288 2 53 52
K 0 0 43
A D 3 48 0
A P 1 186 0
J N 5 250 52 2 2593 144 2 52 53
K 0 0 43
A D 3 48 0
A P 1 192 0
H 52 B 67 5 112 3 2 21 33
H 53 S 12 0 0 0 0 0 0 0 0
J N 6 313 42 4 3457 144 1 54
K -23 0 65
K 0 0 43
K 0 -32 96
A D 6 48 0
A P 1 197 0
J N 6 375 42 4 5185 288 1 54
K -22 0 64
K 0 0 43
K 0 -32 96
A D 6 48 0
A P 1 198 0
H 54 B -63 0 112 2 2 3
J B 26 421 1 82 6913 288 0
J N 6 453 31 3 1 0 1 55
K 0 0 43
K 0 -21 96
A D 6 48 0
A P 1 203 0
J N 5 493 52 2 1729 288 2 56 55
K 0 0 43
A D 3 48 0
A P 1 192 0
J N 5 556 42 3 2593 144 2 55 56
K -23 0 65
K 0 0 43
A D 3 48 0
A P 1 197 0
H 55 B -89 0 112 3 2 21 33
H 56 S 0 0 0 0 0 0 0 0 0
J N 6 596 31 3 3457 144 1 57
K 0 0 43
K 0 -21 96
A D 6 48 0
A P 1 203 0
J N 6 661 31 4 5185 288 1 57
K -25 0 63
K 0 0 43
K 0 -21 96
A D 6 48 0
A P 1 204 0
H 57 B -63 0 112 2 2 3
J B 27 707 1 82 6913 288 0
J N 6 739 21 4 1 0 0
K 0 0 43
K 0 -32 96
K 0 0 54
A D 6 48 0
A P 1 209 0
J R 6 779 42 2 1729 288 0
K 0 0 49
A D 6 48 1
A P 1 0 1
J R 7 819 42 2 3457 288 0
K 0 0 48
A D 12 48 0
A P 1 0 0
J B 28 881 1 82 6913 576 0
J S 4 965 31 8 5 576 0
K 0 0 62
K 0 5 62
K 191 11 92
K 161 11 92
K 131 11 92
K 101 11 92
K 71 11 92
K 41 11 92
K 11 11 92
K 0 11 92
K 221 0 62
K 221 5 62
K 95 9 76
J B 33 1270 1 82 6913 1 0
J R 6 1302 42 2 1 0 0
K 0 0 49
A D 6 48 0
A P 1 0 0
J D 0 1342 0 1 1729 288 1 58
W 0 151 36 cresc.
J N 5 1342 73 2 1729 0 2 59 60
K 0 0 43
A D 3 48 0
A P 1 180 0
J N 5 1382 52 2 2593 144 2 60 59
K 0 0 43
A D 3 48 0
A P 1 192 0
H 60 B 73 -6 112 2 22 33
H 59 S 12 0 0 0 0 0 0 0 0
J R 6 1413 42 2 3457 144 0
K 0 0 49
A D 6 48 0
A P 1 0 0
J N 5 1453 63 2 5185 288 2 61 62
K 0 0 43
A D 3 48 0
A P 1 186 0
J N 5 1493 42 2 6049 144 2 62 61
K 0 0 43
A D 3 48 0
A P 1 197 0
H 62 B 84 -6 112 2 22 33
H 61 S 12 0 0 0 0 0 0 0 0
J B 34 1530 1 82 6913 144 0
J R 6 1562 42 2 1 0 0
K 0 0 49
A D 6 48 0
A P 1 0 0
J N 5 1602 52 2 1729 288 2 63 64
K 0 0 43
A D 3 48 0
A P 1 192 0
J N 5 1642 31 2 2593 144 2 64 63
K 0 0 43
A D 3 48 0
A P 1 203 0
H 64 B 73 -6 112 2 22 33
H 63 S 12 0 0 0 0 0 0 0 0
J R 6 1673 42 2 3457 144 0
K 0 0 49
A D 6 48 0
A P 1 0 0
J N 5 1713 63 2 5185 288 2 65 66
K 0 0 43
A D 3 48 0
A P 1 186 0
J N 5 1753 10 2 6049 144 2 66 65
K 0 0 43
A D 3 48 0
A P 1 215 0
H 66 B -67 -7 112 2 22 33
H 65 S 0 0 0 0 0 0 0 0 0
J B 35 1790 1 82 6913 144 0
J R 6 1822 42 2 1 0 0
K 0 0 49
A D 6 48 0
A P 1 0 0
J N 5 1862 52 2 1729 288 2 67 68
K 0 0 43
A D 3 48 0
A P 1 192 0
J N 5 1902 0 2 2593 144 2 68 67
K 0 0 43
A D 3 48 0
A P 1 220 0
H 68 B -61 -6 112 2 22 33
H 67 S 0 0 0 0 0 0 0 0 0
J R 6 1933 42 2 3457 144 0
K 0 0 49
A D 6 48 0
A P 1 0 0
J N 5 1973 52 2 5185 288 2 69 70
K 0 0 43
A D 3 48 0
A P 1 192 0
J N 5 2013 0 2 6049 144 2 70 69
K 0 0 43
A D 3 48 0
A P 1 220 0
H 70 B -61 -6 112 2 22 33
H 69 S 0 0 0 0 0 0 0 0 0
J B 36 2050 1 82 6913 144 0
J M 0 2050 0 0 6913 0 1 58
H 58 D 147 0 157 0 31
E *
B 1 421 0
B 1 707 0
B 1 881 0
B 1 1270 0
B 1 1530 0
B 1 1790 0
B 1 2050 0
S 0 200 1650 2050 84 1 "(.)"
L 0 0 0 369 369 * 0 21 0
J C 4 7 63 2 6913 0 0
K 0 0 33
K 0 0 34
J K -1 85 0 1 6913 0 0
K 0 42 65
J D 0 -16 -21 1 6913 0 0
W 0 0 37 \03\06
J R 6 170 42 2 1 0 0
K 0 0 49
A D 6 48 0
A P 1 0 0
J N 5 217 10 2 1729 288 2 71 72
K 0 0 43
A D 3 48 0
A P 1 215 0
J N 5 257 -11 2 2593 144 2 72 71
K 0 0 43
A D 3 48 0
A P 1 226 0
H 72 B -61 -6 112 2 22 33
H 71 S 0 0 0 0 0 0 0 0 0
J R 6 288 42 2 3457 144 0
K 0 0 49
A D 6 48 0
A P 1 0 0
J N 5 335 10 2 5185 288 2 73 74
K 0 0 43
A D 3 48 0
A P 1 215 0
J N 5 375 -11 2 6049 144 2 74 73
K 0 0 43
A D 3 48 0
A P 1 226 0
H 74 B -61 -6 112 2 22 33
H 73 S 0 0 0 0 0 0 0 0 0
J M 0 406 0 0 6913 144 1 58
J M 0 169 0 0 6913 0 1 58
H 58 D 0 0 157 0 31
J B 37 412 1 82 6913 0 0
J N 6 444 -21 8 1 0 0
K 0 0 45
K 0 0 43
K -1 0 45
K 6 0 45
K 0 -26 96
K 0 163 110
K 0 0 54
A D 6 48 0
A P 1 232 0
J N 6 491 -21 6 1729 288 1 75
K 0 0 45
K 0 0 43
K -1 0 45
K 6 0 45
K 0 -26 96
A D 6 48 0
A P 1 232 0
J N 6 538 -32 6 3457 288 1 75
K 0 11 45
K 0 0 43
K 0 11 45
K 2 11 45
K 0 -26 96
A D 6 48 0
A P 1 237 0
J N 6 585 -53 7 5185 288 1 75
K 0 32 45
K 0 11 45
K 0 0 43
K 0 11 45
K 2 11 45
K 0 -26 96
A D 6 48 0
A P 1 249 0
H 75 B -71 -2 112 3 2 1 3
J B 38 632 1 82 6913 288 0
J N 6 664 -42 6 1 0 2 76 77
K 0 21 45
K 0 0 45
K 0 0 43
K -1 0 45
K 6 0 45
A D 6 48 0
A P 1 243 0
J N 5 711 -32 5 1729 288 1 77
K 0 11 45
K 0 0 43
K 0 11 45
K 2 11 45
A D 3 48 0
A P 1 237 0
J N 5 745 -21 5 2593 144 2 77 76
K 0 0 45
K 0 0 43
K -1 0 45
K 6 0 45
A D 3 48 0
A P 1 232 0
H 77 B -86 3 112 3 2 21 33
H 76 S 0 0 0 0 0 0 0 0 0
J N 6 779 -11 3 3457 144 1 78
K 0 0 43
K 0 -26 96
A D 6 48 0
A P 1 226 0
J N 6 826 31 3 5185 288 1 78
K 0 0 43
K 0 -21 96
A D 6 48 0
A P 1 203 0
H 78 B -98 5 112 2 2 3
J B 39 873 1 82 6913 288 0
J N 6 905 0 3 1 0 1 79
K 0 0 43
K 0 -26 96
A D 6 48 0
A P 1 220 0
J N 6 952 -11 3 1729 288 1 79
K 0 0 43
K 0 -26 96
A D 6 48 0
A P 1 226 0
H 79 B -71 -4 112 2 2 3
J N 6 999 -21 5 3457 288 2 80 81
K 0 0 45
K 0 0 43
K -1 0 45
K 6 0 45
A D 6 48 0
A P 1 232 0
J N 5 1046 -32 5 5185 288 1 81
K 0 11 45
K 0 0 43
K 0 11 45
K 2 11 45
A D 3 48 0
A P 1 237 0
J N 5 1080 -21 5 6049 144 2 81 80
K 0 0 45
K 0 0 43
K -1 0 45
K 6 0 45
A D 3 48 0
A P 1 232 0
H 81 B -69 0 112 3 2 21 33
H 80 S 0 0 0 0 0 0 0 0 0
J B 40 1117 1 82 6913 144 0
J N 6 1149 -11 3 1 0 1 82
K 0 0 43
K 0 -26 96
A D 6 48 0
A P 1 226 0
J N 6 1196 -21 6 1729 288 1 82
K 0 0 45
K 0 0 43
K -1 0 45
K 6 0 45
K 0 -26 96
A D 6 48 0
A P 1 232 0
H 82 B -62 -3 112 2 2 3
J N 6 1243 -32 5 3457 288 2 83 84
K 0 11 45
K 0 0 43
K 0 11 45
K 2 11 45
A D 6 48 0
A P 1 237 0
J N 5 1290 -42 6 5185 288 1 84
K 0 21 45
K 0 0 45
K 0 0 43
K -1 0 45
K 6 0 45
A D 3 48 0
A P 1 243 0
J N 5 1324 -32 5 6049 144 2 84 83
K 0 11 45
K 0 0 43
K 0 11 45
K 2 11 45
A D 3 48 0
A P 1 237 0
H 84 B -76 0 112 3 2 21 33
H 83 S 0 0 0 0 0 0 0 0 0
J B 41 1361 1 82 6913 144 0
J N 6 1393 -21 5 1 0 2 85 86
K 0 0 45
K 0 0 43
K -1 0 45
K 6 0 45
A D 6 48 0
A P 1 232 0
J N 6 1440 -42 6 1729 288 2 86 85
K 0 21 45
K 0 0 45
K 0 0 43
K -1 0 45
K 6 0 45
A D 6 48 0
A P 1 243 0
H 85 S 0 0 0 0 0 0 0 0 0
J N 6 1487 -42 7 3457 288 1 86
K 0 21 45
K 0 0 45
K 0 0 43
K -1 0 45
K 6 0 45
K 0 -26 96
A D 6 48 0
A P 1 243 0
J N 6 1534 -42 7 5185 288 1 86
K 0 21 45
K 0 0 45
K 0 0 43
K -1 0 45
K 6 0 45
K 0 -26 96
A D 6 48 0
A P 1 243 0
H 86 B -70 0 112 4 2 1 1 3
J B 42 1581 1 82 6913 288 0
J N 7 1613 -42 8 1 0 1 87
K 0 21 45
K 0 0 45
K 0 0 43
K -1 0 45
K 6 0 45
K 0 0 60
K 0 42 60
A D 12 48 0
A P 1 243 0
J N 5 1670 -32 5 3457 576 1 88
K 0 11 45
K 0 0 43
K 0 11 45
K 2 11 45
A D 3 48 0
A P 1 237 0
J N 5 1704 -21 5 4321 144 1 88
K 0 0 45
K 0 0 43
K -1 0 45
K 6 0 45
A D 3 48 0
A P 1 232 0
J N 5 1738 -11 2 5185 144 1 88
K 0 0 43
A D 3 48 0
A P 1 226 0
J N 5 1772 0 2 6049 144 2 88 87
K 0 0 43
A D 3 48 0
A P 1 220 0
H 88 B -78 6 112 4 22 11 11 33
H 87 S 0 0 0 0 0 0 0 0 0
J B 43 1809 1 82 6913 144 0
J N 6 1841 10 3 1 0 1 89
K 0 0 43
K 0 -26 96
A D 6 48 0
A P 1 215 0
J N 6 1887 0 3 1729 288 1 89
K 0 0 43
K 0 -26 96
A D 6 48 0
A P 1 220 0
H 89 B -62 -3 112 2 2 3
J N 6 1933 -11 2 3457 288 2 90 91
K 0 0 43
A D 6 48 0
A P 1 226 0
J N 5 1979 -21 5 5185 288 1 91
K 0 0 45
K 0 0 43
K -1 0 45
K 6 0 45
A D 3 48 0
A P 1 232 0
J N 5 2013 -11 2 6049 144 2 91 90
K 0 0 43
A D 3 48 0
A P 1 226 0
H 91 B -76 0 112 3 2 21 33
H 90 S 0 0 0 0 0 0 0 0 0
J B 44 2050 1 82 6913 144 0
E *
B 1 412 0
B 1 632 0
B 1 873 0
B 1 1117 0
B 1 1361 0
B 1 1581 0
B 1 1809 0
B 1 2050 0
S 0 200 1965 2050 84 1 "(.)"
L 0 0 0 369 369 * 0 21 0
J C 4 7 63 2 6913 0 0
K 0 0 33
K 0 0 34
J K -1 85 0 1 6913 0 0
K 0 42 65
J D 0 -16 -21 1 6913 0 0
W 0 0 37 \04\04
J N 6 170 0 3 1 0 1 92
K 0 0 43
K 0 -26 96
A D 6 48 0
A P 1 220 0
J N 6 215 -11 3 1729 288 1 92
K 0 0 43
K 0 -26 96
A D 6 48 0
A P 1 226 0
H 92 B -71 -4 112 2 2 3
J N 6 260 -21 5 3457 288 2 93 94
K 0 0 45
K 0 0 43
K -1 0 45
K 6 0 45
A D 6 48 0
A P 1 232 0
J N 5 304 -32 5 5185 288 1 94
K 0 11 45
K 0 0 43
K 0 11 45
K 2 11 45
A D 3 48 0
A P 1 237 0
J N 5 338 -21 5 6049 144 2 94 93
K 0 0 45
K 0 0 43
K -1 0 45
K 6 0 45
A D 3 48 0
A P 1 232 0
H 94 B -69 0 112 3 2 21 33
H 93 S 0 0 0 0 0 0 0 0 0
J B 45 375 1 82 6913 144 0
J N 6 407 -11 2 1 0 2 95 96
K 0 0 43
A D 6 48 0
A P 1 226 0
J N 6 451 -32 5 1729 288 2 96 95
K 0 11 45
K 0 0 43
K 0 11 45
K 2 11 45
A D 6 48 0
A P 1 237 0
H 95 S 0 0 0 0 0 0 0 0 0
J N 6 495 -32 6 3457 288 1 96
K 0 11 45
K 0 0 43
K 0 11 45
K 2 11 45
K 0 -26 96
A D 6 48 0
A P 1 237 0
J N 6 539 -32 6 5185 288 1 96
K 0 11 45
K 0 0 43
K 0 11 45
K 2 11 45
K 0 -26 96
A D 6 48 0
A P 1 237 0
H 96 B -64 -2 112 4 2 1 1 3
J B 46 585 1 82 6913 288 0
J N 7 617 -32 7 1 0 1 97
K 0 11 45
K 0 0 43
K 0 11 45
K 2 11 45
K 0 0 60
K 0 32 60
A D 12 48 0
A P 1 237 0
J N 5 673 -42 6 3457 576 1 98
K 0 21 45
K 0 0 45
K 0 0 43
K -1 0 45
K 6 0 45
A D 3 48 0
A P 1 243 0
J N 5 707 -32 5 4321 144 1 98
K 0 11 45
K 0 0 43
K 0 11 45
K 2 11 45
A D 3 48 0
A P 1 237 0
J N 5 741 -21 5 5185 144 1 98
K 0 0 45
K 0 0 43
K -1 0 45
K 6 0 45
A D 3 48 0
A P 1 232 0
J N 5 775 -11 2 6049 144 2 98 97
K 0 0 43
A D 3 48 0
A P 1 226 0
H 98 B -89 5 112 4 22 11 11 33
H 97 S 0 0 0 0 0 0 0 0 0
J B 47 812 1 82 6913 144 0
J N 6 844 -21 6 1 0 1 99
K 0 0 45
K 0 0 43
K -1 0 45
K 6 0 45
K 0 -26 96
A D 6 48 0
A P 1 232 0
J N 6 888 -32 6 1729 288 1 99
K 0 11 45
K 0 0 43
K 0 11 45
K 2 11 45
K 0 -26 96
A D 6 48 0
A P 1 237 0
H 99 B -70 -3 112 2 2 3
J N 6 932 -42 6 3457 288 2 100 101
K 0 21 45
K 0 0 45
K 0 0 43
K -1 0 45
K 6 0 45
A D 6 48 0
A P 1 243 0
J N 5 976 -53 6 5185 288 1 101
K 0 32 45
K 0 11 45
K 0 0 43
K 0 11 45
K 2 11 45
A D 3 48 0
A P 1 249 0
J N 5 1010 -42 6 6049 144 1 101
K 0 21 45
K 0 0 45
K 0 0 43
K -1 0 45
K 6 0 45
A D 3 48 0
A P 1 243 0
H 101 B -84 0 112 3 2 21 33
J B 48 1047 1 82 6913 144 0
J N 6 1079 -32 5 1 0 1 102
K 0 11 45
K 0 0 43
K 0 11 45
K 2 11 45
A D 6 48 0
A P 1 237 0
J N 5 1123 -42 6 1729 288 1 102
K 0 21 45
K 0 0 45
K 0 0 43
K -1 0 45
K 6 0 45
A D 3 48 0
A P 1 243 0
J N 5 1157 -32 5 2593 144 1 102
K 0 11 45
K 0 0 43
K 0 11 45
K 2 11 45
A D 3 48 0
A P 1 237 0
H 102 B -76 0 112 3 2 21 33
J N 6 1188 -11 2 3457 144 1 103
K 0 0 43
A D 6 48 0
A P 1 226 0
J N 5 1232 -42 6 5185 288 1 103
K 0 21 45
K 0 0 45
K 0 0 43
K -1 0 45
K 6 0 45
A D 3 48 0
A P 1 243 0
J N 5 1266 -32 5 6049 144 2 103 100
K 0 11 45
K 0 0 43
K 0 11 45
K 2 11 45
A D 3 48 0
A P 1 237 0
H 103 B -62 -3 112 3 2 21 33
H 100 S 0 0 -11 0 -10 0 0 0 0
J B 49 1303 1 82 6913 144 0
J N 6 1335 -21 6 1 0 1 104
K 0 0 45
K 0 0 43
K -1 0 45
K 6 0 45
K 0 -26 96
A D 6 48 0
A P 1 232 0
J N 6 1379 -32 6 1729 288 1 104
K 0 11 45
K 0 0 43
K 0 11 45
K 2 11 45
K 0 -26 96
A D 6 48 0
A P 1 237 0
H 104 B -70 -3 112 2 2 3
J N 6 1423 -42 6 3457 288 2 105 106
K 0 21 45
K 0 0 45
K 0 0 43
K -1 0 45
K 6 0 45
A D 6 48 0
A P 1 243 0
J N 5 1467 -53 6 5185 288 1 106
K 0 32 45
K 0 11 45
K 0 0 43
K 0 11 45
K 2 11 45
A D 3 48 0
A P 1 249 0
J N 5 1501 -42 6 6049 144 1 106
K 0 21 45
K 0 0 45
K 0 0 43
K -1 0 45
K 6 0 45
A D 3 48 0
A P 1 243 0
H 106 B -84 0 112 3 2 21 33
J B 50 1538 1 82 6913 144 0
J N 6 1570 -32 5 1 0 1 107
K 0 11 45
K 0 0 43
K 0 11 45
K 2 11 45
A D 6 48 0
A P 1 237 0
J N 5 1614 -42 6 1729 288 1 107
K 0 21 45
K 0 0 45
K 0 0 43
K -1 0 45
K 6 0 45
A D 3 48 0
A P 1 243 0
J N 5 1648 -32 5 2593 144 1 107
K 0 11 45
K 0 0 43
K 0 11 45
K 2 11 45
A D 3 48 0
A P 1 237 0
H 107 B -76 0 112 3 2 21 33
J N 6 1679 -11 2 3457 144 1 108
K 0 0 43
A D 6 48 0
A P 1 226 0
J N 5 1723 -42 6 5185 288 1 108
K 0 21 45
K 0 0 45
K 0 0 43
K -1 0 45
K 6 0 45
A D 3 48 0
A P 1 243 0
J N 5 1757 -32 5 6049 144 2 108 105
K 0 11 45
K 0 0 43
K 0 11 45
K 2 11 45
A D 3 48 0
A P 1 237 0
H 108 B -62 -3 112 3 2 21 33
H 105 S 0 0 -11 0 -10 0 0 0 0
J B 51 1794 1 82 6913 144 0
J N 6 1826 -21 5 1 0 2 109 110
K 0 0 45
K 0 0 43
K -1 0 45
K 6 0 45
A D 6 48 0
A P 1 232 0
J N 5 1870 -42 6 1729 288 1 110
K 0 21 45
K 0 0 45
K 0 0 43
K -1 0 45
K 6 0 45
A D 3 48 0
A P 1 243 0
J N 5 1904 -32 5 2593 144 1 110
K 0 11 45
K 0 0 43
K 0 11 45
K 2 11 45
A D 3 48 0
A P 1 237 0
H 110 B -71 -2 112 3 2 21 33
J N 6 1935 -11 2 3457 144 1 111
K 0 0 43
A D 6 48 0
A P 1 226 0
J N 5 1979 -42 6 5185 288 1 111
K 0 21 45
K 0 0 45
K 0 0 43
K -1 0 45
K 6 0 45
A D 3 48 0
A P 1 243 0
J N 5 2013 -32 5 6049 144 2 111 109
K 0 11 45
K 0 0 43
K 0 11 45
K 2 11 45
A D 3 48 0
A P 1 237 0
H 111 B -62 -3 112 3 2 21 33
H 109 S 0 0 -11 0 -10 0 0 0 0
J B 52 2050 1 82 6913 144 0
E *
B 1 375 0
B 1 585 0
B 1 812 0
B 1 1047 0
B 1 1303 0
B 1 1538 0
B 1 1794 0
B 1 2050 0
S 0 200 2280 2050 84 1 "(.)"
L 0 0 0 369 369 * 0 21 0
J C 4 7 63 2 6913 0 0
K 0 0 33
K 0 0 34
J K -1 85 0 1 6913 0 0
K 0 42 65
J D 0 -16 -21 1 6913 0 0
W 0 0 37 \05\02
J N 6 170 -21 5 1 0 2 112 113
K 0 0 45
K 0 0 43
K -1 0 45
K 6 0 45
A D 6 48 0
A P 1 232 0
J N 5 216 -42 6 1729 288 1 113
K 0 21 45
K 0 0 45
K 0 0 43
K -1 0 45
K 6 0 45
A D 3 48 0
A P 1 243 0
J N 5 250 -32 5 2593 144 1 113
K 0 11 45
K 0 0 43
K 0 11 45
K 2 11 45
A D 3 48 0
A P 1 237 0
H 113 B -71 -2 112 3 2 21 33
J N 6 281 -11 2 3457 144 1 114
K 0 0 43
A D 6 48 0
A P 1 226 0
J N 5 327 -42 6 5185 288 1 114
K 0 21 45
K 0 0 45
K 0 0 43
K -1 0 45
K 6 0 45
A D 3 48 0
A P 1 243 0
J N 5 361 -32 5 6049 144 2 114 112
K 0 11 45
K 0 0 43
K 0 11 45
K 2 11 45
A D 3 48 0
A P 1 237 0
H 114 B -63 -3 112 3 2 21 33
H 112 S 0 0 -11 0 -10 0 0 0 0
J B 53 398 1 82 6913 144 0
J N 6 430 73 11 1 0 0
K 0 -94 45
K 0 -94 43
K -1 -94 45
K 6 -94 45
K 0 -42 43
K 0 0 43
K 0 -94 60
K 0 -52 60
K 0 -10 60
K 0 0 52
A D 6 48 0
A P 1 232 0
A P 1 203 0
A P 1 180 0
J R 6 476 42 2 1729 288 0
K 0 0 49
A D 6 48 1
A P 1 0 1
J R 7 522 42 2 3457 288 0
K 0 0 48
A D 12 48 0
A P 1 0 0
J B 54 585 1 82 6913 576 0
J R 6 617 42 2 1 0 0
K 0 0 49
A D 6 48 0
A P 1 0 0
J N 6 663 73 3 1729 288 2 115 116
K 0 0 43
K 0 63 108
A D 6 48 0
A P 1 180 0
J N 6 709 63 2 3457 288 2 116 115
K 0 0 43
A D 6 48 0
A P 1 186 0
H 115 S 12 0 0 0 0 0 0 0 0
J N 6 755 42 3 5185 288 1 116
K 0 0 43
K 0 31 96
A D 6 48 0
A P 1 197 0
H 116 B 79 -6 112 3 2 1 3
J B 55 801 1 82 6913 288 0
J N 6 833 52 3 1 0 1 117
K 0 0 43
K 0 -21 96
A D 6 48 0
A P 1 192 0
J N 6 878 21 2 1729 288 2 118 117
K 0 0 43
A D 6 48 0
A P 1 209 0
J N 6 923 10 2 3457 288 2 117 118
K 0 0 43
A D 6 48 0
A P 1 215 0
H 118 S 0 0 0 0 0 0 0 0 0
J N 6 968 -11 3 5185 288 1 117
K 0 0 43
K 0 -26 96
A D 6 48 0
A P 1 226 0
H 117 B -61 -6 112 4 2 1 1 3
J B 56 1014 1 82 6913 288 0
J N 6 1046 0 3 1 0 1 119
K 0 0 43
K 0 -26 96
A D 6 48 0
A P 1 220 0
J N 6 1091 0 2 1729 288 2 120 119
K 0 0 43
A D 6 48 0
A P 1 220 0
J N 6 1136 -11 2 3457 288 2 119 120
K 0 0 43
A D 6 48 0
A P 1 226 0
H 120 S 0 0 0 0 0 0 0 0 0
J N 6 1181 -32 6 5185 288 1 119
K 0 11 45
K 0 0 43
K 0 11 45
K 2 11 45
K 0 -26 96
A D 6 48 0
A P 1 237 0
H 119 B -70 -1 112 4 2 1 1 3
J B 57 1227 1 82 6913 288 0
J N 6 1259 -21 6 1 0 0
K 0 0 45
K 0 0 43
K -1 0 45
K 6 0 45
K 0 0 54
A D 6 48 0
A P 1 232 0
J R 6 1304 42 2 1729 288 0
K 0 0 49
A D 6 48 1
A P 1 0 1
J R 7 1349 42 2 3457 288 0
K 0 0 48
A D 12 48 0
A P 1 0 0
J B 58 1411 1 82 6913 576 0
J R 6 1443 42 2 1 0 0
K 0 0 49
A D 6 48 0
A P 1 0 0
J N 6 1488 73 2 1729 288 2 121 122
K 0 0 43
A D 6 48 0
A P 1 180 0
J N 6 1533 63 2 3457 288 2 122 121
K 0 0 43
A D 6 48 0
A P 1 186 0
H 121 S 12 0 0 0 0 0 0 0 0
J N 6 1578 42 3 5185 288 1 122
K 0 0 43
K 0 31 96
A D 6 48 0
A P 1 197 0
H 122 B 80 -6 112 3 2 1 3
J B 59 1624 1 82 6913 288 0
J N 6 1656 52 3 1 0 1 123
K 0 0 43
K 0 -21 96
A D 6 48 0
A P 1 192 0
J N 6 1701 21 2 1729 288 2 124 123
K 0 0 43
A D 6 48 0
A P 1 209 0
J N 6 1746 10 2 3457 288 2 123 124
K 0 0 43
A D 6 48 0
A P 1 215 0
H 124 S 0 0 0 0 0 0 0 0 0
J N 6 1791 -11 3 5185 288 1 123
K 0 0 43
K 0 -26 96
A D 6 48 0
A P 1 226 0
H 123 B -61 -6 112 4 2 1 1 3
J B 60 1837 1 82 6913 288 0
J N 6 1869 0 3 1 0 1 125
K 0 0 43
K 0 -26 96
A D 6 48 0
A P 1 220 0
J N 6 1914 0 2 1729 288 2 126 125
K 0 0 43
A D 6 48 0
A P 1 220 0
J N 6 1959 -11 2 3457 288 2 125 126
K 0 0 43
A D 6 48 0
A P 1 226 0
H 126 S 0 0 0 0 0 0 0 0 0
J N 6 2004 -32 6 5185 288 1 125
K 0 11 45
K 0 0 43
K 0 11 45
K 2 11 45
K 0 -26 96
A D 6 48 0
A P 1 237 0
H 125 B -70 -1 112 4 2 1 1 3
J B 61 2050 1 82 6913 288 0
E *
B 1 398 0
B 1 585 0
B 1 801 0
B 1 1014 0
B 1 1227 0
B 1 1411 0
B 1 1624 0
B 1 1837 0
B 1 2050 0
S 0 200 2595 2050 84 1 "(.)"
L 0 0 0 369 369 * 0 21 0
J C 4 7 63 2 6913 0 0
K 0 0 33
K 0 0 34
J K -1 85 0 1 6913 0 0
K 0 42 65
J D 0 -16 -21 1 6913 0 0
W 0 0 37 \06\01
J N 6 170 -21 6 1 0 0
K 0 0 45
K 0 0 43
K -1 0 45
K 6 0 45
K 0 0 54
A D 6 48 0
A P 1 232 0
J R 6 213 42 2 1729 288 0
K 0 0 49
A D 6 48 1
A P 1 0 1
J R 7 256 42 2 3457 288 0
K 0 0 48
A D 12 48 0
A P 1 0 0
J B 62 321 1 82 6913 576 0
J R 6 353 42 2 1 0 0
K 0 0 49
A D 6 48 0
A P 1 0 0
J N 6 396 0 2 1729 288 2 127 128
K 0 0 43
A D 6 48 0
A P 1 220 0
J N 6 439 -11 2 3457 288 2 128 127
K 0 0 43
A D 6 48 0
A P 1 226 0
H 127 S 0 0 0 0 0 0 0 0 0
J N 6 482 -21 6 5185 288 1 128
K 0 0 45
K 0 0 43
K -1 0 45
K 6 0 45
K 0 -26 96
A D 6 48 0
A P 1 232 0
H 128 B -72 -3 112 3 2 1 3
J B 63 529 1 82 6913 288 0
J N 7 561 -11 4 1 0 0
K 0 0 43
K 0 0 60
K 0 32 60
A D 12 48 0
A P 1 226 0
J R 7 626 42 2 3457 576 0
K 0 0 48
A D 12 48 0
A P 1 0 0
J B 64 691 1 82 6913 576 0
J R 6 723 42 2 1 0 0
K 0 0 49
A D 6 48 0
A P 1 0 0
J N 6 781 0 3 1729 288 2 129 130
K -25 0 63
K 0 0 43
A D 6 48 0
A P 1 221 0
J N 6 824 -11 2 3457 288 2 130 129
K 0 0 43
A D 6 48 0
A P 1 226 0
H 129 S 0 0 0 0 0 0 0 0 0
J N 6 867 -21 6 5185 288 1 130
K 0 0 45
K 0 0 43
K -1 0 45
K 6 0 45
K 0 -26 96
A D 6 48 0
A P 1 232 0
H 130 B -72 -3 112 3 2 1 3
J B 65 914 1 82 6913 288 0
J N 6 946 -11 3 1 0 1 131
K 0 0 43
K 0 -26 96
A D 6 48 0
A P 1 226 0
J N 6 1012 0 3 1729 288 2 132 131
K -25 0 63
K 0 0 43
A D 6 48 0
A P 1 221 0
J N 6 1055 -11 2 3457 288 2 131 132
K 0 0 43
A D 6 48 0
A P 1 226 0
H 132 S 0 0 0 0 0 0 0 0 0
J N 6 1098 -21 6 5185 288 1 131
K 0 0 45
K 0 0 43
K -1 0 45
K 6 0 45
K 0 -26 96
A D 6 48 0
A P 1 232 0
H 131 B -80 0 112 4 2 1 1 3
J B 66 1145 1 82 6913 288 0
J N 6 1177 -11 3 1 0 1 133
K 0 0 43
K 0 -26 96
A D 6 48 0
A P 1 226 0
J N 6 1243 0 3 1729 288 2 134 133
K -25 0 63
K 0 0 43
A D 6 48 0
A P 1 221 0
J N 6 1286 -11 2 3457 288 2 133 134
K 0 0 43
A D 6 48 0
A P 1 226 0
H 134 S 0 0 0 0 0 0 0 0 0
J N 6 1329 -21 6 5185 288 1 133
K 0 0 45
K 0 0 43
K -1 0 45
K 6 0 45
K 0 -26 96
A D 6 48 0
A P 1 232 0
H 133 B -80 0 112 4 2 1 1 3
J B 67 1376 1 82 6913 288 0
J N 6 1408 -11 2 1 0 2 135 136
K 0 0 43
A D 6 48 0
A P 1 226 0
J N 6 1471 0 3 1729 288 1 136
K -22 0 64
K 0 0 43
A D 6 48 0
A P 1 220 0
J N 6 1514 21 2 3457 288 1 136
K 0 0 43
A D 6 48 0
A P 1 209 0
J N 6 1576 42 3 5185 288 1 136
K -22 0 64
K 0 0 43
A D 6 48 0
A P 1 198 0
H 136 B -100 4 112 4 2 1 1 3
J B 68 1622 1 82 6913 288 0
J N 6 1654 63 2 1 0 1 137
K 0 0 43
A D 6 48 0
A P 1 186 0
J N 6 1696 21 2 1729 288 1 137
K 0 0 43
A D 6 48 0
A P 1 209 0
J N 6 1758 42 3 3457 288 1 137
K -22 0 64
K 0 0 43
A D 6 48 0
A P 1 198 0
J N 6 1800 63 2 5185 288 2 137 135
K 0 0 43
A D 6 48 0
A P 1 186 0
H 137 B -63 0 112 4 2 1 1 3
H 135 S 0 0 0 0 -11 0 0 0 0
J B 69 1846 1 82 6913 288 0
J N 6 1878 -21 5 1 0 2 138 139
K 0 0 45
K 0 0 43
K -1 0 45
K 6 0 45
A D 6 48 0
A P 1 232 0
J N 6 1920 -11 2 1729 288 1 139
K 0 0 43
A D 6 48 0
A P 1 226 0
J N 6 1962 10 2 3457 288 1 139
K 0 0 43
A D 6 48 0
A P 1 215 0
J N 6 2004 31 2 5185 288 1 139
K 0 0 43
A D 6 48 0
A P 1 203 0
H 139 B -87 6 112 4 2 1 1 3
J B 70 2050 1 82 6913 288 0
J M 0 2050 15 0 6913 0 1 138
H 138 S 0 0 0 0 0 0 0 0
E *
B 1 321 0
B 1 529 0
B 1 691 0
B 1 914 0
B 1 1145 0
B 1 1376 0
B 1 1622 0
B 1 1846 0
B 1 2050 0
