@ SOURCE: {beethoven/bhl/orch/sym6/stage2/04/s11} MAY/19/2010 [md5sum:52f18899d47590e1f17bce76d515934d]
L 0 0 14 !39Violino II
J D 4 500 -120 1 6913 0 0
W 0 0 44 Fourth Movement: Gewitter Sturm
J D 1 75 -37 1 6913 0 0
W 0 -56 44 Fourth Movement: Gewitter Sturm:  Violino II
J C 4 5 42 2 6913 0 0
K 0 0 33
K 0 0 34
J K -4 57 0 4 6913 0 0
K 0 28 65
K 13 7 65
K 26 35 65
K 39 14 65
J D 5 125 -35 1 6913 0 0
W 0 0 37 Allegro
J T 404 134 0 2 6913 0 0
K -10 28 75
K -10 56 75
Y P 31 Vln_2__
J R 9 173 28 2 1 10000 0
K 0 0 46
A D 16 16 0
A P 1 0 0
J B 2 278 1 82 6913 2304 0
J R 9 299 28 2 1 10000 0
K 0 0 46
A D 16 16 0
A P 1 0 0
J B 3 404 1 82 6913 2304 0
J R 6 425 28 2 1 0 0
K 0 0 49
A D 2 16 0
A P 1 0 0
J N 6 458 35 5 865 288 1 1
K 0 0 43
K 0 14 96
K 0 46 108
K 23 46 108
A D 2 16 0
A P 1 191 0
J N 6 491 28 3 1729 288 1 1
K 0 0 43
K 0 21 96
A D 2 16 0
A P 1 197 0
J N 6 524 35 3 2593 288 1 1
K 0 0 43
K 0 14 96
A D 2 16 0
A P 1 191 0
H 1 B 0 0 108 3 2 1 3
J N 6 565 42 4 3457 288 1 2
K -15 0 65
K 0 0 43
K 0 21 96
A D 2 16 0
A P 1 185 0
J N 6 598 49 3 4321 288 1 2
K 0 0 43
K 0 17 96
A D 2 16 0
A P 1 180 0
J N 6 631 56 3 5185 288 1 2
K 0 0 43
K 0 17 96
A D 2 16 0
A P 1 174 0
J N 6 664 63 3 6049 288 1 2
K 0 0 43
K 0 17 96
A D 2 16 0
A P 1 168 0
H 2 B 0 0 108 4 2 1 1 3
J B 4 701 1 82 6913 288 0
J N 6 722 70 6 1 0 1 3
K 1 0 45
K 0 0 43
K -1 0 45
K 2 0 45
K 0 17 96
A D 2 16 0
A P 1 163 0
J N 6 755 63 3 865 288 1 3
K 0 0 43
K 0 17 96
A D 2 16 0
A P 1 168 0
J N 6 788 56 3 1729 288 1 3
K 0 0 43
K 0 17 96
A D 2 16 0
A P 1 174 0
J N 6 821 49 3 2593 288 1 3
K 0 0 43
K 0 17 96
A D 2 16 0
A P 1 180 0
H 3 B 0 0 108 4 2 1 1 3
J N 6 862 42 4 3457 288 1 4
K -15 0 65
K 0 0 43
K 0 21 96
A D 2 16 0
A P 1 185 0
J N 6 895 35 3 4321 288 1 4
K 0 0 43
K 0 14 96
A D 2 16 0
A P 1 191 0
J N 6 928 42 3 5185 288 1 4
K 0 0 43
K 0 21 96
A D 2 16 0
A P 1 185 0
J N 6 961 49 3 6049 288 1 4
K 0 0 43
K 0 17 96
A D 2 16 0
A P 1 180 0
H 4 B 0 0 108 4 2 1 1 3
J B 5 998 1 82 6913 288 0
J N 6 1019 56 2 1 0 1 5
K 0 0 43
A D 2 16 0
A P 1 174 0
J N 6 1052 49 2 865 288 1 5
K 0 0 43
A D 2 16 0
A P 1 180 0
J N 6 1085 56 2 1729 288 1 5
K 0 0 43
A D 2 16 0
A P 1 174 0
J N 6 1118 63 2 2593 288 1 5
K 0 0 43
A D 2 16 0
A P 1 168 0
H 5 B 0 0 108 4 2 1 1 3
J N 6 1151 70 5 3457 288 1 6
K 1 0 45
K 0 0 43
K -1 0 45
K 2 0 45
A D 2 16 0
A P 1 163 0
J N 6 1184 56 2 4321 288 1 6
K 0 0 43
A D 2 16 0
A P 1 174 0
J N 6 1217 63 2 5185 288 1 6
K 0 0 43
A D 2 16 0
A P 1 168 0
J N 6 1250 35 2 6049 288 1 6
K 0 0 43
A D 2 16 0
A P 1 191 0
H 6 B 0 0 108 4 2 1 1 3
J B 6 1287 1 82 6913 288 0
J N 6 1308 56 2 1 0 1 7
K 0 0 43
A D 2 16 0
A P 1 174 0
J N 6 1341 49 2 865 288 1 7
K 0 0 43
A D 2 16 0
A P 1 180 0
J N 6 1374 56 2 1729 288 1 7
K 0 0 43
A D 2 16 0
A P 1 174 0
J N 6 1407 63 2 2593 288 1 7
K 0 0 43
A D 2 16 0
A P 1 168 0
H 7 B 0 0 108 4 2 1 1 3
J N 6 1440 70 5 3457 288 1 8
K 1 0 45
K 0 0 43
K -1 0 45
K 2 0 45
A D 2 16 0
A P 1 163 0
J N 6 1473 56 2 4321 288 1 8
K 0 0 43
A D 2 16 0
A P 1 174 0
J N 6 1506 63 2 5185 288 1 8
K 0 0 43
A D 2 16 0
A P 1 168 0
J N 6 1539 35 2 6049 288 1 8
K 0 0 43
A D 2 16 0
A P 1 191 0
H 8 B 0 0 108 4 2 1 1 3
J B 7 1576 1 82 6913 288 0
J N 6 1599 63 3 1 0 1 9
K -14 0 64
K 0 0 43
A D 2 16 0
A P 1 169 0
J N 6 1632 35 2 865 288 1 9
K 0 0 43
A D 2 16 0
A P 1 191 0
J N 6 1673 21 4 1729 288 1 9
K -15 0 65
K 0 0 43
K 0 14 96
A D 2 16 0
A P 1 202 0
J N 6 1706 28 3 2593 288 1 9
K 0 0 43
K 0 21 96
A D 2 16 0
A P 1 197 0
H 9 B 0 0 108 4 2 1 1 3
J N 6 1739 35 3 3457 288 1 10
K 0 0 43
K 0 14 96
A D 2 16 0
A P 1 191 0
J N 6 1780 42 4 4321 288 1 10
K -15 0 65
K 0 0 43
K 0 21 96
A D 2 16 0
A P 1 185 0
J N 6 1813 49 3 5185 288 1 10
K 0 0 43
K 0 17 96
A D 2 16 0
A P 1 180 0
J N 6 1846 56 3 6049 288 1 10
K 0 0 43
K 0 17 96
A D 2 16 0
A P 1 174 0
H 10 B 0 0 108 4 2 1 1 3
J B 8 1883 1 82 6913 288 0
J N 7 1906 63 5 1 0 0
K -14 0 64
K 0 0 43
K 0 0 59
K 0 -21 59
A D 4 16 0
A P 1 169 0
J N 6 1952 63 3 1729 576 1 11
K 0 0 43
K 0 17 96
A D 2 16 0
A P 1 169 0
J N 6 1985 56 3 2593 288 1 11
K 0 0 43
K 0 17 96
A D 2 16 0
A P 1 174 0
H 11 B 0 0 108 2 2 3
J N 6 2018 49 3 3457 288 1 12
K 0 0 43
K 0 17 96
A D 2 16 0
A P 1 180 0
J N 6 2059 42 4 4321 288 1 12
K -15 0 65
K 0 0 43
K 0 21 96
A D 2 16 0
A P 1 185 0
J N 6 2092 35 3 5185 288 1 12
K 0 0 43
K 0 14 96
A D 2 16 0
A P 1 191 0
J N 6 2125 28 3 6049 288 1 12
K 0 0 43
K 0 21 96
A D 2 16 0
A P 1 197 0
H 12 B 0 0 108 4 2 1 1 3
J B 9 2162 1 82 6913 288 0
J N 7 2186 21 5 1 0 0
K -15 0 65
K 0 0 43
K 0 0 60
K 0 21 60
A D 4 16 0
A P 1 202 0
J R 7 2232 28 2 1729 576 0
K 0 0 48
A D 4 16 1
A P 1 0 1
J R 8 2278 28 2 3457 576 0
K 0 0 47
A D 8 16 0
A P 1 0 0
J B 10 2352 1 82 6913 1152 0
J R 9 2373 28 2 1 10000 0
K 0 0 46
A D 16 16 0
A P 1 0 0
J B 11 2478 1 82 6913 2304 0
J R 9 2499 28 2 1 10000 0
K 0 0 46
A D 16 16 0
A P 1 0 0
J B 12 2604 1 82 6913 2304 0
J R 9 2625 28 2 1 10000 0
K 0 0 46
A D 16 16 0
A P 1 0 0
J B 13 2730 1 82 6913 2304 0
J R 6 2751 28 2 1 0 0
K 0 0 49
A D 2 16 0
A P 1 0 0
J N 6 2784 28 3 865 288 1 13
K 0 0 43
K 0 67 108
A D 2 16 0
A P 1 197 0
J N 6 2825 21 3 1729 288 1 13
K -15 0 65
K 0 0 43
A D 2 16 0
A P 1 202 0
J N 6 2858 28 2 2593 288 1 13
K 0 0 43
A D 2 16 0
A P 1 197 0
H 13 B 1 0 108 3 2 1 3
J N 6 2891 35 2 3457 288 1 14
K 0 0 43
A D 2 16 0
A P 1 191 0
J N 6 2932 42 3 4321 288 1 14
K -15 0 65
K 0 0 43
A D 2 16 0
A P 1 185 0
J N 6 2965 49 2 5185 288 1 14
K 0 0 43
A D 2 16 0
A P 1 180 0
J N 6 2998 56 2 6049 288 1 14
K 0 0 43
A D 2 16 0
A P 1 174 0
H 14 B 0 0 108 4 2 1 1 3
J B 14 3035 1 82 6913 288 0
J N 6 3058 63 3 1 0 1 15
K -14 0 64
K 0 0 43
A D 2 16 0
A P 1 169 0
J N 6 3091 56 2 865 288 1 15
K 0 0 43
A D 2 16 0
A P 1 174 0
J N 6 3124 49 2 1729 288 1 15
K 0 0 43
A D 2 16 0
A P 1 180 0
J N 6 3165 42 3 2593 288 1 15
K -15 0 65
K 0 0 43
A D 2 16 0
A P 1 185 0
H 15 B 0 0 108 4 2 1 1 3
J N 6 3198 35 2 3457 288 1 16
K 0 0 43
A D 2 16 0
A P 1 191 0
J N 6 3231 28 2 4321 288 1 16
K 0 0 43
A D 2 16 0
A P 1 197 0
J N 6 3264 35 2 5185 288 1 16
K 0 0 43
A D 2 16 0
A P 1 191 0
J N 6 3297 42 2 6049 288 1 16
K 0 0 43
A D 2 16 0
A P 1 185 0
H 16 B 0 0 108 4 2 1 1 3
J B 15 3334 1 82 6913 288 0
J N 6 3355 49 2 1 0 1 17
K 0 0 43
A D 2 16 0
A P 1 180 0
J N 6 3396 42 3 865 288 1 17
K -15 0 65
K 0 0 43
A D 2 16 0
A P 1 185 0
J N 6 3429 49 2 1729 288 1 17
K 0 0 43
A D 2 16 0
A P 1 180 0
J N 6 3462 56 2 2593 288 1 17
K 0 0 43
A D 2 16 0
A P 1 174 0
H 17 B 0 0 108 4 2 1 1 3
J N 6 3502 63 3 3457 288 1 18
K -14 0 64
K 0 0 43
A D 2 16 0
A P 1 169 0
J N 6 3535 49 2 4321 288 1 18
K 0 0 43
A D 2 16 0
A P 1 180 0
J N 6 3568 56 2 5185 288 1 18
K 0 0 43
A D 2 16 0
A P 1 174 0
J N 6 3601 28 2 6049 288 1 18
K 0 0 43
A D 2 16 0
A P 1 197 0
H 18 B 0 0 108 4 2 1 1 3
J B 16 3638 1 82 6913 288 0
J N 6 3659 49 2 1 0 1 19
K 0 0 43
A D 2 16 0
A P 1 180 0
J N 6 3700 42 3 865 288 1 19
K -15 0 65
K 0 0 43
A D 2 16 0
A P 1 185 0
J N 6 3733 49 2 1729 288 1 19
K 0 0 43
A D 2 16 0
A P 1 180 0
J N 6 3766 56 2 2593 288 1 19
K 0 0 43
A D 2 16 0
A P 1 174 0
H 19 B 0 0 108 4 2 1 1 3
J N 6 3806 63 3 3457 288 1 20
K -14 0 64
K 0 0 43
A D 2 16 0
A P 1 169 0
J N 6 3839 49 2 4321 288 1 20
K 0 0 43
A D 2 16 0
A P 1 180 0
J N 6 3872 56 2 5185 288 1 20
K 0 0 43
A D 2 16 0
A P 1 174 0
J N 6 3905 28 2 6049 288 1 20
K 0 0 43
A D 2 16 0
A P 1 197 0
H 20 B 0 0 108 4 2 1 1 3
J B 17 3942 1 82 6913 288 0
J N 6 3965 56 3 1 0 1 21
K -14 0 64
K 0 0 43
A D 2 16 0
A P 1 175 0
J N 6 3998 28 2 865 288 1 21
K 0 0 43
A D 2 16 0
A P 1 197 0
J N 6 4031 14 3 1729 288 1 21
K 0 0 43
K 0 21 96
A D 2 16 0
A P 1 208 0
J N 6 4064 21 3 2593 288 1 21
K 0 0 43
K 0 14 96
A D 2 16 0
A P 1 203 0
H 21 B 0 0 108 4 2 1 1 3
J N 6 4097 28 3 3457 288 1 22
K 0 0 43
K 0 21 96
A D 2 16 0
A P 1 197 0
J N 6 4130 35 3 4321 288 1 22
K 0 0 43
K 0 14 96
A D 2 16 0
A P 1 191 0
J N 6 4170 42 4 5185 288 1 22
K -14 0 64
K 0 0 43
K 0 21 96
A D 2 16 0
A P 1 186 0
J N 6 4203 49 3 6049 288 1 22
K 0 0 43
K 0 17 96
A D 2 16 0
A P 1 180 0
H 22 B 0 0 108 4 2 1 1 3
J B 18 4240 1 82 6913 288 0
J N 7 4263 56 5 1 0 0
K -14 0 64
K 0 0 43
K 0 0 59
K 0 -21 59
A D 4 16 0
A P 1 175 0
J N 6 4309 56 3 1729 576 1 23
K 0 0 43
K 0 17 96
A D 2 16 0
A P 1 175 0
J N 6 4342 49 3 2593 288 1 23
K 0 0 43
K 0 17 96
A D 2 16 0
A P 1 180 0
H 23 B 0 0 108 2 2 3
J N 6 4375 42 3 3457 288 1 24
K 0 0 43
K 0 21 96
A D 2 16 0
A P 1 186 0
J N 6 4408 35 3 4321 288 1 24
K 0 0 43
K 0 14 96
A D 2 16 0
A P 1 191 0
J N 6 4441 28 3 5185 288 1 24
K 0 0 43
K 0 21 96
A D 2 16 0
A P 1 197 0
J N 6 4474 21 3 6049 288 1 24
K 0 0 43
K 0 14 96
A D 2 16 0
A P 1 203 0
H 24 B 0 0 108 4 2 1 1 3
J B 19 4511 1 82 6913 288 0
J N 7 4532 14 4 1 0 0
K 0 0 43
K 0 0 60
K 0 21 60
A D 4 16 0
A P 1 208 0
J R 7 4578 28 2 1729 576 0
K 0 0 48
A D 4 16 1
A P 1 0 1
J R 8 4624 28 2 3457 576 0
K 0 0 47
A D 8 16 0
A P 1 0 0
J B 20 4698 1 82 6913 1152 0
J R 9 4719 28 2 1 10000 0
K 0 0 46
A D 16 16 0
A P 1 0 0
J B 21 4824 1 82 6913 2304 0
J N 5 4845 49 4 1 0 1 25
K 0 0 43
K 0 78 110
K 17 78 110
A D 1 16 0
A P 1 180 0
J N 5 4871 21 8 433 144 1 25
K 0 -35 45
K 0 -35 43
K -1 -35 45
K 2 -35 45
K 0 0 43
K 0 -35 60
K 0 -28 60
A D 1 16 0
A P 1 231 0
A P 1 203 0
J N 5 4897 21 8 865 144 1 25
K 0 -35 45
K 0 -35 43
K -1 -35 45
K 2 -35 45
K 0 0 43
K 0 -35 60
K 0 -28 60
A D 1 16 0
A P 1 231 0
A P 1 203 0
J N 5 4923 21 8 1297 144 1 25
K 0 -35 45
K 0 -35 43
K -1 -35 45
K 2 -35 45
K 0 0 43
K 0 -35 60
K 0 -28 60
A D 1 16 0
A P 1 231 0
A P 1 203 0
H 25 B 1 0 108 4 22 11 11 33
J N 5 4949 21 8 1729 144 1 26
K 0 -35 45
K 0 -35 43
K -1 -35 45
K 2 -35 45
K 0 0 43
K 0 -35 60
K 0 -28 60
A D 1 16 0
A P 1 231 0
A P 1 203 0
J N 5 4975 21 8 2161 144 1 26
K 0 -35 45
K 0 -35 43
K -1 -35 45
K 2 -35 45
K 0 0 43
K 0 -35 60
K 0 -28 60
A D 1 16 0
A P 1 231 0
A P 1 203 0
J N 5 5001 21 8 2593 144 1 26
K 0 -35 45
K 0 -35 43
K -1 -35 45
K 2 -35 45
K 0 0 43
K 0 -35 60
K 0 -28 60
A D 1 16 0
A P 1 231 0
A P 1 203 0
J N 5 5027 21 8 3025 144 1 26
K 0 -35 45
K 0 -35 43
K -1 -35 45
K 2 -35 45
K 0 0 43
K 0 -35 60
K 0 -28 60
A D 1 16 0
A P 1 231 0
A P 1 203 0
H 26 B 1 0 108 4 22 11 11 33
J N 8 5053 21 13 3457 144 0
K 0 -35 45
K 0 -35 42
K -1 -35 45
K 2 -35 45
K 0 0 42
K 0 -35 60
K 0 -28 60
K 0 0 60
K 0 28 60
K 0 30 60
K -17 49 125
K -17 35 125
A D 8 16 0
A P 1 231 0
A P 1 203 0
J B 22 5127 1 82 6913 1152 0
J N 8 5148 21 13 1 0 0
K 0 -35 45
K 0 -35 42
K -1 -35 45
K 2 -35 45
K 0 0 42
K 0 -35 60
K 0 -28 60
K 0 0 60
K 0 28 60
K 0 30 60
K -17 49 125
K -17 35 125
A D 8 16 0
A P 1 231 0
A P 1 203 0
J N 8 5218 21 13 3457 1152 0
K 0 -35 45
K 0 -35 42
K -1 -35 45
K 2 -35 45
K 0 0 42
K 0 -35 60
K 0 -28 60
K 0 0 60
K 0 28 60
K 0 30 60
K -17 49 125
K -17 35 125
A D 8 16 0
A P 1 231 0
A P 1 203 0
J B 23 5292 1 82 6913 1152 0
J N 8 5313 21 13 1 0 0
K 0 -35 45
K 0 -35 42
K -1 -35 45
K 2 -35 45
K 0 0 42
K 0 -35 60
K 0 -28 60
K 0 0 60
K 0 28 60
K 0 30 60
K -17 49 125
K -17 35 125
A D 8 16 0
A P 1 231 0
A P 1 203 0
J N 8 5383 21 13 3457 1152 0
K 0 -35 45
K 0 -35 42
K -1 -35 45
K 2 -35 45
K 0 0 42
K 0 -35 60
K 0 -28 60
K 0 0 60
K 0 28 60
K 0 30 60
K -17 49 125
K -17 35 125
A D 8 16 0
A P 1 231 0
A P 1 203 0
J B 24 5457 1 82 6913 1152 0
J N 5 5478 21 8 1 0 1 27
K 0 -35 45
K 0 -35 43
K -1 -35 45
K 2 -35 45
K 0 0 43
K 0 -35 60
K 0 -28 60
A D 1 16 0
A P 1 231 0
A P 1 203 0
J N 5 5504 35 2 433 144 1 27
K 0 0 43
A D 1 16 0
A P 1 191 0
J N 5 5530 35 2 865 144 1 27
K 0 0 43
A D 1 16 0
A P 1 191 0
J N 5 5556 35 2 1297 144 1 27
K 0 0 43
A D 1 16 0
A P 1 191 0
H 27 B 1 0 108 4 22 11 11 33
J N 5 5582 35 2 1729 144 1 28
K 0 0 43
A D 1 16 0
A P 1 191 0
J N 5 5608 35 2 2161 144 1 28
K 0 0 43
A D 1 16 0
A P 1 191 0
J N 5 5634 35 2 2593 144 1 28
K 0 0 43
A D 1 16 0
A P 1 191 0
J N 5 5660 35 2 3025 144 1 28
K 0 0 43
A D 1 16 0
A P 1 191 0
H 28 B 0 0 108 4 22 11 11 33
J N 8 5686 35 7 3457 144 0
K 0 0 42
K 0 0 59
K 0 -28 59
K 0 -30 59
K 0 -49 125
K 0 -35 125
A D 8 16 0
A P 1 191 0
J B 25 5760 1 82 6913 1152 0
J N 8 5783 7 14 1 0 0
K -14 0 64
K -14 49 64
K 0 0 42
K 0 49 42
K 0 86 110
K 17 86 110
K 0 49 59
K 0 28 59
K 0 0 59
K 0 -28 59
K 0 -30 59
K 0 -49 125
K 0 -35 125
A D 8 16 0
A P 1 215 0
A P 1 175 0
J N 8 5853 7 10 3457 1152 0
K 0 0 42
K 0 49 42
K 0 49 59
K 0 28 59
K 0 0 59
K 0 -28 59
K 0 -30 59
K 0 -49 125
K 0 -35 125
A D 8 16 0
A P 1 215 0
A P 1 175 0
J B 26 5927 1 82 6913 1152 0
J N 5 5950 7 3 1 0 1 29
K -14 0 64
K 0 0 43
A D 1 16 0
A P 1 215 0
J N 5 5976 7 9 433 144 1 29
K 0 -21 45
K 0 -35 45
K 0 -42 43
K 0 -35 45
K 1 -35 45
K 0 0 43
K 0 -42 60
K 0 -28 60
A D 1 16 0
A P 1 248 0
A P 1 215 0
J N 5 6002 7 9 865 144 1 29
K 0 -21 45
K 0 -35 45
K 0 -42 43
K 0 -35 45
K 1 -35 45
K 0 0 43
K 0 -42 60
K 0 -28 60
A D 1 16 0
A P 1 248 0
A P 1 215 0
J N 5 6028 7 9 1297 144 1 29
K 0 -21 45
K 0 -35 45
K 0 -42 43
K 0 -35 45
K 1 -35 45
K 0 0 43
K 0 -42 60
K 0 -28 60
A D 1 16 0
A P 1 248 0
A P 1 215 0
H 29 B 1 0 108 4 22 11 11 33
J N 5 6054 7 9 1729 144 1 30
K 0 -21 45
K 0 -35 45
K 0 -42 43
K 0 -35 45
K 1 -35 45
K 0 0 43
K 0 -42 60
K 0 -28 60
A D 1 16 0
A P 1 248 0
A P 1 215 0
J N 5 6080 7 9 2161 144 1 30
K 0 -21 45
K 0 -35 45
K 0 -42 43
K 0 -35 45
K 1 -35 45
K 0 0 43
K 0 -42 60
K 0 -28 60
A D 1 16 0
A P 1 248 0
A P 1 215 0
J N 5 6106 7 9 2593 144 1 30
K 0 -21 45
K 0 -35 45
K 0 -42 43
K 0 -35 45
K 1 -35 45
K 0 0 43
K 0 -42 60
K 0 -28 60
A D 1 16 0
A P 1 248 0
A P 1 215 0
J N 5 6132 7 9 3025 144 1 30
K 0 -21 45
K 0 -35 45
K 0 -42 43
K 0 -35 45
K 1 -35 45
K 0 0 43
K 0 -42 60
K 0 -28 60
A D 1 16 0
A P 1 248 0
A P 1 215 0
H 30 B 1 0 108 4 22 11 11 33
J N 8 6158 7 14 3457 144 0
K 0 -21 45
K 0 -35 45
K 0 -42 42
K 0 -35 45
K 1 -35 45
K 0 0 42
K 0 -42 60
K 0 -28 60
K 0 0 60
K 0 28 60
K 0 30 60
K -17 49 125
K -17 35 125
A D 8 16 0
A P 1 248 0
A P 1 215 0
J B 27 6232 1 82 6913 1152 0
J N 8 6255 7 15 1 0 0
K 0 -21 45
K 0 -35 45
K -14 0 64
K 0 -42 42
K 0 -35 45
K 1 -35 45
K 0 0 42
K 0 -42 60
K 0 -28 60
K 0 0 60
K 0 28 60
K 0 30 60
K -17 49 125
K -17 35 125
A D 8 16 0
A P 1 248 0
A P 1 215 0
J N 8 6325 7 14 3457 1152 0
K 0 -21 45
K 0 -35 45
K 0 -42 42
K 0 -35 45
K 1 -35 45
K 0 0 42
K 0 -42 60
K 0 -28 60
K 0 0 60
K 0 28 60
K 0 30 60
K -17 49 125
K -17 35 125
A D 8 16 0
A P 1 248 0
A P 1 215 0
J B 28 6399 1 82 6913 1152 0
J N 8 6422 7 15 1 0 0
K 0 -21 45
K 0 -35 45
K -14 0 64
K 0 -42 42
K 0 -35 45
K 1 -35 45
K 0 0 42
K 0 -42 60
K 0 -28 60
K 0 0 60
K 0 28 60
K 0 30 60
K -17 49 125
K -17 35 125
A D 8 16 0
A P 1 248 0
A P 1 215 0
J N 8 6492 7 14 3457 1152 0
K 0 -21 45
K 0 -35 45
K 0 -42 42
K 0 -35 45
K 1 -35 45
K 0 0 42
K 0 -42 60
K 0 -28 60
K 0 0 60
K 0 28 60
K 0 30 60
K -17 49 125
K -17 35 125
A D 8 16 0
A P 1 248 0
A P 1 215 0
J B 29 6566 1 82 6913 1152 0
J N 8 6590 7 15 1 0 0
K 0 -21 45
K 0 -35 45
K -15 0 65
K 0 -35 42
K -1 -35 45
K 2 -35 45
K 0 0 42
K 0 -35 60
K 0 -28 60
K 0 0 60
K 0 28 60
K 0 30 60
K -17 49 125
K -17 35 125
A D 8 16 0
A P 1 243 0
A P 1 214 0
J N 5 6660 7 9 3457 1152 1 31
K 0 -21 45
K 0 -35 45
K 0 -35 43
K -1 -35 45
K 2 -35 45
K 0 0 43
K 0 -35 60
K 0 -28 60
A D 1 16 0
A P 1 243 0
A P 1 214 0
J N 5 6686 7 10 3889 144 1 31
K 0 -21 45
K 0 -35 45
K 0 -49 45
K 0 -49 43
K -1 -49 45
K 2 -49 45
K 0 0 43
K 0 -49 60
K 0 -28 60
A D 1 16 0
A P 1 254 0
A P 1 214 0
J N 5 6712 7 10 4321 144 1 31
K 0 -21 45
K 0 -35 45
K 0 -49 45
K 0 -49 43
K -1 -49 45
K 2 -49 45
K 0 0 43
K 0 -49 60
K 0 -28 60
A D 1 16 0
A P 1 254 0
A P 1 214 0
J N 5 6738 7 10 4753 144 1 31
K 0 -21 45
K 0 -35 45
K 0 -49 45
K 0 -49 43
K -1 -49 45
K 2 -49 45
K 0 0 43
K 0 -49 60
K 0 -28 60
A D 1 16 0
A P 1 254 0
A P 1 214 0
H 31 B 1 0 108 4 22 11 11 33
J N 5 6764 7 10 5185 144 1 32
K 0 -21 45
K 0 -35 45
K 0 -49 45
K 0 -49 43
K -1 -49 45
K 2 -49 45
K 0 0 43
K 0 -49 60
K 0 -28 60
A D 1 16 0
A P 1 254 0
A P 1 214 0
J N 5 6790 7 10 5617 144 1 32
K 0 -21 45
K 0 -35 45
K 0 -49 45
K 0 -49 43
K -1 -49 45
K 2 -49 45
K 0 0 43
K 0 -49 60
K 0 -28 60
A D 1 16 0
A P 1 254 0
A P 1 214 0
J N 5 6816 7 10 6049 144 1 32
K 0 -21 45
K 0 -35 45
K 0 -49 45
K 0 -49 43
K -1 -49 45
K 2 -49 45
K 0 0 43
K 0 -49 60
K 0 -28 60
A D 1 16 0
A P 1 254 0
A P 1 214 0
J N 5 6842 7 10 6481 144 1 32
K 0 -21 45
K 0 -35 45
K 0 -49 45
K 0 -49 43
K -1 -49 45
K 2 -49 45
K 0 0 43
K 0 -49 60
K 0 -28 60
A D 1 16 0
A P 1 254 0
A P 1 214 0
H 32 B 1 0 108 4 22 11 11 33
J B 30 6872 1 82 6913 144 0
J N 8 6893 7 15 1 0 0
K 0 -21 45
K 0 -35 45
K 0 -49 45
K 0 -49 42
K -1 -49 45
K 2 -49 45
K 0 0 42
K 0 -49 60
K 0 -28 60
K 0 0 60
K 0 28 60
K 0 30 60
K -17 49 125
K -17 35 125
A D 8 16 0
A P 1 254 0
A P 1 214 0
J N 8 6963 7 15 3457 1152 0
K 0 -21 45
K 0 -35 45
K 0 -49 45
K 0 -49 42
K -1 -49 45
K 2 -49 45
K 0 0 42
K 0 -49 60
K 0 -28 60
K 0 0 60
K 0 28 60
K 0 30 60
K -17 49 125
K -17 35 125
A D 8 16 0
A P 1 254 0
A P 1 214 0
J B 31 7037 1 82 6913 1152 0
J N 8 7058 7 15 1 0 0
K 0 -21 45
K 0 -35 45
K 0 -49 45
K 0 -49 42
K -1 -49 45
K 2 -49 45
K 0 0 42
K 0 -49 60
K 0 -28 60
K 0 0 60
K 0 28 60
K 0 30 60
K -17 49 125
K -17 35 125
A D 8 16 0
A P 1 254 0
A P 1 214 0
J N 8 7128 7 15 3457 1152 0
K 0 -21 45
K 0 -35 45
K 0 -49 45
K 0 -49 42
K -1 -49 45
K 2 -49 45
K 0 0 42
K 0 -49 60
K 0 -28 60
K 0 0 60
K 0 28 60
K 0 30 60
K -17 49 125
K -17 35 125
A D 8 16 0
A P 1 254 0
A P 1 214 0
J B 32 7202 1 82 6913 1152 0
J N 8 7223 7 15 1 0 0
K 0 -21 45
K 0 -35 45
K 0 -49 45
K 0 -49 42
K -1 -49 45
K 2 -49 45
K 0 0 42
K 0 -49 60
K 0 -28 60
K 0 0 60
K 0 28 60
K 0 30 60
K -17 49 125
K -17 35 125
A D 8 16 0
A P 1 254 0
A P 1 214 0
J N 5 7293 7 10 3457 1152 1 33
K 0 -21 45
K 0 -35 45
K 0 -49 45
K 0 -49 43
K -1 -49 45
K 2 -49 45
K 0 0 43
K 0 -49 60
K 0 -28 60
A D 1 16 0
A P 1 254 0
A P 1 214 0
J N 5 7319 7 9 3889 144 1 33
K 0 -21 45
K 0 -35 45
K 0 -35 43
K -1 -35 45
K 2 -35 45
K 0 0 43
K 0 -35 60
K 0 -28 60
A D 1 16 0
A P 1 243 0
A P 1 214 0
J N 5 7345 7 9 4321 144 1 33
K 0 -21 45
K 0 -35 45
K 0 -35 43
K -1 -35 45
K 2 -35 45
K 0 0 43
K 0 -35 60
K 0 -28 60
A D 1 16 0
A P 1 243 0
A P 1 214 0
J N 5 7371 7 9 4753 144 1 33
K 0 -21 45
K 0 -35 45
K 0 -35 43
K -1 -35 45
K 2 -35 45
K 0 0 43
K 0 -35 60
K 0 -28 60
A D 1 16 0
A P 1 243 0
A P 1 214 0
H 33 B 1 0 108 4 22 11 11 33
J N 5 7397 7 9 5185 144 1 34
K 0 -21 45
K 0 -35 45
K 0 -35 43
K -1 -35 45
K 2 -35 45
K 0 0 43
K 0 -35 60
K 0 -28 60
A D 1 16 0
A P 1 243 0
A P 1 214 0
J N 5 7423 7 9 5617 144 1 34
K 0 -21 45
K 0 -35 45
K 0 -35 43
K -1 -35 45
K 2 -35 45
K 0 0 43
K 0 -35 60
K 0 -28 60
A D 1 16 0
A P 1 243 0
A P 1 214 0
J N 5 7449 7 9 6049 144 1 34
K 0 -21 45
K 0 -35 45
K 0 -35 43
K -1 -35 45
K 2 -35 45
K 0 0 43
K 0 -35 60
K 0 -28 60
A D 1 16 0
A P 1 243 0
A P 1 214 0
J N 5 7475 7 9 6481 144 1 34
K 0 -21 45
K 0 -35 45
K 0 -35 43
K -1 -35 45
K 2 -35 45
K 0 0 43
K 0 -35 60
K 0 -28 60
A D 1 16 0
A P 1 243 0
A P 1 214 0
H 34 B 1 0 108 4 22 11 11 33
J B 33 7505 1 82 6913 144 0
J N 5 7526 14 11 1 0 1 35
K 0 -28 45
K 0 -42 45
K 0 -49 43
K 0 -42 45
K 1 -42 45
K 0 0 43
K 0 105 111
K 12 105 110
K 0 -49 60
K 0 -28 60
A D 1 16 0
A P 1 248 0
A P 1 208 0
J N 5 7552 49 2 433 144 1 35
K 0 0 43
A D 1 16 0
A P 1 180 0
J N 5 7578 49 2 865 144 1 35
K 0 0 43
A D 1 16 0
A P 1 180 0
J N 5 7604 49 2 1297 144 1 35
K 0 0 43
A D 1 16 0
A P 1 180 0
H 35 B 1 0 108 4 22 11 11 33
J N 5 7630 49 2 1729 144 1 36
K 0 0 43
A D 1 16 0
A P 1 180 0
J N 5 7656 49 2 2161 144 1 36
K 0 0 43
A D 1 16 0
A P 1 180 0
J N 5 7682 49 2 2593 144 1 36
K 0 0 43
A D 1 16 0
A P 1 180 0
J N 5 7708 49 2 3025 144 1 36
K 0 0 43
A D 1 16 0
A P 1 180 0
H 36 B 0 0 108 4 22 11 11 33
J N 8 7734 49 7 3457 144 0
K 0 0 42
K 0 0 59
K 0 -28 59
K 0 -30 59
K 0 -49 125
K 0 -35 125
A D 8 16 0
A P 1 180 0
J B 34 7808 1 82 6913 1152 0
J N 5 7829 -14 7 1 0 1 37
K 1 0 45
K 0 0 43
K -1 0 45
K 2 0 45
K -14 116 111
K -2 116 110
A D 1 16 0
A P 1 231 0
J N 5 7855 35 9 433 144 1 37
K 1 35 45
K -14 42 64
K 0 0 43
K 0 42 43
K 0 35 45
K 1 35 45
K 0 42 59
K 0 28 59
A D 1 16 0
A P 1 191 0
A P 1 158 0
J N 5 7881 35 8 865 144 1 37
K 1 35 45
K 0 0 43
K 0 42 43
K 0 35 45
K 1 35 45
K 0 42 59
K 0 28 59
A D 1 16 0
A P 1 191 0
A P 1 158 0
J N 5 7907 35 8 1297 144 1 37
K 1 35 45
K 0 0 43
K 0 42 43
K 0 35 45
K 1 35 45
K 0 42 59
K 0 28 59
A D 1 16 0
A P 1 191 0
A P 1 158 0
H 37 B 0 0 108 4 22 11 11 33
J N 5 7933 35 8 1729 144 1 38
K 1 35 45
K 0 0 43
K 0 42 43
K 0 35 45
K 1 35 45
K 0 42 59
K 0 28 59
A D 1 16 0
A P 1 191 0
A P 1 158 0
J N 5 7959 35 8 2161 144 1 38
K 1 35 45
K 0 0 43
K 0 42 43
K 0 35 45
K 1 35 45
K 0 42 59
K 0 28 59
A D 1 16 0
A P 1 191 0
A P 1 158 0
J N 5 7985 35 8 2593 144 1 38
K 1 35 45
K 0 0 43
K 0 42 43
K 0 35 45
K 1 35 45
K 0 42 59
K 0 28 59
A D 1 16 0
A P 1 191 0
A P 1 158 0
J N 5 8011 35 8 3025 144 1 38
K 1 35 45
K 0 0 43
K 0 42 43
K 0 35 45
K 1 35 45
K 0 42 59
K 0 28 59
A D 1 16 0
A P 1 191 0
A P 1 158 0
H 38 B 0 0 108 4 22 11 11 33
J N 8 8037 35 13 3457 144 0
K 1 35 45
K 0 0 42
K 0 42 42
K 0 35 45
K 1 35 45
K 0 42 59
K 0 28 59
K 0 0 59
K 0 -28 59
K 0 -30 59
K 0 -49 125
K 0 -35 125
A D 8 16 0
A P 1 191 0
A P 1 158 0
J B 35 8111 1 82 6913 1152 0
J N 7 8132 42 9 1 0 0
K 1 28 45
K 0 0 43
K 0 28 43
K -1 28 45
K 2 28 45
K 0 28 59
K 0 0 59
K 0 -21 59
A D 4 16 0
A P 1 186 0
A P 1 163 0
J R 7 8178 28 2 1729 576 0
K 0 0 48
A D 4 16 0
A P 1 0 0
J N 7 8224 -28 11 3457 576 0
K 0 14 45
K 0 0 45
K 0 0 43
K -1 0 45
K 2 0 45
K 24 -6 44
K 0 116 111
K 12 116 110
K 0 0 60
K 0 28 60
A D 6 16 0
A P 1 243 0
J N 6 8284 -7 3 6049 864 0
K 0 0 43
K 0 0 54
A D 2 16 0
A P 1 226 0
J B 36 8321 1 82 6913 288 0
J N 6 8342 -14 5 1 0 1 39
K 0 0 45
K 0 0 43
K -1 0 45
K 2 0 45
A D 2 16 0
A P 1 231 0
J N 6 8378 7 3 865 288 1 39
K -14 0 64
K 0 0 43
A D 2 16 0
A P 1 215 0
J N 6 8411 0 2 1729 288 1 39
K 0 0 43
A D 2 16 0
A P 1 220 0
J N 6 8444 21 2 2593 288 1 39
K 0 0 43
A D 2 16 0
A P 1 203 0
H 39 B 1 0 108 4 2 1 1 3
J N 6 8477 14 2 3457 288 1 40
K 0 0 43
A D 2 16 0
A P 1 208 0
J N 6 8510 21 2 4321 288 1 40
K 0 0 43
A D 2 16 0
A P 1 203 0
J N 6 8543 21 2 5185 288 1 40
K 0 0 43
A D 2 16 0
A P 1 203 0
J N 6 8576 28 2 6049 288 1 40
K 0 0 43
A D 2 16 0
A P 1 197 0
H 40 B 1 0 108 4 2 1 1 3
J B 37 8613 1 82 6913 288 0
J N 7 8634 35 4 1 0 0
K 0 0 43
K 0 0 59
K 0 -21 59
A D 4 16 0
A P 1 191 0
J R 7 8680 28 2 1729 576 0
K 0 0 48
A D 4 16 0
A P 1 0 0
J N 7 8726 -14 10 3457 576 0
K 0 0 45
K 0 0 43
K -1 0 45
K 2 0 45
K 24 -6 44
K 0 102 111
K 12 102 110
K 0 0 60
K 0 21 60
A D 6 16 0
A P 1 231 0
J N 6 8786 7 4 6049 864 0
K -14 0 64
K 0 0 43
K 0 0 54
A D 2 16 0
A P 1 215 0
J B 38 8823 1 82 6913 288 0
J N 6 8844 0 2 1 0 1 41
K 0 0 43
A D 2 16 0
A P 1 220 0
J N 6 8877 21 2 865 288 1 41
K 0 0 43
A D 2 16 0
A P 1 203 0
J N 6 8910 14 2 1729 288 1 41
K 0 0 43
A D 2 16 0
A P 1 208 0
J N 6 8943 35 2 2593 288 1 41
K 0 0 43
A D 2 16 0
A P 1 191 0
H 41 B 1 0 108 4 2 1 1 3
J N 6 8976 28 2 3457 288 1 42
K 0 0 43
A D 2 16 0
A P 1 197 0
J N 6 9009 35 2 4321 288 1 42
K 0 0 43
A D 2 16 0
A P 1 191 0
J N 6 9042 35 2 5185 288 1 42
K 0 0 43
A D 2 16 0
A P 1 191 0
J N 6 9075 42 2 6049 288 1 42
K 0 0 43
A D 2 16 0
A P 1 186 0
H 42 B 0 0 108 4 2 1 1 3
J B 39 9112 1 82 6913 288 0
J N 7 9133 49 4 1 0 0
K 0 0 43
K 0 0 59
K 0 -21 59
A D 4 16 0
A P 1 180 0
J R 7 9179 28 2 1729 576 0
K 0 0 48
A D 4 16 0
A P 1 0 0
J N 7 9225 0 7 3457 576 0
K 0 0 43
K 24 -6 44
K 0 88 111
K 12 88 110
K 0 0 60
K 0 21 60
A D 6 16 0
A P 1 220 0
J N 6 9285 21 3 6049 864 0
K 0 0 43
K 0 0 54
A D 2 16 0
A P 1 203 0
J B 40 9322 1 82 6913 288 0
J N 6 9343 14 2 1 0 1 43
K 0 0 43
A D 2 16 0
A P 1 208 0
J N 6 9376 35 2 865 288 1 43
K 0 0 43
A D 2 16 0
A P 1 191 0
J N 6 9409 28 2 1729 288 1 43
K 0 0 43
A D 2 16 0
A P 1 197 0
J N 6 9442 49 2 2593 288 1 43
K 0 0 43
A D 2 16 0
A P 1 180 0
H 43 B 0 0 108 4 2 1 1 3
J N 6 9483 42 3 3457 288 1 44
K -15 0 65
K 0 0 43
A D 2 16 0
A P 1 185 0
J N 6 9516 49 2 4321 288 1 44
K 0 0 43
A D 2 16 0
A P 1 180 0
J N 6 9549 49 2 5185 288 1 44
K 0 0 43
A D 2 16 0
A P 1 180 0
J N 6 9582 56 2 6049 288 1 44
K 0 0 43
A D 2 16 0
A P 1 174 0
H 44 B 0 0 108 4 2 1 1 3
J B 41 9619 1 82 6913 288 0
J N 5 9640 63 4 1 0 1 45
K 0 0 43
K -5 46 108
K 18 46 108
A D 1 16 0
A P 1 168 0
J N 5 9666 84 6 433 144 1 45
K 1 -14 45
K 1 0 45
K 0 0 43
K -1 0 45
K 2 0 45
A D 1 16 0
A P 1 151 0
J N 5 9692 84 6 865 144 1 45
K 1 -14 45
K 1 0 45
K 0 0 43
K -1 0 45
K 2 0 45
A D 1 16 0
A P 1 151 0
J N 5 9718 84 6 1297 144 1 45
K 1 -14 45
K 1 0 45
K 0 0 43
K -1 0 45
K 2 0 45
A D 1 16 0
A P 1 151 0
H 45 B 0 0 108 4 22 11 11 33
J N 5 9744 84 6 1729 144 1 46
K 1 -14 45
K 1 0 45
K 0 0 43
K -1 0 45
K 2 0 45
A D 1 16 0
A P 1 151 0
J N 5 9770 84 6 2161 144 1 46
K 1 -14 45
K 1 0 45
K 0 0 43
K -1 0 45
K 2 0 45
A D 1 16 0
A P 1 151 0
J N 5 9796 84 6 2593 144 1 46
K 1 -14 45
K 1 0 45
K 0 0 43
K -1 0 45
K 2 0 45
A D 1 16 0
A P 1 151 0
J N 5 9822 84 6 3025 144 1 46
K 1 -14 45
K 1 0 45
K 0 0 43
K -1 0 45
K 2 0 45
A D 1 16 0
A P 1 151 0
H 46 B 0 0 108 4 22 11 11 33
J N 8 9848 84 10 3457 144 0
K 1 -14 45
K 1 0 45
K 0 0 42
K -1 0 45
K 2 0 45
K 0 0 59
K 0 -23 59
K 0 -42 125
K 0 -28 125
A D 8 16 0
A P 1 151 0
J B 42 9922 1 82 6913 1152 0
J N 8 9943 84 10 1 0 0
K 1 -14 45
K 1 0 45
K 0 0 42
K -1 0 45
K 2 0 45
K 0 0 59
K 0 -23 59
K 0 -42 125
K 0 -28 125
A D 8 16 0
A P 1 151 0
J N 8 10013 84 10 3457 1152 0
K 1 -14 45
K 1 0 45
K 0 0 42
K -1 0 45
K 2 0 45
K 0 0 59
K 0 -23 59
K 0 -42 125
K 0 -28 125
A D 8 16 0
A P 1 151 0
J B 43 10087 1 82 6913 1152 0
J N 8 10108 49 11 1 0 0
K 0 0 42
K 0 14 42
K 0 49 110
K 17 49 108
K 0 14 59
K 0 0 59
K 0 -28 59
K 0 -30 59
K 0 -49 125
K 0 -35 125
A D 8 16 0
A P 1 180 0
A P 1 168 0
J N 8 10178 49 9 3457 1152 0
K 0 0 42
K 0 14 42
K 0 14 59
K 0 0 59
K 0 -28 59
K 0 -30 59
K 0 -49 125
K 0 -35 125
A D 8 16 0
A P 1 180 0
A P 1 168 0
J B 44 10252 1 82 6913 1152 0
J N 8 10273 49 9 1 0 0
K 0 0 42
K 0 14 42
K 0 14 59
K 0 0 59
K 0 -28 59
K 0 -30 59
K 0 -49 125
K 0 -35 125
A D 8 16 0
A P 1 180 0
A P 1 168 0
J N 8 10343 49 9 3457 1152 0
K 0 0 42
K 0 14 42
K 0 14 59
K 0 0 59
K 0 -28 59
K 0 -30 59
K 0 -49 125
K 0 -35 125
A D 8 16 0
A P 1 180 0
A P 1 168 0
J B 45 10417 1 82 6913 1152 0
J N 8 10438 84 12 1 0 0
K 1 -14 45
K 1 0 45
K 0 0 42
K -1 0 45
K 2 0 45
K 0 29 108
K 23 29 108
K 0 0 59
K 0 -23 59
K 0 -42 125
K 0 -28 125
A D 8 16 0
A P 1 151 0
J N 8 10508 84 10 3457 1152 0
K 1 -14 45
K 1 0 45
K 0 0 42
K -1 0 45
K 2 0 45
K 0 0 59
K 0 -23 59
K 0 -42 125
K 0 -28 125
A D 8 16 0
A P 1 151 0
J B 46 10582 1 82 6913 1152 0
J N 8 10603 84 10 1 0 0
K 1 -14 45
K 1 0 45
K 0 0 42
K -1 0 45
K 2 0 45
K 0 0 59
K 0 -23 59
K 0 -42 125
K 0 -28 125
A D 8 16 0
A P 1 151 0
J N 8 10673 84 10 3457 1152 0
K 1 -14 45
K 1 0 45
K 0 0 42
K -1 0 45
K 2 0 45
K 0 0 59
K 0 -23 59
K 0 -42 125
K 0 -28 125
A D 8 16 0
A P 1 151 0
J B 47 10747 1 82 6913 1152 0
J N 8 10770 42 15 1 0 0
K 1 28 45
K -14 35 64
K 0 0 42
K 0 35 42
K 0 28 45
K 1 28 45
K 0 74 110
K 17 74 108
K 0 35 59
K 0 28 59
K 0 0 59
K 0 -23 59
K 0 -42 125
K 0 -28 125
A D 8 16 0
A P 1 186 0
A P 1 158 0
J N 8 10840 42 12 3457 1152 0
K 1 28 45
K 0 0 42
K 0 35 42
K 0 28 45
K 1 28 45
K 0 35 59
K 0 28 59
K 0 0 59
K 0 -23 59
K 0 -42 125
K 0 -28 125
A D 8 16 0
A P 1 186 0
A P 1 158 0
J B 48 10914 1 82 6913 1152 0
J N 8 10937 42 13 1 0 0
K 1 28 45
K -14 35 64
K 0 0 42
K 0 35 42
K 0 28 45
K 1 28 45
K 0 35 59
K 0 28 59
K 0 0 59
K 0 -23 59
K 0 -42 125
K 0 -28 125
A D 8 16 0
A P 1 186 0
A P 1 158 0
J N 8 11007 42 12 3457 1152 0
K 1 28 45
K 0 0 42
K 0 35 42
K 0 28 45
K 1 28 45
K 0 35 59
K 0 28 59
K 0 0 59
K 0 -23 59
K 0 -42 125
K 0 -28 125
A D 8 16 0
A P 1 186 0
A P 1 158 0
J B 49 11081 1 82 6913 1152 0
J D 0 11102 0 1 1 0 1 47
W 0 107 36  cresc.
J N 8 11102 42 11 1 0 0
K 1 28 45
K 0 0 42
K 0 28 42
K -1 28 45
K 2 28 45
K 0 28 59
K 0 0 59
K 0 -23 59
K 0 -42 125
K 0 -28 125
A D 8 16 0
A P 1 186 0
A P 1 163 0
J N 8 11172 42 11 3457 1152 0
K 1 28 45
K 0 0 42
K 0 28 42
K -1 28 45
K 2 28 45
K 0 28 59
K 0 0 59
K 0 -23 59
K 0 -42 125
K 0 -28 125
A D 8 16 0
A P 1 186 0
A P 1 163 0
J B 50 11246 1 82 6913 1152 0
J N 8 11267 42 11 1 0 0
K 1 28 45
K 0 0 42
K 0 28 42
K -1 28 45
K 2 28 45
K 0 28 59
K 0 0 59
K 0 -23 59
K 0 -42 125
K 0 -28 125
A D 8 16 0
A P 1 186 0
A P 1 163 0
J N 8 11337 42 11 3457 1152 0
K 1 28 45
K 0 0 42
K 0 28 42
K -1 28 45
K 2 28 45
K 0 28 59
K 0 0 59
K 0 -23 59
K 0 -42 125
K 0 -28 125
A D 8 16 0
A P 1 186 0
A P 1 163 0
J M 0 11407 0 0 6913 1152 1 47
H 47 D 119 0 105 0 31
J B 51 11411 1 82 6913 0 0
J N 8 11434 35 15 1 0 0
K 1 35 45
K -14 0 64
K 0 0 42
K 0 35 42
K -1 35 45
K 2 35 45
K 0 72 110
K 0 35 59
K 0 28 59
K 0 0 59
K 0 -28 59
K 0 -30 59
K 0 -49 125
K 0 -35 125
A D 8 16 0
A P 1 192 0
A P 1 163 0
J N 8 11504 35 13 3457 1152 0
K 1 35 45
K 0 0 42
K 0 35 42
K -1 35 45
K 2 35 45
K 0 35 59
K 0 28 59
K 0 0 59
K 0 -28 59
K 0 -30 59
K 0 -49 125
K 0 -35 125
A D 8 16 0
A P 1 192 0
A P 1 163 0
J B 52 11578 1 82 6913 1152 0
J N 8 11601 35 16 1 0 0
K 1 35 45
K -14 0 64
K 0 0 42
K 0 35 42
K -1 35 45
K 2 35 45
K 0 70 111
K 12 70 110
K 0 35 59
K 0 28 59
K 0 0 59
K 0 -28 59
K 0 -30 59
K 0 -49 125
K 0 -35 125
A D 8 16 0
A P 1 192 0
A P 1 163 0
J N 8 11671 35 13 3457 1152 0
K 1 35 45
K 0 0 42
K 0 35 42
K -1 35 45
K 2 35 45
K 0 35 59
K 0 28 59
K 0 0 59
K 0 -28 59
K 0 -30 59
K 0 -49 125
K 0 -35 125
A D 8 16 0
A P 1 192 0
A P 1 163 0
J B 53 11745 1 82 6913 1152 0
J N 8 11766 28 8 1 0 0
K 0 0 42
K 0 78 111
K 12 78 110
K 0 0 60
K 0 23 60
K -17 42 125
K -17 28 125
A D 8 16 0
A P 1 197 0
J N 8 11836 28 6 3457 1152 0
K 0 0 42
K 0 0 60
K 0 23 60
K -17 42 125
K -17 28 125
A D 8 16 0
A P 1 197 0
J B 54 11910 1 82 6913 1152 0
J N 8 11933 28 13 1 0 0
K -14 0 64
K -14 35 64
K 0 0 42
K 0 35 42
K 0 70 111
K 12 70 110
K 0 35 59
K 0 28 59
K 0 0 59
K 0 -23 59
K 0 -42 125
K 0 -28 125
A D 8 16 0
A P 1 198 0
A P 1 169 0
J N 8 12003 28 9 3457 1152 0
K 0 0 42
K 0 35 42
K 0 35 59
K 0 28 59
K 0 0 59
K 0 -23 59
K 0 -42 125
K 0 -28 125
A D 8 16 0
A P 1 198 0
A P 1 169 0
J B 55 12077 1 82 6913 1152 0
J D 0 12098 0 1 1 0 0
W 0 99 33 pi\u8 !1|f
J N 8 12098 21 10 1 0 0
K 0 0 42
K 0 35 42
K 0 35 59
K 0 28 59
K 0 0 59
K 0 -28 59
K 0 -30 59
K 0 -49 125
K 0 -35 125
A D 8 16 0
A P 1 203 0
A P 1 174 0
J N 8 12168 21 11 3457 1152 0
K -14 35 64
K 0 0 42
K 0 35 42
K 0 35 59
K 0 28 59
K 0 0 59
K 0 -28 59
K 0 -30 59
K 0 -49 125
K 0 -35 125
A D 8 16 0
A P 1 203 0
A P 1 175 0
J B 56 12242 1 82 6913 1152 0
J N 5 12273 21 9 1 0 1 48
K -18 0 63
K -22 35 64
K 0 0 43
K 0 35 43
K -8 88 110
K 9 88 108
K 0 35 59
K 0 28 59
A D 1 16 0
A P 1 204 0
A P 1 175 0
J N 5 12317 56 8 433 144 1 48
K 1 14 45
K -18 14 63
K 0 0 43
K 0 14 43
K -1 14 45
K 2 14 45
K 0 14 59
A D 1 16 0
A P 1 175 0
A P 1 164 0
J N 5 12343 56 7 865 144 1 48
K 1 14 45
K 0 0 43
K 0 14 43
K -1 14 45
K 2 14 45
K 0 14 59
A D 1 16 0
A P 1 175 0
A P 1 164 0
J N 5 12369 56 7 1297 144 1 48
K 1 14 45
K 0 0 43
K 0 14 43
K -1 14 45
K 2 14 45
K 0 14 59
A D 1 16 0
A P 1 175 0
A P 1 164 0
H 48 B 0 0 108 4 22 11 11 33
J N 5 12395 56 7 1729 144 1 49
K 1 14 45
K 0 0 43
K 0 14 43
K -1 14 45
K 2 14 45
K 0 14 59
A D 1 16 0
A P 1 175 0
A P 1 164 0
J N 5 12421 56 7 2161 144 1 49
K 1 14 45
K 0 0 43
K 0 14 43
K -1 14 45
K 2 14 45
K 0 14 59
A D 1 16 0
A P 1 175 0
A P 1 164 0
J N 5 12447 56 7 2593 144 1 49
K 1 14 45
K 0 0 43
K 0 14 43
K -1 14 45
K 2 14 45
K 0 14 59
A D 1 16 0
A P 1 175 0
A P 1 164 0
J N 5 12473 56 7 3025 144 1 49
K 1 14 45
K 0 0 43
K 0 14 43
K -1 14 45
K 2 14 45
K 0 14 59
A D 1 16 0
A P 1 175 0
A P 1 164 0
H 49 B 0 0 108 4 22 11 11 33
J N 8 12499 56 11 3457 144 0
K 1 14 45
K 0 0 42
K 0 14 42
K -1 14 45
K 2 14 45
K 0 14 59
K 0 0 59
K 0 -23 59
K 0 -42 125
K 0 -28 125
A D 8 16 0
A P 1 175 0
A P 1 164 0
J B 57 12573 1 82 6913 1152 0
J N 8 12614 56 13 1 0 0
K 1 14 45
K -14 0 64
K -32 14 63
K 0 0 42
K 0 14 42
K -1 14 45
K 2 14 45
K 0 14 59
K 0 0 59
K 0 -23 59
K 0 -42 125
K 0 -28 125
A D 8 16 0
A P 1 175 0
A P 1 164 0
J N 8 12684 56 11 3457 1152 0
K 1 14 45
K 0 0 42
K 0 14 42
K -1 14 45
K 2 14 45
K 0 14 59
K 0 0 59
K 0 -23 59
K 0 -42 125
K 0 -28 125
A D 8 16 0
A P 1 175 0
A P 1 164 0
J B 58 12758 1 82 6913 1152 0
J N 8 12799 56 13 1 0 0
K 1 14 45
K -14 0 64
K -32 14 63
K 0 0 42
K 0 14 42
K -1 14 45
K 2 14 45
K 0 14 59
K 0 0 59
K 0 -23 59
K 0 -42 125
K 0 -28 125
A D 8 16 0
A P 1 175 0
A P 1 164 0
J N 8 12869 56 11 3457 1152 0
K 1 14 45
K 0 0 42
K 0 14 42
K -1 14 45
K 2 14 45
K 0 14 59
K 0 0 59
K 0 -23 59
K 0 -42 125
K 0 -28 125
A D 8 16 0
A P 1 175 0
A P 1 164 0
J B 59 12943 1 82 6913 1152 0
J N 8 12984 56 13 1 0 0
K 1 14 45
K -14 0 64
K -32 14 63
K 0 0 42
K 0 14 42
K -1 14 45
K 2 14 45
K 0 14 59
K 0 0 59
K 0 -23 59
K 0 -42 125
K 0 -28 125
A D 8 16 0
A P 1 175 0
A P 1 164 0
J N 8 13054 56 11 3457 1152 0
K 1 14 45
K 0 0 42
K 0 14 42
K -1 14 45
K 2 14 45
K 0 14 59
K 0 0 59
K 0 -23 59
K 0 -42 125
K 0 -28 125
A D 8 16 0
A P 1 175 0
A P 1 164 0
J B 60 13128 1 82 6913 1152 0
J N 8 13169 56 13 1 0 0
K 1 14 45
K -14 0 64
K -32 14 63
K 0 0 42
K 0 14 42
K -1 14 45
K 2 14 45
K 0 14 59
K 0 0 59
K 0 -23 59
K 0 -42 125
K 0 -28 125
A D 8 16 0
A P 1 175 0
A P 1 164 0
J N 8 13239 56 11 3457 1152 0
K 1 14 45
K 0 0 42
K 0 14 42
K -1 14 45
K 2 14 45
K 0 14 59
K 0 0 59
K 0 -23 59
K 0 -42 125
K 0 -28 125
A D 8 16 0
A P 1 175 0
A P 1 164 0
J B 61 13313 1 82 6913 1152 0
J N 8 13354 56 13 1 0 0
K 1 14 45
K -14 0 64
K -32 14 63
K 0 0 42
K 0 14 42
K -1 14 45
K 2 14 45
K 0 14 59
K 0 0 59
K 0 -23 59
K 0 -42 125
K 0 -28 125
A D 8 16 0
A P 1 175 0
A P 1 164 0
J N 8 13424 56 11 3457 1152 0
K 1 14 45
K 0 0 42
K 0 14 42
K -1 14 45
K 2 14 45
K 0 14 59
K 0 0 59
K 0 -23 59
K 0 -42 125
K 0 -28 125
A D 8 16 0
A P 1 175 0
A P 1 164 0
J B 62 13498 1 82 6913 1152 0
J N 8 13521 84 13 1 0 0
K 1 -14 45
K 1 0 45
K -14 0 64
K 0 0 42
K -1 0 45
K 2 0 45
K 0 30 108
K 23 30 108
K 0 0 59
K 0 -23 59
K 0 -42 125
K 0 -28 125
A D 8 16 0
A P 1 152 0
J N 8 13591 84 10 3457 1152 0
K 1 -14 45
K 1 0 45
K 0 0 42
K -1 0 45
K 2 0 45
K 0 0 59
K 0 -23 59
K 0 -42 125
K 0 -28 125
A D 8 16 0
A P 1 152 0
J B 63 13665 1 82 6913 1152 0
J N 8 13688 84 11 1 0 0
K 1 -14 45
K 1 0 45
K -14 0 64
K 0 0 42
K -1 0 45
K 2 0 45
K 0 0 59
K 0 -23 59
K 0 -42 125
K 0 -28 125
A D 8 16 0
A P 1 152 0
J N 8 13758 84 10 3457 1152 0
K 1 -14 45
K 1 0 45
K 0 0 42
K -1 0 45
K 2 0 45
K 0 0 59
K 0 -23 59
K 0 -42 125
K 0 -28 125
A D 8 16 0
A P 1 152 0
J B 64 13832 1 82 6913 1152 0
J N 8 13855 84 11 1 0 0
K 1 -14 45
K 1 0 45
K -14 0 64
K 0 0 42
K -1 0 45
K 2 0 45
K 0 0 59
K 0 -23 59
K 0 -42 125
K 0 -28 125
A D 8 16 0
A P 1 152 0
J N 8 13925 84 10 3457 1152 0
K 1 -14 45
K 1 0 45
K 0 0 42
K -1 0 45
K 2 0 45
K 0 0 59
K 0 -23 59
K 0 -42 125
K 0 -28 125
A D 8 16 0
A P 1 152 0
J B 65 13999 1 82 6913 1152 0
J N 8 14022 84 11 1 0 0
K 1 -14 45
K 1 0 45
K -14 0 64
K 0 0 42
K -1 0 45
K 2 0 45
K 0 0 59
K 0 -23 59
K 0 -42 125
K 0 -28 125
A D 8 16 0
A P 1 152 0
J N 8 14092 84 10 3457 1152 0
K 1 -14 45
K 1 0 45
K 0 0 42
K -1 0 45
K 2 0 45
K 0 0 59
K 0 -23 59
K 0 -42 125
K 0 -28 125
A D 8 16 0
A P 1 152 0
J B 66 14166 1 82 6913 1152 0
J N 8 14189 63 8 1 0 0
K -14 0 64
K 0 0 42
K 0 0 59
K 0 -28 59
K 0 -30 59
K 0 -49 125
K 0 -35 125
A D 8 16 0
A P 1 169 0
J N 8 14259 63 7 3457 1152 0
K 0 0 42
K 0 0 59
K 0 -28 59
K 0 -30 59
K 0 -49 125
K 0 -35 125
A D 8 16 0
A P 1 169 0
J B 67 14333 1 82 6913 1152 0
J N 8 14356 63 8 1 0 0
K -14 0 64
K 0 0 42
K 0 0 59
K 0 -28 59
K 0 -30 59
K 0 -49 125
K 0 -35 125
A D 8 16 0
A P 1 169 0
J N 8 14426 63 7 3457 1152 0
K 0 0 42
K 0 0 59
K 0 -28 59
K 0 -30 59
K 0 -49 125
K 0 -35 125
A D 8 16 0
A P 1 169 0
J B 68 14500 1 82 6913 1152 0
J N 8 14521 56 11 1 0 0
K 1 14 45
K 0 0 42
K 0 14 42
K -1 14 45
K 2 14 45
K 0 14 59
K 0 0 59
K 0 -23 59
K 0 -42 125
K 0 -28 125
A D 8 16 0
A P 1 174 0
A P 1 163 0
J N 8 14591 56 11 3457 1152 0
K 1 14 45
K 0 0 42
K 0 14 42
K -1 14 45
K 2 14 45
K 0 14 59
K 0 0 59
K 0 -23 59
K 0 -42 125
K 0 -28 125
A D 8 16 0
A P 1 174 0
A P 1 163 0
J B 69 14665 1 82 6913 1152 0
J N 8 14686 56 11 1 0 0
K 1 14 45
K 0 0 42
K 0 14 42
K -1 14 45
K 2 14 45
K 0 14 59
K 0 0 59
K 0 -23 59
K 0 -42 125
K 0 -28 125
A D 8 16 0
A P 1 174 0
A P 1 163 0
J N 8 14756 56 11 3457 1152 0
K 1 14 45
K 0 0 42
K 0 14 42
K -1 14 45
K 2 14 45
K 0 14 59
K 0 0 59
K 0 -23 59
K 0 -42 125
K 0 -28 125
A D 8 16 0
A P 1 174 0
A P 1 163 0
J B 70 14830 1 82 6913 1152 0
J N 8 14851 56 11 1 0 0
K 1 14 45
K 0 0 42
K 0 14 42
K -1 14 45
K 2 14 45
K 0 14 59
K 0 0 59
K 0 -23 59
K 0 -42 125
K 0 -28 125
A D 8 16 0
A P 1 174 0
A P 1 163 0
J N 8 14921 56 11 3457 1152 0
K 1 14 45
K 0 0 42
K 0 14 42
K -1 14 45
K 2 14 45
K 0 14 59
K 0 0 59
K 0 -23 59
K 0 -42 125
K 0 -28 125
A D 8 16 0
A P 1 174 0
A P 1 163 0
J B 71 14995 1 82 6913 1152 0
J N 8 15016 56 11 1 0 0
K 1 14 45
K 0 0 42
K 0 14 42
K -1 14 45
K 2 14 45
K 0 14 59
K 0 0 59
K 0 -23 59
K 0 -42 125
K 0 -28 125
A D 8 16 0
A P 1 174 0
A P 1 163 0
J N 8 15086 56 11 3457 1152 0
K 1 14 45
K 0 0 42
K 0 14 42
K -1 14 45
K 2 14 45
K 0 14 59
K 0 0 59
K 0 -23 59
K 0 -42 125
K 0 -28 125
A D 8 16 0
A P 1 174 0
A P 1 163 0
J B 72 15160 1 82 6913 1152 0
J D 0 15181 0 1 1 0 1 50
W 0 106 36 cresc.
J N 8 15181 56 11 1 0 0
K 1 14 45
K 0 0 42
K 0 14 42
K -1 14 45
K 2 14 45
K 0 14 59
K 0 0 59
K 0 -23 59
K 0 -42 125
K 0 -28 125
A D 8 16 0
A P 1 174 0
A P 1 163 0
J N 8 15251 56 11 3457 1152 0
K 1 14 45
K 0 0 42
K 0 14 42
K -1 14 45
K 2 14 45
K 0 14 59
K 0 0 59
K 0 -23 59
K 0 -42 125
K 0 -28 125
A D 8 16 0
A P 1 174 0
A P 1 163 0
J B 73 15325 1 82 6913 1152 0
J N 8 15346 56 11 1 0 0
K 1 14 45
K 0 0 42
K 0 14 42
K -1 14 45
K 2 14 45
K 0 14 59
K 0 0 59
K 0 -23 59
K 0 -42 125
K 0 -28 125
A D 8 16 0
A P 1 174 0
A P 1 163 0
J N 8 15416 56 11 3457 1152 0
K 1 14 45
K 0 0 42
K 0 14 42
K -1 14 45
K 2 14 45
K 0 14 59
K 0 0 59
K 0 -23 59
K 0 -42 125
K 0 -28 125
A D 8 16 0
A P 1 174 0
A P 1 163 0
J B 74 15490 1 82 6913 1152 0
J N 8 15511 63 7 1 0 0
K 0 0 42
K 0 0 59
K 0 -28 59
K 0 -30 59
K 0 -49 125
K 0 -35 125
A D 8 16 0
A P 1 168 0
J N 8 15581 63 7 3457 1152 0
K 0 0 42
K 0 0 59
K 0 -28 59
K 0 -30 59
K 0 -49 125
K 0 -35 125
A D 8 16 0
A P 1 168 0
J B 75 15655 1 82 6913 1152 0
J N 8 15676 63 7 1 0 0
K 0 0 42
K 0 0 59
K 0 -28 59
K 0 -30 59
K 0 -49 125
K 0 -35 125
A D 8 16 0
A P 1 168 0
J N 8 15746 63 7 3457 1152 0
K 0 0 42
K 0 0 59
K 0 -28 59
K 0 -30 59
K 0 -49 125
K 0 -35 125
A D 8 16 0
A P 1 168 0
J B 76 15820 1 82 6913 1152 0
J N 8 15841 49 14 1 0 0
K 1 21 45
K 1 35 45
K 0 0 42
K 0 42 42
K 0 35 45
K 1 35 45
K 0 42 59
K 0 28 59
K 0 0 59
K 0 -28 59
K 0 -30 59
K 0 -49 125
K 0 -35 125
A D 8 16 0
A P 1 180 0
A P 1 146 0
J N 8 15911 49 14 3457 1152 0
K 1 21 45
K 1 35 45
K 0 0 42
K 0 42 42
K 0 35 45
K 1 35 45
K 0 42 59
K 0 28 59
K 0 0 59
K 0 -28 59
K 0 -30 59
K 0 -49 125
K 0 -35 125
A D 8 16 0
A P 1 180 0
A P 1 146 0
J B 77 15985 1 82 6913 1152 0
J N 8 16006 49 14 1 0 0
K 1 21 45
K 1 35 45
K 0 0 42
K 0 42 42
K 0 35 45
K 1 35 45
K 0 42 59
K 0 28 59
K 0 0 59
K 0 -28 59
K 0 -30 59
K 0 -49 125
K 0 -35 125
A D 8 16 0
A P 1 180 0
A P 1 146 0
J N 8 16076 49 14 3457 1152 0
K 1 21 45
K 1 35 45
K 0 0 42
K 0 42 42
K 0 35 45
K 1 35 45
K 0 42 59
K 0 28 59
K 0 0 59
K 0 -28 59
K 0 -30 59
K 0 -49 125
K 0 -35 125
A D 8 16 0
A P 1 180 0
A P 1 146 0
J M 0 16146 0 0 6913 1152 1 50
H 50 D 139 0 117 0 31
J B 78 16150 1 82 6913 0 0
J N 6 16173 -7 18 1 0 0
K 1 77 45
K 1 91 45
K -14 35 64
K -14 70 64
K 0 0 43
K 0 35 43
K 0 70 43
K 0 98 43
K 0 91 45
K 1 91 45
K 0 135 110
K 17 135 110
K 0 98 59
K 0 70 59
K 0 42 59
K 0 28 59
K 0 0 51
A D 2 16 0
A P 1 226 0
A P 1 198 0
A P 1 169 0
A P 1 146 0
J N 5 16213 14 3 865 288 1 51
K -14 0 64
K 0 0 43
A D 1 16 0
A P 1 209 0
J N 5 16239 14 2 1297 144 1 51
K 0 0 43
A D 1 16 0
A P 1 209 0
H 51 B 1 0 108 2 22 33
J N 5 16265 28 2 1729 144 1 52
K 0 0 43
A D 1 16 0
A P 1 198 0
J N 5 16291 28 2 2161 144 1 52
K 0 0 43
A D 1 16 0
A P 1 198 0
J N 5 16317 42 2 2593 144 1 52
K 0 0 43
A D 1 16 0
A P 1 186 0
J N 5 16343 42 2 3025 144 1 52
K 0 0 43
A D 1 16 0
A P 1 186 0
H 52 B 0 0 108 4 22 11 11 33
J N 5 16369 63 2 3457 144 1 53
K 0 0 43
A D 1 16 0
A P 1 169 0
J N 5 16395 63 2 3889 144 1 53
K 0 0 43
A D 1 16 0
A P 1 169 0
J N 5 16435 77 6 4321 144 1 53
K 1 -7 45
K -14 0 64
K 0 0 43
K 0 -7 45
K 1 -7 45
A D 1 16 0
A P 1 158 0
J N 5 16461 77 5 4753 144 1 53
K 1 -7 45
K 0 0 43
K 0 -7 45
K 1 -7 45
A D 1 16 0
A P 1 158 0
H 53 B 0 0 108 4 22 11 11 33
J N 5 16487 91 8 5185 144 1 54
K 1 -21 45
K 1 -7 45
K 0 0 43
K 0 -7 45
K 1 -7 45
K 0 36 111
K 12 36 110
A D 1 16 0
A P 1 146 0
J N 5 16513 91 6 5617 144 1 54
K 1 -21 45
K 1 -7 45
K 0 0 43
K 0 -7 45
K 1 -7 45
A D 1 16 0
A P 1 146 0
J N 5 16555 -7 2 6049 144 1 54
K 0 0 43
A D 1 16 0
A P 1 226 0
J N 5 16581 -7 2 6481 144 1 54
K 0 0 43
A D 1 16 0
A P 1 226 0
H 54 B 0 12 108 4 22 11 11 33
J B 79 16611 1 82 6913 144 0
J N 5 16632 -7 2 1 0 1 55
K 0 0 43
A D 1 16 0
A P 1 226 0
J N 5 16658 -7 2 433 144 1 55
K 0 0 43
A D 1 16 0
A P 1 226 0
J N 5 16684 7 2 865 144 1 55
K 0 0 43
A D 1 16 0
A P 1 214 0
J N 5 16710 7 2 1297 144 1 55
K 0 0 43
A D 1 16 0
A P 1 214 0
H 55 B 1 0 108 4 22 11 11 33
J N 5 16736 21 2 1729 144 1 56
K 0 0 43
A D 1 16 0
A P 1 203 0
J N 5 16762 21 2 2161 144 1 56
K 0 0 43
A D 1 16 0
A P 1 203 0
J N 5 16788 42 2 2593 144 1 56
K 0 0 43
A D 1 16 0
A P 1 186 0
J N 5 16814 42 2 3025 144 1 56
K 0 0 43
A D 1 16 0
A P 1 186 0
H 56 B 0 0 108 4 22 11 11 33
J N 5 16840 56 2 3457 144 1 57
K 0 0 43
A D 1 16 0
A P 1 174 0
J N 5 16866 56 2 3889 144 1 57
K 0 0 43
A D 1 16 0
A P 1 174 0
J N 5 16892 70 5 4321 144 1 57
K 1 0 45
K 0 0 43
K -1 0 45
K 2 0 45
A D 1 16 0
A P 1 163 0
J N 5 16918 70 5 4753 144 1 57
K 1 0 45
K 0 0 43
K -1 0 45
K 2 0 45
A D 1 16 0
A P 1 163 0
H 57 B 0 0 108 4 22 11 11 33
J N 5 16944 91 8 5185 144 1 58
K 1 -21 45
K 1 -7 45
K 0 0 43
K 0 -7 45
K 1 -7 45
K -5 29 111
K 7 29 110
A D 1 16 0
A P 1 146 0
J N 5 16970 91 6 5617 144 1 58
K 1 -21 45
K 1 -7 45
K 0 0 43
K 0 -7 45
K 1 -7 45
A D 1 16 0
A P 1 146 0
J N 5 17012 -7 2 6049 144 1 58
K 0 0 43
A D 1 16 0
A P 1 226 0
J N 5 17038 -7 2 6481 144 1 58
K 0 0 43
A D 1 16 0
A P 1 226 0
H 58 B 0 12 108 4 22 11 11 33
J B 80 17068 1 82 6913 144 0
J N 5 17089 -7 2 1 0 1 59
K 0 0 43
A D 1 16 0
A P 1 226 0
J N 5 17115 -7 2 433 144 1 59
K 0 0 43
A D 1 16 0
A P 1 226 0
J N 5 17141 7 2 865 144 1 59
K 0 0 43
A D 1 16 0
A P 1 214 0
J N 5 17167 7 2 1297 144 1 59
K 0 0 43
A D 1 16 0
A P 1 214 0
H 59 B 1 0 108 4 22 11 11 33
J N 5 17193 21 2 1729 144 1 60
K 0 0 43
A D 1 16 0
A P 1 203 0
J N 5 17219 21 2 2161 144 1 60
K 0 0 43
A D 1 16 0
A P 1 203 0
J N 5 17245 42 2 2593 144 1 60
K 0 0 43
A D 1 16 0
A P 1 186 0
J N 5 17271 42 2 3025 144 1 60
K 0 0 43
A D 1 16 0
A P 1 186 0
H 60 B 0 0 108 4 22 11 11 33
J N 5 17297 56 2 3457 144 1 61
K 0 0 43
A D 1 16 0
A P 1 174 0
J N 5 17323 56 2 3889 144 1 61
K 0 0 43
A D 1 16 0
A P 1 174 0
J N 5 17349 70 5 4321 144 1 61
K 1 0 45
K 0 0 43
K -1 0 45
K 2 0 45
A D 1 16 0
A P 1 163 0
J N 5 17375 70 5 4753 144 1 61
K 1 0 45
K 0 0 43
K -1 0 45
K 2 0 45
A D 1 16 0
A P 1 163 0
H 61 B 0 0 108 4 22 11 11 33
J N 5 17401 91 8 5185 144 1 62
K 1 -21 45
K 1 -7 45
K 0 0 43
K 0 -7 45
K 1 -7 45
K 0 36 111
K 12 36 110
A D 1 16 0
A P 1 146 0
J N 5 17427 91 6 5617 144 1 62
K 1 -21 45
K 1 -7 45
K 0 0 43
K 0 -7 45
K 1 -7 45
A D 1 16 0
A P 1 146 0
J N 5 17469 -7 2 6049 144 1 62
K 0 0 43
A D 1 16 0
A P 1 226 0
J N 5 17495 -7 2 6481 144 1 62
K 0 0 43
A D 1 16 0
A P 1 226 0
H 62 B 0 12 108 4 22 11 11 33
J B 81 17525 1 82 6913 144 0
J N 5 17546 -14 5 1 0 1 63
K 0 0 45
K 0 0 43
K -1 0 45
K 2 0 45
A D 1 16 0
A P 1 231 0
J N 5 17572 -14 5 433 144 1 63
K 0 0 45
K 0 0 43
K -1 0 45
K 2 0 45
A D 1 16 0
A P 1 231 0
J N 5 17598 7 2 865 144 1 63
K 0 0 43
A D 1 16 0
A P 1 214 0
J N 5 17624 7 2 1297 144 1 63
K 0 0 43
A D 1 16 0
A P 1 214 0
H 63 B 1 0 108 4 22 11 11 33
J N 5 17650 21 2 1729 144 1 64
K 0 0 43
A D 1 16 0
A P 1 203 0
J N 5 17676 21 2 2161 144 1 64
K 0 0 43
A D 1 16 0
A P 1 203 0
J N 5 17702 35 2 2593 144 1 64
K 0 0 43
A D 1 16 0
A P 1 191 0
J N 5 17728 35 2 3025 144 1 64
K 0 0 43
A D 1 16 0
A P 1 191 0
H 64 B 1 0 108 4 22 11 11 33
J N 5 17754 56 2 3457 144 1 65
K 0 0 43
A D 1 16 0
A P 1 174 0
J N 5 17780 56 2 3889 144 1 65
K 0 0 43
A D 1 16 0
A P 1 174 0
J N 5 17806 70 5 4321 144 1 65
K 1 0 45
K 0 0 43
K -1 0 45
K 2 0 45
A D 1 16 0
A P 1 163 0
J N 5 17832 70 5 4753 144 1 65
K 1 0 45
K 0 0 43
K -1 0 45
K 2 0 45
A D 1 16 0
A P 1 163 0
H 65 B 0 0 108 4 22 11 11 33
J N 5 17858 84 8 5185 144 1 66
K 1 -14 45
K 1 0 45
K 0 0 43
K -1 0 45
K 2 0 45
K 0 36 111
K 12 36 110
A D 1 16 0
A P 1 151 0
J N 5 17884 84 6 5617 144 1 66
K 1 -14 45
K 1 0 45
K 0 0 43
K -1 0 45
K 2 0 45
A D 1 16 0
A P 1 151 0
J N 5 17926 -14 5 6049 144 1 66
K 0 0 45
K 0 0 43
K -1 0 45
K 2 0 45
A D 1 16 0
A P 1 231 0
J N 5 17952 -14 5 6481 144 1 66
K 0 0 45
K 0 0 43
K -1 0 45
K 2 0 45
A D 1 16 0
A P 1 231 0
H 66 B 0 12 108 4 22 11 11 33
J B 82 17982 1 82 6913 144 0
J N 5 18003 -14 5 1 0 1 67
K 0 0 45
K 0 0 43
K -1 0 45
K 2 0 45
A D 1 16 0
A P 1 231 0
J N 5 18029 -14 5 433 144 1 67
K 0 0 45
K 0 0 43
K -1 0 45
K 2 0 45
A D 1 16 0
A P 1 231 0
J N 5 18055 7 2 865 144 1 67
K 0 0 43
A D 1 16 0
A P 1 214 0
J N 5 18081 7 2 1297 144 1 67
K 0 0 43
A D 1 16 0
A P 1 214 0
H 67 B 1 0 108 4 22 11 11 33
J N 5 18107 21 2 1729 144 1 68
K 0 0 43
A D 1 16 0
A P 1 203 0
J N 5 18133 21 2 2161 144 1 68
K 0 0 43
A D 1 16 0
A P 1 203 0
J N 5 18159 35 2 2593 144 1 68
K 0 0 43
A D 1 16 0
A P 1 191 0
J N 5 18185 35 2 3025 144 1 68
K 0 0 43
A D 1 16 0
A P 1 191 0
H 68 B 1 0 108 4 22 11 11 33
J N 5 18211 56 2 3457 144 1 69
K 0 0 43
A D 1 16 0
A P 1 174 0
J N 5 18237 56 2 3889 144 1 69
K 0 0 43
A D 1 16 0
A P 1 174 0
J N 5 18263 70 5 4321 144 1 69
K 1 0 45
K 0 0 43
K -1 0 45
K 2 0 45
A D 1 16 0
A P 1 163 0
J N 5 18289 70 5 4753 144 1 69
K 1 0 45
K 0 0 43
K -1 0 45
K 2 0 45
A D 1 16 0
A P 1 163 0
H 69 B 0 0 108 4 22 11 11 33
J N 5 18315 84 8 5185 144 1 70
K 1 -14 45
K 1 0 45
K 0 0 43
K -1 0 45
K 2 0 45
K 0 36 111
K 12 36 110
A D 1 16 0
A P 1 151 0
J N 5 18341 84 6 5617 144 1 70
K 1 -14 45
K 1 0 45
K 0 0 43
K -1 0 45
K 2 0 45
A D 1 16 0
A P 1 151 0
J N 5 18383 -14 5 6049 144 1 70
K 0 0 45
K 0 0 43
K -1 0 45
K 2 0 45
A D 1 16 0
A P 1 231 0
J N 5 18409 -14 5 6481 144 1 70
K 0 0 45
K 0 0 43
K -1 0 45
K 2 0 45
A D 1 16 0
A P 1 231 0
H 70 B 0 12 108 4 22 11 11 33
J B 83 18439 1 82 6913 144 0
J N 5 18460 -14 5 1 0 1 71
K 0 0 45
K 0 0 43
K -1 0 45
K 2 0 45
A D 1 16 0
A P 1 231 0
J N 5 18486 -14 5 433 144 1 71
K 0 0 45
K 0 0 43
K -1 0 45
K 2 0 45
A D 1 16 0
A P 1 231 0
J N 5 18512 0 2 865 144 1 71
K 0 0 43
A D 1 16 0
A P 1 220 0
J N 5 18538 0 2 1297 144 1 71
K 0 0 43
A D 1 16 0
A P 1 220 0
H 71 B 1 0 108 4 22 11 11 33
J N 5 18564 14 2 1729 144 1 72
K 0 0 43
A D 1 16 0
A P 1 208 0
J N 5 18590 14 2 2161 144 1 72
K 0 0 43
A D 1 16 0
A P 1 208 0
J N 5 18616 35 2 2593 144 1 72
K 0 0 43
A D 1 16 0
A P 1 191 0
J N 5 18642 35 2 3025 144 1 72
K 0 0 43
A D 1 16 0
A P 1 191 0
H 72 B 1 0 108 4 22 11 11 33
J N 5 18668 49 2 3457 144 1 73
K 0 0 43
A D 1 16 0
A P 1 180 0
J N 5 18694 49 2 3889 144 1 73
K 0 0 43
A D 1 16 0
A P 1 180 0
J N 5 18720 63 2 4321 144 1 73
K 0 0 43
A D 1 16 0
A P 1 168 0
J N 5 18746 63 2 4753 144 1 73
K 0 0 43
A D 1 16 0
A P 1 168 0
H 73 B 0 0 108 4 22 11 11 33
J N 5 18772 84 8 5185 144 1 74
K 1 -14 45
K 1 0 45
K 0 0 43
K -1 0 45
K 2 0 45
K 0 36 111
K 12 36 110
A D 1 16 0
A P 1 151 0
J N 5 18798 84 6 5617 144 1 74
K 1 -14 45
K 1 0 45
K 0 0 43
K -1 0 45
K 2 0 45
A D 1 16 0
A P 1 151 0
J N 5 18840 -14 5 6049 144 1 74
K 0 0 45
K 0 0 43
K -1 0 45
K 2 0 45
A D 1 16 0
A P 1 231 0
J N 5 18866 -14 5 6481 144 1 74
K 0 0 45
K 0 0 43
K -1 0 45
K 2 0 45
A D 1 16 0
A P 1 231 0
H 74 B 0 12 108 4 22 11 11 33
J B 84 18896 1 82 6913 144 0
J N 5 18917 -14 5 1 0 1 75
K 0 0 45
K 0 0 43
K -1 0 45
K 2 0 45
A D 1 16 0
A P 1 231 0
J N 5 18943 -14 5 433 144 1 75
K 0 0 45
K 0 0 43
K -1 0 45
K 2 0 45
A D 1 16 0
A P 1 231 0
J N 5 18969 0 2 865 144 1 75
K 0 0 43
A D 1 16 0
A P 1 220 0
J N 5 18995 0 2 1297 144 1 75
K 0 0 43
A D 1 16 0
A P 1 220 0
H 75 B 1 0 108 4 22 11 11 33
J N 5 19021 14 2 1729 144 1 76
K 0 0 43
A D 1 16 0
A P 1 208 0
J N 5 19047 14 2 2161 144 1 76
K 0 0 43
A D 1 16 0
A P 1 208 0
J N 5 19073 35 2 2593 144 1 76
K 0 0 43
A D 1 16 0
A P 1 191 0
J N 5 19099 35 2 3025 144 1 76
K 0 0 43
A D 1 16 0
A P 1 191 0
H 76 B 1 0 108 4 22 11 11 33
J N 5 19125 49 2 3457 144 1 77
K 0 0 43
A D 1 16 0
A P 1 180 0
J N 5 19151 49 2 3889 144 1 77
K 0 0 43
A D 1 16 0
A P 1 180 0
J N 5 19177 63 2 4321 144 1 77
K 0 0 43
A D 1 16 0
A P 1 168 0
J N 5 19203 63 2 4753 144 1 77
K 0 0 43
A D 1 16 0
A P 1 168 0
H 77 B 0 0 108 4 22 11 11 33
J N 5 19239 84 9 5185 144 1 78
K 1 -14 45
K 1 0 45
K -14 0 64
K 0 0 43
K -1 0 45
K 2 0 45
K 0 36 111
K 12 36 110
A D 1 16 0
A P 1 152 0
J N 5 19265 84 6 5617 144 1 78
K 1 -14 45
K 1 0 45
K 0 0 43
K -1 0 45
K 2 0 45
A D 1 16 0
A P 1 152 0
J N 5 19307 -14 6 6049 144 1 78
K 0 0 45
K -14 0 64
K 0 0 43
K -1 0 45
K 2 0 45
A D 1 16 0
A P 1 232 0
J N 5 19333 -14 5 6481 144 1 78
K 0 0 45
K 0 0 43
K -1 0 45
K 2 0 45
A D 1 16 0
A P 1 232 0
H 78 B 0 12 108 4 22 11 11 33
J B 85 19363 1 82 6913 144 0
J N 5 19384 -21 5 1 0 1 79
K 0 7 45
K 0 0 43
K 0 7 45
K 1 7 45
A D 1 16 0
A P 1 237 0
J N 5 19410 -21 5 433 144 1 79
K 0 7 45
K 0 0 43
K 0 7 45
K 1 7 45
A D 1 16 0
A P 1 237 0
J N 5 19436 0 2 865 144 1 79
K 0 0 43
A D 1 16 0
A P 1 220 0
J N 5 19462 0 2 1297 144 1 79
K 0 0 43
A D 1 16 0
A P 1 220 0
H 79 B 1 0 108 4 22 11 11 33
J N 5 19502 14 3 1729 144 1 80
K -14 0 64
K 0 0 43
A D 1 16 0
A P 1 209 0
J N 5 19528 14 2 2161 144 1 80
K 0 0 43
A D 1 16 0
A P 1 209 0
J N 5 19554 28 2 2593 144 1 80
K 0 0 43
A D 1 16 0
A P 1 197 0
J N 5 19580 28 2 3025 144 1 80
K 0 0 43
A D 1 16 0
A P 1 197 0
H 80 B 1 0 108 4 22 11 11 33
J N 5 19606 49 2 3457 144 1 81
K 0 0 43
A D 1 16 0
A P 1 180 0
J N 5 19632 49 2 3889 144 1 81
K 0 0 43
A D 1 16 0
A P 1 180 0
J N 5 19672 63 3 4321 144 1 81
K -14 0 64
K 0 0 43
A D 1 16 0
A P 1 169 0
J N 5 19698 63 2 4753 144 1 81
K 0 0 43
A D 1 16 0
A P 1 169 0
H 81 B 0 0 108 4 22 11 11 33
J N 5 19724 77 7 5185 144 1 82
K 1 -7 45
K 0 0 43
K 0 -7 45
K 1 -7 45
K 0 36 111
K 12 36 110
A D 1 16 0
A P 1 157 0
J N 5 19750 77 5 5617 144 1 82
K 1 -7 45
K 0 0 43
K 0 -7 45
K 1 -7 45
A D 1 16 0
A P 1 157 0
J N 5 19792 -21 5 6049 144 1 82
K 0 7 45
K 0 0 43
K 0 7 45
K 1 7 45
A D 1 16 0
A P 1 237 0
J N 5 19818 -21 5 6481 144 1 82
K 0 7 45
K 0 0 43
K 0 7 45
K 1 7 45
A D 1 16 0
A P 1 237 0
H 82 B 0 12 108 4 22 11 11 33
J B 86 19848 1 82 6913 144 0
J N 5 19869 -21 5 1 0 1 83
K 0 7 45
K 0 0 43
K 0 7 45
K 1 7 45
A D 1 16 0
A P 1 237 0
J N 5 19895 -21 5 433 144 1 83
K 0 7 45
K 0 0 43
K 0 7 45
K 1 7 45
A D 1 16 0
A P 1 237 0
J N 5 19921 0 2 865 144 1 83
K 0 0 43
A D 1 16 0
A P 1 220 0
J N 5 19947 0 2 1297 144 1 83
K 0 0 43
A D 1 16 0
A P 1 220 0
H 83 B 1 0 108 4 22 11 11 33
J N 5 19987 14 3 1729 144 1 84
K -14 0 64
K 0 0 43
A D 1 16 0
A P 1 209 0
J N 5 20013 14 2 2161 144 1 84
K 0 0 43
A D 1 16 0
A P 1 209 0
J N 5 20039 28 2 2593 144 1 84
K 0 0 43
A D 1 16 0
A P 1 197 0
J N 5 20065 28 2 3025 144 1 84
K 0 0 43
A D 1 16 0
A P 1 197 0
H 84 B 1 0 108 4 22 11 11 33
J N 5 20091 49 2 3457 144 1 85
K 0 0 43
A D 1 16 0
A P 1 180 0
J N 5 20117 49 2 3889 144 1 85
K 0 0 43
A D 1 16 0
A P 1 180 0
J N 5 20157 63 3 4321 144 1 85
K -14 0 64
K 0 0 43
A D 1 16 0
A P 1 169 0
J N 5 20183 63 2 4753 144 1 85
K 0 0 43
A D 1 16 0
A P 1 169 0
H 85 B 0 0 108 4 22 11 11 33
J N 5 20209 77 7 5185 144 1 86
K 1 -7 45
K 0 0 43
K 0 -7 45
K 1 -7 45
K 0 36 111
K 12 36 110
A D 1 16 0
A P 1 157 0
J N 5 20235 77 5 5617 144 1 86
K 1 -7 45
K 0 0 43
K 0 -7 45
K 1 -7 45
A D 1 16 0
A P 1 157 0
J N 5 20277 -21 5 6049 144 1 86
K 0 7 45
K 0 0 43
K 0 7 45
K 1 7 45
A D 1 16 0
A P 1 237 0
J N 5 20303 -21 5 6481 144 1 86
K 0 7 45
K 0 0 43
K 0 7 45
K 1 7 45
A D 1 16 0
A P 1 237 0
H 86 B 0 12 108 4 22 11 11 33
J B 87 20333 1 82 6913 144 0
J N 5 20354 -21 5 1 0 1 87
K 0 7 45
K 0 0 43
K 0 7 45
K 1 7 45
A D 1 16 0
A P 1 237 0
J N 5 20380 -21 5 433 144 1 87
K 0 7 45
K 0 0 43
K 0 7 45
K 1 7 45
A D 1 16 0
A P 1 237 0
J N 5 20421 -7 3 865 144 1 87
K -15 0 65
K 0 0 43
A D 1 16 0
A P 1 225 0
J N 5 20447 -7 2 1297 144 1 87
K 0 0 43
A D 1 16 0
A P 1 225 0
H 87 B 1 0 108 4 22 11 11 33
J N 5 20473 7 2 1729 144 1 88
K 0 0 43
A D 1 16 0
A P 1 214 0
J N 5 20499 7 2 2161 144 1 88
K 0 0 43
A D 1 16 0
A P 1 214 0
J N 5 20525 28 2 2593 144 1 88
K 0 0 43
A D 1 16 0
A P 1 197 0
J N 5 20551 28 2 3025 144 1 88
K 0 0 43
A D 1 16 0
A P 1 197 0
H 88 B 1 0 108 4 22 11 11 33
J N 5 20592 42 3 3457 144 1 89
K -15 0 65
K 0 0 43
A D 1 16 0
A P 1 185 0
J N 5 20618 42 2 3889 144 1 89
K 0 0 43
A D 1 16 0
A P 1 185 0
J N 5 20644 56 2 4321 144 1 89
K 0 0 43
A D 1 16 0
A P 1 174 0
J N 5 20670 56 2 4753 144 1 89
K 0 0 43
A D 1 16 0
A P 1 174 0
H 89 B 0 0 108 4 22 11 11 33
J N 5 20696 77 7 5185 144 1 90
K 1 -7 45
K 0 0 43
K 0 -7 45
K 1 -7 45
K 0 36 111
K 12 36 110
A D 1 16 0
A P 1 157 0
J N 5 20722 77 5 5617 144 1 90
K 1 -7 45
K 0 0 43
K 0 -7 45
K 1 -7 45
A D 1 16 0
A P 1 157 0
J N 5 20764 -21 5 6049 144 1 90
K 0 7 45
K 0 0 43
K 0 7 45
K 1 7 45
A D 1 16 0
A P 1 237 0
J N 5 20790 -21 5 6481 144 1 90
K 0 7 45
K 0 0 43
K 0 7 45
K 1 7 45
A D 1 16 0
A P 1 237 0
H 90 B 0 12 108 4 22 11 11 33
J B 88 20820 1 82 6913 144 0
J N 5 20841 -21 5 1 0 1 91
K 0 7 45
K 0 0 43
K 0 7 45
K 1 7 45
A D 1 16 0
A P 1 237 0
J N 5 20867 -21 5 433 144 1 91
K 0 7 45
K 0 0 43
K 0 7 45
K 1 7 45
A D 1 16 0
A P 1 237 0
J N 5 20908 -7 3 865 144 1 91
K -15 0 65
K 0 0 43
A D 1 16 0
A P 1 225 0
J N 5 20934 -7 2 1297 144 1 91
K 0 0 43
A D 1 16 0
A P 1 225 0
H 91 B 1 0 108 4 22 11 11 33
J N 5 20960 7 2 1729 144 1 92
K 0 0 43
A D 1 16 0
A P 1 214 0
J N 5 20986 7 2 2161 144 1 92
K 0 0 43
A D 1 16 0
A P 1 214 0
J N 5 21012 28 2 2593 144 1 92
K 0 0 43
A D 1 16 0
A P 1 197 0
J N 5 21038 28 2 3025 144 1 92
K 0 0 43
A D 1 16 0
A P 1 197 0
H 92 B 1 0 108 4 22 11 11 33
J N 5 21079 42 3 3457 144 1 93
K -15 0 65
K 0 0 43
A D 1 16 0
A P 1 185 0
J N 5 21105 42 2 3889 144 1 93
K 0 0 43
A D 1 16 0
A P 1 185 0
J N 5 21131 56 2 4321 144 1 93
K 0 0 43
A D 1 16 0
A P 1 174 0
J N 5 21157 56 2 4753 144 1 93
K 0 0 43
A D 1 16 0
A P 1 174 0
H 93 B 0 0 108 4 22 11 11 33
J N 5 21183 70 7 5185 144 1 94
K 1 0 45
K 0 0 43
K -1 0 45
K 2 0 45
K 0 36 111
K 12 36 110
A D 1 16 0
A P 1 163 0
J N 5 21209 70 5 5617 144 1 94
K 1 0 45
K 0 0 43
K -1 0 45
K 2 0 45
A D 1 16 0
A P 1 163 0
J N 5 21235 21 2 6049 144 1 94
K 0 0 43
A D 1 16 0
A P 1 203 0
J N 5 21261 21 2 6481 144 1 94
K 0 0 43
A D 1 16 0
A P 1 203 0
H 94 B 0 0 108 4 22 11 11 33
J B 89 21291 1 82 6913 144 0
J N 7 21312 14 4 1 0 0
K 0 0 43
K 0 0 60
K 0 21 60
A D 4 16 0
A P 1 208 0
J R 7 21358 28 2 1729 576 0
K 0 0 48
A D 4 16 0
A P 1 0 0
J N 7 21404 14 7 3457 576 0
K 0 0 43
K 24 -6 44
K 0 71 111
K 12 71 110
K 0 0 60
K 0 21 60
A D 6 16 0
A P 1 208 0
J N 6 21464 35 3 6049 864 0
K 0 0 43
K 0 0 53
A D 2 16 0
A P 1 191 0
J B 90 21504 1 82 6913 288 0
J N 6 21525 28 2 1 0 1 95
K 0 0 43
A D 2 16 0
A P 1 197 0
J N 6 21558 49 2 865 288 1 95
K 0 0 43
A D 2 16 0
A P 1 180 0
J N 6 21599 42 3 1729 288 1 95
K -15 0 65
K 0 0 43
A D 2 16 0
A P 1 185 0
J N 6 21632 49 2 2593 288 1 95
K 0 0 43
A D 2 16 0
A P 1 180 0
H 95 B 0 0 108 4 2 1 1 3
J N 6 21665 56 2 3457 288 1 96
K 0 0 43
A D 2 16 0
A P 1 174 0
J N 6 21698 63 2 4321 288 1 96
K 0 0 43
A D 2 16 0
A P 1 168 0
J N 6 21731 63 2 5185 288 1 96
K 0 0 43
A D 2 16 0
A P 1 168 0
J N 6 21764 70 5 6049 288 1 96
K 1 0 45
K 0 0 43
K -1 0 45
K 2 0 45
A D 2 16 0
A P 1 163 0
H 96 B 0 0 108 4 2 1 1 3
J B 91 21801 1 82 6913 288 0
J N 7 21822 77 7 1 0 0
K 1 -7 45
K 0 0 43
K 0 -7 45
K 1 -7 45
K 0 0 59
K 0 -21 59
A D 4 16 0
A P 1 157 0
J R 7 21868 28 2 1729 576 0
K 0 0 48
A D 4 16 0
A P 1 0 0
J N 7 21914 -21 10 3457 576 0
K 0 7 45
K 0 0 43
K 0 7 45
K 1 7 45
K 25 0 44
K 0 105 111
K 12 105 110
K 0 0 60
K 0 21 60
A D 6 16 0
A P 1 237 0
J N 6 21974 0 3 6049 864 0
K 0 0 43
K 0 0 54
A D 2 16 0
A P 1 220 0
J B 92 22011 1 82 6913 288 0
J N 6 22035 -7 3 1 0 1 97
K -15 0 65
K 0 0 43
A D 2 16 0
A P 1 225 0
J N 6 22068 14 2 865 288 1 97
K 0 0 43
A D 2 16 0
A P 1 208 0
J N 6 22101 7 2 1729 288 1 97
K 0 0 43
A D 2 16 0
A P 1 214 0
J N 6 22134 14 2 2593 288 1 97
K 0 0 43
A D 2 16 0
A P 1 208 0
H 97 B 1 0 108 4 2 1 1 3
J N 6 22175 21 3 3457 288 1 98
K -15 0 65
K 0 0 43
A D 2 16 0
A P 1 202 0
J N 6 22208 28 2 4321 288 1 98
K 0 0 43
A D 2 16 0
A P 1 197 0
J N 6 22241 28 2 5185 288 1 98
K 0 0 43
A D 2 16 0
A P 1 197 0
J N 6 22274 35 2 6049 288 1 98
K 0 0 43
A D 2 16 0
A P 1 191 0
H 98 B 1 0 108 4 2 1 1 3
J B 93 22311 1 82 6913 288 0
J N 7 22335 42 5 1 0 0
K -15 0 65
K 0 0 43
K 0 0 59
K 0 -21 59
A D 4 16 0
A P 1 185 0
J R 7 22381 28 2 1729 576 0
K 0 0 48
A D 4 16 0
A P 1 0 0
J N 7 22427 -7 8 3457 576 0
K -15 0 65
K 0 0 43
K 25 0 44
K 0 95 111
K 12 95 110
K 0 0 60
K 0 21 60
A D 6 16 0
A P 1 225 0
J N 6 22487 14 3 6049 864 0
K 0 0 43
K 0 0 54
A D 2 16 0
A P 1 208 0
J B 94 22524 1 82 6913 288 0
J N 6 22545 7 2 1 0 1 99
K 0 0 43
A D 2 16 0
A P 1 214 0
J N 6 22578 28 2 865 288 1 99
K 0 0 43
A D 2 16 0
A P 1 197 0
J N 6 22619 21 3 1729 288 1 99
K -15 0 65
K 0 0 43
A D 2 16 0
A P 1 202 0
J N 6 22652 28 2 2593 288 1 99
K 0 0 43
A D 2 16 0
A P 1 197 0
H 99 B 1 0 108 4 2 1 1 3
J N 6 22685 35 2 3457 288 1 100
K 0 0 43
A D 2 16 0
A P 1 191 0
J N 6 22726 42 3 4321 288 1 100
K -15 0 65
K 0 0 43
A D 2 16 0
A P 1 185 0
J N 6 22759 42 2 5185 288 1 100
K 0 0 43
A D 2 16 0
A P 1 185 0
J N 6 22799 42 11 6049 288 1 100
K 1 28 45
K 1 42 45
K -14 0 64
K -14 49 64
K 0 0 43
K 0 49 43
K 0 42 45
K 1 42 45
K 0 49 59
K 0 28 59
A D 2 16 0
A P 1 186 0
A P 1 146 0
H 100 B 0 0 108 4 2 1 1 3
J B 95 22836 1 82 6913 288 0
J N 7 22857 42 13 1 0 0
K 1 28 45
K 1 42 45
K 0 0 43
K 0 49 43
K 0 42 45
K 1 42 45
K 0 49 59
K 0 28 59
K 0 0 59
K 0 -23 59
K 0 -42 125
K 0 -28 125
A D 4 16 0
A P 1 186 0
A P 1 146 0
J N 7 22903 42 15 1729 576 0
K 1 28 45
K 1 42 45
K 0 0 43
K 0 49 43
K 0 42 45
K 1 42 45
K 0 88 110
K 17 88 108
K 0 49 59
K 0 28 59
K 0 0 59
K 0 -23 59
K 0 -42 125
K 0 -28 125
A D 4 16 0
A P 1 186 0
A P 1 146 0
J N 8 22949 42 13 3457 576 0
K 1 28 45
K 1 42 45
K 0 0 42
K 0 49 42
K 0 42 45
K 1 42 45
K 0 49 59
K 0 28 59
K 0 0 59
K 0 -23 59
K 0 -42 125
K 0 -28 125
A D 8 16 0
A P 1 186 0
A P 1 146 0
J B 96 23023 1 82 6913 1152 0
J N 8 23044 42 13 1 0 0
K 1 28 45
K 1 42 45
K 0 0 42
K 0 49 42
K 0 42 45
K 1 42 45
K 0 49 59
K 0 28 59
K 0 0 59
K 0 -23 59
K 0 -42 125
K 0 -28 125
A D 8 16 0
A P 1 186 0
A P 1 146 0
J D 0 23114 0 1 3457 1152 0
W 0 130 36 cresc.
J N 8 23114 42 13 3457 0 0
K 1 28 45
K 1 42 45
K 0 0 42
K 0 49 42
K 0 42 45
K 1 42 45
K 0 49 59
K 0 28 59
K 0 0 59
K 0 -23 59
K 0 -42 125
K 0 -28 125
A D 8 16 0
A P 1 186 0
A P 1 146 0
J B 97 23188 1 82 6913 1152 0
J N 8 23209 42 13 1 0 0
K 1 28 45
K 1 42 45
K 0 0 42
K 0 49 42
K 0 42 45
K 1 42 45
K 0 49 59
K 0 28 59
K 0 0 59
K 0 -23 59
K 0 -42 125
K 0 -28 125
A D 8 16 0
A P 1 186 0
A P 1 146 0
J N 8 23279 42 13 3457 1152 0
K 1 28 45
K 1 42 45
K 0 0 42
K 0 49 42
K 0 42 45
K 1 42 45
K 0 49 59
K 0 28 59
K 0 0 59
K 0 -23 59
K 0 -42 125
K 0 -28 125
A D 8 16 0
A P 1 186 0
A P 1 146 0
J B 98 23353 1 82 6913 1152 0
J N 8 23374 42 13 1 0 0
K 1 28 45
K 1 42 45
K 0 0 42
K 0 49 42
K 0 42 45
K 1 42 45
K 0 49 59
K 0 28 59
K 0 0 59
K 0 -23 59
K 0 -42 125
K 0 -28 125
A D 8 16 0
A P 1 186 0
A P 1 146 0
J N 8 23444 42 13 3457 1152 0
K 1 28 45
K 1 42 45
K 0 0 42
K 0 49 42
K 0 42 45
K 1 42 45
K 0 49 59
K 0 28 59
K 0 0 59
K 0 -23 59
K 0 -42 125
K 0 -28 125
A D 8 16 0
A P 1 186 0
A P 1 146 0
J B 99 23518 1 82 6913 1152 0
J N 7 23539 42 14 1 0 0
K 1 28 45
K 1 42 45
K 0 0 43
K 0 49 43
K 0 42 45
K 1 42 45
K 0 88 110
K 0 49 59
K 0 28 59
K 0 0 59
K 0 -23 59
K 0 -42 125
K 0 -28 125
A D 4 16 0
A P 1 186 0
A P 1 146 0
J N 7 23585 42 15 1729 576 0
K 1 28 45
K 1 42 45
K 0 0 43
K 0 49 43
K 0 42 45
K 1 42 45
K 0 88 111
K 12 88 110
K 0 49 59
K 0 28 59
K 0 0 59
K 0 -23 59
K 0 -42 125
K 0 -28 125
A D 4 16 0
A P 1 186 0
A P 1 146 0
J N 8 23631 42 14 3457 576 0
K 1 28 45
K 1 42 45
K 0 0 42
K 0 49 42
K 0 42 45
K 1 42 45
K 0 84 108
K 0 49 59
K 0 28 59
K 0 0 59
K 0 -23 59
K 0 -42 125
K 0 -28 125
A D 8 16 0
A P 1 186 0
A P 1 146 0
J B 100 23705 1 82 6913 1152 0
J N 8 23726 42 13 1 0 0
K 1 28 45
K 1 42 45
K 0 0 42
K 0 49 42
K 0 42 45
K 1 42 45
K 0 49 59
K 0 28 59
K 0 0 59
K 0 -23 59
K 0 -42 125
K 0 -28 125
A D 8 16 0
A P 1 186 0
A P 1 146 0
J D 0 23796 0 1 3457 1152 0
W 0 130 36 cresc.
J N 8 23796 42 13 3457 0 0
K 1 28 45
K 1 42 45
K 0 0 42
K 0 49 42
K 0 42 45
K 1 42 45
K 0 49 59
K 0 28 59
K 0 0 59
K 0 -23 59
K 0 -42 125
K 0 -28 125
A D 8 16 0
A P 1 186 0
A P 1 146 0
J B 101 23870 1 82 6913 1152 0
J N 8 23891 42 13 1 0 0
K 1 28 45
K 1 42 45
K 0 0 42
K 0 49 42
K 0 42 45
K 1 42 45
K 0 49 59
K 0 28 59
K 0 0 59
K 0 -23 59
K 0 -42 125
K 0 -28 125
A D 8 16 0
A P 1 186 0
A P 1 146 0
J N 8 23961 42 13 3457 1152 0
K 1 28 45
K 1 42 45
K 0 0 42
K 0 49 42
K 0 42 45
K 1 42 45
K 0 49 59
K 0 28 59
K 0 0 59
K 0 -23 59
K 0 -42 125
K 0 -28 125
A D 8 16 0
A P 1 186 0
A P 1 146 0
J B 102 24035 1 82 6913 1152 0
J N 8 24056 42 13 1 0 0
K 1 28 45
K 1 42 45
K 0 0 42
K 0 49 42
K 0 42 45
K 1 42 45
K 0 49 59
K 0 28 59
K 0 0 59
K 0 -23 59
K 0 -42 125
K 0 -28 125
A D 8 16 0
A P 1 186 0
A P 1 146 0
J N 8 24126 42 13 3457 1152 0
K 1 28 45
K 1 42 45
K 0 0 42
K 0 49 42
K 0 42 45
K 1 42 45
K 0 49 59
K 0 28 59
K 0 0 59
K 0 -23 59
K 0 -42 125
K 0 -28 125
A D 8 16 0
A P 1 186 0
A P 1 146 0
J B 103 24200 1 82 6913 1152 0
J D 0 24221 0 1 1 0 0
W 0 119 33 sempre pi\u8 !1|f
J N 5 24221 77 5 1 0 1 101
K 1 -7 45
K 0 0 43
K 0 -7 45
K 1 -7 45
A D 1 16 0
A P 1 157 0
J N 5 24247 42 8 433 144 1 101
K 1 28 45
K 0 0 43
K 0 35 43
K 0 28 45
K 1 28 45
K 0 35 59
K 0 28 59
A D 1 16 0
A P 1 186 0
A P 1 157 0
J N 5 24273 42 8 865 144 1 101
K 1 28 45
K 0 0 43
K 0 35 43
K 0 28 45
K 1 28 45
K 0 35 59
K 0 28 59
A D 1 16 0
A P 1 186 0
A P 1 157 0
J N 5 24299 42 8 1297 144 1 101
K 1 28 45
K 0 0 43
K 0 35 43
K 0 28 45
K 1 28 45
K 0 35 59
K 0 28 59
A D 1 16 0
A P 1 186 0
A P 1 157 0
H 101 B 0 0 108 4 22 11 11 33
J N 5 24325 42 8 1729 144 1 102
K 1 28 45
K 0 0 43
K 0 35 43
K 0 28 45
K 1 28 45
K 0 35 59
K 0 28 59
A D 1 16 0
A P 1 186 0
A P 1 157 0
J N 5 24351 42 8 2161 144 1 102
K 1 28 45
K 0 0 43
K 0 35 43
K 0 28 45
K 1 28 45
K 0 35 59
K 0 28 59
A D 1 16 0
A P 1 186 0
A P 1 157 0
J N 5 24377 42 8 2593 144 1 102
K 1 28 45
K 0 0 43
K 0 35 43
K 0 28 45
K 1 28 45
K 0 35 59
K 0 28 59
A D 1 16 0
A P 1 186 0
A P 1 157 0
J N 5 24403 42 8 3025 144 1 102
K 1 28 45
K 0 0 43
K 0 35 43
K 0 28 45
K 1 28 45
K 0 35 59
K 0 28 59
A D 1 16 0
A P 1 186 0
A P 1 157 0
H 102 B 0 0 108 4 22 11 11 33
J N 8 24429 42 12 3457 144 0
K 1 28 45
K 0 0 42
K 0 35 42
K 0 28 45
K 1 28 45
K 0 35 59
K 0 28 59
K 0 0 59
K 0 -23 59
K 0 -42 125
K 0 -28 125
A D 8 16 0
A P 1 186 0
A P 1 157 0
J B 104 24503 1 82 6913 1152 0
J N 5 24524 77 5 1 0 1 103
K 1 -7 45
K 0 0 43
K 0 -7 45
K 1 -7 45
A D 1 16 0
A P 1 157 0
J N 5 24550 42 8 433 144 1 103
K 1 28 45
K 0 0 43
K 0 35 43
K 0 28 45
K 1 28 45
K 0 35 59
K 0 28 59
A D 1 16 0
A P 1 186 0
A P 1 157 0
J N 5 24576 42 8 865 144 1 103
K 1 28 45
K 0 0 43
K 0 35 43
K 0 28 45
K 1 28 45
K 0 35 59
K 0 28 59
A D 1 16 0
A P 1 186 0
A P 1 157 0
J N 5 24602 42 8 1297 144 1 103
K 1 28 45
K 0 0 43
K 0 35 43
K 0 28 45
K 1 28 45
K 0 35 59
K 0 28 59
A D 1 16 0
A P 1 186 0
A P 1 157 0
H 103 B 0 0 108 4 22 11 11 33
J N 5 24628 42 8 1729 144 1 104
K 1 28 45
K 0 0 43
K 0 35 43
K 0 28 45
K 1 28 45
K 0 35 59
K 0 28 59
A D 1 16 0
A P 1 186 0
A P 1 157 0
J N 5 24654 42 8 2161 144 1 104
K 1 28 45
K 0 0 43
K 0 35 43
K 0 28 45
K 1 28 45
K 0 35 59
K 0 28 59
A D 1 16 0
A P 1 186 0
A P 1 157 0
J N 5 24680 42 8 2593 144 1 104
K 1 28 45
K 0 0 43
K 0 35 43
K 0 28 45
K 1 28 45
K 0 35 59
K 0 28 59
A D 1 16 0
A P 1 186 0
A P 1 157 0
J N 5 24706 42 8 3025 144 1 104
K 1 28 45
K 0 0 43
K 0 35 43
K 0 28 45
K 1 28 45
K 0 35 59
K 0 28 59
A D 1 16 0
A P 1 186 0
A P 1 157 0
H 104 B 0 0 108 4 22 11 11 33
J N 8 24732 42 12 3457 144 0
K 1 28 45
K 0 0 42
K 0 35 42
K 0 28 45
K 1 28 45
K 0 35 59
K 0 28 59
K 0 0 59
K 0 -23 59
K 0 -42 125
K 0 -28 125
A D 8 16 0
A P 1 186 0
A P 1 157 0
J B 105 24806 1 82 6913 1152 0
J N 5 24829 77 6 1 0 1 105
K 1 -7 45
K -14 0 64
K 0 0 43
K 0 -7 45
K 1 -7 45
A D 1 16 0
A P 1 158 0
J N 5 24855 35 8 433 144 1 105
K 1 35 45
K 0 0 43
K 0 42 43
K 0 35 45
K 1 35 45
K 0 42 59
K 0 28 59
A D 1 16 0
A P 1 191 0
A P 1 158 0
J N 5 24881 35 8 865 144 1 105
K 1 35 45
K 0 0 43
K 0 42 43
K 0 35 45
K 1 35 45
K 0 42 59
K 0 28 59
A D 1 16 0
A P 1 191 0
A P 1 158 0
J N 5 24907 35 8 1297 144 1 105
K 1 35 45
K 0 0 43
K 0 42 43
K 0 35 45
K 1 35 45
K 0 42 59
K 0 28 59
A D 1 16 0
A P 1 191 0
A P 1 158 0
H 105 B 0 0 108 4 22 11 11 33
J N 5 24933 35 8 1729 144 1 106
K 1 35 45
K 0 0 43
K 0 42 43
K 0 35 45
K 1 35 45
K 0 42 59
K 0 28 59
A D 1 16 0
A P 1 191 0
A P 1 158 0
J N 5 24959 35 8 2161 144 1 106
K 1 35 45
K 0 0 43
K 0 42 43
K 0 35 45
K 1 35 45
K 0 42 59
K 0 28 59
A D 1 16 0
A P 1 191 0
A P 1 158 0
J N 5 24985 35 8 2593 144 1 106
K 1 35 45
K 0 0 43
K 0 42 43
K 0 35 45
K 1 35 45
K 0 42 59
K 0 28 59
A D 1 16 0
A P 1 191 0
A P 1 158 0
J N 5 25011 35 8 3025 144 1 106
K 1 35 45
K 0 0 43
K 0 42 43
K 0 35 45
K 1 35 45
K 0 42 59
K 0 28 59
A D 1 16 0
A P 1 191 0
A P 1 158 0
H 106 B 0 0 108 4 22 11 11 33
J N 8 25037 35 13 3457 144 0
K 1 35 45
K 0 0 42
K 0 42 42
K 0 35 45
K 1 35 45
K 0 42 59
K 0 28 59
K 0 0 59
K 0 -28 59
K 0 -30 59
K 0 -49 125
K 0 -35 125
A D 8 16 0
A P 1 191 0
A P 1 158 0
J B 106 25111 1 82 6913 1152 0
J N 5 25134 77 6 1 0 1 107
K 1 -7 45
K -14 0 64
K 0 0 43
K 0 -7 45
K 1 -7 45
A D 1 16 0
A P 1 158 0
J N 5 25160 35 8 433 144 1 107
K 1 35 45
K 0 0 43
K 0 42 43
K 0 35 45
K 1 35 45
K 0 42 59
K 0 28 59
A D 1 16 0
A P 1 191 0
A P 1 158 0
J N 5 25186 35 8 865 144 1 107
K 1 35 45
K 0 0 43
K 0 42 43
K 0 35 45
K 1 35 45
K 0 42 59
K 0 28 59
A D 1 16 0
A P 1 191 0
A P 1 158 0
J N 5 25212 35 8 1297 144 1 107
K 1 35 45
K 0 0 43
K 0 42 43
K 0 35 45
K 1 35 45
K 0 42 59
K 0 28 59
A D 1 16 0
A P 1 191 0
A P 1 158 0
H 107 B 0 0 108 4 22 11 11 33
J N 5 25238 35 8 1729 144 1 108
K 1 35 45
K 0 0 43
K 0 42 43
K 0 35 45
K 1 35 45
K 0 42 59
K 0 28 59
A D 1 16 0
A P 1 191 0
A P 1 158 0
J N 5 25264 35 8 2161 144 1 108
K 1 35 45
K 0 0 43
K 0 42 43
K 0 35 45
K 1 35 45
K 0 42 59
K 0 28 59
A D 1 16 0
A P 1 191 0
A P 1 158 0
J N 5 25290 35 8 2593 144 1 108
K 1 35 45
K 0 0 43
K 0 42 43
K 0 35 45
K 1 35 45
K 0 42 59
K 0 28 59
A D 1 16 0
A P 1 191 0
A P 1 158 0
J N 5 25316 35 8 3025 144 1 108
K 1 35 45
K 0 0 43
K 0 42 43
K 0 35 45
K 1 35 45
K 0 42 59
K 0 28 59
A D 1 16 0
A P 1 191 0
A P 1 158 0
H 108 B 0 0 108 4 22 11 11 33
J N 5 25356 35 9 3457 144 1 109
K 1 35 45
K -14 0 64
K 0 0 43
K 0 35 43
K -1 35 45
K 2 35 45
K 0 35 59
K 0 28 59
A D 1 16 0
A P 1 192 0
A P 1 163 0
J N 5 25382 35 8 3889 144 1 109
K 1 35 45
K 0 0 43
K 0 35 43
K -1 35 45
K 2 35 45
K 0 35 59
K 0 28 59
A D 1 16 0
A P 1 192 0
A P 1 163 0
J N 5 25408 35 8 4321 144 1 109
K 1 35 45
K 0 0 43
K 0 35 43
K -1 35 45
K 2 35 45
K 0 35 59
K 0 28 59
A D 1 16 0
A P 1 192 0
A P 1 163 0
J N 5 25434 35 8 4753 144 1 109
K 1 35 45
K 0 0 43
K 0 35 43
K -1 35 45
K 2 35 45
K 0 35 59
K 0 28 59
A D 1 16 0
A P 1 192 0
A P 1 163 0
H 109 B 0 0 108 4 22 11 11 33
J N 5 25474 35 11 5185 144 1 110
K 0 -49 45
K -14 -49 64
K 0 -49 43
K -1 -49 45
K 2 -49 45
K 0 0 43
K 0 78 110
K 17 78 110
K 0 -49 60
K 0 -28 60
A D 1 16 0
A P 1 232 0
A P 1 192 0
J N 5 25500 35 8 5617 144 1 110
K 0 -49 45
K 0 -49 43
K -1 -49 45
K 2 -49 45
K 0 0 43
K 0 -49 60
K 0 -28 60
A D 1 16 0
A P 1 232 0
A P 1 192 0
J N 5 25526 35 8 6049 144 1 110
K 0 -49 45
K 0 -49 43
K -1 -49 45
K 2 -49 45
K 0 0 43
K 0 -49 60
K 0 -28 60
A D 1 16 0
A P 1 232 0
A P 1 192 0
J N 5 25552 35 8 6481 144 1 110
K 0 -49 45
K 0 -49 43
K -1 -49 45
K 2 -49 45
K 0 0 43
K 0 -49 60
K 0 -28 60
A D 1 16 0
A P 1 232 0
A P 1 192 0
H 110 B 1 0 108 4 22 11 11 33
J B 107 25582 1 82 6913 144 0
J N 8 25605 35 15 1 0 0
K 0 -49 45
K -14 -49 64
K -14 0 64
K 0 -49 42
K -1 -49 45
K 2 -49 45
K 0 0 42
K 0 -49 60
K 0 -28 60
K 0 0 60
K 0 28 60
K 0 30 60
K -17 49 125
K -17 35 125
A D 8 16 0
A P 1 232 0
A P 1 192 0
J N 8 25675 35 13 3457 1152 0
K 0 -49 45
K 0 -49 42
K -1 -49 45
K 2 -49 45
K 0 0 42
K 0 -49 60
K 0 -28 60
K 0 0 60
K 0 28 60
K 0 30 60
K -17 49 125
K -17 35 125
A D 8 16 0
A P 1 232 0
A P 1 192 0
J B 108 25749 1 82 6913 1152 0
J N 8 25772 35 15 1 0 0
K 0 -49 45
K -14 -49 64
K -14 0 64
K 0 -49 42
K -1 -49 45
K 2 -49 45
K 0 0 42
K 0 -49 60
K 0 -28 60
K 0 0 60
K 0 28 60
K 0 30 60
K -17 49 125
K -17 35 125
A D 8 16 0
A P 1 232 0
A P 1 192 0
J N 8 25842 35 13 3457 1152 0
K 0 -49 45
K 0 -49 42
K -1 -49 45
K 2 -49 45
K 0 0 42
K 0 -49 60
K 0 -28 60
K 0 0 60
K 0 28 60
K 0 30 60
K -17 49 125
K -17 35 125
A D 8 16 0
A P 1 232 0
A P 1 192 0
J B 109 25916 1 82 6913 1152 0
J N 8 25939 35 15 1 0 0
K 0 -49 45
K -14 -49 64
K -14 0 64
K 0 -49 42
K -1 -49 45
K 2 -49 45
K 0 0 42
K 0 -49 60
K 0 -28 60
K 0 0 60
K 0 28 60
K 0 30 60
K -17 49 125
K -17 35 125
A D 8 16 0
A P 1 232 0
A P 1 192 0
J N 8 26009 35 13 3457 1152 0
K 0 -49 45
K 0 -49 42
K -1 -49 45
K 2 -49 45
K 0 0 42
K 0 -49 60
K 0 -28 60
K 0 0 60
K 0 28 60
K 0 30 60
K -17 49 125
K -17 35 125
A D 8 16 0
A P 1 232 0
A P 1 192 0
J B 110 26083 1 82 6913 1152 0
J N 8 26106 35 15 1 0 0
K 0 -49 45
K -14 -49 64
K -14 0 64
K 0 -49 42
K -1 -49 45
K 2 -49 45
K 0 0 42
K 0 -49 60
K 0 -28 60
K 0 0 60
K 0 28 60
K 0 30 60
K -17 49 125
K -17 35 125
A D 8 16 0
A P 1 232 0
A P 1 192 0
J N 8 26176 35 13 3457 1152 0
K 0 -49 45
K 0 -49 42
K -1 -49 45
K 2 -49 45
K 0 0 42
K 0 -49 60
K 0 -28 60
K 0 0 60
K 0 28 60
K 0 30 60
K -17 49 125
K -17 35 125
A D 8 16 0
A P 1 232 0
A P 1 192 0
J B 111 26250 1 82 6913 1152 0
J N 5 26273 35 10 1 0 1 111
K 0 -49 45
K -14 -49 64
K -14 0 64
K 0 -49 43
K -1 -49 45
K 2 -49 45
K 0 0 43
K 0 -49 60
K 0 -28 60
A D 1 16 0
A P 1 232 0
A P 1 192 0
J N 5 26299 7 2 433 144 1 111
K 0 0 43
A D 1 16 0
A P 1 214 0
J N 5 26325 7 2 865 144 1 111
K 0 0 43
A D 1 16 0
A P 1 214 0
J N 5 26351 7 2 1297 144 1 111
K 0 0 43
A D 1 16 0
A P 1 214 0
H 111 B 1 0 108 4 22 11 11 33
J N 5 26377 7 2 1729 144 1 112
K 0 0 43
A D 1 16 0
A P 1 214 0
J N 5 26403 7 2 2161 144 1 112
K 0 0 43
A D 1 16 0
A P 1 214 0
J N 5 26429 7 2 2593 144 1 112
K 0 0 43
A D 1 16 0
A P 1 214 0
J N 5 26455 7 2 3025 144 1 112
K 0 0 43
A D 1 16 0
A P 1 214 0
H 112 B 1 0 108 4 22 11 11 33
J N 8 26481 7 7 3457 144 0
K 0 0 42
K 0 0 60
K 0 28 60
K 0 30 60
K -17 49 125
K -17 35 125
A D 8 16 0
A P 1 214 0
J B 112 26555 1 82 6913 1152 0
J N 8 26576 7 9 1 0 0
K 0 0 42
K 0 85 111
K 12 85 110
K 0 0 60
K 0 28 60
K 0 30 60
K -17 49 125
K -17 35 125
A D 8 16 0
A P 1 214 0
J N 8 26646 7 7 3457 1152 0
K 0 0 42
K 0 0 60
K 0 28 60
K 0 30 60
K -17 49 125
K -17 35 125
A D 8 16 0
A P 1 214 0
J B 113 26720 1 82 6913 1152 0
J N 8 26741 14 6 1 0 0
K 0 0 42
K 0 0 60
K 0 23 60
K -17 42 125
K -17 28 125
A D 8 16 0
A P 1 208 0
J N 8 26811 14 6 3457 1152 0
K 0 0 42
K 0 0 60
K 0 23 60
K -17 42 125
K -17 28 125
A D 8 16 0
A P 1 208 0
J B 114 26885 1 82 6913 1152 0
J N 8 26906 14 8 1 0 0
K 0 0 42
K 0 85 111
K 12 85 110
K 0 0 60
K 0 23 60
K -17 42 125
K -17 28 125
A D 8 16 0
A P 1 208 0
J N 8 26976 14 6 3457 1152 0
K 0 0 42
K 0 0 60
K 0 23 60
K -17 42 125
K -17 28 125
A D 8 16 0
A P 1 208 0
J B 115 27050 1 82 6913 1152 0
J N 8 27073 35 10 1 0 0
K -14 0 64
K 0 -14 42
K 0 0 42
K 0 -14 60
K 0 0 60
K 0 28 60
K 0 30 60
K -17 49 125
K -17 35 125
A D 8 16 0
A P 1 203 0
A P 1 192 0
J N 8 27143 35 9 3457 1152 0
K 0 -14 42
K 0 0 42
K 0 -14 60
K 0 0 60
K 0 28 60
K 0 30 60
K -17 49 125
K -17 35 125
A D 8 16 0
A P 1 203 0
A P 1 192 0
J B 116 27217 1 82 6913 1152 0
J N 8 27240 35 12 1 0 0
K -14 0 64
K 0 -14 42
K 0 0 42
K 0 82 111
K 12 82 110
K 0 -14 60
K 0 0 60
K 0 28 60
K 0 30 60
K -17 49 125
K -17 35 125
A D 8 16 0
A P 1 203 0
A P 1 192 0
J N 8 27310 35 9 3457 1152 0
K 0 -14 42
K 0 0 42
K 0 -14 60
K 0 0 60
K 0 28 60
K 0 30 60
K -17 49 125
K -17 35 125
A D 8 16 0
A P 1 203 0
A P 1 192 0
J B 117 27384 1 82 6913 1152 0
J N 8 27405 28 6 1 0 0
K 0 0 42
K 0 0 60
K 0 23 60
K -17 42 125
K -17 28 125
A D 8 16 0
A P 1 197 0
J N 8 27475 28 6 3457 1152 0
K 0 0 42
K 0 0 60
K 0 23 60
K -17 42 125
K -17 28 125
A D 8 16 0
A P 1 197 0
J B 118 27549 1 82 6913 1152 0
J S 0 27570 93 2 1 0 1 113
K 0 0 111
K 12 0 110
J N 8 27570 28 8 1 0 0
K 0 0 42
K 0 14 42
K 0 14 59
K 0 0 59
K 0 -23 59
K 0 -42 125
K 0 -28 125
A D 8 16 0
A P 1 197 0
A P 1 186 0
J N 8 27640 28 8 3457 1152 0
K 0 0 42
K 0 14 42
K 0 14 59
K 0 0 59
K 0 -23 59
K 0 -42 125
K 0 -28 125
A D 8 16 0
A P 1 197 0
A P 1 186 0
J M 0 27710 0 0 6913 1152 1 113
H 113 W 21 0 38 93 -14 93
J B 119 27714 1 82 6913 0 0
J D 0 27735 0 1 1 0 0
W 0 126 36 sempre dimin.
J N 6 27735 84 7 1 0 1 114
K 1 -14 45
K 1 0 45
K -14 0 64
K 0 0 43
K -1 0 45
K 2 0 45
A D 2 16 0
A P 1 152 0
J N 6 27768 70 5 865 288 1 114
K 1 0 45
K 0 0 43
K -1 0 45
K 2 0 45
A D 2 16 0
A P 1 163 0
H 114 B 0 0 108 2 62 63
J N 6 27801 84 6 1729 288 1 115
K 1 -14 45
K 1 0 45
K 0 0 43
K -1 0 45
K 2 0 45
A D 2 16 0
A P 1 152 0
J N 6 27834 70 5 2593 288 1 115
K 1 0 45
K 0 0 43
K -1 0 45
K 2 0 45
A D 2 16 0
A P 1 163 0
H 115 B 0 0 108 2 62 63
J N 6 27867 84 6 3457 288 1 116
K 1 -14 45
K 1 0 45
K 0 0 43
K -1 0 45
K 2 0 45
A D 2 16 0
A P 1 152 0
J N 6 27900 70 5 4321 288 1 116
K 1 0 45
K 0 0 43
K -1 0 45
K 2 0 45
A D 2 16 0
A P 1 163 0
H 116 B 0 0 108 2 62 63
J N 6 27933 84 6 5185 288 1 117
K 1 -14 45
K 1 0 45
K 0 0 43
K -1 0 45
K 2 0 45
A D 2 16 0
A P 1 152 0
J N 6 27966 70 5 6049 288 1 117
K 1 0 45
K 0 0 43
K -1 0 45
K 2 0 45
A D 2 16 0
A P 1 163 0
H 117 B 0 0 108 2 62 63
J B 120 28003 1 82 6913 288 0
J N 6 28024 77 5 1 0 1 118
K 1 -7 45
K 0 0 43
K 0 -7 45
K 1 -7 45
A D 2 16 0
A P 1 157 0
J N 6 28057 63 2 865 288 1 118
K 0 0 43
A D 2 16 0
A P 1 168 0
H 118 B 0 0 108 2 62 63
J N 6 28090 77 5 1729 288 1 119
K 1 -7 45
K 0 0 43
K 0 -7 45
K 1 -7 45
A D 2 16 0
A P 1 157 0
J N 6 28123 63 2 2593 288 1 119
K 0 0 43
A D 2 16 0
A P 1 168 0
H 119 B 0 0 108 2 62 63
J N 6 28156 77 5 3457 288 1 120
K 1 -7 45
K 0 0 43
K 0 -7 45
K 1 -7 45
A D 2 16 0
A P 1 157 0
J N 6 28189 63 2 4321 288 1 120
K 0 0 43
A D 2 16 0
A P 1 168 0
H 120 B 0 0 108 2 62 63
J N 6 28225 84 7 5185 288 1 121
K 1 -14 45
K 1 0 45
K -14 0 64
K 0 0 43
K -1 0 45
K 2 0 45
A D 2 16 0
A P 1 152 0
J N 6 28258 56 2 6049 288 1 121
K 0 0 43
A D 2 16 0
A P 1 174 0
H 121 B 0 0 108 2 62 63
J B 121 28295 1 82 6913 288 0
J N 5 28316 63 2 1 0 1 122
K 0 0 43
A D 1 16 0
A P 1 168 0
J N 5 28342 63 2 433 144 1 122
K 0 0 43
A D 1 16 0
A P 1 168 0
J N 5 28368 49 2 865 144 1 122
K 0 0 43
A D 1 16 0
A P 1 180 0
J N 5 28394 49 2 1297 144 1 122
K 0 0 43
A D 1 16 0
A P 1 180 0
H 122 B 0 0 108 4 22 11 11 33
J N 5 28420 63 2 1729 144 1 123
K 0 0 43
A D 1 16 0
A P 1 168 0
J N 5 28446 63 2 2161 144 1 123
K 0 0 43
A D 1 16 0
A P 1 168 0
J N 5 28472 49 2 2593 144 1 123
K 0 0 43
A D 1 16 0
A P 1 180 0
J N 5 28498 49 2 3025 144 1 123
K 0 0 43
A D 1 16 0
A P 1 180 0
H 123 B 0 0 108 4 22 11 11 33
J N 5 28524 63 2 3457 144 1 124
K 0 0 43
A D 1 16 0
A P 1 168 0
J N 5 28550 63 2 3889 144 1 124
K 0 0 43
A D 1 16 0
A P 1 168 0
J N 5 28576 49 2 4321 144 1 124
K 0 0 43
A D 1 16 0
A P 1 180 0
J N 5 28602 49 2 4753 144 1 124
K 0 0 43
A D 1 16 0
A P 1 180 0
H 124 B 0 0 108 4 22 11 11 33
J N 5 28628 70 5 5185 144 1 125
K 1 0 45
K 0 0 43
K -1 0 45
K 2 0 45
A D 1 16 0
A P 1 163 0
J N 5 28654 70 5 5617 144 1 125
K 1 0 45
K 0 0 43
K -1 0 45
K 2 0 45
A D 1 16 0
A P 1 163 0
J N 5 28694 63 3 6049 144 1 125
K -14 0 64
K 0 0 43
A D 1 16 0
A P 1 169 0
J N 5 28720 63 2 6481 144 1 125
K 0 0 43
A D 1 16 0
A P 1 169 0
H 125 B 0 0 108 4 22 11 11 33
J B 122 28750 1 82 6913 144 0
J N 5 28773 77 6 1 0 1 126
K 1 -7 45
K -14 0 64
K 0 0 43
K 0 -7 45
K 1 -7 45
A D 1 16 0
A P 1 158 0
J N 5 28799 77 5 433 144 1 126
K 1 -7 45
K 0 0 43
K 0 -7 45
K 1 -7 45
A D 1 16 0
A P 1 158 0
J N 5 28839 63 3 865 144 1 126
K -14 0 64
K 0 0 43
A D 1 16 0
A P 1 169 0
J N 5 28865 63 2 1297 144 1 126
K 0 0 43
A D 1 16 0
A P 1 169 0
H 126 B 0 0 108 4 22 11 11 33
J N 5 28891 77 5 1729 144 1 127
K 1 -7 45
K 0 0 43
K 0 -7 45
K 1 -7 45
A D 1 16 0
A P 1 158 0
J N 5 28917 77 5 2161 144 1 127
K 1 -7 45
K 0 0 43
K 0 -7 45
K 1 -7 45
A D 1 16 0
A P 1 158 0
J N 5 28943 63 2 2593 144 1 127
K 0 0 43
A D 1 16 0
A P 1 169 0
J N 5 28969 63 2 3025 144 1 127
K 0 0 43
A D 1 16 0
A P 1 169 0
H 127 B 0 0 108 4 22 11 11 33
J N 5 28995 77 5 3457 144 1 128
K 1 -7 45
K 0 0 43
K 0 -7 45
K 1 -7 45
A D 1 16 0
A P 1 158 0
J N 5 29021 77 5 3889 144 1 128
K 1 -7 45
K 0 0 43
K 0 -7 45
K 1 -7 45
A D 1 16 0
A P 1 158 0
J N 5 29047 63 2 4321 144 1 128
K 0 0 43
A D 1 16 0
A P 1 169 0
J N 5 29073 63 2 4753 144 1 128
K 0 0 43
A D 1 16 0
A P 1 169 0
H 128 B 0 0 108 4 22 11 11 33
J N 5 29099 77 5 5185 144 1 129
K 1 -7 45
K 0 0 43
K 0 -7 45
K 1 -7 45
A D 1 16 0
A P 1 158 0
J N 5 29125 77 5 5617 144 1 129
K 1 -7 45
K 0 0 43
K 0 -7 45
K 1 -7 45
A D 1 16 0
A P 1 158 0
J N 5 29151 63 2 6049 144 1 129
K 0 0 43
A D 1 16 0
A P 1 169 0
J N 5 29177 63 2 6481 144 1 129
K 0 0 43
A D 1 16 0
A P 1 169 0
H 129 B 0 0 108 4 22 11 11 33
J B 123 29207 1 82 6913 144 0
J N 5 29230 77 6 1 0 1 130
K 1 -7 45
K -14 0 64
K 0 0 43
K 0 -7 45
K 1 -7 45
A D 1 16 0
A P 1 158 0
J N 5 29256 77 5 433 144 1 130
K 1 -7 45
K 0 0 43
K 0 -7 45
K 1 -7 45
A D 1 16 0
A P 1 158 0
J N 5 29296 63 3 865 144 1 130
K -14 0 64
K 0 0 43
A D 1 16 0
A P 1 169 0
J N 5 29322 63 2 1297 144 1 130
K 0 0 43
A D 1 16 0
A P 1 169 0
H 130 B 0 0 108 4 22 11 11 33
J N 5 29348 77 5 1729 144 1 131
K 1 -7 45
K 0 0 43
K 0 -7 45
K 1 -7 45
A D 1 16 0
A P 1 158 0
J N 5 29374 77 5 2161 144 1 131
K 1 -7 45
K 0 0 43
K 0 -7 45
K 1 -7 45
A D 1 16 0
A P 1 158 0
J N 5 29400 63 2 2593 144 1 131
K 0 0 43
A D 1 16 0
A P 1 169 0
J N 5 29426 63 2 3025 144 1 131
K 0 0 43
A D 1 16 0
A P 1 169 0
H 131 B 0 0 108 4 22 11 11 33
J N 5 29452 77 5 3457 144 1 132
K 1 -7 45
K 0 0 43
K 0 -7 45
K 1 -7 45
A D 1 16 0
A P 1 158 0
J N 5 29478 77 5 3889 144 1 132
K 1 -7 45
K 0 0 43
K 0 -7 45
K 1 -7 45
A D 1 16 0
A P 1 158 0
J N 5 29504 63 2 4321 144 1 132
K 0 0 43
A D 1 16 0
A P 1 169 0
J N 5 29530 63 2 4753 144 1 132
K 0 0 43
A D 1 16 0
A P 1 169 0
H 132 B 0 0 108 4 22 11 11 33
J N 5 29556 77 5 5185 144 1 133
K 1 -7 45
K 0 0 43
K 0 -7 45
K 1 -7 45
A D 1 16 0
A P 1 158 0
J N 5 29582 77 5 5617 144 1 133
K 1 -7 45
K 0 0 43
K 0 -7 45
K 1 -7 45
A D 1 16 0
A P 1 158 0
J N 5 29608 63 2 6049 144 1 133
K 0 0 43
A D 1 16 0
A P 1 169 0
J N 5 29634 63 2 6481 144 1 133
K 0 0 43
A D 1 16 0
A P 1 169 0
H 133 B 0 0 108 4 22 11 11 33
J B 124 29664 1 82 6913 144 0
J N 6 29685 70 5 1 0 1 134
K 1 0 45
K 0 0 43
K -1 0 45
K 2 0 45
A D 2 16 0
A P 1 163 0
J N 6 29718 56 2 865 288 1 134
K 0 0 43
A D 2 16 0
A P 1 174 0
J N 6 29751 70 5 1729 288 1 134
K 1 0 45
K 0 0 43
K -1 0 45
K 2 0 45
A D 2 16 0
A P 1 163 0
J N 6 29784 56 2 2593 288 1 134
K 0 0 43
A D 2 16 0
A P 1 174 0
H 134 B 0 0 108 4 62 61 61 63
J N 6 29817 70 5 3457 288 1 135
K 1 0 45
K 0 0 43
K -1 0 45
K 2 0 45
A D 2 16 0
A P 1 163 0
J N 6 29850 56 2 4321 288 1 135
K 0 0 43
A D 2 16 0
A P 1 174 0
J N 6 29886 77 6 5185 288 1 135
K 1 -7 45
K -14 0 64
K 0 0 43
K 0 -7 45
K 1 -7 45
A D 2 16 0
A P 1 158 0
J N 6 29919 49 2 6049 288 1 135
K 0 0 43
A D 2 16 0
A P 1 180 0
H 135 B 0 0 108 4 62 61 61 63
J B 125 29956 1 82 6913 288 0
J N 6 29977 70 5 1 0 1 136
K 1 0 45
K 0 0 43
K -1 0 45
K 2 0 45
A D 2 16 0
A P 1 163 0
J N 6 30010 56 2 865 288 1 136
K 0 0 43
A D 2 16 0
A P 1 174 0
J N 6 30043 70 5 1729 288 1 136
K 1 0 45
K 0 0 43
K -1 0 45
K 2 0 45
A D 2 16 0
A P 1 163 0
J N 6 30076 56 2 2593 288 1 136
K 0 0 43
A D 2 16 0
A P 1 174 0
H 136 B 0 0 108 4 62 61 61 63
J N 6 30109 70 5 3457 288 1 137
K 1 0 45
K 0 0 43
K -1 0 45
K 2 0 45
A D 2 16 0
A P 1 163 0
J N 6 30142 56 2 4321 288 1 137
K 0 0 43
A D 2 16 0
A P 1 174 0
J N 6 30183 63 3 5185 288 1 137
K -15 0 65
K 0 0 43
A D 2 16 0
A P 1 168 0
J N 6 30216 56 2 6049 288 1 137
K 0 0 43
A D 2 16 0
A P 1 174 0
H 137 B 0 0 108 4 62 61 61 63
J B 126 30253 1 82 6913 288 0
J N 6 30274 70 5 1 0 1 138
K 1 0 45
K 0 0 43
K -1 0 45
K 2 0 45
A D 2 16 0
A P 1 163 0
J N 6 30307 56 2 865 288 1 138
K 0 0 43
A D 2 16 0
A P 1 174 0
J N 6 30340 70 5 1729 288 1 138
K 1 0 45
K 0 0 43
K -1 0 45
K 2 0 45
A D 2 16 0
A P 1 163 0
J N 6 30373 56 2 2593 288 1 138
K 0 0 43
A D 2 16 0
A P 1 174 0
H 138 B 0 0 108 4 62 61 61 63
J N 6 30406 70 5 3457 288 1 139
K 1 0 45
K 0 0 43
K -1 0 45
K 2 0 45
A D 2 16 0
A P 1 163 0
J N 6 30439 56 2 4321 288 1 139
K 0 0 43
A D 2 16 0
A P 1 174 0
J N 6 30472 70 5 5185 288 1 139
K 1 0 45
K 0 0 43
K -1 0 45
K 2 0 45
A D 2 16 0
A P 1 163 0
J N 6 30505 56 2 6049 288 1 139
K 0 0 43
A D 2 16 0
A P 1 174 0
H 139 B 0 0 108 4 62 61 61 63
J B 127 30542 1 82 6913 288 0
J N 6 30563 70 5 1 0 1 140
K 1 0 45
K 0 0 43
K -1 0 45
K 2 0 45
A D 2 16 0
A P 1 163 0
J N 6 30596 56 2 865 288 1 140
K 0 0 43
A D 2 16 0
A P 1 174 0
J N 6 30629 70 5 1729 288 1 140
K 1 0 45
K 0 0 43
K -1 0 45
K 2 0 45
A D 2 16 0
A P 1 163 0
J N 6 30662 56 2 2593 288 1 140
K 0 0 43
A D 2 16 0
A P 1 174 0
H 140 B 0 0 108 4 62 61 61 63
J N 6 30695 70 5 3457 288 1 141
K 1 0 45
K 0 0 43
K -1 0 45
K 2 0 45
A D 2 16 0
A P 1 163 0
J N 6 30728 56 2 4321 288 1 141
K 0 0 43
A D 2 16 0
A P 1 174 0
J N 6 30761 70 5 5185 288 1 141
K 1 0 45
K 0 0 43
K -1 0 45
K 2 0 45
A D 2 16 0
A P 1 163 0
J N 6 30794 56 2 6049 288 1 141
K 0 0 43
A D 2 16 0
A P 1 174 0
H 141 B 0 0 108 4 62 61 61 63
J B 128 30831 1 82 6913 288 0
J N 6 30852 63 2 1 0 1 142
K 0 0 43
A D 2 16 0
A P 1 168 0
J N 6 30885 49 2 865 288 1 142
K 0 0 43
A D 2 16 0
A P 1 180 0
J N 6 30918 63 2 1729 288 1 142
K 0 0 43
A D 2 16 0
A P 1 168 0
J N 6 30951 49 2 2593 288 1 142
K 0 0 43
A D 2 16 0
A P 1 180 0
H 142 B 0 0 108 4 62 61 61 63
J N 6 30984 63 2 3457 288 1 143
K 0 0 43
A D 2 16 0
A P 1 168 0
J N 6 31017 49 2 4321 288 1 143
K 0 0 43
A D 2 16 0
A P 1 180 0
J N 6 31050 70 5 5185 288 1 143
K 1 0 45
K 0 0 43
K -1 0 45
K 2 0 45
A D 2 16 0
A P 1 163 0
J N 6 31091 42 3 6049 288 1 143
K -15 0 65
K 0 0 43
A D 2 16 0
A P 1 185 0
H 143 B 0 0 108 4 62 61 61 63
J B 129 31128 1 82 6913 288 0
J N 6 31149 49 2 1 0 1 144
K 0 0 43
A D 2 16 0
A P 1 180 0
J N 6 31182 35 2 865 288 1 144
K 0 0 43
A D 2 16 0
A P 1 191 0
J N 6 31215 49 2 1729 288 1 144
K 0 0 43
A D 2 16 0
A P 1 180 0
J N 6 31248 35 2 2593 288 1 144
K 0 0 43
A D 2 16 0
A P 1 191 0
H 144 B 0 0 108 4 62 61 61 63
J N 6 31281 49 2 3457 288 1 145
K 0 0 43
A D 2 16 0
A P 1 180 0
J N 6 31314 35 2 4321 288 1 145
K 0 0 43
A D 2 16 0
A P 1 191 0
H 145 B 0 0 108 2 62 63
J N 6 31347 49 2 5185 288 1 146
K 0 0 43
A D 2 16 0
A P 1 180 0
J N 6 31380 0 2 6049 288 1 146
K 0 0 43
A D 2 16 0
A P 1 220 0
H 146 B 1 0 108 2 62 63
J B 130 31417 1 82 6913 288 0
J N 8 31438 0 7 1 0 0
K 0 0 42
K 0 81 108
K 0 0 60
K 0 23 60
K -17 42 125
K -17 28 125
A D 8 16 0
A P 1 220 0
J N 8 31508 0 6 3457 1152 0
K 0 0 42
K 0 0 60
K 0 23 60
K -17 42 125
K -17 28 125
A D 8 16 0
A P 1 220 0
J B 131 31582 1 82 6913 1152 0
J N 8 31603 0 6 1 0 0
K 0 0 42
K 0 0 60
K 0 23 60
K -17 42 125
K -17 28 125
A D 8 16 0
A P 1 220 0
J N 8 31673 0 6 3457 1152 0
K 0 0 42
K 0 0 60
K 0 23 60
K -17 42 125
K -17 28 125
A D 8 16 0
A P 1 220 0
J B 132 31747 1 82 6913 1152 0
J D 0 31768 0 1 1 0 1 147
W 0 96 36  pi\u8 dimin.
J N 8 31768 0 6 1 0 0
K 0 0 42
K 0 0 60
K 0 23 60
K -17 42 125
K -17 28 125
A D 8 16 0
A P 1 220 0
J N 8 31838 0 6 3457 1152 0
K 0 0 42
K 0 0 60
K 0 23 60
K -17 42 125
K -17 28 125
A D 8 16 0
A P 1 220 0
J B 133 31912 1 82 6913 1152 0
J N 8 31933 0 6 1 0 0
K 0 0 42
K 0 0 60
K 0 23 60
K -17 42 125
K -17 28 125
A D 8 16 0
A P 1 220 0
J N 8 32003 0 6 3457 1152 0
K 0 0 42
K 0 0 60
K 0 23 60
K -17 42 125
K -17 28 125
A D 8 16 0
A P 1 220 0
J B 134 32077 1 82 6913 1152 0
J N 8 32098 0 6 1 0 0
K 0 0 42
K 0 0 60
K 0 23 60
K -17 42 125
K -17 28 125
A D 8 16 0
A P 1 220 0
J N 8 32168 0 6 3457 1152 0
K 0 0 42
K 0 0 60
K 0 23 60
K -17 42 125
K -17 28 125
A D 8 16 0
A P 1 220 0
J B 135 32242 1 82 6913 1152 0
J N 8 32263 0 6 1 0 0
K 0 0 42
K 0 0 60
K 0 23 60
K -17 42 125
K -17 28 125
A D 8 16 0
A P 1 220 0
J N 8 32333 0 6 3457 1152 0
K 0 0 42
K 0 0 60
K 0 23 60
K -17 42 125
K -17 28 125
A D 8 16 0
A P 1 220 0
J M 0 32403 0 0 6913 1152 1 147
H 147 D 208 0 96 0 31
J B 136 32407 1 82 6913 0 0
J N 7 32430 7 7 1 0 0
K -14 0 64
K 0 0 43
K 0 82 108
K 23 82 108
K 0 0 60
K 0 21 60
A D 4 16 0
A P 1 215 0
J R 7 32476 28 2 1729 576 0
K 0 0 48
A D 4 16 1
A P 1 0 1
J R 8 32522 28 2 3457 576 0
K 0 0 47
A D 8 16 0
A P 1 0 0
J B 137 32596 1 82 6913 1152 0
J N 9 32617 42 2 1 0 0
K 0 0 41
A D 16 16 0
A P 1 186 0
J B 138 32732 1 82 6913 2304 0
J N 7 32753 35 4 1 0 0
K 0 0 43
K 0 0 59
K 0 -21 59
A D 4 16 0
A P 1 191 0
J R 7 32799 28 2 1729 576 0
K 0 0 48
A D 4 16 1
A P 1 0 1
J R 8 32845 28 2 3457 576 0
K 0 0 47
A D 8 16 0
A P 1 0 0
J B 139 32919 1 82 6913 1152 0
J N 9 32940 35 2 1 0 0
K 0 0 41
A D 16 16 0
A P 1 191 0
J B 140 33055 1 82 6913 2304 0
J N 7 33076 42 4 1 0 0
K 0 0 43
K 0 0 59
K 0 -21 59
A D 4 16 0
A P 1 186 0
J R 7 33122 28 2 1729 576 0
K 0 0 48
A D 4 16 1
A P 1 0 1
J R 8 33168 28 2 3457 576 0
K 0 0 47
A D 8 16 0
A P 1 0 0
J B 141 33242 1 82 6913 1152 0
J R 8 33263 28 2 1 0 0
K 0 0 47
A D 8 16 0
A P 1 0 0
J N 8 33333 42 4 3457 1152 0
K 0 0 42
K 0 0 59
K 0 -21 59
A D 8 16 0
A P 1 186 0
J B 142 33407 1 82 6913 1152 0
J N 7 33428 35 4 1 0 0
K 0 0 43
K 0 0 59
K 0 -21 59
A D 4 16 0
A P 1 191 0
J R 7 33474 28 2 1729 576 0
K 0 0 48
A D 4 16 1
A P 1 0 1
J R 8 33520 28 2 3457 576 0
K 0 0 47
A D 8 16 0
A P 1 0 0
J B 143 33594 1 82 6913 1152 0
J R 8 33615 28 2 1 0 0
K 0 0 47
A D 8 16 0
A P 1 0 0
J N 8 33685 35 4 3457 1152 0
K 0 0 42
K 0 0 59
K 0 -21 59
A D 8 16 0
A P 1 191 0
J B 144 33759 1 82 6913 1152 0
J N 9 33782 56 3 1 0 1 148
K -14 0 64
K 0 0 41
A D 16 16 1
A P 1 175 1
J B 145 33897 1 82 6913 2304 0
J N 9 33920 56 3 1 0 2 149 148
k -14 0 64
K 0 0 41
A D 16 16 1
A P 1 175 1
H 148 T 56 0 0 0 0 0 13 0
J B 146 34035 1 82 6913 2304 0
J N 8 34058 56 5 1 0 1 149
k -14 0 64
K 0 0 42
K 0 0 59
K 0 -21 59
A D 8 16 0
A P 1 175 0
H 149 T 56 0 0 0 0 0 13 0
J N 8 34128 42 4 3457 1152 0
K 0 0 42
K 0 0 59
K 0 -21 59
A D 8 16 0
A P 1 186 0
J B 147 34202 1 82 6913 1152 0
J N 8 34225 35 5 1 0 0
K -14 0 64
K 0 0 42
K 0 0 59
K 0 -21 59
A D 8 16 0
A P 1 192 0
J N 8 34295 42 4 3457 1152 0
K 0 0 42
K 0 0 59
K 0 -21 59
A D 8 16 0
A P 1 186 0
J B 148 34369 1 82 6913 1152 0
J N 8 34390 49 4 1 0 0
K 0 0 42
K 0 0 59
K 0 -21 59
A D 8 16 0
A P 1 180 0
J N 8 34460 56 5 3457 1152 0
K -14 0 64
K 0 0 42
K 0 0 59
K 0 -21 59
A D 8 16 0
A P 1 175 0
J B 149 34534 1 82 6913 1152 0
J N 8 34557 63 5 1 0 0
K -14 0 64
K 0 0 42
K 0 0 59
K 0 -21 59
A D 8 16 0
A P 1 169 0
J N 8 34627 49 4 3457 1152 0
K 0 0 42
K 0 0 59
K 0 -21 59
A D 8 16 0
A P 1 180 0
J B 150 34701 1 82 6913 1152 0
J N 8 34722 70 7 1 0 0
K 1 0 45
K 0 0 42
K -1 0 45
K 2 0 45
K 0 0 59
K 0 -21 59
A D 8 16 0
A P 1 163 0
J N 8 34792 56 5 3457 1152 0
K -14 0 64
K 0 0 42
K 0 0 59
K 0 -21 59
A D 8 16 0
A P 1 175 0
J B 151 34866 1 82 6913 1152 0
J N 8 34887 49 4 1 0 0
K 0 0 42
K 0 0 59
K 0 -21 59
A D 8 16 0
A P 1 180 0
J N 8 34957 56 5 3457 1152 0
K -14 0 64
K 0 0 42
K 0 0 59
K 0 -21 59
A D 8 16 0
A P 1 175 0
J B 152 35031 1 82 6913 1152 0
J N 8 35052 70 7 1 0 0
K 1 0 45
K 0 0 42
K -1 0 45
K 2 0 45
K 0 0 59
K 0 -21 59
A D 8 16 0
A P 1 163 0
J N 8 35122 70 7 3457 1152 0
K 1 0 45
K 0 0 42
K -1 0 45
K 2 0 45
K 0 0 59
K 0 -21 59
A D 8 16 0
A P 1 163 0
J B 153 35196 1 82 6913 1152 0
J N 8 35219 84 9 1 0 0
K 1 -14 45
K 1 0 45
K -14 0 64
K 0 0 42
K -1 0 45
K 2 0 45
K 0 0 59
K 0 -28 59
A D 8 16 0
A P 1 152 0
J N 8 35289 91 9 3457 1152 0
K 1 -21 45
K 1 -7 45
K 0 0 42
K 0 -7 45
K 1 -7 45
K 0 0 59
K 0 -28 59
K 0 -35 59
A D 8 16 0
A P 1 146 0
J B 154 35363 1 82 6913 1152 0
J N 7 35386 77 8 1 0 0
K 1 -7 45
K -14 0 64
K 0 0 43
K 0 -7 45
K 1 -7 45
K 0 0 59
K 0 -21 59
A D 4 16 0
A P 1 158 0
J R 7 35432 28 2 1729 576 0
K 0 0 48
A D 4 16 1
A P 1 0 1
J R 8 35478 28 2 3457 576 0
K 0 0 47
A D 8 16 0
A P 1 0 0
J B 155 35552 1 82 6913 1152 0
J R 9 35573 28 2 1 10000 0
K 0 0 46
A D 16 16 0
A P 1 0 0
J B 0 35686 5 2 6913 2304 0
K -8 0 82
K 0 0 82
J K -1 35707 0 4 6913 0 0
K 0 7 64
K 13 35 64
K 26 14 64
K 39 28 65
J M 0 35774 0 0 10000 0 0
