S 0 100 140 2250 84 1 "(.)"
L 0 0 -80 313 313 * 0 21 0
J C 22 7 21 36 6913 0 0
J K 3 85 0 3 6913 0 0
K 0 21 63
K 21 52 63
K 42 10 63
J D 0 -39 -21 1 6913 0 0
W 0 0 37 \03\01\06
J N 7 214 0 4 1 0 0
K 0 0 43
K 0 0 60
K 0 31 60
A D 12 48
J R 6 268 42 2 2305 576 0
K 0 0 49
A D 6 48
J R 7 306 42 2 3457 288 0
K 0 0 48
A D 12 48
J R 6 360 42 2 5761 576 0
K 0 0 49
A D 6 48
J B 317 404 1 82 6913 288 0
J N 7 436 0 4 1 0 0
K 0 0 43
K 0 0 60
K 0 31 60
A D 12 48
J R 6 490 42 2 2305 576 0
K 0 0 49
A D 6 48
J R 7 528 42 2 3457 288 0
K 0 0 48
A D 12 48
J R 6 582 42 2 5761 576 0
K 0 0 49
A D 6 48
J B 318 626 1 82 6913 288 0
J N 7 658 0 4 1 0 0
K 0 0 43
K 0 0 60
K 0 31 60
A D 12 48
J R 6 712 42 2 2305 576 0
K 0 0 49
A D 6 48
J R 7 750 42 2 3457 288 0
K 0 0 48
A D 12 48
J R 6 804 42 2 5761 576 0
K 0 0 49
A D 6 48
J B 319 848 1 82 6913 288 0
J D 0 880 0 1 1 0 1 339
W 0 153 36 cresc
J N 7 880 73 4 1 0 0
K 0 0 43
K 0 0 59
K 0 -31 59
A D 12 48
J R 6 934 42 2 2305 576 0
K 0 0 49
A D 6 48
J N 7 972 73 4 3457 288 0
K 0 0 43
K 0 0 59
K 0 -31 59
A D 12 48
J R 6 1026 42 2 5761 576 0
K 0 0 49
A D 6 48
J B 320 1070 1 82 6913 288 0
J N 7 1102 73 4 1 0 0
K 0 0 43
K 0 0 59
K 0 -31 59
A D 12 48
J R 6 1156 42 2 2305 576 0
K 0 0 49
A D 6 48
J N 7 1194 73 4 3457 288 0
K 0 0 43
K 0 0 59
K 0 -31 59
A D 12 48
J R 6 1248 42 2 5761 576 0
K 0 0 49
A D 6 48
J B 321 1292 1 82 6913 288 0
J N 7 1324 73 4 1 0 0
K 0 0 43
K 0 0 59
K 0 -31 59
A D 12 48
J R 6 1378 42 2 2305 576 0
K 0 0 49
A D 6 48
J N 7 1416 73 4 3457 288 0
K 0 0 43
K 0 0 59
K 0 -31 59
A D 12 48
J R 6 1470 42 2 5761 576 0
K 0 0 49
A D 6 48
J B 322 1514 1 82 6913 288 0
J N 7 1546 73 4 1 0 0
K 0 0 43
K 0 0 59
K 0 -31 59
A D 12 48
J R 6 1600 42 2 2305 576 0
K 0 0 49
A D 6 48
J N 7 1638 73 4 3457 288 0
K 0 0 43
K 0 0 59
K 0 -31 59
A D 12 48
J R 6 1692 42 2 5761 576 0
K 0 0 49
A D 6 48
J M 0 1730 0 0 6913 288 1 339
H 339 D 197 0 153 0 31
J B 323 1736 1 82 6913 0 0
J D 0 1726 0 19 1 0 0
W 0 -73 47 K
K -21 -145 90
K -21 -57 90
K 9 -145 90
K 9 -57 90
K 39 -145 90
K 39 -57 90
K 61 -145 90
K 61 -57 90
K -21 -145 89
K 87 -145 89
K -21 -124 89
K 87 -124 89
K -21 -103 89
K 87 -103 89
K -21 -82 89
K 87 -82 89
K -21 -78 89
K 87 -78 89
J D 0 1758 0 1 1 0 0
W 0 -21 32 arco.
J N 5 1768 73 4 1 0 1 340
K 0 0 43
K 0 120 110
K 25 120 110
A D 3 48
J N 5 1805 0 2 577 144 1 340
K 0 0 43
A D 3 48
J N 5 1842 0 2 1153 144 1 340
K 0 0 43
A D 3 48
J N 5 1880 0 2 1729 144 1 340
K 0 0 43
A D 3 48
J N 5 1918 0 2 2305 144 1 340
K 0 0 43
A D 3 48
J N 5 1956 0 2 2881 144 1 340
K 0 0 43
A D 3 48
H 340 B -67 -5 112 6 22 11 11 11 11 33
J N 7 1994 0 7 3457 144 0
K 0 0 43
K 36 -9 44
K 0 0 60
K 0 34 60
K -26 63 125
K -26 42 125
A D 18 48
J B 324 2069 1 82 6913 864 0
J N 7 2106 10 9 1 0 0
K -22 0 64
K 0 0 43
K 38 0 44
K 0 0 60
K 0 42 60
K 0 45 60
K -26 74 125
K -26 53 125
A D 18 48
J N 7 2175 10 8 3457 864 0
K 0 0 43
K 38 0 44
K 0 0 60
K 0 42 60
K 0 45 60
K -26 74 125
K -26 53 125
A D 18 48
J B 325 2250 1 82 6913 864 0
E *
B 1 404 0
B 1 626 0
B 1 848 0
B 1 1070 0
B 1 1292 0
B 1 1514 0
B 1 1736 0
B 1 2069 0
B 1 2250 0
S 0 100 450 2250 84 1 "(.)"
L 0 0 -80 313 313 * 0 21 0
J C 22 7 21 36 6913 0 0
J K 3 85 0 3 6913 0 0
K 0 21 63
K 21 52 63
K 42 10 63
J D 0 -39 -21 1 6913 0 0
W 0 0 37 \03\02\05
J N 7 219 21 8 1 0 0
K -22 0 64
K 0 0 43
K 36 -9 44
K 0 0 60
K 0 34 60
K -26 63 125
K -26 42 125
A D 18 48
J N 7 297 21 7 3457 864 0
K 0 0 43
K 36 -9 44
K 0 0 60
K 0 34 60
K -26 63 125
K -26 42 125
A D 18 48
J B 326 375 1 82 6913 864 0
J N 7 407 31 5 1 0 0
K 0 0 43
K 0 103 108
K 0 0 60
K 0 32 60
A D 12 48
J R 6 466 42 2 2305 576 0
K 0 0 49
A D 6 48
J N 7 507 31 4 3457 288 0
K 0 0 43
K 0 0 60
K 0 32 60
A D 12 48
J R 6 566 42 2 5761 576 0
K 0 0 49
A D 6 48
J B 327 611 1 82 6913 288 0
J N 7 643 31 4 1 0 0
K 0 0 43
K 0 0 60
K 0 32 60
A D 12 48
J R 6 702 42 2 2305 576 0
K 0 0 49
A D 6 48
J N 7 743 31 4 3457 288 0
K 0 0 43
K 0 0 60
K 0 32 60
A D 12 48
J R 6 802 42 2 5761 576 0
K 0 0 49
A D 6 48
J B 328 846 1 82 6913 288 0
J N 7 878 31 4 1 0 0
K 0 0 43
K 0 0 60
K 0 32 60
A D 12 48
J R 6 936 42 2 2305 576 0
K 0 0 49
A D 6 48
J N 7 976 31 4 3457 288 0
K 0 0 43
K 0 0 60
K 0 32 60
A D 12 48
J R 6 1034 42 2 5761 576 0
K 0 0 49
A D 6 48
J B 329 1078 1 82 6913 288 0
J N 7 1110 31 4 1 0 0
K 0 0 43
K 0 0 60
K 0 32 60
A D 12 48
J R 6 1168 42 2 2305 576 0
K 0 0 49
A D 6 48
J N 7 1208 31 4 3457 288 0
K 0 0 43
K 0 0 60
K 0 32 60
A D 12 48
J R 6 1266 42 2 5761 576 0
K 0 0 49
A D 6 48
J B 330 1310 1 82 6913 288 0
J D 0 1342 0 1 1 0 0
W 0 142 36 cresc.
J N 7 1342 31 4 1 0 0
K 0 0 43
K 0 0 60
K 0 32 60
A D 12 48
J R 6 1400 42 2 2305 576 0
K 0 0 49
A D 6 48
J N 7 1440 31 4 3457 288 0
K 0 0 43
K 0 0 60
K 0 32 60
A D 12 48
J R 6 1498 42 2 5761 576 0
K 0 0 49
A D 6 48
J B 331 1542 1 82 6913 288 0
J N 7 1574 73 6 1 0 1 341
K 0 0 43
K 38 0 44
K 0 69 110
K 0 0 59
K 0 -31 59
A D 18 48
J N 7 1651 73 4 3457 864 1 341
K 0 0 43
K 0 0 59
K 0 -31 59
A D 12 48
H 341 T 73 0 0 0 0 0 9 0
J N 6 1709 73 3 5761 576 0
K 0 0 43
K 0 0 53
A D 6 48
J B 332 1761 1 82 6913 288 0
J N 7 1793 84 4 1 0 0
K 0 0 43
K 0 0 59
K 0 -32 59
A D 12 48
J N 6 1851 84 3 2305 576 0
K 0 0 43
K 0 0 53
A D 6 48
J N 7 1908 10 4 3457 288 0
K 0 0 43
K 0 0 60
K 0 32 60
A D 12 48
J N 6 1966 10 3 5761 576 0
K 0 0 43
K 0 0 54
A D 6 48
J B 333 2010 1 82 6913 288 0
J N 6 2042 10 3 1 0 1 342
K 0 0 43
K 0 0 54
A D 6 48
J N 7 2082 21 4 1153 288 2 343 342
K 0 0 43
K 0 0 60
K 0 31 60
A D 12 48
H 342 S 0 0 0 0 0 0 0 0 0
J N 7 2140 21 4 3457 576 1 343
K 0 0 43
K 0 0 60
K 0 31 60
A D 12 48
H 343 T 21 0 0 0 0 0 5 0
J N 6 2198 94 3 5761 576 0
K 0 0 43
K 0 0 53
A D 6 48
J B 334 2250 1 82 6913 288 0
E *
B 1 375 0
B 1 611 0
B 1 846 0
B 1 1078 0
B 1 1310 0
B 1 1542 0
B 1 1761 0
B 1 2010 0
B 1 2250 0
S 0 100 760 2250 84 1 "(.)"
L 0 0 -80 313 313 * 0 21 0
J C 22 7 21 36 6913 0 0
J K 3 85 0 3 6913 0 0
K 0 21 63
K 21 52 63
K 42 10 63
J D 0 -39 -21 1 6913 0 0
W 0 0 37 \03\03\04
J N 7 214 105 7 1 0 0
K 1 0 45
K 0 0 43
K -1 0 45
K 6 0 45
K 0 0 59
K 0 -32 59
A D 12 48
J N 6 275 105 6 2305 576 0
K 1 0 45
K 0 0 43
K -1 0 45
K 6 0 45
K 0 0 53
A D 6 48
J N 7 335 31 4 3457 288 0
K 0 0 43
K 0 0 60
K 0 32 60
A D 12 48
J N 6 396 31 3 5761 576 0
K 0 0 43
K 0 0 54
A D 6 48
J B 335 446 1 82 6913 288 0
J N 6 478 31 2 1 0 2 344 345
K 0 0 43
A D 6 48
J N 6 523 42 2 1153 288 2 345 344
K 0 0 43
A D 6 48
H 344 S 0 0 0 0 0 0 0 0 0
J N 6 570 42 3 2305 288 1 345
K 0 0 43
K 0 -32 96
A D 6 48
H 345 B -72 1 112 3 2 1 3
J N 6 636 42 3 3457 288 1 346
K -25 0 63
K 0 0 43
A D 6 48
J N 6 683 42 2 4609 288 1 346
K 0 0 43
A D 6 48
J N 6 730 42 2 5761 288 1 346
K 0 0 43
A D 6 48
H 346 B -63 0 112 3 2 1 3
J B 336 780 1 82 6913 288 0
J N 7 812 31 4 1 0 0
K 0 0 43
K 0 0 60
K 0 32 60
A D 12 48
J R 6 873 42 2 2305 576 0
K 0 0 49
A D 6 48
J N 7 918 31 4 3457 288 0
K 0 0 43
K 0 0 60
K 0 32 60
A D 12 48
J R 6 979 42 2 5761 576 0
K 0 0 49
A D 6 48
J B 337 1029 1 82 6913 288 0
J N 7 1061 31 4 1 0 0
K 0 0 43
K 0 0 60
K 0 32 60
A D 12 48
J R 6 1122 42 2 2305 576 0
K 0 0 49
A D 6 48
J N 7 1167 31 4 3457 288 0
K 0 0 43
K 0 0 60
K 0 32 60
A D 12 48
J R 6 1228 42 2 5761 576 0
K 0 0 49
A D 6 48
J B 338 1277 1 82 6913 288 0
J N 7 1309 31 4 1 0 0
K 0 0 43
K 0 0 60
K 0 32 60
A D 12 48
J R 6 1369 42 2 2305 576 0
K 0 0 49
A D 6 48
J N 7 1413 31 4 3457 288 0
K 0 0 43
K 0 0 60
K 0 32 60
A D 12 48
J R 6 1473 42 2 5761 576 0
K 0 0 49
A D 6 48
J B 339 1522 1 82 6913 288 0
J N 7 1554 31 4 1 0 0
K 0 0 43
K 0 0 60
K 0 32 60
A D 12 48
J R 6 1614 42 2 2305 576 0
K 0 0 49
A D 6 48
J N 7 1658 31 4 3457 288 0
K 0 0 43
K 0 0 60
K 0 32 60
A D 12 48
J R 6 1718 42 2 5761 576 0
K 0 0 49
A D 6 48
J B 340 1767 1 82 6913 288 0
J S 0 1799 191 2 1 0 1 347
K 0 0 111
K 18 0 110
J N 7 1799 94 5 1 0 2 348 349
K 0 0 43
K 38 0 44
K 0 0 59
K 0 -31 59
A D 18 48
J N 7 1876 94 4 3457 864 1 348
K 0 0 43
K 0 0 59
K 0 -31 59
A D 12 48
H 348 T 94 0 0 0 0 0 9 0
J N 6 1942 94 4 5761 576 1 349
K -22 0 64
K 0 0 43
K 0 0 53
A D 6 48
H 349 S 12 0 11 0 0 0 0 0 0
J M 0 1989 0 0 6913 288 1 347
H 347 W 31 0 58 191 21 191
J B 341 1997 1 82 6913 0 0
J N 7 2029 105 9 1 0 2 350 351
K 1 0 45
K 0 0 43
K -1 0 45
K 6 0 45
K 36 -9 44
K 0 75 108
K 0 0 59
K 0 -32 59
A D 18 48
J N 7 2106 105 7 3457 864 1 350
K 1 0 45
K 0 0 43
K -1 0 45
K 6 0 45
K 0 0 59
K 0 -32 59
A D 12 48
H 350 T 105 0 0 0 0 0 13 0
J N 5 2175 94 3 5761 576 1 352
K -25 0 63
K 0 0 43
A D 3 48
J N 5 2215 84 2 6337 144 1 352
K 0 0 43
A D 3 48
H 352 B 75 -3 112 2 22 33
J B 342 2250 1 82 6913 144 0
J M 0 2250 80 0 6913 0 1 351
H 351 S 12 0 11 0 0 0 0 0
E *
B 1 446 0
B 1 780 0
B 1 1029 0
B 1 1277 0
B 1 1522 0
B 1 1767 0
B 1 1997 0
B 1 2250 0
S 0 100 1070 2250 84 1 "(.)"
L 0 0 -80 313 313 * 0 21 0
J C 22 7 21 36 6913 0 0
J K 3 85 0 3 6913 0 0
K 0 21 63
K 21 52 63
K 42 10 63
J D 0 -39 -21 1 6913 0 0
W 0 0 37 \03\04\02
J N 7 214 73 4 1 0 1 351
K 0 0 43
K 0 0 59
K 0 -31 59
A D 12 48
J M 0 162 0 0 6913 0 1 351
H 351 S 12 0 80 0 0 0 0 0
J R 6 268 42 2 2305 576 0
K 0 0 49
A D 6 48
J R 7 306 42 2 3457 288 0
K 0 0 48
A D 12 48
J R 6 360 42 2 5761 576 0
K 0 0 49
A D 6 48
J B 343 404 1 82 6913 288 0
J R 9 528 42 46 1 10000 0
J B 344 695 1 82 6913 1728 0
J D 0 717 0 1 1 0 0
W 0 165 36 dolce
J N 7 727 73 5 1 0 1 353
K 0 0 43
K 38 0 44
K 0 0 59
K 0 -31 59
A D 18 48
J N 7 796 52 5 3457 864 0
K 0 0 43
K 38 0 44
K 0 0 59
K 0 -31 59
A D 18 48
J B 345 871 1 82 6913 864 0
J N 7 903 31 5 1 0 0
K 0 0 43
K 38 0 44
K 0 0 60
K 0 32 60
A D 18 48
J N 7 972 105 8 3457 864 1 353
K 1 0 45
K 0 0 43
K -1 0 45
K 6 0 45
K 36 -9 44
K 0 0 59
K 0 -32 59
A D 18 48
H 353 S 12 0 0 0 0 0 0 0 0
J B 346 1047 1 82 6913 864 0
J N 7 1079 73 7 1 0 0
K 0 0 43
K 38 0 44
K 0 59 110
K 25 59 110
K 0 0 59
K 0 -31 59
A D 18 48
J N 6 1148 0 3 3457 864 1 354
K 0 0 43
K 36 -9 44
A D 9 48
J N 5 1204 0 2 5185 432 1 354
K 0 0 43
A D 3 48
J N 6 1244 0 2 5761 144 1 354
K 0 0 43
A D 6 48
H 354 B -69 0 112 3 2 51 3
J B 347 1288 1 82 6913 288 0
J N 6 1320 0 3 1 0 1 355
K 0 0 43
K 36 -9 44
A D 9 48
J N 5 1376 0 2 1729 432 1 355
K 0 0 43
A D 3 48
J N 6 1416 0 2 2305 144 1 355
K 0 0 43
A D 6 48
H 355 B -69 0 112 3 2 51 3
J N 6 1456 0 3 3457 288 1 356
K 0 0 43
K 36 -9 44
A D 9 48
J N 5 1512 0 2 5185 432 1 356
K 0 0 43
A D 3 48
J N 6 1574 10 3 5761 144 1 356
K -22 0 64
K 0 0 43
A D 6 48
H 356 B -67 1 112 3 2 51 3
J B 348 1618 1 82 6913 288 0
J D 0 1598 0 19 1 0 0
W 0 -63 47 L
K -21 -135 90
K -21 -47 90
K 9 -135 90
K 9 -47 90
K 39 -135 90
K 39 -47 90
K 52 -135 90
K 52 -47 90
K -21 -135 89
K 78 -135 89
K -21 -114 89
K 78 -114 89
K -21 -93 89
K 78 -93 89
K -21 -72 89
K 78 -72 89
K -21 -68 89
K 78 -68 89
J N 6 1650 21 4 1 0 1 357
K -22 0 64
K 0 0 43
K 36 -9 44
A D 9 48
J N 5 1706 -53 7 1729 432 1 357
K 0 32 45
K 0 11 45
K -22 0 64
K 0 0 43
K 0 11 45
K 2 11 45
A D 3 48
J N 6 1762 -21 6 2305 144 1 357
K 0 0 45
K -22 0 64
K 0 0 43
K -1 0 45
K 6 0 45
A D 6 48
H 357 B -71 -7 112 3 2 51 3
J N 6 1800 0 3 3457 288 1 358
K 0 0 43
K 36 -9 44
A D 9 48
J N 5 1856 0 2 5185 432 1 358
K 0 0 43
A D 3 48
J N 6 1885 21 2 5761 144 1 358
K 0 0 43
A D 6 48
H 358 B -86 3 112 3 2 51 3
J B 349 1929 1 82 6913 288 0
J N 6 1966 52 4 1 0 1 359
K -22 0 64
K 0 0 43
K 38 0 44
A D 9 48
J N 5 2024 52 2 1729 432 1 359
K 0 0 43
A D 3 48
J N 6 2053 73 2 2305 144 1 359
K 0 0 43
A D 6 48
H 359 B 64 2 112 3 2 51 3
J N 6 2115 94 4 3457 288 1 360
K -22 0 64
K 0 0 43
K 38 0 44
A D 9 48
J N 5 2177 21 3 5185 432 1 360
K -22 0 64
K 0 0 43
A D 3 48
J N 6 2206 52 2 5761 144 1 360
K 0 0 43
A D 6 48
H 360 B 141 0 112 3 2 51 3
J B 350 2250 1 82 6913 288 0
E *
B 1 404 0
B 1 695 0
B 1 871 0
B 1 1047 0
B 1 1288 0
B 1 1618 0
B 1 1929 0
B 1 2250 0
S 0 100 1380 2250 84 1 "(.)"
L 0 0 -80 313 313 * 0 21 0
J C 22 7 21 36 6913 0 0
J K 3 85 0 3 6913 0 0
K 0 21 63
K 21 52 63
K 42 10 63
J D 0 -39 -21 1 6913 0 0
W 0 0 37 \03\05\00
J N 7 219 21 5 1 0 0
K -22 0 64
K 0 0 43
K 0 0 60
K 0 31 60
A D 12 48
J R 6 273 42 2 2305 576 0
K 0 0 49
A D 6 48
J R 6 311 42 3 3457 288 0
K 0 0 49
K 31 -10 44
A D 9 48
J D 0 316 0 1 5185 432 0
W 0 138 36 dimin.
J N 5 401 52 3 5185 0 1 361
K -22 0 64
K 0 0 43
A D 3 48
J N 6 441 52 2 5761 144 1 361
K 0 0 43
A D 6 48
H 361 B 75 0 112 2 42 3
J B 351 485 1 82 6913 288 0
J N 7 522 21 5 1 0 0
K -22 0 64
K 0 0 43
K 0 0 60
K 0 31 60
A D 12 48
J R 6 576 42 2 2305 576 0
K 0 0 49
A D 6 48
J R 6 614 42 3 3457 288 0
K 0 0 49
K 31 -10 44
A D 9 48
J N 5 710 52 3 5185 432 1 362
K -22 0 64
K 0 0 43
A D 3 48
J N 6 750 52 2 5761 144 1 362
K 0 0 43
A D 6 48
H 362 B 75 0 112 2 42 3
J B 352 794 1 82 6913 288 0
J N 7 831 21 6 1 0 0
K -22 0 64
K 0 0 43
K 0 107 108
K 0 0 60
K 0 31 60
A D 12 48
J R 6 885 42 2 2305 576 0
K 0 0 49
A D 6 48
J R 7 923 42 2 3457 288 0
K 0 0 48
A D 12 48
J R 6 977 42 2 5761 576 0
K 0 0 49
A D 6 48
J B 353 1021 1 82 6913 288 0
J N 7 1058 21 7 1 0 0
K -22 0 64
K 0 0 43
K 0 107 108
K 34 107 108
K 0 0 60
K 0 31 60
A D 12 48
J R 6 1112 42 2 2305 576 0
K 0 0 49
A D 6 48
J R 7 1150 42 2 3457 288 0
K 0 0 48
A D 12 48
J R 6 1204 42 2 5761 576 0
K 0 0 49
A D 6 48
J B 354 1248 1 82 6913 288 0
J R 6 1280 42 2 1 0 0
K 0 0 49
A D 6 48
J R 6 1318 42 2 1153 288 0
K 0 0 49
A D 6 48
J N 5 1356 84 4 2305 288 2 363 364
K 0 0 43
K -18 73 108
K 16 73 108
A D 3 48
J N 5 1396 73 2 2881 144 1 364
K 0 0 43
A D 3 48
H 364 B 84 -4 112 2 22 33
J N 7 1436 63 5 3457 144 1 363
K 0 0 43
K 0 31 96
K 0 0 59
K 0 -32 59
A D 12 48
H 363 S 12 0 0 0 31 0 0 0 0
J R 6 1490 42 2 5761 576 0
K 0 0 49
A D 6 48
J B 355 1534 1 82 6913 288 0
J R 9 1621 42 46 1 10000 0
J B 356 1750 1 82 6913 1728 0
J R 6 1782 42 2 1 0 0
K 0 0 49
A D 6 48
J R 6 1820 42 2 1153 288 0
K 0 0 49
A D 6 48
J N 5 1858 84 2 2305 288 2 365 366
K 0 0 43
A D 3 48
J N 5 1898 73 2 2881 144 1 366
K 0 0 43
A D 3 48
H 366 B 84 -4 112 2 22 33
J N 7 1938 63 5 3457 144 1 365
K 0 0 43
K 0 31 96
K 0 0 59
K 0 -32 59
A D 12 48
H 365 S 12 0 0 0 31 0 0 0 0
J R 6 1992 42 2 5761 576 0
K 0 0 49
A D 6 48
J B 357 2036 1 82 6913 288 0
J R 9 2122 42 46 1 10000 0
J B 358 2250 1 82 6913 1728 0
E *
B 1 485 0
B 1 794 0
B 1 1021 0
B 1 1248 0
B 1 1534 0
B 1 1750 0
B 1 2036 0
B 1 2250 0
S 0 100 1690 2250 84 1 "(.)"
L 0 0 -80 313 313 * 0 21 0
J C 22 7 21 36 6913 0 0
J K 3 85 0 3 6913 0 0
K 0 21 63
K 21 52 63
K 42 10 63
J D 0 -39 -21 1 6913 0 0
W 0 0 37 \03\05\08
J R 6 214 42 2 1 0 0
K 0 0 49
A D 6 48
J R 6 252 42 2 1153 288 0
K 0 0 49
A D 6 48
J D 0 282 0 1 2305 288 1 367
W 0 170 36 cresc. poco a poco
J N 5 290 84 2 2305 0 2 368 369
K 0 0 43
A D 3 48
J N 5 328 73 2 2881 144 1 369
K 0 0 43
A D 3 48
H 369 B 84 -4 112 2 22 33
J N 6 366 63 4 3457 144 1 368
K 0 0 43
K 0 31 96
K 0 0 53
A D 6 48
H 368 S 12 0 0 0 31 0 0 0 0
J R 6 418 42 2 4609 288 0
K 0 0 49
A D 6 48
J N 5 456 73 2 5761 288 2 370 371
K 0 0 43
A D 3 48
J N 5 494 63 2 6337 144 1 371
K 0 0 43
A D 3 48
H 371 B 75 -3 112 2 22 33
J B 359 529 1 82 6913 144 0
J N 6 561 52 4 1 0 1 370
K 0 0 43
K 0 21 96
K 0 0 53
A D 6 48
H 370 S 12 0 0 0 21 0 0 0 0
J R 6 613 42 2 1153 288 0
K 0 0 49
A D 6 48
J N 5 651 73 2 2305 288 2 372 373
K 0 0 43
A D 3 48
J N 5 689 63 2 2881 144 1 373
K 0 0 43
A D 3 48
H 373 B 75 -3 112 2 22 33
J N 6 727 52 4 3457 144 1 372
K 0 0 43
K 0 21 96
K 0 0 53
A D 6 48
H 372 S 12 0 0 0 21 0 0 0 0
J R 6 779 42 2 4609 288 0
K 0 0 49
A D 6 48
J N 5 817 63 2 5761 288 2 374 375
K 0 0 43
A D 3 48
J N 5 855 52 2 6337 144 1 375
K 0 0 43
A D 3 48
H 375 B 85 -4 112 2 22 33
J B 360 890 1 82 6913 144 0
J N 6 922 42 4 1 0 1 374
K 0 0 43
K 0 31 96
K 0 0 51
A D 6 48
H 374 S 12 0 0 0 31 0 0 0 0
J R 6 974 42 2 1153 288 0
K 0 0 49
A D 6 48
J N 5 1012 63 2 2305 288 2 376 377
K 0 0 43
A D 3 48
J N 5 1050 52 2 2881 144 1 377
K 0 0 43
A D 3 48
H 377 B 85 -4 112 2 22 33
J N 6 1088 42 4 3457 144 1 376
K 0 0 43
K 0 31 96
K 0 0 51
A D 6 48
H 376 S 12 0 0 0 31 0 0 0 0
J R 6 1140 42 2 4609 288 0
K 0 0 49
A D 6 48
J N 5 1178 52 2 5761 288 2 378 379
K 0 0 43
A D 3 48
J N 5 1216 42 2 6337 144 1 379
K 0 0 43
A D 3 48
H 379 B 75 -3 112 2 22 33
J B 361 1251 1 82 6913 144 0
J N 6 1283 31 4 1 0 1 378
K 0 0 43
K 0 78 96
K 0 0 54
A D 6 48
H 378 S 12 0 0 -9 73 0 0 0 0
J R 6 1321 42 2 1153 288 0
K 0 0 49
A D 6 48
J N 5 1359 52 2 2305 288 2 380 381
K 0 0 43
A D 3 48
J N 5 1397 42 2 2881 144 1 381
K 0 0 43
A D 3 48
H 381 B 75 -3 112 2 22 33
J N 6 1435 31 4 3457 144 1 380
K 0 0 43
K 0 78 96
K 0 0 54
A D 6 48
H 380 S 12 0 0 -9 73 0 0 0 0
J R 6 1473 42 2 4609 288 0
K 0 0 49
A D 6 48
J N 5 1511 42 2 5761 288 2 382 383
K 0 0 43
A D 3 48
J N 5 1549 31 2 6337 144 1 383
K 0 0 43
A D 3 48
H 383 B -69 -4 112 2 22 33
J B 362 1584 1 82 6913 144 0
J N 6 1616 21 4 1 0 1 382
K 0 0 43
K 0 -32 96
K 0 0 54
A D 6 48
H 382 S 0 0 0 0 -31 0 0 0 0
J R 6 1654 42 2 1153 288 0
K 0 0 49
A D 6 48
J N 5 1692 42 2 2305 288 2 384 385
K 0 0 43
A D 3 48
J N 5 1730 31 2 2881 144 1 385
K 0 0 43
A D 3 48
H 385 B -69 -4 112 2 22 33
J N 6 1768 21 4 3457 144 1 384
K 0 0 43
K 0 -32 96
K 0 0 54
A D 6 48
H 384 S 0 0 0 0 -31 0 0 0 0
J R 6 1806 42 2 4609 288 0
K 0 0 49
A D 6 48
J N 5 1844 31 2 5761 288 2 386 387
K 0 0 43
A D 3 48
J N 5 1882 21 2 6337 144 1 387
K 0 0 43
A D 3 48
H 387 B -79 -3 112 2 22 33
J B 363 1917 1 82 6913 144 0
J N 6 1949 10 4 1 0 1 386
K 0 0 43
K 0 -26 96
K 0 0 54
A D 6 48
H 386 S 0 0 0 0 -21 0 0 0 0
J R 6 1987 42 2 1153 288 0
K 0 0 49
A D 6 48
J N 5 2025 31 2 2305 288 2 388 389
K 0 0 43
A D 3 48
J N 5 2063 21 2 2881 144 1 389
K 0 0 43
A D 3 48
H 389 B -79 -3 112 2 22 33
J N 6 2101 10 4 3457 144 1 388
K 0 0 43
K 0 -26 96
K 0 0 54
A D 6 48
H 388 S 0 0 0 0 -21 0 0 0 0
J R 6 2139 42 2 4609 288 0
K 0 0 49
A D 6 48
J N 5 2177 21 2 5761 288 2 390 391
K 0 0 43
A D 3 48
J N 5 2215 10 2 6337 144 1 391
K 0 0 43
A D 3 48
H 391 B -69 -4 112 2 22 33
J M 0 2244 0 0 6913 144 1 367
H 367 D 407 0 170 0 31
J B 364 2250 1 82 6913 0 0
J M 0 2250 8 0 6913 0 1 390
H 390 S 0 0 0 0 0 0 0 0
E *
B 1 529 0
B 1 890 0
B 1 1251 0
B 1 1584 0
B 1 1917 0
B 1 2250 0
S 0 100 2000 2250 84 1 "(.)"
L 0 0 -80 313 313 * 0 21 0
J C 22 7 21 36 6913 0 0
J K 3 85 0 3 6913 0 0
K 0 21 63
K 21 52 63
K 42 10 63
J D 0 -39 -21 1 6913 0 0
W 0 0 37 \03\06\04
J N 6 214 0 5 1 0 2 392 390
K 0 0 43
K 36 -9 44
K 0 132 110
K 25 132 110
A D 9 48
J M 0 162 0 0 6913 0 1 390
H 390 S 0 0 8 0 0 0 0 0
J N 5 270 -74 7 1729 432 1 392
K 0 53 45
K 0 32 45
K 0 11 45
K 0 0 43
K 0 11 45
K 2 11 45
A D 3 48
J N 6 299 -42 6 2305 144 1 392
K 0 21 45
K 0 0 45
K 0 0 43
K -1 0 45
K 6 0 45
A D 6 48
H 392 B -70 -9 112 3 2 51 3
J N 6 337 -21 6 3457 288 1 393
K 0 0 45
K 0 0 43
K -1 0 45
K 6 0 45
K 36 -9 44
A D 9 48
J N 5 393 -21 5 5185 432 1 393
K 0 0 45
K 0 0 43
K -1 0 45
K 6 0 45
A D 3 48
J N 6 422 0 2 5761 144 1 393
K 0 0 43
A D 6 48
H 393 B -86 3 112 3 2 51 3
J B 365 466 1 82 6913 288 0
J N 6 498 31 3 1 0 1 394
K 0 0 43
K 38 0 44
A D 9 48
J N 5 556 31 2 1729 432 1 394
K 0 0 43
A D 3 48
J N 6 585 52 2 2305 144 1 394
K 0 0 43
A D 6 48
H 394 B -77 4 112 3 2 51 3
J N 7 623 73 4 3457 288 0
K 0 0 43
K 0 0 59
K 0 -31 59
A D 12 48
J R 6 677 42 2 5761 576 0
K 0 0 49
A D 6 48
J B 366 721 1 82 6913 288 0
J N 6 753 115 6 1 0 1 395
K 1 -10 45
K 0 0 43
K 0 -10 45
K 2 -10 45
K 38 0 44
A D 9 48
J N 5 810 -32 5 1729 432 1 395
K 0 11 45
K 0 0 43
K 0 11 45
K 2 11 45
A D 3 48
J N 6 839 0 2 2305 144 1 395
K 0 0 43
A D 6 48
H 395 B 63 5 112 3 2 51 3
J N 6 877 21 3 3457 288 1 396
K 0 0 43
K 36 -9 44
A D 9 48
J N 5 933 21 2 5185 432 1 396
K 0 0 43
A D 3 48
J N 6 962 42 2 5761 144 1 396
K 0 0 43
A D 6 48
H 396 B -77 4 112 3 2 51 3
J B 367 1006 1 82 6913 288 0
J N 6 1038 73 3 1 0 1 397
K 0 0 43
K 38 0 44
A D 9 48
J N 5 1096 73 2 1729 432 1 397
K 0 0 43
A D 3 48
J N 6 1125 94 2 2305 144 1 397
K 0 0 43
A D 6 48
H 397 B 63 2 112 3 2 51 3
J N 7 1163 115 7 3457 288 0
K 1 -10 45
K 0 0 43
K 0 -10 45
K 2 -10 45
K 0 0 59
K 0 -31 59
A D 12 48
J R 6 1217 42 2 5761 576 0
K 0 0 49
A D 6 48
J B 368 1261 1 82 6913 288 0
J S 4 1345 31 8 2 288 0
K 0 0 62
K 0 5 62
K 251 11 92
K 221 11 92
K 191 11 92
K 161 11 92
K 131 11 92
K 101 11 92
K 71 11 92
K 41 11 92
K 11 11 92
K 0 11 92
K 281 0 62
K 281 5 62
K 125 9 73
J B 370 1710 1 82 6913 1 0
J N 6 1742 73 5 1 0 1 398
K 0 0 43
K 38 0 44
K 0 59 110
K 25 59 110
A D 9 48
J N 5 1799 -74 7 1729 432 1 398
K 0 53 45
K 0 32 45
K 0 11 45
K 0 0 43
K 0 11 45
K 2 11 45
A D 3 48
J N 6 1828 -42 6 2305 144 1 398
K 0 21 45
K 0 0 45
K 0 0 43
K -1 0 45
K 6 0 45
A D 6 48
H 398 B 63 5 112 3 2 51 3
J N 6 1866 -21 6 3457 288 1 399
K 0 0 45
K 0 0 43
K -1 0 45
K 6 0 45
K 36 -9 44
A D 9 48
J N 5 1922 -21 5 5185 432 1 399
K 0 0 45
K 0 0 43
K -1 0 45
K 6 0 45
A D 3 48
J N 6 1951 0 2 5761 144 1 399
K 0 0 43
A D 6 48
H 399 B -86 3 112 3 2 51 3
J B 371 1995 1 82 6913 288 0
J N 6 2027 31 3 1 0 1 400
K 0 0 43
K 38 0 44
A D 9 48
J N 5 2085 31 2 1729 432 1 400
K 0 0 43
A D 3 48
J N 6 2114 52 2 2305 144 1 400
K 0 0 43
A D 6 48
H 400 B 67 2 112 3 2 51 3
J N 7 2152 73 4 3457 288 0
K 0 0 43
K 0 0 59
K 0 -31 59
A D 12 48
J R 6 2206 42 2 5761 576 0
K 0 0 49
A D 6 48
J B 372 2250 1 82 6913 288 0
E *
B 1 466 0
B 1 721 0
B 1 1006 0
B 1 1261 0
B 1 1710 0
B 1 1995 0
B 1 2250 0
S 0 100 2310 2250 84 1 "(.)"
L 0 0 -80 313 313 * 0 21 0
J C 22 7 21 36 6913 0 0
J K 3 85 0 3 6913 0 0
K 0 21 63
K 21 52 63
K 42 10 63
J D 0 -39 -21 1 6913 0 0
W 0 0 37 \03\07\02
J N 6 214 -32 6 1 0 1 401
K 0 11 45
K 0 0 43
K 0 11 45
K 2 11 45
K 38 0 44
A D 9 48
J N 5 281 -32 5 1729 432 1 401
K 0 11 45
K 0 0 43
K 0 11 45
K 2 11 45
A D 3 48
J N 6 310 0 2 2305 144 1 401
K 0 0 43
A D 6 48
H 401 B -80 6 112 3 2 51 3
J N 6 352 21 3 3457 288 1 402
K 0 0 43
K 36 -9 44
A D 9 48
J N 5 418 21 2 5185 432 1 402
K 0 0 43
A D 3 48
J N 6 447 42 2 5761 144 1 402
K 0 0 43
A D 6 48
H 402 B -79 3 112 3 2 51 3
J B 373 492 1 82 6913 288 0
J N 6 524 73 3 1 0 1 403
K 0 0 43
K 38 0 44
A D 9 48
J N 5 591 73 2 1729 432 1 403
K 0 0 43
A D 3 48
J N 6 620 94 2 2305 144 1 403
K 0 0 43
A D 6 48
H 403 B 64 2 112 3 2 51 3
J N 7 662 115 7 3457 288 0
K 1 -10 45
K 0 0 43
K 0 -10 45
K 2 -10 45
K 0 0 59
K 0 -31 59
A D 12 48
J R 6 736 42 2 5761 576 0
K 0 0 49
A D 6 48
J B 374 780 1 82 6913 288 0
J N 8 812 115 10 1 0 0
K 1 -10 45
K 0 0 42
K 0 -10 45
K 2 -10 45
K 38 0 44
K 0 48 108
K 34 48 108
K 0 0 59
K 0 -31 59
A D 36 48
J B 375 940 1 82 6913 1728 0
J D 0 972 0 1 1 0 0
W 0 155 36 cresc.
J N 8 972 105 8 1 0 0
K 1 0 45
K 0 0 42
K -1 0 45
K 6 0 45
K 36 -9 44
K 0 0 59
K 0 -32 59
A D 36 48
J B 376 1100 1 82 6913 1728 0
J D 0 1090 0 21 1 0 0
W 0 -42 47 M
K -21 -114 90
K -21 -26 90
K 9 -114 90
K 9 -26 90
K 39 -114 90
K 39 -26 90
K 69 -114 90
K 69 -26 90
K 77 -114 90
K 77 -26 90
K -21 -114 89
K 103 -114 89
K -21 -93 89
K 103 -93 89
K -21 -72 89
K 103 -72 89
K -21 -51 89
K 103 -51 89
K -21 -47 89
K 103 -47 89
J N 7 1132 73 6 1 0 0
K 0 0 43
K 0 59 110
K 25 59 110
K 0 0 59
K 0 -31 59
A D 12 48
J R 6 1206 42 2 2305 576 0
K 0 0 49
A D 6 48
J N 7 1247 52 4 3457 288 0
K 0 0 43
K 0 0 59
K 0 -31 59
A D 12 48
J R 6 1321 42 2 5761 576 0
K 0 0 49
A D 6 48
J B 377 1365 1 82 6913 288 0
J N 7 1397 31 4 1 0 0
K 0 0 43
K 0 0 60
K 0 32 60
A D 12 48
J R 6 1471 42 2 2305 576 0
K 0 0 49
A D 6 48
J R 6 1512 42 3 3457 288 0
K 0 0 49
K 31 -10 44
A D 9 48
J N 5 1586 31 2 5185 432 1 404
K 0 0 43
A D 3 48
J N 6 1626 31 2 5761 144 1 404
K 0 0 43
A D 6 48
H 404 B -76 0 112 2 42 3
J B 378 1670 1 82 6913 288 0
J N 7 1702 31 7 1 0 1 405
K 0 0 43
K 38 0 44
K 0 105 111
K 18 105 110
K 0 0 60
K 0 32 60
A D 18 48
J N 6 1795 31 3 3457 864 2 406 405
K 0 0 43
K 38 0 44
A D 9 48
H 405 T 31 0 0 0 0 0 1 0
J N 5 1861 42 3 5185 432 1 406
K 0 0 43
K 0 -32 96
A D 3 48
J N 6 1895 52 3 5761 144 1 406
K 0 0 43
K 0 -21 96
A D 6 48
H 406 B -75 4 112 3 2 51 3
J B 379 1939 1 82 6913 288 0
J G 0 1971 52 3 1 0 1 407
K 0 0 171
K 0 0 179
A D 0 48
J N 7 2012 42 7 1 0 2 408 407
K 0 0 43
K 36 -9 44
K 0 107 111
K 18 107 110
K 0 0 60
K 0 31 60
A D 18 48
H 407 S 12 0 0 -21 0 0 0 0 0
J N 6 2105 42 3 3457 864 2 409 408
K 0 0 43
K 36 -9 44
A D 9 48
H 408 T 42 0 0 0 0 0 5 0
J N 5 2166 94 3 5185 432 1 409
K 0 0 43
K 0 26 96
A D 3 48
J N 6 2206 84 3 5761 144 1 409
K 0 0 43
K 0 26 96
A D 6 48
H 409 B 71 8 112 3 2 51 3
J B 380 2250 1 82 6913 288 0
E *
B 1 492 0
B 1 780 0
B 1 940 0
B 1 1100 0
B 1 1365 0
B 1 1670 0
B 1 1939 0
B 1 2250 0
S 0 100 2620 2250 84 1 "(.)"
L 0 0 -80 313 313 * 0 21 0
J C 22 7 21 36 6913 0 0
J K 3 85 0 3 6913 0 0
K 0 21 63
K 21 52 63
K 42 10 63
J D 0 -39 -21 1 6913 0 0
W 0 0 37 \03\08\00
J N 7 214 73 4 1 0 0
K 0 0 43
K 0 0 59
K 0 -31 59
A D 12 48
J R 6 286 42 2 2305 576 0
K 0 0 49
A D 6 48
J R 6 335 42 3 3457 288 0
K 0 0 49
K 31 -10 44
A D 9 48
J N 5 418 31 2 5185 432 1 410
K 0 0 43
A D 3 48
J N 6 458 31 2 5761 144 1 410
K 0 0 43
A D 6 48
H 410 B -76 0 112 2 42 3
J B 381 512 1 82 6913 288 0
J D 0 534 0 1 1 0 0
W 0 -25 36 ten.
J N 7 544 31 6 1 0 0
K 0 0 43
K 0 105 111
K 18 105 110
K 0 0 60
K 0 32 60
A D 12 48
J N 6 616 52 3 2305 576 0
K 0 0 43
K 0 0 53
A D 6 48
J G 0 674 52 3 3457 288 1 411
K 0 0 171
K 0 0 179
A D 0 48
J N 6 715 42 3 3457 0 2 412 411
K 0 0 43
K 36 -9 44
A D 9 48
H 411 S 12 0 0 0 0 0 0 0 0
J N 5 776 94 3 5185 432 1 412
K 0 0 43
K 0 26 96
A D 3 48
J N 6 816 84 3 5761 144 1 412
K 0 0 43
K 0 26 96
A D 6 48
H 412 B 71 8 112 3 2 51 3
J B 382 870 1 82 6913 288 0
J N 7 902 73 4 1 0 0
K 0 0 43
K 0 0 59
K 0 -31 59
A D 12 48
J R 6 974 42 2 2305 576 0
K 0 0 49
A D 6 48
J R 6 1023 42 3 3457 288 0
K 0 0 49
K 31 -10 44
A D 9 48
J N 5 1106 31 2 5185 432 1 413
K 0 0 43
A D 3 48
J N 6 1146 31 2 5761 144 1 413
K 0 0 43
A D 6 48
H 413 B -76 0 112 2 42 3
J B 383 1200 1 82 6913 288 0
J G 0 1232 84 3 1 0 1 414
K 0 0 171
K 0 0 179
A D 0 48
J N 7 1273 73 6 1 0 1 414
K 0 0 43
K 0 59 110
K 25 59 110
K 0 0 59
K 0 -31 59
A D 12 48
H 414 S 12 0 0 0 0 0 0 0 0
J R 6 1344 42 2 2305 576 0
K 0 0 49
A D 6 48
J G 0 1385 73 3 3457 288 1 415
K 0 0 171
K 0 0 179
A D 0 48
J N 7 1426 63 4 3457 0 1 415
K 0 0 43
K 0 0 59
K 0 -32 59
A D 12 48
H 415 S 12 0 0 0 0 0 0 0 0
J R 6 1497 42 2 5761 576 0
K 0 0 49
A D 6 48
J B 384 1550 1 82 6913 288 0
J G 0 1582 63 3 1 0 1 416
K 0 0 171
K 0 0 179
A D 0 48
J N 7 1623 52 4 1 0 1 416
K 0 0 43
K 0 0 59
K 0 -31 59
A D 12 48
H 416 S 12 0 0 0 0 0 0 0 0
J R 6 1694 42 2 2305 576 0
K 0 0 49
A D 6 48
J G 0 1735 52 3 3457 288 1 417
K 0 0 171
K 0 0 179
A D 0 48
J N 7 1776 42 4 3457 0 1 417
K 0 0 43
K 0 0 60
K 0 31 60
A D 12 48
H 417 S 12 0 0 -21 0 0 0 0 0
J R 6 1847 42 2 5761 576 0
K 0 0 49
A D 6 48
J B 385 1900 1 82 6913 288 0
J G 0 1932 42 3 1 0 1 418
K 0 0 171
K 0 0 179
A D 0 48
J N 7 1973 31 4 1 0 1 418
K 0 0 43
K 0 0 60
K 0 32 60
A D 12 48
H 418 S 12 0 0 -21 0 0 0 0 0
J R 6 2044 42 2 2305 576 0
K 0 0 49
A D 6 48
J G 0 2085 31 3 3457 288 1 419
K 0 0 171
K 0 0 179
A D 0 48
J N 7 2126 21 4 3457 0 1 419
K 0 0 43
K 0 0 60
K 0 31 60
A D 12 48
H 419 S 12 0 0 -21 0 0 0 0 0
J R 6 2197 42 2 5761 576 0
K 0 0 49
A D 6 48
J B 386 2250 1 82 6913 288 0
E *
B 1 512 0
B 1 870 0
B 1 1200 0
B 1 1550 0
B 1 1900 0
B 1 2250 0
