S 0 200 140 2050 2461 16 "([......][..{..}].)[{..}.{..}]"
L 0 0 0 300 300 * 0 14 0
J D 0 -95 42 1 6913 0 0
W 0 0 31 Picc.
J C 4 5 42 2 6913 0 0
K 0 0 33
K 0 0 34
J K 0 57 0 0 6913 0 0
J D 0 25 -14 1 6913 0 0
W 0 0 37 \03\03\03
J R 5 109 28 3 1 0 0
K 0 14 49
K 4 0 50
A D 3 48
J N 5 134 21 2 433 144 1 193
K 0 0 43
A D 3 48
J N 5 159 14 2 865 144 1 193
K 0 0 43
A D 3 48
J N 5 184 7 2 1297 144 1 193
K 0 0 43
A D 3 48
H 193 B -40 -3 108 3 22 11 33
J N 5 209 0 2 1729 144 1 194
K 0 0 43
A D 3 48
J N 5 234 -7 2 2161 144 1 194
K 0 0 43
A D 3 48
J N 5 260 -14 5 2593 144 1 194
K 0 0 45
K 0 0 43
K -1 0 45
K 2 0 45
A D 3 48
J N 5 286 -21 5 3025 144 1 194
K 0 7 45
K 0 0 43
K 0 7 45
K 1 7 45
A D 3 48
H 194 B -44 -5 108 4 22 11 11 33
J N 7 312 -28 9 3457 144 0
K 0 14 45
K 0 0 45
K 0 0 43
K -1 0 45
K 2 0 45
K 0 -17 96
K 0 0 60
K 0 28 60
A D 12 48
J R 7 347 28 2 5185 576 0
K 0 0 48
A D 12 48
J B 334 386 1 82 6913 576 0
J R 5 411 28 3 1 0 0
K 0 14 49
K 4 0 50
A D 3 48
J N 5 437 21 2 433 144 1 195
K 0 0 43
A D 3 48
J N 5 463 14 2 865 144 1 195
K 0 0 43
A D 3 48
J N 5 504 7 3 1297 144 1 195
K -15 0 65
K 0 0 43
A D 3 48
H 195 B -40 -2 108 3 22 11 33
J N 5 530 0 2 1729 144 1 196
K 0 0 43
A D 3 48
J N 5 556 -7 2 2161 144 1 196
K 0 0 43
A D 3 48
J N 5 582 -14 5 2593 144 1 196
K 0 0 45
K 0 0 43
K -1 0 45
K 2 0 45
A D 3 48
J N 5 608 -21 5 3025 144 1 196
K 0 7 45
K 0 0 43
K 0 7 45
K 1 7 45
A D 3 48
H 196 B -44 -5 108 4 22 11 11 33
J N 8 641 -28 9 3457 144 0
K 0 14 45
K 0 0 45
K 0 0 42
K -1 0 45
K 2 0 45
K 0 0 60
K 0 24 60
K -17 43 125
A D 24 48
J B 335 720 1 82 6913 1152 0
J N 7 741 -7 4 1 0 0
K 0 0 43
K 0 0 60
K 0 21 60
A D 12 48
J R 7 776 28 2 1729 576 0
K 0 0 48
A D 12 48
J R 8 867 28 2 3457 576 0
K 0 0 47
A D 24 48
J B 336 941 1 82 6913 1152 0
J R 9 1009 28 2 1 0 0
K 0 0 46
A D 48 48
J B 337 1106 1 82 6913 2304 0
J R 9 1188 28 2 1 0 0
K 0 0 46
A D 48 48
J B 338 1298 1 82 6913 2304 0
J R 8 1319 28 2 1 0 0
K 0 0 47
A D 24 48
J R 7 1363 28 2 3457 1152 0
K 0 0 48
A D 12 48
J D 0 1395 0 1 5185 576 0
W 0 84 1 p!33| dolce
J N 7 1395 56 4 5185 0 1 197
K 0 0 43
K 0 0 59
K 0 -21 59
A D 12 48
J B 339 1434 1 82 6913 576 0
J N 7 1455 21 4 1 0 0
K 0 0 43
K 0 0 60
K 0 21 60
A D 12 48
J N 7 1487 42 4 1729 576 0
K 0 0 43
K 0 0 59
K 0 -21 59
A D 12 48
J N 7 1519 7 4 3457 576 0
K 0 0 43
K 0 0 60
K 0 21 60
A D 12 48
J N 6 1551 14 3 5185 576 1 198
K 0 0 43
K 24 -6 44
A D 9 48
J N 5 1588 21 2 6481 432 2 198 197
K 0 0 43
A D 3 48
H 198 B -44 3 108 2 2 53
H 197 S 0 14 -35 0 0 3 0 0 0
J B 340 1616 1 82 6913 144 0
J D 0 1637 0 1 1 0 0
W 0 84 33 cresc. poco a poco
J N 9 1637 -7 2 1 0 2 199 200
K 0 0 41
A D 48 48
J B 341 1760 1 82 6913 2304 0
J N 9 1781 -7 2 1 0 2 201 199
K 0 0 41
A D 48 48
H 199 T -7 0 0 0 0 0 1 0
J B 342 2050 1 82 6913 2304 0
J M 0 2050 0 0 6913 0 1 200
H 200 R 2 0 0 -38
J M 0 2050 0 0 6913 0 1 201
H 201 T -7 0 0 0 0 0 1 0
E *
L 165 0 0 300 300 * 0 14 0
J D 0 -66 42 1 6913 0 0
W 0 0 31 Fl.
J C 4 5 42 2 6913 0 0
K 0 0 33
K 0 0 34
J K 0 57 0 0 6913 0 0
J D 0 25 -14 1 6913 0 0
W 0 0 0 \03\03\03
J N 8 109 -28 14 1 0 0
K 0 14 45
K 0 0 45
K 0 -7 42
K 0 0 45
K 1 0 45
K 25 -7 44
K -18 0 42
K -19 0 45
K -16 0 45
K 24 -6 44
K 0 -7 60
K 0 0 60
K 0 28 60
A D 36 48
J N 7 347 -28 15 5185 1728 0
K 0 14 45
K 0 0 45
K 0 -14 45
K -14 -14 64
K 0 -14 43
K -1 -14 45
K 2 -14 45
K 0 0 43
K -1 0 45
K 2 0 45
K 0 -31 96
K 0 -14 60
K 0 0 60
K 0 28 60
A D 12 48
J B 334 386 1 82 6913 576 0
J N 8 411 -28 15 1 0 0
K 0 14 45
K 0 0 45
K 0 -14 45
K 0 -21 42
K 0 -14 45
K 1 -14 45
K 25 -21 44
K 0 0 42
K -1 0 45
K 2 0 45
K 24 -6 44
K 0 -21 60
K 0 0 60
K 0 28 60
A D 36 48
J N 7 681 -42 17 5185 1728 0
K 0 28 45
K 0 14 45
K 0 0 45
K -35 -7 63
K -50 0 65
K 0 -7 43
K 0 0 45
K 1 0 45
K -18 0 43
K -19 0 45
K -16 0 45
K 0 -24 96
K 0 -7 60
K 0 0 60
K 0 28 60
K 0 42 60
A D 12 48
J B 335 720 1 82 6913 576 0
J N 7 741 -35 15 1 0 0
K 0 21 45
K 0 7 45
K 0 -7 45
K 0 -21 45
K 0 -21 43
K -1 -21 45
K 2 -21 45
K 0 0 43
K 0 7 45
K 1 7 45
K 0 -21 60
K 0 0 60
K 0 28 60
K 0 35 60
A D 12 48
J R 7 776 28 2 1729 576 0
K 0 0 48
A D 12 48
J N 7 867 -28 15 3457 576 0
K 0 14 45
K 0 0 45
K 0 -14 45
K -14 -14 64
K 0 -14 43
K -1 -14 45
K 2 -14 45
K 0 0 43
K -1 0 45
K 2 0 45
K 0 119 108
K 0 -14 60
K 0 0 60
K 0 28 60
A D 12 48
J R 7 902 28 2 5185 576 0
K 0 0 48
A D 12 48
J B 336 941 1 82 6913 576 0
J N 7 962 -35 14 1 0 0
K 0 21 45
K 0 7 45
K 0 -7 45
K 0 -14 43
K 0 -7 45
K 1 -7 45
K 0 0 43
K 0 7 45
K 1 7 45
K 0 -14 60
K 0 0 60
K 0 28 60
K 0 35 60
A D 12 48
J R 7 997 28 2 1729 576 0
K 0 0 48
A D 12 48
J N 7 1032 -21 12 3457 576 0
K 0 7 45
K 0 -7 45
K 0 -14 43
K 0 -7 45
K 1 -7 45
K 0 0 43
K 0 7 45
K 1 7 45
K 0 -14 60
K 0 0 60
K 0 21 60
A D 12 48
J R 7 1067 28 2 5185 576 0
K 0 0 48
A D 12 48
J B 337 1106 1 82 6913 576 0
J R 9 1188 28 2 1 0 0
K 0 0 46
A D 48 48
J B 338 1298 1 82 6913 2304 0
J R 9 1352 28 2 1 0 0
K 0 0 46
A D 48 48
J B 339 1434 1 82 6913 2304 0
J R 9 1511 28 2 1 0 0
K 0 0 46
A D 48 48
J B 340 1616 1 82 6913 2304 0
J R 9 1674 28 2 1 0 0
K 0 0 46
A D 48 48
J B 341 1760 1 82 6913 2304 0
J D 0 1781 0 1 1 0 0
W 0 -14 32 1.
J R 7 1781 28 2 1 0 0
K 0 0 48
A D 12 48
J D 0 1813 0 1 1729 576 0
W 0 84 1 p!33| cresc. poco a poco
J G 5 1813 28 2 1729 0 2 307 308
K 0 0 171
A D 0 48
J G 5 1834 21 2 1729 0 1 308
K 0 0 171
A D 0 48
H 308 B 40 -4 106 2 22 33
J N 7 1855 14 4 1729 0 1 307
K 0 0 43
K 0 0 60
K 0 21 60
A D 12 48
H 307 S 12 0 0 -14 0 0 0 0 0
J R 7 1909 28 2 3457 576 0
K 0 0 48
A D 12 48
J G 5 1941 28 2 5185 576 2 309 310
K 0 0 171
A D 0 48
J G 5 1962 21 2 5185 0 1 310
K 0 0 171
A D 0 48
H 310 B 40 -4 106 2 22 33
J N 7 1983 14 4 5185 0 1 309
K 0 0 43
K 0 0 60
K 0 21 60
A D 12 48
H 309 S 12 0 0 -14 0 0 0 0 0
J B 342 2050 1 82 6913 576 0
E *
L 315 0 0 300 300 * 0 14 0
J D 0 -77 42 1 6913 0 0
W 0 0 31 Ob.
J C 4 5 42 2 6913 0 0
K 0 0 33
K 0 0 34
J K 0 57 0 0 6913 0 0
J D 0 25 -14 1 6913 0 0
W 0 0 0 \03\03\03
J N 8 109 35 12 1 0 0
K 0 -49 45
K 0 -49 42
K -1 -49 45
K 2 -49 45
K 24 -55 44
K 0 0 42
K 25 0 44
K 0 -49 60
K 0 -21 60
K 0 0 60
K 0 14 60
A D 36 48
J N 7 347 42 8 5185 1728 0
K 0 -49 43
K 0 0 43
K 0 -66 96
K 0 -49 60
K 0 -21 60
K 0 0 60
K 0 14 60
A D 12 48
J B 334 386 1 82 6913 576 0
J N 8 411 49 9 1 0 0
K 0 -49 42
K 24 -55 44
K 0 0 42
K 25 0 44
K 0 -49 60
K 0 -21 60
K 0 0 60
K 0 14 60
A D 36 48
J N 7 681 7 9 5185 1728 0
K -35 -7 63
K -50 0 65
K 0 -7 43
K -18 0 43
K 0 -24 96
K 0 -7 60
K 0 0 60
K 0 21 60
A D 12 48
J B 335 720 1 82 6913 576 0
J N 7 741 14 6 1 0 0
K 0 -21 43
K 0 0 43
K 0 -21 60
K 0 0 60
K 0 21 60
A D 12 48
J R 7 776 28 2 1729 576 0
K 0 0 48
A D 12 48
J N 7 867 21 8 3457 576 0
K -14 -14 64
K 0 -14 43
K 0 0 43
K 0 77 108
K 0 -14 60
K 0 0 60
K 0 21 60
A D 12 48
J R 7 902 28 2 5185 576 0
K 0 0 48
A D 12 48
J B 336 941 1 82 6913 576 0
J N 7 962 14 6 1 0 0
K 0 -14 43
K 0 0 43
K 0 -14 60
K 0 0 60
K 0 21 60
A D 12 48
J R 7 997 28 2 1729 576 0
K 0 0 48
A D 12 48
J N 7 1032 28 6 3457 576 0
K 0 -14 43
K 0 0 43
K 0 -14 60
K 0 0 60
K 0 21 60
A D 12 48
J R 7 1067 28 2 5185 576 0
K 0 0 48
A D 12 48
J B 337 1106 1 82 6913 576 0
J R 9 1188 28 2 1 0 0
K 0 0 46
A D 48 48
J B 338 1298 1 82 6913 2304 0
J R 8 1319 28 2 1 0 0
K 0 0 47
A D 24 48
J R 9 1352 28 2 1 0 0
K 0 0 46
A D 48 48
J R 7 1363 28 2 3457 1152 0
K 0 0 48
A D 12 48
J D 0 1367 0 1 5185 576 0
W 0 -14 32 1.
J D 0 1395 0 1 5185 0 0
W 0 91 1 p!33| dolce
J N 7 1395 56 4 5185 0 1 345
K 0 0 43
K 0 0 59
K 0 -21 59
A D 12 48
J B 339 1434 1 82 6913 576 0
J N 7 1455 21 4 1 0 0
K 0 0 43
K 0 0 60
K 0 21 60
A D 12 48
J N 7 1487 42 4 1729 576 0
K 0 0 43
K 0 0 59
K 0 -21 59
A D 12 48
J N 7 1519 7 4 3457 576 0
K 0 0 43
K 0 0 60
K 0 21 60
A D 12 48
J N 6 1551 14 3 5185 576 1 346
K 0 0 43
K 24 -6 44
A D 9 48
J N 5 1588 21 2 6481 432 2 346 345
K 0 0 43
A D 3 48
H 346 B -44 3 108 2 2 53
H 345 S 0 6 -49 0 0 1 0 0 0
J B 340 1616 1 82 6913 144 0
J N 8 1637 -7 5 1 0 0
K 0 0 42
K 25 0 44
K 0 0 60
K 0 21 60
A D 36 48
J D 0 1721 0 1 5185 1728 0
W 0 105 1 p!33| cresc. poco a poco
J N 7 1721 28 7 5185 0 2 347 348
K 0 -35 43
K 0 0 43
K 0 -35 60
K 0 -7 60
K 0 0 60
K 0 21 60
A D 12 48
J B 341 1760 1 82 6913 576 0
J N 7 1781 28 6 1 0 2 347 348
K 0 -14 43
K 0 0 43
K 0 -14 60
K 0 0 60
K 0 21 60
A D 12 48
H 347 T 28 0 0 0 0 0 15 0
H 348 S 0 0 -35 0 -14 0 0 0 0
J N 7 1855 28 6 1729 576 0
K 0 -14 43
K 0 0 43
K 0 -14 60
K 0 0 60
K 0 21 60
A D 12 48
J R 7 1909 28 2 3457 576 0
K 0 0 48
A D 12 48
J N 7 1983 28 6 5185 576 0
K 0 -14 43
K 0 0 43
K 0 -14 60
K 0 0 60
K 0 21 60
A D 12 48
J B 342 2050 1 82 6913 576 0
E *
L 485 0 0 300 300 * 0 14 0
J D 0 -68 42 1 6913 0 0
W 0 0 31 Cl.
J C 4 5 42 2 6913 0 0
K 0 0 33
K 0 0 34
J K 0 57 0 0 6913 0 0
J D 0 25 -14 1 6913 0 0
W 0 0 0 \03\03\03
J N 8 109 35 8 1 0 0
K 0 -21 42
K 24 -27 44
K 0 0 42
K 25 0 44
K 0 -21 60
K 0 0 60
K 0 14 60
A D 36 48
J N 7 347 42 9 5185 1728 0
K -14 -35 64
K 0 -35 43
K 0 0 43
K 0 -52 96
K 0 -35 60
K 0 -7 60
K 0 0 60
K 0 14 60
A D 12 48
J B 334 386 1 82 6913 576 0
J N 8 411 49 9 1 0 0
K 0 -49 42
K 24 -55 44
K 0 0 42
K 25 0 44
K 0 -49 60
K 0 -21 60
K 0 0 60
K 0 14 60
A D 36 48
J N 7 681 56 10 5185 1728 0
K -15 -49 65
K -15 0 65
K 0 -49 43
K 0 0 43
K -7 52 96
K 0 -49 60
K 0 -21 60
K 0 0 60
K 0 14 60
A D 12 48
J B 335 720 1 82 6913 576 0
J N 7 741 14 7 1 0 0
K 0 0 43
K 0 49 43
K 0 49 59
K 0 21 59
K 0 0 59
K 0 -14 59
A D 12 48
J R 7 776 28 2 1729 576 0
K 0 0 48
A D 12 48
J N 7 867 21 9 3457 576 0
K -14 35 64
K 0 0 43
K 0 35 43
K 0 70 108
K 0 35 59
K 0 7 59
K 0 0 59
K 0 -14 59
A D 12 48
J R 7 902 28 2 5185 576 0
K 0 0 48
A D 12 48
J B 336 941 1 82 6913 576 0
J N 7 962 14 7 1 0 0
K 0 0 43
K 0 35 43
K 0 35 59
K 0 7 59
K 0 0 59
K 0 -14 59
A D 12 48
J R 7 997 28 2 1729 576 0
K 0 0 48
A D 12 48
J N 7 1032 28 7 3457 576 0
K 0 0 43
K 0 35 43
K 0 35 59
K 0 7 59
K 0 0 59
K 0 -14 59
A D 12 48
J R 7 1067 28 2 5185 576 0
K 0 0 48
A D 12 48
J B 337 1106 1 82 6913 576 0
J R 9 1188 28 2 1 0 0
K 0 0 46
A D 48 48
J B 338 1298 1 82 6913 2304 0
J R 9 1352 28 2 1 0 0
K 0 0 46
A D 48 48
J B 339 1434 1 82 6913 2304 0
J R 9 1511 28 2 1 0 0
K 0 0 46
A D 48 48
J B 340 1616 1 82 6913 2304 0
J R 9 1674 28 2 1 0 0
K 0 0 46
A D 48 48
J B 341 1760 1 82 6913 2304 0
J R 9 1891 28 2 1 0 0
K 0 0 46
A D 48 48
J B 342 2050 1 82 6913 2304 0
E *
L 630 0 0 300 300 * 0 14 0
J D 0 -72 42 1 6913 0 0
W 0 0 31 Fg.
J C 12 5 14 35 6913 0 0
J K 0 57 0 0 6913 0 0
J D 0 25 -14 1 6913 0 0
W 0 0 0 \03\03\03
J N 8 109 7 9 1 0 0
K 0 0 42
K 25 0 44
K 0 49 42
K 24 43 44
K 0 49 59
K 0 21 59
K 0 0 59
K 0 -14 59
A D 36 48
J N 7 347 49 10 5185 1728 0
K -14 -49 64
K -14 0 64
K 0 -49 43
K 0 0 43
K 0 -66 96
K 0 -49 60
K 0 -21 60
K 0 0 60
K 0 14 60
A D 12 48
J B 334 386 1 82 6913 576 0
J N 8 411 42 9 1 0 0
K 0 -49 42
K 25 -49 44
K 0 0 42
K 24 -6 44
K 0 -49 60
K 0 -21 60
K 0 0 60
K 0 14 60
A D 36 48
J N 7 681 42 10 5185 1728 0
K -18 -49 63
K -18 0 63
K 0 -49 43
K 0 0 43
K 0 -66 96
K 0 -49 60
K 0 -21 60
K 0 0 60
K 0 14 60
A D 12 48
J B 335 720 1 82 6913 576 0
J N 7 741 35 10 1 0 0
K 0 -49 45
K 0 -49 43
K -1 -49 45
K 2 -49 45
K 0 0 43
K 0 -49 60
K 0 -21 60
K 0 0 60
K 0 14 60
A D 12 48
J R 7 776 28 2 1729 576 0
K 0 0 48
A D 12 48
J C 22 808 14 164 3457 576 0
J N 7 867 35 8 3457 0 0
K -14 -14 64
K 0 -14 43
K 0 0 43
K 0 56 108
K 0 -14 60
K 0 0 60
K 0 14 60
A D 12 48
J R 7 902 28 2 5185 576 0
K 0 0 48
A D 12 48
J B 336 941 1 82 6913 576 0
J N 7 962 28 6 1 0 0
K 0 -14 43
K 0 0 43
K 0 -14 60
K 0 0 60
K 0 21 60
A D 12 48
J R 7 997 28 2 1729 576 0
K 0 0 48
A D 12 48
J N 7 1032 28 6 3457 576 0
K 0 0 43
K 0 14 43
K 0 14 59
K 0 0 59
K 0 -14 59
A D 12 48
J R 7 1067 28 2 5185 576 0
K 0 0 48
A D 12 48
J B 337 1106 1 82 6913 576 0
J R 9 1188 28 2 1 0 0
K 0 0 46
A D 48 48
J B 338 1298 1 82 6913 2304 0
J R 9 1352 28 2 1 0 0
K 0 0 46
A D 48 48
J B 339 1434 1 82 6913 2304 0
J R 9 1511 28 2 1 0 0
K 0 0 46
A D 48 48
J B 340 1616 1 82 6913 2304 0
J R 9 1674 28 2 1 0 0
K 0 0 46
A D 48 48
J B 341 1760 1 82 6913 2304 0
J R 9 1891 28 2 1 0 0
K 0 0 46
A D 48 48
J B 342 2050 1 82 6913 2304 0
E *
L 785 0 0 300 300 * 0 14 0
J D 0 -85 42 1 6913 0 0
W 0 0 31 Cfg.
J C 22 5 14 36 6913 0 0
J K 0 57 0 0 6913 0 0
J D 0 25 -14 1 6913 0 0
W 0 0 0 \03\03\03
J N 8 109 63 6 1 0 0
K -18 0 63
K 0 0 42
K 25 0 44
K 0 0 59
K 0 -21 59
A D 36 48
J N 7 347 56 5 5185 1728 0
K 0 0 43
K 0 17 96
K 0 0 59
K 0 -21 59
A D 12 48
J B 334 386 1 82 6913 576 0
J N 8 411 49 6 1 0 0
K -15 0 65
K 0 0 42
K 25 0 44
K 0 0 59
K 0 -21 59
A D 36 48
J N 7 681 49 6 5185 1728 0
K -14 0 64
K 0 0 43
K 0 17 96
K 0 0 59
K 0 -21 59
A D 12 48
J B 335 720 1 82 6913 576 0
J N 7 741 42 4 1 0 0
K 0 0 43
K 0 0 59
K 0 -21 59
A D 12 48
J R 7 776 28 2 1729 576 0
K 0 0 48
A D 12 48
J N 7 867 35 5 3457 576 0
K 0 0 43
K 0 49 108
K 0 0 59
K 0 -21 59
A D 12 48
J R 7 902 28 2 5185 576 0
K 0 0 48
A D 12 48
J B 336 941 1 82 6913 576 0
J N 7 962 63 4 1 0 0
K 0 0 43
K 0 0 59
K 0 -21 59
A D 12 48
J R 7 997 28 2 1729 576 0
K 0 0 48
A D 12 48
J N 7 1032 56 4 3457 576 0
K 0 0 43
K 0 0 59
K 0 -21 59
A D 12 48
J N 7 1067 56 5 5185 576 1 203
K 0 0 43
K 0 35 110
K 0 0 59
K 0 -21 59
A D 12 48
J B 337 1106 1 82 6913 576 0
J N 7 1127 35 4 1 0 0
K 0 0 43
K 0 0 59
K 0 -21 59
A D 12 48
J N 7 1162 56 4 1729 576 0
K 0 0 43
K 0 0 59
K 0 -21 59
A D 12 48
J N 7 1197 21 4 3457 576 0
K 0 0 43
K 0 0 60
K 0 21 60
A D 12 48
J N 6 1232 28 3 5185 576 1 204
K 0 0 43
K 24 -6 44
A D 9 48
J N 5 1270 35 2 6481 432 2 204 203
K 0 0 43
A D 3 48
H 204 B 45 3 108 2 2 53
H 203 S 0 6 -56 6 -39 0 0 0 0
J B 338 1298 1 82 6913 144 0
J N 8 1319 7 5 1 0 0
K 0 0 42
K 25 0 44
K 0 0 60
K 0 21 60
A D 36 48
J R 7 1395 28 2 5185 1728 0
K 0 0 48
A D 12 48
J B 339 1434 1 82 6913 576 0
J R 9 1511 28 2 1 0 0
K 0 0 46
A D 48 48
J B 340 1616 1 82 6913 2304 0
J R 9 1674 28 2 1 0 0
K 0 0 46
A D 48 48
J B 341 1760 1 82 6913 2304 0
J R 9 1891 28 2 1 0 0
K 0 0 46
A D 48 48
J B 342 2050 1 82 6913 2304 0
E *
L 960 0 0 300 300 * 0 14 0
J D 0 -88 42 2 6913 0 0
W 0 -21 31 Cor.
W 0 21 31 (C)
J C 4 5 42 2 6913 0 0
K 0 0 33
K 0 0 34
J K 0 57 0 0 6913 0 0
J D 0 25 -14 1 6913 0 0
W 0 0 0 \03\03\03
J N 8 109 21 12 1 0 0
K 1 49 45
K 0 0 42
K 25 0 44
K 0 49 42
K -1 49 45
K 2 49 45
K 24 43 44
K 0 49 59
K 0 21 59
K 0 0 59
K 0 -14 59
A D 36 48
J N 7 347 21 11 5185 1728 0
K 1 49 45
K 0 0 43
K 0 49 43
K -1 49 45
K 2 49 45
K 0 66 96
K 0 49 59
K 0 21 59
K 0 0 59
K 0 -14 59
A D 12 48
J B 334 386 1 82 6913 576 0
J N 8 411 21 12 1 0 0
K 1 49 45
K 0 0 42
K 25 0 44
K 0 49 42
K -1 49 45
K 2 49 45
K 24 43 44
K 0 49 59
K 0 21 59
K 0 0 59
K 0 -14 59
A D 36 48
J N 7 681 21 11 5185 1728 0
K 1 49 45
K 0 0 43
K 0 49 43
K -1 49 45
K 2 49 45
K 0 66 96
K 0 49 59
K 0 21 59
K 0 0 59
K 0 -14 59
A D 12 48
J B 335 720 1 82 6913 576 0
J N 7 741 42 11 1 0 0
K 1 28 45
K 1 42 45
K 0 0 43
K 0 49 43
K 0 42 45
K 1 42 45
K 0 49 59
K 0 21 59
K 0 0 59
K 0 -21 59
A D 12 48
J R 7 776 28 2 1729 576 0
K 0 0 48
A D 12 48
J N 7 867 21 7 3457 576 0
K 0 -14 43
K 0 0 43
K 0 75 108
K 0 -14 60
K 0 0 60
K 0 21 60
A D 12 48
J R 7 902 28 2 5185 576 0
K 0 0 48
A D 12 48
J B 336 941 1 82 6913 576 0
J N 7 962 14 6 1 0 0
K 0 -14 43
K 0 0 43
K 0 -14 60
K 0 0 60
K 0 21 60
A D 12 48
J R 7 997 28 2 1729 576 0
K 0 0 48
A D 12 48
J N 7 1032 42 6 3457 576 0
K 0 -28 43
K 0 0 43
K 0 -28 60
K 0 0 60
K 0 14 60
A D 12 48
J R 7 1067 28 2 5185 576 0
K 0 0 48
A D 12 48
J B 337 1106 1 82 6913 576 0
J R 9 1188 28 2 1 0 0
K 0 0 46
A D 48 48
J B 338 1298 1 82 6913 2304 0
J R 8 1319 28 2 1 0 0
K 0 0 47
A D 24 48
J D 0 1321 0 1 3457 1152 0
W 0 -14 31 zu 2
J R 7 1363 28 2 3457 0 0
K 0 0 48
A D 12 48
J D 0 1388 0 1 5185 576 0
W 0 99 1 p!33| dolce
J N 7 1395 56 4 5185 0 1 203
K 0 0 43
K 0 0 59
K 0 -21 59
A D 12 48
J B 339 1434 1 82 6913 576 0
J N 7 1455 21 4 1 0 0
K 0 0 43
K 0 0 60
K 0 21 60
A D 12 48
J N 7 1487 42 4 1729 576 0
K 0 0 43
K 0 0 59
K 0 -21 59
A D 12 48
J N 7 1519 7 4 3457 576 0
K 0 0 43
K 0 0 60
K 0 21 60
A D 12 48
J N 6 1551 14 3 5185 576 1 204
K 0 0 43
K 24 -6 44
A D 9 48
J N 5 1588 21 2 6481 432 2 204 203
K 0 0 43
A D 3 48
H 204 B -44 3 108 2 2 53
H 203 S 0 14 -35 0 0 3 0 0 0
J B 340 1616 1 82 6913 144 0
J N 8 1637 -7 7 1 0 0
K 0 0 42
K 25 0 44
K 0 0 42
K 25 0 44
K 0 0 60
K 0 21 60
A D 36 48
J D 0 1721 0 1 5185 1728 0
W 0 110 33 cresc. poco a poco
J N 7 1721 42 7 5185 0 2 205 206
K 0 -49 43
K 0 0 43
K 0 -49 60
K 0 -21 60
K 0 0 60
K 0 14 60
A D 12 48
J B 341 1760 1 82 6913 576 0
J N 7 1781 42 6 1 0 2 205 206
K 0 -28 43
K 0 0 43
K 0 -28 60
K 0 0 60
K 0 14 60
A D 12 48
H 205 T 42 0 0 0 0 0 15 0
H 206 S 0 0 -49 0 -28 0 0 0 0
J N 7 1855 42 6 1729 576 0
K 0 -28 43
K 0 0 43
K 0 -28 60
K 0 0 60
K 0 14 60
A D 12 48
J R 7 1909 28 2 3457 576 0
K 0 0 48
A D 12 48
J N 7 1983 42 6 5185 576 0
K 0 -28 43
K 0 0 43
K 0 -28 60
K 0 0 60
K 0 14 60
A D 12 48
J B 342 2050 1 82 6913 576 0
E *
L 1135 0 0 300 300 * 0 14 0
J D 0 -74 42 2 6913 0 0
W 0 -21 31 Tr.
W 0 21 31 (C)
J C 4 5 42 2 6913 0 0
K 0 0 33
K 0 0 34
J K 0 57 0 0 6913 0 0
J D 0 25 -14 1 6913 0 0
W 0 0 0 \03\03\03
J N 8 109 21 12 1 0 0
K 1 49 45
K 0 0 42
K 25 0 44
K 0 49 42
K -1 49 45
K 2 49 45
K 24 43 44
K 0 49 59
K 0 21 59
K 0 0 59
K 0 -14 59
A D 36 48
J N 7 347 21 11 5185 1728 0
K 1 49 45
K 0 0 43
K 0 49 43
K -1 49 45
K 2 49 45
K 0 66 96
K 0 49 59
K 0 21 59
K 0 0 59
K 0 -14 59
A D 12 48
J B 334 386 1 82 6913 576 0
J N 8 411 21 12 1 0 0
K 1 49 45
K 0 0 42
K 25 0 44
K 0 49 42
K -1 49 45
K 2 49 45
K 24 43 44
K 0 49 59
K 0 21 59
K 0 0 59
K 0 -14 59
A D 36 48
J N 7 681 21 11 5185 1728 0
K 1 49 45
K 0 0 43
K 0 49 43
K -1 49 45
K 2 49 45
K 0 66 96
K 0 49 59
K 0 21 59
K 0 0 59
K 0 -14 59
A D 12 48
J B 335 720 1 82 6913 576 0
J N 7 741 42 11 1 0 0
K 1 28 45
K 1 42 45
K 0 0 43
K 0 49 43
K 0 42 45
K 1 42 45
K 0 49 59
K 0 21 59
K 0 0 59
K 0 -21 59
A D 12 48
J R 7 776 28 2 1729 576 0
K 0 0 48
A D 12 48
J N 7 867 70 8 3457 576 0
K 1 0 45
K 0 0 43
K -1 0 45
K 2 0 45
K 0 35 108
K 0 0 59
K 0 -21 59
A D 12 48
J N 7 867 70 7 3457 0 0
K 0 0 45
K 0 0 43
K -1 0 45
K 2 0 45
K 0 0 60
K 0 7 60
A D 12 48
J R 7 902 28 2 5185 576 0
K 0 0 48
A D 12 48
J B 336 941 1 82 6913 576 0
J N 7 962 70 7 1 0 0
K 1 0 45
K 0 0 43
K -1 0 45
K 2 0 45
K 0 0 59
K 0 -21 59
A D 12 48
J N 7 962 70 7 1 0 0
K 0 0 45
K 0 0 43
K -1 0 45
K 2 0 45
K 0 0 60
K 0 7 60
A D 12 48
J R 7 997 28 2 1729 576 0
K 0 0 48
A D 12 48
J N 7 1032 42 11 3457 576 0
K 1 28 45
K 1 42 45
K 0 0 43
K 0 49 43
K 0 42 45
K 1 42 45
K 0 49 59
K 0 21 59
K 0 0 59
K 0 -21 59
A D 12 48
J R 7 1067 28 2 5185 576 0
K 0 0 48
A D 12 48
J B 337 1106 1 82 6913 576 0
J R 9 1188 28 2 1 0 0
K 0 0 46
A D 48 48
J B 338 1298 1 82 6913 2304 0
J R 9 1352 28 2 1 0 0
K 0 0 46
A D 48 48
J B 339 1434 1 82 6913 2304 0
J R 9 1511 28 2 1 0 0
K 0 0 46
A D 48 48
J B 340 1616 1 82 6913 2304 0
J R 9 1674 28 2 1 0 0
K 0 0 46
A D 48 48
J B 341 1760 1 82 6913 2304 0
J R 9 1891 28 2 1 0 0
K 0 0 46
A D 48 48
J B 342 2050 1 82 6913 2304 0
E *
L 1320 0 0 300 300 * 0 14 0
J D 0 -127 42 2 6913 0 0
W 0 -21 31 Tbni.
W 0 21 31 A & T
J C 12 5 14 35 6913 0 0
J K 0 57 0 0 6913 0 0
J D 0 25 -14 1 6913 0 0
W 0 0 0 \03\03\03
J N 7 109 28 6 1 0 0
K 0 -21 43
K 0 0 43
K 0 -21 60
K 0 0 60
K 0 21 60
A D 2 8
J R 7 209 28 2 1729 576 0
K 0 0 48
A D 2 8
J R 8 312 28 2 3457 576 0
K 0 0 47
A D 4 8
J B 334 386 1 82 6913 1152 0
J N 7 411 14 6 1 0 0
K 0 -21 43
K 0 0 43
K 0 -21 60
K 0 0 60
K 0 21 60
A D 2 8
J R 7 530 28 2 1729 576 0
K 0 0 48
A D 2 8
J R 7 641 28 2 3457 576 0
K 0 0 48
A D 2 8
J N 7 681 14 8 5185 576 0
K -18 -21 63
K 0 -21 43
K 0 0 43
K 0 -38 96
K 0 -21 60
K 0 0 60
K 0 21 60
A D 2 8
J B 335 720 1 82 6913 576 0
J N 7 741 7 9 1 0 0
K 0 -21 45
K 0 -21 43
K -1 -21 45
K 2 -21 45
K 0 0 43
K 0 -21 60
K 0 0 60
K 0 21 60
A D 2 8
J R 7 776 28 2 1729 576 0
K 0 0 48
A D 2 8
J R 8 867 28 2 3457 576 0
K 0 0 47
A D 4 8
J B 336 941 1 82 6913 1152 0
J R 9 1009 28 2 1 0 0
K 0 0 46
A D 8 8
J B 337 1106 1 82 6913 2304 0
J R 9 1188 28 2 1 0 0
K 0 0 46
A D 8 8
J B 338 1298 1 82 6913 2304 0
J R 9 1352 28 2 1 0 0
K 0 0 46
A D 8 8
J B 339 1434 1 82 6913 2304 0
J R 9 1511 28 2 1 0 0
K 0 0 46
A D 8 8
J B 340 1616 1 82 6913 2304 0
J R 9 1674 28 2 1 0 0
K 0 0 46
A D 8 8
J B 341 1760 1 82 6913 2304 0
J R 9 1891 28 2 1 0 0
K 0 0 46
A D 8 8
J B 342 2050 1 82 6913 2304 0
E *
L 1465 0 0 300 300 * 0 14 0
J D 0 -116 42 2 6913 0 0
W 0 -21 31 Tbn.
W 0 21 31 Basso
J C 22 5 14 36 6913 0 0
J K 0 57 0 0 6913 0 0
J D 0 25 -14 1 6913 0 0
W 0 0 0 \03\03\03
J N 7 109 14 5 1 0 0
K -18 0 63
K 0 0 43
K 0 0 60
K 0 21 60
A D 2 8
J R 7 209 28 2 1729 576 0
K 0 0 48
A D 2 8
J R 8 312 28 2 3457 576 0
K 0 0 47
A D 4 8
J B 334 386 1 82 6913 1152 0
J N 7 411 0 5 1 0 0
K -15 0 65
K 0 0 43
K 0 0 60
K 0 21 60
A D 2 8
J R 7 530 28 2 1729 576 0
K 0 0 48
A D 2 8
J R 7 641 28 2 3457 576 0
K 0 0 48
A D 2 8
J N 7 681 0 6 5185 576 0
K -14 0 64
K 0 0 43
K 0 -17 96
K 0 0 60
K 0 21 60
A D 2 8
J B 335 720 1 82 6913 576 0
J N 7 741 -7 4 1 0 0
K 0 0 43
K 0 0 60
K 0 21 60
A D 2 8
J R 7 776 28 2 1729 576 0
K 0 0 48
A D 2 8
J R 8 867 28 2 3457 576 0
K 0 0 47
A D 4 8
J B 336 941 1 82 6913 1152 0
J R 9 1009 28 2 1 0 0
K 0 0 46
A D 8 8
J B 337 1106 1 82 6913 2304 0
J R 9 1188 28 2 1 0 0
K 0 0 46
A D 8 8
J B 338 1298 1 82 6913 2304 0
J R 9 1352 28 2 1 0 0
K 0 0 46
A D 8 8
J B 339 1434 1 82 6913 2304 0
J R 9 1511 28 2 1 0 0
K 0 0 46
A D 8 8
J B 340 1616 1 82 6913 2304 0
J R 9 1674 28 2 1 0 0
K 0 0 46
A D 8 8
J B 341 1760 1 82 6913 2304 0
J R 9 1891 28 2 1 0 0
K 0 0 46
A D 8 8
J B 342 2050 1 82 6913 2304 0
E *
L 1605 0 0 300 300 * 0 14 0
J D 0 -109 42 1 6913 0 0
W 0 0 31 Timp.
J C 22 5 14 36 6913 0 0
J K 0 57 0 0 6913 0 0
J D 0 25 -14 1 6913 0 0
W 0 0 0 \03\03\03
J N 7 109 35 4 1 0 0
K 0 0 43
K 0 0 59
K 0 -21 59
A D 24 96
J R 7 209 28 2 1729 576 0
K 0 0 48
A D 24 96
J R 7 312 28 2 3457 576 0
K 0 0 48
A D 24 96
J N 7 347 35 5 5185 576 0
K 0 0 43
K 0 14 96
K 0 0 59
K 0 -21 59
A D 24 96
J B 334 386 1 82 6913 576 0
J N 7 411 35 4 1 0 0
K 0 0 43
K 0 0 59
K 0 -21 59
A D 24 96
J R 7 530 28 2 1729 576 0
K 0 0 48
A D 24 96
J R 7 641 28 2 3457 576 0
K 0 0 48
A D 24 96
J N 7 681 35 5 5185 576 0
K 0 0 43
K 0 14 96
K 0 0 59
K 0 -21 59
A D 24 96
J B 335 720 1 82 6913 576 0
J N 7 741 56 4 1 0 0
K 0 0 43
K 0 0 59
K 0 -21 59
A D 24 96
J R 7 776 28 2 1729 576 0
K 0 0 48
A D 24 96
J N 7 867 35 5 3457 576 0
K 0 0 43
K 0 49 108
K 0 0 59
K 0 -21 59
A D 24 96
J R 7 902 28 2 5185 576 0
K 0 0 48
A D 24 96
J B 336 941 1 82 6913 576 0
J N 7 962 35 4 1 0 0
K 0 0 43
K 0 0 59
K 0 -21 59
A D 24 96
J R 7 997 28 2 1729 576 0
K 0 0 48
A D 24 96
J N 7 1032 56 4 3457 576 0
K 0 0 43
K 0 0 59
K 0 -21 59
A D 24 96
J R 7 1067 28 2 5185 576 0
K 0 0 48
A D 24 96
J B 337 1106 1 82 6913 576 0
J R 9 1188 28 2 1 0 0
K 0 0 46
A D 96 96
J B 338 1298 1 82 6913 2304 0
J R 9 1352 28 2 1 0 0
K 0 0 46
A D 96 96
J B 339 1434 1 82 6913 2304 0
J R 9 1511 28 2 1 0 0
K 0 0 46
A D 96 96
J B 340 1616 1 82 6913 2304 0
J R 9 1674 28 2 1 0 0
K 0 0 46
A D 96 96
J B 341 1760 1 82 6913 2304 0
J R 9 1891 28 2 1 0 0
K 0 0 46
A D 96 96
J B 342 2050 1 82 6913 2304 0
E *
L 1770 0 0 300 300 * 0 14 0
J D 0 -111 42 1 6913 0 0
W 0 0 31 Vln1
J C 4 5 42 2 6913 0 0
K 0 0 33
K 0 0 34
J K 0 57 0 0 6913 0 0
J D 0 25 -14 1 6913 0 0
W 0 0 0 \03\03\03
J N 8 109 14 5 1 0 0
K 0 0 42
K 24 -6 44
K 0 0 60
K 0 21 60
A D 36 48
J N 7 347 7 6 5185 1728 0
K -14 0 64
K 0 0 43
K 0 -17 96
K 0 0 60
K 0 21 60
A D 12 48
J B 334 386 1 82 6913 576 0
J N 8 411 0 5 1 0 0
K 0 0 42
K 24 -6 44
K 0 0 60
K 0 21 60
A D 36 48
J N 7 681 0 6 5185 1728 0
K -18 0 63
K 0 0 43
K 0 -17 96
K 0 0 60
K 0 21 60
A D 12 48
J B 335 720 1 82 6913 576 0
J N 7 741 -7 4 1 0 0
K 0 0 43
K 0 0 60
K 0 21 60
A D 12 48
J R 7 776 28 2 1729 576 0
K 0 0 48
A D 12 48
J N 7 867 7 5 3457 576 0
K 0 0 43
K 0 84 108
K 0 0 60
K 0 21 60
A D 12 48
J R 7 902 28 2 5185 576 0
K 0 0 48
A D 12 48
J B 336 941 1 82 6913 576 0
J N 7 962 0 4 1 0 0
K 0 0 43
K 0 0 60
K 0 21 60
A D 12 48
J R 7 997 28 2 1729 576 0
K 0 0 48
A D 12 48
J N 7 1032 14 4 3457 576 0
K 0 0 43
K 0 0 60
K 0 21 60
A D 12 48
J N 7 1067 91 10 5185 576 1 423
K 1 -21 45
K 1 -7 45
K 0 0 43
K 0 -7 45
K 1 -7 45
K 0 42 110
K 0 0 59
K 0 -28 59
K 0 -35 59
A D 12 48
J B 337 1106 1 82 6913 576 0
J N 7 1127 70 7 1 0 0
K 1 0 45
K 0 0 43
K -1 0 45
K 2 0 45
K 0 0 59
K 0 -21 59
A D 12 48
J N 7 1162 91 9 1729 576 0
K 1 -21 45
K 1 -7 45
K 0 0 43
K 0 -7 45
K 1 -7 45
K 0 0 59
K 0 -28 59
K 0 -35 59
A D 12 48
J N 7 1197 56 4 3457 576 0
K 0 0 43
K 0 0 59
K 0 -21 59
A D 12 48
J N 6 1232 63 3 5185 576 1 424
K 0 0 43
K 25 0 44
A D 9 48
J N 5 1270 70 5 6481 432 2 424 423
K 1 0 45
K 0 0 43
K -1 0 45
K 2 0 45
A D 3 48
H 424 B 40 2 108 2 2 53
H 423 S 12 0 0 0 0 0 0 0 0
J B 338 1298 1 82 6913 144 0
J N 8 1319 42 5 1 0 0
K 0 0 42
K 24 -6 44
K 0 0 59
K 0 -21 59
A D 36 48
J R 7 1395 28 2 5185 1728 0
K 0 0 48
A D 12 48
J B 339 1434 1 82 6913 576 0
J R 9 1511 28 2 1 0 0
K 0 0 46
A D 48 48
J B 340 1616 1 82 6913 2304 0
J R 8 1637 28 2 1 0 0
K 0 0 47
A D 24 48
J R 7 1686 28 2 3457 1152 0
K 0 0 48
A D 12 48
J D 0 1721 0 1 5185 576 0
W 0 87 1 p!33| cresc. poco a poco
J N 7 1721 -7 4 5185 0 1 425
K 0 0 43
K 0 0 60
K 0 21 60
A D 12 48
J B 341 1760 1 82 6913 576 0
J N 7 1781 -21 7 1 0 0
K 0 7 45
K 0 0 43
K 0 7 45
K 1 7 45
K 0 0 60
K 0 21 60
A D 12 48
J N 7 1855 -7 4 1729 576 0
K 0 0 43
K 0 0 60
K 0 21 60
A D 12 48
J N 7 1909 -35 9 3457 576 0
K 0 21 45
K 0 7 45
K 0 0 43
K 0 7 45
K 1 7 45
K 0 0 60
K 0 28 60
K 0 35 60
A D 12 48
J N 6 1983 -28 7 5185 576 1 426
K 0 14 45
K 0 0 45
K 0 0 43
K -1 0 45
K 2 0 45
K 24 -6 44
A D 9 48
J N 5 2022 -21 5 6481 432 2 426 425
K 0 7 45
K 0 0 43
K 0 7 45
K 1 7 45
A D 3 48
H 426 B -56 3 108 2 2 53
H 425 S 0 0 0 0 -7 1 0 0 0
J B 342 2050 1 82 6913 144 0
E *
L 1930 0 0 300 300 * 0 14 0
J D 0 -111 42 1 6913 0 0
W 0 0 31 Vln2
J C 4 5 42 2 6913 0 0
K 0 0 33
K 0 0 34
J K 0 57 0 0 6913 0 0
J D 0 25 -14 1 6913 0 0
W 0 0 0 \03\03\03
J N 8 109 35 5 1 0 0
K 0 0 42
K 25 0 44
K 0 0 59
K 0 -21 59
A D 36 48
J N 7 347 42 5 5185 1728 0
K 0 0 43
K 0 21 96
K 0 0 59
K 0 -21 59
A D 12 48
J B 334 386 1 82 6913 576 0
J N 8 411 49 5 1 0 0
K 0 0 42
K 25 0 44
K 0 0 59
K 0 -21 59
A D 36 48
J N 7 681 21 5 5185 1728 0
K 0 0 43
K 0 -14 96
K 0 0 60
K 0 21 60
A D 12 48
J B 335 720 1 82 6913 576 0
J N 7 741 14 13 1 0 0
K 1 56 45
K 1 70 45
K 0 0 43
K 0 35 43
K 0 77 43
K 0 70 45
K 1 70 45
K 0 77 59
K 0 49 59
K 0 21 59
K 0 0 59
K 0 -14 59
A D 12 48
J R 7 776 28 2 1729 576 0
K 0 0 48
A D 12 48
J N 7 867 21 5 3457 576 0
K 0 0 43
K 0 77 108
K 0 0 60
K 0 21 60
A D 12 48
J R 7 902 28 2 5185 576 0
K 0 0 48
A D 12 48
J B 336 941 1 82 6913 576 0
J N 7 962 14 4 1 0 0
K 0 0 43
K 0 0 60
K 0 21 60
A D 12 48
J R 7 997 28 2 1729 576 0
K 0 0 48
A D 12 48
J N 7 1032 49 4 3457 576 0
K 0 0 43
K 0 0 59
K 0 -21 59
A D 12 48
J N 7 1067 91 10 5185 576 1 336
K 1 -21 45
K 1 -7 45
K 0 0 43
K 0 -7 45
K 1 -7 45
K 0 42 110
K 0 0 59
K 0 -28 59
K 0 -35 59
A D 12 48
J B 337 1106 1 82 6913 576 0
J N 7 1127 70 7 1 0 0
K 1 0 45
K 0 0 43
K -1 0 45
K 2 0 45
K 0 0 59
K 0 -21 59
A D 12 48
J N 7 1162 91 9 1729 576 0
K 1 -21 45
K 1 -7 45
K 0 0 43
K 0 -7 45
K 1 -7 45
K 0 0 59
K 0 -28 59
K 0 -35 59
A D 12 48
J N 7 1197 56 4 3457 576 0
K 0 0 43
K 0 0 59
K 0 -21 59
A D 12 48
J N 6 1232 63 3 5185 576 1 337
K 0 0 43
K 25 0 44
A D 9 48
J N 5 1270 70 5 6481 432 2 337 336
K 1 0 45
K 0 0 43
K -1 0 45
K 2 0 45
A D 3 48
H 337 B 40 2 108 2 2 53
H 336 S 12 0 0 0 0 0 0 0 0
J B 338 1298 1 82 6913 144 0
J N 8 1319 42 5 1 0 0
K 0 0 42
K 24 -6 44
K 0 0 59
K 0 -21 59
A D 36 48
J R 7 1395 28 2 5185 1728 0
K 0 0 48
A D 12 48
J B 339 1434 1 82 6913 576 0
J R 9 1511 28 2 1 0 0
K 0 0 46
A D 48 48
J B 340 1616 1 82 6913 2304 0
J R 8 1637 28 2 1 0 0
K 0 0 47
A D 24 48
J R 7 1686 28 2 3457 1152 0
K 0 0 48
A D 12 48
J D 0 1721 0 1 5185 576 0
W 0 98 1 p!33| cresc. poco a poco
J N 7 1721 42 4 5185 0 1 338
K 0 0 43
K 0 0 59
K 0 -21 59
A D 12 48
J B 341 1760 1 82 6913 576 0
J N 7 1781 28 4 1 0 0
K 0 0 43
K 0 0 60
K 0 21 60
A D 12 48
J N 7 1855 42 4 1729 576 0
K 0 0 43
K 0 0 59
K 0 -21 59
A D 12 48
J N 7 1909 14 4 3457 576 0
K 0 0 43
K 0 0 60
K 0 21 60
A D 12 48
J N 6 1983 21 3 5185 576 1 339
K 0 0 43
K 25 0 44
A D 9 48
J N 5 2022 28 2 6481 432 2 339 338
K 0 0 43
A D 3 48
H 339 B -49 3 108 2 2 53
H 338 S 0 14 -21 0 0 3 0 0 0
J B 342 2050 1 82 6913 144 0
E *
L 2095 0 0 300 300 * 0 14 0
J D 0 -94 42 1 6913 0 0
W 0 0 31 Vla
J C 13 5 28 35 6913 0 0
J K 0 57 0 0 6913 0 0
J D 0 25 -14 1 6913 0 0
W 0 0 0 \03\03\03
J N 8 109 42 5 1 0 0
K 0 0 42
K 24 -6 44
K 0 0 59
K 0 -21 59
A D 36 48
J N 7 347 49 5 5185 1728 0
K 0 0 43
K 0 17 96
K 0 0 59
K 0 -21 59
A D 12 48
J B 334 386 1 82 6913 576 0
J N 8 411 56 5 1 0 0
K 0 0 42
K 24 -6 44
K 0 0 59
K 0 -21 59
A D 36 48
J N 7 681 42 6 5185 1728 0
K -14 0 64
K 0 0 43
K 0 21 96
K 0 0 59
K 0 -21 59
A D 12 48
J B 335 720 1 82 6913 576 0
J N 7 741 35 4 1 0 0
K 0 0 43
K 0 0 59
K 0 -21 59
A D 12 48
J R 7 776 28 2 1729 576 0
K 0 0 48
A D 12 48
J N 7 867 28 5 3457 576 0
K 0 0 43
K 4 77 108
K 0 0 60
K 0 21 60
A D 12 48
J R 7 902 28 2 5185 576 0
K 0 0 48
A D 12 48
J B 336 941 1 82 6913 576 0
J N 7 962 42 4 1 0 0
K 0 0 43
K 0 0 59
K 0 -21 59
A D 12 48
J R 7 997 28 2 1729 576 0
K 0 0 48
A D 12 48
J N 7 1032 35 4 3457 576 0
K 0 0 43
K 0 0 59
K 0 -21 59
A D 12 48
J N 7 1067 49 5 5185 576 1 324
K 0 0 43
K 0 35 110
K 0 0 59
K 0 -21 59
A D 12 48
J B 337 1106 1 82 6913 576 0
J N 7 1127 28 4 1 0 0
K 0 0 43
K 0 0 60
K 0 21 60
A D 12 48
J N 7 1162 49 4 1729 576 0
K 0 0 43
K 0 0 59
K 0 -21 59
A D 12 48
J N 7 1197 14 4 3457 576 0
K 0 0 43
K 0 0 60
K 0 21 60
A D 12 48
J N 6 1232 21 3 5185 576 1 325
K 0 0 43
K 25 0 44
A D 9 48
J N 5 1270 28 2 6481 432 2 325 324
K 0 0 43
A D 3 48
H 325 B -49 3 108 2 2 53
H 324 S 0 14 -21 0 0 3 0 0 0
J B 338 1298 1 82 6913 144 0
J N 8 1319 0 5 1 0 0
K 0 0 42
K 24 -6 44
K 0 0 60
K 0 21 60
A D 36 48
J R 7 1395 28 2 5185 1728 0
K 0 0 48
A D 12 48
J B 339 1434 1 82 6913 576 0
J R 9 1511 28 2 1 0 0
K 0 0 46
A D 48 48
J B 340 1616 1 82 6913 2304 0
J R 9 1674 28 2 1 0 0
K 0 0 46
A D 48 48
J B 341 1760 1 82 6913 2304 0
J D 0 1781 0 1 1 0 0
W 0 105 1 p!33| cresc. poco a poco
J N 6 1781 21 2 1 0 2 326 327
K 0 0 43
A D 6 48
J N 6 1808 35 2 865 288 1 327
K 0 0 43
A D 6 48
J N 6 1855 21 2 1729 288 1 327
K 0 0 43
A D 6 48
J N 6 1882 35 2 2593 288 1 327
K 0 0 43
A D 6 48
H 327 B -56 1 108 4 2 1 1 3
J N 6 1909 21 2 3457 288 1 328
K 0 0 43
A D 6 48
J N 6 1936 35 2 4321 288 1 328
K 0 0 43
A D 6 48
J N 6 1983 21 2 5185 288 1 328
K 0 0 43
A D 6 48
J N 6 2010 35 2 6049 288 2 328 326
K 0 0 43
A D 6 48
H 328 B -56 1 108 4 2 1 1 3
H 326 S 0 0 0 0 -7 0 0 0 0
J B 342 2050 1 82 6913 288 0
E *
L 2260 0 0 300 300 * 0 14 0
J D 0 -91 42 1 6913 0 0
W 0 0 31 Vc.
J C 22 5 14 36 6913 0 0
J K 0 57 0 0 6913 0 0
J D 0 25 -14 1 6913 0 0
W 0 0 0 \03\03\03
J N 8 109 63 6 1 0 0
K -18 0 63
K 0 0 42
K 25 0 44
K 0 0 59
K 0 -21 59
A D 36 48
J N 7 347 56 5 5185 1728 0
K 0 0 43
K 0 17 96
K 0 0 59
K 0 -21 59
A D 12 48
J B 334 386 1 82 6913 576 0
J N 8 411 49 6 1 0 0
K -15 0 65
K 0 0 42
K 25 0 44
K 0 0 59
K 0 -21 59
A D 36 48
J N 7 681 49 6 5185 1728 0
K -14 0 64
K 0 0 43
K 0 17 96
K 0 0 59
K 0 -21 59
A D 12 48
J B 335 720 1 82 6913 576 0
J N 7 741 42 4 1 0 0
K 0 0 43
K 0 0 59
K 0 -21 59
A D 12 48
J R 7 776 28 2 1729 576 0
K 0 0 48
A D 12 48
J N 7 867 35 5 3457 576 0
K 0 0 43
K 0 49 108
K 0 0 59
K 0 -21 59
A D 12 48
J R 7 902 28 2 5185 576 0
K 0 0 48
A D 12 48
J B 336 941 1 82 6913 576 0
J N 7 962 63 4 1 0 0
K 0 0 43
K 0 0 59
K 0 -21 59
A D 12 48
J R 7 997 28 2 1729 576 0
K 0 0 48
A D 12 48
J N 7 1032 56 4 3457 576 0
K 0 0 43
K 0 0 59
K 0 -21 59
A D 12 48
J N 7 1067 56 5 5185 576 1 309
K 0 0 43
K 0 35 110
K 0 0 59
K 0 -21 59
A D 12 48
J B 337 1106 1 82 6913 576 0
J N 7 1127 35 4 1 0 0
K 0 0 43
K 0 0 59
K 0 -21 59
A D 12 48
J N 7 1162 56 4 1729 576 0
K 0 0 43
K 0 0 59
K 0 -21 59
A D 12 48
J N 7 1197 21 4 3457 576 0
K 0 0 43
K 0 0 60
K 0 21 60
A D 12 48
J N 6 1232 28 3 5185 576 1 310
K 0 0 43
K 24 -6 44
A D 9 48
J N 5 1270 35 2 6481 432 2 310 309
K 0 0 43
A D 3 48
H 310 B -49 3 108 2 2 53
H 309 S 0 14 -63 0 0 0 0 0 0
J B 338 1298 1 82 6913 144 0
J N 8 1319 7 5 1 0 0
K 0 0 42
K 25 0 44
K 0 0 60
K 0 21 60
A D 36 48
J R 7 1395 28 2 5185 1728 0
K 0 0 48
A D 12 48
J B 339 1434 1 82 6913 576 0
J R 9 1511 28 2 1 0 0
K 0 0 46
A D 48 48
J B 340 1616 1 82 6913 2304 0
J R 9 1674 28 2 1 0 0
K 0 0 46
A D 48 48
J B 341 1760 1 82 6913 2304 0
J D 0 1781 0 1 1 0 0
W 0 91 1 p!33| cresc. poco a poco
J N 6 1781 14 2 1 0 2 311 312
K 0 0 43
A D 6 48
J N 6 1808 7 2 865 288 1 312
K 0 0 43
A D 6 48
J N 6 1855 14 2 1729 288 1 312
K 0 0 43
A D 6 48
J N 6 1882 7 2 2593 288 1 312
K 0 0 43
A D 6 48
H 312 B -46 0 108 4 2 1 1 3
J N 6 1909 14 2 3457 288 1 313
K 0 0 43
A D 6 48
J N 6 1936 7 2 4321 288 1 313
K 0 0 43
A D 6 48
J N 6 1983 14 2 5185 288 1 313
K 0 0 43
A D 6 48
J N 6 2010 7 2 6049 288 2 313 311
K 0 0 43
A D 6 48
H 313 B -46 0 108 4 2 1 1 3
H 311 S 0 0 0 0 0 0 0 0 0
J B 342 2050 1 82 6913 288 0
E *
L 2405 0 0 300 300 * 0 14 0
J D 0 -91 42 1 6913 0 0
W 0 0 31 Cb.
J C 22 5 14 36 6913 0 0
J K 0 57 0 0 6913 0 0
J D 0 25 -14 1 6913 0 0
W 0 0 0 \03\03\03
J N 8 109 63 6 1 0 0
K -18 0 63
K 0 0 42
K 25 0 44
K 0 0 59
K 0 -21 59
A D 36 48
J N 7 347 56 5 5185 1728 0
K 0 0 43
K 0 17 96
K 0 0 59
K 0 -21 59
A D 12 48
J B 334 386 1 82 6913 576 0
J N 8 411 49 6 1 0 0
K -15 0 65
K 0 0 42
K 25 0 44
K 0 0 59
K 0 -21 59
A D 36 48
J N 7 681 49 6 5185 1728 0
K -14 0 64
K 0 0 43
K 0 17 96
K 0 0 59
K 0 -21 59
A D 12 48
J B 335 720 1 82 6913 576 0
J N 7 741 42 4 1 0 0
K 0 0 43
K 0 0 59
K 0 -21 59
A D 12 48
J R 7 776 28 2 1729 576 0
K 0 0 48
A D 12 48
J N 7 867 35 5 3457 576 0
K 0 0 43
K 0 49 108
K 0 0 59
K 0 -21 59
A D 12 48
J R 7 902 28 2 5185 576 0
K 0 0 48
A D 12 48
J B 336 941 1 82 6913 576 0
J N 7 962 63 4 1 0 0
K 0 0 43
K 0 0 59
K 0 -21 59
A D 12 48
J R 7 997 28 2 1729 576 0
K 0 0 48
A D 12 48
J N 7 1032 56 4 3457 576 0
K 0 0 43
K 0 0 59
K 0 -21 59
A D 12 48
J N 7 1067 56 5 5185 576 1 226
K 0 0 43
K 0 35 110
K 0 0 59
K 0 -21 59
A D 12 48
J B 337 1106 1 82 6913 576 0
J N 7 1127 35 4 1 0 0
K 0 0 43
K 0 0 59
K 0 -21 59
A D 12 48
J N 7 1162 56 4 1729 576 0
K 0 0 43
K 0 0 59
K 0 -21 59
A D 12 48
J N 7 1197 21 4 3457 576 0
K 0 0 43
K 0 0 60
K 0 21 60
A D 12 48
J N 6 1232 28 3 5185 576 1 227
K 0 0 43
K 24 -6 44
A D 9 48
J N 5 1270 35 2 6481 432 2 227 226
K 0 0 43
A D 3 48
H 227 B -49 3 108 2 2 53
H 226 S 0 14 -63 0 0 0 0 0 0
J B 338 1298 1 82 6913 144 0
J N 8 1319 7 5 1 0 0
K 0 0 42
K 25 0 44
K 0 0 60
K 0 21 60
A D 36 48
J R 7 1395 28 2 5185 1728 0
K 0 0 48
A D 12 48
J B 339 1434 1 82 6913 576 0
J R 9 1511 28 2 1 0 0
K 0 0 46
A D 48 48
J B 340 1616 1 82 6913 2304 0
J R 9 1674 28 2 1 0 0
K 0 0 46
A D 48 48
J B 341 1760 1 82 6913 2304 0
J R 9 1891 28 2 1 0 0
K 0 0 46
A D 48 48
J B 342 2050 1 82 6913 2304 0
E *
B 1 386 0
B 1 720 0
B 1 941 0
B 1 1106 0
B 1 1298 0
B 1 1434 0
B 1 1616 0
B 1 1760 0
B 1 2050 0
