S 0 200 140 2050 446 4 "[....]"
L 0 0 0 339 339 * 0
J C 4 5 42 2 6913 0 0
K 0 0 33
K 0 0 34
J K -3 57 0 3 6913 0 0
K 0 28 65
K 13 7 65
K 26 35 65
J D 0 96 -14 1 6913 0 0
W 0 0 37 ´µ³
J N 7 139 -42 9 1 0 1 118
K 0 28 45
K 0 14 45
K 0 0 45
K 0 0 43
K -1 0 45
K 2 0 45
K 0 0 60
K 0 28 60
K 0 42 60
J N 7 180 -35 8 3457 576 0
K 0 21 45
K 0 7 45
K 0 0 43
K 0 7 45
K 1 7 45
K 0 0 60
K 0 28 60
K 0 35 60
J B 454 221 1 82 6913 576 0
J N 7 243 -28 7 1 0 0
K 0 14 45
K 0 0 45
K 0 0 43
K -1 0 45
K 2 0 45
K 0 0 60
K 0 28 60
J N 7 280 -21 6 3457 576 0
K 0 7 45
K 0 0 43
K 0 7 45
K 1 7 45
K 0 0 60
K 0 21 60
J B 455 321 1 82 6913 576 0
J N 7 342 -14 6 1 0 0
K 0 0 45
K 0 0 43
K -1 0 45
K 2 0 45
K 0 0 60
K 0 21 60
J N 7 379 -7 3 3457 576 1 118
K 0 0 43
K 0 0 60
K 0 21 60
H 118 S 0 0 0 0 0 0 0 0
J B 456 420 1 82 6913 576 0
J R 9 500 28 46 1 0 0
J B 457 608 1 82 6913 1 0
J N 7 629 -14 9 1 0 1 119
K 0 0 45
K 0 0 43
K -1 0 45
K 2 0 45
K 0 105 111
K 12 105 110
K 31 105 112
K 0 0 60
K 0 21 60
J N 7 666 -7 3 3457 576 1 119
K 0 0 43
K 0 0 60
K 0 21 60
H 119 S 0 0 0 0 0 0 0 0
J B 458 707 1 82 6913 576 0
J N 7 728 -63 11 1 0 1 120
K 0 49 45
K 0 35 45
K 0 21 45
K 0 7 45
K 0 0 43
K 0 7 45
K 1 7 45
K 0 0 60
K 0 28 60
K 0 56 60
K 0 63 60
J N 7 765 -56 10 3457 576 1 120
K 0 42 45
K 0 28 45
K 0 14 45
K 0 0 45
K 0 0 43
K -1 0 45
K 2 0 45
K 0 0 60
K 0 28 60
K 0 56 60
H 120 S 0 0 0 0 0 0 0 0
J B 459 806 1 82 6913 576 0
J R 7 827 28 48 1 0 0
J N 7 864 -56 10 3457 576 0
K 0 42 45
K 0 28 45
K 0 14 45
K 0 0 45
K 0 0 43
K -1 0 45
K 2 0 45
K 0 0 60
K 0 28 60
K 0 56 60
J B 460 905 1 82 6913 576 0
J R 7 926 28 48 1 0 0
J N 7 963 -56 10 3457 576 0
K 0 42 45
K 0 28 45
K 0 14 45
K 0 0 45
K 0 0 43
K -1 0 45
K 2 0 45
K 0 0 60
K 0 28 60
K 0 56 60
J B 461 1004 1 82 6913 576 0
J R 9 1084 28 46 1 0 0
J R 9 1272 28 46 1 0 0
J R 9 1460 28 46 1 0 0
J B 464 1568 1 82 6913 1 0
J N 7 1589 -14 6 1 0 1 121
K 0 0 45
K 0 0 43
K -1 0 45
K 2 0 45
K 0 0 60
K 0 21 60
J N 7 1626 -7 3 3457 576 1 121
K 0 0 43
K 0 0 60
K 0 21 60
H 121 S 0 0 0 0 0 0 0 0
J B 465 1667 1 82 6913 576 0
J R 9 1745 28 46 1 0 0
J B 466 1852 1 82 6913 1 0
J N 7 1873 -63 11 1 0 1 122
K 0 49 45
K 0 35 45
K 0 21 45
K 0 7 45
K 0 0 43
K 0 7 45
K 1 7 45
K 0 0 60
K 0 28 60
K 0 56 60
K 0 63 60
J N 7 1910 -56 10 3457 576 1 122
K 0 42 45
K 0 28 45
K 0 14 45
K 0 0 45
K 0 0 43
K -1 0 45
K 2 0 45
K 0 0 60
K 0 28 60
K 0 56 60
H 122 S 0 0 0 0 0 0 0 0
J B 467 1951 1 82 6913 576 0
J R 7 1972 28 48 1 0 0
J N 7 2009 -56 10 3457 576 0
K 0 42 45
K 0 28 45
K 0 14 45
K 0 0 45
K 0 0 43
K -1 0 45
K 2 0 45
K 0 0 60
K 0 28 60
K 0 56 60
J B 468 2050 1 82 6913 576 0
E *
L 130 0 0 339 339 * 0
J C 4 5 42 2 6913 0 0
K 0 0 33
K 0 0 34
J K -3 57 0 3 6913 0 0
K 0 28 65
K 13 7 65
K 26 35 65
J N 7 139 -28 7 1 0 1 93
K 0 14 45
K 0 0 45
K 0 0 43
K -1 0 45
K 2 0 45
K 0 0 60
K 0 28 60
J N 7 180 -21 7 3457 576 0
K 0 7 45
K -15 0 65
K 0 0 43
K 0 7 45
K 1 7 45
K 0 0 60
K 0 21 60
J B 454 221 1 82 6913 576 0
J N 7 243 -14 7 1 0 0
K 0 0 45
K -15 0 65
K 0 0 43
K -1 0 45
K 2 0 45
K 0 0 60
K 0 21 60
J N 7 280 -7 3 3457 576 0
K 0 0 43
K 0 0 60
K 0 21 60
J B 455 321 1 82 6913 576 0
J N 7 342 0 3 1 0 0
K 0 0 43
K 0 0 60
K 0 21 60
J N 7 379 7 3 3457 576 1 93
K 0 0 43
K 0 0 60
K 0 21 60
H 93 S 0 0 0 0 0 0 0 0
J B 456 420 1 82 6913 576 0
J R 9 500 28 46 1 0 0
J B 457 608 1 82 6913 1 0
J N 7 629 0 6 1 0 1 94
K 0 0 43
K 0 91 111
K 12 91 110
K 31 91 112
K 0 0 60
K 0 21 60
J N 7 666 7 3 3457 576 1 94
K 0 0 43
K 0 0 60
K 0 21 60
H 94 S 0 0 0 0 0 0 0 0
J B 458 707 1 82 6913 576 0
J N 7 728 -49 9 1 0 1 95
K 0 35 45
K 0 21 45
K 0 7 45
K 0 0 43
K 0 7 45
K 1 7 45
K 0 0 60
K 0 28 60
K 0 49 60
J N 7 765 -42 9 3457 576 1 95
K 0 28 45
K 0 14 45
K 0 0 45
K 0 0 43
K -1 0 45
K 2 0 45
K 0 0 60
K 0 28 60
K 0 42 60
H 95 S 0 0 0 0 0 0 0 0
J B 459 806 1 82 6913 576 0
J R 7 827 28 48 1 0 0
J N 7 864 -28 7 3457 576 0
K 0 14 45
K 0 0 45
K 0 0 43
K -1 0 45
K 2 0 45
K 0 0 60
K 0 28 60
J B 460 905 1 82 6913 576 0
J R 7 926 28 48 1 0 0
J N 7 963 -35 8 3457 576 0
K 0 21 45
K 0 7 45
K 0 0 43
K 0 7 45
K 1 7 45
K 0 0 60
K 0 28 60
K 0 35 60
J B 461 1004 1 82 6913 576 0
J R 9 1084 28 46 1 0 0
J R 9 1272 28 46 1 0 0
J R 9 1460 28 46 1 0 0
J B 464 1568 1 82 6913 1 0
J N 7 1589 -14 6 1 0 1 96
K 0 0 45
K 0 0 43
K -1 0 45
K 2 0 45
K 0 0 60
K 0 21 60
J N 7 1626 -7 3 3457 576 1 96
K 0 0 43
K 0 0 60
K 0 21 60
H 96 S 0 0 0 0 0 0 0 0
J B 465 1667 1 82 6913 576 0
J R 9 1745 28 46 1 0 0
J B 466 1852 1 82 6913 1 0
J N 7 1873 -49 9 1 0 1 97
K 0 35 45
K 0 21 45
K 0 7 45
K 0 0 43
K 0 7 45
K 1 7 45
K 0 0 60
K 0 28 60
K 0 49 60
J N 7 1910 -42 9 3457 576 1 97
K 0 28 45
K 0 14 45
K 0 0 45
K 0 0 43
K -1 0 45
K 2 0 45
K 0 0 60
K 0 28 60
K 0 42 60
H 97 S 0 0 0 0 0 0 0 0
J B 467 1951 1 82 6913 576 0
J R 7 1972 28 48 1 0 0
J N 7 2009 -42 9 3457 576 0
K 0 28 45
K 0 14 45
K 0 0 45
K 0 0 43
K -1 0 45
K 2 0 45
K 0 0 60
K 0 28 60
K 0 42 60
J B 468 2050 1 82 6913 576 0
E *
L 260 0 0 339 339 * 0
J C 4 5 42 2 6913 0 0
K 0 0 33
K 0 0 34
J K -3 57 0 3 6913 0 0
K 0 28 65
K 13 7 65
K 26 35 65
J N 8 139 -7 3 1 0 0
K 0 0 42
K 0 0 60
K 0 21 60
J B 454 221 1 82 6913 1152 0
J N 7 243 -28 7 1 0 1 123
K 0 14 45
K 0 0 45
K 0 0 43
K -1 0 45
K 2 0 45
K 0 0 60
K 0 28 60
J N 7 280 -21 6 3457 576 0
K 0 7 45
K 0 0 43
K 0 7 45
K 1 7 45
K 0 0 60
K 0 21 60
J B 455 321 1 82 6913 576 0
J N 7 342 -14 6 1 0 0
K 0 0 45
K 0 0 43
K -1 0 45
K 2 0 45
K 0 0 60
K 0 21 60
J N 7 379 -7 3 3457 576 1 123
K 0 0 43
K 0 0 60
K 0 21 60
H 123 S 0 0 0 0 0 0 0 0
J B 456 420 1 82 6913 576 0
J R 9 500 28 46 1 0 0
J B 457 608 1 82 6913 1 0
J N 7 629 -14 9 1 0 1 124
K 0 0 45
K 0 0 43
K -1 0 45
K 2 0 45
K 0 105 111
K 12 105 110
K 31 105 112
K 0 0 60
K 0 21 60
J N 7 666 -7 3 3457 576 1 124
K 0 0 43
K 0 0 60
K 0 21 60
H 124 S 0 0 0 0 0 0 0 0
J B 458 707 1 82 6913 576 0
J N 7 728 -28 7 1 0 0
K 0 14 45
K 0 0 45
K 0 0 43
K -1 0 45
K 2 0 45
K 0 0 60
K 0 28 60
J N 7 765 -28 7 3457 576 0
K 0 14 45
K 0 0 45
K 0 0 43
K -1 0 45
K 2 0 45
K 0 0 60
K 0 28 60
J B 459 806 1 82 6913 576 0
J R 7 827 28 48 1 0 0
J N 7 864 -28 7 3457 576 0
K 0 14 45
K 0 0 45
K 0 0 43
K -1 0 45
K 2 0 45
K 0 0 60
K 0 28 60
J B 460 905 1 82 6913 576 0
J R 7 926 28 48 1 0 0
J N 7 963 -21 7 3457 576 0
K 0 7 45
K -14 0 64
K 0 0 43
K 0 7 45
K 1 7 45
K 0 0 60
K 0 21 60
J B 461 1004 1 82 6913 576 0
J R 9 1084 28 46 1 0 0
J R 9 1272 28 46 1 0 0
J R 9 1460 28 46 1 0 0
J B 464 1568 1 82 6913 1 0
J N 7 1589 -14 6 1 0 1 125
K 0 0 45
K 0 0 43
K -1 0 45
K 2 0 45
K 0 0 60
K 0 21 60
J N 7 1626 -7 3 3457 576 1 125
K 0 0 43
K 0 0 60
K 0 21 60
H 125 S 0 0 0 0 0 0 0 0
J B 465 1667 1 82 6913 576 0
J R 9 1745 28 46 1 0 0
J B 466 1852 1 82 6913 1 0
J N 7 1873 -28 7 1 0 0
K 0 14 45
K 0 0 45
K 0 0 43
K -1 0 45
K 2 0 45
K 0 0 60
K 0 28 60
J N 7 1910 -28 7 3457 576 0
K 0 14 45
K 0 0 45
K 0 0 43
K -1 0 45
K 2 0 45
K 0 0 60
K 0 28 60
J B 467 1951 1 82 6913 576 0
J R 7 1972 28 48 1 0 0
J N 7 2009 -28 7 3457 576 0
K 0 14 45
K 0 0 45
K 0 0 43
K -1 0 45
K 2 0 45
K 0 0 60
K 0 28 60
J B 468 2050 1 82 6913 576 0
E *
L 390 0 0 339 339 * 0
J C 4 5 42 2 6913 0 0
K 0 0 33
K 0 0 34
J K -3 57 0 3 6913 0 0
K 0 28 65
K 13 7 65
K 26 35 65
J N 8 139 42 3 1 0 0
K 0 0 42
K 0 0 59
K 0 -21 59
J B 454 221 1 82 6913 1152 0
J N 7 243 -14 6 1 0 1 98
K 0 0 45
K 0 0 43
K -1 0 45
K 2 0 45
K 0 0 60
K 0 21 60
J N 7 280 -7 3 3457 576 0
K 0 0 43
K 0 0 60
K 0 21 60
J B 455 321 1 82 6913 576 0
J N 7 342 0 3 1 0 0
K 0 0 43
K 0 0 60
K 0 21 60
J N 7 379 7 3 3457 576 1 98
K 0 0 43
K 0 0 60
K 0 21 60
H 98 S 0 0 0 0 0 0 0 0
J B 456 420 1 82 6913 576 0
J R 9 500 28 46 1 0 0
J B 457 608 1 82 6913 1 0
J N 7 629 0 6 1 0 1 99
K 0 0 43
K 0 91 111
K 12 91 110
K 31 91 112
K 0 0 60
K 0 21 60
J N 7 666 7 3 3457 576 1 99
K 0 0 43
K 0 0 60
K 0 21 60
H 99 S 0 0 0 0 0 0 0 0
J B 458 707 1 82 6913 576 0
J N 7 728 0 3 1 0 1 100
K 0 0 43
K 0 0 60
K 0 21 60
J N 7 765 7 3 3457 576 1 100
K 0 0 43
K 0 0 60
K 0 21 60
H 100 S 0 0 0 0 0 0 0 0
J B 459 806 1 82 6913 576 0
J R 7 827 28 48 1 0 0
J N 7 864 7 3 3457 576 0
K 0 0 43
K 0 0 60
K 0 21 60
J B 460 905 1 82 6913 576 0
J R 7 926 28 48 1 0 0
J N 7 963 14 3 3457 576 0
K 0 0 43
K 0 0 60
K 0 21 60
J B 461 1004 1 82 6913 576 0
J R 9 1084 28 46 1 0 0
J R 9 1272 28 46 1 0 0
J R 9 1460 28 46 1 0 0
J B 464 1568 1 82 6913 1 0
J N 7 1589 0 3 1 0 1 101
K 0 0 43
K 0 0 60
K 0 21 60
J N 7 1626 7 3 3457 576 1 101
K 0 0 43
K 0 0 60
K 0 21 60
H 101 S 0 0 0 0 0 0 0 0
J B 465 1667 1 82 6913 576 0
J R 9 1745 28 46 1 0 0
J B 466 1852 1 82 6913 1 0
J N 7 1873 0 3 1 0 1 102
K 0 0 43
K 0 0 60
K 0 21 60
J N 7 1910 7 3 3457 576 1 102
K 0 0 43
K 0 0 60
K 0 21 60
H 102 S 0 0 0 0 0 0 0 0
J B 467 1951 1 82 6913 576 0
J R 7 1972 28 48 1 0 0
J N 7 2009 7 3 3457 576 0
K 0 0 43
K 0 0 60
K 0 21 60
J B 468 2050 1 82 6913 576 0
E *
B 1 221 0
B 1 321 0
B 1 420 0
B 1 608 0
B 1 707 0
B 1 806 0
B 1 905 0
B 1 1004 0
B 0 1192 0
B 0 1380 0
B 1 1568 0
B 1 1667 0
B 1 1852 0
B 1 1951 0
B 1 2050 0
S 0 200 690 2050 446 4 "[....]"
L 0 0 0 339 339 * 0
J C 4 5 42 2 6913 0 0
K 0 0 33
K 0 0 34
J K -3 57 0 3 6913 0 0
K 0 28 65
K 13 7 65
K 26 35 65
J D 0 96 -14 1 6913 0 0
W 0 0 37 ´¶¸
J R 7 139 28 48 1 0 0
J N 7 182 -56 10 3457 576 0
K 0 42 45
K 0 28 45
K 0 14 45
K 0 0 45
K 0 0 43
K -1 0 45
K 2 0 45
K 0 0 60
K 0 28 60
K 0 56 60
J B 469 229 1 82 6913 576 0
J N 7 250 -28 7 1 0 0
K 0 14 45
K 0 0 45
K 0 0 43
K -1 0 45
K 2 0 45
K 0 0 60
K 0 28 60
J R 7 293 28 48 3457 576 0
J B 470 340 1 82 6913 576 0
J R 6 361 28 49 1 0 0
J N 6 397 -56 7 1729 288 1 123
K 0 42 45
K 0 28 45
K 0 14 45
K 0 0 45
K 0 0 43
K -1 0 45
K 2 0 45
J N 6 426 -56 7 3457 288 1 123
K 0 42 45
K 0 28 45
K 0 14 45
K 0 0 45
K 0 0 43
K -1 0 45
K 2 0 45
J N 6 455 -56 7 5185 288 1 123
K 0 42 45
K 0 28 45
K 0 14 45
K 0 0 45
K 0 0 43
K -1 0 45
K 2 0 45
H 123 B -84 0 108 3 2 1 3   
J B 471 488 1 82 6913 288 0
J N 8 509 -56 10 1 0 1 124
K 0 42 45
K 0 28 45
K 0 14 45
K 0 0 45
K 0 0 42
K -1 0 45
K 2 0 45
K 0 0 60
K 0 28 60
K 0 56 60
J B 472 577 1 82 6913 1152 0
J N 8 598 -56 10 1 0 2 125 124
K 0 42 45
K 0 28 45
K 0 14 45
K 0 0 45
K 0 0 42
K -1 0 45
K 2 0 45
K 0 0 60
K 0 28 60
K 0 56 60
H 124 T -56 0 0 0 0 0 5 0
J B 473 688 1 82 6913 1152 0
J N 8 709 -56 10 1 0 2 126 125
K 0 42 45
K 0 28 45
K 0 14 45
K 0 0 45
K 0 0 42
K -1 0 45
K 2 0 45
K 0 0 60
K 0 28 60
K 0 56 60
H 125 T -56 0 0 0 0 0 5 0
J B 474 802 1 82 6913 1152 0
J N 8 823 -56 10 1 0 1 126
K 0 42 45
K 0 28 45
K 0 14 45
K 0 0 45
K 0 0 42
K -1 0 45
K 2 0 45
K 0 0 60
K 0 28 60
K 0 56 60
H 126 T -56 0 0 0 0 0 5 0
J B 475 912 1 82 6913 1152 0
J N 7 933 -56 10 1 0 0
K 0 42 45
K 0 28 45
K 0 14 45
K 0 0 45
K 0 0 43
K -1 0 45
K 2 0 45
K 0 0 60
K 0 28 60
K 0 56 60
J R 7 975 28 48 3457 576 0
J B 476 1021 1 82 6913 576 0
J R 6 1042 28 49 1 0 0
J N 6 1071 -56 7 1729 288 1 127
K 0 42 45
K 0 28 45
K 0 14 45
K 0 0 45
K 0 0 43
K -1 0 45
K 2 0 45
J N 6 1100 -56 7 3457 288 1 127
K 0 42 45
K 0 28 45
K 0 14 45
K 0 0 45
K 0 0 43
K -1 0 45
K 2 0 45
J N 6 1129 -56 7 5185 288 1 127
K 0 42 45
K 0 28 45
K 0 14 45
K 0 0 45
K 0 0 43
K -1 0 45
K 2 0 45
H 127 B -84 0 108 3 2 1 3   
J B 477 1162 1 82 6913 288 0
J N 6 1183 -56 7 1 0 1 128
K 0 42 45
K 0 28 45
K 0 14 45
K 0 0 45
K 0 0 43
K -1 0 45
K 2 0 45
J N 6 1212 -56 7 1729 288 1 128
K 0 42 45
K 0 28 45
K 0 14 45
K 0 0 45
K 0 0 43
K -1 0 45
K 2 0 45
J N 6 1241 -56 7 3457 288 1 128
K 0 42 45
K 0 28 45
K 0 14 45
K 0 0 45
K 0 0 43
K -1 0 45
K 2 0 45
J N 6 1270 -56 7 5185 288 1 128
K 0 42 45
K 0 28 45
K 0 14 45
K 0 0 45
K 0 0 43
K -1 0 45
K 2 0 45
H 128 B -84 0 108 4 2 1 1 3   
J B 478 1303 1 82 6913 288 0
J N 6 1324 -56 7 1 0 1 129
K 0 42 45
K 0 28 45
K 0 14 45
K 0 0 45
K 0 0 43
K -1 0 45
K 2 0 45
J N 6 1353 -56 7 1729 288 1 129
K 0 42 45
K 0 28 45
K 0 14 45
K 0 0 45
K 0 0 43
K -1 0 45
K 2 0 45
J N 6 1382 -56 7 3457 288 1 129
K 0 42 45
K 0 28 45
K 0 14 45
K 0 0 45
K 0 0 43
K -1 0 45
K 2 0 45
J N 6 1411 -56 7 5185 288 1 129
K 0 42 45
K 0 28 45
K 0 14 45
K 0 0 45
K 0 0 43
K -1 0 45
K 2 0 45
H 129 B -84 0 108 4 2 1 1 3   
J B 479 1444 1 82 6913 288 0
J N 8 1465 -56 13 1 0 0
K 0 42 45
K 0 28 45
K 0 14 45
K 0 0 45
K 0 0 42
K -1 0 45
K 2 0 45
K 0 -17 101
K 0 147 110
K 23 147 110
K 0 0 60
K 0 28 60
K 0 56 60
J B 480 1532 1 82 6913 1152 0
J R 6 1553 28 49 1 0 0
J N 6 1582 -56 7 1729 288 1 130
K 0 42 45
K 0 28 45
K 0 14 45
K 0 0 45
K 0 0 43
K -1 0 45
K 2 0 45
J N 6 1611 -56 7 3457 288 1 130
K 0 42 45
K 0 28 45
K 0 14 45
K 0 0 45
K 0 0 43
K -1 0 45
K 2 0 45
J N 6 1640 -56 7 5185 288 1 130
K 0 42 45
K 0 28 45
K 0 14 45
K 0 0 45
K 0 0 43
K -1 0 45
K 2 0 45
H 130 B -84 0 108 3 2 1 3   
J B 481 1673 1 82 6913 288 0
J N 8 1694 -56 10 1 0 1 131
K 0 42 45
K 0 28 45
K 0 14 45
K 0 0 45
K 0 0 42
K -1 0 45
K 2 0 45
K 0 0 60
K 0 28 60
K 0 56 60
J B 482 1761 1 82 6913 1152 0
J N 8 1782 -56 11 1 0 1 131
K 0 42 45
K 0 28 45
K 0 14 45
K 0 0 45
K 0 0 42
K -1 0 45
K 2 0 45
K 0 -17 101
K 0 0 60
K 0 28 60
K 0 56 60
H 131 T -56 0 0 0 0 0 5 0
J B 483 1849 1 82 6913 1152 0
J R 9 1933 28 46 1 0 0
E *
L 130 0 0 339 339 * 0
J C 4 5 42 2 6913 0 0
K 0 0 33
K 0 0 34
J K -3 57 0 3 6913 0 0
K 0 28 65
K 13 7 65
K 26 35 65
J R 7 139 28 48 1 0 0
J N 7 182 -35 8 3457 576 0
K 0 21 45
K 0 7 45
K 0 0 43
K 0 7 45
K 1 7 45
K 0 0 60
K 0 28 60
K 0 35 60
J B 469 229 1 82 6913 576 0
J N 7 250 -28 7 1 0 0
K 0 14 45
K 0 0 45
K 0 0 43
K -1 0 45
K 2 0 45
K 0 0 60
K 0 28 60
J R 7 293 28 48 3457 576 0
J B 470 340 1 82 6913 576 0
J R 6 361 28 49 1 0 0
J N 6 397 -35 5 1729 288 1 98
K 0 21 45
K 0 7 45
K 0 0 43
K 0 7 45
K 1 7 45
J N 6 426 -35 5 3457 288 1 98
K 0 21 45
K 0 7 45
K 0 0 43
K 0 7 45
K 1 7 45
J N 6 455 -35 5 5185 288 1 98
K 0 21 45
K 0 7 45
K 0 0 43
K 0 7 45
K 1 7 45
H 98 B -63 0 108 3 2 1 3   
J B 471 488 1 82 6913 288 0
J N 8 509 -35 8 1 0 1 99
K 0 21 45
K 0 7 45
K 0 0 42
K 0 7 45
K 1 7 45
K 0 0 60
K 0 28 60
K 0 35 60
J B 472 577 1 82 6913 1152 0
J N 7 598 -35 8 1 0 2 100 99
K 0 21 45
K 0 7 45
K 0 0 43
K 0 7 45
K 1 7 45
K 0 0 60
K 0 28 60
K 0 35 60
H 99 T -35 0 0 0 0 0 1 0
J N 7 641 -42 9 3457 576 0
K 0 28 45
K 0 14 45
K 0 0 45
K 0 0 43
K -1 0 45
K 2 0 45
K 0 0 60
K 0 28 60
K 0 42 60
J B 473 688 1 82 6913 576 0
J N 7 709 -49 9 1 0 0
K 0 35 45
K 0 21 45
K 0 7 45
K 0 0 43
K 0 7 45
K 1 7 45
K 0 0 60
K 0 28 60
K 0 49 60
J N 7 755 -35 8 3457 576 0
K 0 21 45
K 0 7 45
K 0 0 43
K 0 7 45
K 1 7 45
K 0 0 60
K 0 28 60
K 0 35 60
J B 474 802 1 82 6913 576 0
J N 7 823 -42 9 1 0 0
K 0 28 45
K 0 14 45
K 0 0 45
K 0 0 43
K -1 0 45
K 2 0 45
K 0 0 60
K 0 28 60
K 0 42 60
J N 7 866 -49 9 3457 576 1 100
K 0 35 45
K 0 21 45
K 0 7 45
K 0 0 43
K 0 7 45
K 1 7 45
K 0 0 60
K 0 28 60
K 0 49 60
H 100 S 0 0 0 0 0 0 0 0
J B 475 912 1 82 6913 576 0
J N 7 933 -42 9 1 0 0
K 0 28 45
K 0 14 45
K 0 0 45
K 0 0 43
K -1 0 45
K 2 0 45
K 0 0 60
K 0 28 60
K 0 42 60
J R 7 975 28 48 3457 576 0
J B 476 1021 1 82 6913 576 0
J R 6 1042 28 49 1 0 0
J N 6 1071 -7 1 1729 288 1 101
K 0 0 43
J N 6 1100 -7 1 3457 288 1 101
K 0 0 43
J N 6 1129 -7 1 5185 288 1 101
K 0 0 43
H 101 B -49 0 108 3 2 1 3   
J B 477 1162 1 82 6913 288 0
J N 6 1183 -7 1 1 0 1 102
K 0 0 43
J N 6 1212 -7 1 1729 288 1 102
K 0 0 43
J N 6 1241 -7 1 3457 288 1 102
K 0 0 43
J N 6 1270 -7 1 5185 288 1 102
K 0 0 43
H 102 B -49 0 108 4 2 1 1 3   
J B 478 1303 1 82 6913 288 0
J N 6 1324 -7 1 1 0 1 103
K 0 0 43
J N 6 1353 -7 1 1729 288 1 103
K 0 0 43
J N 6 1382 -7 1 3457 288 1 103
K 0 0 43
J N 6 1411 -7 1 5185 288 1 103
K 0 0 43
H 103 B -49 0 108 4 2 1 1 3   
J B 479 1444 1 82 6913 288 0
J N 8 1465 -42 12 1 0 0
K 0 28 45
K 0 14 45
K 0 0 45
K 0 0 42
K -1 0 45
K 2 0 45
K 0 -17 101
K 0 133 110
K 23 133 110
K 0 0 60
K 0 28 60
K 0 42 60
J B 480 1532 1 82 6913 1152 0
J R 6 1553 28 49 1 0 0
J N 6 1582 -49 6 1729 288 1 104
K 0 35 45
K 0 21 45
K 0 7 45
K 0 0 43
K 0 7 45
K 1 7 45
J N 6 1611 -49 6 3457 288 1 104
K 0 35 45
K 0 21 45
K 0 7 45
K 0 0 43
K 0 7 45
K 1 7 45
J N 6 1640 -49 6 5185 288 1 104
K 0 35 45
K 0 21 45
K 0 7 45
K 0 0 43
K 0 7 45
K 1 7 45
H 104 B -77 0 108 3 2 1 3   
J B 481 1673 1 82 6913 288 0
J N 8 1694 -35 8 1 0 1 105
K 0 21 45
K 0 7 45
K 0 0 42
K 0 7 45
K 1 7 45
K 0 0 60
K 0 28 60
K 0 35 60
J B 482 1761 1 82 6913 1152 0
J N 8 1782 -35 9 1 0 1 105
K 0 21 45
K 0 7 45
K 0 0 42
K 0 7 45
K 1 7 45
K 0 -17 101
K 0 0 60
K 0 28 60
K 0 35 60
H 105 T -35 0 0 0 0 0 1 0
J B 483 1849 1 82 6913 1152 0
J R 9 1933 28 46 1 0 0
E *
L 260 0 0 339 339 * 0
J C 4 5 42 2 6913 0 0
K 0 0 33
K 0 0 34
J K -3 57 0 3 6913 0 0
K 0 28 65
K 13 7 65
K 26 35 65
J R 7 139 28 48 1 0 0
J N 7 182 -21 7 3457 576 0
K 0 7 45
K -14 0 64
K 0 0 43
K 0 7 45
K 1 7 45
K 0 0 60
K 0 21 60
J B 469 229 1 82 6913 576 0
J N 7 250 -28 7 1 0 0
K 0 14 45
K 0 0 45
K 0 0 43
K -1 0 45
K 2 0 45
K 0 0 60
K 0 28 60
J R 7 293 28 48 3457 576 0
J B 470 340 1 82 6913 576 0
J R 6 361 28 49 1 0 0
J N 6 397 -21 5 1729 288 1 126
K 0 7 45
K -14 0 64
K 0 0 43
K 0 7 45
K 1 7 45
J N 6 426 -21 4 3457 288 1 126
K 0 7 45
K 0 0 43
K 0 7 45
K 1 7 45
J N 6 455 -21 4 5185 288 1 126
K 0 7 45
K 0 0 43
K 0 7 45
K 1 7 45
H 126 B -49 0 108 3 2 1 3   
J B 471 488 1 82 6913 288 0
J N 8 509 -21 7 1 0 1 127
K 0 7 45
K -14 0 64
K 0 0 42
K 0 7 45
K 1 7 45
K 0 0 60
K 0 21 60
J B 472 577 1 82 6913 1152 0
J N 7 598 -21 6 1 0 2 128 127
K 0 7 45
K 0 0 43
K 0 7 45
K 1 7 45
K 0 0 60
K 0 21 60
H 127 T -21 0 0 0 0 0 1 0
J N 7 641 -28 7 3457 576 0
K 0 14 45
K 0 0 45
K 0 0 43
K -1 0 45
K 2 0 45
K 0 0 60
K 0 28 60
J B 473 688 1 82 6913 576 0
J N 7 709 -35 8 1 0 0
K 0 21 45
K 0 7 45
K 0 0 43
K 0 7 45
K 1 7 45
K 0 0 60
K 0 28 60
K 0 35 60
J N 7 755 -21 7 3457 576 0
K 0 7 45
K -14 0 64
K 0 0 43
K 0 7 45
K 1 7 45
K 0 0 60
K 0 21 60
J B 474 802 1 82 6913 576 0
J N 7 823 -28 7 1 0 0
K 0 14 45
K 0 0 45
K 0 0 43
K -1 0 45
K 2 0 45
K 0 0 60
K 0 28 60
J N 7 866 -35 8 3457 576 1 128
K 0 21 45
K 0 7 45
K 0 0 43
K 0 7 45
K 1 7 45
K 0 0 60
K 0 28 60
K 0 35 60
H 128 S 0 0 0 0 0 0 0 0
J B 475 912 1 82 6913 576 0
J N 7 933 -28 7 1 0 0
K 0 14 45
K 0 0 45
K 0 0 43
K -1 0 45
K 2 0 45
K 0 0 60
K 0 28 60
J R 7 975 28 48 3457 576 0
J B 476 1021 1 82 6913 576 0
J R 6 1042 28 49 1 0 0
J N 6 1071 -7 1 1729 288 1 129
K 0 0 43
J N 6 1100 -7 1 3457 288 1 129
K 0 0 43
J N 6 1129 -7 1 5185 288 1 129
K 0 0 43
H 129 B -49 0 108 3 2 1 3   
J B 477 1162 1 82 6913 288 0
J N 6 1183 -7 1 1 0 1 130
K 0 0 43
J N 6 1212 -7 1 1729 288 1 130
K 0 0 43
J N 6 1241 -7 1 3457 288 1 130
K 0 0 43
J N 6 1270 -7 1 5185 288 1 130
K 0 0 43
H 130 B -49 0 108 4 2 1 1 3   
J B 478 1303 1 82 6913 288 0
J N 6 1324 -7 1 1 0 1 131
K 0 0 43
J N 6 1353 -7 1 1729 288 1 131
K 0 0 43
J N 6 1382 -7 1 3457 288 1 131
K 0 0 43
J N 6 1411 -7 1 5185 288 1 131
K 0 0 43
H 131 B -49 0 108 4 2 1 1 3   
J B 479 1444 1 82 6913 288 0
J N 8 1465 -7 6 1 0 0
K 0 0 42
K 0 -17 101
K 0 98 110
K 23 98 110
K 0 0 60
K 0 21 60
J B 480 1532 1 82 6913 1152 0
J R 6 1553 28 49 1 0 0
J N 6 1582 -7 1 1729 288 1 132
K 0 0 43
J N 6 1611 -7 1 3457 288 1 132
K 0 0 43
J N 6 1640 -7 1 5185 288 1 132
K 0 0 43
H 132 B -49 0 108 3 2 1 3   
J B 481 1673 1 82 6913 288 0
J N 8 1694 -7 3 1 0 1 133
K 0 0 42
K 0 0 60
K 0 21 60
J B 482 1761 1 82 6913 1152 0
J N 8 1782 -7 4 1 0 1 133
K 0 0 42
K 0 -17 101
K 0 0 60
K 0 21 60
H 133 T -7 0 0 0 0 0 1 0
J B 483 1849 1 82 6913 1152 0
J R 9 1933 28 46 1 0 0
E *
L 390 0 0 339 339 * 0
J C 4 5 42 2 6913 0 0
K 0 0 33
K 0 0 34
J K -3 57 0 3 6913 0 0
K 0 28 65
K 13 7 65
K 26 35 65
J R 7 139 28 48 1 0 0
J N 7 182 14 3 3457 576 0
K 0 0 43
K 0 0 60
K 0 21 60
J B 469 229 1 82 6913 576 0
J N 7 250 7 3 1 0 0
K 0 0 43
K 0 0 60
K 0 21 60
J R 7 293 28 48 3457 576 0
J B 470 340 1 82 6913 576 0
J R 6 361 28 49 1 0 0
J N 6 397 14 1 1729 288 1 103
K 0 0 43
J N 6 426 14 1 3457 288 1 103
K 0 0 43
J N 6 455 14 1 5185 288 1 103
K 0 0 43
H 103 B -46 0 108 3 2 1 3   
J B 471 488 1 82 6913 288 0
J N 8 509 14 3 1 0 1 104
K 0 0 42
K 0 0 60
K 0 21 60
J B 472 577 1 82 6913 1152 0
J N 7 598 14 3 1 0 2 105 104
K 0 0 43
K 0 0 60
K 0 21 60
H 104 T 14 0 0 0 0 0 5 0
J N 7 641 7 3 3457 576 0
K 0 0 43
K 0 0 60
K 0 21 60
J B 473 688 1 82 6913 576 0
J N 7 709 0 3 1 0 0
K 0 0 43
K 0 0 60
K 0 21 60
J N 7 755 14 3 3457 576 0
K 0 0 43
K 0 0 60
K 0 21 60
J B 474 802 1 82 6913 576 0
J N 7 823 7 3 1 0 0
K 0 0 43
K 0 0 60
K 0 21 60
J N 7 866 0 3 3457 576 1 105
K 0 0 43
K 0 0 60
K 0 21 60
H 105 S 0 0 0 0 0 0 0 0
J B 475 912 1 82 6913 576 0
J N 7 933 7 3 1 0 0
K 0 0 43
K 0 0 60
K 0 21 60
J R 7 975 28 48 3457 576 0
J B 476 1021 1 82 6913 576 0
J R 6 1042 28 49 1 0 0
J N 6 1071 -7 1 1729 288 1 106
K 0 0 43
J N 6 1100 -7 1 3457 288 1 106
K 0 0 43
J N 6 1129 -7 1 5185 288 1 106
K 0 0 43
H 106 B -49 0 108 3 2 1 3   
J B 477 1162 1 82 6913 288 0
J N 6 1183 -7 1 1 0 1 107
K 0 0 43
J N 6 1212 -7 1 1729 288 1 107
K 0 0 43
J N 6 1241 -7 1 3457 288 1 107
K 0 0 43
J N 6 1270 -7 1 5185 288 1 107
K 0 0 43
H 107 B -49 0 108 4 2 1 1 3   
J B 478 1303 1 82 6913 288 0
J N 6 1324 -7 1 1 0 1 108
K 0 0 43
J N 6 1353 -7 1 1729 288 1 108
K 0 0 43
J N 6 1382 -7 1 3457 288 1 108
K 0 0 43
J N 6 1411 -7 1 5185 288 1 108
K 0 0 43
H 108 B -49 0 108 4 2 1 1 3   
J B 479 1444 1 82 6913 288 0
J N 8 1465 7 6 1 0 0
K 0 0 42
K 0 -17 101
K 0 84 110
K 23 84 110
K 0 0 60
K 0 21 60
J B 480 1532 1 82 6913 1152 0
J R 6 1553 28 49 1 0 0
J N 6 1582 0 1 1729 288 1 109
K 0 0 43
J N 6 1611 0 1 3457 288 1 109
K 0 0 43
J N 6 1640 0 1 5185 288 1 109
K 0 0 43
H 109 B -46 0 108 3 2 1 3   
J B 481 1673 1 82 6913 288 0
J N 8 1694 14 3 1 0 1 110
K 0 0 42
K 0 0 60
K 0 21 60
J B 482 1761 1 82 6913 1152 0
J N 8 1782 14 4 1 0 1 110
K 0 0 42
K 0 -24 101
K 0 0 60
K 0 21 60
H 110 T 14 0 0 0 0 0 5 0
J B 483 1849 1 82 6913 1152 0
J R 9 1933 28 46 1 0 0
E *
B 1 229 0
B 1 340 0
B 1 488 0
B 1 577 0
B 1 688 0
B 1 802 0
B 1 912 0
B 1 1021 0
B 1 1162 0
B 1 1303 0
B 1 1444 0
B 1 1532 0
B 1 1673 0
B 1 1761 0
B 1 1849 0
B 0 2045 0
S 0 200 1240 2050 446 4 "[....]"
L 0 0 0 339 339 * 0
J C 4 5 42 2 6913 0 0
K 0 0 33
K 0 0 34
J K -3 57 0 3 6913 0 0
K 0 28 65
K 13 7 65
K 26 35 65
J D 0 96 -14 1 6913 0 0
W 0 0 37 ´¸´
J R 9 193 28 46 1 0 0
J R 9 371 28 46 1 0 0
J R 9 509 28 46 1 0 0
J R 9 597 28 46 1 0 0
J R 9 724 28 46 1 0 0
J R 9 901 28 46 1 0 0
J R 9 1038 28 46 1 0 0
J B 491 1102 1 82 6913 1 0
J R 6 1123 28 49 1 0 0
J N 6 1159 -35 7 1729 288 1 132
K 0 21 45
K 0 7 45
K 0 0 43
K 0 7 45
K 1 7 45
K 0 126 110
K 23 126 110
J N 6 1188 -35 5 3457 288 1 132
K 0 21 45
K 0 7 45
K 0 0 43
K 0 7 45
K 1 7 45
J N 6 1217 -35 5 5185 288 1 132
K 0 21 45
K 0 7 45
K 0 0 43
K 0 7 45
K 1 7 45
H 132 B -63 0 108 3 2 1 3   
J B 492 1250 1 82 6913 288 0
J N 7 1271 -42 9 1 0 0
K 0 28 45
K 0 14 45
K 0 0 45
K 0 0 43
K -1 0 45
K 2 0 45
K 0 0 60
K 0 28 60
K 0 42 60
J R 7 1308 28 48 3457 576 0
J B 493 1349 1 82 6913 576 0
J R 6 1370 28 49 1 0 0
J N 6 1406 -35 5 1729 288 1 133
K 0 21 45
K 0 7 45
K 0 0 43
K 0 7 45
K 1 7 45
J N 6 1435 -35 5 3457 288 1 133
K 0 21 45
K 0 7 45
K 0 0 43
K 0 7 45
K 1 7 45
J N 6 1464 -35 5 5185 288 1 133
K 0 21 45
K 0 7 45
K 0 0 43
K 0 7 45
K 1 7 45
H 133 B -63 0 108 3 2 1 3   
J B 494 1497 1 82 6913 288 0
J N 7 1518 -42 9 1 0 0
K 0 28 45
K 0 14 45
K 0 0 45
K 0 0 43
K -1 0 45
K 2 0 45
K 0 0 60
K 0 28 60
K 0 42 60
J R 7 1555 28 48 3457 576 0
J B 495 1596 1 82 6913 576 0
J R 6 1617 28 49 1 0 0
J N 6 1653 -35 5 1729 288 1 134
K 0 21 45
K 0 7 45
K 0 0 43
K 0 7 45
K 1 7 45
J N 6 1682 -35 5 3457 288 1 134
K 0 21 45
K 0 7 45
K 0 0 43
K 0 7 45
K 1 7 45
J N 6 1711 -35 5 5185 288 1 134
K 0 21 45
K 0 7 45
K 0 0 43
K 0 7 45
K 1 7 45
H 134 B -63 0 108 3 2 1 3   
J B 496 1744 1 82 6913 288 0
J N 7 1765 -42 9 1 0 0
K 0 28 45
K 0 14 45
K 0 0 45
K 0 0 43
K -1 0 45
K 2 0 45
K 0 0 60
K 0 28 60
K 0 42 60
J N 7 1805 -56 10 3457 576 0
K 0 42 45
K 0 28 45
K 0 14 45
K 0 0 45
K 0 0 43
K -1 0 45
K 2 0 45
K 0 0 60
K 0 28 60
K 0 56 60
J B 497 1846 1 82 6913 576 0
J N 7 1867 -56 10 1 0 0
K 0 42 45
K 0 28 45
K 0 14 45
K 0 0 45
K 0 0 43
K -1 0 45
K 2 0 45
K 0 0 60
K 0 28 60
K 0 56 60
J N 7 1907 -56 10 3457 576 0
K 0 42 45
K 0 28 45
K 0 14 45
K 0 0 45
K 0 0 43
K -1 0 45
K 2 0 45
K 0 0 60
K 0 28 60
K 0 56 60
J B 498 1948 1 82 6913 576 0
J N 7 1969 -56 10 1 0 0
K 0 42 45
K 0 28 45
K 0 14 45
K 0 0 45
K 0 0 43
K -1 0 45
K 2 0 45
K 0 0 60
K 0 28 60
K 0 56 60
J N 7 2009 -56 10 3457 576 0
K 0 42 45
K 0 28 45
K 0 14 45
K 0 0 45
K 0 0 43
K -1 0 45
K 2 0 45
K 0 0 60
K 0 28 60
K 0 56 60
J B 499 2050 1 82 6913 576 0
E *
L 130 0 0 339 339 * 0
J C 4 5 42 2 6913 0 0
K 0 0 33
K 0 0 34
J K -3 57 0 3 6913 0 0
K 0 28 65
K 13 7 65
K 26 35 65
J R 9 193 28 46 1 0 0
J R 9 371 28 46 1 0 0
J R 9 509 28 46 1 0 0
J R 9 597 28 46 1 0 0
J R 9 724 28 46 1 0 0
J R 9 901 28 46 1 0 0
J R 9 1038 28 46 1 0 0
J B 491 1102 1 82 6913 1 0
J R 6 1123 28 49 1 0 0
J N 6 1159 -21 7 1729 288 1 106
K 0 7 45
K -14 0 64
K 0 0 43
K 0 7 45
K 1 7 45
K 0 112 110
K 23 112 110
J N 6 1188 -21 4 3457 288 1 106
K 0 7 45
K 0 0 43
K 0 7 45
K 1 7 45
J N 6 1217 -21 4 5185 288 1 106
K 0 7 45
K 0 0 43
K 0 7 45
K 1 7 45
H 106 B -49 0 108 3 2 1 3   
J B 492 1250 1 82 6913 288 0
J N 7 1271 -28 7 1 0 0
K 0 14 45
K 0 0 45
K 0 0 43
K -1 0 45
K 2 0 45
K 0 0 60
K 0 28 60
J R 7 1308 28 48 3457 576 0
J B 493 1349 1 82 6913 576 0
J R 6 1370 28 49 1 0 0
J N 6 1406 -21 5 1729 288 1 107
K 0 7 45
K -14 0 64
K 0 0 43
K 0 7 45
K 1 7 45
J N 6 1435 -21 4 3457 288 1 107
K 0 7 45
K 0 0 43
K 0 7 45
K 1 7 45
J N 6 1464 -21 4 5185 288 1 107
K 0 7 45
K 0 0 43
K 0 7 45
K 1 7 45
H 107 B -49 0 108 3 2 1 3   
J B 494 1497 1 82 6913 288 0
J N 7 1518 -28 7 1 0 0
K 0 14 45
K 0 0 45
K 0 0 43
K -1 0 45
K 2 0 45
K 0 0 60
K 0 28 60
J R 7 1555 28 48 3457 576 0
J B 495 1596 1 82 6913 576 0
J R 6 1617 28 49 1 0 0
J N 6 1653 -21 5 1729 288 1 108
K 0 7 45
K -14 0 64
K 0 0 43
K 0 7 45
K 1 7 45
J N 6 1682 -21 4 3457 288 1 108
K 0 7 45
K 0 0 43
K 0 7 45
K 1 7 45
J N 6 1711 -21 4 5185 288 1 108
K 0 7 45
K 0 0 43
K 0 7 45
K 1 7 45
H 108 B -49 0 108 3 2 1 3   
J B 496 1744 1 82 6913 288 0
J N 7 1765 -28 7 1 0 0
K 0 14 45
K 0 0 45
K 0 0 43
K -1 0 45
K 2 0 45
K 0 0 60
K 0 28 60
J N 7 1805 -35 8 3457 576 0
K 0 21 45
K 0 7 45
K 0 0 43
K 0 7 45
K 1 7 45
K 0 0 60
K 0 28 60
K 0 35 60
J B 497 1846 1 82 6913 576 0
J N 7 1867 -42 9 1 0 0
K 0 28 45
K 0 14 45
K 0 0 45
K 0 0 43
K -1 0 45
K 2 0 45
K 0 0 60
K 0 28 60
K 0 42 60
J N 7 1907 -35 8 3457 576 0
K 0 21 45
K 0 7 45
K 0 0 43
K 0 7 45
K 1 7 45
K 0 0 60
K 0 28 60
K 0 35 60
J B 498 1948 1 82 6913 576 0
J N 7 1969 -42 9 1 0 0
K 0 28 45
K 0 14 45
K 0 0 45
K 0 0 43
K -1 0 45
K 2 0 45
K 0 0 60
K 0 28 60
K 0 42 60
J N 7 2009 -35 8 3457 576 0
K 0 21 45
K 0 7 45
K 0 0 43
K 0 7 45
K 1 7 45
K 0 0 60
K 0 28 60
K 0 35 60
J B 499 2050 1 82 6913 576 0
E *
L 260 0 0 339 339 * 0
J C 4 5 42 2 6913 0 0
K 0 0 33
K 0 0 34
J K -3 57 0 3 6913 0 0
K 0 28 65
K 13 7 65
K 26 35 65
J R 9 193 28 46 1 0 0
J R 9 371 28 46 1 0 0
J B 486 474 1 82 6913 1 0
J R 7 495 28 48 1 0 0
J N 7 532 -14 7 3457 576 1 134
K 0 0 45
K 0 0 43
K -1 0 45
K 2 0 45
K 0 105 108
K 0 0 60
K 0 21 60
J B 487 573 1 82 6913 576 0
J N 8 594 -7 3 1 0 1 134
K 0 0 42
K 0 0 60
K 0 21 60
H 134 S 0 0 0 0 0 0 0 0
J B 488 649 1 82 6913 1152 0
J R 9 724 28 46 1 0 0
J R 9 901 28 46 1 0 0
J B 490 1003 1 82 6913 1 0
J R 7 1024 28 48 1 0 0
J N 7 1061 -14 7 3457 576 1 135
K 0 0 45
K 0 0 43
K -1 0 45
K 2 0 45
K 0 105 108
K 0 0 60
K 0 21 60
J B 491 1102 1 82 6913 576 0
J N 6 1123 -7 2 1 0 1 135
K 0 0 43
K 0 0 54
H 135 S 0 0 0 0 0 0 0 0
J N 6 1159 -7 3 1729 288 1 136
K 0 0 43
K 0 98 110
K 23 98 110
J N 6 1188 -7 1 3457 288 1 136
K 0 0 43
J N 6 1217 -7 1 5185 288 1 136
K 0 0 43
H 136 B -49 0 108 3 2 1 3   
J B 492 1250 1 82 6913 288 0
J N 7 1271 -7 3 1 0 0
K 0 0 43
K 0 0 60
K 0 21 60
J R 7 1308 28 48 3457 576 0
J B 493 1349 1 82 6913 576 0
J R 6 1370 28 49 1 0 0
J N 6 1406 -21 5 1729 288 1 137
K 0 7 45
K -14 0 64
K 0 0 43
K 0 7 45
K 1 7 45
J N 6 1435 -21 4 3457 288 1 137
K 0 7 45
K 0 0 43
K 0 7 45
K 1 7 45
J N 6 1464 -21 4 5185 288 1 137
K 0 7 45
K 0 0 43
K 0 7 45
K 1 7 45
H 137 B -49 0 108 3 2 1 3   
J B 494 1497 1 82 6913 288 0
J N 7 1518 -28 7 1 0 0
K 0 14 45
K 0 0 45
K 0 0 43
K -1 0 45
K 2 0 45
K 0 0 60
K 0 28 60
J R 7 1555 28 48 3457 576 0
J B 495 1596 1 82 6913 576 0
J R 6 1617 28 49 1 0 0
J N 6 1653 -21 5 1729 288 1 138
K 0 7 45
K -14 0 64
K 0 0 43
K 0 7 45
K 1 7 45
J N 6 1682 -21 4 3457 288 1 138
K 0 7 45
K 0 0 43
K 0 7 45
K 1 7 45
J N 6 1711 -21 4 5185 288 1 138
K 0 7 45
K 0 0 43
K 0 7 45
K 1 7 45
H 138 B -49 0 108 3 2 1 3   
J B 496 1744 1 82 6913 288 0
J N 7 1765 -28 7 1 0 0
K 0 14 45
K 0 0 45
K 0 0 43
K -1 0 45
K 2 0 45
K 0 0 60
K 0 28 60
J N 7 1805 -21 7 3457 576 0
K 0 7 45
K -14 0 64
K 0 0 43
K 0 7 45
K 1 7 45
K 0 0 60
K 0 21 60
J B 497 1846 1 82 6913 576 0
J N 7 1867 -28 7 1 0 0
K 0 14 45
K 0 0 45
K 0 0 43
K -1 0 45
K 2 0 45
K 0 0 60
K 0 28 60
J N 7 1907 -21 7 3457 576 0
K 0 7 45
K -14 0 64
K 0 0 43
K 0 7 45
K 1 7 45
K 0 0 60
K 0 21 60
J B 498 1948 1 82 6913 576 0
J N 7 1969 -28 7 1 0 0
K 0 14 45
K 0 0 45
K 0 0 43
K -1 0 45
K 2 0 45
K 0 0 60
K 0 28 60
J N 7 2009 -21 7 3457 576 0
K 0 7 45
K -14 0 64
K 0 0 43
K 0 7 45
K 1 7 45
K 0 0 60
K 0 21 60
J B 499 2050 1 82 6913 576 0
E *
L 390 0 0 339 339 * 0
J C 4 5 42 2 6913 0 0
K 0 0 33
K 0 0 34
J K -3 57 0 3 6913 0 0
K 0 28 65
K 13 7 65
K 26 35 65
J R 9 193 28 46 1 0 0
J R 9 371 28 46 1 0 0
J R 9 509 28 46 1 0 0
J R 9 597 28 46 1 0 0
J R 9 724 28 46 1 0 0
J R 9 901 28 46 1 0 0
J R 9 1038 28 46 1 0 0
J B 491 1102 1 82 6913 1 0
J R 6 1123 28 49 1 0 0
J N 6 1159 14 3 1729 288 1 111
K 0 0 43
K 0 77 110
K 23 77 110
J N 6 1188 14 1 3457 288 1 111
K 0 0 43
J N 6 1217 14 1 5185 288 1 111
K 0 0 43
H 111 B -46 0 108 3 2 1 3   
J B 492 1250 1 82 6913 288 0
J N 7 1271 7 3 1 0 0
K 0 0 43
K 0 0 60
K 0 21 60
J R 7 1308 28 48 3457 576 0
J B 493 1349 1 82 6913 576 0
J R 6 1370 28 49 1 0 0
J N 6 1406 14 1 1729 288 1 112
K 0 0 43
J N 6 1435 14 1 3457 288 1 112
K 0 0 43
J N 6 1464 14 1 5185 288 1 112
K 0 0 43
H 112 B -46 0 108 3 2 1 3   
J B 494 1497 1 82 6913 288 0
J N 7 1518 7 3 1 0 0
K 0 0 43
K 0 0 60
K 0 21 60
J R 7 1555 28 48 3457 576 0
J B 495 1596 1 82 6913 576 0
J R 6 1617 28 49 1 0 0
J N 6 1653 14 1 1729 288 1 113
K 0 0 43
J N 6 1682 14 1 3457 288 1 113
K 0 0 43
J N 6 1711 14 1 5185 288 1 113
K 0 0 43
H 113 B -46 0 108 3 2 1 3   
J B 496 1744 1 82 6913 288 0
J N 7 1765 7 3 1 0 0
K 0 0 43
K 0 0 60
K 0 21 60
J N 7 1805 14 3 3457 576 0
K 0 0 43
K 0 0 60
K 0 21 60
J B 497 1846 1 82 6913 576 0
J N 7 1867 7 3 1 0 0
K 0 0 43
K 0 0 60
K 0 21 60
J N 7 1907 14 3 3457 576 0
K 0 0 43
K 0 0 60
K 0 21 60
J B 498 1948 1 82 6913 576 0
J N 7 1969 7 3 1 0 0
K 0 0 43
K 0 0 60
K 0 21 60
J N 7 2009 14 3 3457 576 0
K 0 0 43
K 0 0 60
K 0 21 60
J B 499 2050 1 82 6913 576 0
E *
B 0 296 0
B 1 474 0
B 1 573 0
B 1 649 0
B 0 827 0
B 1 1003 0
B 1 1102 0
B 1 1250 0
B 1 1349 0
B 1 1497 0
B 1 1596 0
B 1 1744 0
B 1 1846 0
B 1 1948 0
B 1 2050 0
S 0 200 1790 530 446 4 "[....]"
L 0 0 0 339 339 * 0
J C 4 5 42 2 6913 0 0
K 0 0 33
K 0 0 34
J K -3 57 0 3 6913 0 0
K 0 28 65
K 13 7 65
K 26 35 65
J D 0 96 -14 1 6913 0 0
W 0 0 37 ´¹¹
J N 7 139 -56 10 1 0 0
K 0 42 45
K 0 28 45
K 0 14 45
K 0 0 45
K 0 0 43
K -1 0 45
K 2 0 45
K 0 0 60
K 0 28 60
K 0 56 60
J N 7 179 -56 10 3457 576 0
K 0 42 45
K 0 28 45
K 0 14 45
K 0 0 45
K 0 0 43
K -1 0 45
K 2 0 45
K 0 0 60
K 0 28 60
K 0 56 60
J B 500 220 1 82 6913 576 0
J N 7 241 -56 10 1 0 0
K 0 42 45
K 0 28 45
K 0 14 45
K 0 0 45
K 0 0 43
K -1 0 45
K 2 0 45
K 0 0 60
K 0 28 60
K 0 56 60
J R 7 278 28 48 3457 576 0
J B 501 319 1 82 6913 576 0
J N 7 340 -21 7 1 0 0
K 0 7 45
K -14 0 64
K 0 0 43
K 0 7 45
K 1 7 45
K 0 0 60
K 0 21 60
J R 7 377 28 48 3457 576 0
J B 502 418 1 82 6913 576 0
J N 7 439 -28 7 1 0 0
K 0 14 45
K 0 0 45
K 0 0 43
K -1 0 45
K 2 0 45
K 0 0 60
K 0 28 60
J R 7 476 28 48 3457 576 0
J B 0 530 6 2 6913 576 0
K -12 0 82
K -5 0 84
E *
L 130 0 0 339 339 * 0
J C 4 5 42 2 6913 0 0
K 0 0 33
K 0 0 34
J K -3 57 0 3 6913 0 0
K 0 28 65
K 13 7 65
K 26 35 65
J N 7 139 -42 9 1 0 0
K 0 28 45
K 0 14 45
K 0 0 45
K 0 0 43
K -1 0 45
K 2 0 45
K 0 0 60
K 0 28 60
K 0 42 60
J N 7 179 -35 8 3457 576 0
K 0 21 45
K 0 7 45
K 0 0 43
K 0 7 45
K 1 7 45
K 0 0 60
K 0 28 60
K 0 35 60
J B 500 220 1 82 6913 576 0
J N 7 241 -42 9 1 0 0
K 0 28 45
K 0 14 45
K 0 0 45
K 0 0 43
K -1 0 45
K 2 0 45
K 0 0 60
K 0 28 60
K 0 42 60
J R 7 278 28 48 3457 576 0
J B 501 319 1 82 6913 576 0
J N 7 340 -7 3 1 0 0
K 0 0 43
K 0 0 60
K 0 21 60
J R 7 377 28 48 3457 576 0
J B 502 418 1 82 6913 576 0
J N 7 439 -7 3 1 0 0
K 0 0 43
K 0 0 60
K 0 21 60
J R 7 476 28 48 3457 576 0
J B 0 530 6 2 6913 576 0
K -12 0 82
K -5 0 84
E *
L 260 0 0 339 339 * 0
J C 4 5 42 2 6913 0 0
K 0 0 33
K 0 0 34
J K -3 57 0 3 6913 0 0
K 0 28 65
K 13 7 65
K 26 35 65
J N 7 139 -28 7 1 0 0
K 0 14 45
K 0 0 45
K 0 0 43
K -1 0 45
K 2 0 45
K 0 0 60
K 0 28 60
J N 7 179 -21 7 3457 576 0
K 0 7 45
K -14 0 64
K 0 0 43
K 0 7 45
K 1 7 45
K 0 0 60
K 0 21 60
J B 500 220 1 82 6913 576 0
J N 7 241 -28 7 1 0 0
K 0 14 45
K 0 0 45
K 0 0 43
K -1 0 45
K 2 0 45
K 0 0 60
K 0 28 60
J R 7 278 28 48 3457 576 0
J B 501 319 1 82 6913 576 0
J N 7 340 -21 7 1 0 0
K 0 7 45
K -14 0 64
K 0 0 43
K 0 7 45
K 1 7 45
K 0 0 60
K 0 21 60
J R 7 377 28 48 3457 576 0
J B 502 418 1 82 6913 576 0
J N 7 439 -28 7 1 0 0
K 0 14 45
K 0 0 45
K 0 0 43
K -1 0 45
K 2 0 45
K 0 0 60
K 0 28 60
J R 7 476 28 48 3457 576 0
J B 0 530 6 2 6913 576 0
K -12 0 82
K -5 0 84
E *
L 390 0 0 339 339 * 0
J C 4 5 42 2 6913 0 0
K 0 0 33
K 0 0 34
J K -3 57 0 3 6913 0 0
K 0 28 65
K 13 7 65
K 26 35 65
J N 7 139 7 3 1 0 0
K 0 0 43
K 0 0 60
K 0 21 60
J N 7 179 14 3 3457 576 0
K 0 0 43
K 0 0 60
K 0 21 60
J B 500 220 1 82 6913 576 0
J N 7 241 7 3 1 0 0
K 0 0 43
K 0 0 60
K 0 21 60
J R 7 278 28 48 3457 576 0
J B 501 319 1 82 6913 576 0
J N 7 340 14 3 1 0 0
K 0 0 43
K 0 0 60
K 0 21 60
J R 7 377 28 48 3457 576 0
J B 502 418 1 82 6913 576 0
J N 7 439 7 3 1 0 0
K 0 0 43
K 0 0 60
K 0 21 60
J R 7 476 28 48 3457 576 0
J B 0 530 6 2 6913 576 0
K -12 0 82
K -5 0 84
E *
B 1 220 0
B 1 319 0
B 1 418 0
B 6 530 0
