@ SYSTEM: Beethoven: Symphony No. 3 -- Marcia funebre.
S 0 200 140 2050 1608 12 "[....][{..}.](.)[{..}..]"
@ LINE: 1 Flutes
L 0 0 0 339 339 * 0 14 0
J D 0 -108 42 1 6913 0 0
W 0 0 31 Fl 1-2
J C 4 5 42 2 6913 0 0
K 0 0 33
K 0 0 34
J K -3 57 0 3 6913 0 0
K 0 28 65
K 13 7 65
K 26 35 65
J D 0 -27 -14 1 6913 0 0
W 0 0 37 \01\03\09
J R 9 234 28 2 1 0 0
K 0 0 46
A D 48 96 0
A P 3 0 0
J B 140 379 1 82 6913 1152 0
J R 9 514 28 2 1 0 0
K 0 0 46
A D 48 96 0
A P 3 0 0
J B 141 678 1 82 6913 1152 0
J R 5 699 28 3 1 0 0
K 0 14 49
K 4 0 50
A D 6 96 0
A P 1 0 0
J N 5 737 0 8 865 144 1 122
K 0 -14 45
K 0 -14 43
K -1 -14 45
K 2 -14 45
K 0 0 43
K 0 -31 96
K 0 -14 60
A D 6 96 0
A P 1 231 0
A P 2 220 0
J N 5 771 -7 8 1729 144 1 122
K 0 -7 45
K 0 -14 43
K 0 -7 45
K 1 -7 45
K 0 0 43
K 0 -31 96
K 0 -14 60
A D 6 96 0
A P 1 237 0
A P 2 226 0
J N 5 811 -14 11 2593 144 1 122
K 0 0 45
K 0 -14 45
K 0 -14 43
K -1 -14 45
K 2 -14 45
K 0 0 43
K -1 0 45
K 2 0 45
K 0 -31 96
K 0 -14 60
A D 6 96 0
A P 1 243 0
A P 2 231 0
H 122 B -47 -2 108 3 22 11 33
J N 5 851 -21 11 3457 144 1 123
K 0 7 45
K 0 -7 45
K 0 -14 43
K 0 -7 45
K 1 -7 45
K 0 0 43
K 0 7 45
K 1 7 45
K 0 -31 96
K 0 -14 60
A D 6 96 0
A P 1 249 0
A P 2 237 0
J N 5 885 -28 12 4321 144 1 123
K 0 14 45
K 0 0 45
K 0 -14 45
K 0 -14 43
K -1 -14 45
K 2 -14 45
K 0 0 43
K -1 0 45
K 2 0 45
K 0 -31 96
K 0 -14 60
A D 6 96 0
A P 1 254 0
A P 2 243 0
J N 5 919 -35 12 5185 144 1 123
K 0 21 45
K 0 7 45
K 0 -7 45
K 0 -14 43
K 0 -7 45
K 1 -7 45
K 0 0 43
K 0 7 45
K 1 7 45
K 0 -31 96
K 0 -14 60
A D 6 96 0
A P 1 260 0
A P 2 249 0
J N 5 953 -42 13 6049 144 1 123
K 0 28 45
K 0 14 45
K 0 0 45
K 0 -14 45
K 0 -14 43
K -1 -14 45
K 2 -14 45
K 0 0 43
K -1 0 45
K 2 0 45
K 0 -31 96
K 0 -14 60
A D 6 96 0
A P 1 266 0
A P 2 254 0
H 123 B -54 -1 108 4 22 11 11 33
J B 142 988 1 82 6913 144 0
J N 6 1009 -49 15 1 0 0
K 0 35 45
K 0 21 45
K 0 7 45
K 0 -7 45
K 0 -14 43
K 0 -7 45
K 1 -7 45
K 0 0 43
K 0 7 45
K 1 7 45
K 0 -14 60
K 0 0 60
K 0 28 60
K 0 28 54
A D 12 96 0
A P 1 271 0
A P 2 260 0
J R 6 1085 28 2 1729 288 0
K 0 0 49
A D 12 96 1
A P 1 0 1
J R 7 1165 28 2 3457 288 0
K 0 0 48
A D 24 96 0
A P 1 0 0
J B 143 1320 1 82 6913 576 0
J R 5 1347 -14 3 1 0 0
K 0 14 49
K 4 0 50
A D 6 96 0
A P 1 0 0
J R 6 1347 42 2 1 0 0
K 0 0 49
A D 12 96 1
A P 2 0 1
J N 5 1394 -21 7 865 144 1 124
K 1 7 45
K -14 0 64
K 0 0 43
K 0 7 45
K 1 7 45
K 7 -54 96
A D 6 96 0
A P 1 238 0
J N 5 1437 -14 7 1729 144 1 124
K 1 0 45
K -14 0 64
K 0 0 43
K -1 0 45
K 2 0 45
K 7 -61 96
A D 6 96 0
A P 1 232 0
J R 5 1437 42 3 1729 0 0
K 0 14 49
K 4 0 50
A D 6 96 0
A P 2 0 0
J N 5 1480 -21 6 2593 144 1 124
K 1 7 45
K 0 0 43
K 0 7 45
K 1 7 45
K 7 -54 96
A D 6 96 0
A P 1 238 0
H 124 B 45 0 108 3 22 11 33
J N 5 1480 -7 3 2593 0 0
K 0 0 43
K 0 0 56
A D 6 96 0
A P 2 226 0
J N 5 1523 -14 12 3457 144 1 125
K 0 0 45
K 0 -14 45
K -14 0 64
K 0 -14 43
K -1 -14 45
K 2 -14 45
K 0 0 43
K -1 0 45
K 2 0 45
K 0 -31 96
K 0 -14 60
A D 6 96 0
A P 1 243 0
A P 2 232 0
J N 5 1570 -21 12 4321 144 1 125
K 0 7 45
K 0 -7 45
K -14 0 64
K 0 -14 43
K 0 -7 45
K 1 -7 45
K 0 0 43
K 0 7 45
K 1 7 45
K 0 -31 96
K 0 -14 60
A D 6 96 0
A P 1 249 0
A P 2 238 0
J N 5 1613 -28 12 5185 144 1 125
K 0 14 45
K 0 0 45
K 0 -14 45
K 0 -14 43
K -1 -14 45
K 2 -14 45
K 0 0 43
K -1 0 45
K 2 0 45
K 0 -31 96
K 0 -14 60
A D 6 96 0
A P 1 254 0
A P 2 243 0
J N 5 1647 -35 12 6049 144 1 125
K 0 21 45
K 0 7 45
K 0 -7 45
K 0 -14 43
K 0 -7 45
K 1 -7 45
K 0 0 43
K 0 7 45
K 1 7 45
K 0 -31 96
K 0 -14 60
A D 6 96 0
A P 1 260 0
A P 2 249 0
H 125 B -47 -1 108 4 22 11 11 33
J B 144 1682 1 82 6913 144 0
J N 6 1703 -42 14 1 0 0
K 0 28 45
K 0 14 45
K 0 0 45
K 0 -14 45
K 0 -14 43
K -1 -14 45
K 2 -14 45
K 0 0 43
K -1 0 45
K 2 0 45
K 0 -14 60
K 0 0 60
K 0 21 54
A D 12 96 0
A P 1 266 0
A P 2 254 0
J N 7 1790 -7 13 1729 288 0
K 0 -7 45
K 0 -21 45
K 0 -35 45
K 0 -49 45
K 0 -49 43
K -1 -49 45
K 2 -49 45
K 0 0 43
K 0 -49 60
K 0 -28 60
K 0 0 60
K 0 21 60
A D 24 96 0
A P 1 266 0
A P 2 226 0
J N 5 1960 -7 11 5185 576 2 126 127
K 0 -7 45
K 0 -21 45
K 0 -35 45
K 0 -49 45
K 0 -49 43
K -1 -49 45
K 2 -49 45
K 0 0 43
K 0 -49 60
K 0 -28 60
A D 6 96 0
A P 1 266 0
A P 2 226 0
J N 5 2007 21 11 6049 144 2 127 126
K 0 -35 45
K 0 -49 45
K -18 -49 63
K -18 0 63
K 0 -49 43
K -1 -49 45
K 2 -49 45
K 0 0 43
K 0 -49 60
K 0 -28 60
A D 6 96 0
A P 1 244 0
A P 2 204 0
H 127 B -64 11 108 2 22 33
H 126 S 0 0 -49 0 -49 0 0 0 0
J B 145 2050 1 82 6913 144 0
E *
@ LINE: 2 Oboes
L 132 0 0 339 339 * 0 14 0
J D 0 -119 42 1 6913 0 0
W 0 0 31 Ob 1-2
J C 4 5 42 2 6913 0 0
K 0 0 33
K 0 0 34
J K -3 57 0 3 6913 0 0
K 0 28 65
K 13 7 65
K 26 35 65
J D 0 -27 -14 1 6913 0 0
W 0 0 0 \01\03\09
J N 7 139 7 5 1 0 2 133 131
K 0 0 43
K 25 0 44
K 0 0 59
K 0 -14 59
A D 36 96 0
A P 1 214 0
J M 0 87 0 0 6913 0 1 131
H 131 T 7 0 0 0 0 0 3 0
J N 7 139 7 5 1 0 1 132
K 0 0 43
K 25 0 44
K 0 0 60
K 0 21 60
A D 36 96 0
A P 2 214 0
J M 0 87 0 0 6913 0 1 132
H 132 T 7 0 0 0 0 0 11 0
J N 6 319 14 3 5185 864 1 133
K 0 0 43
K 0 0 51
A D 12 96 0
A P 1 209 0
H 133 S 0 14 -35 6 -35 0 0 -3 28
J N 6 319 14 3 5185 0 0
K 0 0 43
K 0 0 54
A D 12 96 0
A P 2 209 0
J B 140 379 1 82 6913 288 0
J N 6 400 21 3 1 0 0
K 0 0 43
K 0 0 51
A D 12 96 0
A P 1 203 0
J N 6 400 21 2 1 0 1 134
K 0 0 43
A D 12 96 0
A P 2 203 0
J N 5 470 -7 3 1729 288 1 135
K 0 0 43
K 7 -53 96
A D 6 96 0
A P 1 226 0
J N 5 470 7 2 1729 0 1 134
K 0 0 43
A D 6 96 0
A P 2 214 0
J N 5 505 0 3 2593 144 1 135
K 0 0 43
K 7 -56 96
A D 6 96 0
A P 1 220 0
H 135 B 45 4 108 2 22 33
J N 5 505 14 2 2593 0 1 134
K 0 0 43
A D 6 96 0
A P 2 209 0
H 134 B -40 -1 108 3 2 21 33
J N 5 540 21 5 3457 144 1 136
K 0 -14 43
K 0 0 43
K 0 -31 96
K 0 -14 60
A D 6 96 0
A P 1 214 0
A P 2 203 0
J N 5 575 28 5 4321 144 1 136
K 0 -14 43
K 0 0 43
K 0 -35 96
K 0 -14 60
A D 6 96 0
A P 1 209 0
A P 2 197 0
J N 5 609 35 5 5185 144 1 136
K 0 -14 43
K 0 0 43
K 0 -28 96
K 0 -14 60
A D 6 96 0
A P 1 203 0
A P 2 191 0
J N 5 643 42 5 6049 144 1 136
K 0 -14 43
K 0 0 43
K 0 -35 96
K 0 -14 60
A D 6 96 0
A P 1 197 0
A P 2 186 0
H 136 B -52 4 108 4 22 11 11 33
J B 141 678 1 82 6913 144 0
J N 6 699 35 5 1 0 0
K 0 0 43
K 0 14 43
K 0 14 59
K 0 0 53
A D 12 96 0
A P 1 191 0
A P 2 180 0
J R 6 771 28 2 1729 288 0
K 0 0 49
A D 12 96 1
A P 1 0 1
J R 7 851 28 2 3457 288 0
K 0 0 48
A D 24 96 0
A P 1 0 0
J B 142 988 1 82 6913 576 0
J R 5 1009 28 3 1 0 0
K 0 14 49
K 4 0 50
A D 6 96 0
A P 1 0 0
J N 5 1047 0 8 865 144 1 137
K 0 -14 45
K 0 -14 43
K -1 -14 45
K 2 -14 45
K 0 0 43
K 0 -31 96
K 0 -14 60
A D 6 96 0
A P 1 231 0
A P 2 220 0
J N 5 1085 0 8 1729 144 1 137
K 0 -14 45
K 0 -14 43
K -1 -14 45
K 2 -14 45
K 0 0 43
K 0 -31 96
K 0 -14 60
A D 6 96 0
A P 1 231 0
A P 2 220 0
J N 5 1125 7 5 2593 144 1 137
K 0 -14 43
K 0 0 43
K 0 -31 96
K 0 -14 60
A D 6 96 0
A P 1 226 0
A P 2 214 0
H 137 B -58 1 108 3 22 11 33
J N 5 1165 14 5 3457 144 1 138
K 0 -14 43
K 0 0 43
K 0 -31 96
K 0 -14 60
A D 6 96 0
A P 1 220 0
A P 2 209 0
J N 5 1199 21 5 4321 144 1 138
K 0 -14 43
K 0 0 43
K 0 -31 96
K 0 -14 60
A D 6 96 0
A P 1 214 0
A P 2 203 0
J N 5 1242 28 6 5185 144 1 138
K -14 0 64
K 0 -14 43
K 0 0 43
K 0 -35 96
K 0 -14 60
A D 6 96 0
A P 1 209 0
A P 2 198 0
J N 5 1285 35 6 6049 144 1 138
K -14 0 64
K 0 -14 43
K 0 0 43
K 0 -28 96
K 0 -14 60
A D 6 96 0
A P 1 203 0
A P 2 192 0
H 138 B -60 3 108 4 22 11 11 33
J B 143 1320 1 82 6913 144 0
J N 6 1347 28 6 1 0 0
K -14 0 64
K 0 0 43
K 0 14 43
K 0 14 59
K 0 0 51
A D 12 96 0
A P 1 198 0
A P 2 186 0
J R 6 1437 28 2 1729 288 0
K 0 0 49
A D 12 96 1
A P 1 0 1
J R 6 1523 28 2 3457 288 0
K 0 0 49
A D 12 96 0
A P 1 0 0
J N 6 1613 42 6 5185 288 2 139 140
K 0 -49 43
K 0 0 43
K 0 -49 60
K 0 -28 60
K 0 0 52
A D 12 96 1
A P 1 226 1
A P 2 186 1
J B 144 1682 1 82 6913 288 0
J N 5 1703 42 5 1 0 4 141 142 139 140
K 0 -49 43
K 0 0 43
K 0 -49 60
K 0 -28 60
A D 6 96 0
A P 1 226 0
A P 2 186 0
H 139 T -7 0 0 0 0 0 1 0
H 140 T 42 0 0 0 0 0 15 0
J N 5 1750 49 7 865 144 1 142
K -18 -49 63
K -18 0 63
K 0 -49 43
K 0 0 43
K 0 -49 60
K 0 -28 60
A D 6 96 0
A P 1 221 0
A P 2 181 0
J N 5 1790 42 5 1729 144 1 142
K 0 -49 43
K 0 0 43
K 0 -49 60
K 0 -28 60
A D 6 96 0
A P 1 226 0
A P 2 186 0
J N 5 1833 35 10 2593 144 1 142
K 0 -49 45
K -14 -49 64
K -14 0 64
K 0 -49 43
K -1 -49 45
K 2 -49 45
K 0 0 43
K 0 -49 60
K 0 -28 60
A D 6 96 0
A P 1 232 0
A P 2 192 0
H 142 B -52 0 108 4 22 11 11 33
J N 6 1877 28 10 3457 144 1 143
K 0 -42 45
K -15 -49 65
K -15 0 65
K 0 -49 43
K 0 -42 45
K 1 -42 45
K 0 0 43
K 0 -49 60
K 0 -28 60
A D 12 96 0
A P 1 237 0
A P 2 197 0
J N 6 1960 42 5 5185 288 2 143 141
K 0 -49 43
K 0 0 43
K 0 -49 60
K 0 -28 60
A D 12 96 0
A P 1 226 0
A P 2 186 0
H 143 B -48 3 108 2 2 3
H 141 S 0 0 -56 0 -56 0 0 0 0
J B 145 2050 1 82 6913 288 0
E *
@ LINE: 3 Clarinets
L 264 0 0 339 339 * 0 14 0
J D 0 -110 42 1 6913 0 0
W 0 -21 31 Cl 1-2
J D 0 -110 42 1 6913 0 0
W 0 21 31 (B\0.)
J C 4 5 42 2 6913 0 0
K 0 0 33
K 0 0 34
J K -1 57 0 1 6913 0 0
K 0 28 65
J D 0 -27 -14 1 6913 0 0
W 0 0 0 \01\03\09
J N 7 139 35 4 1 0 1 79
K 0 0 43
K 0 0 59
K 0 -21 59
A D 8 32 0
A P 3 192 0
J N 6 259 28 3 3457 576 1 80
K -14 0 64
K 0 0 43
A D 4 32 0
A P 3 198 0
J N 6 319 21 3 5185 288 2 80 79
K -18 0 63
K 0 0 43
A D 4 32 0
A P 3 204 0
H 80 B -47 -2 108 2 2 3
H 79 S 0 14 0 0 0 0 0 0 0
J B 140 379 1 82 6913 288 0
J N 8 400 14 7 1 0 2 81 82
K 0 0 42
K 0 49 42
K 0 49 59
K 0 28 59
K 0 0 59
K 0 -14 59
A D 16 32 1
A P 1 209 1
A P 2 169 1
J B 141 678 1 82 6913 1152 0
J N 5 699 14 6 1 0 2 81 82
K 0 0 43
K 0 49 43
K 0 49 59
K 0 28 59
K 0 0 55
A D 2 32 0
A P 1 209 0
A P 2 169 0
H 81 T 14 0 0 0 0 0 7 0
H 82 T 63 0 0 0 0 0 9 0
J N 5 737 42 5 865 144 1 83
K 0 -14 43
K 0 0 43
K 0 -35 96
K 0 -14 60
A D 2 32 0
A P 1 197 0
A P 2 186 0
J N 5 771 35 5 1729 144 1 83
K 0 -14 43
K 0 0 43
K 0 -28 96
K 0 -14 60
A D 2 32 0
A P 1 203 0
A P 2 192 0
J N 5 811 28 5 2593 144 1 83
K 0 -14 43
K 0 0 43
K 0 -35 96
K 0 -14 60
A D 2 32 0
A P 1 209 0
A P 2 197 0
H 83 B -45 -3 108 3 22 11 33
J N 5 851 21 5 3457 144 1 84
K 0 -14 43
K 0 0 43
K 0 -31 96
K 0 -14 60
A D 2 32 0
A P 1 215 0
A P 2 203 0
J N 5 885 14 5 4321 144 1 84
K 0 -14 43
K 0 0 43
K 0 -31 96
K 0 -14 60
A D 2 32 0
A P 1 220 0
A P 2 209 0
J N 5 919 7 5 5185 144 1 84
K 0 -14 43
K 0 0 43
K 0 -31 96
K 0 -14 60
A D 2 32 0
A P 1 226 0
A P 2 215 0
J N 5 953 0 8 6049 144 1 84
K 0 -14 45
K 0 -14 43
K -1 -14 45
K 2 -14 45
K 0 0 43
K 0 -31 96
K 0 -14 60
A D 2 32 0
A P 1 232 0
A P 2 220 0
H 84 B -51 -4 108 4 22 11 11 33
J B 142 988 1 82 6913 144 0
J N 5 1009 -7 8 1 0 0
K 0 -7 45
K 0 -14 43
K 0 -7 45
K 1 -7 45
K 0 0 43
K 0 -14 60
K 0 0 56
A D 2 32 0
A P 1 237 0
A P 2 226 0
J R 5 1047 -35 3 865 144 0
K 0 14 49
K 4 0 50
A D 2 32 1
A P 1 0 1
J N 5 1047 28 3 865 0 1 85
K 0 0 43
K 0 -21 96
A D 2 32 0
A P 2 197 0
J R 6 1085 -28 2 1729 144 0
K 0 0 49
A D 4 32 1
A P 1 0 1
J N 5 1085 28 3 1729 0 1 85
K 0 0 43
K 0 -21 96
A D 2 32 0
A P 2 197 0
J N 5 1125 35 3 2593 144 1 85
K 0 0 43
K 0 -14 96
A D 2 32 0
A P 2 192 0
H 85 B -58 1 108 3 22 11 33
J R 7 1165 -14 2 3457 144 0
K 0 0 48
A D 8 32 0
A P 1 0 0
J N 5 1165 42 3 3457 0 1 86
K 0 0 43
K 0 -21 96
A D 2 32 0
A P 2 186 0
J N 5 1199 0 3 4321 144 1 86
K 0 0 43
K 0 -17 96
A D 2 32 0
A P 2 220 0
J N 5 1242 7 3 5185 144 1 86
K 0 0 43
K 0 -17 96
A D 2 32 0
A P 2 215 0
J N 5 1285 14 3 6049 144 1 86
K 0 0 43
K 0 -21 96
A D 2 32 0
A P 2 209 0
H 86 B -46 -4 108 4 22 11 11 33
J B 143 1320 1 82 6913 144 0
J R 5 1347 -28 3 1 0 0
K 0 14 49
K 4 0 50
A D 2 32 0
A P 1 0 0
J N 6 1347 21 4 1 0 0
K -18 0 63
K 0 0 43
K 0 0 54
A D 4 32 0
A P 2 204 0
J N 5 1394 21 4 865 144 1 87
K -18 0 63
K 0 0 43
K 7 -54 96
A D 2 32 0
A P 1 204 0
J N 5 1437 28 4 1729 144 1 87
K -14 0 64
K 0 0 43
K 7 -61 96
A D 2 32 0
A P 1 198 0
J R 5 1437 56 3 1729 0 0
K 0 14 49
K 4 0 50
A D 2 32 0
A P 2 0 0
J N 5 1480 21 3 2593 144 1 87
K 0 0 43
K 7 -54 96
A D 2 32 0
A P 1 204 0
H 87 B 45 0 108 3 22 11 33
J N 5 1480 35 3 2593 0 0
K 0 0 43
K 0 0 56
A D 2 32 0
A P 2 192 0
J N 5 1523 28 6 3457 144 1 88
K -14 0 64
K 0 -14 43
K 0 0 43
K 0 -35 96
K 0 -14 60
A D 2 32 0
A P 1 209 0
A P 2 198 0
J N 5 1570 21 6 4321 144 1 88
K -18 0 63
K 0 -14 43
K 0 0 43
K 0 -31 96
K 0 -14 60
A D 2 32 0
A P 1 215 0
A P 2 204 0
J N 5 1613 14 5 5185 144 1 88
K 0 -14 43
K 0 0 43
K 0 -31 96
K 0 -14 60
A D 2 32 0
A P 1 220 0
A P 2 209 0
J N 5 1647 7 5 6049 144 1 88
K 0 -14 43
K 0 0 43
K 0 -31 96
K 0 -14 60
A D 2 32 0
A P 1 226 0
A P 2 215 0
H 88 B -44 -3 108 4 22 11 11 33
J B 144 1682 1 82 6913 144 0
J R 9 1852 28 2 1 0 0
K 0 0 46
A D 16 32 0
A P 3 0 0
J B 145 2050 1 82 6913 1152 0
E *
@ LINE: 4 Bassoons
L 396 0 0 339 339 * 0 14 0
J D 0 -130 42 1 6913 0 0
W 0 0 31 Fag 1-2
J C 22 5 14 36 6913 0 0
J K -3 57 0 3 6913 0 0
K 0 42 65
K 13 21 65
K 26 49 65
J D 0 -27 -14 1 6913 0 0
W 0 0 0 \01\03\09
J R 9 234 -56 2 1 0 0
K 0 0 46
A D 16 32 0
A P 1 0 0
J R 7 139 42 2 1 0 0
K 0 0 48
A D 8 32 0
A P 2 0 0
J N 7 259 -42 12 3457 576 1 123
K 0 28 45
K 0 14 45
K 0 0 45
K 0 0 43
K -1 0 45
K 2 0 45
K 0 126 111
K 12 126 110
K 0 0 60
K 0 28 60
K 0 42 60
A D 8 32 1
A P 2 186 1
J B 140 379 1 82 6913 576 0
J R 6 400 -70 2 1 0 0
K 0 0 49
A D 4 32 0
A P 1 0 0
J N 5 400 -42 7 1 0 2 124 123
K 0 28 45
K 0 14 45
K 0 0 45
K 0 0 43
K -1 0 45
K 2 0 45
A D 2 32 0
A P 2 186 0
H 123 T -42 0 0 0 0 0 15 0
J N 5 435 -35 6 865 144 1 124
K 0 21 45
K 0 7 45
K 0 0 43
K 0 7 45
K 1 7 45
A D 2 32 0
A P 2 180 0
J N 5 470 -42 8 1729 144 1 125
K 1 28 45
K 1 14 45
K 1 0 45
K 0 0 43
K -1 0 45
K 2 0 45
K 7 -46 96
A D 2 32 0
A P 1 186 0
J N 5 470 -28 6 1729 0 1 124
K 0 14 45
K 0 0 45
K 0 0 43
K -1 0 45
K 2 0 45
A D 2 32 0
A P 2 174 0
J N 5 505 -35 7 2593 144 1 125
K 1 21 45
K 1 7 45
K 0 0 43
K 0 7 45
K 1 7 45
K 7 -49 96
A D 2 32 0
A P 1 180 0
H 125 B 38 4 108 2 22 33
J N 5 505 -21 5 2593 0 1 124
K 0 7 45
K 0 0 43
K 0 7 45
K 1 7 45
A D 2 32 0
A P 2 169 0
H 124 B -70 1 108 4 22 11 11 33
J N 5 540 -14 11 3457 144 1 126
K 0 0 45
K 0 -14 45
K 0 -14 43
K -1 -14 45
K 2 -14 45
K 0 0 43
K -1 0 45
K 2 0 45
K 0 -31 96
K 0 -14 60
A D 2 32 0
A P 1 174 0
A P 2 163 0
J N 5 575 -7 8 4321 144 1 126
K 0 -7 45
K 0 -14 43
K 0 -7 45
K 1 -7 45
K 0 0 43
K 0 -31 96
K 0 -14 60
A D 2 32 0
A P 1 169 0
A P 2 157 0
J N 5 609 0 8 5185 144 1 126
K 0 -14 45
K 0 -14 43
K -1 -14 45
K 2 -14 45
K 0 0 43
K 0 -31 96
K 0 -14 60
A D 2 32 0
A P 1 163 0
A P 2 151 0
J N 5 643 7 5 6049 144 1 126
K 0 -14 43
K 0 0 43
K 0 -31 96
K 0 -14 60
A D 2 32 0
A P 1 157 0
A P 2 146 0
H 126 B -59 4 108 4 22 11 11 33
J B 141 678 1 82 6913 144 0
J N 6 699 14 5 1 0 0
K 0 -14 43
K 0 0 43
K 0 -14 60
K 0 0 54
A D 4 32 0
A P 1 151 0
A P 2 140 0
J R 6 771 28 2 1729 288 0
K 0 0 49
A D 4 32 1
A P 1 0 1
J R 7 851 28 2 3457 288 0
K 0 0 48
A D 8 32 0
A P 1 0 0
J B 142 988 1 82 6913 576 0
J R 6 1009 -70 2 1 0 0
K 0 0 49
A D 4 32 1
A P 1 0 1
J R 5 1009 0 3 1 0 0
K 0 14 49
K 4 0 50
A D 2 32 0
A P 2 0 0
J N 5 1047 -35 7 865 144 1 127
K 0 21 45
K 0 7 45
K 0 0 43
K 0 7 45
K 1 7 45
K 0 -17 96
A D 2 32 0
A P 2 180 0
J R 5 1085 -91 3 1729 144 0
K 0 14 49
K 4 0 50
A D 2 32 0
A P 1 0 0
J N 5 1085 -35 7 1729 0 1 127
K 0 21 45
K 0 7 45
K 0 0 43
K 0 7 45
K 1 7 45
K 0 -17 96
A D 2 32 0
A P 2 180 0
J N 5 1125 -42 9 2593 144 0
K 1 28 45
K 1 14 45
K 1 0 45
K 0 0 43
K -1 0 45
K 2 0 45
K -1 -42 96
K 0 0 55
A D 2 32 0
A P 1 186 0
J N 5 1125 -28 7 2593 0 1 127
K 0 14 45
K 0 0 45
K 0 0 43
K -1 0 45
K 2 0 45
K 0 -17 96
A D 2 32 0
A P 2 174 0
H 127 B -63 1 108 3 22 11 33
J N 5 1165 -21 11 3457 144 1 128
K 0 7 45
K 0 -7 45
K 0 -14 43
K 0 -7 45
K 1 -7 45
K 0 0 43
K 0 7 45
K 1 7 45
K 0 -31 96
K 0 -14 60
A D 2 32 0
A P 1 180 0
A P 2 169 0
J N 5 1199 -14 11 4321 144 1 128
K 0 0 45
K 0 -14 45
K 0 -14 43
K -1 -14 45
K 2 -14 45
K 0 0 43
K -1 0 45
K 2 0 45
K 0 -31 96
K 0 -14 60
A D 2 32 0
A P 1 174 0
A P 2 163 0
J N 5 1242 -7 9 5185 144 1 128
K 0 -7 45
K -14 0 64
K 0 -14 43
K 0 -7 45
K 1 -7 45
K 0 0 43
K 0 -31 96
K 0 -14 60
A D 2 32 0
A P 1 169 0
A P 2 158 0
J N 5 1285 0 9 6049 144 1 128
K 0 -14 45
K -14 0 64
K 0 -14 43
K -1 -14 45
K 2 -14 45
K 0 0 43
K 0 -31 96
K 0 -14 60
A D 2 32 0
A P 1 163 0
A P 2 152 0
H 128 B -53 3 108 4 22 11 11 33
J B 143 1320 1 82 6913 144 0
J N 6 1347 7 6 1 0 0
K -14 -14 64
K 0 -14 43
K 0 0 43
K 0 -14 60
K 0 0 54
A D 4 32 0
A P 1 158 0
A P 2 146 0
J R 6 1437 28 2 1729 288 0
K 0 0 49
A D 4 32 1
A P 1 0 1
J R 5 1523 28 3 3457 288 0
K 0 14 49
K 4 0 50
A D 2 32 0
A P 1 0 0
J N 5 1570 -7 9 4321 144 1 129
K 0 -7 45
K -14 0 64
K 0 -14 43
K 0 -7 45
K 1 -7 45
K 0 0 43
K 0 -31 96
K 0 -14 60
A D 2 32 0
A P 1 169 0
A P 2 158 0
J N 5 1613 0 9 5185 144 1 129
K 0 -14 45
K -14 0 64
K 0 -14 43
K -1 -14 45
K 2 -14 45
K 0 0 43
K 0 -31 96
K 0 -14 60
A D 2 32 0
A P 1 163 0
A P 2 152 0
J N 5 1647 7 5 6049 144 1 129
K 0 -14 43
K 0 0 43
K 0 -31 96
K 0 -14 60
A D 2 32 0
A P 1 158 0
A P 2 146 0
H 129 B -49 2 108 3 22 11 33
J B 144 1682 1 82 6913 144 0
J N 6 1703 -14 5 1 0 1 130
K 1 0 45
K 0 0 43
K -1 0 45
K 2 0 45
A D 4 32 0
A P 1 163 0
J N 6 1703 7 2 1 0 1 131
K 0 0 43
A D 4 32 0
A P 2 146 0
J N 6 1790 -14 6 1729 288 2 132 130
K 1 0 45
K -18 0 63
K 0 0 43
K -1 0 45
K 2 0 45
A D 4 32 1
A P 1 164 1
H 130 B 42 0 108 2 2 3
J N 6 1790 7 2 1729 0 2 133 131
K 0 0 43
A D 4 32 1
A P 2 146 1
J N 6 1877 -14 5 3457 288 2 134 132
K 1 0 45
K 0 0 43
K -1 0 45
K 2 0 45
A D 4 32 0
A P 1 164 0
H 132 T -14 0 0 0 0 0 7 0
J N 6 1877 7 2 3457 0 2 131 133
K 0 0 43
A D 4 32 0
A P 2 146 0
H 133 T 7 0 0 0 0 0 11 0
J N 6 1960 7 3 5185 288 1 134
K 0 0 43
K 7 -68 96
A D 4 32 0
A P 1 146 0
H 134 B 42 5 108 2 2 3
J N 6 1960 7 2 5185 0 1 131
K 0 0 43
A D 4 32 0
A P 2 146 0
H 131 B -49 0 108 4 2 1 1 3
J B 145 2050 1 82 6913 288 0
E *
@ LINE: 5 Horns 1 & 2
L 551 0 0 339 339 * 0 14 0
J D 0 -138 42 1 6913 0 0
W 0 -21 31 Cor 1-2
J D 0 -138 42 1 6913 0 0
W 0 21 31 (C)
J C 4 5 42 2 6913 0 0
K 0 0 33
K 0 0 34
J K 0 57 0 0 6913 0 0
J D 0 -27 -14 1 6913 0 0
W 0 0 0 \01\03\09
J R 9 234 28 2 1 0 0
K 0 0 46
A D 48 96 0
A P 3 0 0
J B 140 379 1 82 6913 1152 0
J N 8 400 21 12 1 0 2 59 60
K 1 49 45
K 0 0 42
K 0 49 42
K -1 49 45
K 2 49 45
K 0 98 110
K 17 98 110
K 0 49 59
K 0 28 59
K 0 0 59
K 0 -14 59
A D 48 96 1
A P 1 203 1
A P 2 163 1
J B 141 678 1 82 6913 1152 0
J N 7 699 21 10 1 0 2 59 60
K 1 49 45
K 0 0 43
K 0 49 43
K -1 49 45
K 2 49 45
K 0 49 59
K 0 28 59
K 0 0 59
K 0 -14 59
A D 24 96 0
A P 1 203 0
A P 2 163 0
H 59 T 21 0 0 0 0 0 3 0
H 60 T 70 0 0 0 0 0 15 0
J N 7 851 0 6 3457 576 1 61
K 0 0 43
K 0 84 111
K 12 84 110
K 0 0 59
K 0 -14 59
A D 24 96 1
A P 1 220 1
J N 7 851 0 4 3457 0 1 62
K 0 0 43
K 0 0 60
K 0 21 60
A D 24 96 1
A P 2 220 1
J B 142 988 1 82 6913 576 0
J N 7 1009 0 4 1 0 1 61
K 0 0 43
K 0 0 59
K 0 -14 59
A D 24 96 0
A P 1 220 0
H 61 T 0 0 0 0 0 0 7 0
J N 7 1009 0 4 1 0 1 62
K 0 0 43
K 0 0 60
K 0 21 60
A D 24 96 0
A P 2 220 0
H 62 T 0 0 0 0 0 0 15 0
J N 7 1165 14 4 3457 576 1 63
K 0 0 43
K 0 0 59
K 0 -14 59
A D 24 96 1
A P 1 209 1
J N 7 1165 14 4 3457 0 1 64
K 0 0 43
K 0 0 60
K 0 21 60
A D 24 96 1
A P 2 209 1
J B 143 1320 1 82 6913 576 0
J N 7 1347 14 4 1 0 1 63
K 0 0 43
K 0 0 59
K 0 -14 59
A D 24 96 0
A P 1 209 0
H 63 T 14 0 0 0 0 0 7 0
J N 7 1347 14 4 1 0 1 64
K 0 0 43
K 0 0 60
K 0 21 60
A D 24 96 0
A P 2 209 0
H 64 T 14 0 0 0 0 0 15 0
J N 7 1523 -7 4 3457 576 1 65
K 0 0 43
K 0 0 59
K 0 -14 59
A D 24 96 1
A P 1 226 1
J N 7 1523 -7 4 3457 0 1 66
K 0 0 43
K 0 0 60
K 0 21 60
A D 24 96 0
A P 2 226 0
J B 144 1682 1 82 6913 576 0
J N 7 1703 42 7 1 0 2 65 66
K 0 -49 43
K 0 0 43
K 0 -49 60
K 0 -28 60
K 0 0 60
K 0 14 60
A D 24 96 0
A P 1 226 0
A P 2 186 0
H 65 T -7 0 0 0 0 0 3 0
H 66 S 12 -6 42 -6 35 0 0 0 0
J N 7 1877 42 7 3457 576 0
K 0 -49 43
K 0 0 43
K 0 -49 60
K 0 -28 60
K 0 0 60
K 0 14 60
A D 24 96 0
A P 1 226 0
A P 2 186 0
J B 145 2050 1 82 6913 576 0
E *
@ LINE: 6 Horn 3
L 696 0 0 339 339 * 0 14 0
J D 0 -112 42 1 6913 0 0
W 0 -21 31 Cor 3
J D 0 -112 42 1 6913 0 0
W 0 21 31 (E\0.)
J C 4 5 42 2 6913 0 0
K 0 0 33
K 0 0 34
J K 0 57 0 0 6913 0 0
J D 0 -27 -14 1 6913 0 0
W 0 0 0 \01\03\09
J N 7 139 7 4 1 0 0
K 0 0 43
K 0 0 60
K 0 21 60
A D 24 96 0
A P 1 215 0
J N 6 259 56 2 3457 576 1 26
K 0 0 43
A D 12 96 0
A P 1 175 0
J N 6 319 56 2 5185 288 1 26
K 0 0 43
A D 12 96 0
A P 1 175 0
H 26 B 46 0 108 2 2 3
J B 140 379 1 82 6913 288 0
J N 6 400 56 3 1 0 0
K 0 0 43
K 0 0 53
A D 12 96 0
A P 1 175 0
J R 6 470 28 2 1729 288 0
K 0 0 49
A D 12 96 1
A P 1 0 1
J R 7 540 28 2 3457 288 0
K 0 0 48
A D 24 96 0
A P 1 0 0
J B 141 678 1 82 6913 576 0
J R 7 699 28 2 1 0 0
K 0 0 48
A D 24 96 0
A P 1 0 0
J N 7 851 0 6 3457 576 1 27
K 0 0 43
K 0 84 111
K 12 84 110
K 0 0 60
K 0 21 60
A D 24 96 1
A P 1 220 1
J B 142 988 1 82 6913 576 0
J N 7 1009 0 4 1 0 1 27
K 0 0 43
K 0 0 60
K 0 21 60
A D 24 96 0
A P 1 220 0
H 27 T 0 0 0 0 0 0 5 0
J N 7 1165 14 4 3457 576 1 28
K 0 0 43
K 0 0 60
K 0 21 60
A D 24 96 1
A P 1 209 1
J B 143 1320 1 82 6913 576 0
J N 6 1347 14 2 1 0 2 29 28
K 0 0 43
A D 12 96 0
A P 1 209 0
H 28 T 14 0 0 0 0 0 5 0
J N 6 1437 7 2 1729 288 1 29
K 0 0 43
A D 12 96 0
A P 1 215 0
H 29 B -46 -1 108 2 2 3
J N 7 1523 7 4 3457 288 1 30
K 0 0 43
K 0 0 60
K 0 21 60
A D 24 96 1
A P 1 215 1
J B 144 1682 1 82 6913 576 0
J N 6 1703 7 2 1 0 2 31 30
K 0 0 43
A D 12 96 0
A P 1 215 0
H 30 T 7 0 0 0 0 0 1 0
J N 6 1790 56 2 1729 288 1 31
K 0 0 43
A D 12 96 0
A P 1 175 0
J N 6 1877 42 2 3457 288 1 31
K 0 0 43
A D 12 96 0
A P 1 186 0
J N 6 1960 56 2 5185 288 1 31
K 0 0 43
A D 12 96 0
A P 1 175 0
H 31 B 42 3 108 4 2 1 1 3
J B 145 2050 1 82 6913 288 0
E *
@ LINE: 7 Trumpets
L 836 0 0 339 339 * 0 14 0
J D 0 -111 42 1 6913 0 0
W 0 -21 31 Tr 1-2
J D 0 -111 42 1 6913 0 0
W 0 21 31 (C)
J C 4 5 42 2 6913 0 0
K 0 0 33
K 0 0 34
J K 0 57 0 0 6913 0 0
J D 0 -27 -14 1 6913 0 0
W 0 0 0 \01\03\09
J R 9 234 28 2 1 0 0
K 0 0 46
A D 48 96 0
A P 3 0 0
J B 140 379 1 82 6913 1152 0
J N 8 400 21 12 1 0 2 13 14
K 1 49 45
K 0 0 42
K 0 49 42
K -1 49 45
K 2 49 45
K 0 98 110
K 17 98 110
K 0 49 59
K 0 28 59
K 0 0 59
K 0 -14 59
A D 48 96 1
A P 1 203 1
A P 2 163 1
J B 141 678 1 82 6913 1152 0
J N 7 699 21 10 1 0 2 13 14
K 1 49 45
K 0 0 43
K 0 49 43
K -1 49 45
K 2 49 45
K 0 49 59
K 0 28 59
K 0 0 59
K 0 -14 59
A D 24 96 0
A P 1 203 0
A P 2 163 0
H 13 T 21 0 0 0 0 0 3 0
H 14 T 70 0 0 0 0 0 15 0
J N 7 851 0 6 3457 576 1 15
K 0 0 43
K 0 84 111
K 12 84 110
K 0 0 59
K 0 -14 59
A D 24 96 1
A P 1 220 1
J N 7 851 0 4 3457 0 1 16
K 0 0 43
K 0 0 60
K 0 21 60
A D 24 96 1
A P 2 220 1
J B 142 988 1 82 6913 576 0
J N 7 1009 0 4 1 0 1 15
K 0 0 43
K 0 0 59
K 0 -14 59
A D 24 96 0
A P 1 220 0
H 15 T 0 0 0 0 0 0 7 0
J N 7 1009 0 4 1 0 1 16
K 0 0 43
K 0 0 60
K 0 21 60
A D 24 96 0
A P 2 220 0
H 16 T 0 0 0 0 0 0 15 0
J N 7 1165 14 4 3457 576 1 17
K 0 0 43
K 0 0 59
K 0 -14 59
A D 24 96 1
A P 1 209 1
J N 7 1165 14 4 3457 0 1 18
K 0 0 43
K 0 0 60
K 0 21 60
A D 24 96 1
A P 2 209 1
J B 143 1320 1 82 6913 576 0
J N 7 1347 14 4 1 0 1 17
K 0 0 43
K 0 0 59
K 0 -14 59
A D 24 96 0
A P 1 209 0
H 17 T 14 0 0 0 0 0 7 0
J N 7 1347 14 4 1 0 1 18
K 0 0 43
K 0 0 60
K 0 21 60
A D 24 96 0
A P 2 209 0
H 18 T 14 0 0 0 0 0 15 0
J N 7 1523 -7 4 3457 576 1 19
K 0 0 43
K 0 0 59
K 0 -14 59
A D 24 96 1
A P 1 226 1
J N 7 1523 -7 4 3457 0 1 20
K 0 0 43
K 0 0 60
K 0 21 60
A D 24 96 0
A P 2 226 0
J B 144 1682 1 82 6913 576 0
J N 7 1703 42 7 1 0 2 19 20
K 0 -49 43
K 0 0 43
K 0 -49 60
K 0 -28 60
K 0 0 60
K 0 14 60
A D 24 96 0
A P 1 226 0
A P 2 186 0
H 19 T -7 0 0 0 0 0 3 0
H 20 S 12 -6 42 -6 35 0 0 0 0
J N 7 1877 42 7 3457 576 0
K 0 -49 43
K 0 0 43
K 0 -49 60
K 0 -28 60
K 0 0 60
K 0 14 60
A D 24 96 0
A P 1 226 0
A P 2 186 0
J B 145 2050 1 82 6913 576 0
E *
@ LINE: 8 Timpani
L 981 0 0 339 339 * 0 14 0
J D 0 -110 42 1 6913 0 0
W 0 -21 31 Timp.
J D 0 -110 42 1 6913 0 0
W 0 21 31 (C-G)
J C 22 5 14 36 6913 0 0
J K 0 57 0 0 6913 0 0
J D 0 -27 -14 1 6913 0 0
W 0 0 0 \01\03\09
J R 7 139 28 2 1 0 0
K 0 0 48
A D 24 96 0
A P 1 0 0
J N 7 259 56 5 3457 576 0
K 0 0 43
K 0 -70 236
K 0 0 59
K 0 -21 59
A D 24 96 0
A P 1 106 0
J B 140 379 1 82 6913 576 0
J N 7 400 35 4 1 0 0
K 0 0 43
K 0 0 59
K 0 -21 59
A D 24 96 0
A P 1 123 0
J N 6 540 35 2 3457 576 1 8
K 0 0 43
A D 12 96 0
A P 1 123 0
J N 6 609 35 2 5185 288 1 8
K 0 0 43
A D 12 96 0
A P 1 123 0
H 8 B 42 0 108 2 2 3
J B 141 678 1 82 6913 288 0
J N 6 699 35 3 1 0 0
K 0 0 43
K 0 0 53
A D 12 96 0
A P 1 123 0
J R 6 771 28 2 1729 288 0
K 0 0 49
A D 12 96 1
A P 1 0 1
J R 7 851 28 2 3457 288 0
K 0 0 48
A D 24 96 0
A P 1 0 0
J B 142 988 1 82 6913 576 0
J R 9 1140 28 2 1 0 0
K 0 0 46
A D 48 96 0
A P 1 0 0
J B 143 1320 1 82 6913 1152 0
J N 8 1347 56 5 1 0 0
K 0 0 42
K 0 0 59
K 0 -23 59
K 0 -42 125
A D 48 96 0
A P 1 106 0
J B 144 1682 1 82 6913 1152 0
J N 6 1703 35 3 1 0 0
K 0 0 43
K 0 0 53
A D 12 96 0
A P 1 123 0
J R 6 1790 28 2 1729 288 0
K 0 0 49
A D 12 96 0
A P 1 0 0
J N 6 1877 56 3 3457 288 0
K 0 0 43
K 0 0 53
A D 12 96 0
A P 1 106 0
J R 6 1960 28 2 5185 288 0
K 0 0 49
A D 12 96 0
A P 1 0 0
J B 145 2050 1 82 6913 288 0
E *
@ LINE: 9 Violin I
L 1153 0 0 339 339 * 0 14 0
J D 0 -108 42 1 6913 0 0
W 0 0 31 Vln I
J C 4 5 42 2 6913 0 0
K 0 0 33
K 0 0 34
J K -3 57 0 3 6913 0 0
K 0 28 65
K 13 7 65
K 26 35 65
J D 0 -27 -14 1 6913 0 0
W 0 0 0 \01\03\09
J N 6 139 -21 6 1 0 1 373
K 0 7 45
K 0 0 43
K 0 7 45
K 1 7 45
K 0 -17 96
A D 12 96 0
A P 1 237 0
J N 6 199 -21 7 1729 288 1 373
K 0 7 45
K -14 0 64
K 0 0 43
K 0 7 45
K 1 7 45
K 0 -17 96
A D 12 96 0
A P 1 238 0
J N 6 259 -28 7 3457 288 1 373
K 0 14 45
K 0 0 45
K 0 0 43
K -1 0 45
K 2 0 45
K 0 -17 96
A D 12 96 0
A P 1 243 0
J N 6 319 -35 7 5185 288 1 373
K 0 21 45
K 0 7 45
K 0 0 43
K 0 7 45
K 1 7 45
K 0 -17 96
A D 12 96 0
A P 1 249 0
H 373 B -49 0 108 4 2 1 1 3
J B 140 379 1 82 6913 288 0
J N 6 400 -42 10 1 0 0
K 0 28 45
K 0 14 45
K 0 0 45
K 0 0 43
K -1 0 45
K 2 0 45
K 0 -17 96
K 0 0 60
K 0 21 54
A D 12 96 0
A P 1 254 0
J R 6 470 28 2 1729 288 0
K 0 0 49
A D 12 96 1
A P 1 0 1
J R 7 540 28 2 3457 288 0
K 0 0 48
A D 24 96 0
A P 1 0 0
J B 141 678 1 82 6913 576 0
J R 7 699 28 2 1 0 0
K 0 0 48
A D 24 96 0
A P 1 0 0
J N 7 851 -14 9 3457 576 1 374
K 0 0 45
K 0 0 43
K -1 0 45
K 2 0 45
K 0 98 111
K 12 98 110
K 0 0 60
K 0 21 60
A D 24 96 1
A P 1 231 1
J B 142 988 1 82 6913 576 0
J N 6 1009 -14 5 1 0 2 375 374
K 0 0 45
K 0 0 43
K -1 0 45
K 2 0 45
A D 12 96 0
A P 1 231 0
H 374 T -14 0 0 0 0 0 5 0
J N 5 1085 0 2 1729 288 2 376 375
K 0 0 43
A D 6 96 0
A P 1 220 0
J N 5 1125 7 2 2593 144 2 375 376
K 0 0 43
A D 6 96 0
A P 1 214 0
H 375 B -61 3 108 3 2 21 33
H 376 S 0 0 0 0 0 0 0 0 0
J N 6 1165 14 3 3457 144 0
K 0 0 43
K 0 0 54
A D 12 96 0
A P 1 209 0
J R 6 1242 28 2 5185 288 0
K 0 0 49
A D 12 96 0
A P 1 0 0
J B 143 1320 1 82 6913 288 0
J R 7 1347 28 2 1 0 0
K 0 0 48
A D 24 96 0
A P 1 0 0
J N 7 1523 -7 4 3457 576 1 377
K 0 0 43
K 0 0 60
K 0 21 60
A D 24 96 1
A P 1 226 1
J B 144 1682 1 82 6913 576 0
J N 5 1703 -7 2 1 0 2 378 377
K 0 0 43
A D 6 96 0
A P 1 226 0
H 377 T -7 0 0 0 0 0 1 0
J N 5 1750 0 4 865 144 1 378
K -18 0 63
K 0 0 43
K 0 -17 96
A D 6 96 0
A P 1 221 0
J N 5 1790 -7 3 1729 144 1 378
K 0 0 43
K 0 -17 96
A D 6 96 0
A P 1 226 0
J N 5 1833 -14 7 2593 144 1 378
K 0 0 45
K -14 0 64
K 0 0 43
K -1 0 45
K 2 0 45
K 0 -17 96
A D 6 96 0
A P 1 232 0
H 378 B -53 0 108 4 22 11 11 33
J N 5 1877 -21 6 3457 144 1 379
K 0 7 45
K 0 0 43
K 0 7 45
K 1 7 45
K 0 -17 96
A D 6 96 0
A P 1 237 0
J N 5 1920 -21 7 4321 144 1 379
K 0 7 45
K -14 0 64
K 0 0 43
K 0 7 45
K 1 7 45
K 0 -17 96
A D 6 96 0
A P 1 238 0
J N 5 1960 -28 7 5185 144 1 379
K 0 14 45
K 0 0 45
K 0 0 43
K -1 0 45
K 2 0 45
K 0 -17 96
A D 6 96 0
A P 1 243 0
J N 5 2007 -28 8 6049 144 1 379
K 0 14 45
K 0 0 45
K -18 0 63
K 0 0 43
K -1 0 45
K 2 0 45
K 0 -17 96
A D 6 96 0
A P 1 244 0
H 379 B -50 0 108 4 22 11 11 33
J B 145 2050 1 82 6913 144 0
E *
@ LINE: 10 Violin II
L 1285 0 0 339 339 * 0 14 0
J D 0 -121 42 1 6913 0 0
W 0 0 31 Vln II
J C 4 5 42 2 6913 0 0
K 0 0 33
K 0 0 34
J K -3 57 0 3 6913 0 0
K 0 28 65
K 13 7 65
K 26 35 65
J D 0 -27 -14 1 6913 0 0
W 0 0 0 \01\03\09
J R 6 139 28 2 1 0 0
K 0 0 49
A D 12 96 0
A P 3 0 0
J N 7 199 -7 4 1729 288 0
K 0 0 43
K 0 0 60
K 0 21 60
A D 24 96 0
A P 3 226 0
J N 6 319 0 4 5185 576 0
K 0 0 43
K 0 -17 96
K 0 0 54
A D 12 96 0
A P 3 220 0
J B 140 379 1 82 6913 288 0
J N 6 400 7 4 1 0 0
K 0 0 43
K 0 -17 96
K 0 0 54
A D 12 96 0
A P 3 214 0
J R 6 470 28 2 1729 288 0
K 0 0 49
A D 12 96 0
A P 3 0 0
J N 7 540 7 6 3457 288 1 336
K 0 0 43
K 0 77 111
K 12 77 110
K 0 0 60
K 0 21 60
A D 24 96 1
A P 3 214 1
J B 141 678 1 82 6913 576 0
J N 6 699 7 2 1 0 3 337 338 336
K 0 0 43
A D 12 96 0
A P 3 214 0
H 336 T 7 0 0 0 0 0 1 0
J N 5 771 21 2 1729 288 1 338
K 0 0 43
A D 6 96 0
A P 3 203 0
J N 5 811 28 2 2593 144 2 338 337
K 0 0 43
A D 6 96 0
A P 3 197 0
H 338 B -54 3 108 3 2 21 33
H 337 S 0 0 0 0 0 0 0 0 0
J N 6 851 35 3 3457 144 0
K 0 0 43
K 0 0 53
A D 12 96 0
A P 3 191 0
J R 6 919 28 2 5185 288 0
K 0 0 49
A D 12 96 0
A P 3 0 0
J B 142 988 1 82 6913 288 0
J R 7 1009 28 2 1 0 0
K 0 0 48
A D 24 96 0
A P 3 0 0
J N 7 1165 0 6 3457 576 1 339
K 0 0 43
K 0 84 111
K 12 84 110
K 0 0 60
K 0 21 60
A D 24 96 1
A P 3 220 1
J B 143 1320 1 82 6913 576 0
J N 6 1347 0 2 1 0 2 340 339
K 0 0 43
A D 12 96 0
A P 3 220 0
H 339 T 0 0 0 0 0 0 5 0
J N 5 1437 14 2 1729 288 2 341 340
K 0 0 43
A D 6 96 0
A P 3 209 0
J N 5 1480 21 2 2593 144 2 340 341
K 0 0 43
A D 6 96 0
A P 3 203 0
H 340 B -60 3 108 3 2 21 33
H 341 S 0 0 0 0 0 0 0 0 0
J N 6 1523 28 3 3457 144 1 342
K -14 0 64
K 0 0 43
A D 12 96 0
A P 3 198 0
J N 6 1613 28 2 5185 288 2 343 342
K 0 0 43
A D 12 96 0
A P 3 198 0
H 342 B -42 0 108 2 2 3
J B 144 1682 1 82 6913 288 0
J N 5 1703 21 2 1 0 2 344 343
K 0 0 43
A D 6 96 0
A P 3 203 0
H 343 S 0 0 0 0 0 0 0 0 0
J N 5 1750 49 4 865 144 1 344
K -18 0 63
K 0 0 43
K 0 17 96
A D 6 96 0
A P 3 181 0
J N 5 1790 42 3 1729 144 1 344
K 0 0 43
K 0 21 96
A D 6 96 0
A P 3 186 0
J N 5 1833 35 4 2593 144 1 344
K -14 0 64
K 0 0 43
K 0 14 96
A D 6 96 0
A P 3 192 0
H 344 B 40 1 108 4 22 11 11 33
J N 5 1877 28 4 3457 144 1 345
K -15 0 65
K 0 0 43
K 0 -21 96
A D 6 96 0
A P 3 197 0
J N 5 1920 28 4 4321 144 1 345
K -14 0 64
K 0 0 43
K 0 -21 96
A D 6 96 0
A P 3 198 0
J N 5 1960 21 3 5185 144 1 345
K 0 0 43
K 0 -14 96
A D 6 96 0
A P 3 203 0
J N 5 2007 21 4 6049 144 1 345
K -18 0 63
K 0 0 43
K 0 -14 96
A D 6 96 0
A P 3 204 0
H 345 B -45 0 108 4 22 11 11 33
J B 145 2050 1 82 6913 144 0
E *
@ LINE: 11 Viola
L 1417 0 0 339 339 * 0 14 0
J D 0 -86 42 1 6913 0 0
W 0 0 31 Vla
J C 13 5 28 35 6913 0 0
J K -3 57 0 3 6913 0 0
K 0 35 65
K 13 14 65
K 26 42 65
J D 0 -27 -14 1 6913 0 0
W 0 0 0 \01\03\09
J N 7 139 0 4 1 0 1 325
K 0 0 43
K 0 0 60
K 0 21 60
A D 24 96 0
A P 1 186 0
J N 6 259 -7 3 3457 576 1 326
K -14 0 64
K 0 0 43
A D 12 96 0
A P 1 192 0
J N 6 319 -14 6 5185 288 2 326 325
K 0 0 45
K -14 0 64
K 0 0 43
K -1 0 45
K 2 0 45
A D 12 96 0
A P 1 198 0
H 326 B -42 -2 108 2 2 3
H 325 S 0 0 0 0 0 0 0 0 0
J B 140 379 1 82 6913 288 0
J N 7 400 -21 7 1 0 0
K 0 7 45
K 0 0 43
K 0 7 45
K 1 7 45
K 0 0 60
K 0 21 60
A D 24 96 0
A P 1 203 0
J N 7 540 28 6 3457 576 1 327
K 0 0 43
K 0 67 111
K 12 67 110
K 0 0 60
K 0 21 60
A D 24 96 1
A P 1 163 1
J B 141 678 1 82 6913 576 0
J N 6 699 28 2 1 0 3 328 329 327
K 0 0 43
A D 12 96 0
A P 1 163 0
H 327 T 28 0 0 0 0 0 5 0
J N 5 771 42 2 1729 288 1 329
K 0 0 43
A D 6 96 0
A P 1 151 0
J N 5 811 49 2 2593 144 2 329 328
K 0 0 43
A D 6 96 0
A P 1 146 0
H 329 B 45 3 108 3 2 21 33
H 328 S 12 0 0 0 0 0 0 0 0
J N 6 851 56 3 3457 144 0
K 0 0 43
K 0 0 53
A D 12 96 0
A P 1 140 0
J R 6 919 28 2 5185 288 0
K 0 0 49
A D 12 96 0
A P 1 0 0
J B 142 988 1 82 6913 288 0
J R 7 1009 28 2 1 0 0
K 0 0 48
A D 24 96 0
A P 1 0 0
J N 7 1165 21 6 3457 576 1 330
K 0 0 43
K 0 70 111
K 12 70 110
K 0 0 60
K 0 21 60
A D 24 96 1
A P 1 169 1
J B 143 1320 1 82 6913 576 0
J N 6 1347 21 2 1 0 2 331 330
K 0 0 43
A D 12 96 0
A P 1 169 0
H 330 T 21 0 0 0 0 0 1 0
J N 5 1437 35 3 1729 288 2 332 331
K -14 0 64
K 0 0 43
A D 6 96 0
A P 1 158 0
J N 5 1480 42 3 2593 144 2 331 332
K -14 0 64
K 0 0 43
A D 6 96 0
A P 1 152 0
H 331 B 45 3 108 3 2 21 33
H 332 S 12 0 0 0 0 0 0 0 0
J N 6 1523 49 3 3457 144 1 333
K 0 0 43
K 0 17 96
A D 12 96 0
A P 1 146 0
J N 6 1613 21 3 5185 288 1 333
K 0 0 43
K 0 14 96
A D 12 96 0
A P 1 169 0
H 333 B 51 -6 108 2 2 3
J B 144 1682 1 82 6913 288 0
J N 6 1703 28 3 1 0 0
K 0 0 43
K 0 0 54
A D 12 96 0
A P 1 163 0
J N 7 1790 28 5 1729 288 0
K -18 0 63
K 0 0 43
K 0 0 60
K 0 21 60
A D 24 96 0
A P 1 164 0
J N 6 1960 49 3 5185 576 0
K 0 0 43
K 0 0 53
A D 12 96 0
A P 1 146 0
J B 145 2050 1 82 6913 288 0
E *
@ LINE: 14 Cello & Contrabass
L 1552 0 0 339 339 * 0 14 0
J D 0 -75 42 1 6913 0 0
W 0 -21 31 Vc
J D 0 -75 42 1 6913 0 0
W 0 21 31 Cb
J C 22 5 14 36 6913 0 0
J K -3 57 0 3 6913 0 0
K 0 42 65
K 13 21 65
K 26 49 65
J D 0 -27 -14 1 6913 0 0
W 0 0 0 \01\03\09
J R 7 139 28 2 1 0 0
K 0 0 48
A D 24 96 0
A P 1 0 0
J N 7 259 35 5 3457 576 1 231
K 0 0 43
K 0 53 110
K 0 0 59
K 0 -21 59
A D 24 96 1
A P 1 123 1
J B 140 379 1 82 6913 576 0
J N 7 400 35 4 1 0 2 232 231
K 0 0 43
K 0 0 59
K 0 -21 59
A D 24 96 0
A P 1 123 0
H 231 T 35 0 0 0 0 0 9 0
J N 6 540 28 2 3457 576 1 233
K 0 0 43
A D 12 96 0
A P 1 129 0
J N 6 609 21 2 5185 288 2 233 232
K 0 0 43
A D 12 96 0
A P 1 134 0
H 233 B -47 -2 108 2 2 3
H 232 S 0 14 0 0 0 0 0 0 0
J B 141 678 1 82 6913 288 0
J N 7 699 14 7 1 0 1 234
K 0 0 43
K 24 -6 44
K 0 71 111
K 12 71 110
K 0 0 60
K 0 21 60
A D 36 96 0
A P 1 140 0
J N 6 919 21 3 5185 864 1 234
K 0 0 43
K 0 0 54
A D 12 96 0
A P 1 134 0
H 234 S 0 0 0 0 0 0 0 0 0
J B 142 988 1 82 6913 288 0
J N 7 1009 28 4 1 0 1 235
K 0 0 43
K 0 0 60
K 0 21 60
A D 24 96 0
A P 1 129 0
J N 6 1165 21 2 3457 576 1 236
K 0 0 43
A D 12 96 0
A P 1 134 0
J N 6 1242 14 2 5185 288 2 236 235
K 0 0 43
A D 12 96 0
A P 1 140 0
H 236 B -41 -1 108 2 2 3
H 235 S 0 0 0 0 0 0 0 0 0
J B 143 1320 1 82 6913 288 0
J N 7 1347 7 7 1 0 1 237
K 0 0 43
K 25 0 44
K 0 77 111
K 12 77 110
K 0 0 60
K 0 21 60
A D 36 96 0
A P 1 146 0
J N 6 1613 14 3 5185 864 1 237
K 0 0 43
K 0 0 54
A D 12 96 0
A P 1 140 0
H 237 S 0 0 0 0 0 0 0 0 0
J B 144 1682 1 82 6913 288 0
J N 8 1703 21 7 1 0 0
K 0 0 42
K 0 -31 236
K 0 71 110
K 17 71 110
K 0 0 60
K 0 21 60
A D 48 96 0
A P 1 134 0
J B 145 2050 1 82 6913 1152 0
E *
B 1 379 0
B 1 678 0
B 1 988 0
B 1 1320 0
B 1 1682 0
B 1 2050 0
