@ SYSTEM: Beethoven: Symphony No. 3 -- Marcia funebre.
S 0 200 140 2050 1463 11 "[....][{..}](.)[{..}..]"
@ LINE: 1 Flutes
L 0 0 0 339 339 * 0 14 0
J D 0 -108 42 1 6913 0 0
W 0 0 31 Fl 1-2
J C 4 5 42 2 6913 0 0
K 0 0 33
K 0 0 34
J K -3 57 0 3 6913 0 0
K 0 28 65
K 13 7 65
K 26 35 65
J D 0 -27 -14 1 6913 0 0
W 0 0 37 \01\09\05
J N 6 139 -49 11 1 0 0
K 0 35 45
K 0 21 45
K 0 7 45
K 0 0 43
K 0 7 45
K 1 7 45
K 0 128 108
K 0 0 60
K 0 28 60
K 0 28 54
A D 12 96 0
A P 1 260 0
J R 6 287 28 2 1729 288 0
K 0 0 49
A D 12 96 1
A P 1 0 1
J R 7 441 28 2 3457 288 0
K 0 0 48
A D 24 96 0
A P 1 0 0
J B 196 751 1 82 6913 576 0
J R 9 1053 28 2 1 0 0
K 0 0 46
A D 48 96 0
A P 3 0 0
J B 197 1384 1 82 6913 1152 0
J D 0 1411 0 1 1 0 0
W 0 86 36 cresc.
J N 7 1411 -49 9 1 0 0
K 1 35 45
K 1 21 45
K 1 7 45
K 0 0 43
K 0 7 45
K 1 7 45
K 0 0 59
K 0 -7 59
A D 24 96 0
A P 1 260 0
J R 7 1411 42 2 1 0 0
K 0 0 48
A D 24 96 1
A P 2 0 1
J N 4 1715 -42 7 3457 576 2 222 223
K 1 28 45
K 1 14 45
K 1 0 45
K 0 0 43
K -1 0 45
K 2 0 45
A D 3 96 0
A P 1 254 0
J R 6 1715 42 2 3457 0 0
K 0 0 49
A D 12 96 0
A P 2 0 0
J N 5 1765 -35 7 3889 72 2 223 222
K 1 21 45
K 1 7 45
K 0 0 43
K 0 7 45
K 1 7 45
K 25 0 44
A D 9 96 0
A P 1 249 0
H 222 S 0 6 -47 6 -50 0 1 0 0
J N 4 1873 -28 6 5185 216 2 224 223
K 1 14 45
K 1 0 45
K 0 0 43
K -1 0 45
K 2 0 45
A D 3 96 0
A P 1 243 0
J N 6 1873 14 3 5185 0 0
K 0 0 43
K 0 0 54
A D 12 96 0
A P 2 209 0
J N 5 1940 -21 7 5617 72 2 223 224
K 1 7 45
K -14 0 64
K 0 0 43
K 0 7 45
K 1 7 45
K 25 0 44
A D 9 96 0
A P 1 238 0
H 223 B 56 1 108 4 422 11 411 33
H 224 S 0 6 -53 6 -56 0 0 0 0
J B 198 2050 1 82 6913 216 0
E *
@ LINE: 2 Oboes
L 132 0 0 339 339 * 0 14 0
J D 0 -119 42 1 6913 0 0
W 0 0 31 Ob 1-2
J C 4 5 42 2 6913 0 0
K 0 0 33
K 0 0 34
J K -3 57 0 3 6913 0 0
K 0 28 65
K 13 7 65
K 26 35 65
J D 0 -27 -14 1 6913 0 0
W 0 0 0 \01\09\05
J N 7 139 21 5 1 0 0
K 0 0 43
K 0 68 108
K 0 0 59
K 0 -14 59
A D 24 96 0
A P 1 203 0
J N 6 139 35 3 1 0 1 197
K 0 0 43
K 0 0 52
A D 12 96 0
A P 2 191 0
J M 0 90 0 0 6913 0 1 197
H 197 S 12 0 34 -14 0 0 0 0
J R 6 287 56 2 1729 288 0
K 0 0 49
A D 12 96 1
A P 2 0 1
J G 6 420 -7 3 3457 288 1 199
K 0 0 171
K 0 0 181
A D 0 96 0
A P 1 226 0
J N 5 441 0 3 3457 0 3 200 201 199
K 0 0 43
K 19 -4 44
A D 9 96 0
A P 1 220 0
H 199 S 12 0 0 0 0 0 0 0 0
J R 7 441 56 2 3457 0 0
K 0 0 48
A D 24 96 0
A P 2 0 0
J N 4 558 7 3 4753 216 1 201
K -14 0 64
K 0 0 43
A D 3 96 0
A P 1 215 0
J N 5 595 0 3 5185 72 1 201
K 0 0 43
K 19 -4 44
A D 9 96 0
A P 1 220 0
J N 4 712 -7 2 6481 216 2 201 200
K 0 0 43
A D 3 96 0
A P 1 226 0
H 201 B 63 0 108 4 22 511 11 533
H 200 S 0 6 -49 6 -46 0 0 0 0
J B 196 751 1 82 6913 72 0
J N 7 775 -14 7 1 0 1 202
K 1 0 45
K 0 0 43
K -1 0 45
K 2 0 45
K 0 0 59
K 0 -7 59
A D 24 96 0
A P 1 231 0
J R 9 1053 70 2 1 0 0
K 0 0 46
A D 48 96 0
A P 2 0 0
J N 6 1082 0 3 3457 576 1 202
K 0 0 43
K 0 0 51
A D 12 96 0
A P 1 220 0
H 202 S 0 14 0 0 0 0 0 0 0
J R 6 1232 0 2 5185 288 0
K 0 0 49
A D 12 96 0
A P 1 0 0
J B 197 1384 1 82 6913 288 0
J D 0 1411 0 1 1 0 0
W 0 91 36 cresc.
J N 7 1411 0 4 1 0 0
K 0 0 43
K 0 0 59
K 0 -14 59
A D 24 96 0
A P 1 220 0
J R 7 1411 42 2 1 0 0
K 0 0 48
A D 24 96 1
A P 2 0 1
J N 4 1715 7 2 3457 576 2 203 204
K 0 0 43
A D 3 96 0
A P 1 214 0
J R 6 1715 42 2 3457 0 0
K 0 0 49
A D 12 96 0
A P 2 0 0
J N 5 1765 14 3 3889 72 2 204 203
K 0 0 43
K 24 -6 44
A D 9 96 0
A P 1 209 0
H 203 S 0 6 -47 6 -50 0 1 0 0
J N 4 1873 21 2 5185 216 2 205 204
K 0 0 43
A D 3 96 0
A P 1 203 0
J N 6 1894 14 3 5185 0 0
K 0 0 43
K 0 0 54
A D 12 96 0
A P 2 209 0
J N 5 1940 28 4 5617 72 2 204 205
K -14 0 64
K 0 0 43
K 24 -6 44
A D 9 96 0
A P 1 198 0
H 204 B 56 1 108 4 422 11 411 33
H 205 S 0 6 -53 6 -56 0 0 0 0
J B 198 2050 1 82 6913 216 0
E *
@ LINE: 3 Clarinets
L 264 0 0 339 339 * 0 14 0
J D 0 -110 42 1 6913 0 0
W 0 -21 31 Cl 1-2
J D 0 -110 42 1 6913 0 0
W 0 21 31 (B\0.)
J C 4 5 42 2 6913 0 0
K 0 0 33
K 0 0 34
J K -1 57 0 1 6913 0 0
K 0 28 65
J D 0 -27 -14 1 6913 0 0
W 0 0 0 \01\09\05
J N 6 139 -7 4 1 0 0
K 0 0 43
K -12 -28 108
K 0 0 51
A D 4 32 0
A P 1 226 0
J N 7 139 63 5 1 0 0
K 0 0 43
K 0 57 108
K 0 0 60
K 0 14 60
A D 8 32 0
A P 2 169 0
J R 6 287 0 2 1729 288 0
K 0 0 49
A D 4 32 0
A P 1 0 0
J G 6 419 35 3 3457 288 1 148
K 0 0 171
K 0 0 181
A D 0 32 0
A P 1 192 0
J G 6 419 35 3 3457 0 0
K 0 0 171
K 0 0 182
A D 0 32 0
A P 2 192 0
J N 5 441 42 3 3457 0 3 149 150 148
K 0 0 43
K 24 -6 44
A D 3 32 0
A P 1 186 0
H 148 S 0 12 -35 6 -43 0 0 -2 42
J N 5 441 42 3 3457 0 2 151 152
K 0 0 43
K 24 6 44
A D 3 32 0
A P 2 186 0
J N 4 558 49 3 4753 216 1 150
K -18 0 63
K 0 0 43
A D 1 32 0
A P 1 181 0
J N 4 558 49 2 4753 0 1 152
K 0 0 43
A D 1 32 0
A P 2 181 0
J N 5 595 42 3 5185 72 1 150
K 0 0 43
K 24 -6 44
A D 3 32 0
A P 1 186 0
J N 5 595 42 3 5185 0 1 152
K 0 0 43
K 24 6 44
A D 3 32 0
A P 2 186 0
J N 4 712 35 2 6481 216 2 150 149
K 0 0 43
A D 1 32 0
A P 1 192 0
H 150 B 71 0 108 4 22 511 11 533
H 149 S 0 6 -57 6 -54 0 0 0 -6
J N 4 712 35 2 6481 0 2 152 151
K 0 0 43
A D 1 32 0
A P 2 192 0
H 152 B -63 0 108 4 22 511 11 533
H 151 S 12 -6 61 -6 68 0 0 0 0
J B 196 751 1 82 6913 72 0
J N 7 775 28 4 1 0 1 153
K 0 0 43
K 0 0 59
K 0 -14 59
A D 8 32 0
A P 1 197 0
J N 7 775 28 4 1 0 1 154
K 0 0 43
K 0 0 60
K 0 21 60
A D 8 32 0
A P 2 197 0
J N 6 1082 42 3 3457 576 1 153
K 0 0 43
K 0 0 53
A D 4 32 0
A P 1 186 0
H 153 S 0 6 -35 6 -42 0 0 0 0
J N 6 1082 42 3 3457 0 1 154
K 0 0 43
K 0 0 52
A D 4 32 0
A P 2 186 0
H 154 S 12 -6 42 -6 35 0 0 0 0
J R 6 1232 28 2 5185 288 0
K 0 0 49
A D 4 32 0
A P 1 0 0
J B 197 1384 1 82 6913 288 0
J D 0 1405 0 1 1 0 0
W 0 103 36 cresc.
J N 7 1411 21 6 1 0 0
K -18 0 63
K 0 0 43
K 25 0 44
K 0 0 59
K 0 -14 59
A D 12 32 0
A P 1 204 0
J N 7 1411 42 4 1 0 0
K 0 0 43
K 0 0 60
K 0 14 60
A D 8 32 0
A P 2 186 0
J N 4 1715 49 2 3457 576 2 155 156
K 0 0 43
A D 1 32 0
A P 2 180 0
J N 5 1765 56 3 3889 72 2 156 155
K 0 0 43
K 24 6 44
A D 3 32 0
A P 2 175 0
H 155 S 0 0 0 0 0 0 0 0 0
J N 6 1873 -21 6 5185 216 0
K 1 7 45
K 0 0 43
K 0 7 45
K 1 7 45
K 0 0 51
A D 4 32 0
A P 1 237 0
J N 4 1873 63 2 5185 0 2 157 156
K 0 0 43
A D 1 32 0
A P 2 169 0
J N 5 1940 70 7 5617 72 2 156 157
K 0 0 45
K -18 0 63
K 0 0 43
K -1 0 45
K 2 0 45
K 24 6 44
A D 3 32 0
A P 2 164 0
H 156 B -70 1 108 4 422 11 411 33
H 157 S 0 0 0 0 0 0 0 0 0
J B 198 2050 1 82 6913 216 0
E *
@ LINE: 4 Bassoons
L 396 0 0 339 339 * 0 14 0
J D 0 -130 42 1 6913 0 0
W 0 0 31 Fag 1-2
J C 22 5 14 36 6913 0 0
J K -3 57 0 3 6913 0 0
K 0 42 65
K 13 21 65
K 26 49 65
J D 0 -27 -14 1 6913 0 0
W 0 0 0 \01\09\05
J S 0 139 96 108 1 0 1 188
J M 0 139 0 0 6913 0 1 188
H 188 W 15 0 0 102 -38 102
J N 6 139 14 4 1 0 1 189
K 0 -14 43
K 0 0 43
K 0 -14 60
A D 4 32 0
A P 1 151 0
A P 2 140 0
J N 5 287 14 9 1729 288 1 189
K 0 -28 45
K 0 -28 43
K -1 -28 45
K 2 -28 45
K 24 -34 44
K 0 0 43
K 24 -6 44
K 0 -28 60
A D 3 32 0
A P 1 163 0
A P 2 140 0
J N 4 404 14 7 3025 216 1 189
K 0 -28 45
K 0 -28 43
K -1 -28 45
K 2 -28 45
K 0 0 43
K 0 -28 60
A D 1 32 0
A P 1 163 0
A P 2 140 0
H 189 B -57 0 108 3 2 21 533
J N 6 441 14 7 3457 72 1 190
K 0 -28 45
K 0 -28 43
K -1 -28 45
K 2 -28 45
K 0 0 43
K 0 -28 60
A D 4 32 0
A P 1 163 0
A P 2 140 0
J N 6 595 14 7 5185 288 1 190
K 0 -28 45
K 0 -28 43
K -1 -28 45
K 2 -28 45
K 0 0 43
K 0 -28 60
A D 4 32 0
A P 1 163 0
A P 2 140 0
H 190 B -46 0 108 2 2 3
J B 196 751 1 82 6913 288 0
J R 6 775 0 2 1 0 0
K 0 0 49
A D 4 32 0
A P 1 0 0
J R 9 1053 56 2 1 0 0
K 0 0 46
A D 16 32 0
A P 2 0 0
J N 5 929 -21 7 1729 288 1 191
K 1 7 45
K -15 0 65
K 0 0 43
K 0 7 45
K 1 7 45
K 25 0 44
A D 3 32 0
A P 1 168 0
J N 4 1046 -21 5 3025 216 1 191
K 1 7 45
K 0 0 43
K 0 7 45
K 1 7 45
A D 1 32 0
A P 1 168 0
H 191 B 56 0 108 2 22 533
J N 6 1082 -21 5 3457 72 1 192
K 1 7 45
K 0 0 43
K 0 7 45
K 1 7 45
A D 4 32 0
A P 1 168 0
J N 6 1232 -21 5 5185 288 1 192
K 1 7 45
K 0 0 43
K 0 7 45
K 1 7 45
A D 4 32 0
A P 1 168 0
H 192 B 42 0 108 2 2 3
J B 197 1384 1 82 6913 288 0
J R 6 1411 28 2 1 0 0
K 0 0 49
A D 4 32 0
A P 1 0 0
J D 0 1565 0 1 1729 288 0
W 0 91 36 cresc.
J N 5 1565 -21 13 1729 0 1 193
K 0 7 45
K 0 -7 45
K -14 0 64
K 0 -14 43
K 0 -7 45
K 1 -7 45
K 25 -14 44
K 0 0 43
K 0 7 45
K 1 7 45
K 25 0 44
K 0 -14 60
A D 3 32 0
A P 1 180 0
A P 2 169 0
J N 4 1679 -21 10 3025 216 1 193
K 0 7 45
K 0 -7 45
K 0 -14 43
K 0 -7 45
K 1 -7 45
K 0 0 43
K 0 7 45
K 1 7 45
K 0 -14 60
A D 1 32 0
A P 1 180 0
A P 2 169 0
H 193 B -64 0 108 2 22 533
J N 6 1715 -21 10 3457 72 1 194
K 0 7 45
K 0 -7 45
K 0 -14 43
K 0 -7 45
K 1 -7 45
K 0 0 43
K 0 7 45
K 1 7 45
K 0 -14 60
A D 4 32 0
A P 1 180 0
A P 2 169 0
J N 6 1873 14 9 5185 288 1 194
K 0 -28 45
K 0 -42 45
K 0 -49 43
K 0 -42 45
K 1 -42 45
K 0 0 43
K 0 -49 60
K 0 -28 60
A D 4 32 0
A P 1 180 0
A P 2 140 0
H 194 B -66 3 108 2 2 3
J B 198 2050 1 82 6913 288 0
E *
@ LINE: 5 Horns 1 & 2
L 551 0 0 339 339 * 0 14 0
J D 0 -138 42 1 6913 0 0
W 0 -21 31 Cor 1-2
J D 0 -138 42 1 6913 0 0
W 0 21 31 (C)
J C 4 5 42 2 6913 0 0
K 0 0 33
K 0 0 34
J K 0 57 0 0 6913 0 0
J D 0 -27 -14 1 6913 0 0
W 0 0 0 \01\09\05
J S 0 139 103 108 1 0 1 102
J M 0 139 0 0 6913 0 1 102
H 102 W 15 0 0 107 -38 107
J N 6 139 21 9 1 0 0
K 1 49 45
K 0 0 43
K 0 49 43
K -1 49 45
K 2 49 45
K 0 49 59
K 0 28 59
K 0 0 51
A D 12 96 0
A P 1 203 0
A P 2 163 0
J N 5 287 0 3 1729 288 1 103
K 0 0 43
K 24 -6 44
A D 9 96 0
A P 1 220 0
J N 5 287 0 3 1729 0 1 104
K 0 0 43
K 24 6 44
A D 9 96 0
A P 2 220 0
J N 4 404 0 2 3025 216 1 103
K 0 0 43
A D 3 96 0
A P 1 220 0
H 103 B 56 0 108 2 22 533
J N 4 404 0 2 3025 0 1 104
K 0 0 43
A D 3 96 0
A P 2 220 0
H 104 B -57 0 108 2 22 533
J N 6 441 0 2 3457 72 1 105
K 0 0 43
A D 12 96 0
A P 1 220 0
J N 6 441 0 2 3457 0 1 106
K 0 0 43
A D 12 96 0
A P 2 220 0
J N 6 595 0 2 5185 288 1 105
K 0 0 43
A D 12 96 0
A P 1 220 0
H 105 B 42 0 108 2 2 3
J N 6 595 0 2 5185 0 1 106
K 0 0 43
A D 12 96 0
A P 2 220 0
H 106 B -46 0 108 2 2 3
J B 196 751 1 82 6913 288 0
J R 6 775 28 2 1 0 0
K 0 0 49
A D 12 96 0
A P 1 0 0
J N 5 929 0 3 1729 288 1 107
K 0 0 43
K 24 -6 44
A D 9 96 0
A P 1 220 0
J N 5 929 0 3 1729 0 1 108
K 0 0 43
K 24 6 44
A D 9 96 0
A P 2 220 0
J N 4 1046 0 2 3025 216 1 107
K 0 0 43
A D 3 96 0
A P 1 220 0
H 107 B 56 0 108 2 22 533
J N 4 1046 0 2 3025 0 1 108
K 0 0 43
A D 3 96 0
A P 2 220 0
H 108 B -57 0 108 2 22 533
J N 6 1082 0 2 3457 72 1 109
K 0 0 43
A D 12 96 0
A P 1 220 0
J N 6 1082 0 2 3457 0 1 110
K 0 0 43
A D 12 96 0
A P 2 220 0
J N 6 1232 0 2 5185 288 1 109
K 0 0 43
A D 12 96 0
A P 1 220 0
H 109 B 42 0 108 2 2 3
J N 6 1232 0 2 5185 0 1 110
K 0 0 43
A D 12 96 0
A P 2 220 0
H 110 B -46 0 108 2 2 3
J B 197 1384 1 82 6913 288 0
J R 6 1411 28 2 1 0 0
K 0 0 49
A D 12 96 0
A P 1 0 0
J D 0 1565 0 1 1729 288 0
W 0 91 36 cresc.
J N 5 1565 0 3 1729 0 1 111
K 0 0 43
K 24 -6 44
A D 9 96 0
A P 1 220 0
J N 5 1565 0 3 1729 0 1 112
K 0 0 43
K 24 6 44
A D 9 96 0
A P 2 220 0
J N 4 1679 0 2 3025 216 1 111
K 0 0 43
A D 3 96 0
A P 1 220 0
H 111 B 56 0 108 2 22 533
J N 4 1679 0 2 3025 0 1 112
K 0 0 43
A D 3 96 0
A P 2 220 0
H 112 B -57 0 108 2 22 533
J N 6 1715 0 2 3457 72 1 113
K 0 0 43
A D 12 96 0
A P 1 220 0
J N 6 1715 0 2 3457 0 1 114
K 0 0 43
A D 12 96 0
A P 2 220 0
J N 5 1873 0 3 5185 288 1 113
K 0 0 43
K 24 -6 44
A D 9 96 0
A P 1 220 0
J N 5 1873 0 3 5185 0 1 114
K 0 0 43
K 24 6 44
A D 9 96 0
A P 2 220 0
J N 4 2012 0 2 6481 216 1 113
K 0 0 43
A D 3 96 0
A P 1 220 0
H 113 B 56 0 108 3 2 21 533
J N 4 2012 0 2 6481 0 1 114
K 0 0 43
A D 3 96 0
A P 2 220 0
H 114 B -57 0 108 3 2 21 533
J B 198 2050 1 82 6913 72 0
E *
@ LINE: 6 Horn 3
L 696 0 0 339 339 * 0 14 0
J D 0 -112 42 1 6913 0 0
W 0 -21 31 Cor 3
J D 0 -112 42 1 6913 0 0
W 0 21 31 (E\0.)
J C 4 5 42 2 6913 0 0
K 0 0 33
K 0 0 34
J K 0 57 0 0 6913 0 0
J D 0 -27 -14 1 6913 0 0
W 0 0 0 \01\09\05
J S 0 139 91 108 1 0 1 57
J M 0 139 0 0 6913 0 1 57
H 57 W 15 0 0 91 -38 91
J N 6 139 14 3 1 0 0
K 0 0 43
K 0 0 54
A D 12 96 0
A P 1 209 0
J N 5 287 0 3 1729 288 1 58
K 0 0 43
K 24 -6 44
A D 9 96 0
A P 1 220 0
J N 4 404 0 2 3025 216 1 58
K 0 0 43
A D 3 96 0
A P 1 220 0
H 58 B -57 0 108 2 22 533
J N 6 441 0 2 3457 72 1 59
K 0 0 43
A D 12 96 0
A P 1 220 0
J N 6 595 0 2 5185 288 1 59
K 0 0 43
A D 12 96 0
A P 1 220 0
H 59 B -46 0 108 2 2 3
J B 196 751 1 82 6913 288 0
J R 6 775 28 2 1 0 0
K 0 0 49
A D 12 96 0
A P 1 0 0
J N 5 929 0 3 1729 288 1 60
K 0 0 43
K 24 -6 44
A D 9 96 0
A P 1 220 0
J N 4 1046 0 2 3025 216 1 60
K 0 0 43
A D 3 96 0
A P 1 220 0
H 60 B -57 0 108 2 22 533
J N 6 1082 0 2 3457 72 1 61
K 0 0 43
A D 12 96 0
A P 1 220 0
J N 6 1232 0 2 5185 288 1 61
K 0 0 43
A D 12 96 0
A P 1 220 0
H 61 B -46 0 108 2 2 3
J B 197 1384 1 82 6913 288 0
J R 6 1411 28 2 1 0 0
K 0 0 49
A D 12 96 0
A P 1 0 0
J D 0 1565 0 1 1729 288 0
W 0 91 36 cresc.
J N 5 1565 0 3 1729 0 1 62
K 0 0 43
K 24 -6 44
A D 9 96 0
A P 1 220 0
J N 4 1679 0 2 3025 216 1 62
K 0 0 43
A D 3 96 0
A P 1 220 0
H 62 B -57 0 108 2 22 533
J N 6 1715 0 2 3457 72 1 63
K 0 0 43
A D 12 96 0
A P 1 220 0
J N 5 1873 0 3 5185 288 1 63
K 0 0 43
K 24 -6 44
A D 9 96 0
A P 1 220 0
J N 4 2012 0 2 6481 216 1 63
K 0 0 43
A D 3 96 0
A P 1 220 0
H 63 B -57 0 108 3 2 21 533
J B 198 2050 1 82 6913 72 0
E *
@ LINE: 8 Timpani
L 836 0 0 339 339 * 0 14 0
J D 0 -110 42 1 6913 0 0
W 0 -21 31 Timp.
J D 0 -110 42 1 6913 0 0
W 0 21 31 (C-G)
J C 22 5 14 36 6913 0 0
J K 0 57 0 0 6913 0 0
J D 0 -27 -14 1 6913 0 0
W 0 0 0 \01\09\05
J N 6 139 35 4 1 0 0
K 0 0 43
K 0 44 108
K 0 0 53
A D 12 96 0
A P 1 123 0
J R 6 287 28 2 1729 288 0
K 0 0 49
A D 12 96 1
A P 1 0 1
J R 7 441 28 2 3457 288 0
K 0 0 48
A D 24 96 0
A P 1 0 0
J B 196 751 1 82 6913 576 0
J R 9 1053 28 2 1 0 0
K 0 0 46
A D 48 96 0
A P 1 0 0
J B 197 1384 1 82 6913 1152 0
J R 7 1411 28 2 1 0 0
K 0 0 48
A D 24 96 1
A P 1 0 1
J R 6 1715 28 2 3457 576 0
K 0 0 49
A D 12 96 0
A P 1 0 0
J N 6 1873 56 4 5185 288 0
K 0 0 43
K 0 36 110
K 0 0 53
A D 12 96 0
A P 1 106 0
J B 198 2050 1 82 6913 288 0
E *
@ LINE: 9 Violin I
L 1008 0 0 339 339 * 0 14 0
J D 0 -108 42 1 6913 0 0
W 0 0 31 Vln I
J C 4 5 42 2 6913 0 0
K 0 0 33
K 0 0 34
J K -3 57 0 3 6913 0 0
K 0 28 65
K 13 7 65
K 26 35 65
J D 0 -27 -14 1 6913 0 0
W 0 0 0 \01\09\05
J N 4 139 49 3 1 0 1 497
K 0 0 43
K 0 32 108
A D 3 96 0
A P 1 180 0
J N 4 176 35 2 433 72 1 497
K 0 0 43
A D 3 96 0
A P 1 191 0
J N 4 213 35 2 865 72 1 497
K 0 0 43
A D 3 96 0
A P 1 191 0
J N 4 250 35 2 1297 72 1 497
K 0 0 43
A D 3 96 0
A P 1 191 0
H 497 B 74 -1 108 4 222 111 111 333
J R 4 287 28 4 1729 72 0
K 0 14 49
K 4 0 50
K 8 -14 50
A D 3 96 0
A P 1 0 0
J N 4 330 35 2 2161 72 1 498
K 0 0 43
A D 3 96 0
A P 1 191 0
J N 4 367 35 2 2593 72 1 498
K 0 0 43
A D 3 96 0
A P 1 191 0
J N 4 404 35 2 3025 72 1 498
K 0 0 43
A D 3 96 0
A P 1 191 0
H 498 B 64 0 108 3 222 111 333
J R 4 441 28 4 3457 72 0
K 0 14 49
K 4 0 50
K 8 -14 50
A D 3 96 0
A P 1 0 0
J N 4 484 35 2 3889 72 1 499
K 0 0 43
A D 3 96 0
A P 1 191 0
J N 4 521 35 2 4321 72 1 499
K 0 0 43
A D 3 96 0
A P 1 191 0
J N 4 558 35 2 4753 72 1 499
K 0 0 43
A D 3 96 0
A P 1 191 0
H 499 B 64 0 108 3 222 111 333
J R 4 595 28 4 5185 72 0
K 0 14 49
K 4 0 50
K 8 -14 50
A D 3 96 0
A P 1 0 0
J N 4 638 35 2 5617 72 1 500
K 0 0 43
A D 3 96 0
A P 1 191 0
J N 4 675 35 2 6049 72 1 500
K 0 0 43
A D 3 96 0
A P 1 191 0
J N 4 712 35 2 6481 72 1 500
K 0 0 43
A D 3 96 0
A P 1 191 0
H 500 B 64 0 108 3 222 111 333
J B 196 751 1 82 6913 72 0
J R 4 775 28 4 1 0 0
K 0 14 49
K 4 0 50
K 8 -14 50
A D 3 96 0
A P 1 0 0
J N 4 818 35 2 433 72 1 501
K 0 0 43
A D 3 96 0
A P 1 191 0
J N 4 855 35 2 865 72 1 501
K 0 0 43
A D 3 96 0
A P 1 191 0
J N 4 892 35 2 1297 72 1 501
K 0 0 43
A D 3 96 0
A P 1 191 0
H 501 B 64 0 108 3 222 111 333
J R 4 929 28 4 1729 72 0
K 0 14 49
K 4 0 50
K 8 -14 50
A D 3 96 0
A P 1 0 0
J N 4 972 35 2 2161 72 1 502
K 0 0 43
A D 3 96 0
A P 1 191 0
J N 4 1009 35 2 2593 72 1 502
K 0 0 43
A D 3 96 0
A P 1 191 0
J N 4 1046 35 2 3025 72 1 502
K 0 0 43
A D 3 96 0
A P 1 191 0
H 502 B 64 0 108 3 222 111 333
J R 4 1082 28 4 3457 72 0
K 0 14 49
K 4 0 50
K 8 -14 50
A D 3 96 0
A P 1 0 0
J N 4 1124 35 2 3889 72 1 503
K 0 0 43
A D 3 96 0
A P 1 191 0
J N 4 1160 35 2 4321 72 1 503
K 0 0 43
A D 3 96 0
A P 1 191 0
J N 4 1196 35 2 4753 72 1 503
K 0 0 43
A D 3 96 0
A P 1 191 0
H 503 B 64 0 108 3 222 111 333
J R 4 1232 28 4 5185 72 0
K 0 14 49
K 4 0 50
K 8 -14 50
A D 3 96 0
A P 1 0 0
J N 4 1274 35 2 5617 72 1 504
K 0 0 43
A D 3 96 0
A P 1 191 0
J N 4 1310 35 2 6049 72 1 504
K 0 0 43
A D 3 96 0
A P 1 191 0
J N 4 1346 35 2 6481 72 1 504
K 0 0 43
A D 3 96 0
A P 1 191 0
H 504 B 64 0 108 3 222 111 333
J B 197 1384 1 82 6913 72 0
J R 4 1411 28 4 1 0 0
K 0 14 49
K 4 0 50
K 8 -14 50
A D 3 96 0
A P 1 0 0
J D 0 1457 0 1 433 72 0
W 0 89 36 cresc.
J N 4 1457 35 2 433 0 1 505
K 0 0 43
A D 3 96 0
A P 1 191 0
J N 4 1493 35 2 865 72 1 505
K 0 0 43
A D 3 96 0
A P 1 191 0
J N 4 1529 35 2 1297 72 1 505
K 0 0 43
A D 3 96 0
A P 1 191 0
H 505 B 64 0 108 3 222 111 333
J R 4 1565 28 4 1729 72 0
K 0 14 49
K 4 0 50
K 8 -14 50
A D 3 96 0
A P 1 0 0
J N 4 1607 35 2 2161 72 1 506
K 0 0 43
A D 3 96 0
A P 1 191 0
J N 4 1643 35 2 2593 72 1 506
K 0 0 43
A D 3 96 0
A P 1 191 0
J N 4 1679 35 2 3025 72 1 506
K 0 0 43
A D 3 96 0
A P 1 191 0
H 506 B 64 0 108 3 222 111 333
J R 4 1715 28 4 3457 72 0
K 0 14 49
K 4 0 50
K 8 -14 50
A D 3 96 0
A P 1 0 0
J N 4 1765 28 3 3889 72 1 507
K -14 0 64
K 0 0 43
A D 3 96 0
A P 1 198 0
J N 4 1801 28 2 4321 72 1 507
K 0 0 43
A D 3 96 0
A P 1 198 0
J N 4 1837 28 2 4753 72 1 507
K 0 0 43
A D 3 96 0
A P 1 198 0
H 507 B 57 0 108 3 222 111 333
J R 4 1873 28 4 5185 72 0
K 0 14 49
K 4 0 50
K 8 -14 50
A D 3 96 0
A P 1 0 0
J N 4 1940 28 2 5617 72 1 508
K 0 0 43
A D 3 96 0
A P 1 198 0
J N 4 1976 28 2 6049 72 1 508
K 0 0 43
A D 3 96 0
A P 1 198 0
J N 4 2012 28 2 6481 72 1 508
K 0 0 43
A D 3 96 0
A P 1 198 0
H 508 B 57 0 108 3 222 111 333
J B 198 2050 1 82 6913 72 0
E *
@ LINE: 10 Violin II
L 1140 0 0 339 339 * 0 14 0
J D 0 -121 42 1 6913 0 0
W 0 0 31 Vln II
J C 4 5 42 2 6913 0 0
K 0 0 33
K 0 0 34
J K -3 57 0 3 6913 0 0
K 0 28 65
K 13 7 65
K 26 35 65
J D 0 -27 -14 1 6913 0 0
W 0 0 0 \01\09\05
J N 4 139 84 7 1 0 1 421
K 1 -14 45
K 1 0 45
K 0 0 43
K -1 0 45
K 2 0 45
K 0 29 108
A D 3 96 0
A P 3 151 0
J N 4 176 49 2 433 72 1 421
K 0 0 43
A D 3 96 0
A P 3 180 0
J N 4 213 49 2 865 72 1 421
K 0 0 43
A D 3 96 0
A P 3 180 0
J N 4 250 49 2 1297 72 1 421
K 0 0 43
A D 3 96 0
A P 3 180 0
H 421 B 86 -1 108 4 222 111 111 333
J R 4 287 28 4 1729 72 0
K 0 14 49
K 4 0 50
K 8 -14 50
A D 3 96 0
A P 3 0 0
J N 4 330 49 2 2161 72 1 422
K 0 0 43
A D 3 96 0
A P 3 180 0
J N 4 367 49 2 2593 72 1 422
K 0 0 43
A D 3 96 0
A P 3 180 0
J N 4 404 49 2 3025 72 1 422
K 0 0 43
A D 3 96 0
A P 3 180 0
H 422 B 64 0 108 3 222 111 333
J R 4 441 28 4 3457 72 0
K 0 14 49
K 4 0 50
K 8 -14 50
A D 3 96 0
A P 3 0 0
J N 4 484 49 2 3889 72 1 423
K 0 0 43
A D 3 96 0
A P 3 180 0
J N 4 521 49 2 4321 72 1 423
K 0 0 43
A D 3 96 0
A P 3 180 0
J N 4 558 49 2 4753 72 1 423
K 0 0 43
A D 3 96 0
A P 3 180 0
H 423 B 64 0 108 3 222 111 333
J R 4 595 28 4 5185 72 0
K 0 14 49
K 4 0 50
K 8 -14 50
A D 3 96 0
A P 3 0 0
J N 4 638 49 2 5617 72 1 424
K 0 0 43
A D 3 96 0
A P 3 180 0
J N 4 675 49 2 6049 72 1 424
K 0 0 43
A D 3 96 0
A P 3 180 0
J N 4 712 49 2 6481 72 1 424
K 0 0 43
A D 3 96 0
A P 3 180 0
H 424 B 64 0 108 3 222 111 333
J B 196 751 1 82 6913 72 0
J R 4 775 28 4 1 0 0
K 0 14 49
K 4 0 50
K 8 -14 50
A D 3 96 0
A P 3 0 0
J N 4 818 49 2 433 72 1 425
K 0 0 43
A D 3 96 0
A P 3 180 0
J N 4 855 49 2 865 72 1 425
K 0 0 43
A D 3 96 0
A P 3 180 0
J N 4 892 49 2 1297 72 1 425
K 0 0 43
A D 3 96 0
A P 3 180 0
H 425 B 64 0 108 3 222 111 333
J R 4 929 28 4 1729 72 0
K 0 14 49
K 4 0 50
K 8 -14 50
A D 3 96 0
A P 3 0 0
J N 4 972 49 2 2161 72 1 426
K 0 0 43
A D 3 96 0
A P 3 180 0
J N 4 1009 49 2 2593 72 1 426
K 0 0 43
A D 3 96 0
A P 3 180 0
J N 4 1046 49 2 3025 72 1 426
K 0 0 43
A D 3 96 0
A P 3 180 0
H 426 B 64 0 108 3 222 111 333
J R 4 1082 28 4 3457 72 0
K 0 14 49
K 4 0 50
K 8 -14 50
A D 3 96 0
A P 3 0 0
J N 4 1124 49 2 3889 72 1 427
K 0 0 43
A D 3 96 0
A P 3 180 0
J N 4 1160 49 2 4321 72 1 427
K 0 0 43
A D 3 96 0
A P 3 180 0
J N 4 1196 49 2 4753 72 1 427
K 0 0 43
A D 3 96 0
A P 3 180 0
H 427 B 64 0 108 3 222 111 333
J R 4 1232 28 4 5185 72 0
K 0 14 49
K 4 0 50
K 8 -14 50
A D 3 96 0
A P 3 0 0
J N 4 1274 49 2 5617 72 1 428
K 0 0 43
A D 3 96 0
A P 3 180 0
J N 4 1310 49 2 6049 72 1 428
K 0 0 43
A D 3 96 0
A P 3 180 0
J N 4 1346 49 2 6481 72 1 428
K 0 0 43
A D 3 96 0
A P 3 180 0
H 428 B 64 0 108 3 222 111 333
J B 197 1384 1 82 6913 72 0
J R 4 1411 28 4 1 0 0
K 0 14 49
K 4 0 50
K 8 -14 50
A D 3 96 0
A P 3 0 0
J D 0 1453 0 1 433 72 0
W 0 116 36 cresc.
J N 4 1457 63 3 433 0 1 429
K -14 0 64
K 0 0 43
A D 3 96 0
A P 3 169 0
J N 4 1493 63 2 865 72 1 429
K 0 0 43
A D 3 96 0
A P 3 169 0
J N 4 1529 63 2 1297 72 1 429
K 0 0 43
A D 3 96 0
A P 3 169 0
H 429 B 64 0 108 3 222 111 333
J R 4 1565 28 4 1729 72 0
K 0 14 49
K 4 0 50
K 8 -14 50
A D 3 96 0
A P 3 0 0
J N 4 1607 63 2 2161 72 1 430
K 0 0 43
A D 3 96 0
A P 3 169 0
J N 4 1643 63 2 2593 72 1 430
K 0 0 43
A D 3 96 0
A P 3 169 0
J N 4 1679 63 2 3025 72 1 430
K 0 0 43
A D 3 96 0
A P 3 169 0
H 430 B 64 0 108 3 222 111 333
J R 4 1715 28 4 3457 72 0
K 0 14 49
K 4 0 50
K 8 -14 50
A D 3 96 0
A P 3 0 0
J N 4 1765 63 2 3889 72 1 431
K 0 0 43
A D 3 96 0
A P 3 169 0
J N 4 1801 63 2 4321 72 1 431
K 0 0 43
A D 3 96 0
A P 3 169 0
J N 4 1837 63 2 4753 72 1 431
K 0 0 43
A D 3 96 0
A P 3 169 0
H 431 B 64 0 108 3 222 111 333
J R 4 1873 28 4 5185 72 0
K 0 14 49
K 4 0 50
K 8 -14 50
A D 3 96 0
A P 3 0 0
J N 4 1940 63 2 5617 72 1 432
K 0 0 43
A D 3 96 0
A P 3 169 0
J N 4 1976 63 2 6049 72 1 432
K 0 0 43
A D 3 96 0
A P 3 169 0
J N 4 2012 63 2 6481 72 1 432
K 0 0 43
A D 3 96 0
A P 3 169 0
H 432 B 64 0 108 3 222 111 333
J B 198 2050 1 82 6913 72 0
E *
@ LINE: 11 Viola
L 1272 0 0 339 339 * 0 14 0
J D 0 -86 42 1 6913 0 0
W 0 0 31 Vla
J C 13 5 28 35 6913 0 0
J K -3 57 0 3 6913 0 0
K 0 35 65
K 13 14 65
K 26 42 65
J D 0 -27 -14 1 6913 0 0
W 0 0 0 \01\09\05
J N 4 139 28 3 1 0 1 389
K 0 0 43
K 0 79 108
A D 3 96 0
A P 1 163 0
J N 4 176 28 2 433 72 1 389
K 0 0 43
A D 3 96 0
A P 1 163 0
J N 4 213 28 2 865 72 1 389
K 0 0 43
A D 3 96 0
A P 1 163 0
J N 4 250 28 2 1297 72 1 389
K 0 0 43
A D 3 96 0
A P 1 163 0
H 389 B -57 0 108 4 222 111 111 333
J R 4 287 28 4 1729 72 0
K 0 14 49
K 4 0 50
K 8 -14 50
A D 3 96 0
A P 1 0 0
J N 4 330 28 2 2161 72 1 390
K 0 0 43
A D 3 96 0
A P 1 163 0
J N 4 367 28 2 2593 72 1 390
K 0 0 43
A D 3 96 0
A P 1 163 0
J N 4 404 28 2 3025 72 1 390
K 0 0 43
A D 3 96 0
A P 1 163 0
H 390 B -57 0 108 3 222 111 333
J R 4 441 28 4 3457 72 0
K 0 14 49
K 4 0 50
K 8 -14 50
A D 3 96 0
A P 1 0 0
J N 4 484 28 2 3889 72 1 391
K 0 0 43
A D 3 96 0
A P 1 163 0
J N 4 521 28 2 4321 72 1 391
K 0 0 43
A D 3 96 0
A P 1 163 0
J N 4 558 28 2 4753 72 1 391
K 0 0 43
A D 3 96 0
A P 1 163 0
H 391 B -57 0 108 3 222 111 333
J R 4 595 28 4 5185 72 0
K 0 14 49
K 4 0 50
K 8 -14 50
A D 3 96 0
A P 1 0 0
J N 4 638 42 2 5617 72 1 392
K 0 0 43
A D 3 96 0
A P 1 151 0
J N 4 675 42 2 6049 72 1 392
K 0 0 43
A D 3 96 0
A P 1 151 0
J N 4 712 42 2 6481 72 1 392
K 0 0 43
A D 3 96 0
A P 1 151 0
H 392 B 57 0 108 3 222 111 333
J B 196 751 1 82 6913 72 0
J R 4 775 28 4 1 0 0
K 0 14 49
K 4 0 50
K 8 -14 50
A D 3 96 0
A P 1 0 0
J N 4 818 42 2 433 72 1 393
K 0 0 43
A D 3 96 0
A P 1 151 0
J N 4 855 42 2 865 72 1 393
K 0 0 43
A D 3 96 0
A P 1 151 0
J N 4 892 42 2 1297 72 1 393
K 0 0 43
A D 3 96 0
A P 1 151 0
H 393 B 57 0 108 3 222 111 333
J R 4 929 28 4 1729 72 0
K 0 14 49
K 4 0 50
K 8 -14 50
A D 3 96 0
A P 1 0 0
J N 4 972 42 2 2161 72 1 394
K 0 0 43
A D 3 96 0
A P 1 151 0
J N 4 1009 42 2 2593 72 1 394
K 0 0 43
A D 3 96 0
A P 1 151 0
J N 4 1046 42 2 3025 72 1 394
K 0 0 43
A D 3 96 0
A P 1 151 0
H 394 B 57 0 108 3 222 111 333
J R 4 1082 28 4 3457 72 0
K 0 14 49
K 4 0 50
K 8 -14 50
A D 3 96 0
A P 1 0 0
J N 4 1124 42 2 3889 72 1 395
K 0 0 43
A D 3 96 0
A P 1 151 0
J N 4 1160 42 2 4321 72 1 395
K 0 0 43
A D 3 96 0
A P 1 151 0
J N 4 1196 42 2 4753 72 1 395
K 0 0 43
A D 3 96 0
A P 1 151 0
H 395 B 57 0 108 3 222 111 333
J R 4 1232 28 4 5185 72 0
K 0 14 49
K 4 0 50
K 8 -14 50
A D 3 96 0
A P 1 0 0
J N 4 1274 42 2 5617 72 1 396
K 0 0 43
A D 3 96 0
A P 1 151 0
J N 4 1310 42 2 6049 72 1 396
K 0 0 43
A D 3 96 0
A P 1 151 0
J N 4 1346 42 2 6481 72 1 396
K 0 0 43
A D 3 96 0
A P 1 151 0
H 396 B 57 0 108 3 222 111 333
J B 197 1384 1 82 6913 72 0
J R 4 1411 28 4 1 0 0
K 0 14 49
K 4 0 50
K 8 -14 50
A D 3 96 0
A P 1 0 0
J D 0 1457 0 1 433 72 0
W 0 91 36 cresc.
J N 4 1457 42 2 433 0 1 397
K 0 0 43
A D 3 96 0
A P 1 151 0
J N 4 1493 42 2 865 72 1 397
K 0 0 43
A D 3 96 0
A P 1 151 0
J N 4 1529 42 2 1297 72 1 397
K 0 0 43
A D 3 96 0
A P 1 151 0
H 397 B 57 0 108 3 222 111 333
J R 4 1565 28 4 1729 72 0
K 0 14 49
K 4 0 50
K 8 -14 50
A D 3 96 0
A P 1 0 0
J N 4 1607 42 2 2161 72 1 398
K 0 0 43
A D 3 96 0
A P 1 151 0
J N 4 1643 42 2 2593 72 1 398
K 0 0 43
A D 3 96 0
A P 1 151 0
J N 4 1679 42 2 3025 72 1 398
K 0 0 43
A D 3 96 0
A P 1 151 0
H 398 B 57 0 108 3 222 111 333
J R 4 1715 28 4 3457 72 0
K 0 14 49
K 4 0 50
K 8 -14 50
A D 3 96 0
A P 1 0 0
J N 4 1765 42 2 3889 72 1 399
K 0 0 43
A D 3 96 0
A P 1 151 0
J N 4 1801 42 2 4321 72 1 399
K 0 0 43
A D 3 96 0
A P 1 151 0
J N 4 1837 42 2 4753 72 1 399
K 0 0 43
A D 3 96 0
A P 1 151 0
H 399 B 57 0 108 3 222 111 333
J R 4 1873 28 4 5185 72 0
K 0 14 49
K 4 0 50
K 8 -14 50
A D 3 96 0
A P 1 0 0
J N 4 1940 42 2 5617 72 1 400
K 0 0 43
A D 3 96 0
A P 1 151 0
J N 4 1976 42 2 6049 72 1 400
K 0 0 43
A D 3 96 0
A P 1 151 0
J N 4 2012 42 2 6481 72 1 400
K 0 0 43
A D 3 96 0
A P 1 151 0
H 400 B 57 0 108 3 222 111 333
J B 198 2050 1 82 6913 72 0
E *
@ LINE: 14 Cello & Contrabass
L 1407 0 0 339 339 * 0 14 0
J D 0 -75 42 1 6913 0 0
W 0 -21 31 Vc
J D 0 -75 42 1 6913 0 0
W 0 21 31 Cb
J C 22 5 14 36 6913 0 0
J K -3 57 0 3 6913 0 0
K 0 42 65
K 13 21 65
K 26 49 65
J D 0 -27 -14 1 6913 0 0
W 0 0 0 \01\09\05
J N 6 139 63 4 1 0 1 295
K 0 0 43
K 0 17 96
K 0 40 108
A D 12 96 0
A P 1 100 0
J N 6 287 49 3 1729 288 1 295
K 0 0 43
K 0 17 96
A D 12 96 0
A P 1 111 0
J N 6 441 63 3 3457 288 1 295
K 0 0 43
K 0 17 96
A D 12 96 0
A P 1 100 0
J N 6 595 14 3 5185 288 1 295
K 0 0 43
K 0 21 96
A D 12 96 0
A P 1 140 0
H 295 B 65 -2 108 4 2 1 1 3
J B 196 751 1 82 6913 288 0
J N 6 775 28 4 1 0 1 296
K -15 0 65
K 0 0 43
K 0 -21 96
A D 12 96 0
A P 1 128 0
J N 6 929 14 3 1729 288 1 296
K 0 0 43
K 0 -21 96
A D 12 96 0
A P 1 140 0
J N 6 1082 28 3 3457 288 1 296
K 0 0 43
K 0 -21 96
A D 12 96 0
A P 1 128 0
J N 6 1232 -21 7 5185 288 1 296
K 0 7 45
K -15 0 65
K 0 0 43
K 0 7 45
K 1 7 45
K 0 -17 96
A D 12 96 0
A P 1 168 0
H 296 B -46 -1 108 4 2 1 1 3
J B 197 1384 1 82 6913 288 0
J D 0 1411 0 1 1 0 0
W 0 123 36 cresc.
J N 6 1411 42 4 1 0 1 297
K -14 0 64
K 0 0 43
K 0 -21 96
A D 12 96 0
A P 1 118 0
J N 6 1565 -7 4 1729 288 1 297
K -14 0 64
K 0 0 43
K 0 -17 96
A D 12 96 0
A P 1 158 0
J N 6 1715 63 3 3457 288 1 297
K 0 0 43
K 0 -14 96
A D 12 96 0
A P 1 100 0
J N 6 1873 14 3 5185 288 1 297
K 0 0 43
K 0 -21 96
A D 12 96 0
A P 1 140 0
H 297 B -56 0 108 4 2 1 1 3
J B 198 2050 1 82 6913 288 0
E *
B 1 751 0
B 1 1384 0
B 1 2050 0
