@ SOURCE: {beet/bhl/orch/sym7/stage2/03/02} DEC/30/2005 [md5sum:c36a124f7779a975a95fae20bbddb934]
L 0 0 21 !39Flauto 2
J D 4 500 -120 1 6913 0 0
W 0 0 44 Third Movement
J D 1 112 -56 1 6913 0 0
W 0 -84 44 Third Movement:  Flauto 2
J C 4 7 63 2 6913 0 0
K 0 0 33
K 0 0 34
J K -1 85 0 1 6913 0 0
K 0 42 65
J D 5 128 -60 1 6913 0 0
W 0 0 35 Presto.  (\0*\0& = 132)
J T 304 142 0 2 6913 0 0
K -15 42 74
K -15 84 75
J N 7 201 0 5 1 0 0
K 0 0 43
K 0 132 110
K 0 0 60
K 0 31 60
A D 2 8
J B 1 263 1 82 6913 576 0
J G 5 295 0 3 1 0 0
K 0 0 171
K 0 0 183
A D 0 8
J N 7 336 -21 7 1 0 1 1
K 0 0 45
K 0 0 43
K -1 0 45
K 6 0 45
K 0 0 60
K 0 31 60
A D 2 8
J N 6 392 0 3 2305 576 1 1
K 0 0 43
K 0 0 54
A D 1 8
H 1 S 0 0 0 0 0 0 0 0 0
J R 6 435 42 2 3457 288 0
K 0 0 49
A D 1 8
J N 7 478 0 4 4609 288 0
K 0 0 43
K 0 0 60
K 0 31 60
A D 2 8
J B 2 540 1 82 6913 576 0
J G 5 572 -21 6 1 0 0
K 1 0 173
K 0 0 171
K -1 0 173
K 6 0 173
K 0 0 183
A D 0 8
J N 7 613 -21 7 1 0 1 2
K 0 0 45
K 0 0 43
K -1 0 45
K 6 0 45
K 0 0 60
K 0 31 60
A D 2 8
J N 6 669 0 3 2305 576 1 2
K 0 0 43
K 0 0 54
A D 1 8
H 2 S 0 0 0 0 0 0 0 0 0
J R 6 712 42 2 3457 288 0
K 0 0 49
A D 1 8
J N 7 755 -21 7 4609 288 0
K 0 0 45
K 0 0 43
K -1 0 45
K 6 0 45
K 0 0 60
K 0 31 60
A D 2 8
J B 3 817 1 82 6913 576 0
J N 7 849 -21 9 1 0 0
K 0 0 45
K 0 0 43
K -1 0 45
K 6 0 45
K 0 -26 96
K 0 142 108
K 0 0 60
K 0 31 60
A D 2 8
J N 7 905 -21 8 2305 576 0
K 0 0 45
K 0 0 43
K -1 0 45
K 6 0 45
K 0 -26 96
K 0 0 60
K 0 31 60
A D 2 8
J N 7 961 -42 9 4609 576 0
K 0 21 45
K 0 0 45
K 0 0 43
K -1 0 45
K 6 0 45
K 0 -26 96
K 0 0 60
K 0 42 60
A D 2 8
J B 4 1023 1 82 6913 576 0
J N 7 1055 -32 8 1 0 0
K 0 11 45
K 0 0 43
K 0 11 45
K 2 11 45
K 0 -26 96
K 0 0 60
K 0 32 60
A D 2 8
J N 7 1111 -32 8 2305 576 0
K 0 11 45
K 0 0 43
K 0 11 45
K 2 11 45
K 0 -26 96
K 0 0 60
K 0 32 60
A D 2 8
J N 7 1167 -21 8 4609 576 0
K 0 0 45
K 0 0 43
K -1 0 45
K 6 0 45
K 0 -26 96
K 0 0 60
K 0 31 60
A D 2 8
J B 5 1229 1 82 6913 576 0
J N 7 1261 -11 5 1 0 0
K 0 0 43
K 0 -26 96
K 0 0 60
K 0 32 60
A D 2 8
J N 7 1317 -11 5 2305 576 0
K 0 0 43
K 0 -26 96
K 0 0 60
K 0 32 60
A D 2 8
J N 7 1373 0 5 4609 576 0
K 0 0 43
K 0 -26 96
K 0 0 60
K 0 31 60
A D 2 8
J B 6 1435 1 82 6913 576 0
J N 8 1467 10 5 1 0 0
K 0 0 42
K 38 0 44
K 0 0 60
K 0 32 60
A D 6 8
J B 7 1573 1 82 6913 1728 0
J N 7 1605 -63 11 1 0 0
K 0 42 45
K 0 21 45
K 0 0 45
K 0 0 43
K -1 0 45
K 6 0 45
K 0 -26 96
K 0 0 60
K 0 42 60
K 0 63 60
A D 2 8
J N 7 1661 -63 11 2305 576 0
K 0 42 45
K 0 21 45
K 0 0 45
K 0 0 43
K -1 0 45
K 6 0 45
K 0 -26 96
K 0 0 60
K 0 42 60
K 0 63 60
A D 2 8
J N 7 1717 -53 10 4609 576 0
K 0 32 45
K 0 11 45
K 0 0 43
K 0 11 45
K 2 11 45
K 0 -26 96
K 0 0 60
K 0 42 60
K 0 53 60
A D 2 8
J B 8 1779 1 82 6913 576 0
J N 7 1811 -42 9 1 0 0
K 0 21 45
K 0 0 45
K 0 0 43
K -1 0 45
K 6 0 45
K 0 -26 96
K 0 0 60
K 0 42 60
A D 2 8
J N 7 1867 -42 9 2305 576 0
K 0 21 45
K 0 0 45
K 0 0 43
K -1 0 45
K 6 0 45
K 0 -26 96
K 0 0 60
K 0 42 60
A D 2 8
J N 7 1923 -32 8 4609 576 0
K 0 11 45
K 0 0 43
K 0 11 45
K 2 11 45
K 0 -26 96
K 0 0 60
K 0 32 60
A D 2 8
J B 9 1985 1 82 6913 576 0
J N 7 2017 -21 8 1 0 0
K 0 0 45
K 0 0 43
K -1 0 45
K 6 0 45
K 0 -26 96
K 0 0 60
K 0 31 60
A D 2 8
J N 7 2073 -21 8 2305 576 0
K 0 0 45
K 0 0 43
K -1 0 45
K 6 0 45
K 0 -26 96
K 0 0 60
K 0 31 60
A D 2 8
J N 7 2129 -11 5 4609 576 0
K 0 0 43
K 0 -26 96
K 0 0 60
K 0 32 60
A D 2 8
J B 10 2191 1 82 6913 576 0
J N 8 2223 0 5 1 0 0
K 0 0 42
K 36 -9 44
K 0 0 60
K 0 31 60
A D 6 8
J B 11 2329 1 82 6913 1728 0
J S 4 2374 31 8 6 1728 0
K 0 0 62
K 0 5 62
K 0 11 92
K 30 11 92
K 60 11 92
K 90 0 62
K 90 5 62
K 30 11 77
J B 17 2509 1 82 6913 1 0 
J N 8 2541 -63 12 1 0 0
K 0 42 45
K 0 21 45
K 0 0 45
K 0 0 42
K -1 0 45
K 6 0 45
K 36 -9 44
K 0 195 110
K 0 0 60
K 0 42 60
K 0 63 60
A D 6 8
J B 18 2647 1 82 6913 1728 0
J N 7 2679 -63 10 1 0 0
K 0 42 45
K 0 21 45
K 0 0 45
K 0 0 43
K -1 0 45
K 6 0 45
K 0 0 60
K 0 42 60
K 0 63 60
A D 2 8
J R 7 2735 42 2 2305 576 0
K 0 0 48
A D 2 8
J R 7 2791 42 2 4609 576 0
K 0 0 48
A D 2 8
J B 19 2853 1 82 6913 576 0
J N 8 2885 -63 11 1 0 0
K 0 42 45
K 0 21 45
K 0 0 45
K 0 0 42
K -1 0 45
K 6 0 45
K 36 -9 44
K 0 0 60
K 0 42 60
K 0 63 60
A D 6 8
J B 20 2991 1 82 6913 1728 0
J N 7 3023 -63 10 1 0 0
K 0 42 45
K 0 21 45
K 0 0 45
K 0 0 43
K -1 0 45
K 6 0 45
K 0 0 60
K 0 42 60
K 0 63 60
A D 2 8
J R 7 3079 42 2 2305 576 0
K 0 0 48
A D 2 8
J R 7 3135 42 2 4609 576 0
K 0 0 48
A D 2 8
J B 21 3197 1 82 6913 576 0
J N 8 3229 -63 11 1 0 1 3
K 0 42 45
K 0 21 45
K 0 0 45
K 0 0 42
K -1 0 45
K 6 0 45
K 36 -9 44
K 0 0 60
K 0 42 60
K 0 63 60
A D 6 8
J B 22 3335 1 82 6913 1728 0
J N 7 3367 -63 10 1 0 1 3
K 0 42 45
K 0 21 45
K 0 0 45
K 0 0 43
K -1 0 45
K 6 0 45
K 0 0 60
K 0 42 60
K 0 63 60
A D 2 8
H 3 T -63 0 0 0 0 0 5 0
J N 7 3423 -63 11 2305 576 0
K 0 42 45
K 0 21 45
K 0 0 45
K 0 0 43
K -1 0 45
K 6 0 45
K 0 -26 96
K 0 0 60
K 0 42 60
K 0 63 60
A D 2 8
J N 7 3486 -42 10 4609 576 0
K 0 21 45
K 0 0 45
K -25 0 63
K 0 0 43
K -1 0 45
K 6 0 45
K 0 -26 96
K 0 0 60
K 0 42 60
A D 2 8
J B 23 3548 1 82 6913 576 0
J N 7 3580 -21 8 1 0 0
K 0 0 45
K 0 0 43
K -1 0 45
K 6 0 45
K 0 -26 96
K 0 0 60
K 0 31 60
A D 2 8
J N 7 3636 10 5 2305 576 0
K 0 0 43
K 0 -26 96
K 0 0 60
K 0 32 60
A D 2 8
J N 7 3699 31 6 4609 576 0
K -25 0 63
K 0 0 43
K 0 -21 96
K 0 0 60
K 0 32 60
A D 2 8
J B 24 3761 1 82 6913 576 0
J N 7 3793 52 5 1 0 0
K 0 0 43
K 0 21 96
K 0 0 59
K 0 -31 59
A D 2 8
J R 7 3849 42 2 3457 576 0
K 0 0 48
A D 2 8
J B 0 3945 10 6 6913 576 0
K -34 31 44
K -34 52 44
K -19 0 84
K 0 0 84
K 18 31 44
K 18 52 44
J R 7 4001 42 2 1 0 0
K 0 0 48
A D 2 8
J B 25 4063 1 82 6913 576 0
J S 4 4108 31 8 4 576 0
K 0 0 62
K 0 5 62
K 0 11 92
K 30 11 92
K 60 11 92
K 90 0 62
K 90 5 62
K 30 11 75
J B 29 4243 1 82 6913 1 0 
J S 4 4288 31 8 8 576 0
K 0 0 62
K 0 5 62
K 0 11 92
K 30 11 92
K 60 11 92
K 90 0 62
K 90 5 62
K 30 11 79
J B 37 4423 1 82 6913 1 0 
J S 4 4468 31 8 6 576 0
K 0 0 62
K 0 5 62
K 0 11 92
K 30 11 92
K 60 11 92
K 90 0 62
K 90 5 62
K 30 11 77
J B 43 4603 1 82 6913 1 0 
J R 7 4635 42 2 1 0 0
K 0 0 48
A D 2 8
J R 7 4691 42 2 2305 576 0
K 0 0 48
A D 2 8
J N 7 4747 -53 11 4609 576 0
K 0 32 45
K 0 11 45
K 0 0 43
K 0 11 45
K 2 11 45
K 0 185 110
K 30 185 110
K 0 0 60
K 0 42 60
K 0 53 60
A D 2 8
J B 44 4809 1 82 6913 576 0
J N 7 4841 -53 9 1 0 0
K 0 32 45
K 0 11 45
K 0 0 43
K 0 11 45
K 2 11 45
K 0 0 60
K 0 42 60
K 0 53 60
A D 2 8
J R 7 4897 42 2 2305 576 0
K 0 0 48
A D 2 8
J R 7 4953 42 2 4609 576 0
K 0 0 48
A D 2 8
J B 45 5015 1 82 6913 576 0
J S 4 5060 31 8 8 576 0
K 0 0 62
K 0 5 62
K 0 11 92
K 30 11 92
K 60 11 92
K 90 0 62
K 90 5 62
K 30 11 79
J B 53 5195 1 82 6913 1 0 
J S 4 5240 31 8 8 0 0
K 0 0 62
K 0 5 62
K 0 11 92
K 30 11 92
K 60 11 92
K 90 0 62
K 90 5 62
K 30 11 79
J B 61 5375 1 82 6913 1 0 
J S 4 5420 31 8 5 576 0
K 0 0 62
K 0 5 62
K 0 11 92
K 30 11 92
K 60 11 92
K 90 0 62
K 90 5 62
K 30 11 76
J B 66 5555 1 82 6913 1 0 
J S 4 5600 31 8 8 576 0
K 0 0 62
K 0 5 62
K 0 11 92
K 30 11 92
K 60 11 92
K 90 0 62
K 90 5 62
K 30 11 79
J B 74 5735 10000001 82 6913 1 0 
J D 0 5767 0 1 1 0 0
W 0 -84 32 Fl. 1
J N 7 5767 -32 8 1 0 0
K 0 11 173
K 0 0 171
K 0 11 173
K 2 11 173
K 0 -26 96
K 0 0 188
K 0 22 188
A D 2 8
J R 9 5767 105 2 1 0 0
K 0 0 46
A D 6 8
J N 7 5823 -32 8 2305 576 0
K 0 11 173
K 0 0 171
K 0 11 173
K 2 11 173
K 0 -26 96
K 0 0 188
K 0 22 188
A D 2 8
J N 7 5879 -21 8 4609 576 0
K 0 0 173
K 0 0 171
K -1 0 173
K 6 0 173
K 0 -26 96
K 0 0 188
K 0 21 188
A D 2 8
J B 75 5941 1 82 6913 576 0
J N 7 5973 -11 5 1 0 0
K 0 0 171
K 0 -26 96
K 0 0 188
K 0 21 188
A D 2 8
J R 9 5973 105 2 1 0 0
K 0 0 46
A D 6 8
J N 7 6029 -11 5 2305 576 0
K 0 0 171
K 0 -26 96
K 0 0 188
K 0 21 188
A D 2 8
J N 7 6085 0 5 4609 576 0
K 0 0 171
K 0 -26 96
K 0 0 188
K 0 21 188
A D 2 8
J D 0 6183 0 1 6913 576 0
W 0 -42 32 etc.
J B 76 6147 1 82 6913 0 0
J S 4 6192 31 8 6 576 0
K 0 0 62
K 0 5 62
K 0 11 92
K 30 11 92
K 60 11 92
K 90 0 62
K 90 5 62
K 30 11 77
J B 82 6327 1 82 6913 1 0 
J S 4 6372 31 8 6 0 0
K 0 0 62
K 0 5 62
K 0 11 92
K 30 11 92
K 60 11 92
K 90 0 62
K 90 5 62
K 30 11 77
J B 88 6507 1 82 6913 1 0 
J R 7 6539 42 2 1 0 0
K 0 0 48
A D 2 8
J R 7 6595 42 2 2305 576 0
K 0 0 48
A D 2 8
J N 7 6651 0 5 4609 576 0
K 0 0 43
K 0 132 110
K 0 0 60
K 0 31 60
A D 2 8
J B 89 6713 1 82 6913 576 0
J D 0 6703 0 19 1 0 0
W 0 -84 47 A
K -21 -156 90
K -21 -68 90
K 9 -156 90
K 9 -68 90
K 39 -156 90
K 39 -68 90
K 55 -156 90
K 55 -68 90
K -21 -156 89
K 81 -156 89
K -21 -135 89
K 81 -135 89
K -21 -114 89
K 81 -114 89
K -21 -93 89
K 81 -93 89
K -21 -89 89
K 81 -89 89
J G 5 6745 0 3 1 0 0
K 0 0 171
K 0 0 183
A D 0 8
J N 7 6786 -21 7 1 0 1 4
K 0 0 45
K 0 0 43
K -1 0 45
K 6 0 45
K 0 0 60
K 0 31 60
A D 2 8
J N 6 6842 0 3 2305 576 1 4
K 0 0 43
K 0 0 54
A D 1 8
H 4 S 0 0 0 0 0 0 0 0 0
J R 6 6885 42 2 3457 288 0
K 0 0 49
A D 1 8
J N 7 6928 0 4 4609 288 0
K 0 0 43
K 0 0 60
K 0 31 60
A D 2 8
J B 90 6990 1 82 6913 576 0
J G 5 7022 0 3 1 0 0
K 0 0 171
K 0 0 183
A D 0 8
J N 7 7063 -21 7 1 0 1 5
K 0 0 45
K 0 0 43
K -1 0 45
K 6 0 45
K 0 0 60
K 0 31 60
A D 2 8
J N 6 7119 0 3 2305 576 1 5
K 0 0 43
K 0 0 54
A D 1 8
H 5 S 0 0 0 0 0 0 0 0 0
J R 6 7162 42 2 3457 288 0
K 0 0 49
A D 1 8
J N 7 7205 -21 7 4609 288 0
K 0 0 45
K 0 0 43
K -1 0 45
K 6 0 45
K 0 0 60
K 0 31 60
A D 2 8
J B 91 7267 1 82 6913 576 0
J N 8 7299 0 7 1 0 1 6
K 0 0 42
K 36 -9 44
K 0 132 110
K 30 132 110
K 0 0 60
K 0 31 60
A D 6 8
J B 92 7405 1 82 6913 1728 0
J N 8 7437 0 5 1 0 2 7 6
K 0 0 42
K 36 -9 44
K 0 0 60
K 0 31 60
A D 6 8
H 6 T 0 0 0 0 0 0 5 0
J B 93 7543 1 82 6913 1728 0
J N 8 7575 0 5 1 0 2 8 7
K 0 0 42
K 36 -9 44
K 0 0 60
K 0 31 60
A D 6 8
H 7 T 0 0 0 0 0 0 5 0
J B 94 7681 1 82 6913 1728 0
J N 7 7713 0 4 1 0 2 9 8
K 0 0 43
K 0 0 60
K 0 31 60
A D 2 8
H 8 T 0 0 0 0 0 0 5 0
J N 7 7769 -11 4 2305 576 1 9
K 0 0 43
K 0 0 60
K 0 32 60
A D 2 8
H 9 S 0 0 0 0 0 0 0 0 0
J N 7 7825 -11 5 4609 576 0
K 0 0 43
K 0 -26 96
K 0 0 60
K 0 32 60
A D 2 8
J B 95 7887 1 82 6913 576 0
J N 8 7919 -11 5 1 0 1 10
K 0 0 42
K 38 0 44
K 0 0 60
K 0 32 60
A D 6 8
J B 96 8025 1 82 6913 1728 0
J N 8 8057 -11 5 1 0 2 11 10
K 0 0 42
K 38 0 44
K 0 0 60
K 0 32 60
A D 6 8
H 10 T -11 0 0 0 0 0 1 0
J B 97 8163 1 82 6913 1728 0
J N 8 8195 -11 5 1 0 2 12 11
K 0 0 42
K 38 0 44
K 0 0 60
K 0 32 60
A D 6 8
H 11 T -11 0 0 0 0 0 1 0
J B 98 8301 1 82 6913 1728 0
J N 7 8333 -11 4 1 0 2 13 12
K 0 0 43
K 0 0 60
K 0 32 60
A D 2 8
H 12 T -11 0 0 0 0 0 1 0
J N 7 8389 -21 7 2305 576 1 13
K 0 0 45
K 0 0 43
K -1 0 45
K 6 0 45
K 0 0 60
K 0 31 60
A D 2 8
H 13 S 0 0 0 0 0 0 0 0 0
J N 7 8445 -21 8 4609 576 0
K 0 0 45
K 0 0 43
K -1 0 45
K 6 0 45
K 0 -26 96
K 0 0 60
K 0 31 60
A D 2 8
J B 99 8507 1 82 6913 576 0
J S 4 8552 31 8 8 576 0
K 0 0 62
K 0 5 62
K 0 11 92
K 30 11 92
K 60 11 92
K 90 0 62
K 90 5 62
K 30 11 79
J B 107 8687 1 82 6913 1 0 
J S 4 8732 31 8 4 576 0
K 0 0 62
K 0 5 62
K 0 11 92
K 30 11 92
K 60 11 92
K 90 0 62
K 90 5 62
K 30 11 75
J B 111 8867 1 82 6913 1 0 
J S 4 8912 31 8 6 576 0
K 0 0 62
K 0 5 62
K 0 11 92
K 30 11 92
K 60 11 92
K 90 0 62
K 90 5 62
K 30 11 77
J B 117 9047 1 82 6913 1 0 
J R 9 9118 42 46 1 10000 0
J B 118 9229 1 82 6913 1728 0 
J N 7 9261 -11 5 1 0 0
K 0 0 43
K 0 132 108
K 0 0 60
K 0 32 60
A D 2 8
J N 7 9317 -11 4 2305 576 0
K 0 0 43
K 0 0 60
K 0 32 60
A D 2 8
J N 7 9373 -11 4 4609 576 0
K 0 0 43
K 0 0 60
K 0 32 60
A D 2 8
J B 119 9435 1 82 6913 576 0
J R 9 9506 42 46 1 10000 0
J B 120 9617 1 82 6913 1728 0 
J N 7 9649 -11 4 1 0 0
K 0 0 43
K 0 0 60
K 0 32 60
A D 2 8
J N 7 9705 -11 4 2305 576 0
K 0 0 43
K 0 0 60
K 0 32 60
A D 2 8
J N 7 9761 -11 4 4609 576 0
K 0 0 43
K 0 0 60
K 0 32 60
A D 2 8
J B 121 9823 1 82 6913 576 0
J R 9 9894 42 46 1 10000 0
J B 122 10005 1 82 6913 1728 0 
J N 7 10037 -11 4 1 0 0
K 0 0 43
K 0 0 60
K 0 32 60
A D 2 8
J N 7 10093 -11 4 2305 576 0
K 0 0 43
K 0 0 60
K 0 32 60
A D 2 8
J N 7 10149 -11 4 4609 576 0
K 0 0 43
K 0 0 60
K 0 32 60
A D 2 8
J B 123 10211 1 82 6913 576 0
J R 9 10282 42 46 1 10000 0
J B 124 10393 1 82 6913 1728 0 
J N 7 10425 -11 4 1 0 0
K 0 0 43
K 0 0 60
K 0 32 60
A D 2 8
J N 7 10481 -11 4 2305 576 0
K 0 0 43
K 0 0 60
K 0 32 60
A D 2 8
J N 7 10537 -11 4 4609 576 0
K 0 0 43
K 0 0 60
K 0 32 60
A D 2 8
J B 125 10599 1 82 6913 576 0
J R 7 10631 42 2 1 0 0
K 0 0 48
A D 2 8
J N 7 10687 -11 6 2305 576 0
K 0 0 43
K 0 143 110
K 30 143 110
K 0 0 60
K 0 32 60
A D 2 8
J N 7 10743 -11 4 4609 576 0
K 0 0 43
K 0 0 60
K 0 32 60
A D 2 8
J B 126 10805 1 82 6913 576 0
J N 7 10837 -21 7 1 0 0
K 0 0 45
K 0 0 43
K -1 0 45
K 6 0 45
K 0 0 60
K 0 31 60
A D 2 8
J N 7 10893 -21 7 2305 576 0
K 0 0 45
K 0 0 43
K -1 0 45
K 6 0 45
K 0 0 60
K 0 31 60
A D 2 8
J N 7 10949 0 4 4609 576 0
K 0 0 43
K 0 0 60
K 0 31 60
A D 2 8
J B 127 11011 1 82 6913 576 0
J R 7 11043 42 2 1 0 0
K 0 0 48
A D 2 8
J N 7 11099 10 4 2305 576 0
K 0 0 43
K 0 0 60
K 0 32 60
A D 2 8
J N 7 11155 10 4 4609 576 0
K 0 0 43
K 0 0 60
K 0 32 60
A D 2 8
J B 128 11217 1 82 6913 576 0
J N 7 11249 0 4 1 0 0
K 0 0 43
K 0 0 60
K 0 31 60
A D 2 8
J N 7 11305 -21 7 2305 576 0
K 0 0 45
K 0 0 43
K -1 0 45
K 6 0 45
K 0 0 60
K 0 31 60
A D 2 8
J N 7 11361 -21 7 4609 576 0
K 0 0 45
K 0 0 43
K -1 0 45
K 6 0 45
K 0 0 60
K 0 31 60
A D 2 8
J B 129 11423 1 82 6913 576 0
J R 7 11455 42 2 1 0 0
K 0 0 48
A D 2 8
J N 7 11511 -11 4 2305 576 0
K 0 0 43
K 0 0 60
K 0 32 60
A D 2 8
J N 7 11567 -11 4 4609 576 0
K 0 0 43
K 0 0 60
K 0 32 60
A D 2 8
J B 130 11629 1 82 6913 576 0
J N 7 11661 -21 7 1 0 0
K 0 0 45
K 0 0 43
K -1 0 45
K 6 0 45
K 0 0 60
K 0 31 60
A D 2 8
J N 7 11717 -21 7 2305 576 0
K 0 0 45
K 0 0 43
K -1 0 45
K 6 0 45
K 0 0 60
K 0 31 60
A D 2 8
J N 7 11773 0 4 4609 576 0
K 0 0 43
K 0 0 60
K 0 31 60
A D 2 8
J B 131 11835 1 82 6913 576 0
J R 7 11867 42 2 1 0 0
K 0 0 48
A D 2 8
J N 7 11923 -11 4 2305 576 0
K 0 0 43
K 0 0 60
K 0 32 60
A D 2 8
J N 7 11979 -11 4 4609 576 0
K 0 0 43
K 0 0 60
K 0 32 60
A D 2 8
J B 132 12041 1 82 6913 576 0
J N 7 12073 -21 7 1 0 0
K 0 0 45
K 0 0 43
K -1 0 45
K 6 0 45
K 0 0 60
K 0 31 60
A D 2 8
J N 7 12129 -21 7 2305 576 0
K 0 0 45
K 0 0 43
K -1 0 45
K 6 0 45
K 0 0 60
K 0 31 60
A D 2 8
J N 7 12185 0 4 4609 576 0
K 0 0 43
K 0 0 60
K 0 31 60
A D 2 8
J B 133 12247 1 82 6913 576 0
J R 7 12279 42 2 1 0 0
K 0 0 48
A D 2 8
J N 7 12335 -11 4 2305 576 0
K 0 0 43
K 0 0 60
K 0 32 60
A D 2 8
J N 7 12391 -11 4 4609 576 0
K 0 0 43
K 0 0 60
K 0 32 60
A D 2 8
J B 134 12453 1 82 6913 576 0
J N 7 12485 -21 7 1 0 0
K 0 0 45
K 0 0 43
K -1 0 45
K 6 0 45
K 0 0 60
K 0 31 60
A D 2 8
J N 7 12541 -42 8 2305 576 0
K 0 21 45
K 0 0 45
K 0 0 43
K -1 0 45
K 6 0 45
K 0 0 60
K 0 42 60
A D 2 8
J N 7 12597 -21 7 4609 576 0
K 0 0 45
K 0 0 43
K -1 0 45
K 6 0 45
K 0 0 60
K 0 31 60
A D 2 8
J B 135 12659 1 82 6913 576 0
J N 7 12691 0 4 1 0 0
K 0 0 43
K 0 0 60
K 0 31 60
A D 2 8
J N 7 12747 31 4 2305 576 0
K 0 0 43
K 0 0 60
K 0 32 60
A D 2 8
J N 7 12803 52 4 4609 576 0
K 0 0 43
K 0 0 59
K 0 -31 59
A D 2 8
J B 136 12865 1 82 6913 576 0
J N 7 12897 0 4 1 0 0
K 0 0 43
K 0 0 60
K 0 31 60
A D 2 8
J R 7 12953 42 2 2305 576 0
K 0 0 48
A D 2 8
J R 7 13009 42 2 4609 576 0
K 0 0 48
A D 2 8
J B 137 13071 1 82 6913 576 0
J S 4 13116 31 8 3 576 0
K 0 0 62
K 0 5 62
K 0 11 92
K 30 11 92
K 60 11 92
K 90 0 62
K 90 5 62
K 30 11 74
J B 140 13251 1 82 6913 1 0 
J R 7 13283 42 2 1 0 0
K 0 0 48
A D 2 8
J R 7 13339 42 2 2305 576 0
K 0 0 48
A D 2 8
J N 7 13395 0 5 4609 576 0
K 0 0 43
K 0 -26 96
K 0 0 60
K 0 31 60
A D 2 8
J B 141 13457 1 82 6913 576 0
J G 5 13489 0 3 1 0 0
K 0 0 171
K 0 0 183
A D 0 8
J N 7 13530 -21 9 1 0 1 14
K 0 0 45
K 0 0 43
K -1 0 45
K 6 0 45
K 0 153 111
K 18 153 110
K 0 0 60
K 0 31 60
A D 2 8
J N 6 13586 0 3 2305 576 1 14
K 0 0 43
K 0 0 54
A D 1 8
H 14 S 0 0 0 0 0 0 0 0 0
J R 6 13629 42 2 3457 288 0
K 0 0 49
A D 1 8
J N 7 13672 0 5 4609 288 0
K 0 0 43
K 0 -26 96
K 0 0 60
K 0 31 60
A D 2 8
J B 142 13734 1 82 6913 576 0
J G 5 13766 0 3 1 0 0
K 0 0 171
K 0 0 183
A D 0 8
J N 7 13807 -21 9 1 0 1 15
K 0 0 45
K 0 0 43
K -1 0 45
K 6 0 45
K 0 153 111
K 18 153 110
K 0 0 60
K 0 31 60
A D 2 8
J N 7 13863 0 4 2305 576 1 15
K 0 0 43
K 0 0 60
K 0 31 60
A D 2 8
H 15 S 0 0 0 0 0 0 0 0 0
J N 7 13919 0 5 4609 576 0
K 0 0 43
K 0 -26 96
K 0 0 60
K 0 31 60
A D 2 8
J B 143 13981 1 82 6913 576 0
J G 5 14013 0 3 1 0 0
K 0 0 171
K 0 0 183
A D 0 8
J N 7 14054 -21 9 1 0 1 16
K 0 0 45
K 0 0 43
K -1 0 45
K 6 0 45
K 0 153 111
K 18 153 110
K 0 0 60
K 0 31 60
A D 2 8
J N 7 14110 0 4 2305 576 1 16
K 0 0 43
K 0 0 60
K 0 31 60
A D 2 8
H 16 S 0 0 0 0 0 0 0 0 0
J N 7 14166 0 5 4609 576 0
K 0 0 43
K 0 -26 96
K 0 0 60
K 0 31 60
A D 2 8
J B 144 14228 1 82 6913 576 0
J G 5 14260 0 3 1 0 0
K 0 0 171
K 0 0 183
A D 0 8
J N 7 14301 -21 9 1 0 1 17
K 0 0 45
K 0 0 43
K -1 0 45
K 6 0 45
K 0 153 111
K 18 153 110
K 0 0 60
K 0 31 60
A D 2 8
J N 7 14357 0 4 2305 576 1 17
K 0 0 43
K 0 0 60
K 0 31 60
A D 2 8
H 17 S 0 0 0 0 0 0 0 0 0
J N 7 14413 0 5 4609 576 0
K 0 0 43
K 0 -26 96
K 0 0 60
K 0 31 60
A D 2 8
J B 145 14475 1 82 6913 576 1 18
J N 8 14507 -21 10 1 0 1 19
K 0 0 45
K 0 0 42
K -1 0 45
K 6 0 45
K 36 -9 44
K 0 153 110
K 30 153 110
K 0 0 60
K 0 31 60
A D 6 8
J B 146 14613 1 82 6913 1728 0
J N 8 14645 -21 8 1 0 2 20 19
K 0 0 45
K 0 0 42
K -1 0 45
K 6 0 45
K 36 -9 44
K 0 0 60
K 0 31 60
A D 6 8
H 19 T -21 0 0 0 0 0 5 0
J B 147 14751 1 82 6913 1728 0
J N 8 14783 -21 8 1 0 2 21 20
K 0 0 45
K 0 0 42
K -1 0 45
K 6 0 45
K 36 -9 44
K 0 0 60
K 0 31 60
A D 6 8
H 20 T -21 0 0 0 0 0 5 0
J B 148 14889 1 82 6913 1728 0
J N 8 14921 -21 7 1 0 1 21
K 0 0 45
K 0 0 42
K -1 0 45
K 6 0 45
K 0 0 60
K 0 31 60
A D 4 8
H 21 T -21 0 0 0 0 0 5 0
J B 149 15040 6 4 6913 1152 2 18 22
K -35 31 44
K -35 52 44
K -20 0 82
K -9 0 84
H 18 E 1 0 -13 -63 31 31
J N 8 15072 -21 8 1 0 2 24 23
K 0 0 45
K 0 0 42
K -1 0 45
K 6 0 45
K 36 -9 44
K 0 0 60
K 0 31 60
A D 6 8
J B 150 15178 1 82 6913 1728 0
J N 8 15210 -21 8 1 0 2 25 24
K 0 0 45
K 0 0 42
K -1 0 45
K 6 0 45
K 36 -9 44
K 0 0 60
K 0 31 60
A D 6 8
H 24 T -21 0 0 0 0 0 5 0
J B 151 15316 1 82 6913 1728 0
J N 8 15348 -21 8 1 0 2 26 25
K 0 0 45
K 0 0 42
K -1 0 45
K 6 0 45
K 36 -9 44
K 0 0 60
K 0 31 60
A D 6 8
H 25 T -21 0 0 0 0 0 5 0
J B 152 15454 1 82 6913 1728 0
J N 8 15486 -21 8 1 0 2 26 23
K 0 0 45
K 0 0 42
K -1 0 45
K 6 0 45
K 36 -9 44
K 0 0 60
K 0 31 60
A D 6 8
H 23 W 31 0 10 142 42 142
H 26 T -21 0 0 0 0 0 5 0
J B 153 15605 10000005 2 6913 1728 1 22
K -13 0 82
K 0 0 82
H 22 E 2 0 0 -63 31 31
J K 2 15637 0 3 6913 0 0
K 0 42 64
K 19 0 63
K 40 31 63
J D 5 15722 -60 1 1 0 0
W 0 0 35 Assai meno presto
J N 7 15722 21 5 1 0 0
K 0 0 43
K 0 105 108
K 0 0 60
K 0 31 60
A D 2 8
J R 7 15778 42 2 2305 576 0
K 0 0 48
A D 2 8
J R 7 15834 42 2 4609 576 0
K 0 0 48
A D 2 8
J B 154 15896 1 82 6913 576 0
J S 4 15941 31 9 11 576 0
K 0 0 62
K 0 5 62
K 0 11 92
K 30 11 92
K 60 11 92
K 90 0 62
K 90 5 62
K 45 11 72
K 14 11 72
J B 165 16076 1 82 6913 1 0 
J D 0 16108 0 1 1 0 0
W 0 -63 32 Clar. 1
J N 8 16108 10 4 1 0 1 27
K 0 0 170
K 0 0 188
K 0 21 188
A D 4 8
J R 9 16108 105 2 1 10000 0
K 0 0 46
A D 6 8
J N 7 16160 0 4 4609 1152 0
K 0 0 171
K 0 0 188
K 0 21 188
A D 2 8
J B 166 16196 1 82 6913 576 0
J N 7 16228 -21 7 1 0 0
K 0 0 173
K 0 0 171
K -1 0 173
K 6 0 173
K 0 0 188
K 0 21 188
A D 2 8
J R 9 16228 105 2 1 10000 0
K 0 0 46
A D 6 8
J N 7 16280 -11 4 2305 576 1 27
K 0 0 171
K 0 0 188
K 0 21 188
A D 2 8
H 27 S 0 0 0 0 -10 0 0 0 0
J N 7 16310 10 5 4609 576 0
K 0 0 171
K 0 -26 96
K 0 0 188
K 0 21 188
A D 2 8
J B 167 16346 1 82 6913 576 0
J N 7 16378 21 4 1 0 0
K 0 0 171
K 0 0 188
K 0 21 188
A D 2 8
J R 9 16378 105 2 1 10000 0
K 0 0 46
A D 6 8
J R 7 16411 21 2 2305 576 0
K 0 0 176
A D 2 8
J R 7 16441 21 2 4609 576 0
K 0 0 176
A D 2 8
J B 168 16477 1 82 6913 576 0
J S 4 16522 31 8 2 576 0
K 0 0 62
K 0 5 62
K 0 11 92
K 30 11 92
K 60 11 92
K 90 0 62
K 90 5 62
K 30 11 73
J B 170 16657 1 82 6913 1 0 
J S 0 16689 147 108 1 0 1 28
J N 8 16689 21 4 1 0 2 29 30
K 0 0 42
K 0 0 60
K 0 31 60
A D 4 8
J M 0 16774 0 0 4609 1152 1 28
H 28 W 0 31 44 147 10 147
J N 6 16774 21 2 4609 0 3 32 29 31
K 0 0 43
A D 1 8
H 29 T 21 0 0 0 0 0 5 0
J N 6 16821 31 2 5761 288 1 32
K 0 0 43
A D 1 8
H 32 B 1 0 112 2 2 3
J B 171 16874 1 82 6913 288 0
J N 7 16906 21 4 1 0 2 30 31
K 0 0 43
K 0 0 60
K 0 31 60
A D 2 8
H 31 W 31 0 52 147 21 147
H 30 S 0 0 0 0 0 0 0 0 0
J R 7 16967 42 2 2305 576 0
K 0 0 48
A D 2 8
J R 7 17028 42 2 4609 576 0
K 0 0 48
A D 2 8
J B 172 17095 1 82 6913 576 0
J N 8 17127 21 4 1 0 3 34 35 33
K 0 0 42
K 0 0 60
K 0 31 60
A D 4 8
J M 0 17212 0 0 4609 1152 1 33
H 33 W 0 31 10 147 10 147
J N 6 17212 21 2 4609 0 3 37 34 36
K 0 0 43
A D 1 8
H 34 T 21 0 0 0 0 0 5 0
J N 6 17259 31 2 5761 288 1 37
K 0 0 43
A D 1 8
H 37 B 1 0 112 2 2 3
J B 173 17312 1 82 6913 288 0
J N 7 17344 21 4 1 0 2 35 36
K 0 0 43
K 0 0 60
K 0 31 60
A D 2 8
H 36 W 31 0 52 147 21 147
H 35 S 0 0 0 0 0 0 0 0 0
J R 7 17405 42 2 2305 576 0
K 0 0 48
A D 2 8
J R 7 17466 42 2 4609 576 0
K 0 0 48
A D 2 8
J B 174 17533 10000001 82 6913 576 0
J S 4 17578 31 8 4 576 0
K 0 0 62
K 0 5 62
K 0 11 92
K 30 11 92
K 60 11 92
K 90 0 62
K 90 5 62
K 30 11 75
J B 178 17713 1 82 6913 1 0 
J N 8 17745 10 4 1 0 3 39 40 38
K 0 0 42
K 0 0 60
K 0 32 60
A D 4 8
J M 0 17830 0 0 4609 1152 1 38
H 38 W 0 31 10 147 10 147
J N 6 17830 10 2 4609 0 3 42 39 41
K 0 0 43
A D 1 8
H 39 T 10 0 0 0 0 0 1 0
J N 6 17895 21 3 5761 288 1 42
K -25 0 63
K 0 0 43
A D 1 8
H 42 B 1 0 112 2 2 3
J B 179 17948 1 82 6913 288 0
J N 7 17980 10 4 1 0 2 40 41
K 0 0 43
K 0 0 60
K 0 32 60
A D 2 8
H 41 W 31 0 52 147 21 147
H 40 S 0 0 0 0 0 0 0 0 0
J R 7 18041 42 2 2305 576 0
K 0 0 48
A D 2 8
J R 7 18102 42 2 4609 576 0
K 0 0 48
A D 2 8
J B 180 18169 1 82 6913 576 0
J N 8 18201 10 4 1 0 3 44 45 43
K 0 0 42
K 0 0 60
K 0 32 60
A D 4 8
J M 0 18286 0 0 4609 1152 1 43
H 43 W 0 31 10 147 10 147
J N 6 18286 10 2 4609 0 3 47 44 46
K 0 0 43
A D 1 8
H 44 T 10 0 0 0 0 0 1 0
J N 6 18351 21 3 5761 288 1 47
K -25 0 63
K 0 0 43
A D 1 8
H 47 B 1 0 112 2 2 3
J B 181 18404 1 82 6913 288 0
J N 7 18436 10 4 1 0 2 45 46
K 0 0 43
K 0 0 60
K 0 32 60
A D 2 8
H 46 W 31 0 52 147 21 147
H 45 S 0 0 0 0 0 0 0 0 0
J R 7 18497 42 2 2305 576 0
K 0 0 48
A D 2 8
J R 7 18558 42 2 4609 576 0
K 0 0 48
A D 2 8
J B 182 18625 1 82 6913 576 0
J S 4 18670 31 8 2 576 0
K 0 0 62
K 0 5 62
K 0 11 92
K 30 11 92
K 60 11 92
K 90 0 62
K 90 5 62
K 30 11 73
J B 184 18805 1 82 6913 1 0 
J R 9 18837 42 2 1 10000 0
K 0 0 46
A D 6 8
J B 185 18994 9 4 6913 1728 0
K 0 0 84
K 19 0 82
K 29 31 44
K 29 52 44
J S 4 19073 31 9 20 1728 0
K 0 0 62
K 0 5 62
K 0 11 92
K 30 11 92
K 60 11 92
K 90 0 62
K 90 5 62
K 45 11 71
K 14 11 73
J B 205 19208 10000001 82 6913 1 0 
J D 0 19240 0 1 1 0 0
W 0 -42 32 Clarinets
J R 7 19240 21 2 1 0 0
K 0 0 176
A D 2 8
J R 9 19240 105 2 1 0 0
K 0 0 46
A D 6 8
J N 8 19292 42 6 2305 576 0
K 22 0 170
K 0 10 170
K 0 10 187
K 0 0 187
K 0 -11 187
A D 4 8
J B 206 19348 1 82 6913 1152 0
J N 8 19380 42 6 1 0 0
K 22 0 170
K 0 10 170
K 0 10 187
K 0 0 187
K 0 -11 187
A D 4 8
J R 9 19380 105 2 1 0 0
K 0 0 46
A D 6 8
J N 7 19440 42 6 4609 1152 0
K 22 0 171
K 0 10 171
K 0 10 187
K 0 0 187
K 0 -11 187
A D 2 8
J B 207 19490 1 82 6913 576 0
J D 0 19522 0 1 1 0 0
W 0 -42 32 Oboes
J R 7 19522 21 2 1 0 0
K 0 0 176
A D 2 8
J R 9 19522 105 2 1 0 0
K 0 0 46
A D 6 8
J N 8 19574 10 6 2305 576 0
K 0 -21 170
K 0 0 170
K 0 -21 188
K 0 0 188
K 0 21 188
A D 4 8
J B 208 19630 1 82 6913 1152 0
J N 8 19662 10 6 1 0 0
K 0 -21 170
K 0 0 170
K 0 -21 188
K 0 0 188
K 0 21 188
A D 4 8
J R 9 19662 105 2 1 0 0
K 0 0 46
A D 6 8
J N 7 19714 10 6 4609 1152 0
K 0 -21 171
K 0 0 171
K 0 -21 188
K 0 0 188
K 0 21 188
A D 2 8
J B 209 19755 1 82 6913 576 0
J R 7 19787 42 2 1 0 0
K 0 0 48
A D 2 8
J D 0 19822 0 1 2305 576 1 48
W 0 142 36 cresc.
J N 8 19822 -63 10 2305 0 0
K 0 42 45
K 0 21 45
K 0 0 45
K 0 0 42
K -1 0 45
K 6 0 45
K 0 0 60
K 0 42 60
K 0 63 60
A D 4 8
J B 210 19878 1 82 6913 1152 0
J N 8 19910 -63 10 1 0 0
K 0 42 45
K 0 21 45
K 0 0 45
K 0 0 42
K -1 0 45
K 6 0 45
K 0 0 60
K 0 42 60
K 0 63 60
A D 4 8
J N 7 19960 -63 10 4609 1152 0
K 0 42 45
K 0 21 45
K 0 0 45
K 0 0 43
K -1 0 45
K 6 0 45
K 0 0 60
K 0 42 60
K 0 63 60
A D 2 8
J M 0 19995 0 0 6913 576 1 48
H 48 D 147 0 142 0 31
J B 211 20001 1 82 6913 0 0
J N 8 20033 -53 11 1 0 2 49 50
K 0 32 45
K 0 11 45
K 0 0 42
K 0 11 45
K 2 11 45
K 0 195 110
K 30 195 110
K 0 0 60
K 0 42 60
K 0 53 60
A D 4 8
J N 6 20083 -53 6 4609 1152 2 51 49
K 0 32 45
K 0 11 45
K 0 0 43
K 0 11 45
K 2 11 45
A D 1 8
H 49 T -53 0 0 0 0 0 1 0
J N 6 20123 -63 7 5761 288 1 51
K 0 42 45
K 0 21 45
K 0 0 45
K 0 0 43
K -1 0 45
K 6 0 45
A D 1 8
H 51 B 1 0 112 2 2 3
J B 212 20156 1 82 6913 288 0
J N 7 20188 -53 9 1 0 1 50
K 0 32 45
K 0 11 45
K 0 0 43
K 0 11 45
K 2 11 45
K 0 0 60
K 0 42 60
K 0 53 60
A D 2 8
H 50 S 0 0 0 0 0 0 0 0 0
J R 7 20223 42 2 2305 576 0
K 0 0 48
A D 2 8
J R 7 20258 42 2 4609 576 0
K 0 0 48
A D 2 8
J B 213 20299 1 82 6913 576 0
J N 8 20331 -53 9 1 0 2 52 53
K 0 32 45
K 0 11 45
K 0 0 42
K 0 11 45
K 2 11 45
K 0 0 60
K 0 42 60
K 0 53 60
A D 4 8
J N 6 20381 -53 6 4609 1152 2 54 52
K 0 32 45
K 0 11 45
K 0 0 43
K 0 11 45
K 2 11 45
A D 1 8
H 52 T -53 0 0 0 0 0 1 0
J N 6 20421 -63 7 5761 288 1 54
K 0 42 45
K 0 21 45
K 0 0 45
K 0 0 43
K -1 0 45
K 6 0 45
A D 1 8
H 54 B 1 0 112 2 2 3
J B 214 20454 1 82 6913 288 0
J N 7 20486 -53 9 1 0 1 53
K 0 32 45
K 0 11 45
K 0 0 43
K 0 11 45
K 2 11 45
K 0 0 60
K 0 42 60
K 0 53 60
A D 2 8
H 53 S 0 0 0 0 0 0 0 0 0
J R 7 20521 42 2 2305 576 0
K 0 0 48
A D 2 8
J R 7 20556 42 2 4609 576 0
K 0 0 48
A D 2 8
J B 215 20597 10000001 82 6913 576 0
J N 8 20629 -53 9 1 0 1 55
K 0 32 45
K 0 11 45
K 0 0 42
K 0 11 45
K 2 11 45
K 0 0 60
K 0 42 60
K 0 53 60
A D 4 8
J N 7 20679 -42 8 4609 1152 0
K 0 21 45
K 0 0 45
K 0 0 43
K -1 0 45
K 6 0 45
K 0 0 60
K 0 42 60
A D 2 8
J B 216 20720 1 82 6913 576 0
J N 7 20752 -53 9 1 0 0
K 0 32 45
K 0 11 45
K 0 0 43
K 0 11 45
K 2 11 45
K 0 0 60
K 0 42 60
K 0 53 60
A D 2 8
J N 7 20792 -63 10 2305 576 1 55
K 0 42 45
K 0 21 45
K 0 0 45
K 0 0 43
K -1 0 45
K 6 0 45
K 0 0 60
K 0 42 60
K 0 63 60
A D 2 8
H 55 S 0 0 0 0 0 0 0 0 0
J N 7 20827 -53 10 4609 576 0
K 0 32 45
K 0 11 45
K 0 0 43
K 0 11 45
K 2 11 45
K 0 -26 96
K 0 0 60
K 0 42 60
K 0 53 60
A D 2 8
J B 217 20868 1 82 6913 576 0
J N 7 20900 -42 8 1 0 0
K 0 21 45
K 0 0 45
K 0 0 43
K -1 0 45
K 6 0 45
K 0 0 60
K 0 42 60
A D 2 8
J R 7 20935 42 2 2305 576 0
K 0 0 48
A D 2 8
J R 7 20970 42 2 4609 576 0
K 0 0 48
A D 2 8
J B 218 21011 1 82 6913 576 0
J R 9 21082 42 46 1 10000 0
J B 219 21193 1 82 6913 1728 0 
J N 8 21225 -42 8 1 0 2 56 57
K 0 21 45
K 0 0 45
K 0 0 42
K -1 0 45
K 6 0 45
K 0 0 60
K 0 42 60
A D 4 8
J N 6 21275 -42 6 4609 1152 2 58 56
K 0 21 45
K 0 0 45
K 0 0 43
K -1 0 45
K 6 0 45
A D 1 8
H 56 T -42 0 0 0 0 0 5 0
J N 6 21340 -32 6 5761 288 1 58
K 0 11 45
K -25 0 63
K 0 0 43
K 0 11 45
K 2 11 45
A D 1 8
H 58 B 1 0 112 2 2 3
J B 220 21373 1 82 6913 288 0
J N 7 21405 -42 8 1 0 1 57
K 0 21 45
K 0 0 45
K 0 0 43
K -1 0 45
K 6 0 45
K 0 0 60
K 0 42 60
A D 2 8
H 57 S 0 0 0 0 0 0 0 0 0
J R 7 21440 42 2 2305 576 0
K 0 0 48
A D 2 8
J R 7 21475 42 2 4609 576 0
K 0 0 48
A D 2 8
J B 221 21516 1 82 6913 576 0
J N 8 21548 -42 8 1 0 2 59 60
K 0 21 45
K 0 0 45
K 0 0 42
K -1 0 45
K 6 0 45
K 0 0 60
K 0 42 60
A D 4 8
J N 6 21598 -42 6 4609 1152 2 61 59
K 0 21 45
K 0 0 45
K 0 0 43
K -1 0 45
K 6 0 45
A D 1 8
H 59 T -42 0 0 0 0 0 5 0
J N 6 21663 -32 6 5761 288 1 61
K 0 11 45
K -25 0 63
K 0 0 43
K 0 11 45
K 2 11 45
A D 1 8
H 61 B 1 0 112 2 2 3
J B 222 21696 1 82 6913 288 0
J N 7 21728 -42 8 1 0 1 60
K 0 21 45
K 0 0 45
K 0 0 43
K -1 0 45
K 6 0 45
K 0 0 60
K 0 42 60
A D 2 8
H 60 S 0 0 0 0 0 0 0 0 0
J R 7 21763 42 2 2305 576 0
K 0 0 48
A D 2 8
J R 7 21798 42 2 4609 576 0
K 0 0 48
A D 2 8
J B 223 21839 10000001 82 6913 576 0
J N 8 21871 -42 8 1 0 1 62
K 0 21 45
K 0 0 45
K 0 0 42
K -1 0 45
K 6 0 45
K 0 0 60
K 0 42 60
A D 4 8
J N 7 21949 -53 9 4609 1152 0
K 0 32 45
K 0 11 45
K 0 0 43
K 0 11 45
K 2 11 45
K 0 0 60
K 0 42 60
K 0 53 60
A D 2 8
J B 224 22011 1 82 6913 576 0
J N 7 22043 -74 10 1 0 0
K 0 53 45
K 0 32 45
K 0 11 45
K 0 0 43
K 0 11 45
K 2 11 45
K 0 0 60
K 0 42 60
K 0 74 60
A D 2 8
J N 7 22099 -63 10 2305 576 1 62
K 0 42 45
K 0 21 45
K 0 0 45
K 0 0 43
K -1 0 45
K 6 0 45
K 0 0 60
K 0 42 60
K 0 63 60
A D 2 8
H 62 S 0 0 0 0 -11 0 0 0 0
J N 7 22155 -42 9 4609 576 0
K 0 21 45
K 0 0 45
K 0 0 43
K -1 0 45
K 6 0 45
K 0 -26 96
K 0 0 60
K 0 42 60
A D 2 8
J B 225 22217 1 82 6913 576 0
J N 7 22249 -53 9 1 0 0
K 0 32 45
K 0 11 45
K 0 0 43
K 0 11 45
K 2 11 45
K 0 0 60
K 0 42 60
K 0 53 60
A D 2 8
J R 7 22305 42 2 2305 576 0
K 0 0 48
A D 2 8
J R 7 22361 42 2 4609 576 0
K 0 0 48
A D 2 8
J B 226 22423 1 82 6913 576 0
J R 9 22455 42 2 1 10000 0
K 0 0 46
A D 6 8
J B 227 22647 6 4 6913 1728 0
K -35 31 44
K -35 52 44
K -20 0 82
K -9 0 84
J S 4 22692 31 9 13 1728 0
K 0 0 62
K 0 5 62
K 0 11 92
K 30 11 92
K 60 11 92
K 90 0 62
K 90 5 62
K 45 11 74
K 14 11 72
J B 240 22827 1 82 6913 1 0 
J R 7 22859 42 2 1 0 0
K 0 0 48
A D 2 8
J R 7 22915 42 2 3457 576 0
K 0 0 48
A D 2 8
J B 0 22990 5 2 6913 576 0
K -13 0 82
K 0 0 82
J K -1 23022 0 3 6913 0 0
K 0 0 64
K 19 31 64
K 38 42 65
J D 5 23103 -60 1 1 0 0
W 0 0 35 Presto
J N 7 23103 0 5 1 0 0
K 0 0 43
K 0 132 110
K 0 0 60
K 0 31 60
A D 2 8
J B 241 23165 1 82 6913 576 0
J G 5 23197 0 3 1 0 0
K 0 0 171
K 0 0 183
A D 0 8
J N 7 23238 -21 7 1 0 1 63
K 0 0 45
K 0 0 43
K -1 0 45
K 6 0 45
K 0 0 60
K 0 31 60
A D 2 8
J N 6 23294 0 3 2305 576 1 63
K 0 0 43
K 0 0 54
A D 1 8
H 63 S 0 0 0 0 0 0 0 0 0
J R 6 23337 42 2 3457 288 0
K 0 0 49
A D 1 8
J N 7 23380 0 4 4609 288 0
K 0 0 43
K 0 0 60
K 0 31 60
A D 2 8
J B 242 23442 1 82 6913 576 0
J G 5 23474 0 3 1 0 0
K 0 0 171
K 0 0 183
A D 0 8
J N 7 23515 -21 7 1 0 1 64
K 0 0 45
K 0 0 43
K -1 0 45
K 6 0 45
K 0 0 60
K 0 31 60
A D 2 8
J N 6 23571 0 3 2305 576 1 64
K 0 0 43
K 0 0 54
A D 1 8
H 64 S 0 0 0 0 0 0 0 0 0
J R 6 23614 42 2 3457 288 0
K 0 0 49
A D 1 8
J N 7 23657 -21 7 4609 288 0
K 0 0 45
K 0 0 43
K -1 0 45
K 6 0 45
K 0 0 60
K 0 31 60
A D 2 8
J B 243 23719 1 82 6913 576 0
J N 7 23751 -21 9 1 0 0
K 0 0 45
K 0 0 43
K -1 0 45
K 6 0 45
K 0 -26 96
K 0 142 108
K 0 0 60
K 0 31 60
A D 2 8
J N 7 23807 -21 8 2305 576 0
K 0 0 45
K 0 0 43
K -1 0 45
K 6 0 45
K 0 -26 96
K 0 0 60
K 0 31 60
A D 2 8
J N 7 23863 -42 9 4609 576 0
K 0 21 45
K 0 0 45
K 0 0 43
K -1 0 45
K 6 0 45
K 0 -26 96
K 0 0 60
K 0 42 60
A D 2 8
J B 244 23925 1 82 6913 576 0
J N 7 23957 -32 8 1 0 0
K 0 11 45
K 0 0 43
K 0 11 45
K 2 11 45
K 0 -26 96
K 0 0 60
K 0 32 60
A D 2 8
J N 7 24013 -32 8 2305 576 0
K 0 11 45
K 0 0 43
K 0 11 45
K 2 11 45
K 0 -26 96
K 0 0 60
K 0 32 60
A D 2 8
J N 7 24069 -21 8 4609 576 0
K 0 0 45
K 0 0 43
K -1 0 45
K 6 0 45
K 0 -26 96
K 0 0 60
K 0 31 60
A D 2 8
J B 245 24131 1 82 6913 576 0
J N 7 24163 -11 5 1 0 0
K 0 0 43
K 0 -26 96
K 0 0 60
K 0 32 60
A D 2 8
J N 7 24219 -11 5 2305 576 0
K 0 0 43
K 0 -26 96
K 0 0 60
K 0 32 60
A D 2 8
J N 7 24275 0 5 4609 576 0
K 0 0 43
K 0 -26 96
K 0 0 60
K 0 31 60
A D 2 8
J B 246 24337 1 82 6913 576 0
J N 8 24369 10 5 1 0 0
K 0 0 42
K 38 0 44
K 0 0 60
K 0 32 60
A D 6 8
J B 247 24475 1 82 6913 1728 0
J N 7 24507 -63 11 1 0 0
K 0 42 45
K 0 21 45
K 0 0 45
K 0 0 43
K -1 0 45
K 6 0 45
K 0 -26 96
K 0 0 60
K 0 42 60
K 0 63 60
A D 2 8
J N 7 24563 -63 11 2305 576 0
K 0 42 45
K 0 21 45
K 0 0 45
K 0 0 43
K -1 0 45
K 6 0 45
K 0 -26 96
K 0 0 60
K 0 42 60
K 0 63 60
A D 2 8
J N 7 24619 -53 10 4609 576 0
K 0 32 45
K 0 11 45
K 0 0 43
K 0 11 45
K 2 11 45
K 0 -26 96
K 0 0 60
K 0 42 60
K 0 53 60
A D 2 8
J B 248 24681 1 82 6913 576 0
J N 7 24713 -42 9 1 0 0
K 0 21 45
K 0 0 45
K 0 0 43
K -1 0 45
K 6 0 45
K 0 -26 96
K 0 0 60
K 0 42 60
A D 2 8
J N 7 24769 -42 9 2305 576 0
K 0 21 45
K 0 0 45
K 0 0 43
K -1 0 45
K 6 0 45
K 0 -26 96
K 0 0 60
K 0 42 60
A D 2 8
J N 7 24825 -32 8 4609 576 0
K 0 11 45
K 0 0 43
K 0 11 45
K 2 11 45
K 0 -26 96
K 0 0 60
K 0 32 60
A D 2 8
J B 249 24887 1 82 6913 576 0
J N 7 24919 -21 8 1 0 0
K 0 0 45
K 0 0 43
K -1 0 45
K 6 0 45
K 0 -26 96
K 0 0 60
K 0 31 60
A D 2 8
J N 7 24975 -21 8 2305 576 0
K 0 0 45
K 0 0 43
K -1 0 45
K 6 0 45
K 0 -26 96
K 0 0 60
K 0 31 60
A D 2 8
J N 7 25031 -11 5 4609 576 0
K 0 0 43
K 0 -26 96
K 0 0 60
K 0 32 60
A D 2 8
J B 250 25093 1 82 6913 576 0
J N 8 25125 0 5 1 0 0
K 0 0 42
K 36 -9 44
K 0 0 60
K 0 31 60
A D 6 8
J B 251 25231 1 82 6913 1728 0
J S 4 25276 31 8 6 1728 0
K 0 0 62
K 0 5 62
K 0 11 92
K 30 11 92
K 60 11 92
K 90 0 62
K 90 5 62
K 30 11 77
J B 257 25411 1 82 6913 1 0 
J N 8 25443 -63 12 1 0 0
K 0 42 45
K 0 21 45
K 0 0 45
K 0 0 42
K -1 0 45
K 6 0 45
K 36 -9 44
K 0 195 110
K 0 0 60
K 0 42 60
K 0 63 60
A D 6 8
J B 258 25549 1 82 6913 1728 0
J N 7 25581 -63 10 1 0 0
K 0 42 45
K 0 21 45
K 0 0 45
K 0 0 43
K -1 0 45
K 6 0 45
K 0 0 60
K 0 42 60
K 0 63 60
A D 2 8
J R 7 25637 42 2 2305 576 0
K 0 0 48
A D 2 8
J R 7 25693 42 2 4609 576 0
K 0 0 48
A D 2 8
J B 259 25755 1 82 6913 576 0
J N 8 25787 -63 11 1 0 0
K 0 42 45
K 0 21 45
K 0 0 45
K 0 0 42
K -1 0 45
K 6 0 45
K 36 -9 44
K 0 0 60
K 0 42 60
K 0 63 60
A D 6 8
J B 260 25893 1 82 6913 1728 0
J N 7 25925 -63 10 1 0 0
K 0 42 45
K 0 21 45
K 0 0 45
K 0 0 43
K -1 0 45
K 6 0 45
K 0 0 60
K 0 42 60
K 0 63 60
A D 2 8
J R 7 25981 42 2 2305 576 0
K 0 0 48
A D 2 8
J R 7 26037 42 2 4609 576 0
K 0 0 48
A D 2 8
J B 261 26099 1 82 6913 576 0
J N 8 26131 -63 11 1 0 1 65
K 0 42 45
K 0 21 45
K 0 0 45
K 0 0 42
K -1 0 45
K 6 0 45
K 36 -9 44
K 0 0 60
K 0 42 60
K 0 63 60
A D 6 8
J B 262 26237 1 82 6913 1728 0
J N 7 26269 -63 10 1 0 1 65
K 0 42 45
K 0 21 45
K 0 0 45
K 0 0 43
K -1 0 45
K 6 0 45
K 0 0 60
K 0 42 60
K 0 63 60
A D 2 8
H 65 T -63 0 0 0 0 0 5 0
J N 7 26325 -63 11 2305 576 0
K 0 42 45
K 0 21 45
K 0 0 45
K 0 0 43
K -1 0 45
K 6 0 45
K 0 -26 96
K 0 0 60
K 0 42 60
K 0 63 60
A D 2 8
J N 7 26388 -42 10 4609 576 0
K 0 21 45
K 0 0 45
K -25 0 63
K 0 0 43
K -1 0 45
K 6 0 45
K 0 -26 96
K 0 0 60
K 0 42 60
A D 2 8
J B 263 26450 1 82 6913 576 0
J N 7 26482 -21 8 1 0 0
K 0 0 45
K 0 0 43
K -1 0 45
K 6 0 45
K 0 -26 96
K 0 0 60
K 0 31 60
A D 2 8
J N 7 26538 10 5 2305 576 0
K 0 0 43
K 0 -26 96
K 0 0 60
K 0 32 60
A D 2 8
J N 7 26601 31 6 4609 576 0
K -25 0 63
K 0 0 43
K 0 -21 96
K 0 0 60
K 0 32 60
A D 2 8
J B 264 26663 1 82 6913 576 0
J N 7 26695 52 5 1 0 0
K 0 0 43
K 0 21 96
K 0 0 59
K 0 -31 59
A D 2 8
J R 7 26751 42 2 2305 576 0
K 0 0 48
A D 2 8
J N 7 26807 0 5 4609 576 0
K 0 0 43
K 0 121 108
K 0 0 60
K 0 31 60
A D 2 8
J B 265 26869 1 82 6913 576 0
J G 5 26901 0 3 1 0 0
K 0 0 171
K 0 0 183
A D 0 8
J N 7 26942 -21 7 1 0 1 66
K 0 0 45
K 0 0 43
K -1 0 45
K 6 0 45
K 0 0 60
K 0 31 60
A D 2 8
J N 6 26998 0 3 2305 576 1 66
K 0 0 43
K 0 0 54
A D 1 8
H 66 S 0 0 0 0 0 0 0 0 0
J R 6 27041 42 2 3457 288 0
K 0 0 49
A D 1 8
J N 7 27084 0 4 4609 288 0
K 0 0 43
K 0 0 60
K 0 31 60
A D 2 8
J B 266 27146 1 82 6913 576 0
J G 5 27178 0 3 1 0 0
K 0 0 171
K 0 0 183
A D 0 8
J N 7 27219 -21 7 1 0 1 67
K 0 0 45
K 0 0 43
K -1 0 45
K 6 0 45
K 0 0 60
K 0 31 60
A D 2 8
J N 6 27275 0 3 2305 576 1 67
K 0 0 43
K 0 0 54
A D 1 8
H 67 S 0 0 0 0 0 0 0 0 0
J R 6 27318 42 2 3457 288 0
K 0 0 49
A D 1 8
J N 7 27361 -21 7 4609 288 0
K 0 0 45
K 0 0 43
K -1 0 45
K 6 0 45
K 0 0 60
K 0 31 60
A D 2 8
J B 267 27423 1 82 6913 576 0
J D 0 27455 0 1 1 0 0
W 0 142 33 sempre !1|p
J N 7 27455 -21 8 1 0 0
K 0 0 45
K 0 0 43
K -1 0 45
K 6 0 45
K 0 -26 96
K 0 0 60
K 0 31 60
A D 2 8
J N 7 27511 -21 8 2305 576 0
K 0 0 45
K 0 0 43
K -1 0 45
K 6 0 45
K 0 -26 96
K 0 0 60
K 0 31 60
A D 2 8
J N 7 27567 -42 9 4609 576 0
K 0 21 45
K 0 0 45
K 0 0 43
K -1 0 45
K 6 0 45
K 0 -26 96
K 0 0 60
K 0 42 60
A D 2 8
J B 268 27629 1 82 6913 576 0
J N 7 27661 -32 8 1 0 0
K 0 11 45
K 0 0 43
K 0 11 45
K 2 11 45
K 0 -26 96
K 0 0 60
K 0 32 60
A D 2 8
J N 7 27717 -32 8 2305 576 0
K 0 11 45
K 0 0 43
K 0 11 45
K 2 11 45
K 0 -26 96
K 0 0 60
K 0 32 60
A D 2 8
J N 7 27773 -21 8 4609 576 0
K 0 0 45
K 0 0 43
K -1 0 45
K 6 0 45
K 0 -26 96
K 0 0 60
K 0 31 60
A D 2 8
J B 269 27835 1 82 6913 576 0
J N 7 27867 -11 5 1 0 0
K 0 0 43
K 0 -26 96
K 0 0 60
K 0 32 60
A D 2 8
J N 7 27923 -11 5 2305 576 0
K 0 0 43
K 0 -26 96
K 0 0 60
K 0 32 60
A D 2 8
J N 7 27979 0 5 4609 576 0
K 0 0 43
K 0 -26 96
K 0 0 60
K 0 31 60
A D 2 8
J B 270 28041 1 82 6913 576 0
J N 8 28073 10 5 1 0 0
K 0 0 42
K 38 0 44
K 0 0 60
K 0 32 60
A D 6 8
J B 271 28179 1 82 6913 1728 0
J N 7 28211 -63 11 1 0 0
K 0 42 45
K 0 21 45
K 0 0 45
K 0 0 43
K -1 0 45
K 6 0 45
K 0 -26 96
K 0 0 60
K 0 42 60
K 0 63 60
A D 2 8
J N 7 28267 -63 11 2305 576 0
K 0 42 45
K 0 21 45
K 0 0 45
K 0 0 43
K -1 0 45
K 6 0 45
K 0 -26 96
K 0 0 60
K 0 42 60
K 0 63 60
A D 2 8
J N 7 28323 -53 10 4609 576 0
K 0 32 45
K 0 11 45
K 0 0 43
K 0 11 45
K 2 11 45
K 0 -26 96
K 0 0 60
K 0 42 60
K 0 53 60
A D 2 8
J B 272 28385 1 82 6913 576 0
J N 7 28417 -42 9 1 0 0
K 0 21 45
K 0 0 45
K 0 0 43
K -1 0 45
K 6 0 45
K 0 -26 96
K 0 0 60
K 0 42 60
A D 2 8
J N 7 28473 -42 9 2305 576 0
K 0 21 45
K 0 0 45
K 0 0 43
K -1 0 45
K 6 0 45
K 0 -26 96
K 0 0 60
K 0 42 60
A D 2 8
J N 7 28529 -32 8 4609 576 0
K 0 11 45
K 0 0 43
K 0 11 45
K 2 11 45
K 0 -26 96
K 0 0 60
K 0 32 60
A D 2 8
J B 273 28591 1 82 6913 576 0
J N 7 28623 -21 8 1 0 0
K 0 0 45
K 0 0 43
K -1 0 45
K 6 0 45
K 0 -26 96
K 0 0 60
K 0 31 60
A D 2 8
J N 7 28679 -21 8 2305 576 0
K 0 0 45
K 0 0 43
K -1 0 45
K 6 0 45
K 0 -26 96
K 0 0 60
K 0 31 60
A D 2 8
J N 7 28735 -11 5 4609 576 0
K 0 0 43
K 0 -26 96
K 0 0 60
K 0 32 60
A D 2 8
J B 274 28797 1 82 6913 576 0
J N 8 28829 0 5 1 0 0
K 0 0 42
K 36 -9 44
K 0 0 60
K 0 31 60
A D 6 8
J B 275 28935 1 82 6913 1728 0
J S 4 28980 31 8 6 1728 0
K 0 0 62
K 0 5 62
K 0 11 92
K 30 11 92
K 60 11 92
K 90 0 62
K 90 5 62
K 30 11 77
J B 281 29115 1 82 6913 1 0 
J D 0 29147 0 1 1 0 0
W 0 142 33 sempre !1|p
J N 8 29147 -63 11 1 0 0
K 0 42 45
K 0 21 45
K 0 0 45
K 0 0 42
K -1 0 45
K 6 0 45
K 36 -9 44
K 0 0 60
K 0 42 60
K 0 63 60
A D 6 8
J B 282 29253 1 82 6913 1728 0
J N 7 29285 -63 10 1 0 0
K 0 42 45
K 0 21 45
K 0 0 45
K 0 0 43
K -1 0 45
K 6 0 45
K 0 0 60
K 0 42 60
K 0 63 60
A D 2 8
J R 7 29341 42 2 2305 576 0
K 0 0 48
A D 2 8
J R 7 29397 42 2 4609 576 0
K 0 0 48
A D 2 8
J B 283 29459 10000001 82 6913 576 0
J N 8 29491 -63 11 1 0 0
K 0 42 45
K 0 21 45
K 0 0 45
K 0 0 42
K -1 0 45
K 6 0 45
K 36 -9 44
K 0 0 60
K 0 42 60
K 0 63 60
A D 6 8
J B 284 29579 1 82 6913 1728 0
J N 7 29611 -63 10 1 0 0
K 0 42 45
K 0 21 45
K 0 0 45
K 0 0 43
K -1 0 45
K 6 0 45
K 0 0 60
K 0 42 60
K 0 63 60
A D 2 8
J R 7 29657 42 2 2305 576 0
K 0 0 48
A D 2 8
J R 7 29703 42 2 4609 576 0
K 0 0 48
A D 2 8
J B 285 29755 1 82 6913 576 0
J N 8 29787 -63 11 1 0 1 68
K 0 42 45
K 0 21 45
K 0 0 45
K 0 0 42
K -1 0 45
K 6 0 45
K 36 -9 44
K 0 0 60
K 0 42 60
K 0 63 60
A D 6 8
J B 286 29875 1 82 6913 1728 0
J N 7 29907 -63 10 1 0 1 68
K 0 42 45
K 0 21 45
K 0 0 45
K 0 0 43
K -1 0 45
K 6 0 45
K 0 0 60
K 0 42 60
K 0 63 60
A D 2 8
H 68 T -63 0 0 0 0 0 5 0
J N 7 29953 -63 11 2305 576 0
K 0 42 45
K 0 21 45
K 0 0 45
K 0 0 43
K -1 0 45
K 6 0 45
K 0 -26 96
K 0 0 60
K 0 42 60
K 0 63 60
A D 2 8
J N 7 30016 -42 10 4609 576 0
K 0 21 45
K 0 0 45
K -25 0 63
K 0 0 43
K -1 0 45
K 6 0 45
K 0 -26 96
K 0 0 60
K 0 42 60
A D 2 8
J B 287 30068 1 82 6913 576 0
J N 7 30100 -21 8 1 0 0
K 0 0 45
K 0 0 43
K -1 0 45
K 6 0 45
K 0 -26 96
K 0 0 60
K 0 31 60
A D 2 8
J N 7 30146 10 5 2305 576 0
K 0 0 43
K 0 -26 96
K 0 0 60
K 0 32 60
A D 2 8
J N 7 30209 31 6 4609 576 0
K -25 0 63
K 0 0 43
K 0 -21 96
K 0 0 60
K 0 32 60
A D 2 8
J B 288 30261 1 82 6913 576 0
J N 7 30293 52 5 1 0 0
K 0 0 43
K 0 21 96
K 0 0 59
K 0 -31 59
A D 2 8
J R 7 30339 42 2 2305 576 0
K 0 0 48
A D 2 8
J R 7 30385 42 2 4609 576 0
K 0 0 48
A D 2 8
J D 0 30431 0 19 6913 576 0
W 0 -42 47 B
K -21 -114 90
K -21 -26 90
K 9 -114 90
K 9 -26 90
K 39 -114 90
K 39 -26 90
K 52 -114 90
K 52 -26 90
K -21 -114 89
K 78 -114 89
K -21 -93 89
K 78 -93 89
K -21 -72 89
K 78 -72 89
K -21 -51 89
K 78 -51 89
K -21 -47 89
K 78 -47 89
J B 289 30437 1 82 6913 0 0
J S 4 30482 31 8 4 576 0
K 0 0 62
K 0 5 62
K 0 11 92
K 30 11 92
K 60 11 92
K 90 0 62
K 90 5 62
K 30 11 75
J B 293 30617 1 82 6913 1 0 
J S 4 30662 31 8 8 576 0
K 0 0 62
K 0 5 62
K 0 11 92
K 30 11 92
K 60 11 92
K 90 0 62
K 90 5 62
K 30 11 79
J B 301 30797 1 82 6913 1 0 
J S 4 30842 31 8 6 576 0
K 0 0 62
K 0 5 62
K 0 11 92
K 30 11 92
K 60 11 92
K 90 0 62
K 90 5 62
K 30 11 77
J B 307 30977 1 82 6913 1 0 
J R 7 31009 42 2 1 0 0
K 0 0 48
A D 2 8
J R 7 31055 42 2 2305 576 0
K 0 0 48
A D 2 8
J N 7 31101 -53 11 4609 576 0
K 0 32 45
K 0 11 45
K 0 0 43
K 0 11 45
K 2 11 45
K 0 174 108
K 34 174 108
K 0 0 60
K 0 42 60
K 0 53 60
A D 2 8
J B 308 31153 1 82 6913 576 0
J N 7 31185 -53 9 1 0 0
K 0 32 45
K 0 11 45
K 0 0 43
K 0 11 45
K 2 11 45
K 0 0 60
K 0 42 60
K 0 53 60
A D 2 8
J R 7 31231 42 2 2305 576 0
K 0 0 48
A D 2 8
J R 7 31277 42 2 4609 576 0
K 0 0 48
A D 2 8
J B 309 31329 10000001 82 6913 576 0
J S 4 31374 31 8 8 576 0
K 0 0 62
K 0 5 62
K 0 11 92
K 30 11 92
K 60 11 92
K 90 0 62
K 90 5 62
K 30 11 79
J B 317 31509 1 82 6913 1 0 
J S 4 31554 31 8 8 0 0
K 0 0 62
K 0 5 62
K 0 11 92
K 30 11 92
K 60 11 92
K 90 0 62
K 90 5 62
K 30 11 79
J B 325 31689 1 82 6913 1 0 
J S 4 31734 31 8 5 576 0
K 0 0 62
K 0 5 62
K 0 11 92
K 30 11 92
K 60 11 92
K 90 0 62
K 90 5 62
K 30 11 76
J B 330 31869 1 82 6913 1 0 
J S 4 31914 31 8 8 576 0
K 0 0 62
K 0 5 62
K 0 11 92
K 30 11 92
K 60 11 92
K 90 0 62
K 90 5 62
K 30 11 79
J B 338 32049 1 82 6913 1 0 
J D 0 32081 0 1 1 0 0
W 0 -84 32 Fl. 1
J N 7 32081 -32 8 1 0 0
K 0 11 173
K 0 0 171
K 0 11 173
K 2 11 173
K 0 -26 96
K 0 0 188
K 0 22 188
A D 2 8
J R 9 32081 105 2 1 0 0
K 0 0 46
A D 6 8
J N 7 32133 -32 8 2305 576 0
K 0 11 173
K 0 0 171
K 0 11 173
K 2 11 173
K 0 -26 96
K 0 0 188
K 0 22 188
A D 2 8
J N 7 32168 -21 8 4609 576 0
K 0 0 173
K 0 0 171
K -1 0 173
K 6 0 173
K 0 -26 96
K 0 0 188
K 0 21 188
A D 2 8
J B 339 32209 1 82 6913 576 0
J N 7 32241 -11 5 1 0 0
K 0 0 171
K 0 -26 96
K 0 0 188
K 0 21 188
A D 2 8
J R 9 32241 105 2 1 0 0
K 0 0 46
A D 6 8
J N 7 32293 -11 5 2305 576 0
K 0 0 171
K 0 -26 96
K 0 0 188
K 0 21 188
A D 2 8
J N 7 32328 0 5 4609 576 0
K 0 0 171
K 0 -26 96
K 0 0 188
K 0 21 188
A D 2 8
J D 0 32405 0 1 6913 576 0
W 0 -42 32 etc.
J B 340 32369 1 82 6913 0 0
J S 4 32414 31 8 6 576 0
K 0 0 62
K 0 5 62
K 0 11 92
K 30 11 92
K 60 11 92
K 90 0 62
K 90 5 62
K 30 11 77
J B 346 32549 10000001 82 6913 1 0 
J S 4 32594 31 8 6 0 0
K 0 0 62
K 0 5 62
K 0 11 92
K 30 11 92
K 60 11 92
K 90 0 62
K 90 5 62
K 30 11 77
J B 352 32729 1 82 6913 1 0 
J R 7 32761 42 2 1 0 0
K 0 0 48
A D 2 8
J R 7 32817 42 2 2305 576 0
K 0 0 48
A D 2 8
J N 7 32873 0 5 4609 576 0
K 0 0 43
K 0 132 110
K 0 0 60
K 0 31 60
A D 2 8
J B 353 32935 1 82 6913 576 0
J D 0 32925 0 19 1 0 0
W 0 -84 47 C
K -21 -156 90
K -21 -68 90
K 9 -156 90
K 9 -68 90
K 39 -156 90
K 39 -68 90
K 56 -156 90
K 56 -68 90
K -21 -156 89
K 82 -156 89
K -21 -135 89
K 82 -135 89
K -21 -114 89
K 82 -114 89
K -21 -93 89
K 82 -93 89
K -21 -89 89
K 82 -89 89
J G 5 32967 0 3 1 0 0
K 0 0 171
K 0 0 183
A D 0 8
J N 7 33008 -21 7 1 0 1 69
K 0 0 45
K 0 0 43
K -1 0 45
K 6 0 45
K 0 0 60
K 0 31 60
A D 2 8
J N 6 33064 0 3 2305 576 1 69
K 0 0 43
K 0 0 54
A D 1 8
H 69 S 0 0 0 0 0 0 0 0 0
J R 6 33107 42 2 3457 288 0
K 0 0 49
A D 1 8
J N 7 33150 0 4 4609 288 0
K 0 0 43
K 0 0 60
K 0 31 60
A D 2 8
J B 354 33212 1 82 6913 576 0
J G 5 33244 0 3 1 0 0
K 0 0 171
K 0 0 183
A D 0 8
J N 7 33285 -21 7 1 0 1 70
K 0 0 45
K 0 0 43
K -1 0 45
K 6 0 45
K 0 0 60
K 0 31 60
A D 2 8
J N 6 33341 0 3 2305 576 1 70
K 0 0 43
K 0 0 54
A D 1 8
H 70 S 0 0 0 0 0 0 0 0 0
J R 6 33384 42 2 3457 288 0
K 0 0 49
A D 1 8
J N 7 33427 -21 7 4609 288 0
K 0 0 45
K 0 0 43
K -1 0 45
K 6 0 45
K 0 0 60
K 0 31 60
A D 2 8
J B 355 33489 1 82 6913 576 0
J N 8 33521 0 7 1 0 1 71
K 0 0 42
K 36 -9 44
K 0 132 110
K 30 132 110
K 0 0 60
K 0 31 60
A D 6 8
J B 356 33627 1 82 6913 1728 0
J N 8 33659 0 5 1 0 2 72 71
K 0 0 42
K 36 -9 44
K 0 0 60
K 0 31 60
A D 6 8
H 71 T 0 0 0 0 0 0 5 0
J B 357 33765 1 82 6913 1728 0
J N 8 33797 0 5 1 0 2 73 72
K 0 0 42
K 36 -9 44
K 0 0 60
K 0 31 60
A D 6 8
H 72 T 0 0 0 0 0 0 5 0
J B 358 33903 1 82 6913 1728 0
J N 7 33935 0 4 1 0 2 74 73
K 0 0 43
K 0 0 60
K 0 31 60
A D 2 8
H 73 T 0 0 0 0 0 0 5 0
J N 7 33991 -11 4 2305 576 1 74
K 0 0 43
K 0 0 60
K 0 32 60
A D 2 8
H 74 S 0 0 0 0 0 0 0 0 0
J N 7 34047 -11 5 4609 576 0
K 0 0 43
K 0 -26 96
K 0 0 60
K 0 32 60
A D 2 8
J B 359 34109 1 82 6913 576 0
J N 8 34141 -11 5 1 0 1 75
K 0 0 42
K 38 0 44
K 0 0 60
K 0 32 60
A D 6 8
J B 360 34247 1 82 6913 1728 0
J N 8 34279 -11 5 1 0 2 76 75
K 0 0 42
K 38 0 44
K 0 0 60
K 0 32 60
A D 6 8
H 75 T -11 0 0 0 0 0 1 0
J B 361 34385 1 82 6913 1728 0
J N 8 34417 -11 5 1 0 2 77 76
K 0 0 42
K 38 0 44
K 0 0 60
K 0 32 60
A D 6 8
H 76 T -11 0 0 0 0 0 1 0
J B 362 34523 1 82 6913 1728 0
J N 7 34555 -11 4 1 0 2 78 77
K 0 0 43
K 0 0 60
K 0 32 60
A D 2 8
H 77 T -11 0 0 0 0 0 1 0
J N 7 34611 -21 7 2305 576 1 78
K 0 0 45
K 0 0 43
K -1 0 45
K 6 0 45
K 0 0 60
K 0 31 60
A D 2 8
H 78 S 0 0 0 0 0 0 0 0 0
J N 7 34667 -21 8 4609 576 0
K 0 0 45
K 0 0 43
K -1 0 45
K 6 0 45
K 0 -26 96
K 0 0 60
K 0 31 60
A D 2 8
J B 363 34729 1 82 6913 576 0
J S 4 34774 31 8 8 576 0
K 0 0 62
K 0 5 62
K 0 11 92
K 30 11 92
K 60 11 92
K 90 0 62
K 90 5 62
K 30 11 79
J B 371 34909 1 82 6913 1 0 
J S 4 34954 31 8 4 576 0
K 0 0 62
K 0 5 62
K 0 11 92
K 30 11 92
K 60 11 92
K 90 0 62
K 90 5 62
K 30 11 75
J B 375 35089 1 82 6913 1 0 
J S 4 35134 31 8 6 576 0
K 0 0 62
K 0 5 62
K 0 11 92
K 30 11 92
K 60 11 92
K 90 0 62
K 90 5 62
K 30 11 77
J B 381 35269 1 82 6913 1 0 
J R 9 35340 42 46 1 10000 0
J B 382 35451 1 82 6913 1728 0 
J N 7 35483 -11 5 1 0 0
K 0 0 43
K 0 132 108
K 0 0 60
K 0 32 60
A D 2 8
J N 7 35539 -11 4 2305 576 0
K 0 0 43
K 0 0 60
K 0 32 60
A D 2 8
J N 7 35595 -11 4 4609 576 0
K 0 0 43
K 0 0 60
K 0 32 60
A D 2 8
J B 383 35657 1 82 6913 576 0
J R 9 35728 42 46 1 10000 0
J B 384 35839 1 82 6913 1728 0 
J N 7 35871 -11 4 1 0 0
K 0 0 43
K 0 0 60
K 0 32 60
A D 2 8
J N 7 35927 -11 4 2305 576 0
K 0 0 43
K 0 0 60
K 0 32 60
A D 2 8
J N 7 35983 -11 4 4609 576 0
K 0 0 43
K 0 0 60
K 0 32 60
A D 2 8
J B 385 36045 1 82 6913 576 0
J R 9 36116 42 46 1 10000 0
J B 386 36227 1 82 6913 1728 0 
J N 7 36259 -11 4 1 0 0
K 0 0 43
K 0 0 60
K 0 32 60
A D 2 8
J N 7 36315 -11 4 2305 576 0
K 0 0 43
K 0 0 60
K 0 32 60
A D 2 8
J N 7 36371 -11 4 4609 576 0
K 0 0 43
K 0 0 60
K 0 32 60
A D 2 8
J B 387 36433 1 82 6913 576 0
J R 9 36504 42 46 1 10000 0
J B 388 36615 1 82 6913 1728 0 
J N 7 36647 -11 4 1 0 0
K 0 0 43
K 0 0 60
K 0 32 60
A D 2 8
J N 7 36703 -11 4 2305 576 0
K 0 0 43
K 0 0 60
K 0 32 60
A D 2 8
J N 7 36759 -11 4 4609 576 0
K 0 0 43
K 0 0 60
K 0 32 60
A D 2 8
J B 389 36821 1 82 6913 576 0
J R 7 36853 42 2 1 0 0
K 0 0 48
A D 2 8
J N 7 36909 -11 6 2305 576 0
K 0 0 43
K 0 143 110
K 30 143 110
K 0 0 60
K 0 32 60
A D 2 8
J N 7 36965 -11 4 4609 576 0
K 0 0 43
K 0 0 60
K 0 32 60
A D 2 8
J B 390 37027 1 82 6913 576 0
J N 7 37059 -21 7 1 0 0
K 0 0 45
K 0 0 43
K -1 0 45
K 6 0 45
K 0 0 60
K 0 31 60
A D 2 8
J N 7 37115 -21 7 2305 576 0
K 0 0 45
K 0 0 43
K -1 0 45
K 6 0 45
K 0 0 60
K 0 31 60
A D 2 8
J N 7 37171 0 4 4609 576 0
K 0 0 43
K 0 0 60
K 0 31 60
A D 2 8
J B 391 37233 1 82 6913 576 0
J R 7 37265 42 2 1 0 0
K 0 0 48
A D 2 8
J N 7 37321 10 4 2305 576 0
K 0 0 43
K 0 0 60
K 0 32 60
A D 2 8
J N 7 37377 10 4 4609 576 0
K 0 0 43
K 0 0 60
K 0 32 60
A D 2 8
J B 392 37439 1 82 6913 576 0
J N 7 37471 0 4 1 0 0
K 0 0 43
K 0 0 60
K 0 31 60
A D 2 8
J N 7 37527 -21 7 2305 576 0
K 0 0 45
K 0 0 43
K -1 0 45
K 6 0 45
K 0 0 60
K 0 31 60
A D 2 8
J N 7 37583 -21 7 4609 576 0
K 0 0 45
K 0 0 43
K -1 0 45
K 6 0 45
K 0 0 60
K 0 31 60
A D 2 8
J B 393 37645 1 82 6913 576 0
J R 7 37677 42 2 1 0 0
K 0 0 48
A D 2 8
J N 7 37733 -11 4 2305 576 0
K 0 0 43
K 0 0 60
K 0 32 60
A D 2 8
J N 7 37789 -11 4 4609 576 0
K 0 0 43
K 0 0 60
K 0 32 60
A D 2 8
J B 394 37851 1 82 6913 576 0
J N 7 37883 -21 7 1 0 0
K 0 0 45
K 0 0 43
K -1 0 45
K 6 0 45
K 0 0 60
K 0 31 60
A D 2 8
J N 7 37939 -21 7 2305 576 0
K 0 0 45
K 0 0 43
K -1 0 45
K 6 0 45
K 0 0 60
K 0 31 60
A D 2 8
J N 7 37995 0 4 4609 576 0
K 0 0 43
K 0 0 60
K 0 31 60
A D 2 8
J B 395 38057 1 82 6913 576 0
J R 7 38089 42 2 1 0 0
K 0 0 48
A D 2 8
J N 7 38145 -11 4 2305 576 0
K 0 0 43
K 0 0 60
K 0 32 60
A D 2 8
J N 7 38201 -11 4 4609 576 0
K 0 0 43
K 0 0 60
K 0 32 60
A D 2 8
J B 396 38263 1 82 6913 576 0
J N 7 38295 -21 7 1 0 0
K 0 0 45
K 0 0 43
K -1 0 45
K 6 0 45
K 0 0 60
K 0 31 60
A D 2 8
J N 7 38351 -21 7 2305 576 0
K 0 0 45
K 0 0 43
K -1 0 45
K 6 0 45
K 0 0 60
K 0 31 60
A D 2 8
J N 7 38407 0 4 4609 576 0
K 0 0 43
K 0 0 60
K 0 31 60
A D 2 8
J B 397 38469 1 82 6913 576 0
J R 7 38501 42 2 1 0 0
K 0 0 48
A D 2 8
J N 7 38557 -11 4 2305 576 0
K 0 0 43
K 0 0 60
K 0 32 60
A D 2 8
J N 7 38613 -11 4 4609 576 0
K 0 0 43
K 0 0 60
K 0 32 60
A D 2 8
J B 398 38675 1 82 6913 576 0
J N 7 38707 -21 7 1 0 0
K 0 0 45
K 0 0 43
K -1 0 45
K 6 0 45
K 0 0 60
K 0 31 60
A D 2 8
J N 7 38763 -42 8 2305 576 0
K 0 21 45
K 0 0 45
K 0 0 43
K -1 0 45
K 6 0 45
K 0 0 60
K 0 42 60
A D 2 8
J N 7 38819 -21 7 4609 576 0
K 0 0 45
K 0 0 43
K -1 0 45
K 6 0 45
K 0 0 60
K 0 31 60
A D 2 8
J B 399 38881 1 82 6913 576 0
J N 7 38913 0 4 1 0 0
K 0 0 43
K 0 0 60
K 0 31 60
A D 2 8
J N 7 38969 31 4 2305 576 0
K 0 0 43
K 0 0 60
K 0 32 60
A D 2 8
J N 7 39025 52 4 4609 576 0
K 0 0 43
K 0 0 59
K 0 -31 59
A D 2 8
J B 400 39087 1 82 6913 576 0
J N 7 39119 0 4 1 0 0
K 0 0 43
K 0 0 60
K 0 31 60
A D 2 8
J R 7 39175 42 2 2305 576 0
K 0 0 48
A D 2 8
J R 7 39231 42 2 4609 576 0
K 0 0 48
A D 2 8
J B 401 39293 1 82 6913 576 0
J S 4 39338 31 8 3 576 0
K 0 0 62
K 0 5 62
K 0 11 92
K 30 11 92
K 60 11 92
K 90 0 62
K 90 5 62
K 30 11 74
J B 404 39473 10000001 82 6913 1 0 
J R 7 39505 42 2 1 0 0
K 0 0 48
A D 2 8
J R 7 39561 42 2 2305 576 0
K 0 0 48
A D 2 8
J N 7 39617 0 5 4609 576 0
K 0 0 43
K 0 -26 96
K 0 0 60
K 0 31 60
A D 2 8
J B 405 39679 1 82 6913 576 0
J G 5 39711 0 3 1 0 0
K 0 0 171
K 0 0 183
A D 0 8
J N 7 39752 -21 9 1 0 1 79
K 0 0 45
K 0 0 43
K -1 0 45
K 6 0 45
K 0 153 111
K 18 153 110
K 0 0 60
K 0 31 60
A D 2 8
J N 6 39808 0 3 2305 576 1 79
K 0 0 43
K 0 0 54
A D 1 8
H 79 S 0 0 0 0 0 0 0 0 0
J R 6 39851 42 2 3457 288 0
K 0 0 49
A D 1 8
J N 7 39894 0 5 4609 288 0
K 0 0 43
K 0 -26 96
K 0 0 60
K 0 31 60
A D 2 8
J B 406 39956 1 82 6913 576 0
J G 5 39988 0 3 1 0 0
K 0 0 171
K 0 0 183
A D 0 8
J N 7 40029 -21 9 1 0 1 80
K 0 0 45
K 0 0 43
K -1 0 45
K 6 0 45
K 0 153 111
K 18 153 110
K 0 0 60
K 0 31 60
A D 2 8
J N 7 40085 0 4 2305 576 1 80
K 0 0 43
K 0 0 60
K 0 31 60
A D 2 8
H 80 S 0 0 0 0 0 0 0 0 0
J N 7 40141 0 5 4609 576 0
K 0 0 43
K 0 -26 96
K 0 0 60
K 0 31 60
A D 2 8
J B 407 40203 1 82 6913 576 0
J G 5 40235 0 3 1 0 0
K 0 0 171
K 0 0 183
A D 0 8
J N 7 40276 -21 9 1 0 1 81
K 0 0 45
K 0 0 43
K -1 0 45
K 6 0 45
K 0 153 111
K 18 153 110
K 0 0 60
K 0 31 60
A D 2 8
J N 7 40332 0 4 2305 576 1 81
K 0 0 43
K 0 0 60
K 0 31 60
A D 2 8
H 81 S 0 0 0 0 0 0 0 0 0
J N 7 40388 0 5 4609 576 0
K 0 0 43
K 0 -26 96
K 0 0 60
K 0 31 60
A D 2 8
J B 408 40450 1 82 6913 576 0
J G 5 40482 0 3 1 0 0
K 0 0 171
K 0 0 183
A D 0 8
J N 7 40523 -21 9 1 0 1 82
K 0 0 45
K 0 0 43
K -1 0 45
K 6 0 45
K 0 153 111
K 18 153 110
K 0 0 60
K 0 31 60
A D 2 8
J N 7 40579 0 4 2305 576 1 82
K 0 0 43
K 0 0 60
K 0 31 60
A D 2 8
H 82 S 0 0 0 0 0 0 0 0 0
J N 7 40635 0 5 4609 576 0
K 0 0 43
K 0 -26 96
K 0 0 60
K 0 31 60
A D 2 8
J B 409 40697 1 82 6913 576 0
J N 8 40729 -21 8 1 0 2 84 83
K 0 0 45
K 0 0 42
K -1 0 45
K 6 0 45
K 36 -9 44
K 0 0 60
K 0 31 60
A D 6 8
J B 410 40835 1 82 6913 1728 0
J N 8 40867 -21 8 1 0 2 85 84
K 0 0 45
K 0 0 42
K -1 0 45
K 6 0 45
K 36 -9 44
K 0 0 60
K 0 31 60
A D 6 8
H 84 T -21 0 0 0 0 0 5 0
J B 411 40973 1 82 6913 1728 0
J N 8 41005 -21 8 1 0 2 86 85
K 0 0 45
K 0 0 42
K -1 0 45
K 6 0 45
K 36 -9 44
K 0 0 60
K 0 31 60
A D 6 8
H 85 T -21 0 0 0 0 0 5 0
J B 412 41111 1 82 6913 1728 0
J N 8 41143 -21 8 1 0 2 86 83
K 0 0 45
K 0 0 42
K -1 0 45
K 6 0 45
K 36 -9 44
K 0 0 60
K 0 31 60
A D 6 8
H 83 W 31 0 10 142 42 142
H 86 T -21 0 0 0 0 0 5 0
J B 413 41262 10000005 2 6913 1728 0
K -13 0 82
K 0 0 82
J K 2 41294 0 3 6913 0 0
K 0 42 64
K 19 0 63
K 40 31 63
J D 5 41379 -60 1 1 0 0
W 0 0 35 Assai meno presto
J N 7 41379 21 5 1 0 0
K 0 0 43
K 0 105 108
K 0 0 60
K 0 31 60
A D 2 8
J R 7 41435 42 2 2305 576 0
K 0 0 48
A D 2 8
J R 7 41491 42 2 4609 576 0
K 0 0 48
A D 2 8
J B 414 41553 1 82 6913 576 0
J S 4 41598 31 9 11 576 0
K 0 0 62
K 0 5 62
K 0 11 92
K 30 11 92
K 60 11 92
K 90 0 62
K 90 5 62
K 45 11 72
K 14 11 72
J B 425 41733 1 82 6913 1 0 
J D 0 41765 0 1 1 0 0
W 0 -63 32 Clar. 1
J N 8 41765 10 4 1 0 1 87
K 0 0 170
K 0 0 188
K 0 21 188
A D 4 8
J R 9 41765 105 2 1 0 0
K 0 0 46
A D 6 8
J N 7 41843 0 4 4609 1152 0
K 0 0 171
K 0 0 188
K 0 21 188
A D 2 8
J B 426 41905 1 82 6913 576 0
J N 7 41937 -21 7 1 0 0
K 0 0 173
K 0 0 171
K -1 0 173
K 6 0 173
K 0 0 188
K 0 21 188
A D 2 8
J R 9 41937 105 2 1 0 0
K 0 0 46
A D 6 8
J N 7 41993 -11 4 2305 576 1 87
K 0 0 171
K 0 0 188
K 0 21 188
A D 2 8
H 87 S 0 0 0 0 -10 0 0 0 0
J N 7 42049 10 5 4609 576 0
K 0 0 171
K 0 -26 96
K 0 0 188
K 0 21 188
A D 2 8
J B 427 42111 1 82 6913 576 0
J N 7 42143 21 4 1 0 0
K 0 0 171
K 0 0 188
K 0 21 188
A D 2 8
J R 9 42143 105 2 1 0 0
K 0 0 46
A D 6 8
J R 7 42199 21 2 2305 576 0
K 0 0 176
A D 2 8
J R 7 42255 21 2 4609 576 0
K 0 0 176
A D 2 8
J B 428 42317 1 82 6913 576 0
J S 4 42362 31 8 2 576 0
K 0 0 62
K 0 5 62
K 0 11 92
K 30 11 92
K 60 11 92
K 90 0 62
K 90 5 62
K 30 11 73
J B 430 42497 1 82 6913 1 0 
J S 0 42529 147 108 1 0 1 88
J N 8 42529 21 4 1 0 2 89 90
K 0 0 42
K 0 0 60
K 0 31 60
A D 4 8
J M 0 42607 0 0 4609 1152 1 88
H 88 W 0 31 44 147 10 147
J N 6 42607 21 2 4609 0 3 92 89 91
K 0 0 43
A D 1 8
H 89 T 21 0 0 0 0 0 5 0
J N 6 42650 31 2 5761 288 1 92
K 0 0 43
A D 1 8
H 92 B 1 0 112 2 2 3
J B 431 42699 1 82 6913 288 0
J N 7 42731 21 4 1 0 2 90 91
K 0 0 43
K 0 0 60
K 0 31 60
A D 2 8
H 91 W 31 0 52 147 21 147
H 90 S 0 0 0 0 0 0 0 0 0
J R 7 42787 42 2 2305 576 0
K 0 0 48
A D 2 8
J R 7 42843 42 2 4609 576 0
K 0 0 48
A D 2 8
J B 432 42905 10000001 82 6913 576 0
J N 8 42937 21 4 1 0 3 94 95 93
K 0 0 42
K 0 0 60
K 0 31 60
A D 4 8
J M 0 43015 0 0 4609 1152 1 93
H 93 W 0 31 10 147 10 147
J N 6 43015 21 2 4609 0 3 97 94 96
K 0 0 43
A D 1 8
H 94 T 21 0 0 0 0 0 5 0
J N 6 43058 31 2 5761 288 1 97
K 0 0 43
A D 1 8
H 97 B 1 0 112 2 2 3
J B 433 43107 1 82 6913 288 0
J N 7 43139 21 4 1 0 2 95 96
K 0 0 43
K 0 0 60
K 0 31 60
A D 2 8
H 96 W 31 0 52 147 21 147
H 95 S 0 0 0 0 0 0 0 0 0
J R 7 43195 42 2 2305 576 0
K 0 0 48
A D 2 8
J R 7 43251 42 2 4609 576 0
K 0 0 48
A D 2 8
J B 434 43313 1 82 6913 576 0
J S 4 43358 31 8 4 576 0
K 0 0 62
K 0 5 62
K 0 11 92
K 30 11 92
K 60 11 92
K 90 0 62
K 90 5 62
K 30 11 75
J B 438 43493 1 82 6913 1 0 
J N 8 43525 10 4 1 0 3 99 100 98
K 0 0 42
K 0 0 60
K 0 32 60
A D 4 8
J M 0 43603 0 0 4609 1152 1 98
H 98 W 0 31 10 147 10 147
J N 6 43603 10 2 4609 0 3 102 99 101
K 0 0 43
A D 1 8
H 99 T 10 0 0 0 0 0 1 0
J N 6 43668 21 3 5761 288 1 102
K -25 0 63
K 0 0 43
A D 1 8
H 102 B 1 0 112 2 2 3
J B 439 43717 1 82 6913 288 0
J N 7 43749 10 4 1 0 2 100 101
K 0 0 43
K 0 0 60
K 0 32 60
A D 2 8
H 101 W 31 0 52 147 21 147
H 100 S 0 0 0 0 0 0 0 0 0
J R 7 43805 42 2 2305 576 0
K 0 0 48
A D 2 8
J R 7 43861 42 2 4609 576 0
K 0 0 48
A D 2 8
J B 440 43923 1 82 6913 576 0
J N 8 43955 10 4 1 0 3 104 105 103
K 0 0 42
K 0 0 60
K 0 32 60
A D 4 8
J M 0 44033 0 0 4609 1152 1 103
H 103 W 0 31 10 147 10 147
J N 6 44033 10 2 4609 0 3 107 104 106
K 0 0 43
A D 1 8
H 104 T 10 0 0 0 0 0 1 0
J N 6 44098 21 3 5761 288 1 107
K -25 0 63
K 0 0 43
A D 1 8
H 107 B 1 0 112 2 2 3
J B 441 44147 1 82 6913 288 0
J N 7 44179 10 4 1 0 2 105 106
K 0 0 43
K 0 0 60
K 0 32 60
A D 2 8
H 106 W 31 0 52 147 21 147
H 105 S 0 0 0 0 0 0 0 0 0
J R 7 44235 42 2 2305 576 0
K 0 0 48
A D 2 8
J R 7 44291 42 2 4609 576 0
K 0 0 48
A D 2 8
J B 442 44353 1 82 6913 576 0
J S 4 44398 31 8 2 576 0
K 0 0 62
K 0 5 62
K 0 11 92
K 30 11 92
K 60 11 92
K 90 0 62
K 90 5 62
K 30 11 73
J B 444 44533 1 82 6913 1 0 
J R 9 44565 42 2 1 10000 0
K 0 0 46
A D 6 8
J B 445 44722 9 4 6913 1728 0
K 0 0 84
K 19 0 82
K 29 31 44
K 29 52 44
J S 4 44801 31 9 20 1728 0
K 0 0 62
K 0 5 62
K 0 11 92
K 30 11 92
K 60 11 92
K 90 0 62
K 90 5 62
K 45 11 71
K 14 11 73
J B 465 44936 1 82 6913 1 0 
J D 0 44968 0 1 1 0 0
W 0 -42 32 Clarinets
J R 7 44968 21 2 1 0 0
K 0 0 176
A D 2 8
J R 9 44968 105 2 1 0 0
K 0 0 46
A D 6 8
J N 8 45024 42 6 2305 576 0
K 22 0 170
K 0 10 170
K 0 10 187
K 0 0 187
K 0 -11 187
A D 4 8
J B 466 45108 1 82 6913 1152 0
J N 8 45140 42 6 1 0 0
K 22 0 170
K 0 10 170
K 0 10 187
K 0 0 187
K 0 -11 187
A D 4 8
J R 9 45140 105 2 1 0 0
K 0 0 46
A D 6 8
J N 7 45218 42 6 4609 1152 0
K 22 0 171
K 0 10 171
K 0 10 187
K 0 0 187
K 0 -11 187
A D 2 8
J B 467 45282 1 82 6913 576 0
J D 0 45314 0 1 1 0 0
W 0 -42 32 Oboes
J R 7 45314 21 2 1 0 0
K 0 0 176
A D 2 8
J R 9 45314 105 2 1 0 0
K 0 0 46
A D 6 8
J N 8 45370 10 6 2305 576 0
K 0 -21 170
K 0 0 170
K 0 -21 188
K 0 0 188
K 0 21 188
A D 4 8
J B 468 45454 1 82 6913 1152 0
J N 8 45486 10 6 1 0 0
K 0 -21 170
K 0 0 170
K 0 -21 188
K 0 0 188
K 0 21 188
A D 4 8
J R 9 45486 105 2 1 0 0
K 0 0 46
A D 6 8
J N 7 45564 10 6 4609 1152 0
K 0 -21 171
K 0 0 171
K 0 -21 188
K 0 0 188
K 0 21 188
A D 2 8
J B 469 45626 1 82 6913 576 0
J R 7 45658 42 2 1 0 0
K 0 0 48
A D 2 8
J D 0 45714 0 1 2305 576 1 108
W 0 142 33 cresc.
J N 8 45714 -63 10 2305 0 0
K 0 42 45
K 0 21 45
K 0 0 45
K 0 0 42
K -1 0 45
K 6 0 45
K 0 0 60
K 0 42 60
K 0 63 60
A D 4 8
J B 470 45798 1 82 6913 1152 0
J N 8 45830 -63 10 1 0 0
K 0 42 45
K 0 21 45
K 0 0 45
K 0 0 42
K -1 0 45
K 6 0 45
K 0 0 60
K 0 42 60
K 0 63 60
A D 4 8
J N 7 45908 -63 10 4609 1152 0
K 0 42 45
K 0 21 45
K 0 0 45
K 0 0 43
K -1 0 45
K 6 0 45
K 0 0 60
K 0 42 60
K 0 63 60
A D 2 8
J M 0 45964 0 0 6913 576 1 108
H 108 D 210 0 142 0 31
J B 471 45970 1 82 6913 0 0
J N 8 46002 -53 11 1 0 2 109 110
K 0 32 45
K 0 11 45
K 0 0 42
K 0 11 45
K 2 11 45
K 0 195 110
K 30 195 110
K 0 0 60
K 0 42 60
K 0 53 60
A D 4 8
J N 6 46080 -53 6 4609 1152 2 111 109
K 0 32 45
K 0 11 45
K 0 0 43
K 0 11 45
K 2 11 45
A D 1 8
H 109 T -53 0 0 0 0 0 1 0
J N 6 46123 -63 7 5761 288 1 111
K 0 42 45
K 0 21 45
K 0 0 45
K 0 0 43
K -1 0 45
K 6 0 45
A D 1 8
H 111 B 1 0 112 2 2 3
J B 472 46172 1 82 6913 288 0
J N 7 46204 -53 9 1 0 1 110
K 0 32 45
K 0 11 45
K 0 0 43
K 0 11 45
K 2 11 45
K 0 0 60
K 0 42 60
K 0 53 60
A D 2 8
H 110 S 0 0 0 0 0 0 0 0 0
J R 7 46260 42 2 2305 576 0
K 0 0 48
A D 2 8
J R 7 46316 42 2 4609 576 0
K 0 0 48
A D 2 8
J B 473 46378 1 82 6913 576 0
J N 8 46410 -53 9 1 0 2 112 113
K 0 32 45
K 0 11 45
K 0 0 42
K 0 11 45
K 2 11 45
K 0 0 60
K 0 42 60
K 0 53 60
A D 4 8
J N 6 46488 -53 6 4609 1152 2 114 112
K 0 32 45
K 0 11 45
K 0 0 43
K 0 11 45
K 2 11 45
A D 1 8
H 112 T -53 0 0 0 0 0 1 0
J N 6 46531 -63 7 5761 288 1 114
K 0 42 45
K 0 21 45
K 0 0 45
K 0 0 43
K -1 0 45
K 6 0 45
A D 1 8
H 114 B 1 0 112 2 2 3
J B 474 46580 1 82 6913 288 0
J N 7 46612 -53 9 1 0 1 113
K 0 32 45
K 0 11 45
K 0 0 43
K 0 11 45
K 2 11 45
K 0 0 60
K 0 42 60
K 0 53 60
A D 2 8
H 113 S 0 0 0 0 0 0 0 0 0
J R 7 46668 42 2 2305 576 0
K 0 0 48
A D 2 8
J R 7 46724 42 2 4609 576 0
K 0 0 48
A D 2 8
J B 475 46786 1 82 6913 576 0
J N 8 46818 -53 9 1 0 1 115
K 0 32 45
K 0 11 45
K 0 0 42
K 0 11 45
K 2 11 45
K 0 0 60
K 0 42 60
K 0 53 60
A D 4 8
J N 7 46896 -42 8 4609 1152 0
K 0 21 45
K 0 0 45
K 0 0 43
K -1 0 45
K 6 0 45
K 0 0 60
K 0 42 60
A D 2 8
J B 476 46958 1 82 6913 576 0
J N 7 46990 -53 9 1 0 0
K 0 32 45
K 0 11 45
K 0 0 43
K 0 11 45
K 2 11 45
K 0 0 60
K 0 42 60
K 0 53 60
A D 2 8
J N 7 47046 -63 10 2305 576 1 115
K 0 42 45
K 0 21 45
K 0 0 45
K 0 0 43
K -1 0 45
K 6 0 45
K 0 0 60
K 0 42 60
K 0 63 60
A D 2 8
H 115 S 0 0 0 0 0 0 0 0 0
J N 7 47102 -53 10 4609 576 0
K 0 32 45
K 0 11 45
K 0 0 43
K 0 11 45
K 2 11 45
K 0 -26 96
K 0 0 60
K 0 42 60
K 0 53 60
A D 2 8
J B 477 47164 1 82 6913 576 0
J N 7 47196 -42 8 1 0 0
K 0 21 45
K 0 0 45
K 0 0 43
K -1 0 45
K 6 0 45
K 0 0 60
K 0 42 60
A D 2 8
J R 7 47252 42 2 2305 576 0
K 0 0 48
A D 2 8
J R 7 47308 42 2 4609 576 0
K 0 0 48
A D 2 8
J B 478 47370 1 82 6913 576 0
J R 9 47441 42 46 1 10000 0
J B 479 47552 1 82 6913 1728 0 
J N 8 47584 -42 8 1 0 2 116 117
K 0 21 45
K 0 0 45
K 0 0 42
K -1 0 45
K 6 0 45
K 0 0 60
K 0 42 60
A D 4 8
J N 6 47662 -42 6 4609 1152 2 118 116
K 0 21 45
K 0 0 45
K 0 0 43
K -1 0 45
K 6 0 45
A D 1 8
H 116 T -42 0 0 0 0 0 5 0
J N 6 47727 -32 6 5761 288 1 118
K 0 11 45
K -25 0 63
K 0 0 43
K 0 11 45
K 2 11 45
A D 1 8
H 118 B 1 0 112 2 2 3
J B 480 47776 1 82 6913 288 0
J N 7 47808 -42 8 1 0 1 117
K 0 21 45
K 0 0 45
K 0 0 43
K -1 0 45
K 6 0 45
K 0 0 60
K 0 42 60
A D 2 8
H 117 S 0 0 0 0 0 0 0 0 0
J R 7 47864 42 2 2305 576 0
K 0 0 48
A D 2 8
J R 7 47920 42 2 4609 576 0
K 0 0 48
A D 2 8
J B 481 47982 1 82 6913 576 0
J N 8 48014 -42 8 1 0 2 119 120
K 0 21 45
K 0 0 45
K 0 0 42
K -1 0 45
K 6 0 45
K 0 0 60
K 0 42 60
A D 4 8
J N 6 48092 -42 6 4609 1152 2 121 119
K 0 21 45
K 0 0 45
K 0 0 43
K -1 0 45
K 6 0 45
A D 1 8
H 119 T -42 0 0 0 0 0 5 0
J N 6 48157 -32 6 5761 288 1 121
K 0 11 45
K -25 0 63
K 0 0 43
K 0 11 45
K 2 11 45
A D 1 8
H 121 B 1 0 112 2 2 3
J B 482 48206 1 82 6913 288 0
J N 7 48238 -42 8 1 0 1 120
K 0 21 45
K 0 0 45
K 0 0 43
K -1 0 45
K 6 0 45
K 0 0 60
K 0 42 60
A D 2 8
H 120 S 0 0 0 0 0 0 0 0 0
J R 7 48294 42 2 2305 576 0
K 0 0 48
A D 2 8
J R 7 48350 42 2 4609 576 0
K 0 0 48
A D 2 8
J B 483 48412 1 82 6913 576 0
J N 8 48444 -42 8 1 0 1 122
K 0 21 45
K 0 0 45
K 0 0 42
K -1 0 45
K 6 0 45
K 0 0 60
K 0 42 60
A D 4 8
J N 7 48522 -53 9 4609 1152 0
K 0 32 45
K 0 11 45
K 0 0 43
K 0 11 45
K 2 11 45
K 0 0 60
K 0 42 60
K 0 53 60
A D 2 8
J B 484 48584 1 82 6913 576 0
J N 7 48616 -74 10 1 0 0
K 0 53 45
K 0 32 45
K 0 11 45
K 0 0 43
K 0 11 45
K 2 11 45
K 0 0 60
K 0 42 60
K 0 74 60
A D 2 8
J N 7 48672 -63 10 2305 576 1 122
K 0 42 45
K 0 21 45
K 0 0 45
K 0 0 43
K -1 0 45
K 6 0 45
K 0 0 60
K 0 42 60
K 0 63 60
A D 2 8
H 122 S 0 0 0 0 -11 0 0 0 0
J N 7 48728 -42 9 4609 576 0
K 0 21 45
K 0 0 45
K 0 0 43
K -1 0 45
K 6 0 45
K 0 -26 96
K 0 0 60
K 0 42 60
A D 2 8
J B 485 48790 1 82 6913 576 0
J N 7 48822 -53 9 1 0 0
K 0 32 45
K 0 11 45
K 0 0 43
K 0 11 45
K 2 11 45
K 0 0 60
K 0 42 60
K 0 53 60
A D 2 8
J R 7 48878 42 2 2305 576 0
K 0 0 48
A D 2 8
J R 7 48934 42 2 4609 576 0
K 0 0 48
A D 2 8
J B 486 48996 1 82 6913 576 0
J R 9 49028 42 2 1 10000 0
K 0 0 46
A D 6 8
J B 487 49220 6 4 6913 1728 0
K -35 31 44
K -35 52 44
K -20 0 82
K -9 0 84
J S 4 49265 31 9 13 1728 0
K 0 0 62
K 0 5 62
K 0 11 92
K 30 11 92
K 60 11 92
K 90 0 62
K 90 5 62
K 45 11 74
K 14 11 72
J B 500 49400 1 82 6913 1 0 
J R 7 49432 42 2 1 0 0
K 0 0 48
A D 2 8
J R 7 49488 42 2 3457 576 0
K 0 0 48
A D 2 8
J B 0 49563 5 2 6913 576 0
K -13 0 82
K 0 0 82
J K -1 49595 0 3 6913 0 0
K 0 0 64
K 19 31 64
K 38 42 65
J D 5 49676 -60 1 1 0 0
W 0 0 35 Presto
J N 7 49676 0 5 1 0 0
K 0 0 43
K 0 132 110
K 0 0 60
K 0 31 60
A D 2 8
J B 501 49738 1 82 6913 576 0
J G 5 49770 0 3 1 0 0
K 0 0 171
K 0 0 183
A D 0 8
J N 7 49811 -21 7 1 0 1 123
K 0 0 45
K 0 0 43
K -1 0 45
K 6 0 45
K 0 0 60
K 0 31 60
A D 2 8
J N 6 49867 0 3 2305 576 1 123
K 0 0 43
K 0 0 54
A D 1 8
H 123 S 0 0 0 0 0 0 0 0 0
J R 6 49910 42 2 3457 288 0
K 0 0 49
A D 1 8
J N 7 49953 0 4 4609 288 0
K 0 0 43
K 0 0 60
K 0 31 60
A D 2 8
J B 502 50015 1 82 6913 576 0
J G 5 50047 0 3 1 0 0
K 0 0 171
K 0 0 183
A D 0 8
J N 7 50088 -21 7 1 0 1 124
K 0 0 45
K 0 0 43
K -1 0 45
K 6 0 45
K 0 0 60
K 0 31 60
A D 2 8
J N 6 50144 0 3 2305 576 1 124
K 0 0 43
K 0 0 54
A D 1 8
H 124 S 0 0 0 0 0 0 0 0 0
J R 6 50187 42 2 3457 288 0
K 0 0 49
A D 1 8
J N 7 50230 -21 7 4609 288 0
K 0 0 45
K 0 0 43
K -1 0 45
K 6 0 45
K 0 0 60
K 0 31 60
A D 2 8
J B 503 50292 1 82 6913 576 0
J N 7 50324 -21 9 1 0 0
K 0 0 45
K 0 0 43
K -1 0 45
K 6 0 45
K 0 -26 96
K 0 142 108
K 0 0 60
K 0 31 60
A D 2 8
J N 7 50380 -21 8 2305 576 0
K 0 0 45
K 0 0 43
K -1 0 45
K 6 0 45
K 0 -26 96
K 0 0 60
K 0 31 60
A D 2 8
J N 7 50436 -42 9 4609 576 0
K 0 21 45
K 0 0 45
K 0 0 43
K -1 0 45
K 6 0 45
K 0 -26 96
K 0 0 60
K 0 42 60
A D 2 8
J B 504 50498 1 82 6913 576 0
J N 7 50530 -32 8 1 0 0
K 0 11 45
K 0 0 43
K 0 11 45
K 2 11 45
K 0 -26 96
K 0 0 60
K 0 32 60
A D 2 8
J N 7 50586 -32 8 2305 576 0
K 0 11 45
K 0 0 43
K 0 11 45
K 2 11 45
K 0 -26 96
K 0 0 60
K 0 32 60
A D 2 8
J N 7 50642 -21 8 4609 576 0
K 0 0 45
K 0 0 43
K -1 0 45
K 6 0 45
K 0 -26 96
K 0 0 60
K 0 31 60
A D 2 8
J B 505 50704 1 82 6913 576 0
J N 7 50736 -11 5 1 0 0
K 0 0 43
K 0 -26 96
K 0 0 60
K 0 32 60
A D 2 8
J N 7 50792 -11 5 2305 576 0
K 0 0 43
K 0 -26 96
K 0 0 60
K 0 32 60
A D 2 8
J N 7 50848 0 5 4609 576 0
K 0 0 43
K 0 -26 96
K 0 0 60
K 0 31 60
A D 2 8
J B 506 50910 1 82 6913 576 0
J N 8 50942 10 5 1 0 0
K 0 0 42
K 38 0 44
K 0 0 60
K 0 32 60
A D 6 8
J B 507 51048 1 82 6913 1728 0
J N 7 51080 -63 11 1 0 0
K 0 42 45
K 0 21 45
K 0 0 45
K 0 0 43
K -1 0 45
K 6 0 45
K 0 -26 96
K 0 0 60
K 0 42 60
K 0 63 60
A D 2 8
J N 7 51136 -63 11 2305 576 0
K 0 42 45
K 0 21 45
K 0 0 45
K 0 0 43
K -1 0 45
K 6 0 45
K 0 -26 96
K 0 0 60
K 0 42 60
K 0 63 60
A D 2 8
J N 7 51192 -53 10 4609 576 0
K 0 32 45
K 0 11 45
K 0 0 43
K 0 11 45
K 2 11 45
K 0 -26 96
K 0 0 60
K 0 42 60
K 0 53 60
A D 2 8
J B 508 51254 1 82 6913 576 0
J N 7 51286 -42 9 1 0 0
K 0 21 45
K 0 0 45
K 0 0 43
K -1 0 45
K 6 0 45
K 0 -26 96
K 0 0 60
K 0 42 60
A D 2 8
J N 7 51342 -42 9 2305 576 0
K 0 21 45
K 0 0 45
K 0 0 43
K -1 0 45
K 6 0 45
K 0 -26 96
K 0 0 60
K 0 42 60
A D 2 8
J N 7 51398 -32 8 4609 576 0
K 0 11 45
K 0 0 43
K 0 11 45
K 2 11 45
K 0 -26 96
K 0 0 60
K 0 32 60
A D 2 8
J B 509 51460 1 82 6913 576 0
J N 7 51492 -21 8 1 0 0
K 0 0 45
K 0 0 43
K -1 0 45
K 6 0 45
K 0 -26 96
K 0 0 60
K 0 31 60
A D 2 8
J N 7 51548 -21 8 2305 576 0
K 0 0 45
K 0 0 43
K -1 0 45
K 6 0 45
K 0 -26 96
K 0 0 60
K 0 31 60
A D 2 8
J N 7 51604 -11 5 4609 576 0
K 0 0 43
K 0 -26 96
K 0 0 60
K 0 32 60
A D 2 8
J B 510 51666 1 82 6913 576 0
J N 8 51698 0 5 1 0 0
K 0 0 42
K 36 -9 44
K 0 0 60
K 0 31 60
A D 6 8
J B 511 51804 1 82 6913 1728 0
J S 4 51849 31 8 6 1728 0
K 0 0 62
K 0 5 62
K 0 11 92
K 30 11 92
K 60 11 92
K 90 0 62
K 90 5 62
K 30 11 77
J B 517 51984 1 82 6913 1 0 
J N 8 52016 -63 12 1 0 0
K 0 42 45
K 0 21 45
K 0 0 45
K 0 0 42
K -1 0 45
K 6 0 45
K 36 -9 44
K 0 195 110
K 0 0 60
K 0 42 60
K 0 63 60
A D 6 8
J B 518 52122 1 82 6913 1728 0
J N 7 52154 -63 10 1 0 0
K 0 42 45
K 0 21 45
K 0 0 45
K 0 0 43
K -1 0 45
K 6 0 45
K 0 0 60
K 0 42 60
K 0 63 60
A D 2 8
J R 7 52210 42 2 2305 576 0
K 0 0 48
A D 2 8
J R 7 52266 42 2 4609 576 0
K 0 0 48
A D 2 8
J B 519 52328 1 82 6913 576 0
J N 8 52360 -63 11 1 0 0
K 0 42 45
K 0 21 45
K 0 0 45
K 0 0 42
K -1 0 45
K 6 0 45
K 36 -9 44
K 0 0 60
K 0 42 60
K 0 63 60
A D 6 8
J B 520 52466 1 82 6913 1728 0
J N 7 52498 -63 10 1 0 0
K 0 42 45
K 0 21 45
K 0 0 45
K 0 0 43
K -1 0 45
K 6 0 45
K 0 0 60
K 0 42 60
K 0 63 60
A D 2 8
J R 7 52554 42 2 2305 576 0
K 0 0 48
A D 2 8
J R 7 52610 42 2 4609 576 0
K 0 0 48
A D 2 8
J B 521 52672 1 82 6913 576 0
J N 8 52704 -63 11 1 0 1 125
K 0 42 45
K 0 21 45
K 0 0 45
K 0 0 42
K -1 0 45
K 6 0 45
K 36 -9 44
K 0 0 60
K 0 42 60
K 0 63 60
A D 6 8
J B 522 52810 1 82 6913 1728 0
J N 7 52842 -63 10 1 0 1 125
K 0 42 45
K 0 21 45
K 0 0 45
K 0 0 43
K -1 0 45
K 6 0 45
K 0 0 60
K 0 42 60
K 0 63 60
A D 2 8
H 125 T -63 0 0 0 0 0 5 0
J N 7 52898 -63 11 2305 576 0
K 0 42 45
K 0 21 45
K 0 0 45
K 0 0 43
K -1 0 45
K 6 0 45
K 0 -26 96
K 0 0 60
K 0 42 60
K 0 63 60
A D 2 8
J N 7 52961 -42 10 4609 576 0
K 0 21 45
K 0 0 45
K -25 0 63
K 0 0 43
K -1 0 45
K 6 0 45
K 0 -26 96
K 0 0 60
K 0 42 60
A D 2 8
J B 523 53023 1 82 6913 576 0
J N 7 53055 -21 8 1 0 0
K 0 0 45
K 0 0 43
K -1 0 45
K 6 0 45
K 0 -26 96
K 0 0 60
K 0 31 60
A D 2 8
J N 7 53111 10 5 2305 576 0
K 0 0 43
K 0 -26 96
K 0 0 60
K 0 32 60
A D 2 8
J N 7 53174 31 6 4609 576 0
K -25 0 63
K 0 0 43
K 0 -21 96
K 0 0 60
K 0 32 60
A D 2 8
J B 524 53236 1 82 6913 576 0
J N 7 53268 52 5 1 0 0
K 0 0 43
K 0 21 96
K 0 0 59
K 0 -31 59
A D 2 8
J R 7 53324 42 2 2305 576 0
K 0 0 48
A D 2 8
J R 7 53380 42 2 4609 576 0
K 0 0 48
A D 2 8
J B 525 53442 1 82 6913 576 0
J S 4 53487 31 8 4 576 0
K 0 0 62
K 0 5 62
K 0 11 92
K 30 11 92
K 60 11 92
K 90 0 62
K 90 5 62
K 30 11 75
J B 529 53622 1 82 6913 1 0 
J S 4 53667 31 8 8 576 0
K 0 0 62
K 0 5 62
K 0 11 92
K 30 11 92
K 60 11 92
K 90 0 62
K 90 5 62
K 30 11 79
J B 537 53802 1 82 6913 1 0 
J S 4 53847 31 8 6 576 0
K 0 0 62
K 0 5 62
K 0 11 92
K 30 11 92
K 60 11 92
K 90 0 62
K 90 5 62
K 30 11 77
J B 543 53982 1 82 6913 1 0 
J R 7 54014 42 2 1 0 0
K 0 0 48
A D 2 8
J R 7 54070 42 2 2305 576 0
K 0 0 48
A D 2 8
J N 7 54126 -53 11 4609 576 0
K 0 32 45
K 0 11 45
K 0 0 43
K 0 11 45
K 2 11 45
K 0 185 110
K 30 185 110
K 0 0 60
K 0 42 60
K 0 53 60
A D 2 8
J B 544 54188 1 82 6913 576 0
J N 7 54220 -53 9 1 0 0
K 0 32 45
K 0 11 45
K 0 0 43
K 0 11 45
K 2 11 45
K 0 0 60
K 0 42 60
K 0 53 60
A D 2 8
J R 7 54276 42 2 2305 576 0
K 0 0 48
A D 2 8
J R 7 54332 42 2 4609 576 0
K 0 0 48
A D 2 8
J B 545 54394 1 82 6913 576 0
J S 4 54439 31 8 8 576 0
K 0 0 62
K 0 5 62
K 0 11 92
K 30 11 92
K 60 11 92
K 90 0 62
K 90 5 62
K 30 11 79
J B 553 54574 1 82 6913 1 0 
J S 4 54619 31 8 8 0 0
K 0 0 62
K 0 5 62
K 0 11 92
K 30 11 92
K 60 11 92
K 90 0 62
K 90 5 62
K 30 11 79
J B 561 54754 1 82 6913 1 0 
J S 4 54799 31 8 5 576 0
K 0 0 62
K 0 5 62
K 0 11 92
K 30 11 92
K 60 11 92
K 90 0 62
K 90 5 62
K 30 11 76
J B 566 54934 1 82 6913 1 0 
J S 4 54979 31 8 8 576 0
K 0 0 62
K 0 5 62
K 0 11 92
K 30 11 92
K 60 11 92
K 90 0 62
K 90 5 62
K 30 11 79
J B 574 55114 1 82 6913 1 0 
J D 0 55146 0 1 1 0 0
W 0 -84 32 Fl. 1
J N 7 55146 -32 8 1 0 0
K 0 11 173
K 0 0 171
K 0 11 173
K 2 11 173
K 0 -26 96
K 0 0 188
K 0 22 188
A D 2 8
J R 9 55146 105 2 1 0 0
K 0 0 46
A D 6 8
J N 7 55202 -32 8 2305 576 0
K 0 11 173
K 0 0 171
K 0 11 173
K 2 11 173
K 0 -26 96
K 0 0 188
K 0 22 188
A D 2 8
J N 7 55258 -21 8 4609 576 0
K 0 0 173
K 0 0 171
K -1 0 173
K 6 0 173
K 0 -26 96
K 0 0 188
K 0 21 188
A D 2 8
J B 575 55320 1 82 6913 576 0
J N 7 55352 -11 5 1 0 0
K 0 0 171
K 0 -26 96
K 0 0 188
K 0 21 188
A D 2 8
J R 9 55352 105 2 1 0 0
K 0 0 46
A D 6 8
J N 7 55408 -11 5 2305 576 0
K 0 0 171
K 0 -26 96
K 0 0 188
K 0 21 188
A D 2 8
J N 7 55464 0 5 4609 576 0
K 0 0 171
K 0 -26 96
K 0 0 188
K 0 21 188
A D 2 8
J D 0 55562 0 1 6913 576 0
W 0 -42 32 etc.
J B 576 55526 1 82 6913 0 0
J S 4 55571 31 8 6 576 0
K 0 0 62
K 0 5 62
K 0 11 92
K 30 11 92
K 60 11 92
K 90 0 62
K 90 5 62
K 30 11 77
J B 582 55706 10000001 82 6913 1 0 
J S 4 55751 31 8 6 0 0
K 0 0 62
K 0 5 62
K 0 11 92
K 30 11 92
K 60 11 92
K 90 0 62
K 90 5 62
K 30 11 77
J B 588 55886 1 82 6913 1 0 
J R 7 55918 42 2 1 0 0
K 0 0 48
A D 2 8
J R 7 55974 42 2 2305 576 0
K 0 0 48
A D 2 8
J N 7 56030 0 5 4609 576 0
K 0 0 43
K 0 132 110
K 0 0 60
K 0 31 60
A D 2 8
J B 589 56092 1 82 6913 576 0
J D 0 56082 0 19 1 0 0
W 0 -84 47 D
K -21 -156 90
K -21 -68 90
K 9 -156 90
K 9 -68 90
K 39 -156 90
K 39 -68 90
K 57 -156 90
K 57 -68 90
K -21 -156 89
K 83 -156 89
K -21 -135 89
K 83 -135 89
K -21 -114 89
K 83 -114 89
K -21 -93 89
K 83 -93 89
K -21 -89 89
K 83 -89 89
J G 5 56124 0 3 1 0 0
K 0 0 171
K 0 0 183
A D 0 8
J N 7 56165 -21 7 1 0 1 126
K 0 0 45
K 0 0 43
K -1 0 45
K 6 0 45
K 0 0 60
K 0 31 60
A D 2 8
J N 6 56223 0 3 2305 576 1 126
K 0 0 43
K 0 0 54
A D 1 8
H 126 S 0 0 0 0 0 0 0 0 0
J R 6 56268 42 2 3457 288 0
K 0 0 49
A D 1 8
J N 7 56313 0 4 4609 288 0
K 0 0 43
K 0 0 60
K 0 31 60
A D 2 8
J B 590 56377 1 82 6913 576 0
J G 5 56409 0 3 1 0 0
K 0 0 171
K 0 0 183
A D 0 8
J N 7 56450 -21 7 1 0 1 127
K 0 0 45
K 0 0 43
K -1 0 45
K 6 0 45
K 0 0 60
K 0 31 60
A D 2 8
J N 6 56508 0 3 2305 576 1 127
K 0 0 43
K 0 0 54
A D 1 8
H 127 S 0 0 0 0 0 0 0 0 0
J R 6 56553 42 2 3457 288 0
K 0 0 49
A D 1 8
J N 7 56598 -21 7 4609 288 0
K 0 0 45
K 0 0 43
K -1 0 45
K 6 0 45
K 0 0 60
K 0 31 60
A D 2 8
J B 591 56662 1 82 6913 576 0
J N 8 56694 0 7 1 0 1 128
K 0 0 42
K 36 -9 44
K 0 132 110
K 30 132 110
K 0 0 60
K 0 31 60
A D 6 8
J B 592 56805 1 82 6913 1728 0
J N 8 56837 0 5 1 0 2 129 128
K 0 0 42
K 36 -9 44
K 0 0 60
K 0 31 60
A D 6 8
H 128 T 0 0 0 0 0 0 5 0
J B 593 56948 1 82 6913 1728 0
J N 8 56980 0 5 1 0 2 130 129
K 0 0 42
K 36 -9 44
K 0 0 60
K 0 31 60
A D 6 8
H 129 T 0 0 0 0 0 0 5 0
J B 594 57091 1 82 6913 1728 0
J N 7 57123 0 4 1 0 2 131 130
K 0 0 43
K 0 0 60
K 0 31 60
A D 2 8
H 130 T 0 0 0 0 0 0 5 0
J N 7 57181 -11 4 2305 576 1 131
K 0 0 43
K 0 0 60
K 0 32 60
A D 2 8
H 131 S 0 0 0 0 0 0 0 0 0
J N 7 57239 -11 5 4609 576 0
K 0 0 43
K 0 -26 96
K 0 0 60
K 0 32 60
A D 2 8
J B 595 57303 1 82 6913 576 0
J N 8 57335 -11 5 1 0 1 132
K 0 0 42
K 38 0 44
K 0 0 60
K 0 32 60
A D 6 8
J B 596 57446 1 82 6913 1728 0
J N 8 57478 -11 5 1 0 2 133 132
K 0 0 42
K 38 0 44
K 0 0 60
K 0 32 60
A D 6 8
H 132 T -11 0 0 0 0 0 1 0
J B 597 57589 1 82 6913 1728 0
J N 8 57621 -11 5 1 0 2 134 133
K 0 0 42
K 38 0 44
K 0 0 60
K 0 32 60
A D 6 8
H 133 T -11 0 0 0 0 0 1 0
J B 598 57732 1 82 6913 1728 0
J N 7 57764 -11 4 1 0 2 135 134
K 0 0 43
K 0 0 60
K 0 32 60
A D 2 8
H 134 T -11 0 0 0 0 0 1 0
J N 7 57822 -21 7 2305 576 1 135
K 0 0 45
K 0 0 43
K -1 0 45
K 6 0 45
K 0 0 60
K 0 31 60
A D 2 8
H 135 S 0 0 0 0 0 0 0 0 0
J N 7 57880 -21 8 4609 576 0
K 0 0 45
K 0 0 43
K -1 0 45
K 6 0 45
K 0 -26 96
K 0 0 60
K 0 31 60
A D 2 8
J B 599 57944 1 82 6913 576 0
J S 4 57989 31 8 8 576 0
K 0 0 62
K 0 5 62
K 0 11 92
K 30 11 92
K 60 11 92
K 90 0 62
K 90 5 62
K 30 11 79
J B 607 58124 1 82 6913 1 0 
J S 4 58169 31 8 4 576 0
K 0 0 62
K 0 5 62
K 0 11 92
K 30 11 92
K 60 11 92
K 90 0 62
K 90 5 62
K 30 11 75
J B 611 58304 1 82 6913 1 0 
J S 4 58349 31 8 6 576 0
K 0 0 62
K 0 5 62
K 0 11 92
K 30 11 92
K 60 11 92
K 90 0 62
K 90 5 62
K 30 11 77
J B 617 58484 1 82 6913 1 0 
J R 9 58555 42 46 1 10000 0
J B 618 58666 1 82 6913 1728 0 
J N 7 58698 -11 5 1 0 0
K 0 0 43
K 0 132 108
K 0 0 60
K 0 32 60
A D 2 8
J N 7 58756 -11 4 2305 576 0
K 0 0 43
K 0 0 60
K 0 32 60
A D 2 8
J N 7 58814 -11 4 4609 576 0
K 0 0 43
K 0 0 60
K 0 32 60
A D 2 8
J B 619 58878 1 82 6913 576 0
J R 9 58949 42 46 1 10000 0
J B 620 59060 1 82 6913 1728 0 
J N 7 59092 -11 4 1 0 0
K 0 0 43
K 0 0 60
K 0 32 60
A D 2 8
J N 7 59150 -11 4 2305 576 0
K 0 0 43
K 0 0 60
K 0 32 60
A D 2 8
J N 7 59208 -11 4 4609 576 0
K 0 0 43
K 0 0 60
K 0 32 60
A D 2 8
J B 621 59272 1 82 6913 576 0
J R 9 59343 42 46 1 10000 0
J B 622 59454 1 82 6913 1728 0 
J N 7 59486 -11 4 1 0 0
K 0 0 43
K 0 0 60
K 0 32 60
A D 2 8
J N 7 59544 -11 4 2305 576 0
K 0 0 43
K 0 0 60
K 0 32 60
A D 2 8
J N 7 59602 -11 4 4609 576 0
K 0 0 43
K 0 0 60
K 0 32 60
A D 2 8
J B 623 59666 1 82 6913 576 0
J R 9 59737 42 46 1 10000 0
J B 624 59848 1 82 6913 1728 0 
J N 7 59880 -11 4 1 0 0
K 0 0 43
K 0 0 60
K 0 32 60
A D 2 8
J N 7 59938 -11 4 2305 576 0
K 0 0 43
K 0 0 60
K 0 32 60
A D 2 8
J N 7 59996 -11 4 4609 576 0
K 0 0 43
K 0 0 60
K 0 32 60
A D 2 8
J B 625 60060 1 82 6913 576 0
J R 7 60092 42 2 1 0 0
K 0 0 48
A D 2 8
J N 7 60150 -11 6 2305 576 0
K 0 0 43
K 0 143 110
K 30 143 110
K 0 0 60
K 0 32 60
A D 2 8
J N 7 60208 -11 4 4609 576 0
K 0 0 43
K 0 0 60
K 0 32 60
A D 2 8
J B 626 60272 1 82 6913 576 0
J N 7 60304 -21 7 1 0 0
K 0 0 45
K 0 0 43
K -1 0 45
K 6 0 45
K 0 0 60
K 0 31 60
A D 2 8
J N 7 60362 -21 7 2305 576 0
K 0 0 45
K 0 0 43
K -1 0 45
K 6 0 45
K 0 0 60
K 0 31 60
A D 2 8
J N 7 60420 0 4 4609 576 0
K 0 0 43
K 0 0 60
K 0 31 60
A D 2 8
J B 627 60484 1 82 6913 576 0
J R 7 60516 42 2 1 0 0
K 0 0 48
A D 2 8
J N 7 60574 10 4 2305 576 0
K 0 0 43
K 0 0 60
K 0 32 60
A D 2 8
J N 7 60632 10 4 4609 576 0
K 0 0 43
K 0 0 60
K 0 32 60
A D 2 8
J B 628 60696 1 82 6913 576 0
J N 7 60728 0 4 1 0 0
K 0 0 43
K 0 0 60
K 0 31 60
A D 2 8
J N 7 60786 -21 7 2305 576 0
K 0 0 45
K 0 0 43
K -1 0 45
K 6 0 45
K 0 0 60
K 0 31 60
A D 2 8
J N 7 60844 -21 7 4609 576 0
K 0 0 45
K 0 0 43
K -1 0 45
K 6 0 45
K 0 0 60
K 0 31 60
A D 2 8
J B 629 60908 1 82 6913 576 0
J R 7 60940 42 2 1 0 0
K 0 0 48
A D 2 8
J N 7 60998 -11 4 2305 576 0
K 0 0 43
K 0 0 60
K 0 32 60
A D 2 8
J N 7 61056 -11 4 4609 576 0
K 0 0 43
K 0 0 60
K 0 32 60
A D 2 8
J B 630 61120 1 82 6913 576 0
J N 7 61152 -21 7 1 0 0
K 0 0 45
K 0 0 43
K -1 0 45
K 6 0 45
K 0 0 60
K 0 31 60
A D 2 8
J N 7 61210 -21 7 2305 576 0
K 0 0 45
K 0 0 43
K -1 0 45
K 6 0 45
K 0 0 60
K 0 31 60
A D 2 8
J N 7 61268 0 4 4609 576 0
K 0 0 43
K 0 0 60
K 0 31 60
A D 2 8
J B 631 61332 1 82 6913 576 0
J R 7 61364 42 2 1 0 0
K 0 0 48
A D 2 8
J N 7 61422 -11 4 2305 576 0
K 0 0 43
K 0 0 60
K 0 32 60
A D 2 8
J N 7 61480 -11 4 4609 576 0
K 0 0 43
K 0 0 60
K 0 32 60
A D 2 8
J B 632 61544 1 82 6913 576 0
J N 7 61576 -21 7 1 0 0
K 0 0 45
K 0 0 43
K -1 0 45
K 6 0 45
K 0 0 60
K 0 31 60
A D 2 8
J N 7 61634 -21 7 2305 576 0
K 0 0 45
K 0 0 43
K -1 0 45
K 6 0 45
K 0 0 60
K 0 31 60
A D 2 8
J N 7 61692 0 4 4609 576 0
K 0 0 43
K 0 0 60
K 0 31 60
A D 2 8
J B 633 61756 1 82 6913 576 0
J R 7 61788 42 2 1 0 0
K 0 0 48
A D 2 8
J N 7 61846 -11 4 2305 576 0
K 0 0 43
K 0 0 60
K 0 32 60
A D 2 8
J N 7 61904 -11 4 4609 576 0
K 0 0 43
K 0 0 60
K 0 32 60
A D 2 8
J B 634 61968 1 82 6913 576 0
J N 7 62000 -21 7 1 0 0
K 0 0 45
K 0 0 43
K -1 0 45
K 6 0 45
K 0 0 60
K 0 31 60
A D 2 8
J N 7 62058 -42 8 2305 576 0
K 0 21 45
K 0 0 45
K 0 0 43
K -1 0 45
K 6 0 45
K 0 0 60
K 0 42 60
A D 2 8
J N 7 62116 -21 7 4609 576 0
K 0 0 45
K 0 0 43
K -1 0 45
K 6 0 45
K 0 0 60
K 0 31 60
A D 2 8
J B 635 62180 1 82 6913 576 0
J N 7 62212 0 4 1 0 0
K 0 0 43
K 0 0 60
K 0 31 60
A D 2 8
J N 7 62270 31 4 2305 576 0
K 0 0 43
K 0 0 60
K 0 32 60
A D 2 8
J N 7 62328 52 4 4609 576 0
K 0 0 43
K 0 0 59
K 0 -31 59
A D 2 8
J B 636 62392 1 82 6913 576 0
J N 7 62424 0 4 1 0 0
K 0 0 43
K 0 0 60
K 0 31 60
A D 2 8
J R 7 62482 42 2 2305 576 0
K 0 0 48
A D 2 8
J R 7 62540 42 2 4609 576 0
K 0 0 48
A D 2 8
J B 637 62604 1 82 6913 576 0
J S 4 62649 31 8 3 576 0
K 0 0 62
K 0 5 62
K 0 11 92
K 30 11 92
K 60 11 92
K 90 0 62
K 90 5 62
K 30 11 74
J B 640 62784 1 82 6913 1 0 
J R 7 62816 42 2 1 0 0
K 0 0 48
A D 2 8
J R 7 62874 42 2 2305 576 0
K 0 0 48
A D 2 8
J N 7 62932 0 5 4609 576 0
K 0 0 43
K 0 -26 96
K 0 0 60
K 0 31 60
A D 2 8
J B 641 62996 1 82 6913 576 0
J G 5 63028 0 3 1 0 0
K 0 0 171
K 0 0 183
A D 0 8
J N 7 63069 -21 9 1 0 1 136
K 0 0 45
K 0 0 43
K -1 0 45
K 6 0 45
K 0 153 111
K 18 153 110
K 0 0 60
K 0 31 60
A D 2 8
J N 6 63127 0 3 2305 576 1 136
K 0 0 43
K 0 0 54
A D 1 8
H 136 S 0 0 0 0 0 0 0 0 0
J R 6 63172 42 2 3457 288 0
K 0 0 49
A D 1 8
J N 7 63217 0 5 4609 288 0
K 0 0 43
K 0 -26 96
K 0 0 60
K 0 31 60
A D 2 8
J B 642 63281 1 82 6913 576 0
J G 5 63313 0 3 1 0 0
K 0 0 171
K 0 0 183
A D 0 8
J N 7 63354 -21 9 1 0 1 137
K 0 0 45
K 0 0 43
K -1 0 45
K 6 0 45
K 0 153 111
K 18 153 110
K 0 0 60
K 0 31 60
A D 2 8
J N 7 63412 0 4 2305 576 1 137
K 0 0 43
K 0 0 60
K 0 31 60
A D 2 8
H 137 S 0 0 0 0 0 0 0 0 0
J N 7 63470 0 5 4609 576 0
K 0 0 43
K 0 -26 96
K 0 0 60
K 0 31 60
A D 2 8
J B 643 63534 1 82 6913 576 0
J G 5 63566 0 3 1 0 0
K 0 0 171
K 0 0 183
A D 0 8
J N 7 63607 -21 9 1 0 1 138
K 0 0 45
K 0 0 43
K -1 0 45
K 6 0 45
K 0 153 111
K 18 153 110
K 0 0 60
K 0 31 60
A D 2 8
J N 7 63665 0 4 2305 576 1 138
K 0 0 43
K 0 0 60
K 0 31 60
A D 2 8
H 138 S 0 0 0 0 0 0 0 0 0
J N 7 63723 0 5 4609 576 0
K 0 0 43
K 0 -26 96
K 0 0 60
K 0 31 60
A D 2 8
J B 644 63787 1 82 6913 576 0
J G 5 63819 0 3 1 0 0
K 0 0 171
K 0 0 183
A D 0 8
J N 7 63860 -21 9 1 0 1 139
K 0 0 45
K 0 0 43
K -1 0 45
K 6 0 45
K 0 153 111
K 18 153 110
K 0 0 60
K 0 31 60
A D 2 8
J N 7 63918 0 4 2305 576 1 139
K 0 0 43
K 0 0 60
K 0 31 60
A D 2 8
H 139 S 0 0 0 0 0 0 0 0 0
J N 7 63976 0 5 4609 576 0
K 0 0 43
K 0 -26 96
K 0 0 60
K 0 31 60
A D 2 8
J B 645 64040 1 82 6913 576 0
J D 5 64072 -60 1 1 0 0
W 0 0 35 Coda
J N 8 64072 -21 8 1 0 2 141 140
K 0 0 45
K 0 0 42
K -1 0 45
K 6 0 45
K 36 -9 44
K 0 0 60
K 0 31 60
A D 6 8
J B 646 64183 1 82 6913 1728 0
J N 8 64215 -21 8 1 0 2 142 141
K 0 0 45
K 0 0 42
K -1 0 45
K 6 0 45
K 36 -9 44
K 0 0 60
K 0 31 60
A D 6 8
H 141 T -21 0 0 0 0 0 5 0
J B 647 64326 1 82 6913 1728 0
J N 8 64358 -21 8 1 0 2 143 142
K 0 0 45
K 0 0 42
K -1 0 45
K 6 0 45
K 36 -9 44
K 0 0 60
K 0 31 60
A D 6 8
H 142 T -21 0 0 0 0 0 5 0
J B 648 64469 1 82 6913 1728 0
J N 8 64501 -21 8 1 0 3 144 143 140
K 0 0 45
K 0 0 42
K -1 0 45
K 6 0 45
K 36 -9 44
K 0 0 60
K 0 31 60
A D 6 8
H 140 W 31 0 10 142 63 142
H 143 T -21 0 0 0 0 0 5 0
J B 649 64625 10000005 2 6913 1728 0
K -13 0 82
K 0 0 82
J D 5 64657 -60 1 1 0 0
W 0 0 35 Assai meno presto
J N 7 64657 -21 8 1 0 1 144
K 0 0 45
K 0 0 43
K -1 0 45
K 6 0 45
K 0 153 108
K 0 0 60
K 0 31 60
A D 2 8
H 144 T -21 0 0 0 0 0 5 0
J R 7 64715 42 2 2305 576 0
K 0 0 48
A D 2 8
J R 7 64773 42 2 4609 576 0
K 0 0 48
A D 2 8
J B 650 64837 1 82 6913 576 0
J S 4 64882 31 8 3 576 0
K 0 0 62
K 0 5 62
K 0 11 92
K 30 11 92
K 60 11 92
K 90 0 62
K 90 5 62
K 30 11 74
J B 653 65030 5 2 6913 1 0 
K -13 0 82
K 0 0 82
J D 5 65062 -60 1 1 0 0
W 0 0 35 Presto
J N 7 65064 -32 10 1 0 0
K 0 11 45
K -23 0 65
K 0 0 43
K 0 11 45
K 2 11 45
K 0 164 110
K 30 164 110
K 0 0 60
K 0 32 60
A D 2 8
J R 7 65122 42 2 2305 576 0
K 0 0 48
A D 2 8
J R 7 65180 42 2 4609 576 0
K 0 0 48
A D 2 8
J B 654 65244 1 82 6913 576 0
J N 7 65281 -32 8 1 0 0
K 0 11 45
K -22 0 64
K 0 0 43
K 0 11 45
K 2 11 45
K 0 0 60
K 0 32 60
A D 2 8
J R 7 65339 42 2 2305 576 0
K 0 0 48
A D 2 8
J R 7 65397 42 2 4609 576 0
K 0 0 48
A D 2 8
J B 655 65461 1 82 6913 576 0
J N 7 65498 -42 9 1 0 0
K 0 21 45
K 0 0 45
K -22 0 64
K 0 0 43
K -1 0 45
K 6 0 45
K 0 0 60
K 0 42 60
A D 2 8
J R 7 65556 42 2 2305 576 0
K 0 0 48
A D 2 8
J R 7 65614 42 2 4609 576 0
K 0 0 48
A D 2 8
J B 656 65678 1 82 6913 576 0
J N 7 65710 -42 8 1 0 0
K 0 21 45
K 0 0 45
K 0 0 43
K -1 0 45
K 6 0 45
K 0 0 60
K 0 42 60
A D 2 8
J R 7 65768 42 2 2305 576 0
K 0 0 48
A D 2 8
J R 7 65826 42 2 4609 576 0
K 0 0 48
A D 2 8
J B 657 65890 1 82 6913 576 0
J N 7 65922 -42 8 1 0 0
K 0 21 45
K 0 0 45
K 0 0 43
K -1 0 45
K 6 0 45
K 0 0 60
K 0 42 60
A D 2 8
J R 7 65980 42 2 3457 576 0
K 0 0 48
A D 2 8
J B 0 66064 6 2 6913 576 0
K -20 0 82
K -9 0 84
J M 0 66064 0 0 10000 0 0
