@ SOURCE: not identified APR/04/2009
L 0 0 21 !39Violoncello
J D 4 500 -120 1 6913 0 0
W 0 0 44 Third Movement
J D 1 112 -56 1 6913 0 0
W 0 -84 44 Third Movement:  Violoncello
J C 22 7 21 36 6913 0 0
J K 0 85 0 0 6913 0 0
J T 304 99 0 2 6913 0 0
K -15 42 74
K -15 84 75
J D 0 158 0 1 1 0 0
W 0 -84 37 Allegro molto e vivace.
J R 7 158 42 2 1 0 0
K 0 0 48
A D 1 4
J B 1 199 1 82 6913 576 0
J N 7 231 52 6 1 0 0
K 0 0 43
K 0 21 96
K 0 74 108
K 0 0 59
K 0 -31 59
A D 1 4
J N 7 271 -21 8 2305 576 0
K 0 0 45
K 0 0 43
K -1 0 45
K 6 0 45
K 0 -26 96
K 0 0 60
K 0 31 60
A D 1 4
J N 7 311 -21 8 4609 576 0
K 0 0 45
K 0 0 43
K -1 0 45
K 6 0 45
K 0 -26 96
K 0 0 60
K 0 31 60
A D 1 4
J B 2 352 1 82 6913 576 0
J N 7 384 -21 8 1 0 0
K 0 0 45
K 0 0 43
K -1 0 45
K 6 0 45
K 0 -26 96
K 0 0 60
K 0 31 60
A D 1 4
J N 7 424 -21 8 2305 576 0
K 0 0 45
K 0 0 43
K -1 0 45
K 6 0 45
K 0 -26 96
K 0 0 60
K 0 31 60
A D 1 4
J N 7 459 -11 5 4609 576 0
K 0 0 43
K 0 -26 96
K 0 0 60
K 0 32 60
A D 1 4
J B 3 500 1 82 6913 576 0
J N 7 532 -21 8 1 0 0
K 0 0 45
K 0 0 43
K -1 0 45
K 6 0 45
K 0 -26 96
K 0 0 60
K 0 31 60
A D 1 4
J N 7 567 0 5 2305 576 0
K 0 0 43
K 0 -26 96
K 0 0 60
K 0 31 60
A D 1 4
J N 7 607 -32 8 4609 576 0
K 0 11 45
K 0 0 43
K 0 11 45
K 2 11 45
K 0 -26 96
K 0 0 60
K 0 32 60
A D 1 4
J B 4 648 1 82 6913 576 0
J N 7 680 -11 5 1 0 0
K 0 0 43
K 0 -26 96
K 0 0 60
K 0 32 60
A D 1 4
J N 7 715 10 5 2305 576 0
K 0 0 43
K 0 -26 96
K 0 0 60
K 0 32 60
A D 1 4
J D 0 750 0 1 4609 576 0
W 0 142 36 cresc.
J N 7 750 31 5 4609 0 0
K 0 0 43
K 0 -21 96
K 0 0 60
K 0 32 60
A D 1 4
J B 5 791 1 82 6913 576 0
J N 7 823 21 4 1 0 0
K 0 0 43
K 0 0 60
K 0 31 60
A D 1 4
J N 7 858 42 4 2305 576 0
K 0 0 43
K 0 0 60
K 0 31 60
A D 1 4
J N 7 898 10 4 4609 576 0
K 0 0 43
K 0 0 60
K 0 32 60
A D 1 4
J B 6 939 1 82 6913 576 0
J N 7 971 31 4 1 0 0
K 0 0 43
K 0 0 60
K 0 32 60
A D 1 4
J N 7 1006 52 4 2305 576 0
K 0 0 43
K 0 0 59
K 0 -31 59
A D 1 4
J N 7 1071 52 7 4609 576 0
K -25 0 63
K 0 0 43
K 0 21 96
K 0 82 110
K 0 0 59
K 0 -31 59
A D 1 4
J B 7 1112 1 82 6913 576 0
J N 7 1144 42 5 1 0 0
K 0 0 43
K 0 31 96
K 0 0 59
K 0 -21 59
A D 1 4
J N 7 1184 42 5 2305 576 0
K 0 0 43
K 0 31 96
K 0 0 59
K 0 -21 59
A D 1 4
J N 7 1224 42 5 4609 576 0
K 0 0 43
K 0 31 96
K 0 0 59
K 0 -21 59
A D 1 4
J B 8 1265 1 82 6913 576 0
J N 7 1297 84 4 1 0 0
K 0 0 43
K 0 0 59
K 0 -32 59
A D 1 4
J R 7 1332 42 2 3457 576 0
K 0 0 48
A D 1 4
J B 0 1407 10 6 6913 576 0
K -34 31 44
K -34 52 44
K -19 0 84
K 0 0 84
K 18 31 44
K 18 52 44
J R 7 1463 42 2 1 0 0
K 0 0 48
A D 1 4
J B 9 1504 1 82 6913 576 0
J R 7 1536 42 2 1 0 0
K 0 0 48
A D 1 4
J N 7 1571 -21 8 2305 576 1 1
K 0 0 45
K 0 0 43
K -1 0 45
K 6 0 45
K 0 147 108
K 0 0 60
K 0 31 60
A D 1 4
J N 7 1606 -11 4 4609 576 1 1
K 0 0 43
K 0 0 60
K 0 32 60
A D 1 4
H 1 S 0 0 0 0 0 0 0 0 0
J B 10 1647 1 82 6913 576 0
J R 7 1679 42 2 1 0 0
K 0 0 48
A D 1 4
J N 7 1714 -21 7 2305 576 1 2
K 0 0 45
K 0 0 43
K -1 0 45
K 6 0 45
K 0 0 60
K 0 31 60
A D 1 4
J N 7 1749 -11 4 4609 576 1 2
K 0 0 43
K 0 0 60
K 0 32 60
A D 1 4
H 2 S 0 0 0 0 0 0 0 0 0
J B 11 1790 1 82 6913 576 0
J R 7 1822 42 2 1 0 0
K 0 0 48
A D 1 4
J N 7 1857 -21 9 2305 576 0
K 0 0 45
K 0 0 43
K -1 0 45
K 6 0 45
K 0 -26 96
K 0 155 110
K 0 0 60
K 0 31 60
A D 1 4
J N 7 1897 -32 8 4609 576 0
K 0 11 45
K 0 0 43
K 0 11 45
K 2 11 45
K 0 -26 96
K 0 0 60
K 0 32 60
A D 1 4
J B 12 1938 1 82 6913 576 0
J N 7 1976 -42 10 1 0 0
K 0 21 45
K 0 0 45
K -23 0 65
K 0 0 43
K -1 0 45
K 6 0 45
K 0 -26 96
K 0 0 60
K 0 42 60
A D 1 4
J N 7 2017 31 6 2305 576 0
K -23 0 65
K 0 0 43
K 0 -21 96
K 0 0 60
K 0 32 60
A D 1 4
J R 7 2052 42 2 4609 576 0
K 0 0 48
A D 1 4
J B 13 2093 1 82 6913 576 0
J R 7 2125 42 2 1 0 0
K 0 0 48
A D 1 4
J N 7 2182 0 6 2305 576 1 3
K -23 0 65
K 0 0 43
K 0 121 108
K 0 0 60
K 0 31 60
A D 1 4
J N 7 2217 10 4 4609 576 1 3
K 0 0 43
K 0 0 60
K 0 32 60
A D 1 4
H 3 S 0 0 0 0 0 0 0 0 0
J B 14 2258 1 82 6913 576 0
J R 7 2290 42 2 1 0 0
K 0 0 48
A D 1 4
J N 7 2347 0 5 2305 576 1 4
K -23 0 65
K 0 0 43
K 0 0 60
K 0 31 60
A D 1 4
J N 7 2382 10 4 4609 576 1 4
K 0 0 43
K 0 0 60
K 0 32 60
A D 1 4
H 4 S 0 0 0 0 0 0 0 0 0
J B 15 2423 1 82 6913 576 0
J R 7 2455 42 2 1 0 0
K 0 0 48
A D 1 4
J N 7 2511 0 7 2305 576 0
K -22 0 64
K 0 0 43
K 0 -26 96
K 0 132 110
K 0 0 60
K 0 31 60
A D 1 4
J N 7 2573 -11 6 4609 576 0
K -22 0 64
K 0 0 43
K 0 -26 96
K 0 0 60
K 0 32 60
A D 1 4
J B 16 2614 1 82 6913 576 0
J N 7 2646 -21 8 1 0 0
K 0 0 45
K 0 0 43
K -1 0 45
K 6 0 45
K 0 -26 96
K 0 0 60
K 0 31 60
A D 1 4
J N 7 2681 52 5 2305 576 0
K 0 0 43
K 0 21 96
K 0 0 59
K 0 -31 59
A D 1 4
J R 7 2716 42 2 4609 576 0
K 0 0 48
A D 1 4
J B 17 2757 1 82 6913 576 0
J R 7 2789 42 2 1 0 0
K 0 0 48
A D 1 4
J N 7 2824 21 6 2305 576 0
K 0 0 43
K 0 -32 96
K 0 111 110
K 0 0 60
K 0 31 60
A D 1 4
J N 7 2864 10 5 4609 576 0
K 0 0 43
K 0 -26 96
K 0 0 60
K 0 32 60
A D 1 4
J B 18 2905 1 82 6913 576 0
J N 7 2943 0 6 1 0 0
K -23 0 65
K 0 0 43
K 0 -26 96
K 0 0 60
K 0 31 60
A D 1 4
J N 7 2984 73 6 2305 576 0
K -23 0 65
K 0 0 43
K 0 26 96
K 0 0 59
K 0 -31 59
A D 1 4
J R 7 3019 42 2 4609 576 0
K 0 0 48
A D 1 4
J B 19 3060 1 82 6913 576 0
J R 7 3092 42 2 1 0 0
K 0 0 48
A D 1 4
J N 7 3149 10 8 2305 576 0
K -23 0 65
K 0 0 43
K 0 -26 96
K -8 124 110
K 17 124 110
K 0 0 60
K 0 32 60
A D 1 4
J N 7 3189 10 5 4609 576 0
K 0 0 43
K 0 -26 96
K 0 0 60
K 0 32 60
A D 1 4
J B 20 3230 1 82 6913 576 0
J N 7 3268 10 6 1 0 0
K -23 0 65
K 0 0 43
K 0 -26 96
K 0 0 60
K 0 32 60
A D 1 4
J N 7 3308 10 5 2305 576 0
K 0 0 43
K 0 -26 96
K 0 0 60
K 0 32 60
A D 1 4
J N 7 3348 10 5 4609 576 0
K 0 0 43
K 0 -26 96
K 0 0 60
K 0 32 60
A D 1 4
J B 21 3389 1 82 6913 576 0
J N 7 3421 21 6 1 0 0
K 0 0 43
K -8 111 111
K 10 111 110
K 0 0 60
K 0 31 60
A D 1 4
J R 7 3456 42 2 2305 576 0
K 0 0 48
A D 1 4
J R 7 3491 42 2 4609 576 0
K 0 0 48
A D 1 4
J B 22 3532 1 82 6913 576 0
J N 7 3570 10 7 1 0 0
K -23 0 65
K 0 0 43
K -8 122 111
K 10 122 110
K 0 0 60
K 0 32 60
A D 1 4
J R 7 3605 42 2 2305 576 0
K 0 0 48
A D 1 4
J R 7 3640 42 2 4609 576 0
K 0 0 48
A D 1 4
J B 23 3681 1 82 6913 576 0
J N 7 3719 0 7 1 0 0
K -23 0 65
K 0 0 43
K -8 132 111
K 10 132 110
K 0 0 60
K 0 31 60
A D 1 4
J R 7 3754 42 2 2305 576 0
K 0 0 48
A D 1 4
J R 7 3789 42 2 4609 576 0
K 0 0 48
A D 1 4
J B 24 3830 1 82 6913 576 0
J N 7 3868 73 7 1 0 0
K -23 0 65
K 0 0 43
K -8 59 111
K 10 59 110
K 0 0 59
K 0 -31 59
A D 1 4
J R 7 3903 42 2 2305 576 0
K 0 0 48
A D 1 4
J R 7 3938 42 2 4609 576 0
K 0 0 48
A D 1 4
J B 25 3979 1 82 6913 576 0
J N 8 4017 -32 11 1 0 1 5
K 0 11 45
K -23 0 65
K 0 0 42
K 0 11 45
K 2 11 45
K -8 164 111
K 10 164 110
K 35 164 108
K 0 0 60
K 0 32 60
A D 2 4
J N 7 4074 0 5 4609 1152 0
K -23 0 65
K 0 0 43
K 0 0 60
K 0 31 60
A D 1 4
J B 26 4115 1 82 6913 576 0
J N 8 4147 -11 5 1 0 0
K -23 0 65
K 0 0 42
K 0 0 60
K 0 32 60
A D 2 4
J N 7 4193 -21 7 4609 1152 1 5
K 0 0 45
K 0 0 43
K -1 0 45
K 6 0 45
K 0 0 60
K 0 31 60
A D 1 4
H 5 S 0 0 0 0 0 0 0 0 0
J B 27 4234 1 82 6913 576 0
J N 8 4272 -32 8 1 0 1 6
K 0 11 45
K -23 0 65
K 0 0 42
K 0 11 45
K 2 11 45
K 0 0 60
K 0 32 60
A D 2 4
J N 7 4329 0 5 4609 1152 0
K -23 0 65
K 0 0 43
K 0 0 60
K 0 31 60
A D 1 4
J B 28 4370 1 82 6913 576 0
J N 8 4402 -11 5 1 0 0
K -23 0 65
K 0 0 42
K 0 0 60
K 0 32 60
A D 2 4
J N 7 4448 -21 7 4609 1152 1 6
K 0 0 45
K 0 0 43
K -1 0 45
K 6 0 45
K 0 0 60
K 0 31 60
A D 1 4
H 6 S 0 0 0 0 0 0 0 0 0
J B 29 4489 1 82 6913 576 0
J N 8 4527 -32 9 1 0 1 7
K 0 11 45
K -23 0 65
K 0 0 42
K 0 11 45
K 2 11 45
K 0 153 108
K 0 0 60
K 0 32 60
A D 2 4
J N 7 4584 0 5 4609 1152 0
K -23 0 65
K 0 0 43
K 0 0 60
K 0 31 60
A D 1 4
J B 30 4625 1 82 6913 576 0
J N 8 4657 -11 5 1 0 0
K -23 0 65
K 0 0 42
K 0 0 60
K 0 32 60
A D 2 4
J N 7 4703 -21 7 4609 1152 1 7
K 0 0 45
K 0 0 43
K -1 0 45
K 6 0 45
K 0 0 60
K 0 31 60
A D 1 4
H 7 S 0 0 0 0 0 0 0 0 0
J B 31 4744 1 82 6913 576 0
J N 8 4782 -32 8 1 0 1 8
K 0 11 45
K -23 0 65
K 0 0 42
K 0 11 45
K 2 11 45
K 0 0 60
K 0 32 60
A D 2 4
J N 7 4839 0 5 4609 1152 0
K -23 0 65
K 0 0 43
K 0 0 60
K 0 31 60
A D 1 4
J B 32 4880 1 82 6913 576 0
J N 8 4912 -11 5 1 0 0
K -23 0 65
K 0 0 42
K 0 0 60
K 0 32 60
A D 2 4
J N 7 4958 -21 7 4609 1152 1 8
K 0 0 45
K 0 0 43
K -1 0 45
K 6 0 45
K 0 0 60
K 0 31 60
A D 1 4
H 8 S 0 0 0 0 0 0 0 0 0
J B 33 4999 1 82 6913 576 0
J N 7 5037 -32 8 1 0 0
K 0 11 45
K -23 0 65
K 0 0 43
K 0 11 45
K 2 11 45
K 0 0 60
K 0 32 60
A D 1 4
J R 7 5072 42 2 2305 576 0
K 0 0 48
A D 1 4
J R 7 5107 42 2 4609 576 0
K 0 0 48
A D 1 4
J B 34 5148 1 82 6913 576 0
J R 7 5180 42 2 1 0 0
K 0 0 48
A D 1 4
J R 7 5215 42 2 2305 576 0
K 0 0 48
A D 1 4
J N 7 5271 73 7 4609 576 1 9
K -22 0 64
K 0 0 43
K -8 69 108
K 26 69 108
K 0 0 59
K 0 -31 59
A D 1 4
J B 35 5312 1 82 6913 576 0
J N 8 5344 63 6 1 0 1 9
K -23 0 65
K 0 0 42
K 36 -9 44
K 0 0 59
K 0 -32 59
A D 3 4
H 9 S 12 0 0 0 0 0 0 0 0
J B 36 5406 1 82 6913 1728 0
J S 4 5451 31 8 2 1728 0
K 0 0 62
K 0 5 62
K 0 11 92
K 30 11 92
K 60 11 92
K 90 0 62
K 90 5 62
K 30 9 73
J B 38 5586 1 82 6913 1 0 
J R 7 5618 42 2 1 0 0
K 0 0 48
A D 1 4
J R 7 5653 42 2 2305 576 0
K 0 0 48
A D 1 4
J N 7 5710 63 7 4609 576 1 10
K -23 0 65
K 0 0 43
K -8 71 108
K 26 71 108
K 0 0 59
K 0 -32 59
A D 1 4
J B 39 5751 1 82 6913 576 0
J N 8 5783 52 6 1 0 1 10
K -23 0 65
K 0 0 42
K 38 0 44
K 0 0 59
K 0 -31 59
A D 3 4
H 10 S 12 0 0 0 0 0 0 0 0
J B 40 5845 10000001 82 6913 1728 0
J S 4 5890 31 8 2 1728 0
K 0 0 62
K 0 5 62
K 0 11 92
K 30 11 92
K 60 11 92
K 90 0 62
K 90 5 62
K 30 9 73
J B 42 6025 1 82 6913 1 0 
J R 7 6057 42 2 1 0 0
K 0 0 48
A D 1 4
J R 7 6092 42 2 2305 576 0
K 0 0 48
A D 1 4
J M 0 6127 0 0 4609 576 1 11
J N 7 6142 63 5 4609 0 1 12
K -22 0 64
K 0 0 43
K 0 0 59
K 0 -32 59
A D 1 4
J B 43 6183 1 82 6913 576 0
J N 8 6215 52 6 1 0 2 13 12
K -22 0 64
K 0 0 42
K 38 0 44
K 0 0 59
K 0 -31 59
A D 3 4
H 12 S 12 0 0 0 0 0 0 0 0
J B 44 6277 1 82 6913 1728 0
J N 8 6309 52 4 1 0 2 13 11
K 0 0 42
K 0 0 59
K 0 -31 59
A D 2 4
H 11 W 0 31 10 142 20 142
H 13 T 52 0 0 0 0 0 9 0
J N 7 6355 52 6 4609 1152 0
K 0 0 43
K 0 21 96
K 0 90 110
K 0 0 59
K 0 -31 59
A D 1 4
J B 45 6396 1 82 6913 576 0
J N 7 6428 52 5 1 0 0
K 0 0 43
K 0 21 96
K 0 0 59
K 0 -31 59
A D 1 4
J N 7 6468 -21 8 2305 576 0
K 0 0 45
K 0 0 43
K -1 0 45
K 6 0 45
K 0 -26 96
K 0 0 60
K 0 31 60
A D 1 4
J N 7 6508 -21 8 4609 576 0
K 0 0 45
K 0 0 43
K -1 0 45
K 6 0 45
K 0 -26 96
K 0 0 60
K 0 31 60
A D 1 4
J B 46 6549 1 82 6913 576 0
J N 7 6581 -21 8 1 0 0
K 0 0 45
K 0 0 43
K -1 0 45
K 6 0 45
K 0 -26 96
K 0 0 60
K 0 31 60
A D 1 4
J N 7 6621 -21 8 2305 576 0
K 0 0 45
K 0 0 43
K -1 0 45
K 6 0 45
K 0 -26 96
K 0 0 60
K 0 31 60
A D 1 4
J N 7 6656 -11 5 4609 576 0
K 0 0 43
K 0 -26 96
K 0 0 60
K 0 32 60
A D 1 4
J B 47 6697 1 82 6913 576 0
J N 7 6729 -21 8 1 0 0
K 0 0 45
K 0 0 43
K -1 0 45
K 6 0 45
K 0 -26 96
K 0 0 60
K 0 31 60
A D 1 4
J N 7 6764 0 5 2305 576 0
K 0 0 43
K 0 -26 96
K 0 0 60
K 0 31 60
A D 1 4
J N 7 6804 -32 8 4609 576 0
K 0 11 45
K 0 0 43
K 0 11 45
K 2 11 45
K 0 -26 96
K 0 0 60
K 0 32 60
A D 1 4
J B 48 6845 1 82 6913 576 0
J N 7 6877 -11 5 1 0 0
K 0 0 43
K 0 -26 96
K 0 0 60
K 0 32 60
A D 1 4
J N 7 6912 10 5 2305 576 0
K 0 0 43
K 0 -26 96
K 0 0 60
K 0 32 60
A D 1 4
J N 7 6947 31 7 4609 576 0
K 0 0 43
K 0 -21 96
K -8 107 110
K 17 107 110
K 0 0 60
K 0 32 60
A D 1 4
J B 49 6988 1 82 6913 576 0
J N 7 7020 21 4 1 0 0
K 0 0 43
K 0 0 60
K 0 31 60
A D 1 4
J N 7 7055 42 4 2305 576 0
K 0 0 43
K 0 0 60
K 0 31 60
A D 1 4
J N 7 7095 10 4 4609 576 0
K 0 0 43
K 0 0 60
K 0 32 60
A D 1 4
J B 50 7136 1 82 6913 576 0
J N 7 7168 31 4 1 0 0
K 0 0 43
K 0 0 60
K 0 32 60
A D 1 4
J N 7 7203 52 4 2305 576 0
K 0 0 43
K 0 0 59
K 0 -31 59
A D 1 4
J N 7 7238 63 4 4609 576 0
K 0 0 43
K 0 0 59
K 0 -32 59
A D 1 4
J B 51 7279 1 82 6913 576 0
J N 7 7311 52 4 1 0 0
K 0 0 43
K 0 0 59
K 0 -31 59
A D 1 4
J N 7 7346 73 4 2305 576 0
K 0 0 43
K 0 0 59
K 0 -31 59
A D 1 4
J N 7 7386 42 4 4609 576 0
K 0 0 43
K 0 0 59
K 0 -21 59
A D 1 4
J B 52 7427 1 82 6913 576 0
J N 7 7459 63 6 1 0 0
K 0 0 43
K -12 75 111
K 6 75 110
K 0 0 59
K 0 -32 59
A D 1 4
J N 7 7494 84 4 2305 576 0
K 0 0 43
K 0 0 59
K 0 -32 59
A D 1 4
J N 7 7534 73 4 4609 576 0
K 0 0 43
K 0 0 59
K 0 -31 59
A D 1 4
J B 53 7575 1 82 6913 576 0
J N 7 7613 63 5 1 0 0
K -23 0 65
K 0 0 43
K 0 0 59
K 0 -32 59
A D 1 4
J N 7 7648 84 4 2305 576 0
K 0 0 43
K 0 0 59
K 0 -32 59
A D 1 4
J N 7 7688 52 4 4609 576 0
K 0 0 43
K 0 0 59
K 0 -31 59
A D 1 4
J B 54 7729 1 82 6913 576 0
J N 7 7761 73 6 1 0 0
K 0 0 43
K -12 74 111
K 6 74 110
K 0 0 59
K 0 -31 59
A D 1 4
J N 7 7796 94 4 2305 576 0
K 0 0 43
K 0 0 59
K 0 -31 59
A D 1 4
J N 7 7836 31 4 4609 576 0
K 0 0 43
K 0 0 60
K 0 32 60
A D 1 4
J B 55 7877 1 82 6913 576 0
J N 7 7909 21 4 1 0 0
K 0 0 43
K 0 0 60
K 0 31 60
A D 1 4
J N 7 7944 42 4 2305 576 0
K 0 0 43
K 0 0 60
K 0 31 60
A D 1 4
J N 7 7984 10 4 4609 576 0
K 0 0 43
K 0 0 60
K 0 32 60
A D 1 4
J B 56 8025 1 82 6913 576 0
J N 7 8057 31 4 1 0 0
K 0 0 43
K 0 0 60
K 0 32 60
A D 1 4
J N 7 8092 52 4 2305 576 0
K 0 0 43
K 0 0 59
K 0 -31 59
A D 1 4
J N 7 8132 21 4 4609 576 0
K 0 0 43
K 0 0 60
K 0 31 60
A D 1 4
J B 57 8173 1 82 6913 576 0
J N 7 8205 84 4 1 0 0
K 0 0 43
K 0 0 59
K 0 -32 59
A D 1 4
J N 7 8245 10 4 2305 576 0
K 0 0 43
K 0 0 60
K 0 32 60
A D 1 4
J N 7 8285 10 4 4609 576 0
K 0 0 43
K 0 0 60
K 0 32 60
A D 1 4
J B 58 8326 1 82 6913 576 0
J N 7 8358 52 4 1 0 0
K 0 0 43
K 0 0 59
K 0 -31 59
A D 1 4
J N 7 8398 -21 7 2305 576 0
K 0 0 45
K 0 0 43
K -1 0 45
K 6 0 45
K 0 0 60
K 0 31 60
A D 1 4
J N 7 8438 -21 7 4609 576 0
K 0 0 45
K 0 0 43
K -1 0 45
K 6 0 45
K 0 0 60
K 0 31 60
A D 1 4
J B 59 8479 1 82 6913 576 0
J N 7 8511 -21 9 1 0 0
K 0 0 45
K 0 0 43
K -1 0 45
K 6 0 45
K -8 153 111
K 10 153 110
K 0 0 60
K 0 31 60
A D 1 4
J N 7 8551 -21 7 2305 576 0
K 0 0 45
K 0 0 43
K -1 0 45
K 6 0 45
K 0 0 60
K 0 31 60
A D 1 4
J N 7 8591 -21 7 4609 576 0
K 0 0 45
K 0 0 43
K -1 0 45
K 6 0 45
K 0 0 60
K 0 31 60
A D 1 4
J B 60 8632 1 82 6913 576 0
J N 7 8664 52 4 1 0 0
K 0 0 43
K 0 0 59
K 0 -31 59
A D 1 4
J N 7 8704 -21 7 2305 576 0
K 0 0 45
K 0 0 43
K -1 0 45
K 6 0 45
K 0 0 60
K 0 31 60
A D 1 4
J N 7 8744 -21 7 4609 576 0
K 0 0 45
K 0 0 43
K -1 0 45
K 6 0 45
K 0 0 60
K 0 31 60
A D 1 4
J B 61 8785 1 82 6913 576 0
J N 7 8817 -21 9 1 0 0
K 0 0 45
K 0 0 43
K -1 0 45
K 6 0 45
K -8 153 111
K 10 153 110
K 0 0 60
K 0 31 60
A D 1 4
J N 7 8857 -21 7 2305 576 0
K 0 0 45
K 0 0 43
K -1 0 45
K 6 0 45
K 0 0 60
K 0 31 60
A D 1 4
J N 7 8897 -21 7 4609 576 0
K 0 0 45
K 0 0 43
K -1 0 45
K 6 0 45
K 0 0 60
K 0 31 60
A D 1 4
J B 62 8938 1 82 6913 576 0
J N 7 8970 52 4 1 0 0
K 0 0 43
K 0 0 59
K 0 -31 59
A D 1 4
J N 8 9010 -21 9 2305 576 0
K 0 0 45
K 0 0 42
K -1 0 45
K 6 0 45
K -8 153 111
K 10 153 110
K 0 0 60
K 0 31 60
A D 2 4
J B 63 9057 1 82 6913 1152 0
J N 7 9089 52 4 1 0 0
K 0 0 43
K 0 0 59
K 0 -31 59
A D 1 4
J N 8 9129 -21 9 2305 576 0
K 0 0 45
K 0 0 42
K -1 0 45
K 6 0 45
K -8 153 111
K 10 153 110
K 0 0 60
K 0 31 60
A D 2 4
J B 64 9176 1 82 6913 1152 0
J N 7 9208 52 4 1 0 0
K 0 0 43
K 0 0 59
K 0 -31 59
A D 1 4
J N 8 9248 -21 9 2305 576 0
K 0 0 45
K 0 0 42
K -1 0 45
K 6 0 45
K -8 153 111
K 10 153 110
K 0 0 60
K 0 31 60
A D 2 4
J B 65 9295 1 82 6913 1152 0
J N 7 9327 52 4 1 0 0
K 0 0 43
K 0 0 59
K 0 -31 59
A D 1 4
J N 8 9367 -21 9 2305 576 0
K 0 0 45
K 0 0 42
K -1 0 45
K 6 0 45
K -8 153 111
K 10 153 110
K 0 0 60
K 0 31 60
A D 2 4
J B 66 9414 1 82 6913 1152 0
J N 7 9446 52 5 1 0 0
K 0 0 43
K 0 69 108
K 0 0 59
K 0 -31 59
A D 1 4
J R 7 9478 42 2 2305 576 0
K 0 0 48
A D 1 4
J R 7 9510 42 2 4609 576 0
K 0 0 48
A D 1 4
J B 67 9548 1 82 6913 576 0
J N 7 9580 10 4 1 0 0
K 0 0 43
K 0 0 60
K 0 32 60
A D 1 4
J R 7 9612 42 2 2305 576 0
K 0 0 48
A D 1 4
J R 7 9644 42 2 4609 576 0
K 0 0 48
A D 1 4
J B 68 9682 1 82 6913 576 0
J N 7 9714 -21 7 1 0 0
K 0 0 45
K 0 0 43
K -1 0 45
K 6 0 45
K 0 0 60
K 0 31 60
A D 1 4
J R 7 9746 42 2 2305 576 0
K 0 0 48
A D 1 4
J R 7 9778 42 2 4609 576 0
K 0 0 48
A D 1 4
J B 69 9816 1 82 6913 576 0
J N 7 9848 10 4 1 0 0
K 0 0 43
K 0 0 60
K 0 32 60
A D 1 4
J R 7 9880 42 2 2305 576 0
K 0 0 48
A D 1 4
J R 7 9912 42 2 4609 576 0
K 0 0 48
A D 1 4
J B 70 9950 1 82 6913 576 0
J D 0 9982 0 1 1 0 0
W 0 132 36 cresc.
J N 7 9982 52 4 1 0 0
K 0 0 43
K 0 0 59
K 0 -31 59
A D 1 4
J R 7 10014 42 2 2305 576 0
K 0 0 48
A D 1 4
J R 7 10046 42 2 4609 576 0
K 0 0 48
A D 1 4
J B 71 10084 1 82 6913 576 0
J N 7 10116 84 4 1 0 0
K 0 0 43
K 0 0 59
K 0 -32 59
A D 1 4
J R 7 10148 42 2 2305 576 0
K 0 0 48
A D 1 4
J R 7 10180 42 2 4609 576 0
K 0 0 48
A D 1 4
J B 72 10218 1 82 6913 576 0
J N 7 10250 52 4 1 0 0
K 0 0 43
K 0 0 59
K 0 -31 59
A D 1 4
J R 7 10282 42 2 2305 576 0
K 0 0 48
A D 1 4
J R 7 10314 42 2 4609 576 0
K 0 0 48
A D 1 4
J B 73 10352 1 82 6913 576 0
J N 7 10384 10 4 1 0 0
K 0 0 43
K 0 0 60
K 0 32 60
A D 1 4
J R 7 10416 42 2 2305 576 0
K 0 0 48
A D 1 4
J R 7 10448 42 2 4609 576 0
K 0 0 48
A D 1 4
J B 74 10486 1 82 6913 576 0
J N 7 10518 52 5 1 0 0
K 0 0 43
K 0 80 110
K 0 0 59
K 0 -31 59
A D 1 4
J R 7 10550 42 2 2305 576 0
K 0 0 48
A D 1 4
J R 7 10582 42 2 4609 576 0
K 0 0 48
A D 1 4
J B 75 10620 1 82 6913 576 0
J N 7 10652 84 4 1 0 0
K 0 0 43
K 0 0 59
K 0 -32 59
A D 1 4
J R 7 10684 42 2 2305 576 0
K 0 0 48
A D 1 4
J R 7 10716 42 2 4609 576 0
K 0 0 48
A D 1 4
J B 76 10754 1 82 6913 576 0
J N 7 10786 52 6 1 0 0
K 0 0 43
K -8 82 110
K 17 82 110
K 0 0 59
K 0 -31 59
A D 1 4
J R 7 10818 42 2 2305 576 0
K 0 0 48
A D 1 4
J R 7 10850 42 2 4609 576 0
K 0 0 48
A D 1 4
J B 77 10888 1 82 6913 576 0
J N 7 10920 10 5 1 0 0
K 0 0 43
K 0 -26 96
K 0 0 60
K 0 32 60
A D 1 4
J N 7 10960 10 5 2305 576 0
K 0 0 43
K 0 -26 96
K 0 0 60
K 0 32 60
A D 1 4
J N 7 11000 10 5 4609 576 0
K 0 0 43
K 0 -26 96
K 0 0 60
K 0 32 60
A D 1 4
J B 78 11038 1 82 6913 576 0
J N 7 11070 -21 8 1 0 0
K 0 0 45
K 0 0 43
K -1 0 45
K 6 0 45
K 0 -26 96
K 0 0 60
K 0 31 60
A D 1 4
J N 7 11102 10 5 2305 576 0
K 0 0 43
K 0 -26 96
K 0 0 60
K 0 32 60
A D 1 4
J N 7 11134 31 5 4609 576 0
K 0 0 43
K 0 -21 96
K 0 0 60
K 0 32 60
A D 1 4
J B 79 11172 1 82 6913 576 0
J N 7 11204 52 5 1 0 0
K 0 0 43
K 0 21 96
K 0 0 59
K 0 -31 59
A D 1 4
J R 7 11236 42 2 3457 576 0
K 0 0 48
A D 1 4
J B 0 11309 10000006 4 6913 576 0
K -35 31 44
K -35 52 44
K -20 0 82
K -9 0 84
J D 5 11341 -60 1 6913 0 0
W 0 0 37 TRIO
J T 304 11355 0 2 6913 0 0
K -15 42 74
K -15 84 75
J R 7 11414 42 2 1 0 0
K 0 0 48
A D 1 4
J B 80 11455 1 82 6913 576 0
J S 4 11500 31 9 23 576 0
K 0 0 62
K 0 5 62
K 0 11 92
K 30 11 92
K 60 11 92
K 90 0 62
K 90 5 62
K 45 9 74
K 14 9 73
J B 103 11635 1 82 6913 1 0 
J R 7 11667 42 2 1 0 0
K 0 0 48
A D 1 4
J R 7 11702 42 2 3457 576 0
K 0 0 48
A D 1 4
J B 0 11777 10 6 6913 576 0
K -34 31 44
K -34 52 44
K -19 0 84
K 0 0 84
K 18 31 44
K 18 52 44
J R 7 11833 42 2 1 0 0
K 0 0 48
A D 1 4
J B 104 11874 1 82 6913 576 0
J S 4 11919 31 9 15 576 0
K 0 0 62
K 0 5 62
K 0 11 92
K 30 11 92
K 60 11 92
K 90 0 62
K 90 5 62
K 45 9 76
K 14 9 72
J B 119 12054 1 82 6913 1 0 
J R 9 12086 42 2 1 10000 0
K 0 0 46
A D 3 4
J C 4 12185 63 2 6913 1728 0
K 0 0 161
K 0 0 162
J B 120 12254 1 82 6913 0 0
J D 0 12244 0 1 1 0 0
W 0 -63 32 Vln 1
J N 7 12286 21 4 1 0 0
K 0 0 171
K 0 0 187
K 0 -11 187
A D 2 8
J R 9 12286 105 2 1 10000 0
K 0 0 46
A D 6 8
J N 6 12320 0 2 2305 576 1 14
K 0 0 171
A D 1 8
J N 6 12342 10 2 3457 288 1 14
K 0 0 171
A D 1 8
J N 6 12364 21 2 4609 288 1 14
K 0 0 171
A D 1 8
J N 6 12386 31 2 5761 288 1 14
K 0 0 171
A D 1 8
H 14 B 0 0 109 4 2 1 1 3
J B 121 12413 1 82 6913 288 0
J N 6 12445 42 2 1 0 1 15
K 0 0 171
A D 1 8
J R 9 12445 105 2 1 10000 0
K 0 0 46
A D 6 8
J N 6 12497 52 2 1153 288 1 15
K 0 0 171
A D 1 8
J N 6 12522 63 2 2305 288 1 15
K 0 0 171
A D 1 8
J N 6 12544 73 2 3457 288 1 15
K 0 0 171
A D 1 8
J N 6 12566 84 2 4609 288 1 15
K 0 0 171
A D 1 8
J N 6 12588 94 2 5761 288 1 15
K 0 0 171
A D 1 8
H 15 B 0 0 109 6 2 1 1 1 1 3
J B 122 12615 1 82 6913 288 0
J N 7 12647 105 7 1 0 0
K 1 0 173
K 0 0 171
K -1 0 173
K 6 0 173
K 0 0 187
K 0 -21 187
A D 2 8
J R 9 12647 147 2 1 10000 0
K 0 0 46
A D 6 8
J R 7 12680 42 2 2305 576 0
K 0 0 176
A D 2 8
J R 7 12701 42 2 4609 576 0
K 0 0 176
A D 2 8
J B 123 12728 1 82 6913 576 0
J R 9 12760 42 2 1 10000 0
K 0 0 46
A D 3 4
J C 22 12859 21 164 6913 1728 0
J B 124 12928 1 82 6913 0 0
J S 0 12960 147 108 1 0 1 16
J N 8 12960 52 5 1 0 1 17
K 0 0 42
K 0 21 96
K 0 0 59
K 0 -31 59
A D 2 4
J N 7 13024 52 5 4609 1152 1 17
K 0 0 43
K 0 21 96
K 0 0 59
K 0 -31 59
A D 1 4
H 17 S 12 0 21 0 21 0 0 0 0
J B 125 13076 1 82 6913 576 0
J N 8 13108 52 5 1 0 1 18
K 0 0 42
K 0 21 96
K 0 0 59
K 0 -31 59
A D 2 4
J N 7 13172 52 5 4609 1152 1 18
K 0 0 43
K 0 21 96
K 0 0 59
K 0 -31 59
A D 1 4
H 18 S 12 0 21 0 21 0 0 0 0
J M 0 13218 0 0 6913 576 1 16
H 16 W 0 31 52 147 -21 147
J B 126 13224 1 82 6913 0 0
J N 8 13256 52 6 1 0 0
K 0 0 42
K -8 82 110
K 17 82 110
K 0 0 59
K 0 -31 59
A D 2 4
J N 7 13320 52 5 4609 1152 0
K 0 0 43
K 0 21 96
K 0 0 59
K 0 -31 59
A D 1 4
J B 127 13372 1 82 6913 576 0
J N 8 13404 21 7 1 0 0
K 0 0 42
K 36 -9 44
K -8 111 111
K 10 111 110
K 0 0 60
K 0 31 60
A D 3 4
J B 128 13492 1 82 6913 1728 0
J N 8 13524 10 4 1 0 0
K 0 0 42
K 0 0 60
K 0 32 60
A D 2 4
J N 7 13588 10 5 4609 1152 0
K 0 0 43
K 0 -26 96
K 0 0 60
K 0 32 60
A D 1 4
J B 129 13640 1 82 6913 576 0
J N 8 13672 84 7 1 0 0
K 0 0 42
K 36 -9 44
K -8 54 111
K 10 54 110
K 0 0 59
K 0 -32 59
A D 3 4
J B 130 13760 1 82 6913 1728 0
J N 8 13792 52 4 1 0 0
K 0 0 42
K 0 0 59
K 0 -31 59
A D 2 4
J N 7 13856 52 5 4609 1152 0
K 0 0 43
K 0 21 96
K 0 0 59
K 0 -31 59
A D 1 4
J B 131 13908 1 82 6913 576 0
J N 8 13940 21 7 1 0 0
K 0 0 42
K 36 -9 44
K -8 111 111
K 10 111 110
K 0 0 60
K 0 31 60
A D 3 4
J B 132 14028 1 82 6913 1728 0
J N 8 14060 10 4 1 0 0
K 0 0 42
K 0 0 60
K 0 32 60
A D 2 4
J N 7 14124 10 5 4609 1152 0
K 0 0 43
K 0 -26 96
K 0 0 60
K 0 32 60
A D 1 4
J B 133 14176 1 82 6913 576 0
J N 8 14208 84 7 1 0 0
K 0 0 42
K 36 -9 44
K -8 54 111
K 10 54 110
K 0 0 59
K 0 -32 59
A D 3 4
J B 134 14296 1 82 6913 1728 0
J N 7 14328 52 5 1 0 0
K 0 0 43
K 0 21 96
K 0 0 59
K 0 -31 59
A D 1 4
J N 8 14374 84 6 2305 576 0
K 0 0 42
K -8 54 111
K 10 54 110
K 0 0 59
K 0 -32 59
A D 2 4
J B 135 14444 1 82 6913 1152 0
J N 7 14476 52 5 1 0 0
K 0 0 43
K 0 21 96
K 0 0 59
K 0 -31 59
A D 1 4
J N 8 14522 84 6 2305 576 0
K 0 0 42
K -8 54 111
K 10 54 110
K 0 0 59
K 0 -32 59
A D 2 4
J B 136 14592 1 82 6913 1152 0
J D 9 14708 0 1 1 0 0
W 0 155 36 Men. da capo.
J N 7 14624 10 6 1 0 0
K 0 0 43
K -8 124 111
K 10 124 110
K 0 0 60
K 0 32 60
A D 1 4
J N 7 14670 84 4 2305 576 0
K 0 0 43
K 0 0 59
K 0 -32 59
A D 1 4
J N 7 14716 84 4 4609 576 0
K 0 0 43
K 0 0 59
K 0 -32 59
A D 1 4
J B 137 14768 1 82 6913 576 0
J N 7 14800 52 4 1 0 0
K 0 0 43
K 0 0 59
K 0 -31 59
A D 1 4
J R 7 14846 42 2 3457 576 0
K 0 0 48
A D 1 4
J B 0 14933 6 4 6913 576 0
K -35 31 44
K -35 52 44
K -20 0 82
K -9 0 84
J M 0 14933 0 0 10000 0 0
