@ SOURCE: {beet/bhl/orch/sym9/stage2/04b/s12} DEC/30/2005 [md5sum:61e7d1b6191a2766b5543ffdbffa93d3]
L 0 0 14 !39Viola
J D 4 500 -120 1 6913 0 0
W 0 0 44 Fourth Movement:  Part 2 (Recitativo.)
J D 1 75 -37 1 6913 0 0
W 0 -56 44 Fourth Movement:  Part 2 (Recitativo.):  Viola
J C 13 5 28 35 6913 0 0
J K -1 57 0 1 6913 0 0
K 0 35 65
J T 304 95 0 2 6913 0 0
K -10 28 74
K -10 56 75
Y P 31 Vla__
J D 0 134 0 1 1 0 0
W 0 -49 0 Presto.
J R 7 134 28 2 1 0 0
K 0 0 48
A D 2 8 1
A P 1 0 1
J R 7 164 28 2 2305 576 0
K 0 0 48
A D 2 8 0
A P 1 0 0
J N 7 204 28 9 4609 576 2 1 2
K -18 0 63
K 0 -14 43
K 0 0 43
K -8 75 110
K 11 75 110
K 0 -14 60
K 0 0 60
K 0 21 60
A D 2 8 1
A P 1 175 1
A P 1 164 1
J B 2 238 1 82 6913 576 0
J N 7 265 28 9 1 0 2 1 2
k -18 0 63
K 0 -14 43
K 24 -20 44
K 0 0 43
K 24 -6 44
K 0 -14 60
K 0 0 60
K 0 21 60
A D 3 8 0
A P 1 175 0
A P 1 164 0
H 1 T 14 0 0 0 0 0 5 0
H 2 T 28 0 0 0 0 0 15 0
J N 6 302 21 5 3457 864 1 3
K 0 -14 43
K 0 0 43
K 0 -31 96
K 0 -14 60
A D 1 8 0
A P 1 180 0
A P 1 169 0
J N 6 328 21 5 4609 288 1 3
K 0 -14 43
K 0 0 43
K 0 -31 96
K 0 -14 60
A D 1 8 0
A P 1 180 0
A P 1 169 0
J N 6 354 -28 7 5761 288 1 3
K 0 14 45
K 0 0 45
K 0 0 43
K -1 0 45
K 2 0 45
K 0 -17 96
A D 1 8 0
A P 1 209 0
H 3 B 1 0 108 3 2 1 3
J B 3 381 1 82 6913 288 0
J N 6 402 -28 6 1 0 1 4
K 0 14 45
K 0 0 45
K 0 0 43
K -1 0 45
K 2 0 45
A D 1 8 0
A P 1 209 0
J N 6 425 7 2 1153 288 1 4
K 0 0 43
A D 1 8 0
A P 1 180 0
J N 6 451 7 2 2305 288 1 4
K 0 0 43
A D 1 8 0
A P 1 180 0
J N 6 477 -7 2 3457 288 1 4
K 0 0 43
A D 1 8 0
A P 1 192 0
J N 6 503 -7 2 4609 288 1 4
K 0 0 43
A D 1 8 0
A P 1 192 0
J N 6 526 21 2 5761 288 1 4
K 0 0 43
A D 1 8 0
A P 1 169 0
H 4 B 1 0 108 6 2 1 1 1 1 3
J B 4 553 1 82 6913 288 0
J N 6 574 21 2 1 0 1 5
K 0 0 43
A D 1 8 0
A P 1 169 0
J N 6 600 7 2 1153 288 1 5
K 0 0 43
A D 1 8 0
A P 1 180 0
J N 6 626 7 2 2305 288 1 5
K 0 0 43
A D 1 8 0
A P 1 180 0
J N 6 649 42 2 3457 288 1 5
K 0 0 43
A D 1 8 0
A P 1 152 0
J N 6 675 42 2 4609 288 1 5
K 0 0 43
A D 1 8 0
A P 1 152 0
J N 6 701 21 2 5761 288 1 5
K 0 0 43
A D 1 8 0
A P 1 169 0
H 5 B 1 0 108 6 2 1 1 1 1 3
J B 5 728 1 82 6913 288 0
J N 6 749 21 2 1 0 1 6
K 0 0 43
A D 1 8 0
A P 1 169 0
J N 6 772 56 2 1153 288 1 6
K 0 0 43
A D 1 8 0
A P 1 140 0
J N 6 798 56 2 2305 288 1 6
K 0 0 43
A D 1 8 0
A P 1 140 0
J N 6 824 42 2 3457 288 1 6
K 0 0 43
A D 1 8 0
A P 1 152 0
J N 6 850 42 2 4609 288 1 6
K 0 0 43
A D 1 8 0
A P 1 152 0
J N 6 873 70 5 5761 288 1 6
K 1 0 45
K 0 0 43
K -1 0 45
K 2 0 45
A D 1 8 0
A P 1 129 0
H 6 B 0 0 108 6 2 1 1 1 1 3
J B 6 900 1 82 6913 288 0
J N 6 921 70 5 1 0 1 7
K 1 0 45
K 0 0 43
K -1 0 45
K 2 0 45
A D 1 8 0
A P 1 129 0
J N 6 947 21 8 1153 288 1 7
K 1 49 45
K 0 0 43
K 0 49 43
K -1 49 45
K 2 49 45
K 0 49 59
K 0 21 59
A D 1 8 0
A P 1 169 0
A P 1 129 0
J N 6 973 21 8 2305 288 1 7
K 1 49 45
K 0 0 43
K 0 49 43
K -1 49 45
K 2 49 45
K 0 49 59
K 0 21 59
A D 1 8 0
A P 1 169 0
A P 1 129 0
J N 6 999 77 5 3457 288 1 7
K 1 -7 45
K 0 0 43
K 0 -7 45
K 1 -7 45
A D 1 8 0
A P 1 123 0
J N 6 1025 77 5 4609 288 1 7
K 1 -7 45
K 0 0 43
K 0 -7 45
K 1 -7 45
A D 1 8 0
A P 1 123 0
J N 6 1065 35 3 5761 288 1 7
K -14 0 64
K 0 0 43
A D 1 8 0
A P 1 158 0
H 7 B 0 0 108 6 2 1 1 1 1 3
J B 7 1092 1 82 6913 288 0
J N 6 1117 35 3 1 0 1 8
K -14 0 64
K 0 0 43
A D 1 8 0
A P 1 158 0
J N 6 1158 35 5 1153 288 1 8
K -15 0 65
K 0 -14 43
K 0 0 43
K 0 -14 60
A D 1 8 0
A P 1 169 0
A P 1 157 0
J N 6 1184 7 2 2305 288 1 8
K 0 0 43
A D 1 8 0
A P 1 180 0
J N 6 1210 7 2 3457 288 1 8
K 0 0 43
A D 1 8 0
A P 1 180 0
J N 6 1236 7 2 4609 288 1 8
K 0 0 43
A D 1 8 0
A P 1 180 0
J N 6 1259 21 2 5761 288 1 8
K 0 0 43
A D 1 8 0
A P 1 169 0
H 8 B 1 0 108 6 2 1 1 1 1 3
J B 8 1286 1 82 6913 288 0
J N 7 1307 35 5 1 0 0
K 0 0 43
K 0 14 96
K 0 0 59
K 0 -21 59
A D 2 8 0
A P 1 157 0
J N 7 1337 42 5 2305 576 0
K 0 0 43
K 0 21 96
K 0 0 59
K 0 -21 59
A D 2 8 0
A P 1 152 0
J R 7 1367 28 2 4609 576 0
K 0 0 48
A D 2 8 0
A P 1 0 0
J B 9 1401 1 82 6913 576 0
J D 0 1422 0 1 1 0 0
W 0 -42 0 Recitativo
J R 9 1422 28 2 1 10000 0
K 0 0 46
A D 6 8 0
A P 1 0 0
J B 10 1527 1 82 6913 1728 0
J R 9 1548 28 2 1 10000 0
K 0 0 46
A D 6 8 0
A P 1 0 0
J B 11 1653 1 82 6913 1728 0
J R 9 1674 28 2 1 10000 0
K 0 0 46
A D 6 8 0
A P 1 0 0
J B 12 1779 1 82 6913 1728 0
J R 9 1800 28 2 1 10000 0
K 0 0 46
A D 6 8 0
A P 1 0 0
J B 13 1905 1 82 6913 1728 0
J R 9 1926 28 2 1 10000 0
K 0 0 46
A D 6 8 0
A P 1 0 0
J B 14 2031 1 82 6913 1728 0
J R 7 2052 28 2 1 0 0
K 0 0 48
A D 2 8 0
A P 1 0 0
J N 7 2082 21 5 2305 576 1 9
K 0 0 43
K 0 68 108
K 0 0 60
K 0 21 60
A D 2 8 0
A P 1 169 0
J N 7 2123 14 5 4609 576 1 10
K -15 0 65
K 0 0 43
K 0 0 60
K 0 21 60
A D 2 8 1
A P 1 174 1
J B 15 2157 1 82 6913 576 0
J N 7 2178 14 5 1 0 1 10
k -15 0 65
K 0 0 43
K 0 0 60
K 0 21 60
A D 2 8 0
A P 1 174 0
H 10 T 14 0 0 0 0 0 5 0
J N 7 2208 21 4 2305 576 0
K 0 0 43
K 0 0 60
K 0 21 60
A D 2 8 0
A P 1 169 0
J N 7 2248 35 7 4609 576 3 11 12 9
K -14 0 64
K 0 -14 43
K 0 0 43
K 0 -14 60
K 0 0 60
K 0 14 60
A D 2 8 1
A P 1 169 1
A P 1 158 1
H 9 S 0 0 0 0 -14 0 0 0 0
J B 16 2282 1 82 6913 576 0
J N 8 2305 35 9 1 0 4 13 14 11 12
k -14 0 64
K 0 -14 42
K 25 -14 44
K 0 0 42
K 25 0 44
K 0 -14 60
K 0 0 60
K 0 14 60
A D 6 8 1
A P 1 169 1
A P 1 158 1
H 11 T 21 0 0 0 0 0 1 0
H 12 T 35 0 0 0 0 0 11 0
J B 17 2363 1 82 6913 1728 0
J D 0 2384 0 1 1 0 0
W 0 107 36 colla voce
J N 8 2386 35 9 1 0 4 15 16 13 14
k -14 0 64
K 0 -14 42
K 25 -14 44
K 0 0 42
K 25 0 44
K 0 -14 60
K 0 0 60
K 0 14 60
A D 6 8 1
A P 1 169 1
A P 1 158 1
H 13 T 21 0 0 0 0 0 1 0
H 14 T 35 0 0 0 0 0 11 0
J B 18 2444 1 82 6913 1728 0
J N 8 2467 35 9 1 0 4 17 18 15 16
k -14 0 64
K 0 -14 42
K 25 -14 44
K 0 0 42
K 25 0 44
K 0 -14 60
K 0 0 60
K 0 14 60
A D 6 8 1
A P 1 169 1
A P 1 158 1
H 15 T 21 0 0 0 0 0 1 0
H 16 T 35 0 0 0 0 0 11 0
J B 19 2525 1 82 6913 1728 0
J N 8 2548 35 9 1 0 4 19 20 17 18
k -14 0 64
K 0 -14 42
K 25 -14 44
K 0 0 42
K 25 0 44
K 0 -14 60
K 0 0 60
K 0 14 60
A D 6 8 1
A P 1 169 1
A P 1 158 1
H 17 T 21 0 0 0 0 0 1 0
H 18 T 35 0 0 0 0 0 11 0
J B 20 2606 1 82 6913 1728 0
J N 8 2629 35 9 1 0 4 21 22 19 20
k -14 0 64
K 0 -14 42
K 25 -14 44
K 0 0 42
K 25 0 44
K 0 -14 60
K 0 0 60
K 0 14 60
A D 6 8 1
A P 1 169 1
A P 1 158 1
H 19 T 21 0 0 0 0 0 1 0
H 20 T 35 0 0 0 0 0 11 0
J B 21 2687 1 82 6913 1728 0
J N 8 2710 35 9 1 0 2 21 22
k -14 0 64
K 0 -14 42
K 25 -14 44
K 0 0 42
K 25 0 44
K 0 -14 60
K 0 0 60
K 0 14 60
A D 6 8 0
A P 1 169 0
A P 1 158 0
H 21 T 21 0 0 0 0 0 1 0
H 22 T 35 0 0 0 0 0 11 0
J B 22 2768 1 82 6913 1728 0
J R 7 2789 28 2 1 0 0
K 0 0 48
A D 2 8 1
A P 1 0 1
J R 7 2819 28 2 2305 576 0
K 0 0 48
A D 2 8 0
A P 1 0 0
J N 7 2849 14 8 4609 576 0
K 0 -21 43
K 0 0 43
K 0 -38 96
K 0 75 110
K 0 -21 60
K 0 0 60
K 0 21 60
A D 2 8 0
A P 1 192 0
A P 1 175 0
J B 23 2891 5 2 6913 576 0
K -8 0 82
K 0 0 82
J K 2 2912 0 3 6913 0 0
K 0 35 64
K 13 7 63
K 28 28 63
J N 6 2971 7 4 1 0 1 23
K 0 -14 43
K 0 0 43
K 0 -14 60
A D 1 8 0
A P 1 192 0
A P 1 181 0
J N 6 2997 7 4 1153 288 1 23
K 0 -14 43
K 0 0 43
K 0 -14 60
A D 1 8 0
A P 1 192 0
A P 1 181 0
H 23 B 1 0 108 2 2 3
J N 7 3023 7 6 2305 288 0
K 0 -14 43
K 0 0 43
K 0 -14 60
K 0 0 60
K 0 21 60
A D 2 8 0
A P 1 192 0
A P 1 181 0
J R 7 3053 28 2 4609 576 0
K 0 0 48
A D 2 8 0
A P 1 0 0
J B 24 3087 1 82 6913 576 0
J R 9 3108 28 2 1 10000 0
K 0 0 46
A D 6 8 0
A P 1 0 0
J B 25 3213 1 82 6913 1728 0
J R 9 3234 28 2 1 10000 0
K 0 0 46
A D 6 8 0
A P 1 0 0
J B 26 3339 1 82 6913 1728 0
J R 9 3360 28 2 1 10000 0
K 0 0 46
A D 6 8 0
A P 1 0 0
J B 27 3465 1 82 6913 1728 0
J R 7 3486 28 2 1 0 0
K 0 0 48
A D 2 8 0
A P 1 0 0
J N 6 3516 49 4 2305 576 0
K 0 0 43
K 0 32 108
K 0 0 53
A D 1 8 0
A P 1 146 0
J R 6 3550 28 2 3457 288 0
K 0 0 49
A D 1 8 0
A P 1 0 0
J N 6 3573 0 4 4609 288 0
K 0 0 43
K 0 88 110
K 0 0 54
A D 1 8 0
A P 1 186 0
J R 6 3596 28 2 5761 288 0
K 0 0 49
A D 1 8 0
A P 1 0 0
J B 28 3623 1 82 6913 288 0
J R 9 3644 28 2 1 10000 0
K 0 0 46
A D 6 8 0
A P 1 0 0
J B 29 3749 1 82 6913 1728 0
J R 7 3770 28 2 1 0 0
K 0 0 48
A D 2 8 1
A P 1 0 1
J R 7 3800 28 2 2305 576 0
K 0 0 48
A D 2 8 0
A P 1 0 0
J N 7 3830 28 10 4609 576 0
K 0 -35 43
K 0 -14 43
K 0 0 43
K 0 -52 96
K 2 70 110
K 0 -35 60
K 0 -7 60
K 0 0 60
K 0 21 60
A D 2 8 0
A P 1 192 0
A P 1 175 0
A P 1 164 0
J B 0 3872 5 2 6913 576 0
K -8 0 82
K 0 0 82
J T 101 3893 42 1 6913 0 0
K 0 0 37
J M 0 3893 0 0 10000 0 0
