S 0 200 140 2050 1443 11 "[....][..](.)[{..}..]"
L 0 0 0 339 339 * 0 14 0
J D 0 -108 42 1 6913 0 0
W 0 0 31 Fl 1-2
J C 4 5 42 2 6913 0 0
K 0 0 33
K 0 0 34
J K -3 57 0 3 6913 0 0
K 0 28 65
K 13 7 65
K 26 35 65
J D 0 64 -14 1 6913 0 0
W 0 0 37 \03\07\01
J R 6 139 28 2 1 0 0
K 0 0 49
A D 1 8 0
A P 1 0 0
J N 6 179 14 4 1729 288 1 121
K 0 -21 43
K 0 0 43
K 0 -21 60
A D 1 8 0
A P 1 226 0
A P 2 209 0
J N 6 210 14 4 3457 288 1 121
K 0 -21 43
K 0 0 43
K 0 -21 60
A D 1 8 0
A P 1 226 0
A P 2 209 0
J N 6 241 14 4 5185 288 1 121
K 0 -21 43
K 0 0 43
K 0 -21 60
A D 1 8 0
A P 1 226 0
A P 2 209 0
H 121 B -46 0 108 3 2 1 3
J B 372 274 1 82 6913 288 0
J N 7 297 7 7 1 0 0
K -14 0 64
K 0 -14 43
K 0 0 43
K 0 -14 60
K 0 0 60
K 0 21 60
A D 2 8 0
A P 1 226 0
A P 2 215 0
J R 7 341 28 2 3457 576 0
K 0 0 48
A D 2 8 0
A P 1 0 0
J B 373 385 1 82 6913 576 0
J R 6 406 28 2 1 0 0
K 0 0 49
A D 1 8 0
A P 1 0 0
J N 6 446 14 9 1729 288 1 122
K 0 -28 45
K -14 -35 64
K 0 -35 43
K 0 -28 45
K 1 -28 45
K 0 0 43
K 0 -35 60
K 0 -7 60
A D 1 8 0
A P 1 238 0
A P 2 209 0
J N 6 477 14 8 3457 288 1 122
K 0 -28 45
K 0 -35 43
K 0 -28 45
K 1 -28 45
K 0 0 43
K 0 -35 60
K 0 -7 60
A D 1 8 0
A P 1 238 0
A P 2 209 0
J N 6 508 14 8 5185 288 1 122
K 0 -28 45
K 0 -35 43
K 0 -28 45
K 1 -28 45
K 0 0 43
K 0 -35 60
K 0 -7 60
A D 1 8 0
A P 1 238 0
A P 2 209 0
H 122 B -46 0 108 3 2 1 3
J B 374 541 1 82 6913 288 0
J N 6 568 7 11 1 0 0
K 0 -21 45
K 0 -35 45
K -14 0 64
K 0 -35 43
K -1 -35 45
K 2 -35 45
K 0 0 43
K 0 -35 60
K 0 -7 60
K 0 0 54
A D 1 8 0
A P 1 243 0
A P 2 215 0
J N 6 599 21 9 1729 288 1 123
K 0 -35 45
K 0 -49 45
K 0 -49 43
K -1 -49 45
K 2 -49 45
K 0 0 43
K 0 -49 60
K 0 -21 60
A D 1 8 0
A P 1 243 0
A P 2 203 0
J N 6 630 21 9 3457 288 1 123
K 0 -35 45
K 0 -49 45
K 0 -49 43
K -1 -49 45
K 2 -49 45
K 0 0 43
K 0 -49 60
K 0 -21 60
A D 1 8 0
A P 1 243 0
A P 2 203 0
J N 6 661 21 9 5185 288 1 123
K 0 -35 45
K 0 -49 45
K 0 -49 43
K -1 -49 45
K 2 -49 45
K 0 0 43
K 0 -49 60
K 0 -21 60
A D 1 8 0
A P 1 243 0
A P 2 203 0
H 123 B -42 0 108 3 2 1 3
J B 375 694 1 82 6913 288 0
J N 8 719 21 11 1 0 2 124 125
K 0 -35 45
K 0 -49 45
K 0 -49 42
K -1 -49 45
K 2 -49 45
K 0 0 42
K 0 -49 60
K 0 -21 60
K 0 0 60
K 0 21 60
A D 4 8 1
A P 1 243 1
A P 2 203 1
J B 376 854 1 82 6913 1152 0
J N 6 878 21 9 1 0 3 126 124 125
K 0 -35 45
K 0 -49 45
K 0 -49 43
K -1 -49 45
K 2 -49 45
K 0 0 43
K 0 -49 60
K 0 -21 60
A D 1 8 0
A P 1 243 0
A P 2 203 0
H 124 T -28 0 0 0 0 0 5 0
H 125 T 21 0 0 0 0 0 11 0
J N 6 909 21 9 1729 288 1 126
K 0 -35 45
K 0 -49 45
K 0 -49 43
K -1 -49 45
K 2 -49 45
K 0 0 43
K 0 -49 60
K 0 -21 60
A D 1 8 0
A P 1 243 0
A P 2 203 0
J N 6 940 21 9 3457 288 1 126
K 0 -35 45
K 0 -49 45
K 0 -49 43
K -1 -49 45
K 2 -49 45
K 0 0 43
K 0 -49 60
K 0 -21 60
A D 1 8 0
A P 1 243 0
A P 2 203 0
J N 6 971 21 9 5185 288 1 126
K 0 -35 45
K 0 -49 45
K 0 -49 43
K -1 -49 45
K 2 -49 45
K 0 0 43
K 0 -49 60
K 0 -21 60
A D 1 8 0
A P 1 243 0
A P 2 203 0
H 126 B -42 0 108 4 2 1 1 3
J B 377 1004 1 82 6913 288 0
J N 8 1025 21 11 1 0 2 127 128
K 0 -35 45
K 0 -49 45
K 0 -49 42
K -1 -49 45
K 2 -49 45
K 0 0 42
K 0 -49 60
K 0 -21 60
K 0 0 60
K 0 21 60
A D 4 8 1
A P 1 243 1
A P 2 203 1
J B 378 1148 1 82 6913 1152 0
J N 6 1171 21 9 1 0 3 129 127 128
K 0 -35 45
K 0 -49 45
K 0 -49 43
K -1 -49 45
K 2 -49 45
K 0 0 43
K 0 -49 60
K 0 -21 60
A D 1 8 0
A P 1 243 0
A P 2 203 0
H 127 T -28 0 0 0 0 0 5 0
H 128 T 21 0 0 0 0 0 11 0
J N 6 1201 21 9 1729 288 1 129
K 0 -35 45
K 0 -49 45
K 0 -49 43
K -1 -49 45
K 2 -49 45
K 0 0 43
K 0 -49 60
K 0 -21 60
A D 1 8 0
A P 1 243 0
A P 2 203 0
J N 6 1231 21 9 3457 288 1 129
K 0 -35 45
K 0 -49 45
K 0 -49 43
K -1 -49 45
K 2 -49 45
K 0 0 43
K 0 -49 60
K 0 -21 60
A D 1 8 0
A P 1 243 0
A P 2 203 0
J N 6 1261 21 9 5185 288 1 129
K 0 -35 45
K 0 -49 45
K 0 -49 43
K -1 -49 45
K 2 -49 45
K 0 0 43
K 0 -49 60
K 0 -21 60
A D 1 8 0
A P 1 243 0
A P 2 203 0
H 129 B -42 0 108 4 2 1 1 3
J B 379 1294 1 82 6913 288 0
J N 8 1319 21 11 1 0 2 130 131
K 0 -35 45
K 0 -49 45
K 0 -49 42
K -1 -49 45
K 2 -49 45
K 0 0 42
K 0 -49 60
K 0 -21 60
K 0 0 60
K 0 21 60
A D 4 8 1
A P 1 243 1
A P 2 203 1
J B 380 1452 1 82 6913 1152 0
J N 6 1476 21 9 1 0 3 132 130 131
K 0 -35 45
K 0 -49 45
K 0 -49 43
K -1 -49 45
K 2 -49 45
K 0 0 43
K 0 -49 60
K 0 -21 60
A D 1 8 0
A P 1 243 0
A P 2 203 0
H 130 T -28 0 0 0 0 0 5 0
H 131 T 21 0 0 0 0 0 11 0
J N 6 1506 21 9 1729 288 1 132
K 0 -35 45
K 0 -49 45
K 0 -49 43
K -1 -49 45
K 2 -49 45
K 0 0 43
K 0 -49 60
K 0 -21 60
A D 1 8 0
A P 1 243 0
A P 2 203 0
J N 6 1536 21 9 3457 288 1 132
K 0 -35 45
K 0 -49 45
K 0 -49 43
K -1 -49 45
K 2 -49 45
K 0 0 43
K 0 -49 60
K 0 -21 60
A D 1 8 0
A P 1 243 0
A P 2 203 0
J N 6 1566 21 9 5185 288 1 132
K 0 -35 45
K 0 -49 45
K 0 -49 43
K -1 -49 45
K 2 -49 45
K 0 0 43
K 0 -49 60
K 0 -21 60
A D 1 8 0
A P 1 243 0
A P 2 203 0
H 132 B -42 0 108 4 2 1 1 3
J B 381 1599 1 82 6913 288 0
J N 8 1620 21 11 1 0 0
K 0 -35 45
K 0 -49 45
K 0 -49 42
K -1 -49 45
K 2 -49 45
K 0 0 42
K 0 -49 60
K 0 -21 60
K 0 0 60
K 0 21 60
A D 4 8 0
A P 1 243 0
A P 2 203 0
J B 382 1743 1 82 6913 1152 0
J N 8 1778 -14 13 1 0 2 133 134
K 0 0 45
K 0 -14 45
K -15 -21 65
K 0 -21 42
K 0 -14 45
K 1 -14 45
K 0 0 42
K -1 0 45
K 2 0 45
K 0 -21 60
K 0 0 60
K 0 21 60
A D 4 8 1
A P 1 248 1
A P 2 231 1
J B 383 1908 1 82 6913 1152 0
J N 8 1943 -14 13 1 0 4 135 136 133 134
K 0 0 45
K 0 -14 45
k -15 -21 65
K 0 -21 42
K 0 -14 45
K 1 -14 45
K 0 0 42
K -1 0 45
K 2 0 45
K 0 -21 60
K 0 0 60
K 0 21 60
A D 4 8 1
A P 1 248 1
A P 2 231 1
H 133 T -35 0 0 0 0 0 1 0
H 134 T -14 0 0 0 0 0 15 0
J B 384 2050 1 82 6913 1152 0
J M 0 2050 0 0 6913 0 1 135
H 135 T -35 0 0 0 0 0 1 0
J M 0 2050 0 0 6913 0 1 136
H 136 T -14 0 0 0 0 0 15 0
E *
L 132 0 0 339 339 * 0 14 0
J D 0 -119 42 1 6913 0 0
W 0 0 31 Ob 1-2
J C 4 5 42 2 6913 0 0
K 0 0 33
K 0 0 34
J K -3 57 0 3 6913 0 0
K 0 28 65
K 13 7 65
K 26 35 65
J D 0 64 -14 1 6913 0 0
W 0 0 0 \03\07\01
J R 6 139 28 2 1 0 0
K 0 0 49
A D 1 8 0
A P 1 0 0
J N 6 179 28 5 1729 288 1 135
K -14 0 64
K 0 -14 43
K 0 0 43
K 0 -14 60
A D 1 8 0
A P 1 209 0
A P 2 198 0
J N 6 210 28 4 3457 288 1 135
K 0 -14 43
K 0 0 43
K 0 -14 60
A D 1 8 0
A P 1 209 0
A P 2 198 0
J N 6 241 28 4 5185 288 1 135
K 0 -14 43
K 0 0 43
K 0 -14 60
A D 1 8 0
A P 1 209 0
A P 2 198 0
H 135 B -42 0 108 3 2 1 3
J B 372 274 1 82 6913 288 0
J N 7 297 21 7 1 0 0
K -14 -14 64
K 0 -14 43
K 0 0 43
K 0 -14 60
K 0 0 60
K 0 21 60
A D 2 8 0
A P 1 215 0
A P 2 203 0
J R 7 341 28 2 3457 576 0
K 0 0 48
A D 2 8 0
A P 1 0 0
J B 373 385 1 82 6913 576 0
J R 6 406 28 2 1 0 0
K 0 0 49
A D 1 8 0
A P 1 0 0
J N 6 446 14 4 1729 288 1 136
K 0 -21 43
K 0 0 43
K 0 -21 60
A D 1 8 0
A P 1 226 0
A P 2 209 0
J N 6 477 14 4 3457 288 1 136
K 0 -21 43
K 0 0 43
K 0 -21 60
A D 1 8 0
A P 1 226 0
A P 2 209 0
J N 6 508 14 4 5185 288 1 136
K 0 -21 43
K 0 0 43
K 0 -21 60
A D 1 8 0
A P 1 226 0
A P 2 209 0
H 136 B -46 0 108 3 2 1 3
J B 374 541 1 82 6913 288 0
J N 6 568 7 6 1 0 0
K -14 0 64
K 0 -14 43
K 0 0 43
K 0 -14 60
K 0 0 54
A D 1 8 0
A P 1 226 0
A P 2 215 0
J N 6 599 21 9 1729 288 1 137
K 0 -35 45
K 0 -49 45
K 0 -49 43
K -1 -49 45
K 2 -49 45
K 0 0 43
K 0 -49 60
K 0 -21 60
A D 1 8 0
A P 1 243 0
A P 2 203 0
J N 6 630 21 9 3457 288 1 137
K 0 -35 45
K 0 -49 45
K 0 -49 43
K -1 -49 45
K 2 -49 45
K 0 0 43
K 0 -49 60
K 0 -21 60
A D 1 8 0
A P 1 243 0
A P 2 203 0
J N 6 661 21 9 5185 288 1 137
K 0 -35 45
K 0 -49 45
K 0 -49 43
K -1 -49 45
K 2 -49 45
K 0 0 43
K 0 -49 60
K 0 -21 60
A D 1 8 0
A P 1 243 0
A P 2 203 0
H 137 B -42 0 108 3 2 1 3
J B 375 694 1 82 6913 288 0
J N 8 719 21 11 1 0 2 138 139
K 0 -35 45
K 0 -49 45
K 0 -49 42
K -1 -49 45
K 2 -49 45
K 0 0 42
K 0 -49 60
K 0 -21 60
K 0 0 60
K 0 21 60
A D 4 8 1
A P 1 243 1
A P 2 203 1
J B 376 854 1 82 6913 1152 0
J N 6 878 21 9 1 0 3 140 138 139
K 0 -35 45
K 0 -49 45
K 0 -49 43
K -1 -49 45
K 2 -49 45
K 0 0 43
K 0 -49 60
K 0 -21 60
A D 1 8 0
A P 1 243 0
A P 2 203 0
H 138 T -28 0 0 0 0 0 5 0
H 139 T 21 0 0 0 0 0 11 0
J N 6 909 21 9 1729 288 1 140
K 0 -35 45
K 0 -49 45
K 0 -49 43
K -1 -49 45
K 2 -49 45
K 0 0 43
K 0 -49 60
K 0 -21 60
A D 1 8 0
A P 1 243 0
A P 2 203 0
J N 6 940 21 9 3457 288 1 140
K 0 -35 45
K 0 -49 45
K 0 -49 43
K -1 -49 45
K 2 -49 45
K 0 0 43
K 0 -49 60
K 0 -21 60
A D 1 8 0
A P 1 243 0
A P 2 203 0
J N 6 971 21 9 5185 288 1 140
K 0 -35 45
K 0 -49 45
K 0 -49 43
K -1 -49 45
K 2 -49 45
K 0 0 43
K 0 -49 60
K 0 -21 60
A D 1 8 0
A P 1 243 0
A P 2 203 0
H 140 B -42 0 108 4 2 1 1 3
J B 377 1004 1 82 6913 288 0
J N 8 1025 21 11 1 0 2 141 142
K 0 -35 45
K 0 -49 45
K 0 -49 42
K -1 -49 45
K 2 -49 45
K 0 0 42
K 0 -49 60
K 0 -21 60
K 0 0 60
K 0 21 60
A D 4 8 1
A P 1 243 1
A P 2 203 1
J B 378 1148 1 82 6913 1152 0
J N 6 1171 21 9 1 0 3 143 141 142
K 0 -35 45
K 0 -49 45
K 0 -49 43
K -1 -49 45
K 2 -49 45
K 0 0 43
K 0 -49 60
K 0 -21 60
A D 1 8 0
A P 1 243 0
A P 2 203 0
H 141 T -28 0 0 0 0 0 5 0
H 142 T 21 0 0 0 0 0 11 0
J N 6 1201 21 9 1729 288 1 143
K 0 -35 45
K 0 -49 45
K 0 -49 43
K -1 -49 45
K 2 -49 45
K 0 0 43
K 0 -49 60
K 0 -21 60
A D 1 8 0
A P 1 243 0
A P 2 203 0
J N 6 1231 21 9 3457 288 1 143
K 0 -35 45
K 0 -49 45
K 0 -49 43
K -1 -49 45
K 2 -49 45
K 0 0 43
K 0 -49 60
K 0 -21 60
A D 1 8 0
A P 1 243 0
A P 2 203 0
J N 6 1261 21 9 5185 288 1 143
K 0 -35 45
K 0 -49 45
K 0 -49 43
K -1 -49 45
K 2 -49 45
K 0 0 43
K 0 -49 60
K 0 -21 60
A D 1 8 0
A P 1 243 0
A P 2 203 0
H 143 B -42 0 108 4 2 1 1 3
J B 379 1294 1 82 6913 288 0
J N 8 1319 21 11 1 0 2 144 145
K 0 -35 45
K 0 -49 45
K 0 -49 42
K -1 -49 45
K 2 -49 45
K 0 0 42
K 0 -49 60
K 0 -21 60
K 0 0 60
K 0 21 60
A D 4 8 1
A P 1 243 1
A P 2 203 1
J B 380 1452 1 82 6913 1152 0
J N 6 1476 21 9 1 0 3 146 144 145
K 0 -35 45
K 0 -49 45
K 0 -49 43
K -1 -49 45
K 2 -49 45
K 0 0 43
K 0 -49 60
K 0 -21 60
A D 1 8 0
A P 1 243 0
A P 2 203 0
H 144 T -28 0 0 0 0 0 5 0
H 145 T 21 0 0 0 0 0 11 0
J N 6 1506 21 9 1729 288 1 146
K 0 -35 45
K 0 -49 45
K 0 -49 43
K -1 -49 45
K 2 -49 45
K 0 0 43
K 0 -49 60
K 0 -21 60
A D 1 8 0
A P 1 243 0
A P 2 203 0
J N 6 1536 21 9 3457 288 1 146
K 0 -35 45
K 0 -49 45
K 0 -49 43
K -1 -49 45
K 2 -49 45
K 0 0 43
K 0 -49 60
K 0 -21 60
A D 1 8 0
A P 1 243 0
A P 2 203 0
J N 6 1566 21 9 5185 288 1 146
K 0 -35 45
K 0 -49 45
K 0 -49 43
K -1 -49 45
K 2 -49 45
K 0 0 43
K 0 -49 60
K 0 -21 60
A D 1 8 0
A P 1 243 0
A P 2 203 0
H 146 B -42 0 108 4 2 1 1 3
J B 381 1599 1 82 6913 288 0
J N 8 1620 21 11 1 0 0
K 0 -35 45
K 0 -49 45
K 0 -49 42
K -1 -49 45
K 2 -49 45
K 0 0 42
K 0 -49 60
K 0 -21 60
K 0 0 60
K 0 21 60
A D 4 8 0
A P 1 243 0
A P 2 203 0
J B 382 1743 1 82 6913 1152 0
J N 7 1778 -35 9 1 0 1 147
K 1 21 45
K 1 7 45
K -15 0 65
K 0 0 43
K 0 7 45
K 1 7 45
K 0 0 59
K 0 -7 59
A D 2 8 0
A P 1 248 0
J N 8 1778 14 5 1 0 1 148
K -15 0 65
K 0 0 42
K 0 0 60
K 0 21 60
A D 4 8 1
A P 2 208 1
J N 7 1845 -14 7 3457 576 2 149 147
K 1 0 45
K 0 0 43
K -1 0 45
K 2 0 45
K 0 0 59
K 0 -7 59
A D 2 8 1
A P 1 231 1
H 147 S 0 14 0 0 0 0 0 0 0
J B 383 1908 1 82 6913 576 0
J N 8 1943 14 10 1 0 4 150 151 149 148
K 0 -28 45
k -15 0 65
K 0 -28 42
K -1 -28 45
K 2 -28 45
K 0 0 42
K 0 -28 60
K 0 0 60
K 0 21 60
A D 4 8 1
A P 1 231 1
A P 2 208 1
H 149 T -14 0 0 0 0 0 7 0
H 148 T 14 0 0 0 0 0 15 0
J B 384 2050 1 82 6913 1152 0
J M 0 2050 0 0 6913 0 1 150
H 150 T -14 0 0 0 0 0 5 0
J M 0 2050 0 0 6913 0 1 151
H 151 T 14 0 0 0 0 0 15 0
E *
L 264 0 0 339 339 * 0 14 0
J D 0 -113 42 1 6913 0 0
W 0 -21 31 Cl 1-2
J D 0 -113 42 1 6913 0 0
W 0 21 31 (B\0.)
J C 4 5 42 2 6913 0 0
K 0 0 33
K 0 0 34
J K -1 57 0 1 6913 0 0
K 0 28 65
J D 0 64 -14 1 6913 0 0
W 0 0 0 \03\07\01
J R 6 139 28 2 1 0 0
K 0 0 49
A D 1 8 0
A P 1 0 0
J N 6 179 35 5 1729 288 1 161
K -18 -14 63
K 0 -14 43
K 0 0 43
K 0 -14 60
A D 1 8 0
A P 1 204 0
A P 2 192 0
J N 6 210 35 4 3457 288 1 161
K 0 -14 43
K 0 0 43
K 0 -14 60
A D 1 8 0
A P 1 204 0
A P 2 192 0
J N 6 241 35 4 5185 288 1 161
K 0 -14 43
K 0 0 43
K 0 -14 60
A D 1 8 0
A P 1 204 0
A P 2 192 0
H 161 B -42 0 108 3 2 1 3
J B 372 274 1 82 6913 288 0
J N 7 297 35 6 1 0 0
K 0 -21 43
K 0 0 43
K 0 -21 60
K 0 0 60
K 0 14 60
A D 2 8 0
A P 1 209 0
A P 2 192 0
J R 7 341 28 2 3457 576 0
K 0 0 48
A D 2 8 0
A P 1 0 0
J B 373 385 1 82 6913 576 0
J R 6 406 28 2 1 0 0
K 0 0 49
A D 1 8 0
A P 1 0 0
J N 6 446 21 5 1729 288 1 162
K -18 0 63
K 0 -14 43
K 0 0 43
K 0 -14 60
A D 1 8 0
A P 1 215 0
A P 2 204 0
J N 6 477 21 4 3457 288 1 162
K 0 -14 43
K 0 0 43
K 0 -14 60
A D 1 8 0
A P 1 215 0
A P 2 204 0
J N 6 508 21 4 5185 288 1 162
K 0 -14 43
K 0 0 43
K 0 -14 60
A D 1 8 0
A P 1 215 0
A P 2 204 0
H 162 B -42 0 108 3 2 1 3
J B 374 541 1 82 6913 288 0
J N 6 568 14 6 1 0 0
K -18 -14 63
K 0 -14 43
K 0 0 43
K 0 -14 60
K 0 0 54
A D 1 8 0
A P 1 221 0
A P 2 209 0
J N 6 599 14 5 1729 288 1 163
K 0 0 43
K 0 49 43
K 0 49 59
K 0 21 59
A D 1 8 0
A P 1 209 0
A P 2 169 0
J N 6 630 14 5 3457 288 1 163
K 0 0 43
K 0 49 43
K 0 49 59
K 0 21 59
A D 1 8 0
A P 1 209 0
A P 2 169 0
J N 6 661 14 5 5185 288 1 163
K 0 0 43
K 0 49 43
K 0 49 59
K 0 21 59
A D 1 8 0
A P 1 209 0
A P 2 169 0
H 163 B 42 0 108 3 2 1 3
J B 375 694 1 82 6913 288 0
J N 8 719 14 7 1 0 2 164 165
K 0 0 42
K 0 49 42
K 0 49 59
K 0 21 59
K 0 0 59
K 0 -14 59
A D 4 8 1
A P 1 209 1
A P 2 169 1
J B 376 854 1 82 6913 1152 0
J N 6 878 14 5 1 0 3 166 164 165
K 0 0 43
K 0 49 43
K 0 49 59
K 0 21 59
A D 1 8 0
A P 1 209 0
A P 2 169 0
H 164 T 14 0 0 0 0 0 7 0
H 165 T 63 0 0 0 0 0 9 0
J N 6 909 14 5 1729 288 1 166
K 0 0 43
K 0 49 43
K 0 49 59
K 0 21 59
A D 1 8 0
A P 1 209 0
A P 2 169 0
J N 6 940 14 5 3457 288 1 166
K 0 0 43
K 0 49 43
K 0 49 59
K 0 21 59
A D 1 8 0
A P 1 209 0
A P 2 169 0
J N 6 971 14 5 5185 288 1 166
K 0 0 43
K 0 49 43
K 0 49 59
K 0 21 59
A D 1 8 0
A P 1 209 0
A P 2 169 0
H 166 B 42 0 108 4 2 1 1 3
J B 377 1004 1 82 6913 288 0
J N 8 1025 14 7 1 0 2 167 168
K 0 0 42
K 0 49 42
K 0 49 59
K 0 21 59
K 0 0 59
K 0 -14 59
A D 4 8 1
A P 1 209 1
A P 2 169 1
J B 378 1148 1 82 6913 1152 0
J N 6 1171 14 5 1 0 3 169 167 168
K 0 0 43
K 0 49 43
K 0 49 59
K 0 21 59
A D 1 8 0
A P 1 209 0
A P 2 169 0
H 167 T 14 0 0 0 0 0 7 0
H 168 T 63 0 0 0 0 0 9 0
J N 6 1201 14 5 1729 288 1 169
K 0 0 43
K 0 49 43
K 0 49 59
K 0 21 59
A D 1 8 0
A P 1 209 0
A P 2 169 0
J N 6 1231 14 5 3457 288 1 169
K 0 0 43
K 0 49 43
K 0 49 59
K 0 21 59
A D 1 8 0
A P 1 209 0
A P 2 169 0
J N 6 1261 14 5 5185 288 1 169
K 0 0 43
K 0 49 43
K 0 49 59
K 0 21 59
A D 1 8 0
A P 1 209 0
A P 2 169 0
H 169 B 42 0 108 4 2 1 1 3
J B 379 1294 1 82 6913 288 0
J N 8 1319 14 7 1 0 2 170 171
K 0 0 42
K 0 49 42
K 0 49 59
K 0 21 59
K 0 0 59
K 0 -14 59
A D 4 8 1
A P 1 209 1
A P 2 169 1
J B 380 1452 1 82 6913 1152 0
J N 6 1476 14 5 1 0 3 172 170 171
K 0 0 43
K 0 49 43
K 0 49 59
K 0 21 59
A D 1 8 0
A P 1 209 0
A P 2 169 0
H 170 T 14 0 0 0 0 0 7 0
H 171 T 63 0 0 0 0 0 9 0
J N 6 1506 14 5 1729 288 1 172
K 0 0 43
K 0 49 43
K 0 49 59
K 0 21 59
A D 1 8 0
A P 1 209 0
A P 2 169 0
J N 6 1536 14 5 3457 288 1 172
K 0 0 43
K 0 49 43
K 0 49 59
K 0 21 59
A D 1 8 0
A P 1 209 0
A P 2 169 0
J N 6 1566 14 5 5185 288 1 172
K 0 0 43
K 0 49 43
K 0 49 59
K 0 21 59
A D 1 8 0
A P 1 209 0
A P 2 169 0
H 172 B 42 0 108 4 2 1 1 3
J B 381 1599 1 82 6913 288 0
J N 8 1620 14 7 1 0 0
K 0 0 42
K 0 49 42
K 0 49 59
K 0 21 59
K 0 0 59
K 0 -14 59
A D 4 8 0
A P 1 209 0
A P 2 169 0
J B 382 1743 1 82 6913 1152 0
J N 8 1778 28 7 1 0 2 173 174
K -15 -21 65
K 0 -21 42
K 0 0 42
K 0 -21 60
K 0 0 60
K 0 21 60
A D 4 8 1
A P 1 214 1
A P 2 197 1
J B 383 1908 1 82 6913 1152 0
J N 8 1943 28 7 1 0 4 175 176 173 174
k -15 -21 65
K 0 -21 42
K 0 0 42
K 0 -21 60
K 0 0 60
K 0 21 60
A D 4 8 1
A P 1 214 1
A P 2 197 1
H 173 T 7 0 0 0 0 0 1 0
H 174 T 28 0 0 0 0 0 15 0
J B 384 2050 1 82 6913 1152 0
J M 0 2050 0 0 6913 0 1 175
H 175 T 7 0 0 0 0 0 1 0
J M 0 2050 0 0 6913 0 1 176
H 176 T 28 0 0 0 0 0 15 0
E *
L 396 0 0 339 339 * 0 14 0
J D 0 -130 42 1 6913 0 0
W 0 0 31 Fag 1-2
J C 22 5 14 36 6913 0 0
J K -3 57 0 3 6913 0 0
K 0 42 65
K 13 21 65
K 26 49 65
J D 0 64 -14 1 6913 0 0
W 0 0 0 \03\07\01
J R 6 139 28 2 1 0 0
K 0 0 49
A D 1 8 0
A P 1 0 0
J N 6 179 -7 8 1729 288 1 230
K 0 -7 45
K -14 0 64
K 0 -14 43
K 0 -7 45
K 1 -7 45
K 0 0 43
K 0 -14 60
A D 1 8 0
A P 1 169 0
A P 2 158 0
J N 6 210 -7 7 3457 288 1 230
K 0 -7 45
K 0 -14 43
K 0 -7 45
K 1 -7 45
K 0 0 43
K 0 -14 60
A D 1 8 0
A P 1 169 0
A P 2 158 0
J N 6 241 -7 7 5185 288 1 230
K 0 -7 45
K 0 -14 43
K 0 -7 45
K 1 -7 45
K 0 0 43
K 0 -14 60
A D 1 8 0
A P 1 169 0
A P 2 158 0
H 230 B -49 0 108 3 2 1 3
J B 372 274 1 82 6913 288 0
J N 7 297 -14 13 1 0 0
K 0 0 45
K 0 -14 45
K -14 -14 64
K 0 -14 43
K -1 -14 45
K 2 -14 45
K 0 0 43
K -1 0 45
K 2 0 45
K 0 -14 60
K 0 0 60
K 0 21 60
A D 2 8 0
A P 1 175 0
A P 2 163 0
J R 7 341 28 2 3457 576 0
K 0 0 48
A D 2 8 0
A P 1 0 0
J B 373 385 1 82 6913 576 0
J R 6 406 28 2 1 0 0
K 0 0 49
A D 1 8 0
A P 1 0 0
J N 6 446 7 7 1729 288 1 231
K 0 -21 45
K 0 -28 43
K 0 -21 45
K 1 -21 45
K 0 0 43
K 0 -28 60
A D 1 8 0
A P 1 169 0
A P 2 146 0
J N 6 477 7 7 3457 288 1 231
K 0 -21 45
K 0 -28 43
K 0 -21 45
K 1 -21 45
K 0 0 43
K 0 -28 60
A D 1 8 0
A P 1 169 0
A P 2 146 0
J N 6 508 7 7 5185 288 1 231
K 0 -21 45
K 0 -28 43
K 0 -21 45
K 1 -21 45
K 0 0 43
K 0 -28 60
A D 1 8 0
A P 1 169 0
A P 2 146 0
H 231 B -49 0 108 3 2 1 3
J B 374 541 1 82 6913 288 0
J N 6 568 35 8 1 0 1 232
K 0 -49 45
K 0 -49 43
K -1 -49 45
K 2 -49 45
K 0 0 43
K 0 -49 60
K 0 -21 60
A D 1 8 0
A P 1 163 0
A P 2 123 0
J N 6 599 35 8 1729 288 1 232
K 0 -49 45
K 0 -49 43
K -1 -49 45
K 2 -49 45
K 0 0 43
K 0 -49 60
K 0 -21 60
A D 1 8 0
A P 1 163 0
A P 2 123 0
J N 6 630 35 8 3457 288 1 232
K 0 -49 45
K 0 -49 43
K -1 -49 45
K 2 -49 45
K 0 0 43
K 0 -49 60
K 0 -21 60
A D 1 8 0
A P 1 163 0
A P 2 123 0
J N 6 661 35 8 5185 288 1 232
K 0 -49 45
K 0 -49 43
K -1 -49 45
K 2 -49 45
K 0 0 43
K 0 -49 60
K 0 -21 60
A D 1 8 0
A P 1 163 0
A P 2 123 0
H 232 B -42 0 108 4 2 1 1 3
J B 375 694 1 82 6913 288 0
J N 8 719 35 10 1 0 2 233 234
K 0 -49 45
K 0 -49 42
K -1 -49 45
K 2 -49 45
K 0 0 42
K 0 -49 60
K 0 -21 60
K 0 0 60
K 0 14 60
A D 4 8 1
A P 1 163 1
A P 2 123 1
J B 376 854 1 82 6913 1152 0
J N 6 878 35 8 1 0 3 235 233 234
K 0 -49 45
K 0 -49 43
K -1 -49 45
K 2 -49 45
K 0 0 43
K 0 -49 60
K 0 -21 60
A D 1 8 0
A P 1 163 0
A P 2 123 0
H 233 T -14 0 0 0 0 0 5 0
H 234 T 35 0 0 0 0 0 11 0
J N 6 909 35 8 1729 288 1 235
K 0 -49 45
K 0 -49 43
K -1 -49 45
K 2 -49 45
K 0 0 43
K 0 -49 60
K 0 -21 60
A D 1 8 0
A P 1 163 0
A P 2 123 0
J N 6 940 35 8 3457 288 1 235
K 0 -49 45
K 0 -49 43
K -1 -49 45
K 2 -49 45
K 0 0 43
K 0 -49 60
K 0 -21 60
A D 1 8 0
A P 1 163 0
A P 2 123 0
J N 6 971 35 8 5185 288 1 235
K 0 -49 45
K 0 -49 43
K -1 -49 45
K 2 -49 45
K 0 0 43
K 0 -49 60
K 0 -21 60
A D 1 8 0
A P 1 163 0
A P 2 123 0
H 235 B -42 0 108 4 2 1 1 3
J B 377 1004 1 82 6913 288 0
J N 8 1025 35 10 1 0 2 236 237
K 0 -49 45
K 0 -49 42
K -1 -49 45
K 2 -49 45
K 0 0 42
K 0 -49 60
K 0 -21 60
K 0 0 60
K 0 14 60
A D 4 8 1
A P 1 163 1
A P 2 123 1
J B 378 1148 1 82 6913 1152 0
J N 6 1171 35 8 1 0 3 238 236 237
K 0 -49 45
K 0 -49 43
K -1 -49 45
K 2 -49 45
K 0 0 43
K 0 -49 60
K 0 -21 60
A D 1 8 0
A P 1 163 0
A P 2 123 0
H 236 T -14 0 0 0 0 0 5 0
H 237 T 35 0 0 0 0 0 11 0
J N 6 1201 35 8 1729 288 1 238
K 0 -49 45
K 0 -49 43
K -1 -49 45
K 2 -49 45
K 0 0 43
K 0 -49 60
K 0 -21 60
A D 1 8 0
A P 1 163 0
A P 2 123 0
J N 6 1231 35 8 3457 288 1 238
K 0 -49 45
K 0 -49 43
K -1 -49 45
K 2 -49 45
K 0 0 43
K 0 -49 60
K 0 -21 60
A D 1 8 0
A P 1 163 0
A P 2 123 0
J N 6 1261 35 8 5185 288 1 238
K 0 -49 45
K 0 -49 43
K -1 -49 45
K 2 -49 45
K 0 0 43
K 0 -49 60
K 0 -21 60
A D 1 8 0
A P 1 163 0
A P 2 123 0
H 238 B -42 0 108 4 2 1 1 3
J B 379 1294 1 82 6913 288 0
J N 8 1319 35 10 1 0 2 239 240
K 0 -49 45
K 0 -49 42
K -1 -49 45
K 2 -49 45
K 0 0 42
K 0 -49 60
K 0 -21 60
K 0 0 60
K 0 14 60
A D 4 8 1
A P 1 163 1
A P 2 123 1
J B 380 1452 1 82 6913 1152 0
J N 6 1476 35 8 1 0 3 241 239 240
K 0 -49 45
K 0 -49 43
K -1 -49 45
K 2 -49 45
K 0 0 43
K 0 -49 60
K 0 -21 60
A D 1 8 0
A P 1 163 0
A P 2 123 0
H 239 T -14 0 0 0 0 0 5 0
H 240 T 35 0 0 0 0 0 11 0
J N 6 1506 35 8 1729 288 1 241
K 0 -49 45
K 0 -49 43
K -1 -49 45
K 2 -49 45
K 0 0 43
K 0 -49 60
K 0 -21 60
A D 1 8 0
A P 1 163 0
A P 2 123 0
J N 6 1536 35 8 3457 288 1 241
K 0 -49 45
K 0 -49 43
K -1 -49 45
K 2 -49 45
K 0 0 43
K 0 -49 60
K 0 -21 60
A D 1 8 0
A P 1 163 0
A P 2 123 0
J N 6 1566 35 8 5185 288 1 241
K 0 -49 45
K 0 -49 43
K -1 -49 45
K 2 -49 45
K 0 0 43
K 0 -49 60
K 0 -21 60
A D 1 8 0
A P 1 163 0
A P 2 123 0
H 241 B -42 0 108 4 2 1 1 3
J B 381 1599 1 82 6913 288 0
J N 6 1620 35 9 1 0 0
K 0 -49 45
K 0 -49 43
K -1 -49 45
K 2 -49 45
K 0 0 43
K 0 -49 60
K 0 -21 60
K 0 0 52
A D 1 8 0
A P 1 163 0
A P 2 123 0
J N 6 1650 14 4 1729 288 1 242
K 0 -14 43
K 0 0 43
K 0 -14 60
A D 1 8 0
A P 1 151 0
A P 2 140 0
J N 6 1680 14 4 3457 288 1 242
K 0 -14 43
K 0 0 43
K 0 -14 60
A D 1 8 0
A P 1 151 0
A P 2 140 0
J N 6 1710 14 4 5185 288 1 242
K 0 -14 43
K 0 0 43
K 0 -14 60
A D 1 8 0
A P 1 151 0
A P 2 140 0
H 242 B -46 0 108 3 2 1 3
J B 382 1743 1 82 6913 288 0
J N 8 1778 14 6 1 0 2 243 244
K 0 -14 42
K 0 0 42
K 0 -14 60
K 0 0 60
K 0 21 60
A D 4 8 1
A P 1 151 1
A P 2 140 1
J B 383 1908 1 82 6913 1152 0
J N 8 1943 14 6 1 0 4 245 246 243 244
K 0 -14 42
K 0 0 42
K 0 -14 60
K 0 0 60
K 0 21 60
A D 4 8 1
A P 1 151 1
A P 2 140 1
H 243 T 0 0 0 0 0 0 5 0
H 244 T 14 0 0 0 0 0 15 0
J B 384 2050 1 82 6913 1152 0
J M 0 2050 0 0 6913 0 1 245
H 245 T 0 0 0 0 0 0 5 0
J M 0 2050 0 0 6913 0 1 246
H 246 T 14 0 0 0 0 0 15 0
E *
L 551 0 0 339 339 * 0 14 0
J D 0 -130 42 1 6913 0 0
W 0 -21 31 Cor 1-2
J D 0 -130 42 1 6913 0 0
W 0 21 31 (E\0.)
J C 4 5 42 2 6913 0 0
K 0 0 33
K 0 0 34
J K 0 57 0 0 6913 0 0
J D 0 64 -14 1 6913 0 0
W 0 0 0 \03\07\01
J R 6 139 28 2 1 0 0
K 0 0 49
A D 1 8 0
A P 1 0 0
J N 6 179 7 5 1729 288 1 157
K 0 0 43
K 0 49 43
K 0 49 59
K 0 21 59
A D 1 8 0
A P 1 215 0
A P 2 175 0
J N 6 210 7 5 3457 288 1 157
K 0 0 43
K 0 49 43
K 0 49 59
K 0 21 59
A D 1 8 0
A P 1 215 0
A P 2 175 0
J N 6 241 7 5 5185 288 1 157
K 0 0 43
K 0 49 43
K 0 49 59
K 0 21 59
A D 1 8 0
A P 1 215 0
A P 2 175 0
H 157 B 42 0 108 3 2 1 3
J B 372 274 1 82 6913 288 0
J N 7 297 7 7 1 0 0
K 0 0 43
K 0 49 43
K 0 49 59
K 0 21 59
K 0 0 59
K 0 -14 59
A D 2 8 0
A P 1 215 0
A P 2 175 0
J R 7 341 28 2 3457 576 0
K 0 0 48
A D 2 8 0
A P 1 0 0
J B 373 385 1 82 6913 576 0
J R 6 406 28 2 1 0 0
K 0 0 49
A D 1 8 0
A P 1 0 0
J N 6 446 7 5 1729 288 1 158
K 0 0 43
K 0 49 43
K 0 49 59
K 0 21 59
A D 1 8 0
A P 1 215 0
A P 2 175 0
J N 6 477 7 5 3457 288 1 158
K 0 0 43
K 0 49 43
K 0 49 59
K 0 21 59
A D 1 8 0
A P 1 215 0
A P 2 175 0
J N 6 508 7 5 5185 288 1 158
K 0 0 43
K 0 49 43
K 0 49 59
K 0 21 59
A D 1 8 0
A P 1 215 0
A P 2 175 0
H 158 B 42 0 108 3 2 1 3
J B 374 541 1 82 6913 288 0
J N 7 568 7 4 1 0 0
K 0 0 43
K 0 0 59
K 0 -14 59
A D 2 8 0
A P 1 215 0
J N 7 568 7 4 1 0 0
K 0 0 43
K 0 0 60
K 0 21 60
A D 2 8 0
A P 2 215 0
J R 7 630 28 2 3457 576 0
K 0 0 48
A D 2 8 0
A P 1 0 0
J B 375 694 1 82 6913 576 0
J R 9 760 28 2 1 0 0
K 0 0 46
A D 4 8 0
A P 3 0 0
J B 376 854 1 82 6913 1152 0
J N 7 878 14 4 1 0 0
K 0 0 43
K 0 0 59
K 0 -14 59
A D 2 8 0
A P 1 209 0
J N 7 878 14 4 1 0 0
K 0 0 43
K 0 0 60
K 0 21 60
A D 2 8 0
A P 2 209 0
J R 7 940 28 2 3457 576 0
K 0 0 48
A D 2 8 0
A P 1 0 0
J B 377 1004 1 82 6913 576 0
J R 9 1062 28 2 1 0 0
K 0 0 46
A D 4 8 0
A P 3 0 0
J B 378 1148 1 82 6913 1152 0
J N 7 1171 7 4 1 0 0
K 0 0 43
K 0 0 59
K 0 -14 59
A D 2 8 0
A P 1 215 0
J N 7 1171 7 4 1 0 0
K 0 0 43
K 0 0 60
K 0 21 60
A D 2 8 0
A P 2 215 0
J R 7 1231 28 2 3457 576 0
K 0 0 48
A D 2 8 0
A P 1 0 0
J B 379 1294 1 82 6913 576 0
J R 9 1359 28 2 1 0 0
K 0 0 46
A D 4 8 0
A P 3 0 0
J B 380 1452 1 82 6913 1152 0
J N 7 1476 0 4 1 0 0
K 0 0 43
K 0 0 59
K 0 -14 59
A D 2 8 0
A P 1 220 0
J N 7 1476 0 4 1 0 0
K 0 0 43
K 0 0 60
K 0 21 60
A D 2 8 0
A P 2 220 0
J R 7 1536 28 2 3457 576 0
K 0 0 48
A D 2 8 0
A P 1 0 0
J B 381 1599 1 82 6913 576 0
J R 9 1657 28 2 1 0 0
K 0 0 46
A D 4 8 0
A P 3 0 0
J B 382 1743 1 82 6913 1152 0
J N 8 1778 14 6 1 0 2 159 160
K 0 -14 42
K 0 0 42
K 0 -14 60
K 0 0 60
K 0 21 60
A D 4 8 1
A P 1 220 1
A P 2 209 1
J B 383 1908 1 82 6913 1152 0
J N 8 1943 14 6 1 0 4 161 162 159 160
K 0 -14 42
K 0 0 42
K 0 -14 60
K 0 0 60
K 0 21 60
A D 4 8 1
A P 1 220 1
A P 2 209 1
H 159 T 0 0 0 0 0 0 5 0
H 160 T 14 0 0 0 0 0 15 0
J B 384 2050 1 82 6913 1152 0
J M 0 2050 0 0 6913 0 1 161
H 161 T 0 0 0 0 0 0 5 0
J M 0 2050 0 0 6913 0 1 162
H 162 T 14 0 0 0 0 0 15 0
E *
L 696 0 0 339 339 * 0 14 0
J D 0 -111 42 1 6913 0 0
W 0 -21 31 Tr 1-2
J D 0 -111 42 1 6913 0 0
W 0 21 31 (C)
J C 4 5 42 2 6913 0 0
K 0 0 33
K 0 0 34
J K 0 57 0 0 6913 0 0
J D 0 64 -14 1 6913 0 0
W 0 0 0 \03\07\01
J R 6 139 28 2 1 0 0
K 0 0 49
A D 1 8 0
A P 1 0 0
J N 6 179 42 9 1729 288 1 44
K 1 28 45
K 1 42 45
K 0 0 43
K 0 49 43
K 0 42 45
K 1 42 45
K 0 49 59
K 0 21 59
A D 1 8 0
A P 1 186 0
A P 2 146 0
J N 6 210 42 9 3457 288 1 44
K 1 28 45
K 1 42 45
K 0 0 43
K 0 49 43
K 0 42 45
K 1 42 45
K 0 49 59
K 0 21 59
A D 1 8 0
A P 1 186 0
A P 2 146 0
J N 6 241 42 9 5185 288 1 44
K 1 28 45
K 1 42 45
K 0 0 43
K 0 49 43
K 0 42 45
K 1 42 45
K 0 49 59
K 0 21 59
A D 1 8 0
A P 1 186 0
A P 2 146 0
H 44 B 46 0 108 3 2 1 3
J B 372 274 1 82 6913 288 0
J N 7 297 21 10 1 0 0
K 1 49 45
K 0 0 43
K 0 49 43
K -1 49 45
K 2 49 45
K 0 49 59
K 0 21 59
K 0 0 59
K 0 -14 59
A D 2 8 0
A P 1 203 0
A P 2 163 0
J R 7 341 28 2 3457 576 0
K 0 0 48
A D 2 8 0
A P 1 0 0
J B 373 385 1 82 6913 576 0
J R 6 406 28 2 1 0 0
K 0 0 49
A D 1 8 0
A P 1 0 0
J N 6 446 42 9 1729 288 1 45
K 1 28 45
K 1 42 45
K 0 0 43
K 0 49 43
K 0 42 45
K 1 42 45
K 0 49 59
K 0 21 59
A D 1 8 0
A P 1 186 0
A P 2 146 0
J N 6 477 42 9 3457 288 1 45
K 1 28 45
K 1 42 45
K 0 0 43
K 0 49 43
K 0 42 45
K 1 42 45
K 0 49 59
K 0 21 59
A D 1 8 0
A P 1 186 0
A P 2 146 0
J N 6 508 42 9 5185 288 1 45
K 1 28 45
K 1 42 45
K 0 0 43
K 0 49 43
K 0 42 45
K 1 42 45
K 0 49 59
K 0 21 59
A D 1 8 0
A P 1 186 0
A P 2 146 0
H 45 B 46 0 108 3 2 1 3
J B 374 541 1 82 6913 288 0
J N 6 568 21 8 1 0 1 46
K 1 49 45
K 0 0 43
K 0 49 43
K -1 49 45
K 2 49 45
K 0 49 59
K 0 21 59
A D 1 8 0
A P 1 203 0
A P 2 163 0
J N 6 599 21 8 1729 288 1 46
K 1 49 45
K 0 0 43
K 0 49 43
K -1 49 45
K 2 49 45
K 0 49 59
K 0 21 59
A D 1 8 0
A P 1 203 0
A P 2 163 0
J N 6 630 21 8 3457 288 1 46
K 1 49 45
K 0 0 43
K 0 49 43
K -1 49 45
K 2 49 45
K 0 49 59
K 0 21 59
A D 1 8 0
A P 1 203 0
A P 2 163 0
J N 6 661 21 8 5185 288 1 46
K 1 49 45
K 0 0 43
K 0 49 43
K -1 49 45
K 2 49 45
K 0 49 59
K 0 21 59
A D 1 8 0
A P 1 203 0
A P 2 163 0
H 46 B 42 0 108 4 2 1 1 3
J B 375 694 1 82 6913 288 0
J N 8 719 21 10 1 0 2 47 48
K 1 49 45
K 0 0 42
K 0 49 42
K -1 49 45
K 2 49 45
K 0 49 59
K 0 21 59
K 0 0 59
K 0 -14 59
A D 4 8 1
A P 1 203 1
A P 2 163 1
J B 376 854 1 82 6913 1152 0
J N 6 878 21 8 1 0 3 49 47 48
K 1 49 45
K 0 0 43
K 0 49 43
K -1 49 45
K 2 49 45
K 0 49 59
K 0 21 59
A D 1 8 0
A P 1 203 0
A P 2 163 0
H 47 T 21 0 0 0 0 0 3 0
H 48 T 70 0 0 0 0 0 13 0
J N 6 909 21 8 1729 288 1 49
K 1 49 45
K 0 0 43
K 0 49 43
K -1 49 45
K 2 49 45
K 0 49 59
K 0 21 59
A D 1 8 0
A P 1 203 0
A P 2 163 0
J N 6 940 21 8 3457 288 1 49
K 1 49 45
K 0 0 43
K 0 49 43
K -1 49 45
K 2 49 45
K 0 49 59
K 0 21 59
A D 1 8 0
A P 1 203 0
A P 2 163 0
J N 6 971 21 8 5185 288 1 49
K 1 49 45
K 0 0 43
K 0 49 43
K -1 49 45
K 2 49 45
K 0 49 59
K 0 21 59
A D 1 8 0
A P 1 203 0
A P 2 163 0
H 49 B 42 0 108 4 2 1 1 3
J B 377 1004 1 82 6913 288 0
J N 8 1025 21 10 1 0 2 50 51
K 1 49 45
K 0 0 42
K 0 49 42
K -1 49 45
K 2 49 45
K 0 49 59
K 0 21 59
K 0 0 59
K 0 -14 59
A D 4 8 1
A P 1 203 1
A P 2 163 1
J B 378 1148 1 82 6913 1152 0
J N 6 1171 21 8 1 0 3 52 50 51
K 1 49 45
K 0 0 43
K 0 49 43
K -1 49 45
K 2 49 45
K 0 49 59
K 0 21 59
A D 1 8 0
A P 1 203 0
A P 2 163 0
H 50 T 21 0 0 0 0 0 3 0
H 51 T 70 0 0 0 0 0 13 0
J N 6 1201 21 8 1729 288 1 52
K 1 49 45
K 0 0 43
K 0 49 43
K -1 49 45
K 2 49 45
K 0 49 59
K 0 21 59
A D 1 8 0
A P 1 203 0
A P 2 163 0
J N 6 1231 21 8 3457 288 1 52
K 1 49 45
K 0 0 43
K 0 49 43
K -1 49 45
K 2 49 45
K 0 49 59
K 0 21 59
A D 1 8 0
A P 1 203 0
A P 2 163 0
J N 6 1261 21 8 5185 288 1 52
K 1 49 45
K 0 0 43
K 0 49 43
K -1 49 45
K 2 49 45
K 0 49 59
K 0 21 59
A D 1 8 0
A P 1 203 0
A P 2 163 0
H 52 B 42 0 108 4 2 1 1 3
J B 379 1294 1 82 6913 288 0
J N 8 1319 21 10 1 0 2 53 54
K 1 49 45
K 0 0 42
K 0 49 42
K -1 49 45
K 2 49 45
K 0 49 59
K 0 21 59
K 0 0 59
K 0 -14 59
A D 4 8 1
A P 1 203 1
A P 2 163 1
J B 380 1452 1 82 6913 1152 0
J N 6 1476 21 8 1 0 3 55 53 54
K 1 49 45
K 0 0 43
K 0 49 43
K -1 49 45
K 2 49 45
K 0 49 59
K 0 21 59
A D 1 8 0
A P 1 203 0
A P 2 163 0
H 53 T 21 0 0 0 0 0 3 0
H 54 T 70 0 0 0 0 0 13 0
J N 6 1506 21 8 1729 288 1 55
K 1 49 45
K 0 0 43
K 0 49 43
K -1 49 45
K 2 49 45
K 0 49 59
K 0 21 59
A D 1 8 0
A P 1 203 0
A P 2 163 0
J N 6 1536 21 8 3457 288 1 55
K 1 49 45
K 0 0 43
K 0 49 43
K -1 49 45
K 2 49 45
K 0 49 59
K 0 21 59
A D 1 8 0
A P 1 203 0
A P 2 163 0
J N 6 1566 21 8 5185 288 1 55
K 1 49 45
K 0 0 43
K 0 49 43
K -1 49 45
K 2 49 45
K 0 49 59
K 0 21 59
A D 1 8 0
A P 1 203 0
A P 2 163 0
H 55 B 42 0 108 4 2 1 1 3
J B 381 1599 1 82 6913 288 0
J N 8 1620 21 10 1 0 0
K 1 49 45
K 0 0 42
K 0 49 42
K -1 49 45
K 2 49 45
K 0 49 59
K 0 21 59
K 0 0 59
K 0 -14 59
A D 4 8 0
A P 1 203 0
A P 2 163 0
J B 382 1743 1 82 6913 1152 0
J R 9 1811 28 2 1 0 0
K 0 0 46
A D 4 8 0
A P 3 0 0
J B 383 1908 1 82 6913 1152 0
J R 9 1965 28 2 1 0 0
K 0 0 46
A D 4 8 0
A P 3 0 0
J B 384 2050 1 82 6913 1152 0
E *
L 836 0 0 339 339 * 0 14 0
J D 0 -110 42 1 6913 0 0
W 0 -21 31 Timp.
J D 0 -110 42 1 6913 0 0
W 0 21 31 (C-G)
J C 22 5 14 36 6913 0 0
J K 0 57 0 0 6913 0 0
J D 0 64 -14 1 6913 0 0
W 0 0 0 \03\07\01
J R 6 139 28 2 1 0 0
K 0 0 49
A D 1 8 0
A P 1 0 0
J N 6 179 56 2 1729 288 1 23
K 0 0 43
A D 1 8 0
A P 1 106 0
J N 6 210 56 2 3457 288 1 23
K 0 0 43
A D 1 8 0
A P 1 106 0
J N 6 241 56 2 5185 288 1 23
K 0 0 43
A D 1 8 0
A P 1 106 0
H 23 B 46 0 108 3 2 1 3
J B 372 274 1 82 6913 288 0
J N 7 297 35 4 1 0 0
K 0 0 43
K 0 0 59
K 0 -21 59
A D 2 8 0
A P 1 123 0
J R 7 341 28 2 3457 576 0
K 0 0 48
A D 2 8 0
A P 1 0 0
J B 373 385 1 82 6913 576 0
J R 6 406 28 2 1 0 0
K 0 0 49
A D 1 8 0
A P 1 0 0
J N 6 446 56 2 1729 288 1 24
K 0 0 43
A D 1 8 0
A P 1 106 0
J N 6 477 56 2 3457 288 1 24
K 0 0 43
A D 1 8 0
A P 1 106 0
J N 6 508 56 2 5185 288 1 24
K 0 0 43
A D 1 8 0
A P 1 106 0
H 24 B 46 0 108 3 2 1 3
J B 374 541 1 82 6913 288 0
J N 6 568 35 2 1 0 1 25
K 0 0 43
A D 1 8 0
A P 1 123 0
J N 6 599 35 2 1729 288 1 25
K 0 0 43
A D 1 8 0
A P 1 123 0
J N 6 630 35 2 3457 288 1 25
K 0 0 43
A D 1 8 0
A P 1 123 0
J N 6 661 35 2 5185 288 1 25
K 0 0 43
A D 1 8 0
A P 1 123 0
H 25 B 42 0 108 4 2 1 1 3
J B 375 694 1 82 6913 288 0
J N 7 719 35 4 1 0 0
K 0 0 43
K 0 0 59
K 0 -21 59
A D 2 8 0
A P 1 123 0
J R 7 790 28 2 3457 576 0
K 0 0 48
A D 2 8 0
A P 1 0 0
J B 376 854 1 82 6913 576 0
J R 6 878 28 2 1 0 0
K 0 0 49
A D 1 8 0
A P 1 0 0
J N 6 909 35 2 1729 288 1 26
K 0 0 43
A D 1 8 0
A P 1 123 0
J N 6 940 35 2 3457 288 1 26
K 0 0 43
A D 1 8 0
A P 1 123 0
J N 6 971 35 2 5185 288 1 26
K 0 0 43
A D 1 8 0
A P 1 123 0
H 26 B 42 0 108 3 2 1 3
J B 377 1004 1 82 6913 288 0
J N 7 1025 35 4 1 0 0
K 0 0 43
K 0 0 59
K 0 -21 59
A D 2 8 0
A P 1 123 0
J R 7 1085 28 2 3457 576 0
K 0 0 48
A D 2 8 0
A P 1 0 0
J B 378 1148 1 82 6913 576 0
J R 6 1171 28 2 1 0 0
K 0 0 49
A D 1 8 0
A P 1 0 0
J N 6 1201 35 2 1729 288 1 27
K 0 0 43
A D 1 8 0
A P 1 123 0
J N 6 1231 35 2 3457 288 1 27
K 0 0 43
A D 1 8 0
A P 1 123 0
J N 6 1261 35 2 5185 288 1 27
K 0 0 43
A D 1 8 0
A P 1 123 0
H 27 B 42 0 108 3 2 1 3
J B 379 1294 1 82 6913 288 0
J N 7 1319 35 4 1 0 0
K 0 0 43
K 0 0 59
K 0 -21 59
A D 2 8 0
A P 1 123 0
J R 7 1389 28 2 3457 576 0
K 0 0 48
A D 2 8 0
A P 1 0 0
J B 380 1452 1 82 6913 576 0
J R 6 1476 28 2 1 0 0
K 0 0 49
A D 1 8 0
A P 1 0 0
J N 6 1506 35 2 1729 288 1 28
K 0 0 43
A D 1 8 0
A P 1 123 0
J N 6 1536 35 2 3457 288 1 28
K 0 0 43
A D 1 8 0
A P 1 123 0
J N 6 1566 35 2 5185 288 1 28
K 0 0 43
A D 1 8 0
A P 1 123 0
H 28 B 42 0 108 3 2 1 3
J B 381 1599 1 82 6913 288 0
J N 7 1620 35 4 1 0 0
K 0 0 43
K 0 0 59
K 0 -21 59
A D 2 8 0
A P 1 123 0
J R 7 1680 28 2 3457 576 0
K 0 0 48
A D 2 8 0
A P 1 0 0
J B 382 1743 1 82 6913 576 0
J R 9 1811 28 2 1 0 0
K 0 0 46
A D 4 8 0
A P 1 0 0
J B 383 1908 1 82 6913 1152 0
J R 9 1965 28 2 1 0 0
K 0 0 46
A D 4 8 0
A P 1 0 0
J B 384 2050 1 82 6913 1152 0
E *
L 988 0 0 339 339 * 0 14 0
J D 0 -119 42 1 6913 0 0
W 0 0 31 Vln 1
J C 4 5 42 2 6913 0 0
K 0 0 33
K 0 0 34
J K -3 57 0 3 6913 0 0
K 0 28 65
K 13 7 65
K 26 35 65
J D 0 64 -14 1 6913 0 0
W 0 0 0 \03\07\01
J R 6 139 28 2 1 0 0
K 0 0 49
A D 1 8 0
A P 1 0 0
J N 6 179 -7 2 1729 288 1 257
K 0 0 43
A D 1 8 0
A P 1 226 0
J N 6 210 -7 2 3457 288 1 257
K 0 0 43
A D 1 8 0
A P 1 226 0
J N 6 241 -7 2 5185 288 1 257
K 0 0 43
A D 1 8 0
A P 1 226 0
H 257 B -49 0 108 3 2 1 3
J B 372 274 1 82 6913 288 0
J N 7 297 -7 4 1 0 0
K 0 0 43
K 0 0 60
K 0 21 60
A D 2 8 0
A P 1 226 0
J R 7 341 28 2 3457 576 0
K 0 0 48
A D 2 8 0
A P 1 0 0
J B 373 385 1 82 6913 576 0
J R 6 406 28 2 1 0 0
K 0 0 49
A D 1 8 0
A P 1 0 0
J N 6 446 14 9 1729 288 1 258
K 0 -28 45
K -14 -35 64
K 0 -35 43
K 0 -28 45
K 1 -28 45
K 0 0 43
K 0 -35 60
K 0 -7 60
A D 1 8 0
A P 1 238 0
A P 1 209 0
J N 6 477 14 8 3457 288 1 258
K 0 -28 45
K 0 -35 43
K 0 -28 45
K 1 -28 45
K 0 0 43
K 0 -35 60
K 0 -7 60
A D 1 8 0
A P 1 238 0
A P 1 209 0
J N 6 508 14 8 5185 288 1 258
K 0 -28 45
K 0 -35 43
K 0 -28 45
K 1 -28 45
K 0 0 43
K 0 -35 60
K 0 -7 60
A D 1 8 0
A P 1 238 0
A P 1 209 0
H 258 B -46 0 108 3 2 1 3
J B 374 541 1 82 6913 288 0
J N 8 568 -28 10 1 0 1 259
K 0 14 45
K 0 0 45
K 0 0 42
K -1 0 45
K 2 0 45
K 0 114 111
K 12 114 110
K 0 0 60
K 0 28 60
A D 4 8 1
A P 1 243 1
J B 375 694 1 82 6913 1152 0
J N 6 719 -28 6 1 0 2 260 259
K 0 14 45
K 0 0 45
K 0 0 43
K -1 0 45
K 2 0 45
A D 1 8 0
A P 1 243 0
H 259 T -28 0 0 0 0 0 5 0
J N 6 759 -28 6 1729 288 1 260
K 0 14 45
K 0 0 45
K 0 0 43
K -1 0 45
K 2 0 45
A D 1 8 0
A P 1 243 0
J N 6 790 -28 6 3457 288 1 260
K 0 14 45
K 0 0 45
K 0 0 43
K -1 0 45
K 2 0 45
A D 1 8 0
A P 1 243 0
J N 6 821 -28 6 5185 288 1 260
K 0 14 45
K 0 0 45
K 0 0 43
K -1 0 45
K 2 0 45
A D 1 8 0
A P 1 243 0
H 260 B -56 0 108 4 2 1 1 3
J B 376 854 1 82 6913 288 0
J N 8 878 -28 10 1 0 1 261
K 0 14 45
K 0 0 45
K 0 0 42
K -1 0 45
K 2 0 45
K 0 114 111
K 12 114 110
K 0 0 60
K 0 28 60
A D 4 8 1
A P 1 243 1
J B 377 1004 1 82 6913 1152 0
J N 6 1025 -28 6 1 0 2 262 261
K 0 14 45
K 0 0 45
K 0 0 43
K -1 0 45
K 2 0 45
A D 1 8 0
A P 1 243 0
H 261 T -28 0 0 0 0 0 5 0
J N 6 1055 -28 6 1729 288 1 262
K 0 14 45
K 0 0 45
K 0 0 43
K -1 0 45
K 2 0 45
A D 1 8 0
A P 1 243 0
J N 6 1085 -28 6 3457 288 1 262
K 0 14 45
K 0 0 45
K 0 0 43
K -1 0 45
K 2 0 45
A D 1 8 0
A P 1 243 0
J N 6 1115 -28 6 5185 288 1 262
K 0 14 45
K 0 0 45
K 0 0 43
K -1 0 45
K 2 0 45
A D 1 8 0
A P 1 243 0
H 262 B -56 0 108 4 2 1 1 3
J B 378 1148 1 82 6913 288 0
J N 8 1171 -28 10 1 0 1 263
K 0 14 45
K 0 0 45
K 0 0 42
K -1 0 45
K 2 0 45
K 0 114 111
K 12 114 110
K 0 0 60
K 0 28 60
A D 4 8 1
A P 1 243 1
J B 379 1294 1 82 6913 1152 0
J N 6 1319 -28 6 1 0 2 264 263
K 0 14 45
K 0 0 45
K 0 0 43
K -1 0 45
K 2 0 45
A D 1 8 0
A P 1 243 0
H 263 T -28 0 0 0 0 0 5 0
J N 6 1359 -28 6 1729 288 1 264
K 0 14 45
K 0 0 45
K 0 0 43
K -1 0 45
K 2 0 45
A D 1 8 0
A P 1 243 0
J N 6 1389 -28 6 3457 288 1 264
K 0 14 45
K 0 0 45
K 0 0 43
K -1 0 45
K 2 0 45
A D 1 8 0
A P 1 243 0
J N 6 1419 -28 6 5185 288 1 264
K 0 14 45
K 0 0 45
K 0 0 43
K -1 0 45
K 2 0 45
A D 1 8 0
A P 1 243 0
H 264 B -56 0 108 4 2 1 1 3
J B 380 1452 1 82 6913 288 0
J N 8 1476 -28 10 1 0 1 265
K 0 14 45
K 0 0 45
K 0 0 42
K -1 0 45
K 2 0 45
K 0 114 111
K 12 114 110
K 0 0 60
K 0 28 60
A D 4 8 1
A P 1 243 1
J B 381 1599 1 82 6913 1152 0
J N 6 1620 -28 6 1 0 2 266 265
K 0 14 45
K 0 0 45
K 0 0 43
K -1 0 45
K 2 0 45
A D 1 8 0
A P 1 243 0
H 265 T -28 0 0 0 0 0 5 0
J N 6 1650 -28 6 1729 288 1 266
K 0 14 45
K 0 0 45
K 0 0 43
K -1 0 45
K 2 0 45
A D 1 8 0
A P 1 243 0
J N 6 1680 -28 6 3457 288 1 266
K 0 14 45
K 0 0 45
K 0 0 43
K -1 0 45
K 2 0 45
A D 1 8 0
A P 1 243 0
J N 6 1710 -28 6 5185 288 1 266
K 0 14 45
K 0 0 45
K 0 0 43
K -1 0 45
K 2 0 45
A D 1 8 0
A P 1 243 0
H 266 B -56 0 108 4 2 1 1 3
J B 382 1743 1 82 6913 288 0
J N 8 1778 -35 14 1 0 0
K 0 21 45
K 0 7 45
K -26 0 65
K 0 0 42
K 0 7 45
K 1 7 45
K 0 121 110
K 19 121 110
K 0 32 60
K 0 0 60
K 0 28 60
K 0 31 60
K -17 50 125
A D 4 8 0
A P 1 248 0
J B 383 1908 1 82 6913 1152 0
J N 8 1943 -35 12 1 0 0
K 0 21 45
K 0 7 45
K -26 0 65
K 0 0 42
K 0 7 45
K 1 7 45
K 0 32 60
K 0 0 60
K 0 28 60
K 0 31 60
K -17 50 125
A D 4 8 0
A P 1 248 0
J B 384 2050 1 82 6913 1152 0
E *
L 1120 0 0 339 339 * 0 14 0
J D 0 -119 42 1 6913 0 0
W 0 0 31 Vln 2
J C 4 5 42 2 6913 0 0
K 0 0 33
K 0 0 34
J K -3 57 0 3 6913 0 0
K 0 28 65
K 13 7 65
K 26 35 65
J D 0 64 -14 1 6913 0 0
W 0 0 0 \03\07\01
J R 6 139 28 2 1 0 0
K 0 0 49
A D 1 8 0
A P 1 0 0
J N 6 179 28 6 1729 288 1 243
K -14 0 64
K 0 0 43
K 0 35 43
K 0 35 59
K 0 7 59
A D 1 8 0
A P 1 198 0
A P 1 169 0
J N 6 210 28 5 3457 288 1 243
K 0 0 43
K 0 35 43
K 0 35 59
K 0 7 59
A D 1 8 0
A P 1 198 0
A P 1 169 0
J N 6 241 28 5 5185 288 1 243
K 0 0 43
K 0 35 43
K 0 35 59
K 0 7 59
A D 1 8 0
A P 1 198 0
A P 1 169 0
H 243 B 42 0 108 3 2 1 3
J B 372 274 1 82 6913 288 0
J N 7 297 21 8 1 0 0
K -14 35 64
K 0 0 43
K 0 35 43
K 0 35 59
K 0 7 59
K 0 0 59
K 0 -14 59
A D 2 8 0
A P 1 203 0
A P 1 175 0
J R 7 341 28 2 3457 576 0
K 0 0 48
A D 2 8 0
A P 1 0 0
J B 373 385 1 82 6913 576 0
J R 6 406 28 2 1 0 0
K 0 0 49
A D 1 8 0
A P 1 0 0
J N 6 446 28 6 1729 288 1 244
K -14 0 64
K 0 -35 43
K 0 0 43
K 0 -35 60
K 0 -7 60
A D 1 8 0
A P 1 226 0
A P 1 198 0
J N 6 477 28 5 3457 288 1 244
K 0 -35 43
K 0 0 43
K 0 -35 60
K 0 -7 60
A D 1 8 0
A P 1 226 0
A P 1 198 0
J N 6 508 28 5 5185 288 1 244
K 0 -35 43
K 0 0 43
K 0 -35 60
K 0 -7 60
A D 1 8 0
A P 1 226 0
A P 1 198 0
H 244 B -42 0 108 3 2 1 3
J B 374 541 1 82 6913 288 0
J N 8 568 7 7 1 0 1 245
K -14 0 64
K 0 0 42
K 0 79 111
K 12 79 110
K 0 0 60
K 0 21 60
A D 4 8 1
A P 1 215 1
J B 375 694 1 82 6913 1152 0
J N 6 719 7 3 1 0 2 246 245
k -14 0 64
K 0 0 43
A D 1 8 0
A P 1 215 0
H 245 T 7 0 0 0 0 0 1 0
J N 6 759 7 3 1729 288 1 246
K -14 0 64
K 0 0 43
A D 1 8 0
A P 1 215 0
J N 6 790 7 2 3457 288 1 246
K 0 0 43
A D 1 8 0
A P 1 215 0
J N 6 821 7 2 5185 288 1 246
K 0 0 43
A D 1 8 0
A P 1 215 0
H 246 B -49 0 108 4 2 1 1 3
J B 376 854 1 82 6913 288 0
J N 8 878 21 8 1 0 2 247 248
K 0 -21 42
K 0 0 42
K 0 65 111
K 12 65 110
K 0 -21 60
K 0 0 60
K 0 21 60
A D 4 8 1
A P 1 220 1
A P 1 203 1
J B 377 1004 1 82 6913 1152 0
J N 6 1025 21 4 1 0 3 249 247 248
K 0 -21 43
K 0 0 43
K 0 -21 60
A D 1 8 0
A P 1 220 0
A P 1 203 0
H 247 T 0 0 0 0 0 0 5 0
H 248 T 21 0 0 0 0 0 11 0
J N 6 1055 21 4 1729 288 1 249
K 0 -21 43
K 0 0 43
K 0 -21 60
A D 1 8 0
A P 1 220 0
A P 1 203 0
J N 6 1085 21 4 3457 288 1 249
K 0 -21 43
K 0 0 43
K 0 -21 60
A D 1 8 0
A P 1 220 0
A P 1 203 0
J N 6 1115 21 4 5185 288 1 249
K 0 -21 43
K 0 0 43
K 0 -21 60
A D 1 8 0
A P 1 220 0
A P 1 203 0
H 249 B -42 0 108 4 2 1 1 3
J B 378 1148 1 82 6913 288 0
J N 8 1171 21 8 1 0 2 250 251
K 0 -28 42
K 0 0 42
K 0 65 111
K 12 65 110
K 0 -28 60
K 0 0 60
K 0 21 60
A D 4 8 1
A P 1 226 1
A P 1 203 1
J B 379 1294 1 82 6913 1152 0
J N 6 1319 21 4 1 0 3 252 250 251
K 0 -28 43
K 0 0 43
K 0 -28 60
A D 1 8 0
A P 1 226 0
A P 1 203 0
H 250 T -7 0 0 0 0 0 1 0
H 251 T 21 0 0 0 0 0 11 0
J N 6 1359 21 4 1729 288 1 252
K 0 -28 43
K 0 0 43
K 0 -28 60
A D 1 8 0
A P 1 226 0
A P 1 203 0
J N 6 1389 21 4 3457 288 1 252
K 0 -28 43
K 0 0 43
K 0 -28 60
A D 1 8 0
A P 1 226 0
A P 1 203 0
J N 6 1419 21 4 5185 288 1 252
K 0 -28 43
K 0 0 43
K 0 -28 60
A D 1 8 0
A P 1 226 0
A P 1 203 0
H 252 B -42 0 108 4 2 1 1 3
J B 380 1452 1 82 6913 288 0
J N 8 1476 21 13 1 0 2 253 254
K 0 -35 45
K -15 -35 65
K 0 -35 42
K -1 -35 45
K 2 -35 45
K 0 0 42
K 0 65 111
K 12 65 110
K 0 -35 60
K 0 -7 60
K 0 0 60
K 0 21 60
A D 4 8 1
A P 1 231 1
A P 1 203 1
J B 381 1599 1 82 6913 1152 0
J N 6 1620 21 8 1 0 3 255 253 254
K 0 -35 45
K 0 -35 43
K -1 -35 45
K 2 -35 45
K 0 0 43
K 0 -35 60
K 0 -7 60
A D 1 8 0
A P 1 231 0
A P 1 203 0
H 253 T -14 0 0 0 0 0 5 0
H 254 T 21 0 0 0 0 0 11 0
J N 6 1650 21 8 1729 288 1 255
K 0 -35 45
K 0 -35 43
K -1 -35 45
K 2 -35 45
K 0 0 43
K 0 -35 60
K 0 -7 60
A D 1 8 0
A P 1 231 0
A P 1 203 0
J N 6 1680 21 8 3457 288 1 255
K 0 -35 45
K 0 -35 43
K -1 -35 45
K 2 -35 45
K 0 0 43
K 0 -35 60
K 0 -7 60
A D 1 8 0
A P 1 231 0
A P 1 203 0
J N 6 1710 21 8 5185 288 1 255
K 0 -35 45
K 0 -35 43
K -1 -35 45
K 2 -35 45
K 0 0 43
K 0 -35 60
K 0 -7 60
A D 1 8 0
A P 1 231 0
A P 1 203 0
H 255 B -42 0 108 4 2 1 1 3
J B 382 1743 1 82 6913 288 0
J N 8 1778 14 8 1 0 0
K -26 0 65
K 0 0 42
K 0 78 110
K 19 78 110
K 0 0 60
K 0 23 60
K -17 42 125
A D 4 8 0
A P 1 208 0
J B 383 1908 1 82 6913 1152 0
J N 8 1943 14 6 1 0 0
K -26 0 65
K 0 0 42
K 0 0 60
K 0 23 60
K -17 42 125
A D 4 8 0
A P 1 208 0
J B 384 2050 1 82 6913 1152 0
E *
L 1252 0 0 339 339 * 0 14 0
J D 0 -94 42 1 6913 0 0
W 0 0 31 Vla
J C 13 5 28 35 6913 0 0
J K -3 57 0 3 6913 0 0
K 0 35 65
K 13 14 65
K 26 42 65
J D 0 64 -14 1 6913 0 0
W 0 0 0 \03\07\01
J R 6 139 28 2 1 0 0
K 0 0 49
A D 1 8 0
A P 1 0 0
J N 6 179 0 2 1729 288 1 198
K 0 0 43
A D 1 8 0
A P 1 186 0
J N 6 210 0 2 3457 288 1 198
K 0 0 43
A D 1 8 0
A P 1 186 0
J N 6 241 0 2 5185 288 1 198
K 0 0 43
A D 1 8 0
A P 1 186 0
H 198 B -46 0 108 3 2 1 3
J B 372 274 1 82 6913 288 0
J N 7 297 0 4 1 0 0
K 0 0 43
K 0 0 60
K 0 21 60
A D 2 8 0
A P 1 186 0
J R 7 341 28 2 3457 576 0
K 0 0 48
A D 2 8 0
A P 1 0 0
J B 373 385 1 82 6913 576 0
J R 6 406 28 2 1 0 0
K 0 0 49
A D 1 8 0
A P 1 0 0
J N 6 446 49 2 1729 288 1 199
K 0 0 43
A D 1 8 0
A P 1 146 0
J N 6 477 49 2 3457 288 1 199
K 0 0 43
A D 1 8 0
A P 1 146 0
J N 6 508 49 2 5185 288 1 199
K 0 0 43
A D 1 8 0
A P 1 146 0
H 199 B 49 0 108 3 2 1 3
J B 374 541 1 82 6913 288 0
J N 8 568 0 6 1 0 1 200
K 0 0 42
K 0 86 111
K 12 86 110
K 0 0 60
K 0 21 60
A D 4 8 1
A P 1 186 1
J B 375 694 1 82 6913 1152 0
J N 6 719 0 2 1 0 2 201 200
K 0 0 43
A D 1 8 0
A P 1 186 0
H 200 T 0 0 0 0 0 0 5 0
J N 6 759 0 2 1729 288 1 201
K 0 0 43
A D 1 8 0
A P 1 186 0
J N 6 790 0 2 3457 288 1 201
K 0 0 43
A D 1 8 0
A P 1 186 0
J N 6 821 0 2 5185 288 1 201
K 0 0 43
A D 1 8 0
A P 1 186 0
H 201 B -46 0 108 4 2 1 1 3
J B 376 854 1 82 6913 288 0
J N 8 878 7 6 1 0 1 202
K 0 0 42
K 0 79 111
K 12 79 110
K 0 0 60
K 0 21 60
A D 4 8 1
A P 1 180 1
J B 377 1004 1 82 6913 1152 0
J N 6 1025 7 2 1 0 2 203 202
K 0 0 43
A D 1 8 0
A P 1 180 0
H 202 T 7 0 0 0 0 0 1 0
J N 6 1055 7 2 1729 288 1 203
K 0 0 43
A D 1 8 0
A P 1 180 0
J N 6 1085 7 2 3457 288 1 203
K 0 0 43
A D 1 8 0
A P 1 180 0
J N 6 1115 7 2 5185 288 1 203
K 0 0 43
A D 1 8 0
A P 1 180 0
H 203 B -49 0 108 4 2 1 1 3
J B 378 1148 1 82 6913 288 0
J N 8 1171 28 6 1 0 1 204
K 0 0 42
K 0 67 111
K 12 67 110
K 0 0 60
K 0 21 60
A D 4 8 1
A P 1 163 1
J B 379 1294 1 82 6913 1152 0
J N 6 1319 28 2 1 0 2 205 204
K 0 0 43
A D 1 8 0
A P 1 163 0
H 204 T 28 0 0 0 0 0 5 0
J N 6 1359 28 2 1729 288 1 205
K 0 0 43
A D 1 8 0
A P 1 163 0
J N 6 1389 28 2 3457 288 1 205
K 0 0 43
A D 1 8 0
A P 1 163 0
J N 6 1419 28 2 5185 288 1 205
K 0 0 43
A D 1 8 0
A P 1 163 0
H 205 B -42 0 108 4 2 1 1 3
J B 380 1452 1 82 6913 288 0
J N 8 1476 42 7 1 0 1 206
K -15 0 65
K 0 0 42
K 0 50 111
K 12 50 110
K 0 0 59
K 0 -21 59
A D 4 8 1
A P 1 151 1
J B 381 1599 1 82 6913 1152 0
J N 6 1620 42 2 1 0 2 207 206
K 0 0 43
A D 1 8 0
A P 1 151 0
H 206 T 42 0 0 0 0 0 13 0
J N 6 1650 42 2 1729 288 1 207
K 0 0 43
A D 1 8 0
A P 1 151 0
J N 6 1680 42 2 3457 288 1 207
K 0 0 43
A D 1 8 0
A P 1 151 0
J N 6 1710 42 2 5185 288 1 207
K 0 0 43
A D 1 8 0
A P 1 151 0
H 207 B 46 0 108 4 2 1 1 3
J B 382 1743 1 82 6913 288 0
J N 6 1778 42 5 1 0 0
K 0 0 43
K 0 44 110
K 19 44 110
K 0 0 53
A D 1 8 0
A P 1 151 0
J N 6 1815 -7 2 1729 288 1 208
K 0 0 43
A D 1 8 0
A P 1 191 0
J N 6 1845 -7 2 3457 288 1 208
K 0 0 43
A D 1 8 0
A P 1 191 0
J N 6 1875 -7 2 5185 288 1 208
K 0 0 43
A D 1 8 0
A P 1 191 0
H 208 B -49 0 108 3 2 1 3
J B 383 1908 1 82 6913 288 0
J N 8 1943 -7 6 1 0 0
K 0 0 42
K 0 17 60
K 0 0 60
K 0 16 60
K -17 35 125
A D 4 8 0
A P 1 191 0
J B 384 2050 1 82 6913 1152 0
E *
L 1387 0 0 339 339 * 0 14 0
J D 0 -75 42 1 6913 0 0
W 0 -21 31 Vc
J D 0 -75 42 1 6913 0 0
W 0 21 31 Cb
J C 22 5 14 36 6913 0 0
J K -3 57 0 3 6913 0 0
K 0 42 65
K 13 21 65
K 26 49 65
J D 0 64 -14 1 6913 0 0
W 0 0 0 \03\07\01
J R 6 139 28 2 1 0 0
K 0 0 49
A D 1 8 0
A P 1 0 0
J N 6 179 56 2 1729 288 1 117
K 0 0 43
A D 1 8 0
A P 1 106 0
J N 6 210 56 2 3457 288 1 117
K 0 0 43
A D 1 8 0
A P 1 106 0
J N 6 241 56 2 5185 288 1 117
K 0 0 43
A D 1 8 0
A P 1 106 0
H 117 B 46 0 108 3 2 1 3
J B 372 274 1 82 6913 288 0
J N 7 297 35 4 1 0 0
K 0 0 43
K 0 0 59
K 0 -21 59
A D 2 8 0
A P 1 123 0
J R 7 341 28 2 3457 576 0
K 0 0 48
A D 2 8 0
A P 1 0 0
J B 373 385 1 82 6913 576 0
J R 6 406 28 2 1 0 0
K 0 0 49
A D 1 8 0
A P 1 0 0
J N 6 446 56 2 1729 288 1 118
K 0 0 43
A D 1 8 0
A P 1 106 0
J N 6 477 56 2 3457 288 1 118
K 0 0 43
A D 1 8 0
A P 1 106 0
J N 6 508 56 2 5185 288 1 118
K 0 0 43
A D 1 8 0
A P 1 106 0
H 118 B 46 0 108 3 2 1 3
J B 374 541 1 82 6913 288 0
J N 8 568 35 6 1 0 1 119
K 0 0 42
K 0 51 111
K 12 51 110
K 0 0 59
K 0 -21 59
A D 4 8 1
A P 1 123 1
J B 375 694 1 82 6913 1152 0
J N 6 719 35 2 1 0 2 120 119
K 0 0 43
A D 1 8 0
A P 1 123 0
H 119 T 35 0 0 0 0 0 9 0
J N 6 759 35 2 1729 288 1 120
K 0 0 43
A D 1 8 0
A P 1 123 0
J N 6 790 35 2 3457 288 1 120
K 0 0 43
A D 1 8 0
A P 1 123 0
J N 6 821 35 2 5185 288 1 120
K 0 0 43
A D 1 8 0
A P 1 123 0
H 120 B 42 0 108 4 2 1 1 3
J B 376 854 1 82 6913 288 0
J N 8 878 49 7 1 0 1 121
K -15 0 65
K 0 0 42
K 0 49 111
K 12 49 110
K 0 0 59
K 0 -21 59
A D 4 8 1
A P 1 111 1
J B 377 1004 1 82 6913 1152 0
J N 6 1025 49 2 1 0 2 122 121
K 0 0 43
A D 1 8 0
A P 1 111 0
H 121 T 49 0 0 0 0 0 9 0
J N 6 1055 49 2 1729 288 1 122
K 0 0 43
A D 1 8 0
A P 1 111 0
J N 6 1085 49 2 3457 288 1 122
K 0 0 43
A D 1 8 0
A P 1 111 0
J N 6 1115 49 2 5185 288 1 122
K 0 0 43
A D 1 8 0
A P 1 111 0
H 122 B 49 0 108 4 2 1 1 3
J B 378 1148 1 82 6913 288 0
J N 8 1171 21 7 1 0 1 123
K -14 0 64
K 0 0 42
K 0 71 111
K 12 71 110
K 0 0 60
K 0 21 60
A D 4 8 1
A P 1 135 1
J B 379 1294 1 82 6913 1152 0
J N 6 1319 21 3 1 0 2 124 123
k -14 0 64
K 0 0 43
A D 1 8 0
A P 1 135 0
H 123 T 21 0 0 0 0 0 1 0
J N 6 1359 21 3 1729 288 1 124
K -14 0 64
K 0 0 43
A D 1 8 0
A P 1 135 0
J N 6 1389 21 2 3457 288 1 124
K 0 0 43
A D 1 8 0
A P 1 135 0
J N 6 1419 21 2 5185 288 1 124
K 0 0 43
A D 1 8 0
A P 1 135 0
H 124 B -42 0 108 4 2 1 1 3
J B 380 1452 1 82 6913 288 0
J N 8 1476 14 6 1 0 1 125
K 0 0 42
K 0 72 111
K 12 72 110
K 0 0 60
K 0 21 60
A D 4 8 1
A P 1 140 1
J B 381 1599 1 82 6913 1152 0
J N 6 1620 14 2 1 0 2 126 125
K 0 0 43
A D 1 8 0
A P 1 140 0
H 125 T 14 0 0 0 0 0 5 0
J N 6 1650 14 2 1729 288 1 126
K 0 0 43
A D 1 8 0
A P 1 140 0
J N 6 1680 14 2 3457 288 1 126
K 0 0 43
A D 1 8 0
A P 1 140 0
J N 6 1710 14 2 5185 288 1 126
K 0 0 43
A D 1 8 0
A P 1 140 0
H 126 B -46 0 108 4 2 1 1 3
J B 382 1743 1 82 6913 288 0
J N 6 1778 63 5 1 0 0
K 0 0 43
K 0 37 110
K 19 37 110
K 0 0 53
A D 1 8 0
A P 1 100 0
J N 6 1815 14 2 1729 288 1 127
K 0 0 43
A D 1 8 0
A P 1 140 0
J N 6 1845 14 2 3457 288 1 127
K 0 0 43
A D 1 8 0
A P 1 140 0
J N 6 1875 14 2 5185 288 1 127
K 0 0 43
A D 1 8 0
A P 1 140 0
H 127 B -46 0 108 3 2 1 3
J B 383 1908 1 82 6913 288 0
J N 8 1943 14 5 1 0 0
K 0 0 42
K 0 0 60
K 0 23 60
K -17 42 125
A D 4 8 0
A P 1 140 0
J B 384 2050 1 82 6913 1152 0
E *
B 1 274 0
B 1 385 0
B 1 541 0
B 1 694 0
B 1 854 0
B 1 1004 0
B 1 1148 0
B 1 1294 0
B 1 1452 0
B 1 1599 0
B 1 1743 0
B 1 1908 0
B 1 2050 0
