L 0 0 21 !39Violoncello
J D 4 500 -120 1 6913 0 0
W 0 0 44 
J D 1 112 -56 1 6913 0 0
W 0 -84 44 :  Violoncello
J C 22 7 21 36 6913 0 0
J K -4 85 0 4 6913 0 0
K 0 63 65
K 19 31 65
K 38 73 65
K 57 42 65
J D 5 185 -60 1 6913 0 0
W 0 0 37 Andante con moto
J T 308 199 0 2 6913 0 0
K -15 42 74
K -15 84 79
J D 0 258 0 1 1 0 0
W 0 168 31 !1p !33dolce
J N 5 258 31 3 1 0 2 1 2
K 0 0 43
K 38 0 44
A D 9 96
J N 4 316 0 2 5185 216 2 2 1
K 0 0 43
A D 3 96
H 2 B 1 0 112 2 22 533
H 1 S 0 0 0 0 0 0 0 0 0
J B 1 357 1 82 6913 72 0
J N 6 389 -21 6 1 0 1 3
K 0 0 45
K 0 0 43
K -1 0 45
K 6 0 45
K 0 -26 96
A D 12 96
J N 5 434 -21 6 2305 288 2 4 3
K 0 0 45
K 0 0 43
K -1 0 45
K 6 0 45
K 36 -9 44
A D 9 96
J N 4 490 -11 2 4033 216 1 3
K 0 0 43
A D 3 96
J N 5 525 0 3 4609 72 1 3
K 0 0 43
K 36 -9 44
A D 9 96
J N 4 581 -21 5 6337 216 2 3 4
K 0 0 45
K 0 0 43
K -1 0 45
K 6 0 45
A D 3 96
H 3 B 1 0 112 5 2 21 511 11 533
H 4 S 0 0 0 0 0 0 0 0 0
J B 2 622 1 82 6913 72 0
J N 6 654 21 3 1 0 1 5
K 0 0 43
K 0 0 54
A D 12 96
J N 5 699 21 3 2305 288 3 6 7 5
K 0 0 43
K 36 -9 44
A D 9 96
H 5 T 21 0 0 0 0 0 5 0
J N 4 766 0 3 4033 216 1 7
K -22 0 64
K 0 0 43
A D 3 96
J N 5 806 -11 3 4609 72 1 7
K 0 0 43
K 38 0 44
A D 9 96
J N 4 864 -21 5 6337 216 2 7 6
K 0 0 45
K 0 0 43
K -1 0 45
K 6 0 45
A D 3 96
H 7 B 1 0 112 4 22 511 11 533
H 6 S 0 0 0 0 0 0 0 0 0
J B 3 905 1 82 6913 72 0
J N 5 937 -32 6 1 0 2 8 9
K 0 11 45
K 0 0 43
K 0 11 45
K 2 11 45
K 38 0 44
A D 9 96
J N 4 995 -21 5 1729 216 1 9
K 0 0 45
K 0 0 43
K -1 0 45
K 6 0 45
A D 3 96
J N 5 1030 -11 3 2305 72 1 9
K 0 0 43
K 38 0 44
A D 9 96
J N 4 1088 -32 5 4033 216 1 9
K 0 11 45
K 0 0 43
K 0 11 45
K 2 11 45
A D 3 96
J N 5 1123 10 3 4609 72 1 9
K 0 0 43
K 38 0 44
A D 9 96
J N 4 1181 -11 2 6337 216 2 9 8
K 0 0 43
A D 3 96
H 9 B 1 0 112 6 22 511 11 511 11 533
H 8 S 0 0 0 0 0 0 0 0 0
J B 4 1222 1 82 6913 72 0
J N 5 1259 31 4 1 0 2 10 11
K -22 0 64
K 0 0 43
K 38 0 44
A D 9 96
J N 4 1317 10 2 1729 216 2 11 10
K 0 0 43
A D 3 96
H 11 B 1 0 112 2 22 533
H 10 S 0 0 0 0 0 0 0 0 0
J N 6 1357 -21 5 2305 72 3 12 13 14
K 0 0 45
K 0 0 43
K -1 0 45
K 6 0 45
A D 12 96
J N 5 1402 -21 6 4609 288 2 14 12
K 0 0 45
K 0 0 43
K -1 0 45
K 6 0 45
K 36 -9 44
A D 9 96
H 12 T -21 0 0 0 0 0 5 0
J N 4 1458 -11 2 6337 216 2 14 13
K 0 0 43
A D 3 96
H 14 B 1 0 112 3 2 21 533
H 13 S 0 0 0 0 0 0 0 0 0
J B 5 1499 1 82 6913 72 0
J N 5 1536 0 4 1 0 2 15 16
K -22 0 64
K 0 0 43
K 36 -9 44
A D 9 96
J N 4 1578 21 2 1729 216 2 16 15
K 0 0 43
A D 3 96
H 16 B 1 0 112 2 22 533
H 15 S 0 0 0 0 0 0 0 0 0
J N 6 1618 -11 3 2305 72 2 17 18
K 0 0 43
K 38 0 44
A D 18 96
J N 5 1676 -32 5 5761 432 2 18 17
K 0 11 45
K 0 0 43
K 0 11 45
K 2 11 45
A D 6 96
H 18 B 1 0 112 2 2 53
H 17 S 0 0 0 0 0 0 0 0 0
J B 6 1717 1 82 6913 144 0
J N 5 1749 10 3 1 0 2 19 20
K 0 0 43
K 38 0 44
A D 9 96
J N 4 1791 31 2 1729 216 2 20 19
K 0 0 43
A D 3 96
H 20 B 1 0 112 2 22 533
H 19 S 0 0 0 0 0 0 0 0 0
J N 6 1831 0 3 2305 72 1 21
K -23 0 65
K 0 0 43
A D 12 96
J N 5 1876 0 3 4609 288 2 22 21
K 0 0 43
K 36 -9 44
A D 9 96
J N 4 1932 -21 5 6337 216 2 21 22
K 0 0 45
K 0 0 43
K -1 0 45
K 6 0 45
A D 3 96
H 21 B 1 0 112 3 2 21 533
H 22 S 0 0 0 0 0 0 0 0 0
J B 7 1973 1 82 6913 72 0
J N 7 2005 -42 10 1 0 0
K 0 21 45
K 0 0 45
K 0 0 43
K -1 0 45
K 6 0 45
K 36 -9 44
K 0 178 110
K 0 0 60
K 0 42 60
A D 36 96
J B 8 2092 1 82 6913 864 0
J N 6 2124 -21 7 1 0 0
K 0 0 45
K 0 0 43
K -1 0 45
K 6 0 45
K 0 157 108
K 0 0 54
A D 12 96
J R 6 2169 42 2 2305 288 0
K 0 0 49
A D 12 96
J N 5 2214 52 3 4609 288 2 23 24
K 0 0 43
K 38 0 44
A D 9 96
J N 4 2256 73 2 6337 216 2 24 23
K 0 0 43
A D 3 96
H 24 B 0 0 112 2 22 533
H 23 S 12 0 0 0 0 0 0 0 0
J B 9 2297 1 82 6913 72 0
J N 7 2329 105 9 1 0 1 25
K 1 0 45
K 0 0 43
K -1 0 45
K 6 0 45
K 36 -9 44
K 0 62 110
K 0 0 59
K 0 -32 59
A D 36 96
J B 10 2416 1 82 6913 864 0
J N 6 2448 73 4 1 0 1 25
K 0 0 43
K 0 63 108
K 0 0 53
A D 12 96
H 25 S 12 0 0 0 0 0 0 0 0
J R 6 2500 42 2 2305 288 0
K 0 0 49
A D 12 96
J R 6 2545 42 2 4609 288 0
K 0 0 49
A D 12 96
J B 11 2596 1 82 6913 288 0
J S 4 2641 31 8 5 288 0
K 0 0 62
K 0 5 62
K 0 11 92
K 30 11 92
K 60 11 92
K 90 0 62
K 90 5 62
K 30 11 76
J B 16 2776 1 82 6913 1 0
J N 7 2808 21 6 1 0 0
K 0 0 43
K 36 -9 44
K 0 115 108
K 0 0 60
K 0 31 60
A D 36 96
J B 17 2895 1 82 6913 864 0
J D 0 2927 0 1 1 0 0
W 0 168 33 cresc.
J N 7 2927 52 5 1 0 0
K 0 0 43
K 38 0 44
K 0 0 59
K 0 -31 59
A D 36 96
J B 18 3014 1 82 6913 864 0
J N 6 3046 31 3 1 0 1 26
K 0 0 43
K 0 115 110
A D 12 96
J N 6 3091 31 2 2305 288 1 26
K 0 0 43
A D 12 96
J N 6 3136 31 2 4609 288 2 27 26
K 0 0 43
A D 12 96
H 26 B 1 0 112 3 2 1 3
J B 19 3187 1 82 6913 288 0
J N 6 3219 73 4 1 0 1 27
K 0 0 43
K 0 52 108
K 0 0 53
A D 12 96
H 27 S 0 0 0 0 0 0 0 0 0
J R 6 3271 42 2 2305 288 0
K 0 0 49
A D 12 96
J R 6 3316 42 2 4609 288 0
K 0 0 49
A D 12 96
J B 20 3367 1 82 6913 288 0
J R 6 3399 42 2 1 0 0
K 0 0 49
A D 12 96
J R 6 3444 42 2 2305 288 0
K 0 0 49
A D 12 96
J N 6 3489 31 4 4609 288 1 28
K 0 0 43
K 0 115 110
K 0 0 54
A D 12 96
J B 21 3540 1 82 6913 288 0
J N 5 3572 73 3 1 0 1 28
K 0 0 43
K 0 0 55
A D 6 96
H 28 S 0 0 0 0 0 0 0 0 0
J R 5 3624 42 3 1153 144 0
K 0 21 49
K 6 0 50
A D 6 96
J N 5 3665 73 4 2305 144 0
K 0 0 43
K 0 52 108
K 0 0 55
A D 6 96
J R 5 3717 42 3 3457 144 0
K 0 21 49
K 6 0 50
A D 6 96
J N 5 3758 73 3 4609 144 0
K 0 0 43
K 0 0 55
A D 6 96
J R 5 3810 42 3 5761 144 0
K 0 21 49
K 6 0 50
A D 6 96
J B 22 3857 1 82 6913 144 0
J N 6 3889 73 3 1 0 0
K 0 0 43
K 0 0 53
A D 12 96
J R 6 3941 42 2 2305 288 0
K 0 0 49
A D 12 96
J R 6 3986 42 2 4609 288 0
K 0 0 49
A D 12 96
J B 23 4037 1 82 6913 288 0
J D 0 4069 0 1 1 0 0
W 0 -52 31 pizz.
J N 6 4069 0 2 1 0 1 29
K 0 0 43
A D 12 96
J N 6 4114 0 2 2305 288 1 29
K 0 0 43
A D 12 96
J N 6 4159 31 2 4609 288 1 29
K 0 0 43
A D 12 96
H 29 B 1 0 112 3 2 1 3
J B 24 4210 1 82 6913 288 0
J N 6 4242 73 3 1 0 0
K 0 0 43
K 0 0 53
A D 12 96
J R 6 4294 42 2 2305 288 0
K 0 0 49
A D 12 96
J R 6 4339 42 2 4609 288 0
K 0 0 49
A D 12 96
J B 25 4390 1 82 6913 288 0
J N 6 4422 0 2 1 0 1 30
K 0 0 43
A D 12 96
J N 6 4467 0 2 2305 288 1 30
K 0 0 43
A D 12 96
J N 6 4512 0 2 4609 288 1 30
K 0 0 43
A D 12 96
H 30 B 1 0 112 3 2 1 3
J B 26 4563 1 82 6913 288 0
J N 7 4595 0 4 1 0 0
K 0 0 43
K 0 0 60
K 0 31 60
A D 24 96
J R 6 4658 42 2 4609 576 0
K 0 0 49
A D 12 96
J B 27 4709 1 82 6913 288 0
J S 4 4754 31 8 2 288 0
K 0 0 62
K 0 5 62
K 0 11 92
K 30 11 92
K 60 11 92
K 90 0 62
K 90 5 62
K 30 11 73
J B 29 4889 1 82 6913 1 0
J D 0 4921 0 1 1 0 0
W 0 -52 31 arco
J N 7 4921 73 7 1 0 0
K 0 0 43
K 38 0 44
K 0 52 110
K 30 52 110
K 0 0 59
K 0 -31 59
A D 36 96
J B 30 5008 1 82 6913 864 0
J N 6 5040 84 3 1 0 1 31
K 0 0 43
K 0 26 96
A D 12 96
J N 6 5085 84 3 2305 288 1 31
K 0 0 43
K 0 26 96
A D 12 96
J N 6 5130 84 3 4609 288 1 31
K 0 0 43
K 0 26 96
A D 12 96
H 31 B 0 0 112 3 2 1 3
J B 31 5181 1 82 6913 288 0
J N 6 5213 52 2 1 0 1 32
K 0 0 43
A D 12 96
J N 6 5258 126 6 2305 288 1 32
K 1 -21 45
K 1 0 45
K 0 0 43
K -1 0 45
K 6 0 45
A D 12 96
H 32 B 0 0 112 2 2 3
J R 6 5303 42 2 4609 288 0
K 0 0 49
A D 12 96
J B 32 5354 1 82 6913 288 0
J D 0 5386 0 1 1 0 0
W 0 168 33 sempre !1ff
J N 6 5386 52 2 1 0 1 33
K 0 0 43
A D 12 96
J N 6 5431 52 2 2305 288 1 33
K 0 0 43
A D 12 96
J N 6 5476 84 2 4609 288 1 33
K 0 0 43
A D 12 96
H 33 B 0 0 112 3 2 1 3
J B 33 5527 1 82 6913 288 0
J N 7 5559 52 4 1 0 0
K 0 0 43
K 0 0 59
K 0 -31 59
A D 24 96
J N 5 5622 52 3 4609 576 1 34
K 0 0 43
K 38 0 44
A D 9 96
J N 4 5680 52 2 6337 216 1 34
K 0 0 43
A D 3 96
H 34 B 0 0 112 2 22 533
J B 34 5721 1 82 6913 72 0
J N 6 5753 52 2 1 0 1 35
K 0 0 43
A D 12 96
J N 6 5798 52 2 2305 288 1 35
K 0 0 43
A D 12 96
J N 6 5843 52 2 4609 288 1 35
K 0 0 43
A D 12 96
H 35 B 0 0 112 3 2 1 3
J B 35 5894 1 82 6913 288 0
J N 7 5926 52 6 1 0 0
K 0 0 43
K 0 73 111
K 18 73 110
K 0 0 59
K 0 -31 59
A D 24 96
J N 5 5989 52 3 4609 576 1 36
K 0 0 43
K 38 0 44
A D 9 96
J N 4 6047 52 2 6337 216 1 36
K 0 0 43
A D 3 96
H 36 B 0 0 112 2 22 533
J B 36 6088 1 82 6913 72 0
J N 7 6120 52 6 1 0 0
K 0 0 43
K 0 73 111
K 18 73 110
K 0 0 59
K 0 -31 59
A D 24 96
J N 5 6183 52 3 4609 576 1 37
K 0 0 43
K 38 0 44
A D 9 96
J N 4 6241 52 2 6337 216 1 37
K 0 0 43
A D 3 96
H 37 B 0 0 112 2 22 533
J B 37 6282 1 82 6913 72 0
J N 6 6314 52 3 1 0 0
K 0 0 43
K 0 0 53
A D 12 96
J R 6 6366 42 2 2305 288 0
K 0 0 49
A D 12 96
J R 6 6411 42 2 4609 288 0
K 0 0 49
A D 12 96
J B 38 6462 1 82 6913 288 0
J S 6 6533 42 46 0 0 0
J B 39 6644 1 82 6913 1 0
J R 6 6676 42 2 1 0 0
K 0 0 49
A D 12 96
J N 7 6732 105 10 2305 288 0
K 1 0 45
K -22 0 64
K 0 0 43
K -1 0 45
K 6 0 45
K 0 52 108
K 34 52 108
K 0 0 59
K 0 -32 59
A D 24 96
J B 40 6801 1 82 6913 576 0
J R 6 6833 42 2 1 0 0
K 0 0 49
A D 12 96
J N 7 6889 105 8 2305 288 1 38
K 1 0 45
K -22 0 64
K 0 0 43
K -1 0 45
K 6 0 45
K 0 0 59
K 0 -32 59
A D 24 96
J B 41 6958 1 82 6913 576 0
J D 0 6990 0 1 1 0 0
W 0 168 33 sempre !1p
J N 7 6990 105 9 1 0 2 39 38
K 1 0 45
k -22 0 64
K 0 0 43
K -1 0 45
K 6 0 45
K 36 -9 44
K 0 0 59
K 0 -32 59
A D 36 96
H 38 T 105 0 0 0 0 0 13 0
J B 42 7077 1 82 6913 864 0
J N 7 7114 105 9 1 0 2 40 39
K 1 0 45
k -22 0 64
K 0 0 43
K -1 0 45
K 6 0 45
K 36 -9 44
K 0 0 59
K 0 -32 59
A D 36 96
H 39 T 105 0 0 0 0 0 13 0
J B 43 7201 1 82 6913 864 0
J N 7 7233 105 9 1 0 2 41 40
K 1 0 45
K -23 0 65
K 0 0 43
K -1 0 45
K 6 0 45
K 36 -9 44
K 0 0 59
K 0 -32 59
A D 36 96
H 40 S 12 0 0 0 0 0 0 0 0
J B 44 7320 1 82 6913 864 0
J N 7 7352 115 9 1 0 0
K 1 -10 45
K -22 0 64
K 0 0 43
K 0 -10 45
K 2 -10 45
K 38 0 44
K 0 0 59
K 0 -31 59
A D 36 96
J B 45 7439 1 82 6913 864 0
J N 7 7471 115 9 1 0 0
K 1 -10 45
K -23 0 65
K 0 0 43
K 0 -10 45
K 2 -10 45
K 38 0 44
K 0 0 59
K 0 -31 59
A D 36 96
J B 46 7558 1 82 6913 864 0
J N 7 7590 126 9 1 0 0
K 1 -21 45
K 1 0 45
K 0 0 43
K -1 0 45
K 6 0 45
K 36 -9 44
K 0 0 59
K 0 -42 59
A D 36 96
J B 47 7677 1 82 6913 864 0
J D 0 7709 0 1 1 0 0
W 0 168 33 cresc.
J N 7 7709 115 8 1 0 1 41
K 1 -10 45
K 0 0 43
K 0 -10 45
K 2 -10 45
K 38 0 44
K 0 0 59
K 0 -31 59
A D 36 96
H 41 S 12 0 0 0 0 0 0 0 0
J B 48 7796 1 82 6913 864 0
J N 6 7828 105 8 1 0 0
K 1 0 45
K 0 0 43
K -1 0 45
K 6 0 45
K 0 26 96
K 0 78 110
K 0 0 53
A D 12 96
J N 6 7885 31 5 2305 288 0
K 0 0 43
K 0 -21 96
K 0 115 110
K 0 0 54
A D 12 96
J R 6 7930 42 2 4609 288 0
K 0 0 49
A D 12 96
J B 49 7981 1 82 6913 288 0
J R 6 8013 42 2 1 0 0
K 0 0 49
A D 12 96
J R 6 8058 42 2 2305 288 0
K 0 0 49
A D 12 96
J D 0 8103 0 1 4609 288 0
W 0 168 31 !1p !33dolce
J N 5 8103 31 2 4609 0 2 42 43
K 0 0 43
A D 6 96
J N 5 8143 0 2 5761 144 1 43
K 0 0 43
A D 6 96
H 43 B 1 0 112 2 22 33
J B 50 8184 1 82 6913 144 0
J N 5 8216 -21 5 1 0 1 44
K 0 0 45
K 0 0 43
K -1 0 45
K 6 0 45
A D 6 96
J N 5 8251 -11 2 1153 144 1 44
K 0 0 43
A D 6 96
J N 5 8286 0 2 2305 144 1 44
K 0 0 43
A D 6 96
J N 5 8321 10 2 3457 144 1 44
K 0 0 43
A D 6 96
J N 5 8361 0 2 4609 144 1 44
K 0 0 43
A D 6 96
J N 5 8401 -21 5 5761 144 2 44 42
K 0 0 45
K 0 0 43
K -1 0 45
K 6 0 45
A D 6 96
H 44 B 1 0 112 6 22 11 11 11 11 33
H 42 S 0 0 -21 0 0 1 0 0 0
J B 51 8442 1 82 6913 144 0
J N 5 8474 21 2 1 0 2 45 46
K 0 0 43
A D 6 96
J N 5 8536 0 3 1153 144 1 46
K -22 0 64
K 0 0 43
A D 6 96
J N 5 8576 -11 2 2305 144 1 46
K 0 0 43
A D 6 96
J N 5 8611 0 2 3457 144 1 46
K 0 0 43
A D 6 96
J N 5 8651 -11 2 4609 144 1 46
K 0 0 43
A D 6 96
J N 5 8691 -21 5 5761 144 2 46 45
K 0 0 45
K 0 0 43
K -1 0 45
K 6 0 45
A D 6 96
H 46 B 1 0 112 6 22 11 11 11 11 33
H 45 S 0 0 0 0 0 0 0 0 0
J B 52 8732 1 82 6913 144 0
J N 5 8764 -32 5 1 0 2 47 48
K 0 11 45
K 0 0 43
K 0 11 45
K 2 11 45
A D 6 96
J N 5 8799 -21 5 1153 144 1 48
K 0 0 45
K 0 0 43
K -1 0 45
K 6 0 45
A D 6 96
J N 5 8834 -11 2 2305 144 1 48
K 0 0 43
A D 6 96
J N 5 8874 -32 5 3457 144 1 48
K 0 11 45
K 0 0 43
K 0 11 45
K 2 11 45
A D 6 96
J N 5 8909 10 2 4609 144 1 48
K 0 0 43
A D 6 96
J N 5 8949 -11 2 5761 144 2 48 47
K 0 0 43
A D 6 96
H 48 B 1 0 112 6 22 11 11 11 11 33
H 47 S 0 0 0 0 0 0 0 0 0
J B 53 8990 1 82 6913 144 0
J N 5 9028 31 3 1 0 2 49 50
K -22 0 64
K 0 0 43
A D 6 96
J N 5 9068 10 2 1153 144 1 50
K 0 0 43
A D 6 96
J N 5 9108 -21 5 2305 144 1 50
K 0 0 45
K 0 0 43
K -1 0 45
K 6 0 45
A D 6 96
J N 5 9143 10 2 3457 144 1 50
K 0 0 43
A D 6 96
J N 5 9183 -21 5 4609 144 1 50
K 0 0 45
K 0 0 43
K -1 0 45
K 6 0 45
A D 6 96
J N 5 9218 -11 2 5761 144 2 50 49
K 0 0 43
A D 6 96
H 50 B 1 0 112 6 22 11 11 11 11 33
H 49 S 0 0 -21 0 0 1 0 0 0
J B 54 9259 1 82 6913 144 0
J N 5 9297 0 3 1 0 2 51 52
K -22 0 64
K 0 0 43
A D 6 96
J N 5 9332 21 2 1153 144 1 52
K 0 0 43
A D 6 96
J N 5 9372 -11 2 2305 144 1 52
K 0 0 43
A D 6 96
J N 5 9412 -21 5 3457 144 1 52
K 0 0 45
K 0 0 43
K -1 0 45
K 6 0 45
A D 6 96
J N 5 9452 -32 5 4609 144 1 52
K 0 11 45
K 0 0 43
K 0 11 45
K 2 11 45
A D 6 96
J N 5 9487 -11 2 5761 144 2 52 51
K 0 0 43
A D 6 96
H 52 B 1 0 112 6 22 11 11 11 11 33
H 51 S 0 0 -11 0 -10 0 0 0 0
J B 55 9528 1 82 6913 144 0
J N 5 9560 10 2 1 0 2 53 54
K 0 0 43
A D 6 96
J N 5 9595 31 2 1153 144 1 54
K 0 0 43
A D 6 96
J G 5 9630 -11 3 2305 144 0
K 0 0 171
K 0 0 183
A D 0 96
J N 5 9694 0 3 2305 0 1 54
K -23 0 65
K 0 0 43
A D 6 96
J N 5 9729 10 2 3457 144 1 54
K 0 0 43
A D 6 96
J N 5 9769 0 2 4609 144 1 54
K 0 0 43
A D 6 96
J N 5 9809 -21 5 5761 144 2 54 53
K 0 0 45
K 0 0 43
K -1 0 45
K 6 0 45
A D 6 96
H 54 B 1 0 112 6 22 11 11 11 11 33
H 53 S 0 0 -31 0 0 3 0 0 0
J B 56 9850 1 82 6913 144 0
J N 5 9888 -32 7 1 0 2 55 56
K 0 11 45
K -22 0 64
K 0 0 43
K 0 11 45
K 2 11 45
K 0 168 110
A D 6 96
J N 5 9928 -42 6 1153 144 1 56
K 0 21 45
K 0 0 45
K 0 0 43
K -1 0 45
K 6 0 45
A D 6 96
J N 5 9968 -53 6 2305 144 1 56
K 0 32 45
K 0 11 45
K 0 0 43
K 0 11 45
K 2 11 45
A D 6 96
J N 5 10003 -42 6 3457 144 1 56
K 0 21 45
K 0 0 45
K 0 0 43
K -1 0 45
K 6 0 45
A D 6 96
J N 5 10038 -32 5 4609 144 1 56
K 0 11 45
K 0 0 43
K 0 11 45
K 2 11 45
A D 6 96
J N 5 10078 -42 6 5761 144 2 56 55
K 0 21 45
K 0 0 45
K 0 0 43
K -1 0 45
K 6 0 45
A D 6 96
H 56 B 1 0 112 6 22 11 11 11 11 33
H 55 S 0 0 0 0 0 0 0 0 0
J B 57 10119 1 82 6913 144 0
J N 6 10151 -21 7 1 0 0
K 0 0 45
K 0 0 43
K -1 0 45
K 6 0 45
K 0 157 108
K 0 0 54
A D 12 96
J R 5 10196 42 3 2305 288 0
K 0 21 49
K 6 0 50
A D 6 96
J D 0 10237 0 1 3457 144 0
W 0 168 33 cresc.
J N 5 10237 52 2 3457 0 1 57
K 0 0 43
A D 6 96
J N 5 10277 52 2 4609 144 2 58 57
K 0 0 43
A D 6 96
J N 5 10312 73 2 5761 144 2 57 58
K 0 0 43
A D 6 96
H 57 B 0 0 112 3 22 11 33
H 58 S 12 0 0 0 0 0 0 0 0
J B 58 10353 1 82 6913 144 0
J N 7 10385 105 9 1 0 0
K 1 0 45
K 0 0 43
K -1 0 45
K 6 0 45
K 36 -9 44
K 0 52 110
K 0 0 59
K 0 -32 59
A D 36 96
J B 59 10472 1 82 6913 864 0
J N 6 10504 73 4 1 0 0
K 0 0 43
K 0 52 108
K 0 0 53
A D 12 96
J R 6 10556 42 2 2305 288 0
K 0 0 49
A D 12 96
J R 6 10601 42 2 4609 288 0
K 0 0 49
A D 12 96
J B 60 10652 1 82 6913 288 0
J S 4 10697 31 8 5 288 0
K 0 0 62
K 0 5 62
K 0 11 92
K 30 11 92
K 60 11 92
K 90 0 62
K 90 5 62
K 30 11 76
J B 65 10832 1 82 6913 1 0
J N 7 10864 21 6 1 0 0
K 0 0 43
K 36 -9 44
K 0 115 108
K 0 0 60
K 0 31 60
A D 36 96
J B 66 10951 1 82 6913 864 0
J D 0 10983 0 1 1 0 0
W 0 168 33 cresc.
J N 7 10983 52 5 1 0 0
K 0 0 43
K 38 0 44
K 0 0 59
K 0 -31 59
A D 36 96
J B 67 11070 1 82 6913 864 0
J N 6 11102 31 3 1 0 1 59
K 0 0 43
K 0 115 110
A D 12 96
J N 6 11147 31 2 2305 288 1 59
K 0 0 43
A D 12 96
J N 6 11192 31 2 4609 288 2 60 59
K 0 0 43
A D 12 96
H 59 B 1 0 112 3 2 1 3
J B 68 11243 1 82 6913 288 0
J N 6 11275 73 4 1 0 1 60
K 0 0 43
K 0 52 108
K 0 0 53
A D 12 96
H 60 S 0 0 0 0 0 0 0 0 0
J R 6 11327 42 2 2305 288 0
K 0 0 49
A D 12 96
J R 6 11372 42 2 4609 288 0
K 0 0 49
A D 12 96
J B 69 11423 1 82 6913 288 0
J R 6 11455 42 2 1 0 0
K 0 0 49
A D 12 96
J R 6 11500 42 2 2305 288 0
K 0 0 49
A D 12 96
J N 6 11545 31 4 4609 288 1 61
K 0 0 43
K 0 115 110
K 0 0 54
A D 12 96
J B 70 11596 1 82 6913 288 0
J N 5 11628 73 3 1 0 1 61
K 0 0 43
K 0 0 55
A D 6 96
H 61 S 0 0 0 0 0 0 0 0 0
J R 5 11680 42 3 1153 144 0
K 0 21 49
K 6 0 50
A D 6 96
J N 5 11721 73 4 2305 144 0
K 0 0 43
K 0 52 108
K 0 0 55
A D 6 96
J R 5 11773 42 3 3457 144 0
K 0 21 49
K 6 0 50
A D 6 96
J N 5 11814 73 3 4609 144 0
K 0 0 43
K 0 0 55
A D 6 96
J R 5 11866 42 3 5761 144 0
K 0 21 49
K 6 0 50
A D 6 96
J B 71 11913 1 82 6913 144 0
J N 6 11945 73 3 1 0 0
K 0 0 43
K 0 0 53
A D 12 96
J R 6 11997 42 2 2305 288 0
K 0 0 49
A D 12 96
J R 6 12042 42 2 4609 288 0
K 0 0 49
A D 12 96
J B 72 12093 1 82 6913 288 0
J D 0 12125 0 1 1 0 0
W 0 -52 31 pizz.
J N 6 12125 0 2 1 0 1 62
K 0 0 43
A D 12 96
J N 6 12170 0 2 2305 288 1 62
K 0 0 43
A D 12 96
J N 6 12215 31 2 4609 288 1 62
K 0 0 43
A D 12 96
H 62 B 1 0 112 3 2 1 3
J B 73 12266 1 82 6913 288 0
J N 6 12298 73 3 1 0 0
K 0 0 43
K 0 0 53
A D 12 96
J R 6 12350 42 2 2305 288 0
K 0 0 49
A D 12 96
J R 6 12395 42 2 4609 288 0
K 0 0 49
A D 12 96
J B 74 12446 1 82 6913 288 0
J N 6 12478 73 2 1 0 1 63
K 0 0 43
A D 12 96
J N 6 12523 0 2 2305 288 1 63
K 0 0 43
A D 12 96
J N 6 12568 0 2 4609 288 1 63
K 0 0 43
A D 12 96
H 63 B 1 0 112 3 2 1 3
J B 75 12619 1 82 6913 288 0
J N 6 12651 0 3 1 0 0
K 0 0 43
K 0 0 54
A D 12 96
J R 6 12696 42 2 2305 288 0
K 0 0 49
A D 12 96
J R 6 12741 42 2 4609 288 0
K 0 0 49
A D 12 96
J B 76 12792 1 82 6913 288 0
J S 4 12837 31 8 2 288 0
K 0 0 62
K 0 5 62
K 0 11 92
K 30 11 92
K 60 11 92
K 90 0 62
K 90 5 62
K 30 11 73
J B 78 12972 1 82 6913 1 0
J D 0 13004 0 1 1 0 0
W 0 -52 31 arco
J N 4 13004 73 4 1 0 1 64
K 0 0 43
K 0 52 110
K 30 52 110
A D 3 96
J N 4 13044 73 2 577 72 1 64
K 0 0 43
A D 3 96
J N 4 13084 73 2 1153 72 1 64
K 0 0 43
A D 3 96
J N 4 13124 73 2 1729 72 1 64
K 0 0 43
A D 3 96
H 64 B 0 0 112 4 222 111 111 333
J N 4 13164 73 2 2305 72 1 65
K 0 0 43
A D 3 96
J N 4 13204 73 2 2881 72 1 65
K 0 0 43
A D 3 96
J N 4 13244 73 2 3457 72 1 65
K 0 0 43
A D 3 96
J N 4 13284 73 2 4033 72 1 65
K 0 0 43
A D 3 96
H 65 B 0 0 112 4 222 111 111 333
J N 4 13324 73 2 4609 72 1 66
K 0 0 43
A D 3 96
J N 4 13364 73 2 5185 72 1 66
K 0 0 43
A D 3 96
J N 4 13404 73 2 5761 72 1 66
K 0 0 43
A D 3 96
J N 4 13444 73 2 6337 72 1 66
K 0 0 43
A D 3 96
H 66 B 0 0 112 4 222 111 111 333
J B 79 13485 1 82 6913 72 0
J N 5 13517 84 2 1 0 1 67
K 0 0 43
A D 6 96
J N 4 13557 52 2 1153 144 1 67
K 0 0 43
A D 3 96
J N 4 13619 31 3 1729 72 1 67
K -22 0 64
K 0 0 43
A D 3 96
H 67 B 0 0 112 3 22 211 333
J N 6 13659 10 2 2305 72 1 68
K 0 0 43
A D 12 96
J N 6 13704 84 2 4609 288 1 68
K 0 0 43
A D 12 96
H 68 B 0 0 112 2 2 3
J B 80 13755 1 82 6913 288 0
J N 6 13787 52 2 1 0 1 69
K 0 0 43
A D 12 96
J N 6 13832 126 6 2305 288 1 69
K 1 -21 45
K 1 0 45
K 0 0 43
K -1 0 45
K 6 0 45
A D 12 96
H 69 B 0 0 112 2 2 3
J R 6 13877 42 2 4609 288 0
K 0 0 49
A D 12 96
J B 81 13928 1 82 6913 288 0
J N 6 13960 52 2 1 0 1 70
K 0 0 43
A D 12 96
J N 6 14005 52 2 2305 288 1 70
K 0 0 43
A D 12 96
J N 6 14050 84 2 4609 288 1 70
K 0 0 43
A D 12 96
H 70 B 0 0 112 3 2 1 3
J B 82 14101 1 82 6913 288 0
J N 7 14133 52 4 1 0 0
K 0 0 43
K 0 0 59
K 0 -31 59
A D 24 96
J N 5 14196 52 3 4609 576 1 71
K 0 0 43
K 38 0 44
A D 9 96
J N 4 14254 52 2 6337 216 1 71
K 0 0 43
A D 3 96
H 71 B 0 0 112 2 22 533
J B 83 14295 1 82 6913 72 0
J N 6 14327 52 2 1 0 1 72
K 0 0 43
A D 12 96
J N 6 14372 52 2 2305 288 1 72
K 0 0 43
A D 12 96
J N 6 14417 52 2 4609 288 1 72
K 0 0 43
A D 12 96
H 72 B 0 0 112 3 2 1 3
J B 84 14468 1 82 6913 288 0
J N 7 14500 52 6 1 0 0
K 0 0 43
K 0 73 111
K 18 73 110
K 0 0 59
K 0 -31 59
A D 24 96
J N 5 14563 52 3 4609 576 1 73
K 0 0 43
K 38 0 44
A D 9 96
J N 4 14621 52 2 6337 216 1 73
K 0 0 43
A D 3 96
H 73 B 0 0 112 2 22 533
J B 85 14662 1 82 6913 72 0
J N 7 14694 52 6 1 0 0
K 0 0 43
K 0 73 111
K 18 73 110
K 0 0 59
K 0 -31 59
A D 24 96
J N 5 14757 52 3 4609 576 1 74
K 0 0 43
K 38 0 44
A D 9 96
J N 4 14815 52 2 6337 216 1 74
K 0 0 43
A D 3 96
H 74 B 0 0 112 2 22 533
J B 86 14856 1 82 6913 72 0
J N 6 14888 52 3 1 0 0
K 0 0 43
K 0 0 53
A D 12 96
J R 6 14940 42 2 2305 288 0
K 0 0 49
A D 12 96
J R 6 14985 42 2 4609 288 0
K 0 0 49
A D 12 96
J B 87 15036 1 82 6913 288 0
J S 6 15107 42 46 0 0 0
J B 88 15218 1 82 6913 1 0
J R 4 15250 42 4 1 0 0
K 0 21 49
K 6 0 50
K 12 -21 50
A D 3 96
J N 4 15318 105 8 577 72 1 75
K 1 0 45
K -22 0 64
K 0 0 43
K -1 0 45
K 6 0 45
K 0 52 108
K 34 52 108
A D 3 96
J N 4 15358 105 5 1153 72 1 75
K 1 0 45
K 0 0 43
K -1 0 45
K 6 0 45
A D 3 96
J N 4 15398 105 5 1729 72 1 75
K 1 0 45
K 0 0 43
K -1 0 45
K 6 0 45
A D 3 96
H 75 B 0 0 112 3 222 111 333
J N 5 15438 105 5 2305 72 1 76
K 1 0 45
K 0 0 43
K -1 0 45
K 6 0 45
A D 6 96
J N 5 15478 105 5 3457 144 1 76
K 1 0 45
K 0 0 43
K -1 0 45
K 6 0 45
A D 6 96
J N 5 15518 105 5 4609 144 1 76
K 1 0 45
K 0 0 43
K -1 0 45
K 6 0 45
A D 6 96
H 76 B 0 0 112 3 22 11 33
J R 5 15553 42 3 5761 144 0
K 0 21 49
K 6 0 50
A D 6 96
J B 89 15600 1 82 6913 144 0
J R 4 15632 42 4 1 0 0
K 0 21 49
K 6 0 50
K 12 -21 50
A D 3 96
J N 4 15700 105 6 577 72 1 77
K 1 0 45
K -22 0 64
K 0 0 43
K -1 0 45
K 6 0 45
A D 3 96
J N 4 15740 105 5 1153 72 1 77
K 1 0 45
K 0 0 43
K -1 0 45
K 6 0 45
A D 3 96
J N 4 15780 105 5 1729 72 1 77
K 1 0 45
K 0 0 43
K -1 0 45
K 6 0 45
A D 3 96
H 77 B 0 0 112 3 222 111 333
J N 5 15820 105 5 2305 72 1 78
K 1 0 45
K 0 0 43
K -1 0 45
K 6 0 45
A D 6 96
J N 5 15860 105 5 3457 144 1 78
K 1 0 45
K 0 0 43
K -1 0 45
K 6 0 45
A D 6 96
J N 5 15900 105 5 4609 144 1 78
K 1 0 45
K 0 0 43
K -1 0 45
K 6 0 45
A D 6 96
H 78 B 0 0 112 3 22 11 33
J R 5 15935 42 3 5761 144 0
K 0 21 49
K 6 0 50
A D 6 96
J B 90 15982 1 82 6913 144 0
J R 4 16014 42 4 1 0 0
K 0 21 49
K 6 0 50
K 12 -21 50
A D 3 96
J N 4 16082 105 6 577 72 1 79
K 1 0 45
K -22 0 64
K 0 0 43
K -1 0 45
K 6 0 45
A D 3 96
J N 4 16122 105 5 1153 72 1 79
K 1 0 45
K 0 0 43
K -1 0 45
K 6 0 45
A D 3 96
J N 4 16162 105 5 1729 72 1 79
K 1 0 45
K 0 0 43
K -1 0 45
K 6 0 45
A D 3 96
H 79 B 0 0 112 3 222 111 333
J N 5 16202 105 5 2305 72 1 80
K 1 0 45
K 0 0 43
K -1 0 45
K 6 0 45
A D 6 96
J N 5 16242 105 5 3457 144 1 80
K 1 0 45
K 0 0 43
K -1 0 45
K 6 0 45
A D 6 96
J N 5 16282 105 5 4609 144 1 80
K 1 0 45
K 0 0 43
K -1 0 45
K 6 0 45
A D 6 96
J N 5 16322 105 5 5761 144 1 80
K 1 0 45
K 0 0 43
K -1 0 45
K 6 0 45
A D 6 96
H 80 B 0 0 112 4 22 11 11 33
J B 91 16363 1 82 6913 144 0
J R 4 16395 42 4 1 0 0
K 0 21 49
K 6 0 50
K 12 -21 50
A D 3 96
J N 4 16463 105 6 577 72 1 81
K 1 0 45
K -22 0 64
K 0 0 43
K -1 0 45
K 6 0 45
A D 3 96
J N 4 16503 105 5 1153 72 1 81
K 1 0 45
K 0 0 43
K -1 0 45
K 6 0 45
A D 3 96
J N 4 16543 105 5 1729 72 1 81
K 1 0 45
K 0 0 43
K -1 0 45
K 6 0 45
A D 3 96
H 81 B 0 0 112 3 222 111 333
J N 5 16583 105 5 2305 72 1 82
K 1 0 45
K 0 0 43
K -1 0 45
K 6 0 45
A D 6 96
J N 5 16623 105 5 3457 144 1 82
K 1 0 45
K 0 0 43
K -1 0 45
K 6 0 45
A D 6 96
J N 5 16663 105 5 4609 144 1 82
K 1 0 45
K 0 0 43
K -1 0 45
K 6 0 45
A D 6 96
J N 5 16703 105 5 5761 144 1 82
K 1 0 45
K 0 0 43
K -1 0 45
K 6 0 45
A D 6 96
H 82 B 0 0 112 4 22 11 11 33
J B 92 16744 1 82 6913 144 0
J R 4 16776 42 4 1 0 0
K 0 21 49
K 6 0 50
K 12 -21 50
A D 3 96
J N 4 16845 105 6 577 72 1 83
K 1 0 45
K -23 0 65
K 0 0 43
K -1 0 45
K 6 0 45
A D 3 96
J N 4 16885 105 5 1153 72 1 83
K 1 0 45
K 0 0 43
K -1 0 45
K 6 0 45
A D 3 96
J N 4 16925 105 5 1729 72 1 83
K 1 0 45
K 0 0 43
K -1 0 45
K 6 0 45
A D 3 96
H 83 B 0 0 112 3 222 111 333
J N 5 16965 105 5 2305 72 1 84
K 1 0 45
K 0 0 43
K -1 0 45
K 6 0 45
A D 6 96
J N 5 17005 105 5 3457 144 1 84
K 1 0 45
K 0 0 43
K -1 0 45
K 6 0 45
A D 6 96
J N 5 17045 105 5 4609 144 1 84
K 1 0 45
K 0 0 43
K -1 0 45
K 6 0 45
A D 6 96
J N 5 17085 105 5 5761 144 1 84
K 1 0 45
K 0 0 43
K -1 0 45
K 6 0 45
A D 6 96
H 84 B 0 0 112 4 22 11 11 33
J B 93 17126 1 82 6913 144 0
J R 4 17158 42 4 1 0 0
K 0 21 49
K 6 0 50
K 12 -21 50
A D 3 96
J N 4 17226 115 6 577 72 1 85
K 1 -10 45
K -22 0 64
K 0 0 43
K 0 -10 45
K 2 -10 45
A D 3 96
J N 4 17266 115 5 1153 72 1 85
K 1 -10 45
K 0 0 43
K 0 -10 45
K 2 -10 45
A D 3 96
J N 4 17306 115 5 1729 72 1 85
K 1 -10 45
K 0 0 43
K 0 -10 45
K 2 -10 45
A D 3 96
H 85 B 0 0 112 3 222 111 333
J N 5 17346 115 5 2305 72 1 86
K 1 -10 45
K 0 0 43
K 0 -10 45
K 2 -10 45
A D 6 96
J N 5 17386 115 5 3457 144 1 86
K 1 -10 45
K 0 0 43
K 0 -10 45
K 2 -10 45
A D 6 96
J N 5 17426 115 5 4609 144 1 86
K 1 -10 45
K 0 0 43
K 0 -10 45
K 2 -10 45
A D 6 96
J N 5 17466 115 5 5761 144 1 86
K 1 -10 45
K 0 0 43
K 0 -10 45
K 2 -10 45
A D 6 96
H 86 B 0 0 112 4 22 11 11 33
J B 94 17507 1 82 6913 144 0
J R 4 17539 42 4 1 0 0
K 0 21 49
K 6 0 50
K 12 -21 50
A D 3 96
J N 4 17608 115 6 577 72 1 87
K 1 -10 45
K -23 0 65
K 0 0 43
K 0 -10 45
K 2 -10 45
A D 3 96
J N 4 17648 115 5 1153 72 1 87
K 1 -10 45
K 0 0 43
K 0 -10 45
K 2 -10 45
A D 3 96
J N 4 17688 115 5 1729 72 1 87
K 1 -10 45
K 0 0 43
K 0 -10 45
K 2 -10 45
A D 3 96
H 87 B 0 0 112 3 222 111 333
J N 5 17728 115 5 2305 72 1 88
K 1 -10 45
K 0 0 43
K 0 -10 45
K 2 -10 45
A D 6 96
J N 5 17768 115 5 3457 144 1 88
K 1 -10 45
K 0 0 43
K 0 -10 45
K 2 -10 45
A D 6 96
J N 5 17808 115 5 4609 144 1 88
K 1 -10 45
K 0 0 43
K 0 -10 45
K 2 -10 45
A D 6 96
J N 5 17848 115 5 5761 144 1 88
K 1 -10 45
K 0 0 43
K 0 -10 45
K 2 -10 45
A D 6 96
H 88 B 0 0 112 4 22 11 11 33
J B 95 17889 1 82 6913 144 0
J R 4 17921 42 4 1 0 0
K 0 21 49
K 6 0 50
K 12 -21 50
A D 3 96
J N 4 17968 126 6 577 72 1 89
K 1 -21 45
K 1 0 45
K 0 0 43
K -1 0 45
K 6 0 45
A D 3 96
J N 4 18008 126 6 1153 72 1 89
K 1 -21 45
K 1 0 45
K 0 0 43
K -1 0 45
K 6 0 45
A D 3 96
J N 4 18048 126 6 1729 72 1 89
K 1 -21 45
K 1 0 45
K 0 0 43
K -1 0 45
K 6 0 45
A D 3 96
H 89 B 0 0 112 3 222 111 333
J N 5 18088 126 6 2305 72 1 90
K 1 -21 45
K 1 0 45
K 0 0 43
K -1 0 45
K 6 0 45
A D 6 96
J N 5 18128 126 6 3457 144 1 90
K 1 -21 45
K 1 0 45
K 0 0 43
K -1 0 45
K 6 0 45
A D 6 96
J N 5 18168 126 6 4609 144 1 90
K 1 -21 45
K 1 0 45
K 0 0 43
K -1 0 45
K 6 0 45
A D 6 96
J N 5 18208 126 6 5761 144 1 90
K 1 -21 45
K 1 0 45
K 0 0 43
K -1 0 45
K 6 0 45
A D 6 96
H 90 B 0 0 112 4 22 11 11 33
J B 96 18249 1 82 6913 144 0
J R 4 18281 42 4 1 0 0
K 0 21 49
K 6 0 50
K 12 -21 50
A D 3 96
J D 0 18328 0 1 577 72 0
W 0 168 33 cresc.
J N 4 18328 115 5 577 0 1 91
K 1 -10 45
K 0 0 43
K 0 -10 45
K 2 -10 45
A D 3 96
J N 4 18368 115 5 1153 72 1 91
K 1 -10 45
K 0 0 43
K 0 -10 45
K 2 -10 45
A D 3 96
J N 4 18408 115 5 1729 72 1 91
K 1 -10 45
K 0 0 43
K 0 -10 45
K 2 -10 45
A D 3 96
H 91 B 0 0 112 3 222 111 333
J N 5 18448 115 5 2305 72 1 92
K 1 -10 45
K 0 0 43
K 0 -10 45
K 2 -10 45
A D 6 96
J N 5 18488 115 5 3457 144 1 92
K 1 -10 45
K 0 0 43
K 0 -10 45
K 2 -10 45
A D 6 96
J N 5 18528 115 5 4609 144 1 92
K 1 -10 45
K 0 0 43
K 0 -10 45
K 2 -10 45
A D 6 96
J N 5 18568 115 5 5761 144 1 92
K 1 -10 45
K 0 0 43
K 0 -10 45
K 2 -10 45
A D 6 96
H 92 B 0 0 112 4 22 11 11 33
J B 97 18609 1 82 6913 144 0
J N 5 18641 105 7 1 0 0
K 1 0 45
K 0 0 43
K -1 0 45
K 6 0 45
K 0 52 110
K 0 0 55
A D 6 96
J N 5 18698 31 5 1153 144 1 93
K 0 0 43
K 0 -21 96
K 0 108 110
K 30 108 110
A D 6 96
J N 5 18738 -42 7 2305 144 1 93
K 0 21 45
K 0 0 45
K 0 0 43
K -1 0 45
K 6 0 45
K 0 -26 96
A D 6 96
H 93 B 1 0 112 2 22 33
J R 5 18773 42 3 3457 144 0
K 0 21 49
K 6 0 50
A D 6 96
J R 6 18814 42 2 4609 144 0
K 0 0 49
A D 12 96
J B 98 18865 1 82 6913 288 0
J R 6 18897 42 2 1 0 0
K 0 0 49
A D 12 96
J R 6 18942 42 2 2305 288 0
K 0 0 49
A D 12 96
J D 0 18987 0 1 4609 288 0
W 0 168 31 !1p !33dolce
J N 4 18987 31 2 4609 0 2 94 95
K 0 0 43
A D 3 96
J N 4 19027 10 2 5185 72 1 95
K 0 0 43
A D 3 96
J N 4 19067 0 2 5761 72 1 95
K 0 0 43
A D 3 96
J N 4 19107 -11 2 6337 72 2 95 94
K 0 0 43
A D 3 96
H 95 B 1 0 112 4 222 111 111 333
H 94 S 0 0 0 0 0 0 0 0 0
J B 99 19148 1 82 6913 72 0
J N 4 19180 -21 5 1 0 2 96 97
K 0 0 45
K 0 0 43
K -1 0 45
K 6 0 45
A D 3 96
J N 4 19215 -11 2 577 72 1 97
K 0 0 43
A D 3 96
J N 4 19250 0 2 1153 72 1 97
K 0 0 43
A D 3 96
J N 4 19285 10 2 1729 72 1 97
K 0 0 43
A D 3 96
H 97 B 1 0 112 4 222 111 111 333
J N 4 19325 0 2 2305 72 1 98
K 0 0 43
A D 3 96
J N 4 19365 -11 2 2881 72 1 98
K 0 0 43
A D 3 96
J N 4 19400 0 2 3457 72 1 98
K 0 0 43
A D 3 96
J N 4 19435 10 2 4033 72 1 98
K 0 0 43
A D 3 96
H 98 B 1 0 112 4 222 111 111 333
J N 4 19475 0 2 4609 72 1 99
K 0 0 43
A D 3 96
J N 4 19515 -11 2 5185 72 1 99
K 0 0 43
A D 3 96
J N 4 19555 -21 5 5761 72 1 99
K 0 0 45
K 0 0 43
K -1 0 45
K 6 0 45
A D 3 96
J N 4 19590 0 2 6337 72 2 99 96
K 0 0 43
A D 3 96
H 99 B 1 0 112 4 222 111 111 333
H 96 S 0 0 0 0 -11 0 0 0 0
J B 100 19631 1 82 6913 72 0
J N 4 19663 21 2 1 0 2 100 101
K 0 0 43
A D 3 96
J N 4 19703 10 2 577 72 1 101
K 0 0 43
A D 3 96
J N 4 19738 21 2 1153 72 1 101
K 0 0 43
A D 3 96
J N 4 19800 31 3 1729 72 1 101
K -22 0 64
K 0 0 43
A D 3 96
H 101 B 1 0 112 4 222 111 111 333
J N 4 19840 21 2 2305 72 1 102
K 0 0 43
A D 3 96
J N 4 19902 0 3 2881 72 1 102
K -22 0 64
K 0 0 43
A D 3 96
J N 4 19942 -11 2 3457 72 1 102
K 0 0 43
A D 3 96
J N 4 19977 0 2 4033 72 1 102
K 0 0 43
A D 3 96
H 102 B 1 0 112 4 222 111 111 333
J N 4 20017 -11 2 4609 72 1 103
K 0 0 43
A D 3 96
J N 4 20057 -21 5 5185 72 1 103
K 0 0 45
K 0 0 43
K -1 0 45
K 6 0 45
A D 3 96
J N 4 20097 -32 5 5761 72 1 103
K 0 11 45
K 0 0 43
K 0 11 45
K 2 11 45
A D 3 96
J N 4 20132 -21 5 6337 72 2 103 100
K 0 0 45
K 0 0 43
K -1 0 45
K 6 0 45
A D 3 96
H 103 B 1 0 112 4 222 111 111 333
H 100 S 0 0 0 0 -11 0 0 0 0
J B 101 20173 1 82 6913 72 0
J N 4 20205 -32 5 1 0 2 104 105
K 0 11 45
K 0 0 43
K 0 11 45
K 2 11 45
A D 3 96
J N 4 20240 -21 5 577 72 1 105
K 0 0 45
K 0 0 43
K -1 0 45
K 6 0 45
A D 3 96
J N 4 20280 -32 5 1153 72 1 105
K 0 11 45
K 0 0 43
K 0 11 45
K 2 11 45
A D 3 96
J N 4 20315 -21 5 1729 72 1 105
K 0 0 45
K 0 0 43
K -1 0 45
K 6 0 45
A D 3 96
H 105 B 1 0 112 4 222 111 111 333
J N 4 20350 -11 2 2305 72 1 106
K 0 0 43
A D 3 96
J N 4 20390 -32 5 2881 72 1 106
K 0 11 45
K 0 0 43
K 0 11 45
K 2 11 45
A D 3 96
J N 4 20447 0 3 3457 72 1 106
K -23 0 65
K 0 0 43
A D 3 96
J N 4 20487 -32 5 4033 72 1 106
K 0 11 45
K 0 0 43
K 0 11 45
K 2 11 45
A D 3 96
H 106 B 1 0 112 4 222 111 111 333
J N 4 20522 10 2 4609 72 1 107
K 0 0 43
A D 3 96
J N 4 20562 -32 5 5185 72 1 107
K 0 11 45
K 0 0 43
K 0 11 45
K 2 11 45
A D 3 96
J N 4 20597 21 2 5761 72 1 107
K 0 0 43
A D 3 96
J N 4 20637 -32 5 6337 72 2 107 104
K 0 11 45
K 0 0 43
K 0 11 45
K 2 11 45
A D 3 96
H 107 B 1 0 112 4 222 111 111 333
H 104 S 0 0 0 0 0 0 0 0 0
J B 102 20678 1 82 6913 72 0
J N 4 20716 31 3 1 0 2 108 109
K -22 0 64
K 0 0 43
A D 3 96
J N 4 20756 10 2 577 72 1 109
K 0 0 43
A D 3 96
J N 4 20818 0 3 1153 72 1 109
K -22 0 64
K 0 0 43
A D 3 96
J N 4 20880 -11 3 1729 72 1 109
K -22 0 64
K 0 0 43
A D 3 96
H 109 B 1 0 112 4 222 111 111 333
J N 4 20920 -21 5 2305 72 1 110
K 0 0 45
K 0 0 43
K -1 0 45
K 6 0 45
A D 3 96
J N 4 20955 10 2 2881 72 1 110
K 0 0 43
A D 3 96
J N 4 20995 0 2 3457 72 1 110
K 0 0 43
A D 3 96
J N 4 21035 -11 2 4033 72 1 110
K 0 0 43
A D 3 96
H 110 B 1 0 112 4 222 111 111 333
J N 4 21075 -21 5 4609 72 1 111
K 0 0 45
K 0 0 43
K -1 0 45
K 6 0 45
A D 3 96
J N 4 21110 10 2 5185 72 1 111
K 0 0 43
A D 3 96
J N 4 21150 -21 5 5761 72 1 111
K 0 0 45
K 0 0 43
K -1 0 45
K 6 0 45
A D 3 96
J N 4 21213 -11 3 6337 72 2 111 108
K -23 0 65
K 0 0 43
A D 3 96
H 111 B 1 0 112 4 222 111 111 333
H 108 S 0 0 -21 0 0 1 0 0 0
J B 103 21254 1 82 6913 72 0
J N 4 21292 0 3 1 0 2 112 113
K -22 0 64
K 0 0 43
A D 3 96
J N 4 21332 -21 5 577 72 1 113
K 0 0 45
K 0 0 43
K -1 0 45
K 6 0 45
A D 3 96
J N 4 21367 21 2 1153 72 1 113
K 0 0 43
A D 3 96
J N 4 21407 -21 5 1729 72 1 113
K 0 0 45
K 0 0 43
K -1 0 45
K 6 0 45
A D 3 96
H 113 B 1 0 112 4 222 111 111 333
J N 4 21442 -11 2 2305 72 1 114
K 0 0 43
A D 3 96
J N 4 21482 -32 5 2881 72 1 114
K 0 11 45
K 0 0 43
K 0 11 45
K 2 11 45
A D 3 96
J N 4 21517 21 2 3457 72 1 114
K 0 0 43
A D 3 96
J N 4 21557 -32 5 4033 72 1 114
K 0 11 45
K 0 0 43
K 0 11 45
K 2 11 45
A D 3 96
H 114 B 1 0 112 4 222 111 111 333
J N 4 21592 -11 2 4609 72 1 115
K 0 0 43
A D 3 96
J N 4 21632 -32 5 5185 72 1 115
K 0 11 45
K 0 0 43
K 0 11 45
K 2 11 45
A D 3 96
J N 4 21689 0 3 5761 72 1 115
K -23 0 65
K 0 0 43
A D 3 96
J N 4 21729 -32 5 6337 72 2 115 112
K 0 11 45
K 0 0 43
K 0 11 45
K 2 11 45
A D 3 96
H 115 B 1 0 112 4 222 111 111 333
H 112 S 0 0 -11 0 0 0 0 0 0
J B 104 21770 1 82 6913 72 0
J N 4 21802 10 2 1 0 2 116 117
K 0 0 43
A D 3 96
J N 4 21842 -11 2 577 72 1 117
K 0 0 43
A D 3 96
J N 4 21877 31 2 1153 72 1 117
K 0 0 43
A D 3 96
J N 4 21917 -11 2 1729 72 1 117
K 0 0 43
A D 3 96
H 117 B 1 0 112 4 222 111 111 333
J N 4 21952 0 2 2305 72 1 118
K 0 0 43
A D 3 96
J N 4 21992 -21 5 2881 72 1 118
K 0 0 45
K 0 0 43
K -1 0 45
K 6 0 45
A D 3 96
J N 4 22027 31 2 3457 72 1 118
K 0 0 43
A D 3 96
J N 4 22067 -21 5 4033 72 1 118
K 0 0 45
K 0 0 43
K -1 0 45
K 6 0 45
A D 3 96
H 118 B 1 0 112 4 222 111 111 333
J N 4 22102 0 2 4609 72 1 119
K 0 0 43
A D 3 96
J N 4 22142 -21 5 5185 72 1 119
K 0 0 45
K 0 0 43
K -1 0 45
K 6 0 45
A D 3 96
J N 4 22177 31 2 5761 72 1 119
K 0 0 43
A D 3 96
J N 4 22217 -21 5 6337 72 2 119 116
K 0 0 45
K 0 0 43
K -1 0 45
K 6 0 45
A D 3 96
H 119 B 1 0 112 4 222 111 111 333
H 116 S 0 0 -10 0 0 0 0 0 0
J B 105 22258 1 82 6913 72 0
J N 4 22290 10 4 1 0 2 120 121
K 0 0 43
K 0 146 108
K 34 146 108
A D 3 96
J N 4 22330 -42 6 577 72 1 121
K 0 21 45
K 0 0 45
K 0 0 43
K -1 0 45
K 6 0 45
A D 3 96
J N 4 22365 -11 2 1153 72 1 121
K 0 0 43
A D 3 96
J N 4 22405 -42 6 1729 72 1 121
K 0 21 45
K 0 0 45
K 0 0 43
K -1 0 45
K 6 0 45
A D 3 96
H 121 B 1 0 112 4 222 111 111 333
J N 4 22440 10 2 2305 72 1 122
K 0 0 43
A D 3 96
J N 4 22480 -42 6 2881 72 1 122
K 0 21 45
K 0 0 45
K 0 0 43
K -1 0 45
K 6 0 45
A D 3 96
J N 4 22515 -11 2 3457 72 1 122
K 0 0 43
A D 3 96
J N 4 22555 -42 6 4033 72 1 122
K 0 21 45
K 0 0 45
K 0 0 43
K -1 0 45
K 6 0 45
A D 3 96
H 122 B 1 0 112 4 222 111 111 333
J N 4 22590 10 2 4609 72 1 123
K 0 0 43
A D 3 96
J N 4 22630 -42 6 5185 72 1 123
K 0 21 45
K 0 0 45
K 0 0 43
K -1 0 45
K 6 0 45
A D 3 96
J N 4 22665 -11 2 5761 72 1 123
K 0 0 43
A D 3 96
J N 4 22705 -42 6 6337 72 2 123 120
K 0 21 45
K 0 0 45
K 0 0 43
K -1 0 45
K 6 0 45
A D 3 96
H 123 B 1 0 112 4 222 111 111 333
H 120 S 0 0 -42 0 0 0 0 0 0
J B 106 22746 1 82 6913 72 0
J N 6 22778 -21 6 1 0 0
K 0 0 45
K 0 0 43
K -1 0 45
K 6 0 45
K 0 0 54
A D 12 96
J R 6 22823 42 2 2305 288 0
K 0 0 49
A D 12 96
J R 6 22868 42 2 4609 288 0
K 0 0 49
A D 12 96
J B 107 22919 1 82 6913 288 0
J D 0 22951 0 1 1 0 0
W 0 -52 31 pizz.
J N 5 22951 52 2 1 0 1 124
K 0 0 43
A D 6 96
J N 5 22991 31 2 1153 144 1 124
K 0 0 43
A D 6 96
H 124 B 1 0 112 2 22 33
J N 5 23026 52 2 2305 144 1 125
K 0 0 43
A D 6 96
J N 5 23066 31 2 3457 144 1 125
K 0 0 43
A D 6 96
J N 5 23101 52 2 4609 144 1 125
K 0 0 43
A D 6 96
J N 5 23141 31 2 5761 144 1 125
K 0 0 43
A D 6 96
H 125 B 1 0 112 4 22 11 11 33
J B 108 23182 1 82 6913 144 0
J N 5 23214 42 2 1 0 1 126
K 0 0 43
A D 6 96
J N 5 23254 21 2 1153 144 1 126
K 0 0 43
A D 6 96
H 126 B 1 0 112 2 22 33
J N 5 23289 42 2 2305 144 1 127
K 0 0 43
A D 6 96
J N 5 23329 21 2 3457 144 1 127
K 0 0 43
A D 6 96
J N 5 23364 42 2 4609 144 1 127
K 0 0 43
A D 6 96
J N 5 23404 21 2 5761 144 1 127
K 0 0 43
A D 6 96
H 127 B 1 0 112 4 22 11 11 33
J B 109 23445 1 82 6913 144 0
J N 5 23477 42 2 1 0 1 128
K 0 0 43
A D 6 96
J N 5 23517 21 2 1153 144 1 128
K 0 0 43
A D 6 96
H 128 B 1 0 112 2 22 33
J N 5 23552 42 2 2305 144 1 129
K 0 0 43
A D 6 96
J N 5 23592 21 2 3457 144 1 129
K 0 0 43
A D 6 96
J N 5 23627 42 2 4609 144 1 129
K 0 0 43
A D 6 96
J N 5 23667 21 2 5761 144 1 129
K 0 0 43
A D 6 96
H 129 B 1 0 112 4 22 11 11 33
J B 110 23708 1 82 6913 144 0
J N 5 23746 31 3 1 0 1 130
K -22 0 64
K 0 0 43
A D 6 96
J N 5 23786 10 2 1153 144 1 130
K 0 0 43
A D 6 96
H 130 B 1 0 112 2 22 33
J N 5 23821 31 2 2305 144 1 131
K 0 0 43
A D 6 96
J N 5 23861 10 2 3457 144 1 131
K 0 0 43
A D 6 96
J N 5 23896 31 2 4609 144 1 131
K 0 0 43
A D 6 96
J N 5 23936 10 2 5761 144 1 131
K 0 0 43
A D 6 96
H 131 B 1 0 112 4 22 11 11 33
J B 111 23977 1 82 6913 144 0
J N 5 24015 31 3 1 0 1 132
K -23 0 65
K 0 0 43
A D 6 96
J N 5 24055 21 2 1153 144 1 132
K 0 0 43
A D 6 96
H 132 B 1 0 112 2 22 33
J N 5 24090 42 2 2305 144 1 133
K 0 0 43
A D 6 96
J N 5 24130 21 2 3457 144 1 133
K 0 0 43
A D 6 96
J N 5 24165 42 2 4609 144 1 133
K 0 0 43
A D 6 96
J N 5 24205 21 2 5761 144 1 133
K 0 0 43
A D 6 96
H 133 B 1 0 112 4 22 11 11 33
J B 112 24246 1 82 6913 144 0
J N 5 24278 42 2 1 0 1 134
K 0 0 43
A D 6 96
J N 5 24318 31 2 1153 144 1 134
K 0 0 43
A D 6 96
H 134 B 1 0 112 2 22 33
J N 5 24353 52 2 2305 144 1 135
K 0 0 43
A D 6 96
J N 5 24393 31 2 3457 144 1 135
K 0 0 43
A D 6 96
J N 5 24428 52 2 4609 144 1 135
K 0 0 43
A D 6 96
J N 5 24468 31 2 5761 144 1 135
K 0 0 43
A D 6 96
H 135 B 1 0 112 4 22 11 11 33
J B 113 24509 1 82 6913 144 0
J N 5 24541 63 7 1 0 1 136
K 1 42 45
K 0 0 43
K 0 42 43
K -1 42 45
K 6 42 45
K 0 42 59
A D 6 96
J N 5 24581 31 2 1153 144 1 136
K 0 0 43
A D 6 96
H 136 B 0 0 112 2 22 33
J N 5 24616 63 7 2305 144 1 137
K 1 42 45
K 0 0 43
K 0 42 43
K -1 42 45
K 6 42 45
K 0 42 59
A D 6 96
J N 5 24656 31 2 3457 144 1 137
K 0 0 43
A D 6 96
J N 5 24691 63 7 4609 144 1 137
K 1 42 45
K 0 0 43
K 0 42 43
K -1 42 45
K 6 42 45
K 0 42 59
A D 6 96
J N 5 24731 31 2 5761 144 1 137
K 0 0 43
A D 6 96
H 137 B 0 0 112 4 22 11 11 33
J B 114 24772 1 82 6913 144 0
J N 6 24804 73 3 1 0 0
K 0 0 43
K 0 0 53
A D 12 96
J D 0 24856 0 1 2305 288 0
W 0 -52 31 arco
J R 4 24856 42 4 2305 0 0
K 0 21 49
K 6 0 50
K 12 -21 50
A D 3 96
J N 4 24903 31 3 2881 72 2 138 139
K 0 0 43
K 0 127 110
A D 3 96
J N 4 24943 21 2 3457 72 1 139
K 0 0 43
A D 3 96
J N 4 24983 10 2 4033 72 1 139
K 0 0 43
A D 3 96
H 139 B 1 0 112 3 222 111 333
J G 5 25018 -11 3 4609 72 0
K 0 0 171
K 0 0 183
A D 0 96
J N 4 25046 0 2 4609 0 1 140
K 0 0 43
A D 3 96
J N 4 25081 10 2 5185 72 1 140
K 0 0 43
A D 3 96
J N 4 25121 0 2 5761 72 1 140
K 0 0 43
A D 3 96
J N 4 25161 -11 2 6337 72 2 140 138
K 0 0 43
A D 3 96
H 140 B 1 0 112 4 222 111 111 333
H 138 S 0 0 -31 0 -31 2 0 0 0
J B 115 25202 1 82 6913 72 0
J N 4 25234 -21 5 1 0 2 141 142
K 0 0 45
K 0 0 43
K -1 0 45
K 6 0 45
A D 3 96
J N 4 25269 -11 2 577 72 1 142
K 0 0 43
A D 3 96
J N 4 25304 0 2 1153 72 1 142
K 0 0 43
A D 3 96
J N 4 25339 10 2 1729 72 1 142
K 0 0 43
A D 3 96
H 142 B 1 0 112 4 222 111 111 333
J N 4 25379 0 2 2305 72 1 143
K 0 0 43
A D 3 96
J N 4 25419 -11 2 2881 72 1 143
K 0 0 43
A D 3 96
J N 4 25454 0 2 3457 72 1 143
K 0 0 43
A D 3 96
J N 4 25489 10 2 4033 72 1 143
K 0 0 43
A D 3 96
H 143 B 1 0 112 4 222 111 111 333
J N 4 25529 0 2 4609 72 1 144
K 0 0 43
A D 3 96
J N 4 25569 -11 2 5185 72 1 144
K 0 0 43
A D 3 96
J N 4 25609 -21 5 5761 72 1 144
K 0 0 45
K 0 0 43
K -1 0 45
K 6 0 45
A D 3 96
J N 4 25644 0 2 6337 72 2 144 141
K 0 0 43
A D 3 96
H 144 B 1 0 112 4 222 111 111 333
H 141 S 0 0 0 0 -11 0 0 0 0
J B 116 25685 1 82 6913 72 0
J N 4 25717 21 2 1 0 2 145 146
K 0 0 43
A D 3 96
J N 4 25757 10 2 577 72 1 146
K 0 0 43
A D 3 96
J N 4 25792 21 2 1153 72 1 146
K 0 0 43
A D 3 96
J N 4 25854 31 3 1729 72 1 146
K -22 0 64
K 0 0 43
A D 3 96
H 146 B 1 0 112 4 222 111 111 333
J N 4 25894 21 2 2305 72 1 147
K 0 0 43
A D 3 96
J N 4 25956 0 3 2881 72 1 147
K -22 0 64
K 0 0 43
A D 3 96
J N 4 25996 -11 2 3457 72 1 147
K 0 0 43
A D 3 96
J N 4 26031 0 2 4033 72 1 147
K 0 0 43
A D 3 96
H 147 B 1 0 112 4 222 111 111 333
J N 4 26071 -11 2 4609 72 1 148
K 0 0 43
A D 3 96
J N 4 26111 -21 5 5185 72 1 148
K 0 0 45
K 0 0 43
K -1 0 45
K 6 0 45
A D 3 96
J N 4 26151 -32 5 5761 72 1 148
K 0 11 45
K 0 0 43
K 0 11 45
K 2 11 45
A D 3 96
J N 4 26186 -21 5 6337 72 2 148 145
K 0 0 45
K 0 0 43
K -1 0 45
K 6 0 45
A D 3 96
H 148 B 1 0 112 4 222 111 111 333
H 145 S 0 0 0 0 -11 0 0 0 0
J B 117 26227 1 82 6913 72 0
J N 4 26259 -32 5 1 0 2 149 150
K 0 11 45
K 0 0 43
K 0 11 45
K 2 11 45
A D 3 96
J N 4 26294 -21 5 577 72 1 150
K 0 0 45
K 0 0 43
K -1 0 45
K 6 0 45
A D 3 96
J N 4 26334 -32 5 1153 72 1 150
K 0 11 45
K 0 0 43
K 0 11 45
K 2 11 45
A D 3 96
J N 4 26369 -21 5 1729 72 1 150
K 0 0 45
K 0 0 43
K -1 0 45
K 6 0 45
A D 3 96
H 150 B 1 0 112 4 222 111 111 333
J N 4 26404 -11 2 2305 72 1 151
K 0 0 43
A D 3 96
J N 4 26444 -32 5 2881 72 1 151
K 0 11 45
K 0 0 43
K 0 11 45
K 2 11 45
A D 3 96
J N 4 26501 0 3 3457 72 1 151
K -23 0 65
K 0 0 43
A D 3 96
J N 4 26541 -11 2 4033 72 1 151
K 0 0 43
A D 3 96
H 151 B 1 0 112 4 222 111 111 333
J N 4 26576 10 2 4609 72 1 152
K 0 0 43
A D 3 96
J N 4 26616 0 2 5185 72 1 152
K 0 0 43
A D 3 96
J N 4 26651 21 2 5761 72 1 152
K 0 0 43
A D 3 96
J N 4 26691 10 2 6337 72 2 152 149
K 0 0 43
A D 3 96
H 152 B 1 0 112 4 222 111 111 333
H 149 S 0 0 0 0 0 0 0 0 0
J B 118 26732 1 82 6913 72 0
J N 4 26770 31 3 1 0 2 153 154
K -22 0 64
K 0 0 43
A D 3 96
J N 4 26810 21 2 577 72 1 154
K 0 0 43
A D 3 96
J N 4 26850 10 2 1153 72 1 154
K 0 0 43
A D 3 96
J N 4 26885 31 2 1729 72 1 154
K 0 0 43
A D 3 96
H 154 B 1 0 112 4 222 111 111 333
J N 4 26920 52 2 2305 72 1 155
K 0 0 43
A D 3 96
J N 4 26960 31 2 2881 72 1 155
K 0 0 43
A D 3 96
J N 4 27000 10 2 3457 72 1 155
K 0 0 43
A D 3 96
J N 4 27062 -11 3 4033 72 1 155
K -22 0 64
K 0 0 43
A D 3 96
H 155 B 1 0 112 4 222 111 111 333
J N 4 27102 -21 5 4609 72 1 156
K 0 0 45
K 0 0 43
K -1 0 45
K 6 0 45
A D 3 96
J N 4 27137 10 2 5185 72 1 156
K 0 0 43
A D 3 96
J N 4 27177 -21 5 5761 72 1 156
K 0 0 45
K 0 0 43
K -1 0 45
K 6 0 45
A D 3 96
J N 4 27240 -11 3 6337 72 2 156 153
K -23 0 65
K 0 0 43
A D 3 96
H 156 B 1 0 112 4 222 111 111 333
H 153 S 0 0 0 0 -10 0 0 0 0
J B 119 27281 1 82 6913 72 0
J N 4 27319 0 3 1 0 2 157 158
K -22 0 64
K 0 0 43
A D 3 96
J N 4 27354 10 2 577 72 1 158
K 0 0 43
A D 3 96
J N 4 27394 0 2 1153 72 1 158
K 0 0 43
A D 3 96
J N 4 27429 21 2 1729 72 1 158
K 0 0 43
A D 3 96
H 158 B 1 0 112 4 222 111 111 333
J N 4 27469 -11 2 2305 72 1 159
K 0 0 43
A D 3 96
J N 4 27509 -21 5 2881 72 1 159
K 0 0 45
K 0 0 43
K -1 0 45
K 6 0 45
A D 3 96
J N 4 27544 -11 2 3457 72 1 159
K 0 0 43
A D 3 96
J N 4 27579 0 2 4033 72 1 159
K 0 0 43
A D 3 96
H 159 B 1 0 112 4 222 111 111 333
J N 4 27619 -11 2 4609 72 1 160
K 0 0 43
A D 3 96
J N 4 27659 -21 5 5185 72 1 160
K 0 0 45
K 0 0 43
K -1 0 45
K 6 0 45
A D 3 96
J N 4 27699 -32 5 5761 72 1 160
K 0 11 45
K 0 0 43
K 0 11 45
K 2 11 45
A D 3 96
J N 4 27734 -11 2 6337 72 2 160 157
K 0 0 43
A D 3 96
H 160 B 1 0 112 4 222 111 111 333
H 157 S 0 0 -11 0 -21 0 0 0 0
J B 120 27775 1 82 6913 72 0
J N 4 27807 10 2 1 0 2 161 162
K 0 0 43
A D 3 96
J N 4 27842 21 2 577 72 1 162
K 0 0 43
A D 3 96
J N 4 27882 10 2 1153 72 1 162
K 0 0 43
A D 3 96
J N 4 27917 31 2 1729 72 1 162
K 0 0 43
A D 3 96
H 162 B 1 0 112 4 222 111 111 333
J N 4 27958 0 3 2305 72 1 163
K -23 0 65
K 0 0 43
A D 3 96
J N 4 27993 63 2 2881 72 1 163
K 0 0 43
A D 3 96
J N 4 28028 73 2 3457 72 1 163
K 0 0 43
A D 3 96
J N 4 28063 84 2 4033 72 1 163
K 0 0 43
A D 3 96
H 163 B 1 0 112 4 222 111 111 333
J N 4 28103 73 2 4609 72 1 164
K 0 0 43
A D 3 96
J N 4 28143 63 2 5185 72 1 164
K 0 0 43
A D 3 96
J N 4 28183 52 2 5761 72 1 164
K 0 0 43
A D 3 96
J N 4 28245 42 3 6337 72 2 164 161
K -22 0 64
K 0 0 43
A D 3 96
H 164 B 0 0 112 4 222 111 111 333
H 161 S 0 0 0 9 -68 0 0 0 0
J B 121 28286 1 82 6913 72 0
J N 7 28318 31 5 1 0 0
K 0 0 43
K 38 0 44
K 0 0 60
K 0 32 60
A D 36 96
J B 122 28405 1 82 6913 864 0
J N 6 28437 31 2 1 0 2 165 166
K 0 0 43
A D 12 96
J N 5 28482 31 2 2305 288 3 167 166 165
K 0 0 43
A D 6 96
H 165 T 31 0 0 0 0 0 1 0
J N 4 28522 21 2 3457 144 1 166
K 0 0 43
A D 3 96
J N 4 28562 10 2 4033 72 1 166
K 0 0 43
A D 3 96
H 166 B 1 0 112 4 2 21 211 333
J N 4 28602 0 2 4609 72 1 168
K 0 0 43
A D 3 96
J N 4 28642 -11 2 5185 72 1 168
K 0 0 43
A D 3 96
J N 4 28682 -21 5 5761 72 1 168
K 0 0 45
K 0 0 43
K -1 0 45
K 6 0 45
A D 3 96
J N 4 28744 -32 6 6337 72 2 168 167
K 0 11 45
K -22 0 64
K 0 0 43
K 0 11 45
K 2 11 45
A D 3 96
H 168 B 1 0 112 4 222 111 111 333
H 167 S 0 0 0 0 0 0 0 0 0
J B 123 28785 1 82 6913 72 0
J N 7 28817 -42 9 1 0 0
K 0 21 45
K 0 0 45
K 0 0 43
K -1 0 45
K 6 0 45
K 0 -26 101
K 0 0 60
K 0 42 60
A D 24 96
J N 6 28880 31 5 4609 576 0
K 0 0 43
K 0 115 108
K 34 115 108
K 0 0 54
A D 12 96
J B 124 28931 1 82 6913 288 0
J N 6 28963 31 3 1 0 0
K 0 0 43
K 0 0 54
A D 12 96
J R 6 29008 42 2 2305 288 0
K 0 0 49
A D 12 96
J N 6 29053 31 3 4609 288 0
K 0 0 43
K 0 0 54
A D 12 96
J B 125 29104 1 82 6913 288 0
J N 6 29136 31 3 1 0 0
K 0 0 43
K 0 0 54
A D 12 96
J R 6 29181 42 2 2305 288 0
K 0 0 49
A D 12 96
J N 6 29226 31 3 4609 288 0
K 0 0 43
K 0 0 54
A D 12 96
J B 126 29277 1 82 6913 288 0
J N 6 29309 31 3 1 0 0
K 0 0 43
K 0 0 54
A D 12 96
J R 6 29354 42 2 2305 288 0
K 0 0 49
A D 12 96
J N 6 29399 31 3 4609 288 0
K 0 0 43
K 0 0 54
A D 12 96
J B 127 29450 1 82 6913 288 0
J D 0 29482 0 1 1 0 0
W 0 168 33 sempre !1pp
J N 6 29482 31 3 1 0 0
K 0 0 43
K 0 0 54
A D 12 96
J R 6 29527 42 2 2305 288 0
K 0 0 49
A D 12 96
J N 6 29572 31 3 4609 288 0
K 0 0 43
K 0 0 54
A D 12 96
J B 128 29623 1 82 6913 288 0
J N 6 29655 31 3 1 0 0
K 0 0 43
K 0 0 54
A D 12 96
J R 6 29700 42 2 2305 288 0
K 0 0 49
A D 12 96
J N 6 29745 31 3 4609 288 0
K 0 0 43
K 0 0 54
A D 12 96
J B 129 29796 1 82 6913 288 0
J N 6 29828 31 3 1 0 0
K 0 0 43
K 0 0 54
A D 12 96
J R 6 29873 42 2 2305 288 0
K 0 0 49
A D 12 96
J N 6 29918 31 3 4609 288 0
K 0 0 43
K 0 0 54
A D 12 96
J B 130 29969 1 82 6913 288 0
J N 6 30001 31 3 1 0 0
K 0 0 43
K 0 0 54
A D 12 96
J R 6 30046 42 2 2305 288 0
K 0 0 49
A D 12 96
J N 6 30091 31 3 4609 288 0
K 0 0 43
K 0 0 54
A D 12 96
J B 131 30142 1 82 6913 288 0
J N 6 30174 31 3 1 0 0
K 0 0 43
K 0 0 54
A D 12 96
J R 6 30219 42 2 2305 288 0
K 0 0 49
A D 12 96
J N 6 30264 31 3 4609 288 0
K 0 0 43
K 0 0 54
A D 12 96
J B 132 30315 1 82 6913 288 0
J N 6 30347 31 4 1 0 0
K 0 0 43
K 0 115 110
K 0 0 54
A D 12 96
J R 6 30392 42 2 2305 288 0
K 0 0 49
A D 12 96
J R 6 30437 42 2 4609 288 0
K 0 0 49
A D 12 96
J B 133 30488 1 82 6913 288 0
J S 4 30533 31 9 10 288 0
K 0 0 62
K 0 5 62
K 0 11 92
K 30 11 92
K 60 11 92
K 90 0 62
K 90 5 62
K 45 11 71
K 14 11 72
J B 143 30668 1 82 6913 1 0
J R 6 30700 42 2 1 0 0
K 0 0 49
A D 12 96
J R 6 30745 42 2 2305 288 0
K 0 0 49
A D 12 96
J R 5 30790 42 3 4609 288 0
K 0 21 49
K 6 0 50
A D 6 96
J N 5 30852 31 6 5761 144 0
K -22 0 64
K 0 0 43
K 0 -21 96
K 0 115 108
K 0 0 56
A D 6 96
J B 144 30893 1 82 6913 144 0
J N 5 30925 21 3 1 0 1 169
K 0 0 43
K 0 -32 96
A D 6 96
J N 5 30965 10 3 1153 144 1 169
K 0 0 43
K 0 -26 96
A D 6 96
J N 5 31005 0 3 2305 144 1 169
K 0 0 43
K 0 -26 96
A D 6 96
H 169 B 1 0 112 3 22 11 33
J R 5 31040 42 3 3457 144 0
K 0 21 49
K 6 0 50
A D 6 96
J R 6 31081 42 2 4609 144 0
K 0 0 49
A D 12 96
J B 145 31132 1 82 6913 288 0
J S 4 31177 31 8 2 288 0
K 0 0 62
K 0 5 62
K 0 11 92
K 30 11 92
K 60 11 92
K 90 0 62
K 90 5 62
K 30 11 73
J B 147 31312 1 82 6913 1 0
J R 6 31344 42 2 1 0 0
K 0 0 49
A D 12 96
J R 6 31389 42 2 2305 288 0
K 0 0 49
A D 12 96
J N 5 31434 52 5 4609 288 1 170
K 0 0 43
K 38 0 44
K 0 73 110
K 30 73 110
A D 9 96
J N 4 31492 52 2 6337 216 1 170
K 0 0 43
A D 3 96
H 170 B 0 0 112 2 22 533
J B 148 31533 1 82 6913 72 0
J N 6 31565 52 2 1 0 1 171
K 0 0 43
A D 12 96
J N 6 31610 52 2 2305 288 1 171
K 0 0 43
A D 12 96
J N 6 31655 84 2 4609 288 1 171
K 0 0 43
A D 12 96
H 171 B 0 0 112 3 2 1 3
J B 149 31706 1 82 6913 288 0
J N 7 31738 52 5 1 0 1 172
K 0 0 43
K 38 0 44
K 0 0 59
K 0 -31 59
A D 36 96
J B 150 31825 1 82 6913 864 0
J N 7 31857 52 4 1 0 1 172
K 0 0 43
K 0 0 59
K 0 -31 59
A D 24 96
H 172 T 52 0 0 0 0 0 9 0
J N 5 31920 52 3 4609 576 1 173
K 0 0 43
K 38 0 44
A D 9 96
J N 4 31962 84 2 6337 216 1 173
K 0 0 43
A D 3 96
H 173 B 0 0 112 2 22 533
J B 151 32003 1 82 6913 72 0
J N 6 32035 52 2 1 0 1 174
K 0 0 43
A D 12 96
J N 6 32080 52 2 2305 288 1 174
K 0 0 43
A D 12 96
J N 6 32125 52 2 4609 288 1 174
K 0 0 43
A D 12 96
H 174 B 0 0 112 3 2 1 3
J B 152 32176 1 82 6913 288 0
J N 7 32208 52 5 1 0 1 175
K 0 0 43
K 38 0 44
K 0 0 59
K 0 -31 59
A D 36 96
J B 153 32295 1 82 6913 864 0
J N 7 32327 52 4 1 0 1 175
K 0 0 43
K 0 0 59
K 0 -31 59
A D 24 96
H 175 T 52 0 0 0 0 0 9 0
J N 5 32390 52 3 4609 576 1 176
K 0 0 43
K 38 0 44
A D 9 96
J N 4 32448 52 2 6337 216 1 176
K 0 0 43
A D 3 96
H 176 B 0 0 112 2 22 533
J B 154 32489 1 82 6913 72 0
J N 7 32521 52 4 1 0 0
K 0 0 43
K 0 0 59
K 0 -31 59
A D 24 96
J N 5 32584 52 3 4609 576 1 177
K 0 0 43
K 38 0 44
A D 9 96
J N 4 32642 52 2 6337 216 1 177
K 0 0 43
A D 3 96
H 177 B 0 0 112 2 22 533
J B 155 32683 1 82 6913 72 0
J N 7 32715 52 4 1 0 0
K 0 0 43
K 0 0 59
K 0 -31 59
A D 24 96
J N 5 32778 52 3 4609 576 1 178
K 0 0 43
K 38 0 44
A D 9 96
J N 4 32836 52 2 6337 216 1 178
K 0 0 43
A D 3 96
H 178 B 0 0 112 2 22 533
J B 156 32877 1 82 6913 72 0
J D 0 32909 0 1 1 0 1 179
W 0 168 33 dimin.
J N 7 32909 52 5 1 0 1 180
K 0 0 43
K 38 0 44
K 0 0 59
K 0 -31 59
A D 36 96
J B 157 32996 1 82 6913 864 0
J N 7 33028 52 5 1 0 1 180
K 0 0 43
K 38 0 44
K 0 0 59
K 0 -31 59
A D 36 96
H 180 T 52 0 0 0 0 0 9 0
J M 0 33109 0 0 6913 864 1 179
H 179 W 31 0 149 168 21 168
J B 158 33115 1 82 6913 0 0
J D 0 33147 0 1 1 0 0
W 0 -52 31 pizz.
J N 6 33147 52 4 1 0 0
K 0 0 43
K 0 73 108
K 0 0 53
A D 12 96
J R 6 33199 42 2 2305 288 0
K 0 0 49
A D 12 96
J R 6 33244 42 2 4609 288 0
K 0 0 49
A D 12 96
J B 159 33295 1 82 6913 288 0
J N 6 33327 21 3 1 0 0
K 0 0 43
K 0 0 54
A D 12 96
J R 6 33372 42 2 2305 288 0
K 0 0 49
A D 12 96
J R 6 33417 42 2 4609 288 0
K 0 0 49
A D 12 96
J B 160 33468 1 82 6913 288 0
J N 6 33500 31 3 1 0 0
K 0 0 43
K 0 0 54
A D 12 96
J R 6 33545 42 2 2305 288 0
K 0 0 49
A D 12 96
J R 6 33590 42 2 4609 288 0
K 0 0 49
A D 12 96
J B 161 33641 1 82 6913 288 0
J S 4 33686 31 8 2 288 0
K 0 0 62
K 0 5 62
K 0 11 92
K 30 11 92
K 60 11 92
K 90 0 62
K 90 5 62
K 30 11 73
J B 163 33821 1 82 6913 1 0
J D 0 33853 0 1 1 0 0
W 0 -52 31 arco
J N 4 33853 63 4 1 0 2 181 182
K 0 0 43
K 0 62 108
K 34 62 108
A D 3 96
J N 4 33888 84 2 577 72 1 182
K 0 0 43
A D 3 96
J N 4 33923 105 5 1153 72 1 182
K 1 0 45
K 0 0 43
K -1 0 45
K 6 0 45
A D 3 96
J N 4 33963 84 2 1729 72 2 182 181
K 0 0 43
A D 3 96
H 182 B 0 0 112 4 222 111 111 333
H 181 S 12 0 0 0 21 1 0 0 0
J N 4 34003 63 2 2305 72 2 183 184
K 0 0 43
A D 3 96
J N 4 34038 84 2 2881 72 1 184
K 0 0 43
A D 3 96
J N 4 34073 105 5 3457 72 1 184
K 1 0 45
K 0 0 43
K -1 0 45
K 6 0 45
A D 3 96
J N 4 34113 84 2 4033 72 2 184 183
K 0 0 43
A D 3 96
H 184 B 0 0 112 4 222 111 111 333
H 183 S 12 0 0 0 21 1 0 0 0
J N 4 34153 63 2 4609 72 2 185 186
K 0 0 43
A D 3 96
J N 4 34188 84 2 5185 72 1 186
K 0 0 43
A D 3 96
J N 4 34223 105 5 5761 72 1 186
K 1 0 45
K 0 0 43
K -1 0 45
K 6 0 45
A D 3 96
J N 4 34263 84 2 6337 72 2 186 185
K 0 0 43
A D 3 96
H 186 B 0 0 112 4 222 111 111 333
H 185 S 12 0 0 0 21 1 0 0 0
J B 164 34304 1 82 6913 72 0
J N 6 34336 63 3 1 0 0
K 0 0 43
K 0 0 53
A D 12 96
J R 6 34388 42 2 2305 288 0
K 0 0 49
A D 12 96
J R 6 34433 42 2 4609 288 0
K 0 0 49
A D 12 96
J B 165 34484 1 82 6913 288 0
J S 6 34555 42 46 0 0 0
J B 166 34666 1 82 6913 1 0
J R 6 34698 42 2 1 0 0
K 0 0 49
A D 12 96
J R 6 34743 42 2 2305 288 0
K 0 0 49
A D 12 96
J D 0 34788 0 1 4609 288 0
W 0 -52 31 pizz.
J N 6 34788 73 3 4609 0 0
K 0 0 43
K 0 0 53
A D 12 96
J B 167 34846 1 82 6913 288 0
J N 6 34878 73 2 1 0 1 187
K 0 0 43
A D 12 96
J N 6 34923 73 2 2305 288 1 187
K 0 0 43
A D 12 96
J N 6 34968 73 2 4609 288 1 187
K 0 0 43
A D 12 96
H 187 B 0 0 112 3 2 1 3
J B 168 35019 1 82 6913 288 0
J N 6 35051 31 2 1 0 1 188
K 0 0 43
A D 12 96
J N 6 35096 31 2 2305 288 1 188
K 0 0 43
A D 12 96
J N 6 35141 31 2 4609 288 1 188
K 0 0 43
A D 12 96
H 188 B 1 0 112 3 2 1 3
J B 169 35192 1 82 6913 288 0
J N 6 35224 0 2 1 0 1 189
K 0 0 43
A D 12 96
J N 6 35269 0 2 2305 288 1 189
K 0 0 43
A D 12 96
J N 6 35314 0 2 4609 288 1 189
K 0 0 43
A D 12 96
H 189 B 1 0 112 3 2 1 3
J B 170 35365 1 82 6913 288 0
J N 6 35403 10 3 1 0 1 190
K -23 0 65
K 0 0 43
A D 12 96
J N 6 35448 10 2 2305 288 1 190
K 0 0 43
A D 12 96
J N 6 35493 10 2 4609 288 1 190
K 0 0 43
A D 12 96
H 190 B 1 0 112 3 2 1 3
J B 171 35544 1 82 6913 288 0
J N 6 35582 -21 6 1 0 1 191
K 0 0 45
K -23 0 65
K 0 0 43
K -1 0 45
K 6 0 45
A D 12 96
J N 6 35627 -21 5 2305 288 1 191
K 0 0 45
K 0 0 43
K -1 0 45
K 6 0 45
A D 12 96
J N 6 35672 -21 5 4609 288 1 191
K 0 0 45
K 0 0 43
K -1 0 45
K 6 0 45
A D 12 96
H 191 B 1 0 112 3 2 1 3
J B 172 35723 1 82 6913 288 0
J N 6 35761 10 3 1 0 1 192
K -23 0 65
K 0 0 43
A D 12 96
J N 6 35806 10 2 2305 288 1 192
K 0 0 43
A D 12 96
J N 6 35851 10 2 4609 288 1 192
K 0 0 43
A D 12 96
H 192 B 1 0 112 3 2 1 3
J B 173 35902 1 82 6913 288 0
J N 6 35934 0 2 1 0 1 193
K 0 0 43
A D 12 96
J N 6 35979 0 2 2305 288 1 193
K 0 0 43
A D 12 96
J N 6 36024 0 2 4609 288 1 193
K 0 0 43
A D 12 96
H 193 B 1 0 112 3 2 1 3
J B 174 36075 1 82 6913 288 0
J D 0 36107 0 1 1 0 0
W 0 168 33 cresc.
J N 6 36107 31 2 1 0 1 194
K 0 0 43
A D 12 96
J N 5 36152 31 2 2305 288 1 194
K 0 0 43
A D 6 96
J N 5 36187 73 2 3457 144 1 194
K 0 0 43
A D 6 96
J N 5 36227 0 2 4609 144 1 194
K 0 0 43
A D 6 96
J N 5 36267 0 2 5761 144 1 194
K 0 0 43
A D 6 96
H 194 B 1 0 112 5 2 21 11 11 33
J B 175 36308 1 82 6913 144 0
J N 6 36340 31 2 1 0 1 195
K 0 0 43
A D 12 96
J N 5 36385 31 2 2305 288 1 195
K 0 0 43
A D 6 96
J N 5 36425 31 2 3457 144 1 195
K 0 0 43
A D 6 96
J N 5 36465 0 2 4609 144 1 195
K 0 0 43
A D 6 96
J N 5 36500 73 2 5761 144 1 195
K 0 0 43
A D 6 96
H 195 B 1 0 112 5 2 21 11 11 33
J B 176 36541 1 82 6913 144 0
J N 5 36573 31 4 1 0 1 196
K 0 0 43
K 0 -21 96
K 0 109 110
A D 6 96
J N 5 36613 31 3 1153 144 1 196
K 0 0 43
K 0 -21 96
A D 6 96
H 196 B 1 0 112 2 22 33
J R 6 36648 42 2 2305 144 0
K 0 0 49
A D 12 96
J R 6 36693 42 2 4609 288 0
K 0 0 49
A D 12 96
J B 177 36744 1 82 6913 288 0
J S 4 36789 31 8 3 288 0
K 0 0 62
K 0 5 62
K 0 11 92
K 30 11 92
K 60 11 92
K 90 0 62
K 90 5 62
K 30 11 74
J B 180 36924 1 82 6913 1 0
J R 6 36956 42 2 1 0 0
K 0 0 49
A D 12 96
J D 0 37001 0 1 2305 288 0
W 0 -52 31 arco
J R 6 37001 42 2 2305 0 0
K 0 0 49
A D 12 96
J N 5 37052 0 5 4609 288 2 197 198
K -22 0 64
K 0 0 43
K 0 136 108
K 34 136 108
A D 6 96
J N 5 37092 -11 2 5761 144 1 198
K 0 0 43
A D 6 96
H 198 B 1 0 112 2 22 33
J B 181 37133 1 82 6913 144 0
J D 0 37165 0 1 1 0 1 199
W 0 168 33 cresc.
J N 5 37165 -21 5 1 0 1 200
K 0 0 45
K 0 0 43
K -1 0 45
K 6 0 45
A D 6 96
J N 5 37205 -32 5 1153 144 1 200
K 0 11 45
K 0 0 43
K 0 11 45
K 2 11 45
A D 6 96
J N 5 37245 -42 6 2305 144 1 200
K 0 21 45
K 0 0 45
K 0 0 43
K -1 0 45
K 6 0 45
A D 6 96
J N 5 37285 -53 6 3457 144 1 200
K 0 32 45
K 0 11 45
K 0 0 43
K 0 11 45
K 2 11 45
A D 6 96
J N 5 37320 -42 6 4609 144 1 200
K 0 21 45
K 0 0 45
K 0 0 43
K -1 0 45
K 6 0 45
A D 6 96
J N 5 37355 -32 5 5761 144 1 200
K 0 11 45
K 0 0 43
K 0 11 45
K 2 11 45
A D 6 96
H 200 B 1 0 112 6 22 11 11 11 11 33
J B 182 37396 1 82 6913 144 0
J N 5 37428 -21 5 1 0 1 201
K 0 0 45
K 0 0 43
K -1 0 45
K 6 0 45
A D 6 96
J N 5 37463 -11 2 1153 144 1 201
K 0 0 43
A D 6 96
J N 5 37526 0 3 2305 144 1 201
K -23 0 65
K 0 0 43
A D 6 96
J N 5 37561 10 2 3457 144 1 201
K 0 0 43
A D 6 96
J N 5 37596 21 2 4609 144 1 201
K 0 0 43
A D 6 96
J N 5 37631 31 2 5761 144 1 201
K 0 0 43
A D 6 96
H 201 B 1 0 112 6 22 11 11 11 11 33
J B 183 37672 1 82 6913 144 0
J N 5 37704 42 2 1 0 1 202
K 0 0 43
A D 6 96
J N 5 37739 52 2 1153 144 1 202
K 0 0 43
A D 6 96
J N 5 37774 63 2 2305 144 1 202
K 0 0 43
A D 6 96
J N 5 37809 73 2 3457 144 1 202
K 0 0 43
A D 6 96
J N 5 37844 84 2 4609 144 1 202
K 0 0 43
A D 6 96
J N 5 37879 94 2 5761 144 1 202
K 0 0 43
A D 6 96
H 202 B 0 0 112 6 22 11 11 11 11 33
J B 184 37920 1 82 6913 144 0
J N 5 37952 105 5 1 0 1 203
K 1 0 45
K 0 0 43
K -1 0 45
K 6 0 45
A D 6 96
J N 5 37992 42 2 1153 144 1 203
K 0 0 43
A D 6 96
J N 5 38027 52 2 2305 144 1 203
K 0 0 43
A D 6 96
J N 5 38062 63 2 3457 144 1 203
K 0 0 43
A D 6 96
J N 5 38097 73 2 4609 144 1 203
K 0 0 43
A D 6 96
J N 5 38132 84 2 5761 144 2 203 197
K 0 0 43
A D 6 96
H 203 B 0 0 112 6 22 11 11 11 11 33
H 197 S 0 0 -42 9 -97 0 0 0 0
J B 185 38173 1 82 6913 144 0
J S 0 38205 168 2 1 0 1 199
K 0 0 110
K 30 0 110
H 199 D 110 -52 168 0 33
J N 4 38205 73 2 1 0 1 204
K 0 0 43
A D 3 96
J N 4 38245 73 2 577 72 1 204
K 0 0 43
A D 3 96
J N 4 38285 73 2 1153 72 1 204
K 0 0 43
A D 3 96
J N 4 38325 73 2 1729 72 1 204
K 0 0 43
A D 3 96
H 204 B 0 0 112 4 222 111 111 333
J N 4 38365 73 2 2305 72 1 205
K 0 0 43
A D 3 96
J N 4 38405 73 2 2881 72 1 205
K 0 0 43
A D 3 96
J N 4 38445 73 2 3457 72 1 205
K 0 0 43
A D 3 96
J N 4 38485 73 2 4033 72 1 205
K 0 0 43
A D 3 96
H 205 B 0 0 112 4 222 111 111 333
J N 4 38525 73 2 4609 72 1 206
K 0 0 43
A D 3 96
J N 4 38565 73 2 5185 72 1 206
K 0 0 43
A D 3 96
J N 4 38605 73 2 5761 72 1 206
K 0 0 43
A D 3 96
J N 4 38645 73 2 6337 72 1 206
K 0 0 43
A D 3 96
H 206 B 0 0 112 4 222 111 111 333
J B 186 38686 1 82 6913 72 0
J N 4 38718 42 2 1 0 1 207
K 0 0 43
A D 3 96
J N 4 38758 42 2 577 72 1 207
K 0 0 43
A D 3 96
J N 4 38798 42 2 1153 72 1 207
K 0 0 43
A D 3 96
J N 4 38838 42 2 1729 72 1 207
K 0 0 43
A D 3 96
H 207 B 1 0 112 4 222 111 111 333
J N 4 38878 42 2 2305 72 1 208
K 0 0 43
A D 3 96
J N 4 38918 42 2 2881 72 1 208
K 0 0 43
A D 3 96
J N 4 38958 42 2 3457 72 1 208
K 0 0 43
A D 3 96
J N 4 38998 42 2 4033 72 1 208
K 0 0 43
A D 3 96
H 208 B 1 0 112 4 222 111 111 333
J N 4 39038 42 2 4609 72 1 209
K 0 0 43
A D 3 96
J N 4 39078 42 2 5185 72 1 209
K 0 0 43
A D 3 96
J N 4 39118 42 2 5761 72 1 209
K 0 0 43
A D 3 96
J N 4 39158 42 2 6337 72 1 209
K 0 0 43
A D 3 96
H 209 B 1 0 112 4 222 111 111 333
J B 187 39199 1 82 6913 72 0
J N 4 39231 63 2 1 0 1 210
K 0 0 43
A D 3 96
J N 4 39271 63 2 577 72 1 210
K 0 0 43
A D 3 96
J N 4 39311 63 2 1153 72 1 210
K 0 0 43
A D 3 96
J N 4 39351 63 2 1729 72 1 210
K 0 0 43
A D 3 96
H 210 B 0 0 112 4 222 111 111 333
J N 4 39386 84 2 2305 72 1 211
K 0 0 43
A D 3 96
J N 4 39426 84 2 2881 72 1 211
K 0 0 43
A D 3 96
J N 4 39466 84 2 3457 72 1 211
K 0 0 43
A D 3 96
J N 4 39506 84 2 4033 72 1 211
K 0 0 43
A D 3 96
H 211 B 0 0 112 4 222 111 111 333
J N 4 39546 63 2 4609 72 1 212
K 0 0 43
A D 3 96
J N 4 39586 63 2 5185 72 1 212
K 0 0 43
A D 3 96
J N 4 39626 63 2 5761 72 1 212
K 0 0 43
A D 3 96
J N 4 39666 63 2 6337 72 1 212
K 0 0 43
A D 3 96
H 212 B 0 0 112 4 222 111 111 333
J B 188 39707 1 82 6913 72 0
J N 4 39739 52 2 1 0 1 213
K 0 0 43
A D 3 96
J N 4 39779 52 2 577 72 1 213
K 0 0 43
A D 3 96
J N 4 39819 52 2 1153 72 1 213
K 0 0 43
A D 3 96
J N 4 39859 52 2 1729 72 1 213
K 0 0 43
A D 3 96
H 213 B 0 0 112 4 222 111 111 333
J N 4 39899 52 2 2305 72 1 214
K 0 0 43
A D 3 96
J N 4 39939 52 2 2881 72 1 214
K 0 0 43
A D 3 96
J N 4 39979 52 2 3457 72 1 214
K 0 0 43
A D 3 96
J N 4 40019 52 2 4033 72 1 214
K 0 0 43
A D 3 96
H 214 B 0 0 112 4 222 111 111 333
J N 4 40059 52 2 4609 72 1 215
K 0 0 43
A D 3 96
J N 4 40099 52 2 5185 72 1 215
K 0 0 43
A D 3 96
J N 4 40139 52 2 5761 72 1 215
K 0 0 43
A D 3 96
J N 4 40179 52 2 6337 72 1 215
K 0 0 43
A D 3 96
H 215 B 0 0 112 4 222 111 111 333
J B 189 40220 1 82 6913 72 0
J N 4 40258 31 3 1 0 1 216
K -23 0 65
K 0 0 43
A D 3 96
J N 4 40298 31 2 577 72 1 216
K 0 0 43
A D 3 96
J N 4 40338 31 2 1153 72 1 216
K 0 0 43
A D 3 96
J N 4 40378 31 2 1729 72 1 216
K 0 0 43
A D 3 96
H 216 B 1 0 112 4 222 111 111 333
J N 4 40413 42 2 2305 72 1 217
K 0 0 43
A D 3 96
J N 4 40453 42 2 2881 72 1 217
K 0 0 43
A D 3 96
J N 4 40493 42 2 3457 72 1 217
K 0 0 43
A D 3 96
J N 4 40533 42 2 4033 72 1 217
K 0 0 43
A D 3 96
H 217 B 1 0 112 4 222 111 111 333
J N 4 40568 63 2 4609 72 1 218
K 0 0 43
A D 3 96
J N 4 40608 63 2 5185 72 1 218
K 0 0 43
A D 3 96
J N 4 40648 63 2 5761 72 1 218
K 0 0 43
A D 3 96
J N 4 40688 63 2 6337 72 1 218
K 0 0 43
A D 3 96
H 218 B 0 0 112 4 222 111 111 333
J B 190 40729 1 82 6913 72 0
J N 4 40761 42 2 1 0 1 219
K 0 0 43
A D 3 96
J N 4 40801 42 2 577 72 1 219
K 0 0 43
A D 3 96
J N 4 40841 42 2 1153 72 1 219
K 0 0 43
A D 3 96
J N 4 40881 42 2 1729 72 1 219
K 0 0 43
A D 3 96
H 219 B 1 0 112 4 222 111 111 333
J N 4 40916 52 2 2305 72 1 220
K 0 0 43
A D 3 96
J N 4 40956 52 2 2881 72 1 220
K 0 0 43
A D 3 96
J N 4 40996 52 2 3457 72 1 220
K 0 0 43
A D 3 96
J N 4 41036 52 2 4033 72 1 220
K 0 0 43
A D 3 96
H 220 B 0 0 112 4 222 111 111 333
J N 4 41071 73 2 4609 72 1 221
K 0 0 43
A D 3 96
J N 4 41111 73 2 5185 72 1 221
K 0 0 43
A D 3 96
J N 4 41151 73 2 5761 72 1 221
K 0 0 43
A D 3 96
J N 4 41191 73 2 6337 72 1 221
K 0 0 43
A D 3 96
H 221 B 0 0 112 4 222 111 111 333
J B 191 41232 1 82 6913 72 0
J N 4 41264 105 5 1 0 1 222
K 1 0 45
K 0 0 43
K -1 0 45
K 6 0 45
A D 3 96
J N 4 41326 115 6 577 72 1 222
K 1 -10 45
K -22 0 64
K 0 0 43
K 0 -10 45
K 2 -10 45
A D 3 96
J N 4 41366 105 5 1153 72 1 222
K 1 0 45
K 0 0 43
K -1 0 45
K 6 0 45
A D 3 96
J N 4 41406 94 2 1729 72 1 222
K 0 0 43
A D 3 96
H 222 B 0 0 112 4 222 111 111 333
J N 4 41446 84 2 2305 72 1 223
K 0 0 43
A D 3 96
J N 4 41486 73 2 2881 72 1 223
K 0 0 43
A D 3 96
J N 4 41526 63 2 3457 72 1 223
K 0 0 43
A D 3 96
J N 4 41566 52 2 4033 72 1 223
K 0 0 43
A D 3 96
H 223 B 0 0 112 4 222 111 111 333
J N 4 41629 42 3 4609 72 1 224
K -23 0 65
K 0 0 43
A D 3 96
J N 4 41669 31 2 5185 72 1 224
K 0 0 43
A D 3 96
J N 4 41709 21 2 5761 72 1 224
K 0 0 43
A D 3 96
J N 4 41749 10 2 6337 72 1 224
K 0 0 43
A D 3 96
H 224 B 1 0 112 4 222 111 111 333
J B 192 41790 1 82 6913 72 0
J N 6 41822 0 3 1 0 0
K 0 0 43
K 0 0 54
A D 12 96
J R 6 41867 42 2 2305 288 0
K 0 0 49
A D 12 96
J N 5 41912 0 3 4609 288 1 225
K 0 0 43
K 36 -9 44
A D 9 96
J N 4 41968 -21 5 6337 216 1 225
K 0 0 45
K 0 0 43
K -1 0 45
K 6 0 45
A D 3 96
H 225 B 1 0 112 2 22 533
J B 193 42009 1 82 6913 72 0
J N 7 42041 -42 11 1 0 0
K 0 21 45
K 0 0 45
K 0 0 43
K -1 0 45
K 6 0 45
K 36 -9 44
K 0 178 111
K 18 178 110
K 0 0 60
K 0 42 60
A D 36 96
J B 194 42128 1 82 6913 864 0
J N 4 42160 -21 7 1 0 0
K 0 0 45
K 0 0 43
K -1 0 45
K 6 0 45
K 0 0 56
K 0 21 58
A D 3 96
J N 4 42195 73 2 577 72 1 226
K 0 0 43
A D 3 96
J N 4 42235 63 2 1153 72 1 226
K 0 0 43
A D 3 96
J N 4 42275 52 2 1729 72 1 226
K 0 0 43
A D 3 96
H 226 B 0 0 112 3 222 111 333
J N 4 42315 42 2 2305 72 1 227
K 0 0 43
A D 3 96
J N 4 42355 31 2 2881 72 1 227
K 0 0 43
A D 3 96
J N 4 42395 21 2 3457 72 1 227
K 0 0 43
A D 3 96
J N 4 42435 10 2 4033 72 1 227
K 0 0 43
A D 3 96
H 227 B 1 0 112 4 222 111 111 333
J N 4 42475 0 2 4609 72 1 228
K 0 0 43
A D 3 96
J N 4 42515 -11 2 5185 72 1 228
K 0 0 43
A D 3 96
J N 4 42555 -21 5 5761 72 1 228
K 0 0 45
K 0 0 43
K -1 0 45
K 6 0 45
A D 3 96
J N 4 42595 -32 5 6337 72 1 228
K 0 11 45
K 0 0 43
K 0 11 45
K 2 11 45
A D 3 96
H 228 B 1 0 112 4 222 111 111 333
J B 195 42636 1 82 6913 72 0
J N 6 42668 -42 8 1 0 0
K 0 21 45
K 0 0 45
K 0 0 43
K -1 0 45
K 6 0 45
K 0 0 60
K 0 10 54
A D 12 96
J R 6 42713 42 2 2305 288 0
K 0 0 49
A D 12 96
J R 6 42758 42 2 4609 288 0
K 0 0 49
A D 12 96
J B 196 42809 1 82 6913 288 0
J S 4 42854 31 8 4 288 0
K 0 0 62
K 0 5 62
K 0 11 92
K 30 11 92
K 60 11 92
K 90 0 62
K 90 5 62
K 30 11 75
J B 200 42989 1 82 6913 1 0
J N 7 43021 21 6 1 0 0
K 0 0 43
K 36 -9 44
K 0 115 108
K 0 0 60
K 0 31 60
A D 36 96
J B 201 43108 1 82 6913 864 0
J N 7 43140 52 5 1 0 0
K 0 0 43
K 38 0 44
K 0 0 59
K 0 -31 59
A D 36 96
J B 202 43227 1 82 6913 864 0
J N 6 43259 31 2 1 0 1 229
K 0 0 43
A D 12 96
J N 6 43304 31 2 2305 288 1 229
K 0 0 43
A D 12 96
J N 6 43349 31 2 4609 288 1 229
K 0 0 43
A D 12 96
H 229 B 1 0 112 3 2 1 3
J B 203 43400 1 82 6913 288 0
J D 5 43432 -60 1 1 0 0
W 0 0 37 Pi\8u moto
J N 6 43432 73 3 1 0 0
K 0 0 43
K 0 0 53
A D 12 96
J R 6 43484 42 2 2305 288 0
K 0 0 49
A D 12 96
J N 6 43529 31 3 4609 288 1 230
K 0 0 43
K 0 0 54
A D 12 96
J B 204 43580 1 82 6913 288 0
J N 6 43612 73 3 1 0 1 230
K 0 0 43
K 0 0 53
A D 12 96
H 230 S 0 0 0 0 0 0 0 0 0
J R 6 43664 42 2 2305 288 0
K 0 0 49
A D 12 96
J N 6 43709 105 6 4609 288 1 231
K 1 0 45
K 0 0 43
K -1 0 45
K 6 0 45
K 0 0 53
A D 12 96
J B 205 43767 1 82 6913 288 0
J N 5 43799 73 3 1 0 1 231
K 0 0 43
K 0 0 55
A D 6 96
H 231 S 12 0 0 0 0 0 0 0 0
J R 5 43851 42 3 1153 144 0
K 0 21 49
K 6 0 50
A D 6 96
J N 5 43892 73 5 2305 144 0
K 0 0 43
K 0 52 108
K 34 52 108
K 0 0 55
A D 6 96
J R 5 43944 42 3 3457 144 0
K 0 21 49
K 6 0 50
A D 6 96
J N 5 43985 73 3 4609 144 0
K 0 0 43
K 0 0 55
A D 6 96
J R 5 44037 42 3 5761 144 0
K 0 21 49
K 6 0 50
A D 6 96
J B 206 44084 1 82 6913 144 0
J N 5 44116 73 3 1 0 0
K 0 0 43
K 0 0 55
A D 6 96
J R 5 44168 42 3 1153 144 0
K 0 21 49
K 6 0 50
A D 6 96
J N 5 44209 73 3 2305 144 0
K 0 0 43
K 0 0 55
A D 6 96
J R 5 44261 42 3 3457 144 0
K 0 21 49
K 6 0 50
A D 6 96
J N 5 44302 73 3 4609 144 0
K 0 0 43
K 0 0 55
A D 6 96
J R 5 44354 42 3 5761 144 0
K 0 21 49
K 6 0 50
A D 6 96
J B 207 44401 1 82 6913 144 0
J N 5 44433 73 3 1 0 0
K 0 0 43
K 0 0 55
A D 6 96
J R 5 44485 42 3 1153 144 0
K 0 21 49
K 6 0 50
A D 6 96
J N 5 44526 73 3 2305 144 0
K 0 0 43
K 0 0 55
A D 6 96
J R 5 44578 42 3 3457 144 0
K 0 21 49
K 6 0 50
A D 6 96
J N 5 44619 73 3 4609 144 0
K 0 0 43
K 0 0 55
A D 6 96
J R 5 44671 42 3 5761 144 0
K 0 21 49
K 6 0 50
A D 6 96
J B 208 44718 1 82 6913 144 0
J N 5 44750 73 3 1 0 0
K 0 0 43
K 0 0 55
A D 6 96
J R 5 44802 42 3 1153 144 0
K 0 21 49
K 6 0 50
A D 6 96
J N 5 44843 73 3 2305 144 0
K 0 0 43
K 0 0 55
A D 6 96
J R 5 44895 42 3 3457 144 0
K 0 21 49
K 6 0 50
A D 6 96
J N 5 44936 73 3 4609 144 0
K 0 0 43
K 0 0 55
A D 6 96
J R 5 44988 42 3 5761 144 0
K 0 21 49
K 6 0 50
A D 6 96
J B 209 45035 1 82 6913 144 0
J N 5 45067 73 3 1 0 0
K 0 0 43
K 0 0 55
A D 6 96
J R 5 45119 42 3 1153 144 0
K 0 21 49
K 6 0 50
A D 6 96
J N 5 45160 73 3 2305 144 0
K 0 0 43
K 0 0 55
A D 6 96
J R 5 45212 42 3 3457 144 0
K 0 21 49
K 6 0 50
A D 6 96
J N 5 45253 31 3 4609 144 1 232
K 0 0 43
K 0 -21 96
A D 6 96
J N 5 45293 21 3 5761 144 1 232
K 0 0 43
K 0 -32 96
A D 6 96
H 232 B 1 0 112 2 22 33
J B 210 45334 1 82 6913 144 0
J N 5 45372 10 4 1 0 1 233
K -23 0 65
K 0 0 43
K 0 -26 96
A D 6 96
J N 5 45407 21 3 1153 144 1 233
K 0 0 43
K 0 -32 96
A D 6 96
J N 5 45442 31 3 2305 144 1 233
K 0 0 43
K 0 -21 96
A D 6 96
J N 5 45482 21 3 3457 144 1 233
K 0 0 43
K 0 -32 96
A D 6 96
J N 5 45522 10 3 4609 144 1 233
K 0 0 43
K 0 -26 96
A D 6 96
J N 5 45557 31 3 5761 144 1 233
K 0 0 43
K 0 -21 96
A D 6 96
H 233 B 1 0 112 6 22 11 11 11 11 33
J B 211 45598 1 82 6913 144 0
J N 5 45630 21 3 1 0 1 234
K 0 0 43
K 0 -32 96
A D 6 96
J N 5 45665 31 3 1153 144 1 234
K 0 0 43
K 0 -21 96
A D 6 96
J N 5 45700 42 3 2305 144 1 234
K 0 0 43
K 0 -32 96
A D 6 96
J N 5 45740 31 3 3457 144 1 234
K 0 0 43
K 0 -21 96
A D 6 96
J N 5 45780 21 3 4609 144 1 234
K 0 0 43
K 0 -32 96
A D 6 96
J N 5 45815 42 3 5761 144 1 234
K 0 0 43
K 0 -32 96
A D 6 96
H 234 B 1 0 112 6 22 11 11 11 11 33
J B 212 45856 1 82 6913 144 0
J N 5 45894 21 4 1 0 1 235
K -23 0 65
K 0 0 43
K 0 -32 96
A D 6 96
J N 5 45929 31 3 1153 144 1 235
K 0 0 43
K 0 -21 96
A D 6 96
J N 5 45964 42 3 2305 144 1 235
K 0 0 43
K 0 -32 96
A D 6 96
J N 5 46004 31 3 3457 144 1 235
K 0 0 43
K 0 -21 96
A D 6 96
J N 5 46044 21 3 4609 144 1 235
K 0 0 43
K 0 -32 96
A D 6 96
J N 5 46079 42 3 5761 144 1 235
K 0 0 43
K 0 -32 96
A D 6 96
H 235 B 1 0 112 6 22 11 11 11 11 33
J B 213 46120 1 82 6913 144 0
J N 6 46152 31 3 1 0 0
K 0 0 43
K 0 0 54
A D 12 96
J R 5 46197 42 4 2305 288 0
K 0 21 49
K 6 0 50
K 43 -10 44
A D 9 96
J D 0 46245 0 1 4033 216 0
W 0 168 33 cresc.
J N 4 46251 73 2 4033 0 2 236 237
K 0 0 43
A D 3 96
J N 5 46291 52 3 4609 72 1 237
K 0 0 43
K 38 0 44
A D 9 96
J N 4 46333 31 2 6337 216 1 237
K 0 0 43
A D 3 96
H 237 B 0 0 112 3 422 11 533
J B 214 46374 1 82 6913 72 0
J N 6 46406 0 2 1 0 1 238
K 0 0 43
A D 12 96
J N 6 46451 -21 5 2305 288 1 238
K 0 0 45
K 0 0 43
K -1 0 45
K 6 0 45
A D 12 96
J N 6 46496 -42 7 4609 288 1 238
K 0 21 45
K 0 0 45
K 0 0 43
K -1 0 45
K 6 0 45
K 0 178 110
A D 12 96
H 238 B 1 0 112 3 2 1 3
J B 215 46547 1 82 6913 288 0
J N 6 46579 -21 6 1 0 1 236
K 0 0 45
K 0 0 43
K -1 0 45
K 6 0 45
K 0 0 54
A D 12 96
H 236 S 0 9 -99 0 -11 1 0 0 0
J R 5 46624 42 4 2305 288 0
K 0 21 49
K 6 0 50
K 43 -10 44
A D 9 96
J D 0 46672 0 1 4033 216 0
W 0 168 31 !1p !33cresc.
J N 4 46678 73 2 4033 0 2 239 240
K 0 0 43
A D 3 96
J N 5 46718 52 3 4609 72 1 240
K 0 0 43
K 38 0 44
A D 9 96
J N 4 46760 31 2 6337 216 2 240 239
K 0 0 43
A D 3 96
H 240 B 0 0 112 3 422 11 533
H 239 S 12 0 0 0 0 0 0 0 0
J B 216 46801 1 82 6913 72 0
J N 5 46833 0 2 1 0 3 241 242 243
K 0 0 43
A D 4 96
J N 5 46873 -21 5 769 96 1 243
K 0 0 45
K 0 0 43
K -1 0 45
K 6 0 45
A D 4 96
J N 5 46913 -42 6 1537 96 3 243 241 242
K 0 21 45
K 0 0 45
K 0 0 43
K -1 0 45
K 6 0 45
A D 4 96
H 242 X 9 3 0 0 0 0 243
H 243 B 1 0 112 3 22 11 33
H 241 S 0 0 -21 0 -21 0 0 0 0
J N 6 46948 0 2 2305 96 2 244 245
K 0 0 43
A D 12 96
J N 6 46993 31 3 4609 288 1 245
K 0 0 43
K 0 115 110
A D 12 96
H 245 B 1 0 112 2 2 3
J B 217 47044 1 82 6913 288 0
J N 6 47076 0 3 1 0 1 244
K 0 0 43
K 0 0 54
A D 12 96
H 244 S 0 0 0 0 0 0 0 0 0
J R 5 47121 42 3 2305 288 1 246
K 0 21 49
K 6 0 50
A D 4 96
J D 0 47162 0 1 3073 96 0
W 0 168 31 !1p !33cresc.
J N 5 47162 73 2 3073 0 2 247 248
K 0 0 43
A D 4 96
J N 5 47202 52 2 3841 96 2 248 246
K 0 0 43
A D 4 96
H 246 X 1 3 0 -52 0 -62 0
H 248 B 0 0 112 2 22 33
J N 5 47242 31 2 4609 96 2 249 250
K 0 0 43
A D 4 96
J N 5 47282 0 2 5377 96 1 250
K 0 0 43
A D 4 96
J N 5 47322 -21 5 6145 96 3 250 247 249
K 0 0 45
K 0 0 43
K -1 0 45
K 6 0 45
A D 4 96
H 249 X 9 3 0 0 0 0 250
H 250 B 1 0 112 3 22 11 33
H 247 S 0 9 -59 0 0 0 0 0 0
J B 218 47363 1 82 6913 96 0
J N 5 47395 31 4 1 0 3 251 252 253
K 0 0 43
K 0 127 110
K 30 127 110
A D 4 96
J N 5 47435 0 2 769 96 1 253
K 0 0 43
A D 4 96
J N 5 47475 -21 5 1537 96 3 253 251 252
K 0 0 45
K 0 0 43
K -1 0 45
K 6 0 45
A D 4 96
H 252 X 9 3 0 0 0 0 253
H 253 B 1 0 112 3 22 11 33
H 251 S 0 0 -21 0 -21 0 0 0 0
J D 5 47510 -60 1 2305 96 0
W 0 0 37 Tempo I
J N 6 47510 -42 8 2305 0 0
K 0 21 45
K 0 0 45
K 0 0 43
K -1 0 45
K 6 0 45
K 0 0 60
K 0 10 54
A D 12 96
J R 6 47555 42 2 4609 288 0
K 0 0 49
A D 12 96
J B 219 47606 1 82 6913 288 0
J S 4 47651 31 8 5 288 0
K 0 0 62
K 0 5 62
K 0 11 92
K 30 11 92
K 60 11 92
K 90 0 62
K 90 5 62
K 30 11 76
J B 224 47786 1 82 6913 1 0
J D 0 47818 0 1 1 0 0
W 0 168 33 cresc.
J N 7 47818 21 5 1 0 0
K 0 0 43
K 36 -9 44
K 0 0 60
K 0 31 60
A D 36 96
J B 225 47905 1 82 6913 864 0
J N 6 47937 42 3 1 0 2 254 255
K 0 0 43
K 0 123 110
A D 12 96
J N 6 47982 0 5 2305 288 2 255 254
K 0 0 43
K 36 -9 44
K 0 157 111
K 18 157 110
A D 18 96
H 255 B 1 0 112 2 2 3
H 254 S 0 0 0 0 0 0 0 0 0
J N 5 48038 0 3 5761 432 0
K 0 0 43
K 0 0 56
A D 6 96
J B 226 48079 1 82 6913 144 0
J N 6 48111 -11 3 1 0 2 256 257
K 0 0 43
K 0 147 110
A D 12 96
J S 0 48156 168 2 2305 288 1 258
K 0 0 111
K 18 0 110
J N 6 48156 -21 6 2305 0 2 257 256
K 0 0 45
K 0 0 43
K -1 0 45
K 6 0 45
K 36 -9 44
A D 18 96
H 257 B 1 0 112 2 2 3
H 256 S 0 0 0 0 0 0 0 0 0
J N 5 48211 52 3 5761 432 1 259
K 0 0 43
K 0 0 55
A D 6 96
J M 0 48252 0 0 6913 144 1 258
H 258 W 31 0 58 168 21 168
J B 227 48269 1 82 6913 0 0
J N 6 48301 42 4 1 0 1 259
K 0 0 43
K 0 83 108
K 0 0 51
A D 12 96
H 259 S 12 0 0 0 0 0 0 0 0
J R 6 48353 42 2 2305 288 0
K 0 0 49
A D 12 96
J R 6 48398 42 2 4609 288 0
K 0 0 49
A D 12 96
J B 228 48449 1 82 6913 288 0
J N 6 48481 31 5 1 0 0
K 0 0 43
K 0 115 108
K 34 115 108
K 0 0 54
A D 12 96
J R 6 48526 42 2 2305 288 0
K 0 0 49
A D 12 96
J R 6 48571 42 2 4609 288 0
K 0 0 49
A D 12 96
J B 229 48622 1 82 6913 288 0
J N 7 48654 73 5 1 0 1 260
K 0 0 43
K 38 0 44
K 0 0 59
K 0 -31 59
A D 36 96
J B 230 48741 1 82 6913 864 0
J N 7 48773 73 4 1 0 1 260
K 0 0 43
K 0 0 59
K 0 -31 59
A D 24 96
H 260 T 73 0 0 0 0 0 9 0
J N 5 48836 73 3 4609 576 1 261
K 0 0 43
K 38 0 44
A D 9 96
J N 4 48894 73 2 6337 216 1 261
K 0 0 43
A D 3 96
H 261 B 0 0 112 2 22 533
J B 231 48935 1 82 6913 72 0
J N 7 48967 73 5 1 0 1 262
K 0 0 43
K 38 0 44
K 0 0 59
K 0 -31 59
A D 36 96
J B 232 49054 1 82 6913 864 0
J N 7 49086 73 4 1 0 1 262
K 0 0 43
K 0 0 59
K 0 -31 59
A D 24 96
H 262 T 73 0 0 0 0 0 9 0
J N 5 49149 73 3 4609 576 1 263
K 0 0 43
K 38 0 44
A D 9 96
J N 4 49207 73 2 6337 216 1 263
K 0 0 43
A D 3 96
H 263 B 0 0 112 2 22 533
J B 233 49248 1 82 6913 72 0
J N 7 49280 73 5 1 0 1 264
K 0 0 43
K 38 0 44
K 0 0 59
K 0 -31 59
A D 36 96
J B 234 49367 1 82 6913 864 0
J N 7 49399 73 5 1 0 2 265 264
K 0 0 43
K 38 0 44
K 0 0 59
K 0 -31 59
A D 36 96
H 264 T 73 0 0 0 0 0 9 0
J B 235 49486 1 82 6913 864 0
J N 7 49518 73 4 1 0 1 265
K 0 0 43
K 0 0 59
K 0 -31 59
A D 24 96
H 265 T 73 0 0 0 0 0 9 0
J D 0 49581 0 1 4609 576 0
W 0 168 33 cresc.
J N 5 49581 126 7 4609 0 2 266 267
K 1 -21 45
K 1 0 45
K 0 0 43
K -1 0 45
K 6 0 45
K 36 -9 44
A D 9 96
J N 4 49623 105 5 6337 216 1 267
K 1 0 45
K 0 0 43
K -1 0 45
K 6 0 45
A D 3 96
H 267 B 0 0 112 2 22 533
J B 236 49664 1 82 6913 72 0
J N 7 49696 73 4 1 0 1 266
K 0 0 43
K 0 0 59
K 0 -31 59
A D 24 96
H 266 S 12 0 0 0 0 0 0 0 0
J N 5 49759 126 7 4609 576 2 268 269
K 1 -21 45
K 1 0 45
K 0 0 43
K -1 0 45
K 6 0 45
K 36 -9 44
A D 9 96
J N 4 49801 105 5 6337 216 1 269
K 1 0 45
K 0 0 43
K -1 0 45
K 6 0 45
A D 3 96
H 269 B 0 0 112 2 22 533
J B 237 49842 1 82 6913 72 0
J N 6 49874 73 2 1 0 2 270 268
K 0 0 43
A D 12 96
H 268 S 12 0 0 0 0 0 0 0 0
J N 5 49919 126 7 2305 288 2 271 270
K 1 -21 45
K 1 0 45
K 0 0 43
K -1 0 45
K 6 0 45
K 36 -9 44
A D 9 96
J N 4 49961 105 5 4033 216 1 270
K 1 0 45
K 0 0 43
K -1 0 45
K 6 0 45
A D 3 96
J N 6 50001 73 2 4609 72 2 270 271
K 0 0 43
A D 12 96
H 270 B 0 0 112 4 2 21 531 3
H 271 S 12 0 0 0 0 0 0 0 0
J B 238 50052 1 82 6913 288 0
J N 5 50084 126 7 1 0 2 272 273
K 1 -21 45
K 1 0 45
K 0 0 43
K -1 0 45
K 6 0 45
K 36 -9 44
A D 9 96
J N 4 50126 105 5 1729 216 1 273
K 1 0 45
K 0 0 43
K -1 0 45
K 6 0 45
A D 3 96
J N 6 50166 73 2 2305 72 2 273 272
K 0 0 43
A D 12 96
H 272 S 12 0 0 0 0 0 0 0 0
J N 5 50211 126 7 4609 288 2 274 273
K 1 -21 45
K 1 0 45
K 0 0 43
K -1 0 45
K 6 0 45
K 36 -9 44
A D 9 96
J N 4 50253 105 5 6337 216 1 273
K 1 0 45
K 0 0 43
K -1 0 45
K 6 0 45
A D 3 96
H 273 B 0 0 112 5 22 531 1 21 533
J B 239 50294 1 82 6913 72 0
J N 5 50326 73 4 1 0 2 275 274
K 0 0 43
K 0 26 96
K 0 84 110
A D 4 96
H 274 S 12 0 0 0 21 0 0 0 0
J N 5 50361 126 7 769 96 1 275
K 1 -21 45
K 1 0 45
K 0 0 43
K -1 0 45
K 6 0 45
K 0 26 96
A D 4 96
J N 5 50401 105 6 1537 96 1 275
K 1 0 45
K 0 0 43
K -1 0 45
K 6 0 45
K 0 26 96
A D 4 96
H 275 B 0 0 112 3 22 11 33
J N 5 50441 73 3 2305 96 1 276
K 0 0 43
K 0 26 96
A D 4 96
J N 5 50476 126 7 3073 96 1 276
K 1 -21 45
K 1 0 45
K 0 0 43
K -1 0 45
K 6 0 45
K 0 26 96
A D 4 96
J N 5 50516 105 6 3841 96 1 276
K 1 0 45
K 0 0 43
K -1 0 45
K 6 0 45
K 0 26 96
A D 4 96
H 276 B 0 0 112 3 22 11 33
J N 5 50556 73 3 4609 96 1 277
K 0 0 43
K 0 26 96
A D 4 96
J N 5 50591 126 7 5377 96 1 277
K 1 -21 45
K 1 0 45
K 0 0 43
K -1 0 45
K 6 0 45
K 0 26 96
A D 4 96
J N 5 50631 105 6 6145 96 1 277
K 1 0 45
K 0 0 43
K -1 0 45
K 6 0 45
K 0 26 96
A D 4 96
H 277 B 0 0 112 3 22 11 33
J B 240 50672 1 82 6913 96 0
J N 5 50704 73 2 1 0 1 278
K 0 0 43
A D 4 96
J N 5 50739 126 6 769 96 1 278
K 1 -21 45
K 1 0 45
K 0 0 43
K -1 0 45
K 6 0 45
A D 4 96
J N 5 50779 105 5 1537 96 1 278
K 1 0 45
K 0 0 43
K -1 0 45
K 6 0 45
A D 4 96
H 278 B 0 0 112 3 22 11 33
J N 5 50819 73 2 2305 96 1 279
K 0 0 43
A D 4 96
J N 5 50859 52 2 3073 96 1 279
K 0 0 43
A D 4 96
J N 5 50899 31 2 3841 96 1 279
K 0 0 43
A D 4 96
H 279 B 0 0 112 3 22 11 33
J N 5 50939 0 2 4609 96 1 280
K 0 0 43
A D 4 96
J N 5 50979 0 2 5377 96 1 280
K 0 0 43
A D 4 96
J N 5 51019 0 2 6145 96 1 280
K 0 0 43
A D 4 96
H 280 B 1 0 112 3 22 11 33
J B 241 51060 1 82 6913 96 0
J N 5 51092 0 2 1 0 1 281
K 0 0 43
A D 4 96
J N 5 51132 0 2 769 96 1 281
K 0 0 43
A D 4 96
J N 5 51172 0 2 1537 96 1 281
K 0 0 43
A D 4 96
H 281 B 1 0 112 3 22 11 33
J N 5 51207 31 2 2305 96 1 282
K 0 0 43
A D 4 96
J N 5 51247 31 2 3073 96 1 282
K 0 0 43
A D 4 96
J N 5 51287 31 2 3841 96 1 282
K 0 0 43
A D 4 96
H 282 B 1 0 112 3 22 11 33
J N 5 51322 52 2 4609 96 1 283
K 0 0 43
A D 4 96
J N 5 51362 52 2 5377 96 1 283
K 0 0 43
A D 4 96
J N 5 51402 52 2 6145 96 1 283
K 0 0 43
A D 4 96
H 283 B 0 0 112 3 22 11 33
J B 242 51443 1 82 6913 96 0
J N 6 51475 73 5 1 0 0
K 0 0 43
K 0 52 110
K 30 52 110
K 0 0 53
A D 12 96
J R 6 51527 42 2 2305 288 0
K 0 0 49
A D 12 96
J R 6 51572 42 2 4609 288 0
K 0 0 49
A D 12 96
J B 243 51623 1 82 6913 288 0
J N 6 51655 31 5 1 0 0
K 0 0 43
K 0 115 110
K 30 115 110
K 0 0 54
A D 12 96
J R 6 51700 42 2 2305 288 0
K 0 0 49
A D 12 96
J R 6 51745 42 2 4609 288 0
K 0 0 49
A D 12 96
J B 244 51796 1 82 6913 288 0
J N 6 51828 0 3 1 0 0
K 0 0 43
K 0 0 54
A D 12 96
J R 6 51873 42 2 2305 288 0
K 0 0 49
A D 12 96
J N 6 51918 31 5 4609 288 0
K 0 0 43
K 0 -21 96
K 0 115 108
K 0 0 54
A D 12 96
J B 245 51969 1 82 6913 288 0
J N 6 52001 0 4 1 0 0
K 0 0 43
K 0 -26 96
K 0 0 54
A D 12 96
J R 6 52046 42 2 2305 288 0
K 0 0 49
A D 12 96
J R 6 52091 42 2 4609 288 0
K 0 0 49
A D 12 96
J B 246 52142 1 82 6913 288 0
J N 6 52174 31 5 1 0 0
K 0 0 43
K 0 115 110
K 30 115 110
K 0 0 54
A D 12 96
J R 6 52219 42 2 2305 288 0
K 0 0 49
A D 12 96
J R 6 52264 42 2 4609 288 0
K 0 0 49
A D 12 96
J B 247 52315 1 82 6913 288 0
J N 6 52347 73 3 1 0 0
K 0 0 43
K 0 0 53
A D 12 96
J R 6 52399 42 2 3457 288 0
K 0 0 49
A D 12 96
J B 0 52470 6 2 6913 288 0
K -20 0 82
K -9 0 84
J M 0 52470 0 0 10000 0 0
