@ SOURCE: {beet/bhl/orch/sym1/stage2/03/s01} DEC/30/2005 [md5sum:14dd7b73d56db6bc3ddfa2d5bbe8be7a]
L 0 0 16 !39Flauti 1, 2
J D 4 500 -120 1 6913 0 0
W 0 0 44 Third Movement
J D 1 86 -42 1 6913 0 0
W 0 -64 44 Third Movement:  Flauti 1, 2
J C 4 6 48 2 6913 0 0
K 0 0 33
K 0 0 34
J K 0 66 0 0 6913 0 0
J D 5 66 -48 1 6913 0 0
W 0 0 40 Allegro molto e vivace.
J T 304 77 0 2 6913 0 0
K -12 32 74
K -12 64 75
Y P 31 Fls
J R 7 122 32 2 1 0 0
K 0 0 48
A D 1 4 0
A P 3 0 0
J B 1 157 1 82 6913 576 0
J R 9 182 32 2 1 10001 0
K 0 0 46
A D 3 4 0
A P 3 0 0
J B 2 303 1 82 6913 1728 0
J R 9 328 32 2 1 10001 0
K 0 0 46
A D 3 4 0
A P 3 0 0
J B 3 449 1 82 6913 1728 0
J R 9 474 32 2 1 10001 0
K 0 0 46
A D 3 4 0
A P 3 0 0
J B 4 595 1 82 6913 1728 0
J R 9 620 32 2 1 10001 0
K 0 0 46
A D 3 4 0
A P 3 0 0
J B 5 741 1 82 6913 1728 0
J R 9 766 32 2 1 10001 0
K 0 0 46
A D 3 4 0
A P 3 0 0
J B 6 887 1 82 6913 1728 0
J R 7 912 32 2 1 0 0
K 0 0 48
A D 1 4 1
A P 3 0 1
J R 7 941 32 2 2305 576 0
K 0 0 48
A D 1 4 0
A P 3 0 0
J D 0 962 0 1 4609 576 0
W 0 -64 32 zu 2
J N 7 970 -32 11 4609 0 0
K 0 16 45
K 0 0 45
K -20 0 63
K 0 0 43
K -1 0 45
K 3 0 45
K 0 -20 96
K 0 128 110
K 0 0 60
K 0 32 60
A D 1 4 0
A P 3 244 0
J B 7 1005 1 82 6913 576 0
J N 7 1030 -40 10 1 0 0
K 0 24 45
K 0 8 45
K 0 0 43
K 0 8 45
K 1 8 45
K 0 -20 96
K 0 0 60
K 0 32 60
K 0 40 60
A D 1 4 0
A P 3 249 0
J N 7 1061 -40 10 2305 576 0
K 0 24 45
K 0 8 45
K 0 0 43
K 0 8 45
K 1 8 45
K 0 -20 96
K 0 0 60
K 0 32 60
K 0 40 60
A D 1 4 0
A P 3 249 0
J N 7 1092 -40 10 4609 576 0
K 0 24 45
K 0 8 45
K 0 0 43
K 0 8 45
K 1 8 45
K 0 -20 96
K 0 0 60
K 0 32 60
K 0 40 60
A D 1 4 0
A P 3 249 0
J B 8 1127 1 82 6913 576 0
J N 7 1152 -8 4 1 0 0
K 0 0 43
K 0 0 60
K 0 24 60
A D 1 4 0
A P 3 226 0
J R 7 1181 32 2 3457 576 0
K 0 0 48
A D 1 4 0
A P 3 0 0
J B 0 1242 10000010 6 6913 576 0
K -26 24 44
K -26 40 44
K -14 0 84
K 0 0 84
K 13 24 44
K 13 40 44
J r 7 1285 32 2 1 0 0
K 0 0 48
A D 1 4
J B 9 1320 1 82 6913 576 0
J R 9 1345 32 2 1 10001 0
K 0 0 46
A D 3 4 0
A P 3 0 0
J B 10 1466 1 82 6913 1728 0
J R 9 1491 32 2 1 10001 0
K 0 0 46
A D 3 4 0
A P 3 0 0
J B 11 1612 1 82 6913 1728 0
J R 9 1637 32 2 1 10001 0
K 0 0 46
A D 3 4 0
A P 3 0 0
J B 12 1758 1 82 6913 1728 0
J R 9 1783 32 2 1 10001 0
K 0 0 46
A D 3 4 0
A P 3 0 0
J B 13 1904 1 82 6913 1728 0
J R 9 1929 32 2 1 10001 0
K 0 0 46
A D 3 4 0
A P 3 0 0
J B 14 2050 1 82 6913 1728 0
J R 9 2075 32 2 1 10001 0
K 0 0 46
A D 3 4 0
A P 3 0 0
J B 15 2196 1 82 6913 1728 0
J R 7 2221 32 2 1 0 0
K 0 0 48
A D 1 4 0
A P 1 0 0
J N 7 2250 0 14 2305 576 0
K 0 -16 45
K 0 -32 45
K 0 -48 45
K 0 -56 43
K 0 -48 45
K 1 -48 45
K 0 0 43
K 0 -76 96
K 0 96 110
K 0 -56 60
K 0 -24 60
K 0 0 60
K 0 24 60
A D 1 4 0
A P 1 260 0
A P 2 220 0
J N 7 2281 0 13 4609 576 0
K 0 -16 45
K 0 -32 45
K 0 -48 45
K 0 -56 43
K 0 -48 45
K 1 -48 45
K 0 0 43
K 0 -76 96
K 0 -56 60
K 0 -24 60
K 0 0 60
K 0 24 60
A D 1 4 0
A P 1 260 0
A P 2 220 0
J B 16 2316 1 82 6913 576 0
J N 7 2341 0 12 1 0 1 1
K 0 -16 45
K 0 -32 45
K 0 -48 45
K 0 -56 43
K 0 -48 45
K 1 -48 45
K 0 0 43
K 0 -56 60
K 0 -24 60
K 0 0 60
K 0 24 60
A D 1 4 0
A P 1 260 0
A P 2 220 0
J N 7 2390 8 14 2305 576 1 1
K 0 -24 45
K 0 -40 45
K 0 -56 45
K -18 -56 65
K -18 0 65
K 0 -56 43
K -1 -56 45
K 3 -56 45
K 0 0 43
K 0 -56 60
K 0 -24 60
K 0 0 60
K 0 24 60
A D 1 4 0
A P 1 254 0
A P 2 214 0
H 1 S 0 0 -56 0 -56 0 0 0 0
J R 7 2419 32 2 4609 576 0
K 0 0 48
A D 1 4 0
A P 1 0 0
J B 17 2454 1 82 6913 576 0
J R 9 2479 32 2 1 10001 0
K 0 0 46
A D 3 4 0
A P 3 0 0
J B 18 2600 1 82 6913 1728 0
J R 9 2625 32 2 1 10001 0
K 0 0 46
A D 3 4 0
A P 3 0 0
J B 19 2746 1 82 6913 1728 0
J D 0 2763 0 1 1 0 0
W 0 -64 32 zu 2
J N 7 2771 -24 11 1 0 0
K 0 8 45
K -18 0 65
K 0 0 43
K 0 8 45
K 1 8 45
K 0 -20 96
K 0 120 110
K 19 120 110
K 0 0 60
K 0 24 60
A D 1 4 0
A P 3 237 0
J N 7 2802 -24 8 2305 576 0
K 0 8 45
K 0 0 43
K 0 8 45
K 1 8 45
K 0 -20 96
K 0 0 60
K 0 24 60
A D 1 4 0
A P 3 237 0
J N 7 2833 -24 8 4609 576 0
K 0 8 45
K 0 0 43
K 0 8 45
K 1 8 45
K 0 -20 96
K 0 0 60
K 0 24 60
A D 1 4 0
A P 3 237 0
J B 20 2868 1 82 6913 576 0
J N 7 2898 -24 9 1 0 0
K 0 8 45
K -18 0 65
K 0 0 43
K 0 8 45
K 1 8 45
K 0 -20 96
K 0 0 60
K 0 24 60
A D 1 4 0
A P 3 237 0
J N 7 2929 -24 8 2305 576 0
K 0 8 45
K 0 0 43
K 0 8 45
K 1 8 45
K 0 -20 96
K 0 0 60
K 0 24 60
A D 1 4 0
A P 3 237 0
J N 7 2960 -24 8 4609 576 0
K 0 8 45
K 0 0 43
K 0 8 45
K 1 8 45
K 0 -20 96
K 0 0 60
K 0 24 60
A D 1 4 0
A P 3 237 0
J B 21 2995 1 82 6913 576 0
J N 7 3025 -24 10 1 0 1 2
K 1 8 45
K -18 0 65
K 0 0 43
K 0 8 45
K 1 8 45
K 0 120 111
K 14 120 110
K 0 0 59
K 0 -8 59
A D 1 4 0
A P 1 237 0
J N 7 3025 0 4 1 0 0
K 0 0 43
K 0 0 60
K 0 24 60
A D 1 4 0
A P 2 220 0
J N 7 3074 -16 8 2305 576 1 2
K 1 0 45
K -18 0 65
K 0 0 43
K -1 0 45
K 3 0 45
K 0 0 59
K 0 -8 59
A D 1 4 0
A P 1 231 0
H 2 S 0 16 0 0 0 0 0 0 0
J R 7 3074 48 2 2305 0 0
K 0 0 48
A D 1 4 1
A P 2 0 1
J R 7 3103 -16 2 4609 576 0
K 0 0 48
A D 1 4 0
A P 1 0 0
J R 7 3103 48 2 4609 0 0
K 0 0 48
A D 1 4 0
A P 2 0 0
J B 22 3138 1 82 6913 576 0
J N 7 3186 -16 10 1 0 1 3
K 1 0 45
K -18 0 65
K 0 0 43
K -1 0 45
K 3 0 45
K 0 112 111
K 14 112 110
K 0 0 59
K 0 -8 59
A D 1 4 0
A P 1 231 0
J N 7 3186 8 5 1 0 0
K -36 0 65
K 0 0 43
K 0 0 60
K 0 24 60
A D 1 4 0
A P 2 214 0
J N 7 3235 -8 5 2305 576 1 3
K -18 0 65
K 0 0 43
K 0 0 59
K 0 -16 59
A D 1 4 0
A P 1 225 0
H 3 S 0 16 0 0 0 0 0 0 0
J R 7 3235 48 2 2305 0 0
K 0 0 48
A D 1 4 1
A P 2 0 1
J R 7 3264 -16 2 4609 576 0
K 0 0 48
A D 1 4 0
A P 1 0 0
J R 7 3264 48 2 4609 0 0
K 0 0 48
A D 1 4 0
A P 2 0 0
J B 23 3299 1 82 6913 576 0
J N 7 3347 -8 7 1 0 1 4
K -18 0 65
K 0 0 43
K 0 104 111
K 14 104 110
K 0 0 59
K 0 -16 59
A D 1 4 0
A P 1 225 0
J N 7 3347 16 5 1 0 0
K -36 0 65
K 0 0 43
K 0 0 60
K 0 24 60
A D 1 4 0
A P 2 208 0
J N 7 3378 0 4 2305 576 1 4
K 0 0 43
K 0 0 59
K 0 -16 59
A D 1 4 0
A P 1 220 0
H 4 S 0 16 0 0 0 0 0 0 0
J R 7 3378 48 2 2305 0 0
K 0 0 48
A D 1 4 1
A P 2 0 1
J R 7 3409 -16 2 4609 576 0
K 0 0 48
A D 1 4 0
A P 1 0 0
J R 7 3409 48 2 4609 0 0
K 0 0 48
A D 1 4 0
A P 2 0 0
J B 24 3444 1 82 6913 576 0
J N 7 3469 0 6 1 0 1 5
K 0 0 43
K 0 104 111
K 14 104 110
K 0 0 59
K 0 -16 59
A D 1 4 0
A P 1 220 0
J N 7 3469 24 4 1 0 0
K 0 0 43
K 0 0 60
K 0 24 60
A D 1 4 0
A P 2 203 0
J N 7 3518 8 5 2305 576 1 5
K -18 0 65
K 0 0 43
K 0 0 59
K 0 -16 59
A D 1 4 0
A P 1 214 0
H 5 S 0 16 0 0 0 0 0 0 0
J R 7 3518 48 2 2305 0 0
K 0 0 48
A D 1 4 1
A P 2 0 1
J R 7 3549 -16 2 4609 576 0
K 0 0 48
A D 1 4 0
A P 1 0 0
J R 7 3549 48 2 4609 0 0
K 0 0 48
A D 1 4 0
A P 2 0 0
J B 25 3584 1 82 6913 576 0
J N 7 3614 16 10 1 0 0
K -18 0 65
K 0 0 43
K 0 40 43
K 0 84 111
K 14 84 110
K 0 40 59
K 0 8 59
K 0 0 59
K 0 -16 59
A D 1 4 0
A P 1 208 0
A P 2 180 0
J R 7 3643 32 2 2305 576 0
K 0 0 48
A D 1 4 1
A P 1 0 1
J R 7 3672 32 2 4609 576 0
K 0 0 48
A D 1 4 0
A P 1 0 0
J B 26 3707 1 82 6913 576 0
J R 9 3732 32 2 1 10001 0
K 0 0 46
A D 3 4 0
A P 3 0 0
J B 27 3853 1 82 6913 1728 0
J R 7 3878 32 2 1 0 0
K 0 0 48
A D 1 4 1
A P 1 0 1
J R 7 3907 32 2 2305 576 0
K 0 0 48
A D 1 4 0
A P 1 0 0
J N 7 3951 -8 16 4609 576 0
K 0 -8 45
K 0 -24 45
K 0 -40 45
K -18 -40 65
K -18 0 65
K 0 -40 43
K -1 -40 45
K 3 -40 45
K 0 0 43
K 0 -60 96
K 0 97 108
K 0 -40 60
K 0 -8 60
K 0 0 60
K 0 24 60
A D 1 4 0
A P 1 254 0
A P 2 225 0
J B 28 3986 1 82 6913 576 0
J N 7 4016 -8 15 1 0 0
K 0 -8 45
K 0 -24 45
K 0 -40 45
K -18 -40 65
K -18 0 65
K 0 -40 43
K -1 -40 45
K 3 -40 45
K 0 0 43
K 0 -60 96
K 0 -40 60
K 0 -8 60
K 0 0 60
K 0 24 60
A D 1 4 0
A P 1 254 0
A P 2 225 0
J N 7 4047 -8 13 2305 576 0
K 0 -8 45
K 0 -24 45
K 0 -40 45
K 0 -40 43
K -1 -40 45
K 3 -40 45
K 0 0 43
K 0 -60 96
K 0 -40 60
K 0 -8 60
K 0 0 60
K 0 24 60
A D 1 4 0
A P 1 254 0
A P 2 225 0
J N 7 4078 -8 13 4609 576 0
K 0 -8 45
K 0 -24 45
K 0 -40 45
K 0 -40 43
K -1 -40 45
K 3 -40 45
K 0 0 43
K 0 -60 96
K 0 -40 60
K 0 -8 60
K 0 0 60
K 0 24 60
A D 1 4 0
A P 1 254 0
A P 2 225 0
J B 29 4113 1 82 6913 576 0
J N 7 4143 -8 14 1 0 1 6
K 0 -8 45
K 0 -24 45
K 0 -40 45
K -18 -40 65
K -18 0 65
K 0 -40 43
K -1 -40 45
K 3 -40 45
K 0 0 43
K 0 -40 60
K 0 -8 60
K 0 0 60
K 0 24 60
A D 1 4 0
A P 1 254 0
A P 2 225 0
J N 7 4192 0 12 2305 576 1 6
K 0 -16 45
K 0 -32 45
K -18 -40 65
K 0 -40 43
K 0 -32 45
K 1 -32 45
K 0 0 43
K 0 -40 60
K 0 -8 60
K 0 0 60
K 0 24 60
A D 1 4 0
A P 1 248 0
A P 2 220 0
H 6 S 0 0 -40 0 -40 0 0 0 0
J R 7 4221 32 2 4609 576 0
K 0 0 48
A D 1 4 0
A P 1 0 0
J B 30 4256 1 82 6913 576 0
J R 9 4281 32 2 1 10001 0
K 0 0 46
A D 3 4 0
A P 3 0 0
J B 31 4402 1 82 6913 1728 0
J R 7 4427 32 2 1 0 0
K 0 0 48
A D 1 4 1
A P 1 0 1
J R 7 4456 32 2 2305 576 0
K 0 0 48
A D 1 4 0
A P 1 0 0
J N 7 4500 -8 16 4609 576 0
K 0 -8 45
K 0 -24 45
K 0 -40 45
K -18 -40 65
K -18 0 65
K 0 -40 43
K -1 -40 45
K 3 -40 45
K 0 0 43
K 0 -60 96
K 0 100 108
K 0 -40 60
K 0 -8 60
K 0 0 60
K 0 24 60
A D 1 4 0
A P 1 254 0
A P 2 225 0
J B 32 4535 1 82 6913 576 0
J N 7 4565 -8 15 1 0 0
K 0 -8 45
K 0 -24 45
K 0 -40 45
K -18 -40 65
K -18 0 65
K 0 -40 43
K -1 -40 45
K 3 -40 45
K 0 0 43
K 0 -60 96
K 0 -40 60
K 0 -8 60
K 0 0 60
K 0 24 60
A D 1 4 0
A P 1 254 0
A P 2 225 0
J N 7 4596 -8 13 2305 576 0
K 0 -8 45
K 0 -24 45
K 0 -40 45
K 0 -40 43
K -1 -40 45
K 3 -40 45
K 0 0 43
K 0 -60 96
K 0 -40 60
K 0 -8 60
K 0 0 60
K 0 24 60
A D 1 4 0
A P 1 254 0
A P 2 225 0
J N 7 4627 -8 13 4609 576 0
K 0 -8 45
K 0 -24 45
K 0 -40 45
K 0 -40 43
K -1 -40 45
K 3 -40 45
K 0 0 43
K 0 -60 96
K 0 -40 60
K 0 -8 60
K 0 0 60
K 0 24 60
A D 1 4 0
A P 1 254 0
A P 2 225 0
J B 33 4662 1 82 6913 576 0
J N 7 4692 0 12 1 0 0
K 0 -16 45
K 0 -32 45
K -18 -40 65
K 0 -40 43
K 0 -32 45
K 1 -32 45
K 0 0 43
K 0 -40 60
K 0 -8 60
K 0 0 60
K 0 24 60
A D 1 4 0
A P 1 248 0
A P 2 220 0
J R 7 4721 32 2 2305 576 0
K 0 0 48
A D 1 4 1
A P 1 0 1
J R 7 4750 32 2 4609 576 0
K 0 0 48
A D 1 4 0
A P 1 0 0
J B 34 4785 1 82 6913 576 0
J R 9 4810 32 2 1 10001 0
K 0 0 46
A D 3 4 0
A P 3 0 0
J B 35 4931 1 82 6913 1728 0
J R 9 4956 32 2 1 10000 0
K 0 0 46
A D 3 4 0
A P 3 0 0
J B 36 5077 1 82 6913 1728 0
J R 9 5102 32 2 1 10000 0
K 0 0 46
A D 3 4 0
A P 3 0 0
J B 37 5223 1 82 6913 1728 0
J R 9 5248 32 2 1 10000 0
K 0 0 46
A D 3 4 0
A P 3 0 0
J B 38 5369 1 82 6913 1728 0
J R 9 5394 32 2 1 10000 0
K 0 0 46
A D 3 4 0
A P 3 0 0
J B 39 5515 1 82 6913 1728 0
J R 9 5540 32 2 1 10000 0
K 0 0 46
A D 3 4 0
A P 3 0 0
J B 40 5661 1 82 6913 1728 0
J R 9 5686 32 2 1 10000 0
K 0 0 46
A D 3 4 0
A P 3 0 0
J B 41 5807 1 82 6913 1728 0
J R 9 5832 32 2 1 10000 0
K 0 0 46
A D 3 4 0
A P 3 0 0
J B 42 5953 1 82 6913 1728 0
J R 9 5978 32 2 1 10000 0
K 0 0 46
A D 3 4 0
A P 3 0 0
J B 43 6099 1 82 6913 1728 0
J R 9 6124 32 2 1 10000 0
K 0 0 46
A D 3 4 0
A P 3 0 0
J B 44 6245 1 82 6913 1728 0
J R 7 6270 32 2 1 0 0
K 0 0 48
A D 1 4 1
A P 1 0 1
J R 7 6299 32 2 2305 576 0
K 0 0 48
A D 1 4 0
A P 1 0 0
J N 7 6328 8 8 4609 576 0
K 0 -16 43
K 0 0 43
K 0 -36 96
K 0 92 110
K 0 -16 60
K 0 0 60
K 0 24 60
A D 1 4 0
A P 1 226 0
A P 2 215 0
J B 45 6363 1 82 6913 576 0
J N 8 6388 0 10 1 0 0
K 0 -16 45
K 0 -16 42
K -1 -16 45
K 3 -16 45
K 0 0 42
K 0 -36 96
K 0 -16 60
K 0 0 60
K 0 24 60
A D 2 4 0
A P 1 232 0
A P 2 220 0
J N 7 6425 16 11 4609 1152 0
K 0 -32 45
K 0 -40 43
K 0 -32 45
K 1 -32 45
K 0 0 43
K 0 -60 96
K 0 -40 60
K 0 -8 60
K 0 0 60
K 0 24 60
A D 1 4 0
A P 1 238 0
A P 2 209 0
J B 46 6460 1 82 6913 576 0
J N 8 6485 8 12 1 0 0
K 0 -24 45
K 0 -40 45
K 0 -40 42
K -1 -40 45
K 3 -40 45
K 0 0 42
K 0 -60 96
K 0 -40 60
K 0 -8 60
K 0 0 60
K 0 24 60
A D 2 4 0
A P 1 243 0
A P 2 215 0
J N 7 6522 -8 11 4609 1152 0
K 0 -8 45
K 0 -24 45
K 0 -32 43
K 0 -24 45
K 1 -24 45
K 0 0 43
K 0 -52 96
K 0 -32 60
K 0 0 60
K 0 24 60
A D 1 4 0
A P 1 249 0
A P 2 226 0
J B 47 6557 1 82 6913 576 0
J N 7 6582 -8 13 1 0 0
K 0 -8 45
K 0 -24 45
K 0 -40 45
K 0 -40 43
K -1 -40 45
K 3 -40 45
K 0 0 43
K 0 -60 96
K 0 -40 60
K 0 -8 60
K 0 0 60
K 0 24 60
A D 1 4 0
A P 1 255 0
A P 2 226 0
J N 7 6613 -8 13 2305 576 0
K 0 -8 45
K 0 -24 45
K 0 -40 45
K 0 -40 43
K -1 -40 45
K 3 -40 45
K 0 0 43
K 0 -60 96
K 0 -40 60
K 0 -8 60
K 0 0 60
K 0 24 60
A D 1 4 0
A P 1 255 0
A P 2 226 0
J N 7 6664 -32 15 4609 576 0
K 0 16 45
K 0 0 45
K 0 -16 45
K -20 -24 63
K 0 -24 43
K 0 -16 45
K 1 -16 45
K 0 0 43
K -1 0 45
K 3 0 45
K 0 -44 96
K 0 -24 60
K 0 0 60
K 0 32 60
A D 1 4 0
A P 1 261 0
A P 2 243 0
J B 48 6699 1 82 6913 576 0
J N 8 6724 -8 17 1 0 2 7 8
K 0 -8 45
K 0 -24 45
K 0 -40 45
K 0 -56 45
K 0 -56 42
K -1 -56 45
K 3 -56 45
K 27 -63 44
K 0 0 42
K 29 0 44
K 0 108 110
K 19 108 110
K 0 -56 60
K 0 -24 60
K 0 0 60
K 0 24 60
A D 3 4 1
A P 1 266 1
A P 2 226 1
J B 49 6776 1 82 6913 1728 0
J N 8 6801 -8 15 1 0 4 9 10 7 8
K 0 -8 45
K 0 -24 45
K 0 -40 45
K 0 -56 45
K 0 -56 42
K -1 -56 45
K 3 -56 45
K 27 -63 44
K 0 0 42
K 29 0 44
K 0 -56 60
K 0 -24 60
K 0 0 60
K 0 24 60
A D 3 4 1
A P 1 266 1
A P 2 226 1
H 7 T -64 0 0 0 0 0 5 0
H 8 T -8 0 0 0 0 0 11 0
J B 50 6853 1 82 6913 1728 0
J N 8 6878 -8 15 1 0 4 11 12 9 10
K 0 -8 45
K 0 -24 45
K 0 -40 45
K 0 -56 45
K 0 -56 42
K -1 -56 45
K 3 -56 45
K 27 -63 44
K 0 0 42
K 29 0 44
K 0 -56 60
K 0 -24 60
K 0 0 60
K 0 24 60
A D 3 4 1
A P 1 266 1
A P 2 226 1
H 9 T -64 0 0 0 0 0 5 0
H 10 T -8 0 0 0 0 0 11 0
J B 51 6930 1 82 6913 1728 0
J N 7 6955 -8 13 1 0 2 11 12
K 0 -8 45
K 0 -24 45
K 0 -40 45
K 0 -56 45
K 0 -56 43
K -1 -56 45
K 3 -56 45
K 0 0 43
K 0 -56 60
K 0 -24 60
K 0 0 60
K 0 24 60
A D 1 4 0
A P 1 266 0
A P 2 226 0
H 11 T -64 0 0 0 0 0 5 0
H 12 T -8 0 0 0 0 0 11 0
J N 7 6986 8 13 2305 576 0
K 0 -24 45
K 0 -40 45
K 0 -56 45
K 0 -56 43
K -1 -56 45
K 3 -56 45
K 0 0 43
K 0 -76 96
K 0 -56 60
K 0 -24 60
K 0 0 60
K 0 24 60
A D 1 4 0
A P 1 255 0
A P 2 215 0
J N 7 7037 0 15 4609 576 0
K 0 -16 45
K 0 -32 45
K 0 -48 45
K -20 -56 63
K -20 0 63
K 0 -56 43
K 0 -48 45
K 1 -48 45
K 0 0 43
K 0 -76 96
K 0 -56 60
K 0 -24 60
K 0 0 60
K 0 24 60
A D 1 4 0
A P 1 261 0
A P 2 221 0
J B 52 7072 1 82 6913 576 0
J N 8 7097 -8 16 1 0 0
K 0 -8 45
K 0 -24 45
K 0 -40 45
K 0 -56 45
K 0 -56 42
K -1 -56 45
K 3 -56 45
K 0 0 42
K 0 -76 96
K 0 108 111
K 14 108 110
K 0 -56 60
K 0 -24 60
K 0 0 60
K 0 24 60
A D 2 4 0
A P 1 266 0
A P 2 226 0
J N 7 7134 24 12 4609 1152 0
K 0 -40 45
K 0 -56 45
K 0 -56 43
K -1 -56 45
K 3 -56 45
K 0 0 43
K 0 -76 96
K 0 -56 60
K 0 -24 60
K 0 0 60
K 0 24 60
A D 1 4 0
A P 1 243 0
A P 2 203 0
J B 53 7169 1 82 6913 576 0
J N 7 7194 16 12 1 0 0
K 0 -32 45
K 0 -48 45
K 0 -56 43
K 0 -48 45
K 1 -48 45
K 0 0 43
K 0 -76 96
K 0 -56 60
K 0 -24 60
K 0 0 60
K 0 24 60
A D 1 4 0
A P 1 249 0
A P 2 209 0
J N 7 7225 16 12 2305 576 0
K 0 -32 45
K 0 -48 45
K 0 -56 43
K 0 -48 45
K 1 -48 45
K 0 0 43
K 0 -76 96
K 0 -56 60
K 0 -24 60
K 0 0 60
K 0 24 60
A D 1 4 0
A P 1 249 0
A P 2 209 0
J N 7 7256 8 13 4609 576 0
K 0 -24 45
K 0 -40 45
K 0 -56 45
K 0 -56 43
K -1 -56 45
K 3 -56 45
K 0 0 43
K 0 -76 96
K 0 -56 60
K 0 -24 60
K 0 0 60
K 0 24 60
A D 1 4 0
A P 1 255 0
A P 2 215 0
J B 54 7291 1 82 6913 576 0
J N 8 7320 0 17 1 0 0
K 0 -16 45
K 0 -32 45
K 0 -48 45
K -17 -56 64
K -17 0 64
K 0 -56 42
K 0 -48 45
K 1 -48 45
K 0 0 42
K 0 -76 96
K 0 100 111
K 14 100 110
K 0 -56 60
K 0 -24 60
K 0 0 60
K 0 24 60
A D 2 4 0
A P 1 260 0
A P 2 220 0
J D 0 7349 0 1 4609 1152 0
W 0 -40 32 zu 2
J N 7 7357 -8 5 4609 0 0
K 0 0 43
K 0 -20 96
K 0 0 60
K 0 24 60
A D 1 4 0
A P 3 226 0
J B 55 7392 1 82 6913 576 0
J N 7 7417 -16 8 1 0 0
K 0 0 45
K 0 0 43
K -1 0 45
K 3 0 45
K 0 -20 96
K 0 0 60
K 0 24 60
A D 1 4 0
A P 3 232 0
J N 7 7448 -16 8 2305 576 0
K 0 0 45
K 0 0 43
K -1 0 45
K 3 0 45
K 0 -20 96
K 0 0 60
K 0 24 60
A D 1 4 0
A P 3 232 0
J N 7 7479 -24 8 4609 576 0
K 0 8 45
K 0 0 43
K 0 8 45
K 1 8 45
K 0 -20 96
K 0 0 60
K 0 24 60
A D 1 4 0
A P 3 238 0
J B 56 7514 1 82 6913 576 0
J N 8 7539 -32 8 1 0 0
K 0 16 45
K 0 0 45
K 0 0 42
K -1 0 45
K 3 0 45
K 0 0 60
K 0 32 60
A D 2 4 0
A P 3 243 0
J N 7 7576 -16 14 4609 1152 0
K 0 0 45
K 0 -16 45
K 0 -32 45
K 0 -40 43
K 0 -32 45
K 1 -32 45
K 0 0 43
K -1 0 45
K 3 0 45
K 0 -40 60
K 0 -8 60
K 0 0 60
K 0 24 60
A D 1 4 0
A P 1 260 0
A P 2 232 0
J B 57 7611 1 82 6913 576 0
J N 8 7636 -8 12 1 0 0
K 0 -8 45
K 0 -24 45
K 0 -40 45
K 0 -40 42
K -1 -40 45
K 3 -40 45
K 0 0 42
K 0 -40 60
K 0 -8 60
K 0 0 60
K 0 24 60
A D 2 4 0
A P 1 255 0
A P 2 226 0
J N 7 7673 0 9 4609 1152 0
K 0 -16 45
K 0 -24 43
K 0 -16 45
K 1 -16 45
K 0 0 43
K 0 -24 60
K 0 0 60
K 0 24 60
A D 1 4 0
A P 1 238 0
A P 2 220 0
J B 58 7708 1 82 6913 576 0
J N 7 7733 8 11 1 0 0
K 0 -24 45
K 0 -40 45
K 0 -40 43
K -1 -40 45
K 3 -40 45
K 0 0 43
K 0 -40 60
K 0 -8 60
K 0 0 60
K 0 24 60
A D 1 4 0
A P 1 243 0
A P 2 215 0
J R 7 7762 32 2 2305 576 0
K 0 0 48
A D 1 4 1
A P 1 0 1
J R 7 7791 32 2 4609 576 0
K 0 0 48
A D 1 4 0
A P 1 0 0
J B 59 7826 1 82 6913 576 0
J R 9 7851 32 2 1 10001 0
K 0 0 46
A D 3 4 0
A P 3 0 0
J B 60 7972 1 82 6913 1728 0
J R 7 7997 32 2 1 0 0
K 0 0 48
A D 1 4 1
A P 1 0 1
J R 7 8026 32 2 2305 576 0
K 0 0 48
A D 1 4 0
A P 1 0 0
J D 0 8017 0 1 4609 576 0
W 0 -44 32 1.
J N 7 8055 -32 9 4609 0 0
K 0 16 45
K 0 0 45
K 0 0 43
K -1 0 45
K 3 0 45
K 0 -20 96
K 0 0 60
K 0 32 60
A D 1 4 0
A P 1 243 0
J B 61 8090 1 82 6913 576 0
J N 8 8119 -40 12 1 0 1 13
K 0 24 45
K 0 8 45
K -17 0 64
K 0 0 42
K 0 8 45
K 1 8 45
K 0 142 111
K 14 142 110
K 0 0 60
K 0 32 60
K 0 40 60
A D 2 4 0
A P 1 249 0
J N 7 8156 -24 7 4609 1152 1 13
K 0 8 45
K 0 0 43
K 0 8 45
K 1 8 45
K 0 0 60
K 0 24 60
A D 1 4 0
A P 1 238 0
H 13 S 0 0 0 0 0 0 0 0 0
J B 62 8191 1 82 6913 576 0
J N 7 8216 -32 9 1 0 0
K 0 16 45
K 0 0 45
K 0 0 43
K -1 0 45
K 3 0 45
K 0 -20 96
K 0 0 60
K 0 32 60
A D 1 4 0
A P 1 243 0
J R 7 8245 32 2 2305 576 0
K 0 0 48
A D 1 4 1
A P 1 0 1
J R 7 8274 32 2 4609 576 0
K 0 0 48
A D 1 4 0
A P 1 0 0
J B 63 8309 1 82 6913 576 0
J N 7 8334 -32 9 1 0 0
K 0 16 45
K 0 0 45
K 0 0 43
K -1 0 45
K 3 0 45
K 0 -20 96
K 0 0 60
K 0 32 60
A D 1 4 0
A P 1 243 0
J N 7 8382 -40 12 2305 576 1 14
K 0 24 45
K 0 8 45
K -17 0 64
K 0 0 43
K 0 8 45
K 1 8 45
K 0 139 111
K 14 139 110
K 0 0 60
K 0 32 60
K 0 40 60
A D 1 4 0
A P 1 249 0
J N 7 8411 -24 7 4609 576 1 14
K 0 8 45
K 0 0 43
K 0 8 45
K 1 8 45
K 0 0 60
K 0 24 60
A D 1 4 0
A P 1 238 0
H 14 S 0 0 0 0 0 0 0 0 0
J B 64 8446 1 82 6913 576 0
J N 7 8471 -32 9 1 0 0
K 0 16 45
K 0 0 45
K 0 0 43
K -1 0 45
K 3 0 45
K 0 -20 96
K 0 0 60
K 0 32 60
A D 1 4 0
A P 1 243 0
J R 7 8500 32 2 2305 576 0
K 0 0 48
A D 1 4 1
A P 1 0 1
J R 7 8529 32 2 4609 576 0
K 0 0 48
A D 1 4 0
A P 1 0 0
J B 65 8564 1 82 6913 576 0
J N 7 8589 -32 9 1 0 0
K 0 16 45
K 0 0 45
K 0 0 43
K -1 0 45
K 3 0 45
K 0 -20 96
K 0 0 60
K 0 32 60
A D 1 4 0
A P 1 243 0
J N 7 8637 -40 12 2305 576 1 15
K 0 24 45
K 0 8 45
K -17 0 64
K 0 0 43
K 0 8 45
K 1 8 45
K 0 139 111
K 14 139 110
K 0 0 60
K 0 32 60
K 0 40 60
A D 1 4 0
A P 1 249 0
J N 7 8666 -24 7 4609 576 1 15
K 0 8 45
K 0 0 43
K 0 8 45
K 1 8 45
K 0 0 60
K 0 24 60
A D 1 4 0
A P 1 238 0
H 15 S 0 0 0 0 0 0 0 0 0
J B 66 8701 1 82 6913 576 0
J N 7 8726 -32 10 1 0 0
K 0 16 45
K 0 0 45
K 0 0 43
K -1 0 45
K 3 0 45
K 0 -20 96
K 0 121 108
K 0 0 60
K 0 32 60
A D 1 4 0
A P 1 243 0
J R 7 8755 32 2 2305 576 0
K 0 0 48
A D 1 4 1
A P 1 0 1
J R 7 8784 32 2 4609 576 0
K 0 0 48
A D 1 4 0
A P 1 0 0
J B 67 8819 1 82 6913 576 0
J N 7 8844 -24 13 1 0 0
K 0 8 45
K 0 -8 45
K 0 -24 45
K 0 -32 43
K 0 -24 45
K 1 -24 45
K 0 0 43
K 0 8 45
K 1 8 45
K 0 -32 60
K 0 0 60
K 0 24 60
A D 1 4 0
A P 1 260 0
A P 2 238 0
J R 7 8873 32 2 2305 576 0
K 0 0 48
A D 1 4 1
A P 1 0 1
J R 7 8902 32 2 4609 576 0
K 0 0 48
A D 1 4 0
A P 1 0 0
J B 68 8937 1 82 6913 576 0
J N 7 8962 -32 13 1 0 0
K 0 16 45
K 0 0 45
K 0 -16 45
K 0 -16 43
K -1 -16 45
K 3 -16 45
K 0 0 43
K -1 0 45
K 3 0 45
K 0 -16 60
K 0 0 60
K 0 32 60
A D 1 4 0
A P 1 255 0
A P 2 243 0
J R 7 8991 32 2 2305 576 0
K 0 0 48
A D 1 4 1
A P 1 0 1
J R 7 9020 32 2 4609 576 0
K 0 0 48
A D 1 4 0
A P 1 0 0
J B 69 9055 1 82 6913 576 0
J N 7 9080 0 9 1 0 0
K 0 -16 45
K 0 -24 43
K 0 -16 45
K 1 -16 45
K 0 0 43
K 0 -24 60
K 0 0 60
K 0 24 60
A D 1 4 0
A P 1 238 0
A P 2 220 0
J R 7 9109 32 2 2305 576 0
K 0 0 48
A D 1 4 1
A P 1 0 1
J R 7 9138 32 2 4609 576 0
K 0 0 48
A D 1 4 0
A P 1 0 0
J B 70 9173 1 82 6913 576 0
J D 0 9198 0 1 1 0 0
W 0 104 36 cresc.
J N 7 9198 8 11 1 0 0
K 0 -24 45
K 0 -40 45
K 0 -40 43
K -1 -40 45
K 3 -40 45
K 0 0 43
K 0 -40 60
K 0 -8 60
K 0 0 60
K 0 24 60
A D 1 4 0
A P 1 243 0
A P 2 215 0
J R 7 9227 32 2 2305 576 0
K 0 0 48
A D 1 4 1
A P 1 0 1
J R 7 9256 32 2 4609 576 0
K 0 0 48
A D 1 4 0
A P 1 0 0
J B 71 9291 1 82 6913 576 0
J N 7 9316 -24 13 1 0 0
K 0 8 45
K 0 -8 45
K 0 -24 45
K 0 -32 43
K 0 -24 45
K 1 -24 45
K 0 0 43
K 0 8 45
K 1 8 45
K 0 -32 60
K 0 0 60
K 0 24 60
A D 1 4 0
A P 1 260 0
A P 2 238 0
J R 7 9345 32 2 2305 576 0
K 0 0 48
A D 1 4 1
A P 1 0 1
J R 7 9374 32 2 4609 576 0
K 0 0 48
A D 1 4 0
A P 1 0 0
J B 72 9409 1 82 6913 576 0
J N 7 9434 -32 13 1 0 0
K 0 16 45
K 0 0 45
K 0 -16 45
K 0 -16 43
K -1 -16 45
K 3 -16 45
K 0 0 43
K -1 0 45
K 3 0 45
K 0 -16 60
K 0 0 60
K 0 32 60
A D 1 4 0
A P 1 255 0
A P 2 243 0
J R 7 9463 32 2 2305 576 0
K 0 0 48
A D 1 4 1
A P 1 0 1
J R 7 9492 32 2 4609 576 0
K 0 0 48
A D 1 4 0
A P 1 0 0
J B 73 9527 1 82 6913 576 0
J N 7 9552 0 9 1 0 0
K 0 -16 45
K 0 -24 43
K 0 -16 45
K 1 -16 45
K 0 0 43
K 0 -24 60
K 0 0 60
K 0 24 60
A D 1 4 0
A P 1 238 0
A P 2 220 0
J R 7 9581 32 2 2305 576 0
K 0 0 48
A D 1 4 1
A P 1 0 1
J R 7 9610 32 2 4609 576 0
K 0 0 48
A D 1 4 0
A P 1 0 0
J B 74 9645 1 82 6913 576 0
J N 7 9670 8 12 1 0 0
K 0 -24 45
K 0 -40 45
K 0 -40 43
K -1 -40 45
K 3 -40 45
K 0 0 43
K 0 89 110
K 0 -40 60
K 0 -8 60
K 0 0 60
K 0 24 60
A D 1 4 0
A P 1 243 0
A P 2 215 0
J R 7 9699 32 2 2305 576 0
K 0 0 48
A D 1 4 1
A P 1 0 1
J R 7 9728 32 2 4609 576 0
K 0 0 48
A D 1 4 0
A P 1 0 0
J B 75 9763 1 82 6913 576 0
J N 7 9788 0 9 1 0 0
K 0 -16 45
K 0 -24 43
K 0 -16 45
K 1 -16 45
K 0 0 43
K 0 -24 60
K 0 0 60
K 0 24 60
A D 1 4 0
A P 1 238 0
A P 2 220 0
J R 7 9817 32 2 2305 576 0
K 0 0 48
A D 1 4 1
A P 1 0 1
J R 7 9846 32 2 4609 576 0
K 0 0 48
A D 1 4 0
A P 1 0 0
J B 76 9881 1 82 6913 576 0
J N 7 9906 24 14 1 0 0
K 0 -40 45
K 0 -56 45
K 0 -56 43
K -1 -56 45
K 3 -56 45
K 0 0 43
K 0 -76 96
K 0 81 110
K 19 81 110
K 0 -56 60
K 0 -24 60
K 0 0 60
K 0 24 60
A D 1 4 0
A P 1 243 0
A P 2 203 0
J N 7 9937 8 13 2305 576 0
K 0 -24 45
K 0 -40 45
K 0 -56 45
K 0 -56 43
K -1 -56 45
K 3 -56 45
K 0 0 43
K 0 -76 96
K 0 -56 60
K 0 -24 60
K 0 0 60
K 0 24 60
A D 1 4 0
A P 1 255 0
A P 2 215 0
J N 7 9968 -8 15 4609 576 2 16 17
K 0 -8 45
K 0 -24 45
K 0 -40 45
K 0 -56 45
K 0 -56 43
K -1 -56 45
K 3 -56 45
K 0 0 43
K 0 104 111
K 14 104 110
K 0 -56 60
K 0 -24 60
K 0 0 60
K 0 24 60
A D 1 4 1
A P 1 266 1
A P 2 226 1
J B 77 10003 1 82 6913 576 0
J N 7 10028 -8 13 1 0 2 16 17
K 0 -8 45
K 0 -24 45
K 0 -40 45
K 0 -56 45
K 0 -56 43
K -1 -56 45
K 3 -56 45
K 0 0 43
K 0 -56 60
K 0 -24 60
K 0 0 60
K 0 24 60
A D 1 4 0
A P 1 266 0
A P 2 226 0
H 16 T -64 0 0 0 0 0 5 0
H 17 T -8 0 0 0 0 0 11 0
J N 7 10059 0 13 2305 576 0
K 0 -16 45
K 0 -32 45
K 0 -48 45
K 0 -56 43
K 0 -48 45
K 1 -48 45
K 0 0 43
K 0 -76 96
K 0 -56 60
K 0 -24 60
K 0 0 60
K 0 24 60
A D 1 4 0
A P 1 260 0
A P 2 220 0
J N 7 10090 16 12 4609 576 0
K 0 -32 45
K 0 -48 45
K 0 -56 43
K 0 -48 45
K 1 -48 45
K 0 0 43
K 0 -76 96
K 0 -56 60
K 0 -24 60
K 0 0 60
K 0 24 60
A D 1 4 0
A P 1 249 0
A P 2 209 0
J B 78 10125 1 82 6913 576 0
J D 0 10134 0 1 1 0 0
W 0 -64 32 zu 2
J N 7 10150 -32 9 1 0 0
K 0 16 45
K 0 0 45
K 0 0 43
K -1 0 45
K 3 0 45
K 0 -20 96
K 0 0 60
K 0 32 60
A D 1 4 0
A P 3 243 0
J N 7 10179 -8 5 2305 576 0
K 0 0 43
K 0 -20 96
K 0 0 60
K 0 24 60
A D 1 4 0
A P 3 226 0
J N 7 10208 8 5 4609 576 0
K 0 0 43
K 0 -20 96
K 0 0 60
K 0 24 60
A D 1 4 0
A P 3 215 0
J B 79 10243 1 82 6913 576 0
J N 7 10268 24 5 1 0 0
K 0 0 43
K 0 -16 96
K 0 0 60
K 0 24 60
A D 1 4 0
A P 3 203 0
J R 7 10297 32 2 3457 576 0
K 0 0 48
A D 1 4 0
A P 3 0 0
J B 0 10359 10000006 4 6913 576 0
K -27 24 44
K -27 40 44
K -15 0 82
K -6 0 84
J D 5 10384 -48 1 6913 0 0
W 0 0 40 Trio
J T 304 10395 0 2 6913 0 0
K -12 32 74
K -12 64 75
J r 7 10440 32 2 1 0 0
K 0 0 48
A D 1 4
J B 80 10475 1 82 6913 576 0
J R 9 10500 32 2 1 10001 0
K 0 0 46
A D 3 4 0
A P 3 0 0
J B 81 10621 1 82 6913 1728 0
J R 9 10646 32 2 1 10001 0
K 0 0 46
A D 3 4 0
A P 3 0 0
J B 82 10767 1 82 6913 1728 0
J R 9 10792 32 2 1 10001 0
K 0 0 46
A D 3 4 0
A P 3 0 0
J B 83 10913 1 82 6913 1728 0
J R 9 10938 32 2 1 10001 0
K 0 0 46
A D 3 4 0
A P 3 0 0
J B 84 11059 1 82 6913 1728 0
J R 9 11084 32 2 1 10001 0
K 0 0 46
A D 3 4 0
A P 3 0 0
J B 85 11205 1 82 6913 1728 0
J R 9 11230 32 2 1 10001 0
K 0 0 46
A D 3 4 0
A P 3 0 0
J B 86 11351 1 82 6913 1728 0
J R 9 11376 32 2 1 10001 0
K 0 0 46
A D 3 4 0
A P 3 0 0
J B 87 11497 1 82 6913 1728 0
J R 9 11522 32 2 1 10001 0
K 0 0 46
A D 3 4 0
A P 3 0 0
J B 88 11643 1 82 6913 1728 0
J R 9 11668 32 2 1 10001 0
K 0 0 46
A D 3 4 0
A P 3 0 0
J B 89 11789 1 82 6913 1728 0
J R 9 11814 32 2 1 10001 0
K 0 0 46
A D 3 4 0
A P 3 0 0
J B 90 11935 1 82 6913 1728 0
J R 9 11960 32 2 1 10001 0
K 0 0 46
A D 3 4 0
A P 3 0 0
J B 91 12081 1 82 6913 1728 0
J R 9 12106 32 2 1 10001 0
K 0 0 46
A D 3 4 0
A P 3 0 0
J B 92 12227 1 82 6913 1728 0
J R 9 12252 32 2 1 10001 0
K 0 0 46
A D 3 4 0
A P 3 0 0
J B 93 12373 1 82 6913 1728 0
J R 9 12398 32 2 1 10001 0
K 0 0 46
A D 3 4 0
A P 3 0 0
J B 94 12519 1 82 6913 1728 0
J R 9 12544 32 2 1 10001 0
K 0 0 46
A D 3 4 0
A P 3 0 0
J B 95 12665 1 82 6913 1728 0
J R 9 12690 32 2 1 10001 0
K 0 0 46
A D 3 4 0
A P 3 0 0
J B 96 12811 1 82 6913 1728 0
J R 9 12836 32 2 1 10001 0
K 0 0 46
A D 3 4 0
A P 3 0 0
J B 97 12957 1 82 6913 1728 0
J R 9 12982 32 2 1 10001 0
K 0 0 46
A D 3 4 0
A P 3 0 0
J B 98 13103 1 82 6913 1728 0
J R 9 13128 32 2 1 10001 0
K 0 0 46
A D 3 4 0
A P 3 0 0
J B 99 13249 1 82 6913 1728 0
J R 9 13274 32 2 1 10001 0
K 0 0 46
A D 3 4 0
A P 3 0 0
J B 100 13395 1 82 6913 1728 0
J R 9 13420 32 2 1 10001 0
K 0 0 46
A D 3 4 0
A P 3 0 0
J B 101 13541 1 82 6913 1728 0
J R 9 13566 32 2 1 10001 0
K 0 0 46
A D 3 4 0
A P 3 0 0
J B 102 13687 1 82 6913 1728 0
J R 9 13712 32 2 1 10001 0
K 0 0 46
A D 3 4 0
A P 3 0 0
J B 103 13833 1 82 6913 1728 0
J r 7 13858 32 2 1 0 0
K 0 0 48
A D 1 4
J r 7 13887 32 2 3457 576 0
K 0 0 48
A D 1 4
J B 0 13948 10000010 6 6913 576 0
K -26 24 44
K -26 40 44
K -14 0 84
K 0 0 84
K 13 24 44
K 13 40 44
J r 7 13991 32 2 1 0 0
K 0 0 48
A D 1 4
J B 104 14026 1 82 6913 576 0
J R 9 14051 32 2 1 10001 0
K 0 0 46
A D 3 4 0
A P 3 0 0
J B 105 14172 1 82 6913 1728 0
J R 9 14197 32 2 1 10001 0
K 0 0 46
A D 3 4 0
A P 3 0 0
J B 106 14318 1 82 6913 1728 0
J R 9 14343 32 2 1 10001 0
K 0 0 46
A D 3 4 0
A P 3 0 0
J B 107 14464 1 82 6913 1728 0
J R 9 14489 32 2 1 10001 0
K 0 0 46
A D 3 4 0
A P 3 0 0
J B 108 14610 1 82 6913 1728 0
J R 9 14635 32 2 1 10001 0
K 0 0 46
A D 3 4 0
A P 3 0 0
J B 109 14756 1 82 6913 1728 0
J R 9 14781 32 2 1 10001 0
K 0 0 46
A D 3 4 0
A P 3 0 0
J B 110 14902 1 82 6913 1728 0
J R 9 14927 32 2 1 10001 0
K 0 0 46
A D 3 4 0
A P 3 0 0
J B 111 15048 1 82 6913 1728 0
J R 9 15073 32 2 1 10001 0
K 0 0 46
A D 3 4 0
A P 3 0 0
J B 112 15194 1 82 6913 1728 0
J R 9 15219 32 2 1 10001 0
K 0 0 46
A D 3 4 0
A P 3 0 0
J B 113 15340 1 82 6913 1728 0
J R 9 15365 32 2 1 10001 0
K 0 0 46
A D 3 4 0
A P 3 0 0
J B 114 15486 1 82 6913 1728 0
J R 9 15511 32 2 1 10001 0
K 0 0 46
A D 3 4 0
A P 3 0 0
J B 115 15632 1 82 6913 1728 0
J R 9 15657 32 2 1 10001 0
K 0 0 46
A D 3 4 0
A P 3 0 0
J B 116 15778 1 82 6913 1728 0
J R 9 15803 32 2 1 10001 0
K 0 0 46
A D 3 4 0
A P 3 0 0
J B 117 15924 1 82 6913 1728 0
J R 9 15949 32 2 1 10001 0
K 0 0 46
A D 3 4 0
A P 3 0 0
J B 118 16070 1 82 6913 1728 0
J R 9 16095 32 2 1 10001 0
K 0 0 46
A D 3 4 0
A P 3 0 0
J B 119 16216 1 82 6913 1728 0
J R 9 16241 32 2 1 10001 0
K 0 0 46
A D 3 4 0
A P 3 0 0
J B 120 16362 1 82 6913 1728 0
J R 9 16387 32 2 1 10001 0
K 0 0 46
A D 3 4 0
A P 3 0 0
J B 121 16508 1 82 6913 1728 0
J R 9 16533 32 2 1 10001 0
K 0 0 46
A D 3 4 0
A P 3 0 0
J B 122 16654 1 82 6913 1728 0
J R 9 16679 32 2 1 10001 0
K 0 0 46
A D 3 4 0
A P 3 0 0
J B 123 16800 1 82 6913 1728 0
J R 9 16825 32 2 1 10001 0
K 0 0 46
A D 3 4 0
A P 3 0 0
J B 124 16946 1 82 6913 1728 0
J R 9 16971 32 2 1 10001 0
K 0 0 46
A D 3 4 0
A P 3 0 0
J B 125 17092 1 82 6913 1728 0
J S 0 17117 92 108 1 0 1 18
J N 8 17117 -32 13 1 0 0
K 0 16 45
K 0 0 45
K 0 -16 45
K 0 -16 42
K -1 -16 45
K 3 -16 45
K 0 0 42
K -1 0 45
K 3 0 45
K 0 -16 60
K 0 0 60
K 0 32 60
A D 2 4 0
A P 1 255 0
A P 2 243 0
J N 7 17154 -32 13 4609 1152 0
K 0 16 45
K 0 0 45
K 0 -16 45
K 0 -16 43
K -1 -16 45
K 3 -16 45
K 0 0 43
K -1 0 45
K 3 0 45
K 0 -16 60
K 0 0 60
K 0 32 60
A D 1 4 0
A P 1 255 0
A P 2 243 0
J M 0 17183 0 0 6913 576 1 18
H 18 W 0 24 34 92 8 92
J B 126 17189 1 82 6913 0 0
J N 8 17214 -32 15 1 0 0
K 0 16 45
K 0 0 45
K 0 -16 45
K 0 -16 42
K -1 -16 45
K 3 -16 45
K 0 0 42
K -1 0 45
K 3 0 45
K 0 129 110
K 19 129 110
K 0 -16 60
K 0 0 60
K 0 32 60
A D 2 4 0
A P 1 255 0
A P 2 243 0
J N 7 17251 -32 14 4609 1152 0
K 0 16 45
K 0 0 45
K 0 -16 45
K 0 -16 43
K -1 -16 45
K 3 -16 45
K 0 0 43
K -1 0 45
K 3 0 45
K 0 -36 96
K 0 -16 60
K 0 0 60
K 0 32 60
A D 1 4 0
A P 1 255 0
A P 2 243 0
J B 127 17286 1 82 6913 576 0
J N 8 17311 -16 19 1 0 1 19
K 0 0 45
K 0 -16 45
K 0 -32 45
K 0 -48 45
K 0 -56 42
K 0 -48 45
K 1 -48 45
K 29 -56 44
K 0 0 42
K -1 0 45
K 3 0 45
K 27 -7 44
K 0 116 111
K 14 116 110
K 0 -56 60
K 0 -24 60
K 0 0 60
K 0 24 60
A D 3 4 0
A P 1 272 0
A P 2 232 0
J B 128 17363 1 82 6913 1728 0
J N 8 17388 -48 15 1 0 1 19
K 0 32 45
K 0 16 45
K 0 0 45
K 0 -16 45
K 0 -16 42
K -1 -16 45
K 3 -16 45
K 0 0 42
K -1 0 45
K 3 0 45
K 0 -16 60
K 0 0 60
K 0 32 60
K 0 48 60
A D 2 4 0
A P 1 266 0
A P 2 255 0
H 19 S 0 0 -56 0 -16 0 0 0 0
J N 7 17425 -48 16 4609 1152 0
K 0 32 45
K 0 16 45
K 0 0 45
K 0 -16 45
K 0 -16 43
K -1 -16 45
K 3 -16 45
K 0 0 43
K -1 0 45
K 3 0 45
K 0 -36 96
K 0 -16 60
K 0 0 60
K 0 32 60
K 0 48 60
A D 1 4 0
A P 1 266 0
A P 2 255 0
J B 129 17460 1 82 6913 576 0
J N 8 17485 -24 10 1 0 1 20
K 1 8 45
K 0 0 42
K 0 8 45
K 1 8 45
K 29 0 44
K 0 124 111
K 14 124 110
K 0 0 59
K 0 -8 59
A D 3 4 0
A P 1 238 0
J N 8 17485 -24 8 1 0 0
K 0 8 45
K 0 0 42
K 0 8 45
K 1 8 45
K 29 0 44
K 0 0 60
K 0 24 60
A D 3 4 0
A P 2 238 0
J B 130 17537 1 82 6913 1728 0
J N 8 17562 -32 13 1 0 1 20
K 0 16 45
K 0 0 45
K 0 -16 45
K 0 -16 42
K -1 -16 45
K 3 -16 45
K 0 0 42
K -1 0 45
K 3 0 45
K 0 -16 60
K 0 0 60
K 0 32 60
A D 2 4 0
A P 1 255 0
A P 2 243 0
H 20 S 0 7 -32 0 -16 0 0 0 0
J N 7 17599 -32 14 4609 1152 0
K 0 16 45
K 0 0 45
K 0 -16 45
K 0 -16 43
K -1 -16 45
K 3 -16 45
K 0 0 43
K -1 0 45
K 3 0 45
K 0 -36 96
K 0 -16 60
K 0 0 60
K 0 32 60
A D 1 4 0
A P 1 255 0
A P 2 243 0
J B 131 17634 1 82 6913 576 0
J N 8 17659 -16 19 1 0 1 21
K 0 0 45
K 0 -16 45
K 0 -32 45
K 0 -48 45
K 0 -56 42
K 0 -48 45
K 1 -48 45
K 29 -56 44
K 0 0 42
K -1 0 45
K 3 0 45
K 27 -7 44
K 0 116 111
K 14 116 110
K 0 -56 60
K 0 -24 60
K 0 0 60
K 0 24 60
A D 3 4 0
A P 1 272 0
A P 2 232 0
J B 132 17711 1 82 6913 1728 0
J N 8 17736 -8 13 1 0 1 21
K 0 -8 45
K 0 -24 45
K 0 -40 45
K 0 -56 45
K 0 -56 42
K -1 -56 45
K 3 -56 45
K 0 0 42
K 0 -56 60
K 0 -24 60
K 0 0 60
K 0 24 60
A D 2 4 0
A P 1 266 0
A P 2 226 0
H 21 S 0 0 -56 0 -56 0 0 0 0
J N 7 17773 -8 14 4609 1152 0
K 0 -8 45
K 0 -24 45
K 0 -40 45
K 0 -56 45
K 0 -56 43
K -1 -56 45
K 3 -56 45
K 0 0 43
K 0 -76 96
K 0 -56 60
K 0 -24 60
K 0 0 60
K 0 24 60
A D 1 4 0
A P 1 266 0
A P 2 226 0
J B 133 17808 1 82 6913 576 0
J D 0 17817 0 1 1 0 0
W 0 -78 32 zu 2
J N 8 17833 -24 10 1 0 1 22
K 0 8 45
K 0 0 42
K 0 8 45
K 1 8 45
K 29 0 44
K 0 124 111
K 14 124 110
K 0 0 60
K 0 24 60
A D 3 4 0
A P 3 238 0
J B 134 17885 1 82 6913 1728 0
J N 7 17910 -32 9 1 0 1 22
K 0 16 45
K 0 0 45
K 0 0 43
K -1 0 45
K 3 0 45
K 0 -20 96
K 0 0 60
K 0 32 60
A D 1 4 0
A P 3 243 0
H 22 S 0 0 0 0 -8 0 0 0 0
J N 8 17939 -24 9 2305 576 1 23
K 0 8 45
K 0 0 42
K 0 8 45
K 1 8 45
K 0 124 111
K 14 124 110
K 0 0 60
K 0 24 60
A D 2 4 0
A P 3 238 0
J B 135 17982 1 82 6913 1152 0
J N 7 18007 -32 9 1 0 1 23
K 0 16 45
K 0 0 45
K 0 0 43
K -1 0 45
K 3 0 45
K 0 -20 96
K 0 0 60
K 0 32 60
A D 1 4 0
A P 3 243 0
H 23 S 0 0 0 0 -8 0 0 0 -4
J N 8 18036 -24 9 2305 576 0
K 0 8 45
K 0 0 42
K 0 8 45
K 1 8 45
K 0 124 111
K 14 124 110
K 0 0 60
K 0 24 60
A D 2 4 0
A P 3 238 0
J B 136 18079 1 82 6913 1152 0
J N 8 18104 -40 12 1 0 1 24
K 0 24 45
K 0 8 45
K 0 0 42
K 0 8 45
K 1 8 45
K 29 0 44
K -14 136 111
K 0 136 110
K 0 0 60
K 0 32 60
K 0 40 60
A D 3 4 0
A P 3 249 0
J B 137 18156 1 82 6913 1728 0
J N 7 18181 -32 8 1 0 1 24
K 0 16 45
K 0 0 45
K 0 0 43
K -1 0 45
K 3 0 45
K 0 0 60
K 0 32 60
A D 1 4 0
A P 3 243 0
H 24 S 0 0 0 0 0 0 0 0 0
J R 7 18210 32 2 3457 576 0
K 0 0 48
A D 1 4 0
A P 3 0 0
J B 0 18272 6 4 6913 576 0
K -27 24 44
K -27 40 44
K -15 0 82
K -6 0 84
J M 0 18272 0 0 10000 0 0
