S 0 200 140 2050 84 1 "(.)"
L 0 0 0 392 392 * 0 21 0
J C 4 7 63 2 6913 0 0
K 0 0 33
K 0 0 34
J K 2 85 0 2 6913 0 0
K 0 0 63
K 21 31 63
J D 0 -16 -21 1 6913 0 0
W 0 0 37 \02\08
J D 0 193 0 1 1 0 0
W 0 147 36 cresc.
J N 7 193 31 4 1 0 1 76
K 0 0 43
K 0 0 60
K 0 32 60
A D 48 192
J N 6 307 21 4 2305 576 2 77 76
K -22 0 64
K 0 0 43
K 36 -9 44
A D 36 192
H 76 S 0 0 0 0 0 0 0 0 0
J N 5 401 10 3 4033 432 1 77
K 0 0 43
K 0 -26 96
A D 12 192
H 77 B -72 -2 112 2 2 53
J N 5 453 0 3 4609 144 1 78
K 0 0 43
K 0 -26 96
A D 12 192
J N 5 505 0 3 5185 144 1 78
K 0 0 43
K 0 -26 96
A D 12 192
J N 5 557 -11 3 5761 144 1 78
K 0 0 43
K 0 -26 96
A D 12 192
J N 5 609 -21 6 6337 144 1 78
K 0 0 45
K 0 0 43
K -1 0 45
K 6 0 45
K 0 -26 96
A D 12 192
H 78 B -69 -1 112 4 22 11 11 33
J B 29 661 1 82 6913 144 0
J N 6 701 -11 11 1 0 0
K -25 0 63
K 0 0 43
K 0 53 43
K 0 105 43
K 0 155 111
K 18 155 110
K 0 105 59
K 0 63 59
K 0 21 59
K 0 0 51
A D 24 192
J R 6 773 42 2 1153 288 0
K 0 0 49
A D 24 192
J R 7 845 42 2 2305 288 0
K 0 0 48
A D 48 192
J N 6 959 21 5 4609 576 2 79 80
K 0 0 43
K 36 -9 44
K 0 -37 236
K 0 138 108
A D 36 192
J N 4 1053 31 2 6337 432 1 80
K 0 0 43
A D 6 192
J N 4 1093 21 2 6625 72 2 80 79
K 0 0 43
A D 6 192
H 80 B -107 0 112 3 2 221 333
H 79 S 0 0 0 0 0 0 0 0 0
J B 30 1129 1 82 6913 72 0
J N 6 1166 -11 11 1 0 0
K -22 0 64
K 0 0 43
K 0 42 43
K 0 95 43
K 0 147 111
K 18 147 110
K 0 95 59
K 0 53 59
K 0 11 59
K 0 0 51
A D 24 192
J R 6 1238 42 2 1153 288 0
K 0 0 49
A D 24 192
J R 7 1310 42 2 2305 288 0
K 0 0 48
A D 48 192
J N 6 1424 31 5 4609 576 2 81 82
K 0 0 43
K 38 0 44
K 0 -47 236
K 0 126 108
A D 36 192
J N 4 1518 42 2 6337 432 1 82
K 0 0 43
A D 6 192
J N 4 1558 31 2 6625 72 2 82 81
K 0 0 43
A D 6 192
H 82 B -97 0 112 3 2 221 333
H 81 S 0 0 0 0 0 0 0 0 0
J B 31 1594 1 82 6913 72 0
J N 6 1626 0 10 1 0 0
K 0 0 43
K 0 21 43
K 0 94 43
K 0 138 111
K 18 138 110
K 0 94 59
K 0 52 59
K 0 10 59
K 0 0 51
A D 24 192
J R 6 1697 42 2 1153 288 0
K 0 0 49
A D 24 192
J R 7 1768 42 2 2305 288 0
K 0 0 48
A D 48 192
J N 6 1881 -21 8 4609 576 2 83 84
K 0 0 45
K 0 0 43
K -1 0 45
K 6 0 45
K 36 -9 44
K 0 -26 236
K 0 142 108
A D 36 192
J N 4 1974 -11 3 6337 432 1 84
K -25 0 63
K 0 0 43
A D 6 192
J N 4 2014 -21 5 6625 72 2 84 83
K 0 0 45
K 0 0 43
K -1 0 45
K 6 0 45
A D 6 192
H 84 B -107 0 112 3 2 221 333
H 83 S 0 0 0 0 0 0 0 0 0
J B 32 2050 1 82 6913 72 0
E *
B 1 661 0
B 1 1129 0
B 1 1594 0
B 1 2050 0
S 0 200 455 2050 84 1 "(.)"
L 0 0 0 392 392 * 0 21 0
J C 4 7 63 2 6913 0 0
K 0 0 33
K 0 0 34
J K 2 85 0 2 6913 0 0
K 0 0 63
K 21 31 63
J D 0 -16 -21 1 6913 0 0
W 0 0 37 \03\02
J N 6 208 52 8 1 0 0
K 0 -42 43
K -28 -31 43
K 0 0 43
K 0 101 111
K 18 101 110
K 0 -42 60
K 0 0 52
A D 24 192
J R 6 267 42 2 1153 288 0
K 0 0 49
A D 24 192
J R 7 326 42 2 2305 288 0
K 0 0 48
A D 48 192
J N 6 416 -21 8 4609 576 2 85 86
K 0 0 45
K 0 0 43
K -1 0 45
K 6 0 45
K 36 -9 44
K 0 -26 236
K 0 142 108
A D 36 192
J N 4 499 -11 3 6337 432 1 86
K -25 0 63
K 0 0 43
A D 6 192
J N 4 540 -21 5 6625 72 2 86 85
K 0 0 45
K 0 0 43
K -1 0 45
K 6 0 45
A D 6 192
H 86 B -107 0 112 3 2 221 333
H 85 S 0 0 0 0 0 0 0 0 0
J B 33 578 1 82 6913 72 0
J D 0 610 0 1 1 0 0
W 0 138 36 cresc.
J N 8 610 -21 7 1 0 1 87
K 0 0 45
K 0 0 42
K -1 0 45
K 6 0 45
K 0 0 60
K 0 31 60
A D 96 192
J N 5 742 -21 6 4609 1152 3 88 89 87
K 0 0 45
K 0 0 43
K -1 0 45
K 6 0 45
K 36 -9 44
A D 18 192
H 87 T -21 0 0 0 0 0 5 0
J N 3 799 -11 2 5473 216 1 89
K 0 0 43
A D 3 192
J N 3 833 0 2 5617 36 1 89
K 0 0 43
A D 3 192
H 89 B -126 2 112 3 22 2211 3333
J N 3 867 10 2 5761 36 1 90
K 0 0 43
A D 3 192
J N 3 901 21 2 5905 36 1 90
K 0 0 43
A D 3 192
J N 3 935 31 2 6049 36 1 90
K 0 0 43
A D 3 192
J N 3 969 42 2 6193 36 1 90
K 0 0 43
A D 3 192
J N 3 1003 52 2 6337 36 1 90
K 0 0 43
A D 3 192
J N 3 1037 63 2 6481 36 1 90
K 0 0 43
A D 3 192
J N 3 1071 73 2 6625 36 1 90
K 0 0 43
A D 3 192
J N 3 1105 84 2 6769 36 2 90 88
K 0 0 43
A D 3 192
H 90 B -148 4 112 8 2222 1111 1111 1111 1111 1111 1111 3333
H 88 S 0 0 0 0 0 0 0 0 0
J B 34 1154 5 2 6913 36 0
K -13 0 82
K 0 0 82
J D 5 1186 -60 1 6913 0 0
W 0 0 37 Allegro con brio. (\0& = 100)
J T 101 1186 63 1 6913 0 0
K 0 0 37
J N 6 1258 94 4 1 0 1 91
K 0 0 43
K 0 52 110
K 30 52 108
A D 12 96
J N 6 1308 94 2 865 288 1 91
K 0 0 43
A D 12 96
J N 6 1357 94 2 1729 288 1 91
K 0 0 43
A D 12 96
J N 6 1406 94 2 2593 288 1 91
K 0 0 43
A D 12 96
H 91 B 73 0 112 4 2 1 1 3
J N 8 1455 94 6 3457 288 0
K 0 0 42
K 0 -26 59
K 0 0 59
K 0 -24 59
K 0 -53 125
A D 48 96
J B 35 1556 9 4 6913 1152 0
K 0 0 84
K 19 0 82
K 29 31 44
K 29 52 44
J N 8 1622 94 6 1 0 0
K 0 0 42
K 0 -26 59
K 0 0 59
K 0 -24 59
K 0 -53 125
A D 48 96
J N 8 1719 94 6 3457 1152 0
K 0 0 42
K 0 -26 59
K 0 0 59
K 0 -24 59
K 0 -53 125
A D 48 96
J B 36 1820 1 82 6913 1152 0
J N 8 1852 94 6 1 0 0
K 0 0 42
K 0 -26 59
K 0 0 59
K 0 -24 59
K 0 -53 125
A D 48 96
J N 8 1949 94 6 3457 1152 0
K 0 0 42
K 0 -26 59
K 0 0 59
K 0 -24 59
K 0 -53 125
A D 48 96
J B 37 2050 1 82 6913 1152 0
E *
B 1 578 0
B 5 1154 0
B 9 1556 0
B 1 1820 0
B 1 2050 0
S 0 200 770 2050 84 1 "(.)"
L 0 0 0 392 392 * 0 21 0
J C 4 7 63 2 6913 0 0
K 0 0 33
K 0 0 34
J K 2 85 0 2 6913 0 0
K 0 0 63
K 21 31 63
J D 0 -16 -21 1 6913 0 0
W 0 0 37 \03\07
J D 0 193 0 1 1 0 0
W 0 136 36 cresc.
J N 5 193 0 2 1 0 2 92 93
K 0 0 43
A D 6 96
J N 5 227 10 2 433 144 1 93
K 0 0 43
A D 6 96
J N 5 261 21 2 865 144 1 93
K 0 0 43
A D 6 96
J N 5 301 10 2 1297 144 1 93
K 0 0 43
A D 6 96
H 93 B -86 1 112 4 22 11 11 33
J N 5 341 0 2 1729 144 1 94
K 0 0 43
A D 6 96
J N 5 381 -11 2 2161 144 1 94
K 0 0 43
A D 6 96
J N 5 421 -21 5 2593 144 1 94
K 0 0 45
K 0 0 43
K -1 0 45
K 6 0 45
A D 6 96
J N 5 455 -11 2 3025 144 1 94
K 0 0 43
A D 6 96
H 94 B -68 -1 112 4 22 11 11 33
J N 5 489 0 2 3457 144 1 95
K 0 0 43
A D 6 96
J N 5 523 10 2 3889 144 1 95
K 0 0 43
A D 6 96
J N 5 557 21 2 4321 144 1 95
K 0 0 43
A D 6 96
J N 5 591 31 2 4753 144 1 95
K 0 0 43
A D 6 96
H 95 B -89 5 112 4 22 11 11 33
J N 5 625 42 2 5185 144 1 96
K 0 0 43
A D 6 96
J N 5 659 52 2 5617 144 1 96
K 0 0 43
A D 6 96
J N 5 693 63 2 6049 144 1 96
K 0 0 43
A D 6 96
J N 5 727 73 2 6481 144 2 96 92
K 0 0 43
A D 6 96
H 96 B 65 5 112 4 22 11 11 33
H 92 S 0 0 2 9 -65 0 0 0 0
J B 38 763 1 82 6913 144 0
J N 8 795 84 6 1 0 0
K 0 0 42
K 0 46 108
K 0 0 59
K 0 -34 59
K 0 -63 125
A D 48 96
J N 8 891 84 5 3457 1152 0
K 0 0 42
K 0 0 59
K 0 -34 59
K 0 -63 125
A D 48 96
J B 39 987 1 82 6913 1152 0
J N 8 1019 84 5 1 0 0
K 0 0 42
K 0 0 59
K 0 -34 59
K 0 -63 125
A D 48 96
J N 8 1115 84 5 3457 1152 0
K 0 0 42
K 0 0 59
K 0 -34 59
K 0 -63 125
A D 48 96
J B 40 1211 1 82 6913 1152 0
J N 8 1243 84 5 1 0 0
K 0 0 42
K 0 0 59
K 0 -34 59
K 0 -63 125
A D 48 96
J N 8 1339 84 5 3457 1152 0
K 0 0 42
K 0 0 59
K 0 -34 59
K 0 -63 125
A D 48 96
J B 41 1435 1 82 6913 1152 0
J N 8 1467 84 5 1 0 0
K 0 0 42
K 0 0 59
K 0 -34 59
K 0 -63 125
A D 48 96
J N 6 1563 84 2 3457 1152 1 97
K 0 0 43
A D 12 96
J N 6 1630 84 2 4321 288 1 97
K 0 0 43
A D 12 96
J N 6 1696 84 3 5185 288 1 97
K -25 0 63
K 0 0 43
A D 12 96
J N 6 1762 84 2 6049 288 1 97
K 0 0 43
A D 12 96
H 97 B 69 0 112 4 2 1 1 3
J B 42 1828 1 82 6913 288 0
J N 8 1860 73 6 1 0 0
K 0 0 42
K 0 -26 59
K 0 0 59
K 0 -24 59
K 0 -53 125
A D 48 96
J N 8 1955 73 6 3457 1152 0
K 0 0 42
K 0 -26 59
K 0 0 59
K 0 -24 59
K 0 -53 125
A D 48 96
J B 43 2050 1 82 6913 1152 0
E *
B 1 763 0
B 1 987 0
B 1 1211 0
B 1 1435 0
B 1 1828 0
B 1 2050 0
S 0 200 1085 2050 84 1 "(.)"
L 0 0 0 392 392 * 0 21 0
J C 4 7 63 2 6913 0 0
K 0 0 33
K 0 0 34
J K 2 85 0 2 6913 0 0
K 0 0 63
K 21 31 63
J D 0 -16 -21 1 6913 0 0
W 0 0 37 \04\03
J N 8 193 73 6 1 0 0
K 0 0 42
K 0 -26 59
K 0 0 59
K 0 -24 59
K 0 -53 125
A D 48 96
J N 8 278 73 6 3457 1152 0
K 0 0 42
K 0 -26 59
K 0 0 59
K 0 -24 59
K 0 -53 125
A D 48 96
J B 44 367 1 82 6913 1152 0
J D 0 399 0 1 1 0 0
W 0 147 36 cresc.
J N 6 399 52 2 1 0 2 98 99
K 0 0 43
A D 12 96
J N 6 445 63 2 865 288 2 99 98
K 0 0 43
A D 12 96
H 98 S 12 0 0 0 0 0 0 0 0
J N 6 492 63 3 1729 288 1 99
K 0 0 43
K 0 31 96
A D 12 96
J N 6 539 63 3 2593 288 1 99
K 0 0 43
K 0 31 96
A D 12 96
H 99 B 61 1 112 4 2 1 1 3
J R 6 585 42 2 3457 288 0
K 0 0 49
A D 12 96
J N 6 631 73 3 4321 288 1 100
K 0 0 43
K 0 26 96
A D 12 96
J N 6 678 73 3 5185 288 1 100
K 0 0 43
K 0 26 96
A D 12 96
J N 6 725 73 3 6049 288 1 100
K 0 0 43
K 0 26 96
A D 12 96
H 100 B 73 0 112 3 2 1 3
J B 45 775 1 82 6913 288 0
J R 6 807 42 2 1 0 0
K 0 0 49
A D 12 96
J N 6 853 84 3 865 288 1 101
K 0 0 43
K 0 26 96
A D 12 96
J N 6 900 84 3 1729 288 1 101
K 0 0 43
K 0 26 96
A D 12 96
J N 6 947 84 3 2593 288 1 101
K 0 0 43
K 0 26 96
A D 12 96
H 101 B 69 0 112 3 2 1 3
J R 6 992 42 2 3457 288 0
K 0 0 49
A D 12 96
J N 6 1051 94 4 4321 288 1 102
K -25 0 63
K 0 0 43
K 0 26 96
A D 12 96
J N 6 1097 94 3 5185 288 1 102
K 0 0 43
K 0 26 96
A D 12 96
J N 6 1143 94 3 6049 288 1 102
K 0 0 43
K 0 26 96
A D 12 96
H 102 B 73 0 112 3 2 1 3
J B 46 1192 1 82 6913 288 0
J N 7 1224 84 5 1 0 0
K 0 0 43
K 0 26 96
K 0 0 59
K 0 -32 59
A D 24 96
J N 7 1284 10 4 1729 576 1 103
K 0 0 43
K 0 0 60
K 0 32 60
A D 24 96
J N 7 1344 -11 4 3457 576 0
K 0 0 43
K 0 0 60
K 0 32 60
A D 24 96
J N 7 1404 31 4 5185 576 1 103
K 0 0 43
K 0 0 60
K 0 32 60
A D 24 96
H 103 S 0 0 -21 0 -21 1 0 0 0
J B 47 1468 1 82 6913 576 0
J N 8 1500 21 10 1 0 0
K 0 0 42
K 36 -9 44
K 0 73 42
K 38 73 44
K 0 125 110
K 0 73 59
K 0 31 59
K 0 0 59
K 0 -21 59
A D 72 96
J N 5 1609 21 2 5185 1728 2 104 105
K 0 0 43
A D 6 96
J N 5 1643 31 2 5617 144 1 105
K 0 0 43
A D 6 96
J N 5 1683 21 2 6049 144 1 105
K 0 0 43
A D 6 96
J N 5 1723 10 2 6481 144 2 105 104
K 0 0 43
A D 6 96
H 105 B -86 0 112 4 22 11 11 33
H 104 S 0 0 0 0 0 0 0 0 0
J B 48 1759 1 82 6913 144 0
J N 8 1791 0 7 1 0 0
K 0 0 42
K 36 -9 44
K 0 132 111
K 18 132 110
K 0 0 60
K 0 31 60
A D 72 96
J N 5 1900 0 2 5185 1728 2 106 107
K 0 0 43
A D 6 96
J N 5 1934 10 2 5617 144 1 107
K 0 0 43
A D 6 96
J N 5 1974 0 2 6049 144 1 107
K 0 0 43
A D 6 96
J N 5 2014 -11 2 6481 144 2 107 106
K 0 0 43
A D 6 96
H 107 B -86 0 112 4 22 11 11 33
H 106 S 0 0 0 0 0 0 0 0 0
J B 49 2050 1 82 6913 144 0
E *
B 1 367 0
B 1 775 0
B 1 1192 0
B 1 1468 0
B 1 1759 0
B 1 2050 0
S 0 200 1400 2050 84 1 "(.)"
L 0 0 0 392 392 * 0 21 0
J C 4 7 63 2 6913 0 0
K 0 0 33
K 0 0 34
J K 2 85 0 2 6913 0 0
K 0 0 63
K 21 31 63
J D 0 -16 -21 1 6913 0 0
W 0 0 37 \04\09
J N 7 193 -21 8 1 0 0
K 0 0 45
K 0 0 43
K -1 0 45
K 6 0 45
K 0 -26 96
K 0 0 60
K 0 31 60
A D 24 96
J N 5 282 -21 5 1729 576 2 108 109
K 0 0 45
K 0 0 43
K -1 0 45
K 6 0 45
A D 6 96
J N 5 347 -11 3 2161 144 1 109
K -25 0 63
K 0 0 43
A D 6 96
J N 5 387 -21 5 2593 144 1 109
K 0 0 45
K 0 0 43
K -1 0 45
K 6 0 45
A D 6 96
J N 5 427 -32 5 3025 144 2 109 108
K 0 11 45
K 0 0 43
K 0 11 45
K 2 11 45
A D 6 96
H 109 B -86 0 112 4 22 11 11 33
H 108 S 0 0 0 0 0 0 0 0 0
J N 8 489 -42 11 3457 144 1 110
K 0 21 45
K 0 0 45
K -22 0 64
K 0 0 42
K -1 0 45
K 6 0 45
K 0 174 111
K 18 174 110
K 0 0 60
K 0 42 60
A D 48 96
J B 50 602 1 82 6913 1152 0
J N 7 638 -42 9 1 0 1 110
K 0 21 45
K 0 0 45
k -22 0 64
K 0 0 43
K -1 0 45
K 6 0 45
K 0 0 60
K 0 42 60
A D 24 96
H 110 T -42 0 0 0 0 0 5 0
J N 7 727 -21 8 1729 576 0
K 0 0 45
K 0 0 43
K -1 0 45
K 6 0 45
K 0 -26 96
K 0 0 60
K 0 31 60
A D 24 96
J N 7 816 0 5 3457 576 0
K 0 0 43
K 0 -26 96
K 0 0 60
K 0 31 60
A D 24 96
J N 7 905 31 6 5185 576 0
K -22 0 64
K 0 0 43
K 0 -21 96
K 0 0 60
K 0 32 60
A D 24 96
J B 51 994 1 82 6913 576 0
J N 7 1026 42 5 1 0 0
K 0 0 43
K 0 -32 96
K 0 0 60
K 0 31 60
A D 24 96
J N 5 1115 -11 2 1729 576 2 111 112
K 0 0 43
A D 6 96
J N 5 1150 0 2 2161 144 1 112
K 0 0 43
A D 6 96
J N 5 1190 -11 2 2593 144 1 112
K 0 0 43
A D 6 96
J N 5 1225 0 2 3025 144 1 112
K 0 0 43
A D 6 96
H 112 B -76 1 112 4 22 11 11 33
J N 8 1265 -11 2 3457 144 1 113
K 0 0 42
A D 24 96
J N 8 1354 0 2 5185 576 2 113 111
K 0 0 42
A D 24 96
H 113 B -75 2 112 2 22 33
H 111 S 0 0 0 0 0 0 0 0 0
J B 52 1443 1 82 6913 576 0
J N 5 1475 -11 2 1 0 2 114 115
K 0 0 43
A D 6 96
J N 5 1515 -21 5 433 144 1 115
K 0 0 45
K 0 0 43
K -1 0 45
K 6 0 45
A D 6 96
J N 5 1555 -32 5 865 144 1 115
K 0 11 45
K 0 0 43
K 0 11 45
K 2 11 45
A D 6 96
J N 5 1590 -21 5 1297 144 1 115
K 0 0 45
K 0 0 43
K -1 0 45
K 6 0 45
A D 6 96
H 115 B -79 -1 112 4 22 11 11 33
J N 5 1625 -11 2 1729 144 1 116
K 0 0 43
A D 6 96
J N 5 1660 0 2 2161 144 1 116
K 0 0 43
A D 6 96
J N 5 1695 10 2 2593 144 1 116
K 0 0 43
A D 6 96
J N 5 1730 21 2 3025 144 2 116 114
K 0 0 43
A D 6 96
H 116 B -77 6 112 4 22 11 11 33
H 114 S 0 0 -10 0 0 1 0 0 0
J N 5 1764 31 2 3457 144 2 117 118
K 0 0 43
A D 6 96
J N 5 1804 21 2 3889 144 1 118
K 0 0 43
A D 6 96
J N 5 1844 10 2 4321 144 1 118
K 0 0 43
A D 6 96
J N 5 1878 21 2 4753 144 1 118
K 0 0 43
A D 6 96
H 118 B -79 -1 112 4 22 11 11 33
J N 5 1912 31 2 5185 144 1 119
K 0 0 43
A D 6 96
J N 5 1946 42 2 5617 144 1 119
K 0 0 43
A D 6 96
J N 5 1980 52 2 6049 144 1 119
K 0 0 43
A D 6 96
J N 5 2014 63 2 6481 144 2 119 117
K 0 0 43
A D 6 96
H 119 B -78 6 112 4 22 11 11 33
H 117 S 0 0 -10 0 0 1 0 0 0
J B 53 2050 1 82 6913 144 0
E *
B 1 602 0
B 1 994 0
B 1 1443 0
B 1 2050 0
S 0 200 1715 2050 84 1 "(.)"
L 0 0 0 392 392 * 0 21 0
J C 4 7 63 2 6913 0 0
K 0 0 33
K 0 0 34
J K 2 85 0 2 6913 0 0
K 0 0 63
K 21 31 63
J D 0 -16 -21 1 6913 0 0
W 0 0 37 \05\03
J N 7 193 73 5 1 0 0
K 0 0 43
K 0 26 96
K 0 0 59
K 0 -31 59
A D 24 96
J N 5 272 -21 5 1729 576 2 120 121
K 0 0 45
K 0 0 43
K -1 0 45
K 6 0 45
A D 6 96
J N 5 337 -11 3 2161 144 1 121
K -25 0 63
K 0 0 43
A D 6 96
J N 5 377 -21 5 2593 144 1 121
K 0 0 45
K 0 0 43
K -1 0 45
K 6 0 45
A D 6 96
J N 5 417 -32 5 3025 144 2 121 120
K 0 11 45
K 0 0 43
K 0 11 45
K 2 11 45
A D 6 96
H 121 B -86 0 112 4 22 11 11 33
H 120 S 0 0 0 0 0 0 0 0 0
J N 8 479 -42 11 3457 144 1 122
K 0 21 45
K 0 0 45
K -22 0 64
K 0 0 42
K -1 0 45
K 6 0 45
K 0 174 111
K 18 174 110
K 0 0 60
K 0 42 60
A D 48 96
J B 54 582 1 82 6913 1152 0
J N 7 618 -42 9 1 0 1 122
K 0 21 45
K 0 0 45
k -22 0 64
K 0 0 43
K -1 0 45
K 6 0 45
K 0 0 60
K 0 42 60
A D 24 96
H 122 T -42 0 0 0 0 0 5 0
J N 7 697 -21 8 1729 576 0
K 0 0 45
K 0 0 43
K -1 0 45
K 6 0 45
K 0 -26 96
K 0 0 60
K 0 31 60
A D 24 96
J N 7 775 0 5 3457 576 0
K 0 0 43
K 0 -26 96
K 0 0 60
K 0 31 60
A D 24 96
J N 7 853 31 6 5185 576 0
K -22 0 64
K 0 0 43
K 0 -21 96
K 0 0 60
K 0 32 60
A D 24 96
J B 55 932 1 82 6913 576 0
J N 7 970 42 6 1 0 0
K -23 0 65
K 0 0 43
K 0 -32 96
K 0 0 60
K 0 31 60
A D 24 96
J N 5 1048 -11 2 1729 576 2 123 124
K 0 0 43
A D 6 96
J N 5 1082 0 2 2161 144 1 124
K 0 0 43
A D 6 96
J N 5 1122 -11 2 2593 144 1 124
K 0 0 43
A D 6 96
J N 5 1156 0 2 3025 144 1 124
K 0 0 43
A D 6 96
H 124 B -76 1 112 4 22 11 11 33
J N 8 1196 -11 2 3457 144 1 125
K 0 0 42
A D 24 96
J N 8 1281 0 2 5185 576 2 125 123
K 0 0 42
A D 24 96
H 125 B -75 2 112 2 22 33
H 123 S 0 0 0 0 0 0 0 0 0
J B 56 1368 1 82 6913 576 0
J N 5 1400 -11 2 1 0 2 126 127
K 0 0 43
A D 6 96
J N 5 1440 -21 5 433 144 1 127
K 0 0 45
K 0 0 43
K -1 0 45
K 6 0 45
A D 6 96
J N 5 1503 -32 6 865 144 1 127
K 0 11 45
K -23 0 65
K 0 0 43
K 0 11 45
K 2 11 45
A D 6 96
J N 5 1537 -21 5 1297 144 1 127
K 0 0 45
K 0 0 43
K -1 0 45
K 6 0 45
A D 6 96
H 127 B -80 -1 112 4 22 11 11 33
J N 5 1571 -11 2 1729 144 1 128
K 0 0 43
A D 6 96
J N 5 1633 0 3 2161 144 1 128
K -22 0 64
K 0 0 43
A D 6 96
J N 5 1667 10 2 2593 144 1 128
K 0 0 43
A D 6 96
J N 5 1701 21 2 3025 144 2 128 126
K 0 0 43
A D 6 96
H 128 B -79 4 112 4 22 11 11 33
H 126 S 0 0 -10 0 0 1 0 0 0
J N 5 1735 31 2 3457 144 2 129 130
K 0 0 43
A D 6 96
J N 5 1775 21 2 3889 144 1 130
K 0 0 43
A D 6 96
J N 5 1815 10 2 4321 144 1 130
K 0 0 43
A D 6 96
J N 5 1849 21 2 4753 144 1 130
K 0 0 43
A D 6 96
H 130 B -79 -1 112 4 22 11 11 33
J N 5 1883 31 2 5185 144 1 131
K 0 0 43
A D 6 96
J N 5 1946 42 3 5617 144 1 131
K -23 0 65
K 0 0 43
A D 6 96
J N 5 1980 52 2 6049 144 1 131
K 0 0 43
A D 6 96
J N 5 2014 63 2 6481 144 2 131 129
K 0 0 43
A D 6 96
H 131 B -79 4 112 4 22 11 11 33
H 129 S 0 0 -10 0 0 1 0 0 0
J B 57 2050 1 82 6913 144 0
E *
B 1 582 0
B 1 932 0
B 1 1368 0
B 1 2050 0
S 0 200 2030 2050 84 1 "(.)"
L 0 0 0 392 392 * 0 21 0
J C 4 7 63 2 6913 0 0
K 0 0 33
K 0 0 34
J K 2 85 0 2 6913 0 0
K 0 0 63
K 21 31 63
J D 0 -16 -21 1 6913 0 0
W 0 0 37 \05\07
J N 7 198 73 5 1 0 0
K -22 0 64
K 0 0 43
K 0 0 59
K 0 -31 59
A D 24 96
J R 6 271 42 2 1729 576 0
K 0 0 49
A D 12 96
J R 5 329 42 3 2593 288 0
K 0 21 49
K 6 0 50
A D 6 96
J N 5 369 21 10 3025 144 0
K 0 -42 45
K 0 -63 45
K 0 -74 43
K 0 -63 45
K 2 -63 45
K 0 0 43
K 0 -74 60
K 0 -32 60
K 0 0 56
A D 6 96
J N 8 409 21 13 3457 144 2 132 133
K 0 -42 45
K 0 -63 45
K 0 -74 42
K 0 -63 45
K 2 -63 45
K 0 0 42
K 0 115 111
K 18 115 110
K 0 -74 60
K 0 -32 60
K 0 0 60
K 0 31 60
A D 48 96
J B 58 506 1 82 6913 1152 0
J N 9 538 21 9 1 0 4 134 135 132 133
K 0 -42 45
K 7 -42 45
K 0 -63 45
K 7 -63 45
K 0 -74 41
K 0 -63 45
K 2 -63 45
K 0 0 41
A D 96 96
H 132 T -53 0 0 0 0 0 1 0
H 133 T 21 0 0 0 0 0 15 0
J B 59 675 1 82 6913 2304 0
J N 7 707 21 11 1 0 2 134 135
K 0 -42 45
K 0 -63 45
K 0 -74 43
K 0 -63 45
K 2 -63 45
K 0 0 43
K 0 -74 60
K 0 -32 60
K 0 0 60
K 0 31 60
A D 24 96
H 134 T -53 0 0 0 0 0 1 0
H 135 T 21 0 0 0 0 0 15 0
J R 6 780 42 2 1729 576 0
K 0 0 49
A D 12 96
J R 5 838 42 3 2593 288 0
K 0 21 49
K 6 0 50
A D 6 96
J N 5 878 21 10 3025 144 0
K 0 -42 45
K 0 -63 45
K 0 -74 43
K 0 -63 45
K 2 -63 45
K 0 0 43
K 0 -74 60
K 0 -32 60
K 0 0 56
A D 6 96
J N 8 918 21 13 3457 144 2 136 137
K 0 -42 45
K 0 -63 45
K 0 -74 42
K 0 -63 45
K 2 -63 45
K 0 0 42
K 0 117 111
K 18 117 110
K 0 -74 60
K 0 -32 60
K 0 0 60
K 0 31 60
A D 48 96
J B 60 1015 1 82 6913 1152 0
J N 9 1047 21 11 1 0 2 136 137
K 0 -42 45
K 7 -42 45
K 0 -63 45
K 7 -63 45
K 0 -74 41
K 0 -63 45
K 2 -63 45
K 0 0 41
K 0 117 111
K 18 117 110
A D 96 96
H 136 T -53 0 0 0 0 0 1 0
H 137 T 21 0 0 0 0 0 15 0
J B 61 1183 1 82 6913 2304 0
J N 8 1215 -63 12 1 0 1 138
K 0 42 45
K 0 21 45
K 0 0 45
K 0 0 42
K -1 0 45
K 6 0 45
K 0 195 110
K 25 195 110
K 0 0 60
K 0 42 60
K 0 63 60
A D 48 96
J N 6 1310 -63 7 3457 1152 2 139 138
K 0 42 45
K 0 21 45
K 0 0 45
K 0 0 43
K -1 0 45
K 6 0 45
A D 12 96
H 138 T -63 0 0 0 0 0 5 0
J N 6 1374 -74 9 4321 288 1 139
K 0 53 45
K 0 32 45
K 0 11 45
K -22 0 64
K 0 0 43
K 0 11 45
K 2 11 45
K 0 -26 96
A D 12 96
J N 6 1431 -63 8 5185 288 1 139
K 0 42 45
K 0 21 45
K 0 0 45
K 0 0 43
K -1 0 45
K 6 0 45
K 0 -26 96
A D 12 96
J N 6 1488 -53 7 6049 288 1 139
K 0 32 45
K 0 11 45
K 0 0 43
K 0 11 45
K 2 11 45
K 0 -26 96
A D 12 96
H 139 B -105 1 112 4 2 1 1 3
J B 62 1547 1 82 6913 288 0
J N 6 1584 -42 8 1 0 1 140
K 0 21 45
K 0 0 45
K -22 0 64
K 0 0 43
K -1 0 45
K 6 0 45
K 0 -26 96
A D 12 96
J N 6 1641 -32 6 865 288 1 140
K 0 11 45
K 0 0 43
K 0 11 45
K 2 11 45
K 0 -26 96
A D 12 96
J N 6 1698 -21 6 1729 288 1 140
K 0 0 45
K 0 0 43
K -1 0 45
K 6 0 45
K 0 -26 96
A D 12 96
J N 6 1763 -11 4 2593 288 1 140
K -25 0 63
K 0 0 43
K 0 -26 96
A D 12 96
H 140 B -91 3 112 4 2 1 1 3
J N 6 1820 -21 6 3457 288 1 141
K 0 0 45
K 0 0 43
K -1 0 45
K 6 0 45
K 0 -26 96
A D 12 96
J N 6 1877 -42 7 4321 288 1 141
K 0 21 45
K 0 0 45
K 0 0 43
K -1 0 45
K 6 0 45
K 0 -26 96
A D 12 96
J N 6 1934 -32 6 5185 288 1 141
K 0 11 45
K 0 0 43
K 0 11 45
K 2 11 45
K 0 -26 96
A D 12 96
J N 6 1991 -21 6 6049 288 1 141
K 0 0 45
K 0 0 43
K -1 0 45
K 6 0 45
K 0 -26 96
A D 12 96
H 141 B -69 0 112 4 2 1 1 3
J B 63 2050 1 82 6913 288 0
E *
B 1 506 0
B 1 675 0
B 1 1015 0
B 1 1183 0
B 1 1547 0
B 1 2050 0
S 0 200 2345 2050 84 1 "(.)"
L 0 0 0 392 392 * 0 21 0
J C 4 7 63 2 6913 0 0
K 0 0 33
K 0 0 34
J K 2 85 0 2 6913 0 0
K 0 0 63
K 21 31 63
J D 0 -16 -21 1 6913 0 0
W 0 0 37 \06\03
J N 6 201 -11 4 1 0 1 142
K -25 0 63
K 0 0 43
K 0 21 96
A D 12 96
J N 6 254 94 4 865 288 1 142
K -25 0 63
K 0 0 43
K 0 26 96
A D 12 96
J N 6 307 84 3 1729 288 1 142
K 0 0 43
K 0 26 96
A D 12 96
J N 6 360 94 3 2593 288 1 142
K 0 0 43
K 0 26 96
A D 12 96
H 142 B 62 6 112 4 2 1 1 3
J N 6 413 84 3 3457 288 1 143
K 0 0 43
K 0 26 96
A D 12 96
J N 6 466 73 3 4321 288 1 143
K 0 0 43
K 0 26 96
A D 12 96
J N 6 539 63 4 5185 288 1 143
K -22 0 64
K 0 0 43
K 0 31 96
A D 12 96
J N 6 615 63 4 6049 288 1 143
K -25 0 63
K 0 0 43
K 0 31 96
A D 12 96
H 143 B 85 -1 112 4 2 1 1 3
J B 64 671 1 82 6913 288 0
J N 6 703 52 3 1 0 1 144
K 0 0 43
K 0 21 96
A D 12 96
J N 6 779 63 4 865 288 1 144
K -25 0 63
K 0 0 43
K 0 31 96
A D 12 96
J N 6 831 52 3 1729 288 1 144
K 0 0 43
K 0 21 96
A D 12 96
J N 6 883 42 3 2593 288 1 144
K 0 0 43
K 0 31 96
A D 12 96
H 144 B 75 -1 112 4 2 1 1 3
J N 6 956 31 4 3457 288 1 145
K -22 0 64
K 0 0 43
K 0 -21 96
A D 12 96
J N 6 1032 31 4 4321 288 1 145
K -25 0 63
K 0 0 43
K 0 -21 96
A D 12 96
J N 6 1084 21 3 5185 288 1 145
K 0 0 43
K 0 -32 96
A D 12 96
J N 6 1160 21 4 6049 288 1 145
K -25 0 63
K 0 0 43
K 0 -32 96
A D 12 96
H 145 B -63 0 112 4 2 1 1 3
J B 65 1216 1 82 6913 288 0
J N 7 1248 10 5 1 0 0
K 0 0 43
K 0 -26 96
K 0 0 60
K 0 32 60
A D 24 96
J N 7 1318 -63 13 1729 576 0
K 0 42 45
K 0 21 45
K 0 0 45
K 0 0 43
K -1 0 45
K 6 0 45
K 36 -9 44
K 0 195 111
K 18 195 110
K 0 0 60
K 0 42 60
K 0 63 60
A D 36 96
J N 6 1409 -74 9 4321 864 1 146
K 0 53 45
K 0 32 45
K 0 11 45
K -22 0 64
K 0 0 43
K 0 11 45
K 2 11 45
K 0 -26 96
A D 12 96
J N 6 1461 -63 8 5185 288 1 146
K 0 42 45
K 0 21 45
K 0 0 45
K 0 0 43
K -1 0 45
K 6 0 45
K 0 -26 96
A D 12 96
J N 6 1513 -53 7 6049 288 1 146
K 0 32 45
K 0 11 45
K 0 0 43
K 0 11 45
K 2 11 45
K 0 -26 96
A D 12 96
H 146 B -116 2 112 3 2 1 3
J B 66 1569 1 82 6913 288 0
J N 6 1606 -42 8 1 0 1 147
K 0 21 45
K 0 0 45
K -22 0 64
K 0 0 43
K -1 0 45
K 6 0 45
K 0 -26 96
A D 12 96
J N 6 1658 -32 6 865 288 1 147
K 0 11 45
K 0 0 43
K 0 11 45
K 2 11 45
K 0 -26 96
A D 12 96
J N 6 1710 -21 6 1729 288 1 147
K 0 0 45
K 0 0 43
K -1 0 45
K 6 0 45
K 0 -26 96
A D 12 96
J N 6 1786 -11 4 2593 288 1 147
K -25 0 63
K 0 0 43
K 0 -26 96
A D 12 96
H 147 B -88 1 112 4 2 1 1 3
J N 6 1838 -21 6 3457 288 1 148
K 0 0 45
K 0 0 43
K -1 0 45
K 6 0 45
K 0 -26 96
A D 12 96
J N 6 1890 -42 7 4321 288 1 148
K 0 21 45
K 0 0 45
K 0 0 43
K -1 0 45
K 6 0 45
K 0 -26 96
A D 12 96
J N 6 1942 -32 6 5185 288 1 148
K 0 11 45
K 0 0 43
K 0 11 45
K 2 11 45
K 0 -26 96
A D 12 96
J N 6 1994 -21 6 6049 288 1 148
K 0 0 45
K 0 0 43
K -1 0 45
K 6 0 45
K 0 -26 96
A D 12 96
H 148 B -69 0 112 4 2 1 1 3
J B 67 2050 1 82 6913 288 0
E *
B 1 671 0
B 1 1216 0
B 1 1569 0
B 1 2050 0
S 0 200 2660 2050 84 1 "(.)"
L 0 0 0 392 392 * 0 21 0
J C 4 7 63 2 6913 0 0
K 0 0 33
K 0 0 34
J K 2 85 0 2 6913 0 0
K 0 0 63
K 21 31 63
J D 0 -16 -21 1 6913 0 0
W 0 0 37 \06\07
J N 5 201 -11 3 1 0 1 149
K -25 0 63
K 0 0 43
A D 6 96
J N 5 241 -11 2 433 144 1 149
K 0 0 43
A D 6 96
J N 5 298 21 3 865 144 1 149
K -25 0 63
K 0 0 43
A D 6 96
J N 5 338 21 2 1297 144 1 149
K 0 0 43
A D 6 96
H 149 B -97 1 112 4 22 11 11 33
J N 5 378 10 2 1729 144 1 150
K 0 0 43
A D 6 96
J N 5 418 10 2 2161 144 1 150
K 0 0 43
A D 6 96
J N 5 451 21 2 2593 144 1 150
K 0 0 43
A D 6 96
J N 5 491 21 2 3025 144 1 150
K 0 0 43
A D 6 96
H 150 B -80 0 112 4 22 11 11 33
J N 6 531 10 2 3457 144 1 151
K 0 0 43
A D 12 96
J N 6 571 0 2 4321 288 1 151
K 0 0 43
A D 12 96
J N 6 633 -11 3 5185 288 1 151
K -22 0 64
K 0 0 43
A D 12 96
J N 6 698 -11 3 6049 288 1 151
K -25 0 63
K 0 0 43
A D 12 96
H 151 B -80 -1 112 4 62 61 61 63
J B 68 743 1 82 6913 288 0
J N 6 775 -21 5 1 0 1 152
K 0 0 45
K 0 0 43
K -1 0 45
K 6 0 45
A D 12 96
J N 6 840 -11 3 865 288 1 152
K -25 0 63
K 0 0 43
A D 12 96
J N 6 880 -21 5 1729 288 1 152
K 0 0 45
K 0 0 43
K -1 0 45
K 6 0 45
A D 12 96
J N 6 920 -32 5 2593 288 1 152
K 0 11 45
K 0 0 43
K 0 11 45
K 2 11 45
A D 12 96
H 152 B -86 0 112 4 62 61 61 63
J N 6 982 -42 7 3457 288 1 153
K 0 21 45
K 0 0 45
K -22 0 64
K 0 0 43
K -1 0 45
K 6 0 45
A D 12 96
J N 6 1047 -42 7 4321 288 1 153
K 0 21 45
K 0 0 45
K -25 0 63
K 0 0 43
K -1 0 45
K 6 0 45
A D 12 96
J N 6 1087 -53 6 5185 288 1 153
K 0 32 45
K 0 11 45
K 0 0 43
K 0 11 45
K 2 11 45
A D 12 96
J N 6 1152 -53 7 6049 288 1 153
K 0 32 45
K 0 11 45
K -25 0 63
K 0 0 43
K 0 11 45
K 2 11 45
A D 12 96
H 153 B -84 0 112 4 62 61 61 63
J B 69 1197 1 82 6913 288 0
J N 7 1229 -63 14 1 0 0
K 0 42 45
K 0 21 45
K 0 0 45
K 0 0 43
K -1 0 45
K 6 0 45
K 0 195 111
K 18 195 110
K 0 0 60
K 0 42 60
K 0 57 60
K -26 86 125
K -26 65 125
A D 24 96
J N 5 1283 -63 7 1729 576 1 154
K 0 42 45
K 0 21 45
K 0 0 45
K 0 0 43
K -1 0 45
K 6 0 45
A D 6 96
J N 5 1323 -63 7 2161 144 1 154
K 0 42 45
K 0 21 45
K 0 0 45
K 0 0 43
K -1 0 45
K 6 0 45
A D 6 96
J N 5 1388 -53 7 2593 144 1 154
K 0 32 45
K 0 11 45
K -25 0 63
K 0 0 43
K 0 11 45
K 2 11 45
A D 6 96
J N 5 1428 -53 6 3025 144 1 154
K 0 32 45
K 0 11 45
K 0 0 43
K 0 11 45
K 2 11 45
A D 6 96
H 154 B -105 0 112 4 22 11 11 33
J N 7 1468 -63 14 3457 144 0
K 0 42 45
K 0 21 45
K 0 0 45
K 0 0 43
K -1 0 45
K 6 0 45
K 0 195 111
K 18 195 110
K 0 0 60
K 0 42 60
K 0 57 60
K -26 86 125
K -26 65 125
A D 24 96
J N 5 1522 -63 7 5185 576 1 155
K 0 42 45
K 0 21 45
K 0 0 45
K 0 0 43
K -1 0 45
K 6 0 45
A D 6 96
J N 5 1562 -63 7 5617 144 1 155
K 0 42 45
K 0 21 45
K 0 0 45
K 0 0 43
K -1 0 45
K 6 0 45
A D 6 96
J N 5 1595 -53 6 6049 144 1 155
K 0 32 45
K 0 11 45
K 0 0 43
K 0 11 45
K 2 11 45
A D 6 96
J N 5 1635 -53 6 6481 144 1 155
K 0 32 45
K 0 11 45
K 0 0 43
K 0 11 45
K 2 11 45
A D 6 96
H 155 B -105 0 112 4 22 11 11 33
J B 70 1671 1 82 6913 144 0
J N 6 1703 -63 7 1 0 1 156
K 0 42 45
K 0 21 45
K 0 0 45
K 0 0 43
K -1 0 45
K 6 0 45
A D 12 96
J N 6 1768 -53 7 865 288 1 156
K 0 32 45
K 0 11 45
K -25 0 63
K 0 0 43
K 0 11 45
K 2 11 45
A D 12 96
J N 6 1808 -63 7 1729 288 1 156
K 0 42 45
K 0 21 45
K 0 0 45
K 0 0 43
K -1 0 45
K 6 0 45
A D 12 96
J N 6 1847 -53 6 2593 288 1 156
K 0 32 45
K 0 11 45
K 0 0 43
K 0 11 45
K 2 11 45
A D 12 96
H 156 B -105 0 112 4 62 61 61 63
J N 6 1887 -63 7 3457 288 1 157
K 0 42 45
K 0 21 45
K 0 0 45
K 0 0 43
K -1 0 45
K 6 0 45
A D 12 96
J N 6 1926 -53 6 4321 288 1 157
K 0 32 45
K 0 11 45
K 0 0 43
K 0 11 45
K 2 11 45
A D 12 96
J N 6 1966 -63 7 5185 288 1 157
K 0 42 45
K 0 21 45
K 0 0 45
K 0 0 43
K -1 0 45
K 6 0 45
A D 12 96
J N 6 2005 -53 6 6049 288 1 157
K 0 32 45
K 0 11 45
K 0 0 43
K 0 11 45
K 2 11 45
A D 12 96
H 157 B -105 0 112 4 62 61 61 63
J B 71 2050 1 82 6913 288 0
E *
B 1 743 0
B 1 1197 0
B 1 1671 0
B 1 2050 0
