S 0 200 140 2050 1718 13 "[(....)][({..}.)](.)[({..}.{..})]"
L 0 0 0 330 330 * 0 14 0
J D 0 -108 42 1 6913 0 0
W 0 0 31 Fl 1-2
J C 4 5 42 2 6913 0 0
K 0 0 33
K 0 0 34
J K 2 57 0 2 6913 0 0
K 0 0 63
K 15 21 63
J D 0 71 -14 1 6913 0 0
W 0 0 37 \04\01
J R 7 136 28 2 1 0 0
K 0 0 48
A D 4 16 0
A P 1 0 0
J D 0 190 0 1 2305 576 0
W 0 88 33 pi\u8 !1|p
J N 6 190 -42 7 2305 0 2 17 18
K 0 28 45
K 0 14 45
K 0 0 45
K 0 0 43
K -1 0 45
K 2 0 45
A D 2 16 0
A P 1 255 0
J N 6 226 -7 2 3457 288 1 18
K 0 0 43
A D 2 16 0
A P 1 226 0
H 18 B -73 4 108 2 2 3
J N 7 279 0 5 4609 288 2 19 17
K -14 0 64
K 0 0 43
K 0 0 60
K 0 21 60
A D 4 16 1
A P 1 220 1
H 17 S 0 0 0 0 0 0 0 0 0
J B 42 348 1 82 6913 576 0
J N 8 371 0 7 1 0 2 20 19
k -14 0 64
K 0 0 42
K 0 85 108
K 23 85 108
K 0 0 60
K 0 21 60
A D 8 16 0
A P 1 220 0
H 19 T 0 0 0 0 0 0 5 0
J N 7 500 7 6 4609 1152 1 20
K -15 0 65
K 0 0 43
K 0 -35 101
K 0 0 60
K 0 21 60
A D 4 16 0
A P 1 214 0
H 20 S 0 0 0 0 0 0 0 0 0
J B 43 644 5 2 6913 576 0
K -8 0 82
K 0 0 82
J K -2 665 0 4 6913 0 0
K 0 0 64
K 13 21 64
K 26 28 65
K 39 7 65
J D 5 733 -42 1 6913 0 0
W 0 0 40 Tempo I
J T 101 733 42 1 6913 0 0
K 0 0 37
J N 7 807 14 4 1 0 0
K 0 0 43
K 0 0 60
K 0 21 60
A D 2 8 0
A P 1 209 0
J R 7 875 28 2 1729 576 0
K 0 0 48
A D 2 8 1
A P 1 0 1
J R 8 955 28 2 3457 576 0
K 0 0 47
A D 4 8 0
A P 1 0 0
J B 44 1134 1 82 6913 1152 0
J R 9 1337 28 2 1 10000 0
K 0 0 46
A D 8 8 0
A P 3 0 0
J B 45 1569 1 82 6913 2304 0
J R 9 1795 28 2 1 10000 0
K 0 0 46
A D 8 8 0
A P 3 0 0
J B 46 2050 1 82 6913 2304 0
E *
L 132 0 0 330 330 * 0 14 0
J D 0 -119 42 1 6913 0 0
W 0 0 31 Ob 1-2
J C 4 5 42 2 6913 0 0
K 0 0 33
K 0 0 34
J K 2 57 0 2 6913 0 0
K 0 0 63
K 15 21 63
J D 0 71 -14 1 6913 0 0
W 0 0 0 \04\01
J R 7 136 28 2 1 0 0
K 0 0 48
A D 4 16 0
A P 1 0 0
J D 0 190 0 1 2305 576 0
W 0 89 33 pi\u8 !1|p
J N 6 190 -7 2 2305 0 2 42 43
K 0 0 43
A D 2 16 0
A P 1 226 0
J N 6 226 7 2 3457 288 1 43
K 0 0 43
A D 2 16 0
A P 1 215 0
H 43 B -52 4 108 2 2 3
J N 7 279 14 4 4609 288 2 44 42
K 0 0 43
K 0 0 60
K 0 21 60
A D 4 16 1
A P 1 209 1
H 42 S 0 0 0 0 0 0 0 0 0
J B 42 348 1 82 6913 576 0
J N 8 371 14 6 1 0 2 45 44
K 0 0 42
K 0 75 108
K 23 75 108
K 0 0 60
K 0 21 60
A D 8 16 0
A P 1 209 0
H 44 T 14 0 0 0 0 0 5 0
J N 7 500 21 6 4609 1152 1 45
K -14 0 64
K 0 0 43
K 0 -33 101
K 0 0 60
K 0 21 60
A D 4 16 0
A P 1 203 0
H 45 S 0 0 0 0 0 0 0 0 0
J B 43 644 5 2 6913 576 0
K -8 0 82
K 0 0 82
J K -2 665 0 4 6913 0 0
K 0 0 64
K 13 21 64
K 26 28 65
K 39 7 65
J D 5 733 -98 1 6913 0 0
W 0 0 0 (37) Tempo I
J T 101 733 42 1 6913 0 0
K 0 0 37
J N 7 807 28 4 1 0 0
K 0 0 43
K 0 0 60
K 0 21 60
A D 1 4 0
A P 1 197 0
J R 7 875 28 2 1729 576 0
K 0 0 48
A D 1 4 1
A P 1 0 1
J R 8 955 28 2 3457 576 0
K 0 0 47
A D 2 4 0
A P 1 0 0
J B 44 1134 1 82 6913 1152 0
J R 9 1337 28 2 1 10000 0
K 0 0 46
A D 4 4 0
A P 3 0 0
J B 45 1569 1 82 6913 2304 0
J R 9 1795 28 2 1 10000 0
K 0 0 46
A D 4 4 0
A P 3 0 0
J B 46 2050 1 82 6913 2304 0
E *
L 264 0 0 330 330 * 0 14 0
J D 0 -110 42 1 6913 0 0
W 0 -21 31 Cl 1-2
J D 0 -110 42 1 6913 0 0
W 0 21 31 (B\0.)
J C 4 5 42 2 6913 0 0
K 0 0 33
K 0 0 34
J K 0 57 0 0 6913 0 0
J D 0 71 -14 1 6913 0 0
W 0 0 0 \04\01
J D 0 130 0 1 1 0 0
W 0 117 33 pi\u8 !1|p
J N 7 136 35 10 1 0 4 102 103 100 98
K -18 -35 63
K 0 -35 43
K 24 -41 44
K 0 0 43
K 25 0 44
K 0 -35 60
K 0 -7 60
K 0 0 60
K 0 14 60
A D 3 8 0
A P 1 221 0
A P 2 192 0
J M 0 101 0 0 6913 0 1 100
H 100 S 0 0 -4 0 -35 0 0 0
J M 0 95 0 0 6913 0 1 98
H 98 S 12 0 79 -6 42 0 0 0
J N 6 226 35 6 3457 864 2 102 103
K -18 14 63
K 0 0 43
K 0 14 43
K 0 14 59
K 0 0 53
A D 1 8 0
A P 1 192 0
A P 2 181 0
H 102 S 0 0 -35 0 0 0 0 0 0
H 103 S 12 0 0 0 14 0 0 0 0
J N 7 279 42 7 4609 288 2 104 105
K -14 0 64
K 0 0 43
K 0 14 43
K 0 14 59
K 0 0 59
K 0 -21 59
A D 2 8 1
A P 1 186 1
A P 2 175 1
J B 42 348 1 82 6913 576 0
J N 8 371 42 8 1 0 4 106 107 104 105
K 0 0 42
K 0 14 42
K 0 63 108
K 23 63 108
K 0 14 59
K 0 0 59
K 0 -21 59
A D 4 8 0
A P 1 186 0
A P 2 175 0
H 104 T 42 0 0 0 0 0 7 0
H 105 T 56 0 0 0 0 0 13 0
J N 7 500 49 8 4609 1152 2 106 107
K -14 0 64
K 0 0 43
K 0 14 43
K 0 -63 101
K 0 14 59
K 0 0 59
K 0 -21 59
A D 2 8 0
A P 1 180 0
A P 2 169 0
H 106 S 0 14 0 0 0 0 0 0 0
H 107 S 12 0 14 0 14 0 0 0 0
J B 43 644 5 2 6913 576 0
K -8 0 82
K 0 0 82
J K 0 665 0 0 6913 0 0
J D 5 733 -98 1 6913 0 0
W 0 0 0 (37) Tempo I
J T 101 733 42 1 6913 0 0
K 0 0 37
J N 7 807 56 5 1 0 1 108
K 0 0 43
K 2 64 108
K 0 0 59
K 0 -21 59
A D 4 16 0
A P 1 175 0
J N 7 807 70 7 1 0 1 109
K 0 0 45
K 0 0 43
K -1 0 45
K 2 0 45
K 0 0 60
K 0 7 60
A D 4 16 0
A P 2 163 0
J N 8 875 42 4 1729 576 0
K 0 0 42
K 0 0 59
K 0 -21 59
A D 8 16 0
A P 1 186 0
J N 7 875 56 4 1729 0 0
K 0 0 43
K 0 0 60
K 0 14 60
A D 4 16 0
A P 2 175 0
J N 8 955 63 4 3457 576 0
K 0 0 42
K 0 0 60
K 0 14 60
A D 8 16 0
A P 2 169 0
J N 7 1029 28 4 5185 576 0
K 0 0 43
K 0 0 59
K 0 -14 59
A D 4 16 0
A P 1 198 0
J B 44 1134 1 82 6913 576 0
J N 7 1155 21 4 1 0 0
K 0 0 43
K 0 0 59
K 0 -14 59
A D 4 16 0
A P 1 203 0
J N 8 1155 70 7 1 0 0
K 0 0 45
K 0 0 42
K -1 0 45
K 2 0 45
K 0 0 60
K 0 7 60
A D 8 16 0
A P 2 163 0
J N 8 1229 42 4 1729 576 1 110
K 0 0 42
K 0 0 59
K 0 -21 59
A D 8 16 1
A P 1 186 1
J N 8 1331 63 4 3457 576 1 109
K 0 0 42
K 0 0 60
K 0 14 60
A D 8 16 0
A P 2 169 0
H 109 S 12 2 28 -6 35 0 0 -5 -16
J N 6 1447 42 2 5185 576 2 111 110
K 0 0 43
A D 2 16 0
A P 1 186 0
H 110 T 42 0 0 0 0 0 7 0
J N 6 1499 49 2 6049 288 2 111 108
K 0 0 43
A D 2 16 0
A P 1 180 0
H 111 B 46 2 108 2 2 3
H 108 S 0 6 -49 6 -62 0 0 0 0
J B 45 1569 1 82 6913 288 0
J N 7 1590 56 9 1 0 2 112 113
K 1 14 45
K 0 0 43
K 0 14 43
K -1 14 45
K 2 14 45
K 0 14 59
K 0 0 59
K 0 -21 59
A D 4 16 0
A P 1 175 0
A P 2 163 0
J N 7 1711 42 6 1729 576 0
K 0 0 43
K 0 21 43
K 0 21 59
K 0 0 59
K 0 -21 59
A D 4 16 0
A P 1 186 0
A P 2 169 0
J N 8 1842 21 10 3457 576 4 114 115 112 113
K 1 49 45
K 0 0 42
K 0 49 42
K -1 49 45
K 2 49 45
K 0 49 59
K 0 21 59
K 0 0 59
K 0 -14 59
A D 8 16 1
A P 1 203 1
A P 2 163 1
H 112 S 0 14 -21 0 -21 2 0 0 0
H 113 S 12 0 14 0 49 0 0 0 0
J B 46 2050 1 82 6913 1152 0
J M 0 2050 0 0 6913 0 1 114
H 114 T 21 0 0 0 0 0 3 0
J M 0 2050 0 0 6913 0 1 115
H 115 T 70 0 0 0 0 0 13 0
E *
L 396 0 0 330 330 * 0 14 0
J D 0 -130 42 1 6913 0 0
W 0 0 31 Fag 1-2
J C 22 5 14 36 6913 0 0
J K 2 57 0 2 6913 0 0
K 0 14 63
K 15 35 63
J D 0 71 -14 1 6913 0 0
W 0 0 0 \04\01
J R 7 136 28 2 1 0 0
K 0 0 48
A D 4 16 0
A P 1 0 0
J D 0 190 0 1 2305 576 0
W 0 117 33 pi\u8 !1|p
J N 7 190 49 7 2305 0 2 108 109
K 0 -49 43
K 0 0 43
K 0 -49 60
K 0 -21 60
K 0 0 60
K 0 14 60
A D 4 16 0
A P 1 152 0
A P 2 112 0
J N 7 279 42 9 4609 576 4 110 111 108 109
K -15 -49 65
K -15 0 65
K 0 -49 43
K 0 0 43
K 0 -49 60
K 0 -21 60
K 0 0 60
K 0 14 60
A D 4 16 1
A P 1 157 1
A P 2 117 1
H 108 S 0 0 -49 0 -49 0 0 0 0
H 109 S 12 0 0 -14 0 0 0 0 0
J B 42 348 1 82 6913 576 0
J N 7 371 42 11 1 0 4 112 113 110 111
k -15 -49 65
k -15 0 65
K 0 -49 43
K 0 0 43
K 0 70 108
K 23 70 108
K 0 -49 60
K 0 -21 60
K 0 0 60
K 0 14 60
A D 4 16 0
A P 1 157 0
A P 2 117 0
H 110 T -7 0 0 0 0 0 1 0
H 111 T 42 0 0 0 0 0 15 0
J N 8 419 14 10 2305 576 2 112 113
K -14 0 64
K -14 49 64
K 0 0 42
K 0 49 42
K 0 -49 101
K 0 49 59
K 0 21 59
K 0 0 59
K 0 -14 59
A D 8 16 0
A P 1 140 0
A P 2 100 0
H 112 S 0 0 -49 0 0 0 0 0 0
H 113 S 12 0 0 0 49 0 0 0 0
J B 43 644 5 2 6913 1152 0
K -8 0 82
K 0 0 82
J K -2 665 0 4 6913 0 0
K 0 14 64
K 13 35 64
K 26 42 65
K 39 21 65
J D 5 733 -98 1 6913 0 0
W 0 0 0 (37) Tempo I
J T 101 733 42 1 6913 0 0
K 0 0 37
J N 7 807 42 4 1 0 0
K 0 0 43
K 0 0 59
K 0 -21 59
A D 4 16 0
A P 1 117 0
J N 7 807 42 4 1 0 0
K 0 0 43
K 0 0 60
K 0 14 60
A D 4 16 0
A P 2 117 0
J R 7 875 28 2 1729 576 0
K 0 0 48
A D 4 16 1
A P 1 0 1
J R 8 955 28 2 3457 576 0
K 0 0 47
A D 8 16 0
A P 1 0 0
J B 44 1134 1 82 6913 1152 0
J R 9 1337 28 2 1 10000 0
K 0 0 46
A D 16 16 0
A P 3 0 0
J B 45 1569 1 82 6913 2304 0
J R 9 1795 28 2 1 10000 0
K 0 0 46
A D 16 16 0
A P 3 0 0
J B 46 2050 1 82 6913 2304 0
E *
L 551 0 0 330 330 * 0 14 0
J D 0 -146 42 1 6913 0 0
W 0 -21 31 Cor 1-2
J D 0 -146 42 1 6913 0 0
W 0 21 31 (B\0.)
J C 4 5 42 2 6913 0 0
K 0 0 33
K 0 0 34
J K 0 57 0 0 6913 0 0
J D 0 71 -14 1 6913 0 0
W 0 0 0 \04\01
J R 7 136 28 2 1 0 0
K 0 0 48
A D 2 8 1
A P 1 0 1
J R 7 190 28 2 2305 576 0
K 0 0 48
A D 2 8 0
A P 1 0 0
J N 7 279 21 7 4609 576 2 39 40
K 0 -14 43
K 0 0 43
K 0 71 108
K 0 -14 60
K 0 0 60
K 0 21 60
A D 2 8 1
A P 1 215 1
A P 2 203 1
J B 42 348 1 82 6913 576 0
J N 8 371 21 8 1 0 4 41 42 39 40
K 0 -14 42
K 0 0 42
K 0 71 108
K 23 71 108
K 0 -14 60
K 0 0 60
K 0 21 60
A D 4 8 0
A P 1 215 0
A P 2 203 0
H 39 T 7 0 0 0 0 0 1 0
H 40 T 21 0 0 0 0 0 11 0
J N 7 500 42 7 4609 1152 2 41 42
K 0 -28 43
K 0 0 43
K 0 -63 101
K 0 -28 60
K 0 0 60
K 0 14 60
A D 2 8 0
A P 1 209 0
A P 2 186 0
H 41 S 0 0 -14 0 -28 0 0 0 0
H 42 S 12 0 0 -14 0 0 0 0 0
J B 43 644 5 2 6913 576 0
K -8 0 82
K 0 0 82
J K 0 665 0 0 6913 0 0
J D 5 733 -98 1 6913 0 0
W 0 0 0 (37) Tempo I
J T 101 733 42 1 6913 0 0
K 0 0 37
J N 7 807 21 8 1 0 0
K 0 -14 43
K 0 0 43
K 0 -31 96
K 0 67 108
K 0 -14 60
K 0 0 60
K 0 21 60
A D 2 8 0
A P 1 215 0
A P 2 203 0
J R 6 875 28 2 1729 576 0
K 0 0 49
A D 1 8 0
A P 1 0 0
J N 6 904 21 6 2593 288 0
K 0 -14 43
K 0 0 43
K 0 -31 96
K 0 -14 60
K 0 0 54
A D 1 8 0
A P 1 215 0
A P 2 203 0
J N 7 955 42 7 3457 288 0
K 0 -28 43
K 0 0 43
K 0 -49 96
K 0 -28 60
K 0 0 60
K 0 14 60
A D 2 8 0
A P 1 209 0
A P 2 186 0
J R 6 1029 28 2 5185 576 0
K 0 0 49
A D 1 8 0
A P 1 0 0
J N 6 1080 42 6 6049 288 0
K 0 -28 43
K 0 0 43
K 0 -49 96
K 0 -28 60
K 0 0 52
A D 1 8 0
A P 1 209 0
A P 2 186 0
J B 44 1134 1 82 6913 288 0
J N 7 1155 21 7 1 0 0
K 0 0 43
K 0 21 43
K 0 42 96
K 0 21 59
K 0 0 59
K 0 -14 59
A D 2 8 0
A P 1 203 0
A P 2 186 0
J R 6 1229 28 2 1729 576 0
K 0 0 49
A D 1 8 0
A P 1 0 0
J N 6 1280 21 6 2593 288 0
K 0 0 43
K 0 21 43
K 0 42 96
K 0 21 59
K 0 0 51
A D 1 8 0
A P 1 203 0
A P 2 186 0
J N 7 1331 42 7 3457 288 0
K 0 -28 43
K 0 0 43
K 0 -49 96
K 0 -28 60
K 0 0 60
K 0 14 60
A D 2 8 0
A P 1 209 0
A P 2 186 0
J R 6 1447 28 2 5185 576 0
K 0 0 49
A D 1 8 0
A P 1 0 0
J N 6 1499 42 6 6049 288 0
K 0 -28 43
K 0 0 43
K 0 -49 96
K 0 -28 60
K 0 0 52
A D 1 8 0
A P 1 209 0
A P 2 186 0
J B 45 1569 1 82 6913 288 0
J D 0 1590 0 1 1 0 0
W 0 114 36 sempre staccato
J N 7 1590 42 8 1 0 0
K 0 -35 43
K 0 0 43
K 0 -52 96
K 0 -35 60
K 0 -7 60
K 0 0 60
K 0 14 60
A D 2 8 0
A P 1 215 0
A P 2 186 0
J R 6 1711 28 2 1729 576 0
K 0 0 49
A D 1 8 0
A P 1 0 0
J N 6 1776 42 5 2593 288 0
K 0 -28 43
K 0 0 43
K 0 -28 60
K 0 0 52
A D 1 8 0
A P 1 209 0
A P 2 186 0
J N 7 1842 21 10 3457 288 0
K 1 49 45
K 0 0 43
K 0 49 43
K -1 49 45
K 2 49 45
K 0 49 59
K 0 21 59
K 0 0 59
K 0 -14 59
A D 2 8 0
A P 1 203 0
A P 2 163 0
J R 6 1943 28 2 5185 576 0
K 0 0 49
A D 1 8 0
A P 1 0 0
J N 6 1995 21 9 6049 288 0
K 1 49 45
K 0 0 43
K 0 49 43
K -1 49 45
K 2 49 45
K 0 49 59
K 0 21 59
K 0 0 51
A D 1 8 0
A P 1 203 0
A P 2 163 0
J B 46 2050 1 82 6913 288 0
E *
L 691 0 0 330 330 * 0 14 0
J D 0 -146 42 1 6913 0 0
W 0 -21 31 Cor 3-4
J D 0 -146 42 1 6913 0 0
W 0 21 31 (E\0.)
J C 4 5 42 2 6913 0 0
K 0 0 33
K 0 0 34
J K 0 57 0 0 6913 0 0
J D 0 71 -14 1 6913 0 0
W 0 0 0 \04\01
J R 9 214 28 2 1 10000 0
K 0 0 46
A D 3 4 0
A P 3 0 0
J B 42 348 1 82 6913 1728 0
J R 7 371 28 2 1 0 0
K 0 0 48
A D 1 4 1
A P 3 0 1
J R 7 419 28 2 2305 576 0
K 0 0 48
A D 1 4 1
A P 3 0 1
J R 7 500 28 3 4609 576 0
K 0 0 48
K 0 -35 101
A D 1 4 0
A P 3 0 0
J B 43 644 5 2 6913 576 0
K -8 0 82
K 0 0 82
J K 0 665 0 0 6913 0 0
J D 5 733 -98 1 6913 0 0
W 0 0 0 (37) Tempo I
J T 101 733 42 1 6913 0 0
K 0 0 37
J R 7 807 28 2 1 0 0
K 0 0 48
A D 4 16 1
A P 2 0 1
J R 6 875 28 2 1729 576 0
K 0 0 49
A D 2 16 0
A P 2 0 0
J D 0 890 0 1 2593 288 0
W 0 -28 32 4.
J N 6 904 14 5 2593 0 0
K 0 0 43
K 0 -21 96
K 0 70 108
K 0 0 54
A D 2 16 0
A P 2 209 0
J N 7 955 14 5 3457 288 0
K 0 0 43
K 0 -21 96
K 0 0 60
K 0 21 60
A D 4 16 0
A P 2 209 0
J R 6 1029 28 2 5185 576 0
K 0 0 49
A D 2 16 0
A P 2 0 0
J N 6 1080 14 4 6049 288 0
K 0 0 43
K 0 -21 96
K 0 0 54
A D 2 16 0
A P 2 209 0
J B 44 1134 1 82 6913 288 0
J N 7 1155 14 5 1 0 0
K 0 0 43
K 0 -21 96
K 0 0 60
K 0 21 60
A D 4 16 0
A P 2 209 0
J R 6 1229 28 2 1729 576 0
K 0 0 49
A D 2 16 0
A P 2 0 0
J N 6 1280 14 4 2593 288 0
K 0 0 43
K 0 -21 96
K 0 0 54
A D 2 16 0
A P 2 209 0
J N 7 1331 14 5 3457 288 0
K 0 0 43
K 0 -21 96
K 0 0 60
K 0 21 60
A D 4 16 0
A P 2 209 0
J R 6 1447 28 2 5185 576 0
K 0 0 49
A D 2 16 0
A P 2 0 0
J N 6 1499 14 4 6049 288 0
K 0 0 43
K 0 -21 96
K 0 0 54
A D 2 16 0
A P 2 209 0
J B 45 1569 1 82 6913 288 0
J D 0 1590 0 1 1 0 0
W 0 95 36 sempre staccato
J N 7 1590 14 5 1 0 0
K 0 0 43
K 0 -21 96
K 0 0 60
K 0 21 60
A D 4 16 0
A P 2 209 0
J R 6 1711 28 2 1729 576 0
K 0 0 49
A D 2 16 0
A P 2 0 0
J N 6 1776 14 3 2593 288 0
K 0 0 43
K 0 0 54
A D 2 16 0
A P 2 209 0
J N 7 1842 14 4 3457 288 0
K 0 0 43
K 0 0 60
K 0 21 60
A D 4 16 0
A P 2 209 0
J R 6 1943 28 2 5185 576 0
K 0 0 49
A D 2 16 0
A P 2 0 0
J N 6 1995 42 3 6049 288 0
K 0 0 43
K 0 0 53
A D 2 16 0
A P 2 186 0
J B 46 2050 1 82 6913 288 0
E *
L 836 0 0 330 330 * 0 14 0
J D 0 -111 42 1 6913 0 0
W 0 -21 31 Tr 1-2
J D 0 -111 42 1 6913 0 0
W 0 21 31 (B\0.)
J C 4 5 42 2 6913 0 0
K 0 0 33
K 0 0 34
J K 0 57 0 0 6913 0 0
J D 0 71 -14 1 6913 0 0
W 0 0 0 \04\01
J R 9 214 28 2 1 10000 0
K 0 0 46
A D 3 4 0
A P 3 0 0
J B 42 348 1 82 6913 1728 0
J R 7 371 28 2 1 0 0
K 0 0 48
A D 1 4 1
A P 3 0 1
J R 7 419 28 2 2305 576 0
K 0 0 48
A D 1 4 1
A P 3 0 1
J R 7 500 28 3 4609 576 0
K 0 0 48
K 0 -35 101
A D 1 4 0
A P 3 0 0
J B 43 644 5 2 6913 576 0
K -8 0 82
K 0 0 82
J K 0 665 0 0 6913 0 0
J T 101 733 42 1 6913 0 0
K 0 0 37
J R 9 875 28 2 1 10000 0
K 0 0 46
A D 4 4 0
A P 3 0 0
J B 44 1134 1 82 6913 2304 0
J R 9 1337 28 2 1 10000 0
K 0 0 46
A D 4 4 0
A P 3 0 0
J B 45 1569 1 82 6913 2304 0
J R 9 1795 28 2 1 10000 0
K 0 0 46
A D 4 4 0
A P 3 0 0
J B 46 2050 1 82 6913 2304 0
E *
L 981 0 0 330 330 * 0 14 0
J D 0 -111 42 1 6913 0 0
W 0 -21 31 Timp.
J D 0 -111 42 1 6913 0 0
W 0 21 31 (B\0.-F)
J C 22 5 14 36 6913 0 0
J K 0 57 0 0 6913 0 0
J D 0 71 -14 1 6913 0 0
W 0 0 0 \04\01
J R 9 214 28 2 1 10000 0
K 0 0 46
A D 3 4 0
A P 1 0 0
J B 42 348 1 82 6913 1728 0
J R 7 371 28 2 1 0 0
K 0 0 48
A D 1 4 1
A P 1 0 1
J R 7 419 28 2 2305 576 0
K 0 0 48
A D 1 4 1
A P 1 0 1
J R 7 500 28 3 4609 576 0
K 0 0 48
K 0 -35 101
A D 1 4 0
A P 1 0 0
J B 43 644 5 2 6913 576 0
K -8 0 82
K 0 0 82
J K 0 665 0 0 6913 0 0
J D 5 733 -98 1 6913 0 0
W 0 0 0 (37) Tempo I
J T 101 733 42 1 6913 0 0
K 0 0 37
J R 9 875 28 2 1 10000 0
K 0 0 46
A D 8 8 0
A P 1 0 0
J B 44 1134 1 82 6913 2304 0
J R 9 1337 28 2 1 10000 0
K 0 0 46
A D 8 8 0
A P 1 0 0
J B 45 1569 1 82 6913 2304 0
J R 9 1795 28 2 1 10000 0
K 0 0 46
A D 8 8 0
A P 1 0 0
J B 46 2050 1 82 6913 2304 0
E *
L 1133 0 0 330 330 * 0 14 0
J D 0 -119 42 1 6913 0 0
W 0 0 31 Vln 1
J C 4 5 42 2 6913 0 0
K 0 0 33
K 0 0 34
J K 2 57 0 2 6913 0 0
K 0 0 63
K 15 21 63
J D 0 71 -14 1 6913 0 0
W 0 0 0 \04\01
J D 0 136 0 1 1 0 0
W 0 95 33 pi\u8 !1|p
J N 7 136 -14 7 1 0 2 56 55
K 0 0 45
K 0 0 43
K -1 0 45
K 2 0 45
K 0 0 60
K 0 21 60
A D 4 16 0
A P 1 232 0
J M 0 84 0 0 6913 0 1 55
H 55 T -14 0 0 0 0 0 5 0
J N 6 190 35 2 2305 576 2 57 56
K 0 0 43
A D 2 16 0
A P 1 192 0
H 56 S 0 0 0 0 0 0 0 0 0
J N 6 226 84 6 3457 288 1 57
K 1 -14 45
K 1 0 45
K 0 0 43
K -1 0 45
K 2 0 45
A D 2 16 0
A P 1 152 0
H 57 B 42 4 108 2 2 3
J R 6 279 28 2 4609 288 0
K 0 0 49
A D 2 16 0
A P 1 0 0
J N 6 308 63 3 5761 288 0
K 0 0 43
K 0 0 53
A D 2 16 0
A P 1 169 0
J B 42 348 1 82 6913 288 0
J R 7 371 28 2 1 0 0
K 0 0 48
A D 4 16 1
A P 1 0 1
J R 6 419 28 2 2305 576 0
K 0 0 49
A D 2 16 0
A P 1 0 0
J N 6 448 63 5 3457 288 1 58
K 0 0 43
K 0 37 108
K 23 37 108
K 0 0 53
A D 2 16 0
A P 1 169 0
J N 5 500 56 3 4609 288 1 59
K -15 0 65
K 0 0 43
A D 1 16 0
A P 1 174 0
J N 5 526 35 2 5185 144 1 59
K 0 0 43
A D 1 16 0
A P 1 192 0
J N 5 566 21 3 5761 144 1 59
K -14 0 64
K 0 0 43
A D 1 16 0
A P 1 203 0
J N 5 607 7 4 6337 144 2 59 58
K -15 0 65
K 0 0 43
K 0 -56 101
A D 1 16 0
A P 1 214 0
H 59 B 72 -6 108 4 22 11 11 33
H 58 S 12 0 0 0 0 0 0 0 0
J B 43 644 5 2 6913 144 0
K -8 0 82
K 0 0 82
J K -2 665 0 4 6913 0 0
K 0 0 64
K 13 21 64
K 26 28 65
K 39 7 65
J D 5 733 -98 1 6913 0 0
W 0 0 0 (37) Tempo I
J T 101 733 42 1 6913 0 0
K 0 0 37
J G 4 781 49 4 1 0 0
K 0 0 171
K 0 0 183
K 0 -10 185
A D 0 16 0
A P 1 180 0
J N 7 807 14 5 1 0 1 60
K 0 0 43
K 24 -6 44
K 0 0 60
K 0 21 60
A D 6 16 0
A P 1 209 0
J N 5 904 21 2 2593 864 1 61
K 0 0 43
A D 1 16 0
A P 1 203 0
J N 5 929 28 2 3025 144 2 61 60
K 0 0 43
A D 1 16 0
A P 1 197 0
H 61 B -50 4 108 2 22 33
H 60 S 0 0 0 0 0 0 0 0 0
J N 6 955 28 2 3457 144 2 62 63
K 0 0 43
A D 2 16 0
A P 1 197 0
J N 6 990 35 2 4321 288 3 64 63 62
K 0 0 43
A D 2 16 1
A P 1 192 1
H 63 B 47 4 108 2 2 3
H 62 S 12 0 0 0 0 0 0 0 0
J N 5 1029 35 2 5185 288 3 65 66 64
K 0 0 43
A D 1 16 0
A P 1 192 0
H 64 T 35 0 0 0 0 0 9 0
J N 5 1055 21 2 5617 144 1 66
K 0 0 43
A D 1 16 0
A P 1 203 0
J N 5 1080 28 2 6049 144 1 66
K 0 0 43
A D 1 16 0
A P 1 197 0
J N 5 1105 35 2 6481 144 2 66 65
K 0 0 43
A D 1 16 0
A P 1 192 0
H 66 B 59 0 108 4 22 11 11 33
H 65 S 12 0 0 0 0 0 0 0 0
J B 44 1134 1 82 6913 144 0
J N 6 1155 21 2 1 0 2 67 68
K 0 0 43
A D 2 16 0
A P 1 203 0
J N 6 1190 28 2 865 288 3 69 68 67
K 0 0 43
A D 2 16 1
A P 1 197 1
H 68 B -50 4 108 2 2 3
H 67 S 0 0 0 0 0 0 0 0 0
J N 5 1229 28 2 1729 288 3 70 71 69
K 0 0 43
A D 1 16 0
A P 1 197 0
H 69 T 28 0 0 0 0 0 5 0
J N 5 1255 14 2 2161 144 1 71
K 0 0 43
A D 1 16 0
A P 1 209 0
J N 5 1280 28 2 2593 144 1 71
K 0 0 43
A D 1 16 0
A P 1 197 0
J N 5 1305 42 2 3025 144 2 71 70
K 0 0 43
A D 1 16 0
A P 1 186 0
H 71 B -52 3 108 4 22 11 11 33
H 70 S 0 0 -14 0 0 1 0 0 0
J N 5 1331 42 2 3457 144 2 72 73
K 0 0 43
A D 1 16 0
A P 1 186 0
J N 5 1356 49 2 3889 144 1 73
K 0 0 43
A D 1 16 0
A P 1 180 0
J N 5 1396 56 3 4321 144 1 73
K -14 0 64
K 0 0 43
A D 1 16 0
A P 1 175 0
J N 5 1422 49 2 4753 144 1 73
K 0 0 43
A D 1 16 0
A P 1 180 0
H 73 B 47 1 108 4 22 11 11 33
J N 5 1447 56 2 5185 144 1 74
K 0 0 43
A D 1 16 0
A P 1 175 0
J N 5 1473 49 2 5617 144 1 74
K 0 0 43
A D 1 16 0
A P 1 180 0
J N 5 1499 42 2 6049 144 1 74
K 0 0 43
A D 1 16 0
A P 1 186 0
J N 5 1540 56 3 6481 144 2 74 72
K -15 0 65
K 0 0 43
A D 1 16 0
A P 1 174 0
H 74 B 60 0 108 4 22 11 11 33
H 72 S 12 0 0 0 0 0 0 0 0
J B 45 1569 1 82 6913 144 0
J N 5 1590 56 2 1 0 2 75 76
K 0 0 43
A D 1 16 0
A P 1 174 0
J N 5 1615 63 2 433 144 1 76
K 0 0 43
A D 1 16 0
A P 1 169 0
J N 5 1659 70 6 865 144 1 76
K 1 0 45
K -18 0 63
K 0 0 43
K -1 0 45
K 2 0 45
A D 1 16 0
A P 1 164 0
J N 5 1685 63 2 1297 144 1 76
K 0 0 43
A D 1 16 0
A P 1 169 0
H 76 B 46 1 108 4 22 11 11 33
J N 5 1711 42 2 1729 144 1 77
K 0 0 43
A D 1 16 0
A P 1 186 0
J N 5 1736 49 2 2161 144 1 77
K 0 0 43
A D 1 16 0
A P 1 180 0
J N 5 1776 56 3 2593 144 1 77
K -14 0 64
K 0 0 43
A D 1 16 0
A P 1 175 0
J N 5 1802 49 2 3025 144 2 77 75
K 0 0 43
A D 1 16 0
A P 1 180 0
H 77 B 47 1 108 4 22 11 11 33
H 75 S 12 0 7 0 7 0 0 0 0
J N 5 1842 21 3 3457 144 2 78 79
K -14 0 64
K 0 0 43
A D 1 16 0
A P 1 203 0
J N 5 1867 28 2 3889 144 1 79
K 0 0 43
A D 1 16 0
A P 1 197 0
J N 5 1892 35 2 4321 144 1 79
K 0 0 43
A D 1 16 0
A P 1 192 0
J N 5 1918 28 2 4753 144 1 79
K 0 0 43
A D 1 16 0
A P 1 197 0
H 79 B -65 1 108 4 22 11 11 33
J N 5 1943 35 2 5185 144 1 80
K 0 0 43
A D 1 16 0
A P 1 192 0
J N 5 1969 28 2 5617 144 2 80 78
K 0 0 43
A D 1 16 0
A P 1 197 0
H 78 S 0 0 0 0 0 0 0 0 0
J N 5 1995 28 2 6049 144 2 81 80
K 0 0 43
A D 1 16 0
A P 1 197 0
J N 5 2021 21 2 6481 144 2 80 81
K 0 0 43
A D 1 16 0
A P 1 203 0
H 80 B -40 -2 108 4 22 11 11 33
H 81 S 0 0 0 0 0 0 0 0 0
J B 46 2050 1 82 6913 144 0
E *
L 1265 0 0 330 330 * 0 14 0
J D 0 -119 42 1 6913 0 0
W 0 0 31 Vln 2
J C 4 5 42 2 6913 0 0
K 0 0 33
K 0 0 34
J K 2 57 0 2 6913 0 0
K 0 0 63
K 15 21 63
J D 0 71 -14 1 6913 0 0
W 0 0 0 \04\01
J R 7 136 28 2 1 0 0
K 0 0 48
A D 4 16 1
A P 1 0 1
J R 6 190 28 2 2305 576 0
K 0 0 49
A D 2 16 0
A P 1 0 0
J D 0 226 0 1 3457 288 0
W 0 98 33 pi\u8 !1|p
J N 6 226 42 3 3457 0 0
K 0 0 43
K 0 0 53
A D 2 16 0
A P 1 186 0
J N 7 279 49 5 4609 288 0
K -14 0 64
K 0 0 43
K 0 0 59
K 0 -21 59
A D 4 16 0
A P 1 180 0
J B 42 348 1 82 6913 576 0
J R 7 371 28 2 1 0 0
K 0 0 48
A D 4 16 0
A P 1 0 0
J D 0 405 0 1 2305 576 0
W 0 -15 32 pizz.
J N 7 419 49 9 2305 0 0
K -14 0 64
K 0 0 43
K 0 14 43
K 0 49 108
K 23 49 108
K 0 14 59
K 0 0 59
K 0 -21 59
A D 4 16 0
A P 1 180 0
A P 1 169 0
J N 6 500 35 10 4609 576 0
K 1 35 45
K -14 35 64
K 0 0 43
K 0 35 43
K -1 35 45
K 2 35 45
K 0 35 59
K 0 7 59
K 0 0 53
A D 2 16 0
A P 1 192 0
A P 1 163 0
J R 6 566 28 3 5761 288 0
K 0 0 49
K 0 -35 101
A D 2 16 0
A P 1 0 0
J B 43 644 5 2 6913 288 0
K -8 0 82
K 0 0 82
J K -2 665 0 4 6913 0 0
K 0 0 64
K 13 21 64
K 26 28 65
K 39 7 65
J D 5 733 -98 1 6913 0 0
W 0 0 0 (37) Tempo I
J T 101 733 42 1 6913 0 0
K 0 0 37
J R 6 807 28 2 1 0 0
K 0 0 49
A D 1 8 0
A P 1 0 0
J D 0 836 0 1 865 288 0
W 0 -18 32 pizz.
J N 6 836 63 3 865 0 0
K 0 0 43
K 0 0 53
A D 1 8 0
A P 1 169 0
J N 7 875 49 4 1729 288 0
K 0 0 43
K 0 0 59
K 0 -21 59
A D 2 8 0
A P 1 180 0
J R 6 955 28 2 3457 576 0
K 0 0 49
A D 1 8 0
A P 1 0 0
J N 6 990 70 6 4321 288 0
K 1 0 45
K 0 0 43
K -1 0 45
K 2 0 45
K 0 0 53
A D 1 8 0
A P 1 163 0
J N 7 1029 49 4 5185 288 0
K 0 0 43
K 0 0 59
K 0 -21 59
A D 2 8 0
A P 1 180 0
J B 44 1134 1 82 6913 576 0
J R 6 1155 28 2 1 0 0
K 0 0 49
A D 1 8 0
A P 1 0 0
J N 6 1190 77 7 865 288 0
K 1 -7 45
K 0 0 43
K 0 -7 45
K 1 -7 45
K 0 0 59
K 0 0 53
A D 1 8 0
A P 1 157 0
J N 7 1229 49 4 1729 288 0
K 0 0 43
K 0 0 59
K 0 -21 59
A D 2 8 0
A P 1 180 0
J R 6 1331 28 2 3457 576 0
K 0 0 49
A D 1 8 0
A P 1 0 0
J N 6 1396 70 6 4321 288 0
K 1 0 45
K 0 0 43
K -1 0 45
K 2 0 45
K 0 0 53
A D 1 8 0
A P 1 163 0
J N 7 1447 21 4 5185 288 0
K 0 0 43
K 0 0 60
K 0 21 60
A D 2 8 0
A P 1 203 0
J B 45 1569 1 82 6913 576 0
J R 6 1590 28 2 1 0 0
K 0 0 49
A D 1 8 0
A P 1 0 0
J N 6 1659 77 5 865 288 1 108
K 1 -7 45
K 0 0 43
K 0 -7 45
K 1 -7 45
A D 1 8 0
A P 1 157 0
J N 6 1711 63 2 1729 288 1 108
K 0 0 43
A D 1 8 0
A P 1 169 0
J N 6 1776 70 5 2593 288 1 108
K 1 0 45
K 0 0 43
K -1 0 45
K 2 0 45
A D 1 8 0
A P 1 163 0
H 108 B 63 0 108 3 2 1 3
J R 6 1842 28 2 3457 288 0
K 0 0 49
A D 1 8 0
A P 1 0 0
J N 6 1892 77 7 4321 288 0
K 1 -7 45
K 0 0 43
K 0 -7 45
K 1 -7 45
K 0 0 59
K 0 0 53
A D 1 8 0
A P 1 157 0
J N 7 1943 56 5 5185 288 0
K -14 0 64
K 0 0 43
K 0 0 59
K 0 -21 59
A D 2 8 0
A P 1 175 0
J B 46 2050 1 82 6913 576 0
E *
L 1397 0 0 330 330 * 0 14 0
J D 0 -94 42 1 6913 0 0
W 0 0 31 Vla
J C 13 5 28 35 6913 0 0
J K 2 57 0 2 6913 0 0
K 0 7 63
K 15 28 63
J D 0 71 -14 1 6913 0 0
W 0 0 0 \04\01
J R 7 136 28 2 1 0 0
K 0 0 48
A D 4 16 1
A P 1 0 1
J R 6 190 28 2 2305 576 0
K 0 0 49
A D 2 16 0
A P 1 0 0
J D 0 226 0 1 3457 288 0
W 0 121 33 pi\u8 !1|p
J N 6 226 49 5 3457 0 2 107 108
K 0 0 43
K 0 14 43
K 0 14 59
K 0 0 53
A D 2 16 0
A P 1 146 0
A P 2 135 0
J N 7 279 56 10 4609 288 2 107 108
K 1 14 45
K -14 0 64
K 0 0 43
K 0 14 43
K -1 14 45
K 2 14 45
K 0 14 59
K 0 0 59
K 0 -21 59
A D 4 16 0
A P 1 140 0
A P 2 129 0
H 107 S 0 14 0 0 0 0 0 0 0
H 108 S 12 0 14 0 14 0 0 0 0
J B 42 348 1 82 6913 576 0
J R 7 371 28 2 1 0 0
K 0 0 48
A D 4 16 0
A P 1 0 0
J D 0 405 0 1 2305 576 0
W 0 -15 32  pizz.
J N 7 419 56 12 2305 0 0
K 1 14 45
K -14 0 64
K 0 0 43
K 0 14 43
K -1 14 45
K 2 14 45
K 0 53 108
K 23 53 108
K 0 14 59
K 0 0 59
K 0 -21 59
A D 4 16 0
A P 1 140 0
A P 2 129 0
J N 6 500 42 10 4609 576 0
K 1 28 45
K -14 35 64
K 0 0 43
K 0 35 43
K 0 28 45
K 1 28 45
K 0 35 59
K 0 7 59
K 0 0 53
A D 2 16 0
A P 1 152 0
A P 2 123 0
J R 6 566 28 3 5761 288 0
K 0 0 49
K 0 -35 101
A D 2 16 0
A P 1 0 0
J B 43 644 5 2 6913 288 0
K -8 0 82
K 0 0 82
J K -2 665 0 4 6913 0 0
K 0 7 64
K 13 28 64
K 26 35 65
K 39 14 65
J D 5 733 -98 1 6913 0 0
W 0 0 0 (37) Tempo I
J T 101 733 42 1 6913 0 0
K 0 0 37
J D 0 786 0 1 1 0 0
W 0 -14 32  arco
J N 9 807 56 2 1 0 1 109
K 0 0 41
A D 8 8 1
A P 3 140 1
J B 44 1134 1 82 6913 2304 0
J N 9 1155 56 2 1 0 2 110 109
K 0 0 41
A D 8 8 1
A P 3 140 1
H 109 T 56 0 0 0 0 0 13 0
J B 45 1569 1 82 6913 2304 0
J N 8 1590 56 5 1 0 2 111 110
K 0 0 42
K 24 -6 44
K 0 0 59
K 0 -21 59
A D 6 8 0
A P 3 140 0
H 110 T 56 0 0 0 0 0 13 0
J N 7 1943 63 5 5185 1728 0
K -14 0 64
K 0 0 43
K 0 0 59
K 0 -21 59
A D 2 8 0
A P 3 135 0
J B 46 2050 1 82 6913 576 0
J M 0 2050 56 0 6913 0 1 111
H 111 S 12 0 0 0 0 0 0 0
E *
L 1532 0 0 330 330 * 0 14 0
J D 0 -83 42 1 6913 0 0
W 0 0 31 Vc
J C 22 5 14 36 6913 0 0
J K 2 57 0 2 6913 0 0
K 0 14 63
K 15 35 63
J D 0 71 -14 1 6913 0 0
W 0 0 0 \04\01
J D 0 136 0 1 1 0 0
W 0 116 33 pi\u8 !1|p
J N 6 136 49 6 1 0 2 60 61
K 0 -49 43
K 0 0 43
K 0 -49 60
K 0 -21 60
K 0 0 52
A D 1 8 0
A P 1 152 0
A P 1 112 0
J M 0 84 0 0 6913 0 1 60
H 60 T 0 0 0 0 0 0 5 0
J M 0 84 0 0 6913 0 1 61
H 61 T 49 0 0 0 0 0 11 0
J N 7 166 49 7 1153 288 0
K 0 -49 43
K 0 0 43
K 0 -49 60
K 0 -21 60
K 0 0 60
K 0 14 60
A D 2 8 0
A P 1 152 0
A P 1 112 0
J N 6 226 49 3 3457 576 1 62
K 0 0 43
K 0 0 53
A D 1 8 0
A P 1 112 0
J N 7 279 42 5 4609 288 1 62
K -15 0 65
K 0 0 43
K 0 0 59
K 0 -21 59
A D 2 8 0
A P 1 117 0
H 62 S 12 0 0 0 0 0 0 0 0
J B 42 348 1 82 6913 576 0
J R 7 371 28 2 1 0 0
K 0 0 48
A D 2 8 0
A P 1 0 0
J D 0 405 0 1 2305 576 0
W 0 -21 32 pizz.
J N 7 419 63 7 2305 0 0
K -14 0 64
K 0 0 43
K 0 33 108
K 23 33 108
K 0 0 59
K 0 -21 59
A D 2 8 0
A P 1 100 0
J N 6 500 14 4 4609 576 0
K -14 0 64
K 0 0 43
K 0 0 54
A D 1 8 0
A P 1 140 0
J R 6 566 28 3 5761 288 0
K 0 0 49
K 0 -35 101
A D 1 8 0
A P 1 0 0
J B 43 644 5 2 6913 288 0
K -8 0 82
K 0 0 82
J K -2 665 0 4 6913 0 0
K 0 14 64
K 13 35 64
K 26 42 65
K 39 21 65
J D 5 733 -98 1 6913 0 0
W 0 0 0 (37) Tempo I
J T 101 733 42 1 6913 0 0
K 0 0 37
J D 0 800 0 1 1 0 0
W 0 -19 32 pizz.
J N 7 807 42 4 1 0 0
K 0 0 43
K 0 0 59
K 0 -21 59
A D 2 8 0
A P 1 117 0
J R 6 875 28 2 1729 576 0
K 0 0 49
A D 1 8 0
A P 1 0 0
J N 6 904 42 3 2593 288 0
K 0 0 43
K 0 0 53
A D 1 8 0
A P 1 117 0
J N 7 955 21 4 3457 288 0
K 0 0 43
K 0 0 60
K 0 21 60
A D 2 8 0
A P 1 134 0
J R 6 1029 28 2 5185 576 0
K 0 0 49
A D 1 8 0
A P 1 0 0
J N 6 1080 21 3 6049 288 0
K 0 0 43
K 0 0 54
A D 1 8 0
A P 1 134 0
J B 44 1134 1 82 6913 288 0
J N 7 1155 28 4 1 0 0
K 0 0 43
K 0 0 60
K 0 21 60
A D 2 8 0
A P 1 129 0
J R 6 1229 28 2 1729 576 0
K 0 0 49
A D 1 8 0
A P 1 0 0
J N 6 1280 28 3 2593 288 0
K 0 0 43
K 0 0 54
A D 1 8 0
A P 1 129 0
J N 7 1331 49 4 3457 288 0
K 0 0 43
K 0 0 59
K 0 -21 59
A D 2 8 0
A P 1 112 0
J R 6 1447 28 2 5185 576 0
K 0 0 49
A D 1 8 0
A P 1 0 0
J N 6 1499 49 3 6049 288 0
K 0 0 43
K 0 0 53
A D 1 8 0
A P 1 112 0
J B 45 1569 1 82 6913 288 0
J N 7 1590 42 4 1 0 0
K 0 0 43
K 0 0 59
K 0 -21 59
A D 2 8 0
A P 1 117 0
J R 6 1711 28 2 1729 576 0
K 0 0 49
A D 1 8 0
A P 1 0 0
J N 6 1776 49 3 2593 288 0
K 0 0 43
K 0 0 53
A D 1 8 0
A P 1 112 0
J N 7 1842 56 4 3457 288 0
K 0 0 43
K 0 0 59
K 0 -21 59
A D 2 8 0
A P 1 106 0
J R 6 1943 28 2 5185 576 0
K 0 0 49
A D 1 8 0
A P 1 0 0
J N 6 1995 56 3 6049 288 0
K 0 0 43
K 0 0 53
A D 1 8 0
A P 1 106 0
J B 46 2050 1 82 6913 288 0
E *
L 1662 0 0 330 330 * 0 14 0
J D 0 -83 42 1 6913 0 0
W 0 0 31 Cb
J C 22 5 14 36 6913 0 0
J K 2 57 0 2 6913 0 0
K 0 14 63
K 15 35 63
J D 0 71 -14 1 6913 0 0
W 0 0 0 \04\01
J R 7 136 28 2 1 0 0
K 0 0 48
A D 2 8 0
A P 1 0 0
J D 0 190 0 1 2305 576 0
W 0 95 33 pi\u8 !1|p
J N 7 190 49 4 2305 0 0
K 0 0 43
K 0 0 59
K 0 -21 59
A D 2 8 0
A P 1 112 0
J N 7 279 42 5 4609 576 0
K -15 0 65
K 0 0 43
K 0 0 59
K 0 -21 59
A D 2 8 0
A P 1 117 0
J B 42 348 1 82 6913 576 0
J R 7 371 28 2 1 0 0
K 0 0 48
A D 2 8 0
A P 1 0 0
J D 0 391 0 1 2305 576 0
W 0 -23 33 (pizz.)
J N 7 419 63 7 2305 0 0
K -14 0 64
K 0 0 43
K 0 33 108
K 23 33 108
K 0 0 59
K 0 -21 59
A D 2 8 0
A P 1 100 0
J N 6 500 14 4 4609 576 0
K -14 0 64
K 0 0 43
K 0 0 54
A D 1 8 0
A P 1 140 0
J R 6 566 28 3 5761 288 0
K 0 0 49
K 0 -35 101
A D 1 8 0
A P 1 0 0
J B 43 644 5 2 6913 288 0
K -8 0 82
K 0 0 82
J K -2 665 0 4 6913 0 0
K 0 14 64
K 13 35 64
K 26 42 65
K 39 21 65
J D 5 733 -98 1 6913 0 0
W 0 0 0 (37) Tempo I
J T 101 733 42 1 6913 0 0
K 0 0 37
J R 9 875 28 2 1 10000 0
K 0 0 46
A D 8 8 0
A P 1 0 0
J B 44 1134 1 82 6913 2304 0
J R 9 1337 28 2 1 10000 0
K 0 0 46
A D 8 8 0
A P 1 0 0
J B 45 1569 1 82 6913 2304 0
J R 9 1795 28 2 1 10000 0
K 0 0 46
A D 8 8 0
A P 1 0 0
J B 46 2050 1 82 6913 2304 0
E *
B 1 348 0
B 5 644 0
B 1 1134 0
B 1 1569 0
B 1 2050 0
