@ SOURCE: {beethoven/bhl/orch/sym1/stage2/01/s03} MAY/19/2010 [md5sum:b1f18f16dad224fd85844470bac608fe]
L 0 0 14 !39Clarinetti 1, 2   in C
J D 4 500 -120 1 6913 0 0
W 0 0 44 First Movement
J D 1 75 -37 1 6913 0 0
W 0 -56 44 First Movement:  Clarinetti 1, 2   in C
J C 4 5 42 2 6913 0 0
K 0 0 33
K 0 0 34
J K 0 57 0 0 6913 0 0
J T 101 57 42 1 6913 0 0
K 0 0 37
Y P 31 Cl_1-2/_(C)
J N 8 120 28 9 1 0 2 1 2
K -15 0 65
K 0 0 42
K 0 14 42
K 0 70 110
K 17 70 108
K 0 14 59
K 0 0 59
K 0 -14 59
A D 8 16 0
A P 1 197 0
A P 2 186 0
J N 6 179 35 5 3457 1152 2 1 2
K 0 0 43
K 0 14 43
K 0 14 59
K 0 0 53
A D 2 16 0
A P 1 192 0
A P 2 180 0
H 1 S 0 14 0 0 0 0 0 0 0
H 2 S 12 0 14 0 14 0 0 0 0
J R 6 219 28 2 4321 288 0
K 0 0 49
A D 2 16 1
A P 1 0 1
J R 7 251 28 2 5185 288 0
K 0 0 48
A D 4 16 0
A P 1 0 0
J B 2 297 1 82 6913 576 0
J N 8 318 49 8 1 0 2 3 4
K 0 0 42
K 0 14 42
K 0 63 110
K 17 63 108
K 0 14 59
K 0 0 59
K 0 -21 59
A D 8 16 0
A P 1 180 0
A P 2 169 0
J N 6 377 56 8 3457 1152 2 3 4
K 1 14 45
K 0 0 43
K 0 14 43
K -1 14 45
K 2 14 45
K 0 14 59
K 0 0 53
A D 2 16 0
A P 1 175 0
A P 2 163 0
H 3 S 0 14 0 0 0 0 0 0 0
H 4 S 12 0 14 0 14 0 0 0 0
J R 6 417 28 2 4321 288 0
K 0 0 49
A D 2 16 1
A P 1 0 1
J R 7 449 28 2 5185 288 0
K 0 0 48
A D 4 16 0
A P 1 0 0
J B 3 495 1 82 6913 576 0
J D 0 516 0 1 1 0 0
W 0 102 36 cresc.
J N 8 516 35 6 1 0 0
K 0 -14 42
K 0 0 42
K 0 -14 60
K 0 0 60
K 0 14 60
A D 8 16 0
A P 1 203 0
A P 2 192 0
J N 7 575 35 7 3457 1152 1 5
K 0 -14 43
K 0 0 43
K 0 -28 96
K 0 -14 60
K 0 0 60
K 0 14 60
A D 4 16 0
A P 1 203 0
A P 2 192 0
J N 7 617 35 7 5185 576 1 5
K 0 -14 43
K 0 0 43
K 0 -28 96
K 0 -14 60
K 0 0 60
K 0 14 60
A D 4 16 0
A P 1 203 0
A P 2 192 0
H 5 S 0 0 -28 0 -28 0 0 0 0
J B 4 663 1 82 6913 576 0
J N 7 684 28 7 1 0 0
K 0 0 43
K 0 14 43
K 0 60 110
K 0 14 59
K 0 0 59
K 0 -14 59
A D 4 16 0
A P 1 198 0
A P 2 186 0
J R 7 726 28 2 1729 576 0
K 0 0 48
A D 4 16 1
A P 1 0 1
J R 8 768 28 2 3457 576 0
K 0 0 47
A D 8 16 0
A P 1 0 0
J B 5 831 1 82 6913 1152 0
J D 0 844 0 1 1 0 0
W 0 -8 32 1.
J N 9 852 42 3 1 0 1 6
K 0 0 41
K 0 35 108
A D 16 16 1
A P 1 186 1
J B 6 944 1 82 6913 2304 0
J N 7 965 42 4 1 0 2 7 6
K 0 0 43
K 0 0 59
K 0 -21 59
A D 4 16 1
A P 1 186 1
H 6 T 42 0 0 0 0 0 7 0
J N 5 1007 42 2 1729 576 3 8 9 7
K 0 0 43
A D 1 16 0
A P 1 186 0
H 7 T 42 0 0 0 0 0 7 0
J N 5 1051 49 3 2161 144 1 9
K -18 0 63
K 0 0 43
A D 1 16 0
A P 1 181 0
J N 5 1080 42 2 2593 144 1 9
K 0 0 43
A D 1 16 0
A P 1 186 0
J N 5 1109 49 2 3025 144 2 9 8
K 0 0 43
A D 1 16 0
A P 1 181 0
H 9 B 0 0 108 4 22 11 11 33
H 8 S 12 0 0 0 0 0 0 0 0
J N 6 1138 42 3 3457 144 2 10 11
K 0 0 43
K 0 21 96
A D 2 16 0
A P 1 186 0
J N 6 1170 42 3 4321 288 1 11
K 0 0 43
K 0 21 96
A D 2 16 0
A P 1 186 0
J N 6 1202 42 3 5185 288 1 11
K 0 0 43
K 0 21 96
A D 2 16 0
A P 1 186 0
J N 6 1234 42 3 6049 288 2 11 10
K 0 0 43
K 0 21 96
A D 2 16 0
A P 1 186 0
H 11 B 0 0 108 4 2 1 1 3
H 10 S 12 0 21 0 21 0 0 0 -7
J B 7 1270 1 82 6913 288 0
J D 0 1298 0 1 1 0 0
W 0 106 36 cresc.
J N 8 1291 42 5 1 0 0
K 0 0 42
K 24 -6 44
K 0 0 59
K 0 -21 59
A D 12 16 0
A P 1 186 0
J N 8 1291 42 5 1 0 0
K 0 0 42
K 24 6 44
K 0 0 60
K 0 14 60
A D 12 16 0
A P 2 186 0
J N 5 1370 49 5 5185 1728 2 12 13
K -14 0 64
K 0 0 43
K 0 14 43
K 0 14 59
A D 1 16 0
A P 1 180 0
A P 2 169 0
J N 5 1399 42 4 5617 144 1 13
K 0 0 43
K 0 14 43
K 0 14 59
A D 1 16 0
A P 1 186 0
A P 2 175 0
J N 5 1428 35 4 6049 144 1 13
K 0 0 43
K 0 14 43
K 0 14 59
A D 1 16 0
A P 1 192 0
A P 2 180 0
J N 5 1457 49 4 6481 144 2 13 12
K 0 0 43
K 0 14 43
K 0 14 59
A D 1 16 0
A P 1 180 0
A P 2 169 0
H 13 B 100000 0 108 4 22 11 11 33
H 12 S 0 6 -56 6 -56 0 0 0 11
J B 8 1490 1 82 6913 144 0
J N 7 1511 56 10 1 0 0
K 1 14 45
K 0 0 43
K 0 14 43
K -1 14 45
K 2 14 45
K 0 47 110
K 0 14 59
K 0 0 59
K 0 -21 59
A D 4 16 0
A P 1 175 0
A P 2 163 0
J D 0 1553 0 1 1729 576 0
W 0 -11 33 ten.
J N 7 1553 42 8 1729 0 0
K 0 -35 43
K 0 0 43
K 7 47 110
K 0 -35 60
K 0 -28 60
K 0 0 60
K 0 14 60
A D 4 16 0
A P 1 215 0
A P 2 186 0
J R 7 1595 28 2 3457 576 0
K 0 0 48
A D 4 16 0
A P 1 0 0
J D 0 1637 0 1 5185 576 0
W 0 -12 33 ten.
J N 7 1637 35 7 5185 0 0
K 0 0 43
K 0 14 43
K 0 53 110
K 0 14 59
K 0 0 59
K 0 -21 59
A D 4 16 0
A P 1 192 0
A P 2 180 0
J B 9 1683 1 82 6913 576 0
J N 7 1704 56 12 1 0 1 14
K 1 14 45
K 0 0 43
K 24 -6 44
K 0 14 43
K -1 14 45
K 2 14 45
K 24 8 44
K -18 39 108
K 0 14 59
K 0 0 59
K 0 -21 59
A D 6 16 0
A P 1 175 0
A P 2 163 0
J N 6 1756 42 5 2593 864 1 14
K 0 0 43
K 0 14 43
K 0 14 59
K 0 0 53
A D 2 16 0
A P 1 186 0
A P 2 175 0
H 14 S 12 0 14 0 14 0 0 0 0
J D 0 1792 0 1 3457 288 0
W 0 123 36 cresc.
J N 6 1792 42 2 3457 0 2 15 16
K 0 0 43
A D 2 16 0
A P 1 186 0
J N 6 1792 56 2 3457 0 1 17
K 0 0 43
A D 2 16 0
A P 2 175 0
J N 6 1824 49 2 4321 288 1 16
K 0 0 43
A D 2 16 0
A P 1 180 0
J N 6 1824 63 2 4321 0 1 17
K 0 0 43
A D 2 16 0
A P 2 169 0
J N 6 1856 56 2 5185 288 1 16
K 0 0 43
A D 2 16 0
A P 1 175 0
J N 6 1856 70 5 5185 0 1 17
K 0 0 45
K 0 0 43
K -1 0 45
K 2 0 45
A D 2 16 0
A P 2 163 0
J N 6 1888 49 2 6049 288 2 16 15
K 0 0 43
A D 2 16 0
A P 1 180 0
H 16 B 20000 0 108 4 2 1 1 3
H 15 S 0 6 -40 6 -43 0 0 0 7
J N 6 1888 49 2 6049 0 1 17
K 0 0 43
A D 2 16 0
A P 2 180 0
H 17 B 100001 0 108 4 2 1 1 3
J B 10 1924 1 82 6913 288 0
J N 7 1945 56 5 1 0 0
K 0 0 43
K 5 47 110
K 0 0 59
K 0 -21 59
A D 4 16 0
A P 1 175 0
J N 7 1945 56 4 1 0 0
K 0 0 43
K 0 0 60
K 0 14 60
A D 4 16 0
A P 2 175 0
J D 0 1987 0 1 1729 576 0
W 0 -9 33 ten.
J N 7 1987 56 10 1729 0 0
K 1 14 45
K 0 0 43
K 0 14 43
K -1 14 45
K 2 14 45
K -8 47 110
K 0 14 59
K 0 0 59
K 0 -21 59
A D 4 16 0
A P 1 175 0
A P 2 163 0
J R 7 2029 28 2 3457 576 0
K 0 0 48
A D 4 16 0
A P 1 0 0
J D 0 2071 0 1 5185 576 0
W 0 -12 33 ten.
J N 7 2071 35 7 5185 0 0
K 0 0 43
K 0 14 43
K 0 47 110
K 0 14 59
K 0 0 59
K 0 -21 59
A D 4 16 0
A P 1 192 0
A P 2 180 0
J B 11 2117 1 82 6913 576 0
J S 0 2138 114 110 1 0 1 18
J N 8 2138 56 9 1 0 0
K 1 14 45
K 0 0 42
K 0 14 42
K -1 14 45
K 2 14 45
K 0 14 59
K 0 0 59
K 0 -21 59
A D 8 16 0
A P 1 175 0
A P 2 163 0
J N 7 2197 21 8 3457 1152 1 19
K 0 0 43
K 0 35 43
K 0 52 96
K 0 35 59
K 0 28 59
K 0 0 59
K 0 -14 59
A D 4 16 0
A P 1 203 0
A P 2 175 0
J N 7 2239 21 8 5185 576 2 19 18
K 0 0 43
K 0 35 43
K 0 52 96
K 0 35 59
K 0 28 59
K 0 0 59
K 0 -14 59
A D 4 16 0
A P 1 203 0
A P 2 175 0
H 18 W 21 0 40 114 14 114
H 19 S 12 0 49 0 49 0 0 0 -2
J B 12 2285 1 82 6913 576 0
J N 8 2306 28 8 1 0 1 20
K 0 0 42
K 0 35 42
K 0 70 108
K 0 35 59
K 0 28 59
K 0 0 59
K 0 -14 59
A D 8 16 0
A P 1 198 0
A P 2 169 0
J N 8 2365 28 6 3457 1152 1 20
K 0 0 42
K 0 21 42
K 0 21 59
K 0 0 59
K 0 -14 59
A D 8 16 0
A P 1 198 0
A P 2 180 0
H 20 S 12 0 35 0 21 0 0 0 0
J B 13 2428 9 4 6913 1152 0
K 0 0 84
K 12 0 82
K 18 21 44
K 18 35 44
J D 5 2471 -112 1 6913 0 0
W 0 0 37 Allegro con brio
J T 0 2471 42 1 6913 0 0
K 0 0 38
J N 7 2519 21 8 1 0 0
K 0 0 43
K 0 35 43
K 0 64 108
K 0 35 59
K 0 28 59
K 0 0 59
K 0 -14 59
A D 4 16 0
A P 1 203 0
A P 2 175 0
J R 7 2561 28 2 1729 576 0
K 0 0 48
A D 4 16 1
A P 1 0 1
J R 8 2603 28 2 3457 576 0
K 0 0 47
A D 8 16 0
A P 1 0 0
J B 14 2666 1 82 6913 1152 0
J R 9 2687 28 2 1 10001 0
K 0 0 46
A D 16 16 0
A P 3 0 0
J B 15 2779 1 82 6913 2304 0
J R 9 2800 28 2 1 10001 0
K 0 0 46
A D 16 16 0
A P 3 0 0
J B 16 2892 1 82 6913 2304 0
J R 9 2913 28 2 1 10001 0
K 0 0 46
A D 16 16 0
A P 3 0 0
J B 17 3005 1 82 6913 2304 0
J R 9 3026 28 2 1 10001 0
K 0 0 46
A D 16 16 0
A P 3 0 0
J B 18 3118 1 82 6913 2304 0
J M 0 3139 0 0 1 0 1 21
J N 9 3145 21 4 1 0 2 22 23
K -18 0 63
K 0 -14 41
K 0 0 41
A D 16 16 0
A P 1 215 0
A P 2 204 0
J M 0 3233 0 0 6913 2304 1 21
H 21 W 0 21 7 88 -7 88
J B 19 3237 1 82 6913 0 0
J N 7 3258 14 7 1 0 2 22 23
K 0 -14 43
K 0 0 43
K 0 74 108
K 0 -14 60
K 0 0 60
K 0 21 60
A D 4 16 0
A P 1 220 0
A P 2 209 0
H 22 S 0 0 -14 0 -14 0 0 0 0
H 23 S 12 0 0 -14 0 0 0 0 0
J R 7 3300 28 2 1729 576 0
K 0 0 48
A D 4 16 1
A P 1 0 1
J R 8 3342 28 2 3457 576 0
K 0 0 47
A D 8 16 0
A P 1 0 0
J B 20 3405 1 82 6913 1152 0
J R 9 3426 28 2 1 10001 0
K 0 0 46
A D 16 16 0
A P 3 0 0
J B 21 3518 1 82 6913 2304 0
J R 9 3539 28 2 1 10001 0
K 0 0 46
A D 16 16 0
A P 3 0 0
J B 22 3631 1 82 6913 2304 0
J R 9 3652 28 2 1 10001 0
K 0 0 46
A D 16 16 0
A P 3 0 0
J B 23 3744 1 82 6913 2304 0
J N 9 3765 35 3 1 0 3 25 26 24
K 0 0 41
K 0 14 41
A D 16 16 2
A P 1 192 0
A P 2 180 1
J B 24 3857 1 82 6913 2304 0
J M 0 3878 0 0 1 0 1 24
H 24 W 0 21 7 98 49 98
J N 9 3881 35 4 1 0 2 25 26
K -15 0 65
K 0 0 41
K 0 14 41
A D 16 16 0
A P 1 191 0
A P 2 180 0
H 25 T 49 0 0 0 0 0 9 0
H 26 S 0 14 0 0 0 0 0 0 0
J B 25 3973 1 82 6913 2304 0
J N 8 3994 42 10 1 0 0
K 17 0 42
K 42 -7 44
K 0 7 42
K 42 7 44
K 0 46 111
K 12 46 110
K 0 7 59
K 0 0 59
K 0 -21 59
A D 12 16 0
A P 1 186 0
A P 2 180 0
J R 7 4069 28 2 5185 1728 0
K 0 0 48
A D 4 16 0
A P 1 0 0
J B 26 4115 1 82 6913 576 0
J R 9 4136 28 2 1 10001 0
K 0 0 46
A D 16 16 0
A P 3 0 0
J B 27 4228 1 82 6913 2304 0
J N 8 4249 28 10 1 0 0
K 0 0 42
K 24 -6 44
K 0 21 42
K 25 21 44
K 0 60 111
K 12 60 110
K 0 21 59
K 0 0 59
K 0 -14 59
A D 12 16 0
A P 1 198 0
A P 2 180 0
J R 7 4324 28 2 5185 1728 0
K 0 0 48
A D 4 16 0
A P 1 0 0
J B 28 4370 1 82 6913 576 0
J R 9 4391 28 2 1 10001 0
K 0 0 46
A D 16 16 0
A P 3 0 0
J B 29 4483 1 82 6913 2304 0
J N 9 4504 28 5 1 0 2 27 28
K 0 -14 41
K 0 0 41
K 0 60 111
K 12 60 110
A D 16 16 1
A P 1 209 1
A P 2 198 1
J B 30 4596 1 82 6913 2304 0
J N 7 4617 28 6 1 0 2 27 28
K 0 -14 43
K 0 0 43
K 0 -14 60
K 0 0 60
K 0 21 60
A D 4 16 0
A P 1 209 0
A P 2 198 0
H 27 T 14 0 0 0 0 0 5 0
H 28 T 28 0 0 0 0 0 15 0
J N 7 4659 28 6 1729 576 1 29
K 0 -14 43
K 0 0 43
K 0 -14 60
K 0 0 60
K 0 21 60
A D 4 16 0
A P 1 209 0
A P 2 198 0
J N 7 4701 28 6 3457 576 0
K 0 -14 43
K 0 0 43
K 0 -14 60
K 0 0 60
K 0 21 60
A D 4 16 0
A P 1 209 0
A P 2 198 0
J N 7 4743 28 6 5185 576 0
K 0 -14 43
K 0 0 43
K 0 -14 60
K 0 0 60
K 0 21 60
A D 4 16 0
A P 1 209 0
A P 2 198 0
J M 0 4785 0 0 6913 576 1 29
H 29 W 0 21 7 100 -14 100
J B 31 4789 1 82 6913 0 0
J N 7 4810 21 9 1 0 0
K 0 -14 43
K 0 0 43
K 0 -31 96
K 0 70 110
K 17 70 110
K 0 -14 60
K 0 0 60
K 0 21 60
A D 4 16 0
A P 1 215 0
A P 2 203 0
J R 7 4852 28 2 1729 576 0
K 0 0 48
A D 4 16 0
A P 1 0 0
J N 7 4894 35 8 3457 576 0
K 0 -35 43
K 0 0 43
K 0 -52 96
K 0 -35 60
K 0 -28 60
K 0 0 60
K 0 14 60
A D 4 16 0
A P 1 220 0
A P 2 192 0
J R 7 4936 28 2 5185 576 0
K 0 0 48
A D 4 16 0
A P 1 0 0
J B 32 4982 1 82 6913 576 0
J N 7 5003 42 8 1 0 0
K 0 -35 43
K 0 0 43
K 0 -52 96
K 0 -35 60
K 0 -28 60
K 0 0 60
K 0 14 60
A D 4 16 0
A P 1 215 0
A P 2 186 0
J R 7 5045 28 2 1729 576 0
K 0 0 48
A D 4 16 0
A P 1 0 0
J N 7 5087 28 7 3457 576 0
K 0 0 43
K 0 21 43
K 0 38 96
K 0 21 59
K 0 0 59
K 0 -14 59
A D 4 16 0
A P 1 198 0
A P 2 180 0
J R 7 5129 28 2 5185 576 0
K 0 0 48
A D 4 16 0
A P 1 0 0
J B 33 5175 1 82 6913 576 0
J N 7 5196 21 8 1 0 0
K 0 0 43
K 0 35 43
K 0 52 96
K 0 35 59
K 0 28 59
K 0 0 59
K 0 -14 59
A D 4 16 0
A P 1 203 0
A P 2 175 0
J R 7 5238 28 2 1729 576 0
K 0 0 48
A D 4 16 1
A P 1 0 1
J R 8 5280 28 2 3457 576 0
K 0 0 47
A D 8 16 0
A P 1 0 0
J B 34 5343 1 82 6913 1152 0
J R 9 5364 28 2 1 10001 0
K 0 0 46
A D 16 16 0
A P 3 0 0
J B 35 5456 1 82 6913 2304 0
J D 0 5463 0 1 1 0 0
W 0 -18 32 zu 2
J N 8 5477 28 5 1 0 1 30
K 0 0 42
K 24 -6 44
K 0 0 60
K 0 21 60
A D 12 16 0
A P 3 198 0
J N 7 5552 14 4 5185 1728 1 30
K 0 0 43
K 0 0 60
K 0 21 60
A D 4 16 0
A P 3 209 0
H 30 S 0 0 0 0 0 0 0 0 0
J B 36 5598 1 82 6913 576 0
J N 8 5619 0 7 1 0 0
K 0 0 42
K 24 -6 44
K 0 88 111
K 12 88 110
K 0 0 60
K 0 21 60
A D 12 16 0
A P 3 220 0
J N 5 5694 7 2 5185 1728 2 31 32
K 0 0 43
A D 1 16 0
A P 3 215 0
J N 5 5723 14 2 5617 144 1 32
K 0 0 43
A D 1 16 0
A P 3 209 0
J N 5 5752 21 2 6049 144 1 32
K 0 0 43
A D 1 16 0
A P 3 203 0
J N 5 5781 28 2 6481 144 2 32 31
K 0 0 43
A D 1 16 0
A P 3 198 0
H 32 B 1 0 108 4 22 11 11 33
H 31 S 0 0 0 0 0 0 0 0 0
J B 37 5814 1 82 6913 144 0
J N 7 5835 21 4 1 0 0
K 0 0 43
K 0 0 60
K 0 21 60
A D 4 16 0
A P 3 203 0
J R 7 5877 28 2 1729 576 0
K 0 0 48
A D 4 16 1
A P 3 0 1
J R 8 5919 28 2 3457 576 0
K 0 0 47
A D 8 16 0
A P 3 0 0
J B 38 5982 1 82 6913 1152 0
J R 7 6003 28 2 1 0 0
K 0 0 48
A D 4 16 0
A P 1 0 0
J N 7 6045 21 7 1729 576 0
K 0 0 43
K 0 35 43
K 0 35 59
K 0 28 59
K 0 0 59
K 0 -14 59
A D 4 16 0
A P 1 203 0
A P 2 175 0
J N 7 6087 21 7 3457 576 0
K 0 0 43
K 0 35 43
K 0 35 59
K 0 28 59
K 0 0 59
K 0 -14 59
A D 4 16 0
A P 1 203 0
A P 2 175 0
J N 7 6129 21 7 5185 576 0
K 0 0 43
K 0 35 43
K 0 35 59
K 0 28 59
K 0 0 59
K 0 -14 59
A D 4 16 0
A P 1 203 0
A P 2 175 0
J B 39 6175 1 82 6913 576 0
J D 0 6182 0 1 1 0 0
W 0 -39 32 zu 2
J N 6 6196 28 2 1 0 2 33 34
K 0 0 43
A D 2 16 0
A P 3 198 0
J N 6 6228 35 2 865 288 1 34
K 0 0 43
A D 2 16 0
A P 3 192 0
J N 6 6260 42 2 1729 288 1 34
K 0 0 43
A D 2 16 0
A P 3 186 0
J N 6 6292 35 2 2593 288 1 34
K 0 0 43
A D 2 16 0
A P 3 192 0
H 34 B 0 0 108 4 2 1 1 3
J N 6 6324 28 2 3457 288 1 35
K 0 0 43
A D 2 16 0
A P 3 198 0
J N 6 6356 21 2 4321 288 1 35
K 0 0 43
A D 2 16 0
A P 3 203 0
J N 6 6388 14 2 5185 288 1 35
K 0 0 43
A D 2 16 0
A P 3 209 0
J N 6 6420 7 2 6049 288 2 35 33
K 0 0 43
A D 2 16 0
A P 3 215 0
H 35 B 1 0 108 4 2 1 1 3
H 33 S 0 6 -32 0 0 0 0 0 0
J B 40 6456 1 82 6913 288 0
J N 6 6477 0 4 1 0 2 36 37
K 0 0 43
K 0 88 111
K 12 88 110
A D 2 16 0
A P 3 220 0
J N 6 6509 7 2 865 288 1 37
K 0 0 43
A D 2 16 0
A P 3 215 0
J N 6 6541 0 2 1729 288 1 37
K 0 0 43
A D 2 16 0
A P 3 220 0
J N 6 6573 7 2 2593 288 1 37
K 0 0 43
A D 2 16 0
A P 3 215 0
H 37 B 1 0 108 4 2 1 1 3
J N 6 6605 0 2 3457 288 1 38
K 0 0 43
A D 2 16 0
A P 3 220 0
J N 6 6637 14 2 4321 288 1 38
K 0 0 43
A D 2 16 0
A P 3 209 0
J N 6 6669 21 2 5185 288 1 38
K 0 0 43
A D 2 16 0
A P 3 203 0
J N 6 6701 28 2 6049 288 2 38 36
K 0 0 43
A D 2 16 0
A P 3 198 0
H 38 B 1 0 108 4 2 1 1 3
H 36 S 0 0 -7 0 -7 0 0 0 0
J B 41 6737 1 82 6913 288 0
J N 7 6758 21 4 1 0 0
K 0 0 43
K 0 0 60
K 0 21 60
A D 4 16 0
A P 3 203 0
J R 7 6800 28 2 1729 576 0
K 0 0 48
A D 4 16 1
A P 3 0 1
J R 7 6842 28 2 3457 576 0
K 0 0 48
A D 4 16 0
A P 3 0 0
J N 6 6884 35 3 5185 576 1 39
K 0 0 43
K 0 -14 96
A D 2 16 0
A P 3 192 0
J N 6 6928 21 4 6049 288 1 39
K -18 0 63
K 0 0 43
K 0 -14 96
A D 2 16 0
A P 3 204 0
H 39 B 1 0 108 2 2 3
J B 42 6964 1 82 6913 288 0
J D 0 6985 0 1 1 0 1 40
W 0 100 36 crescendo
J N 7 6985 14 4 1 0 0
K 0 0 43
K 0 0 60
K 0 21 60
A D 4 16 0
A P 3 209 0
J R 7 7027 28 2 1729 576 0
K 0 0 48
A D 4 16 1
A P 3 0 1
J R 7 7069 28 2 3457 576 0
K 0 0 48
A D 4 16 0
A P 3 0 0
J N 6 7111 28 3 5185 576 1 41
K 0 0 43
K 0 -21 96
A D 2 16 0
A P 3 198 0
J N 6 7155 14 4 6049 288 1 41
K -18 0 63
K 0 0 43
K 0 -21 96
A D 2 16 0
A P 3 210 0
H 41 B 1 0 108 2 2 3
J B 43 7191 1 82 6913 288 0
J N 6 7212 7 2 1 0 1 42
K 0 0 43
A D 2 16 0
A P 3 215 0
J N 6 7244 56 2 865 288 1 42
K 0 0 43
A D 2 16 0
A P 3 175 0
J N 6 7276 70 5 1729 288 1 42
K 1 0 45
K 0 0 43
K -1 0 45
K 2 0 45
A D 2 16 0
A P 3 163 0
J N 6 7308 56 2 2593 288 1 42
K 0 0 43
A D 2 16 0
A P 3 175 0
H 42 B 0 0 108 4 2 1 1 3
J N 6 7340 49 2 3457 288 1 43
K 0 0 43
A D 2 16 0
A P 3 180 0
J N 6 7380 63 3 4321 288 1 43
K -14 0 64
K 0 0 43
A D 2 16 0
A P 3 169 0
J N 6 7412 42 2 5185 288 1 43
K 0 0 43
A D 2 16 0
A P 3 186 0
J N 6 7444 56 2 6049 288 1 43
K 0 0 43
A D 2 16 0
A P 3 175 0
H 43 B 0 0 108 4 2 1 1 3
J B 44 7480 1 82 6913 288 0
J N 6 7501 35 2 1 0 1 44
K 0 0 43
A D 2 16 0
A P 3 192 0
J N 6 7533 49 2 865 288 1 44
K 0 0 43
A D 2 16 0
A P 3 180 0
J N 6 7565 28 2 1729 288 1 44
K 0 0 43
A D 2 16 0
A P 3 198 0
J N 6 7597 42 2 2593 288 1 44
K 0 0 43
A D 2 16 0
A P 3 186 0
H 44 B 0 0 108 4 2 1 1 3
J N 6 7629 21 2 3457 288 1 45
K 0 0 43
A D 2 16 0
A P 3 203 0
J N 6 7661 35 2 4321 288 1 45
K 0 0 43
A D 2 16 0
A P 3 192 0
J N 6 7693 56 2 5185 288 1 45
K 0 0 43
A D 2 16 0
A P 3 175 0
J N 6 7737 49 3 6049 288 1 45
K -18 0 63
K 0 0 43
A D 2 16 0
A P 3 181 0
H 45 B 0 0 108 4 2 1 1 3
J M 0 7769 0 0 6913 288 1 40
H 40 D 155 0 100 0 31
J B 45 7773 1 82 6913 0 0
J N 7 7794 42 7 1 0 0
K 0 0 43
K 7 -59 96
K 0 65 110
K 17 65 110
K 0 0 59
K 0 -21 59
A D 4 16 0
A P 1 186 0
J N 7 7794 42 4 1 0 0
K 0 0 43
K 0 0 60
K 0 14 60
A D 4 16 0
A P 2 186 0
J N 7 7836 28 7 1729 576 0
K 0 -14 43
K 0 0 43
K 0 -35 96
K 0 -14 60
K 0 0 60
K 0 21 60
A D 4 16 0
A P 1 209 0
A P 2 198 0
J N 7 7878 21 7 3457 576 0
K 0 -14 43
K 0 0 43
K 0 -31 96
K 0 -14 60
K 0 0 60
K 0 21 60
A D 4 16 0
A P 1 215 0
A P 2 203 0
J N 7 7920 21 7 5185 576 0
K 0 -14 43
K 0 0 43
K 0 -31 96
K 0 -14 60
K 0 0 60
K 0 21 60
A D 4 16 0
A P 1 215 0
A P 2 203 0
J B 46 7966 1 82 6913 576 0
J N 7 7987 28 6 1 0 0
K 0 -14 43
K 0 0 43
K 0 -14 60
K 0 0 60
K 0 21 60
A D 4 16 0
A P 1 209 0
A P 2 198 0
J R 7 8029 28 2 1729 576 0
K 0 0 48
A D 4 16 1
A P 1 0 1
J R 8 8071 28 2 3457 576 0
K 0 0 47
A D 8 16 0
A P 1 0 0
J B 47 8134 1 82 6913 1152 0
J R 7 8155 28 2 1 0 0
K 0 0 48
A D 4 16 0
A P 1 0 0
J N 7 8197 28 6 1729 576 0
K 0 -14 43
K 0 0 43
K 0 -14 60
K 0 0 60
K 0 21 60
A D 4 16 0
A P 1 209 0
A P 2 198 0
J N 7 8239 21 6 3457 576 0
K 0 -14 43
K 0 0 43
K 0 -14 60
K 0 0 60
K 0 21 60
A D 4 16 0
A P 1 215 0
A P 2 203 0
J N 7 8281 21 6 5185 576 0
K 0 -14 43
K 0 0 43
K 0 -14 60
K 0 0 60
K 0 21 60
A D 4 16 0
A P 1 215 0
A P 2 203 0
J B 48 8327 1 82 6913 576 0
J N 7 8348 28 6 1 0 0
K 0 -14 43
K 0 0 43
K 0 -14 60
K 0 0 60
K 0 21 60
A D 4 16 0
A P 1 209 0
A P 2 198 0
J R 7 8390 28 2 1729 576 0
K 0 0 48
A D 4 16 1
A P 1 0 1
J R 8 8432 28 2 3457 576 0
K 0 0 47
A D 8 16 0
A P 1 0 0
J B 49 8495 1 82 6913 1152 0
J N 7 8516 42 4 1 0 0
K 0 0 43
K 0 0 59
K 0 -21 59
A D 4 16 0
A P 1 186 0
J N 7 8516 42 4 1 0 0
K 0 0 43
K 0 0 60
K 0 14 60
A D 4 16 0
A P 2 186 0
J N 7 8558 28 6 1729 576 0
K 0 -14 43
K 0 0 43
K 0 -14 60
K 0 0 60
K 0 21 60
A D 4 16 0
A P 1 209 0
A P 2 198 0
J R 7 8600 28 2 3457 576 0
K 0 0 48
A D 4 16 0
A P 1 0 0
J N 7 8642 21 6 5185 576 0
K 0 -14 43
K 0 0 43
K 0 -14 60
K 0 0 60
K 0 21 60
A D 4 16 0
A P 1 215 0
A P 2 203 0
J B 50 8688 1 82 6913 576 0
J R 7 8709 28 2 1 0 0
K 0 0 48
A D 4 16 0
A P 1 0 0
J N 7 8751 28 6 1729 576 0
K 0 -14 43
K 0 0 43
K 0 -14 60
K 0 0 60
K 0 21 60
A D 4 16 0
A P 1 209 0
A P 2 198 0
J R 7 8793 28 2 3457 576 0
K 0 0 48
A D 4 16 0
A P 1 0 0
J N 7 8835 21 6 5185 576 0
K 0 -14 43
K 0 0 43
K 0 -14 60
K 0 0 60
K 0 21 60
A D 4 16 0
A P 1 215 0
A P 2 203 0
J B 51 8881 1 82 6913 576 0
J N 7 8902 28 6 1 0 0
K 0 -14 43
K 0 0 43
K 0 -14 60
K 0 0 60
K 0 21 60
A D 4 16 0
A P 1 209 0
A P 2 198 0
J R 7 8944 28 2 1729 576 0
K 0 0 48
A D 4 16 0
A P 1 0 0
J N 7 8986 -7 4 3457 576 0
K 0 0 43
K 0 0 59
K 0 -14 59
A D 4 16 0
A P 1 226 0
J N 7 8986 -7 4 3457 0 0
K 0 0 43
K 0 0 60
K 0 21 60
A D 4 16 0
A P 2 226 0
J R 7 9028 28 2 5185 576 0
K 0 0 48
A D 4 16 0
A P 1 0 0
J B 52 9074 1 82 6913 576 0
J N 7 9095 42 4 1 0 0
K 0 0 43
K 0 0 59
K 0 -21 59
A D 4 16 0
A P 1 186 0
J N 7 9095 42 4 1 0 0
K 0 0 43
K 0 0 60
K 0 14 60
A D 4 16 0
A P 2 186 0
J R 7 9137 28 2 1729 576 0
K 0 0 48
A D 4 16 1
A P 1 0 1
J R 8 9179 28 2 3457 576 0
K 0 0 47
A D 8 16 0
A P 1 0 0
J B 53 9242 1 82 6913 1152 0
J R 9 9263 28 2 1 10001 0
K 0 0 46
A D 16 16 0
A P 3 0 0
J B 54 9355 1 82 6913 2304 0
J R 9 9376 28 2 1 10001 0
K 0 0 46
A D 16 16 0
A P 3 0 0
J B 55 9468 1 82 6913 2304 0
J R 9 9489 28 2 1 10001 0
K 0 0 46
A D 16 16 0
A P 3 0 0
J B 56 9581 1 82 6913 2304 0
J R 9 9602 28 2 1 10001 0
K 0 0 46
A D 16 16 0
A P 3 0 0
J B 57 9694 1 82 6913 2304 0
J N 7 9721 35 8 1 0 1 46
K -18 14 63
K 0 0 43
K 0 14 43
K 0 54 108
K 0 14 59
K 0 0 59
K 0 -21 59
A D 4 16 0
A P 1 192 0
A P 2 181 0
J N 8 9763 21 8 1729 576 0
K 0 0 42
K 0 14 42
K 0 88 111
K 12 88 110
K 0 14 59
K 0 0 59
K 0 -14 59
A D 8 16 0
A P 1 203 0
A P 2 192 0
J N 7 9822 28 6 5185 1152 1 46
K 0 0 43
K 0 14 43
K 0 14 59
K 0 0 59
K 0 -14 59
A D 4 16 0
A P 1 198 0
A P 2 186 0
H 46 S 12 0 14 0 14 0 0 0 0
J B 58 9868 1 82 6913 576 0
J N 7 9895 35 7 1 0 1 47
K -18 14 63
K 0 0 43
K 0 14 43
K 0 14 59
K 0 0 59
K 0 -21 59
A D 4 16 0
A P 1 192 0
A P 2 181 0
J N 8 9937 21 8 1729 576 0
K 0 0 42
K 0 14 42
K 0 88 111
K 12 88 110
K 0 14 59
K 0 0 59
K 0 -14 59
A D 8 16 0
A P 1 203 0
A P 2 192 0
J N 7 9996 28 6 5185 1152 1 47
K 0 0 43
K 0 14 43
K 0 14 59
K 0 0 59
K 0 -14 59
A D 4 16 0
A P 1 198 0
A P 2 186 0
H 47 S 12 0 14 0 14 0 0 0 0
J B 59 10042 1 82 6913 576 0
J N 7 10069 35 7 1 0 0
K -18 14 63
K 0 0 43
K 0 14 43
K 0 14 59
K 0 0 59
K 0 -21 59
A D 4 16 0
A P 1 192 0
A P 2 181 0
J R 7 10111 28 2 1729 576 0
K 0 0 48
A D 4 16 1
A P 1 0 1
J R 8 10153 28 2 3457 576 0
K 0 0 47
A D 8 16 0
A P 1 0 0
J B 60 10216 1 82 6913 1152 0
J R 9 10237 28 2 1 10001 0
K 0 0 46
A D 16 16 0
A P 3 0 0
J B 61 10329 1 82 6913 2304 0
J R 9 10350 28 2 1 10001 0
K 0 0 46
A D 16 16 0
A P 3 0 0
J B 62 10442 1 82 6913 2304 0
J D 0 10455 0 1 1 0 0
W 0 -8 32 1.
J N 7 10463 70 8 1 0 1 48
K 1 0 45
K 0 0 43
K -1 0 45
K 2 0 45
K -11 30 108
K 0 0 59
K 0 -21 59
A D 4 16 0
A P 1 163 0
J N 7 10505 56 4 1729 576 0
K 0 0 43
K 0 0 59
K 0 -21 59
A D 4 16 0
A P 1 175 0
J N 7 10547 35 4 3457 576 0
K 0 0 43
K 0 0 59
K 0 -21 59
A D 4 16 0
A P 1 192 0
J N 7 10589 21 4 5185 576 1 48
K 0 0 43
K 0 0 59
K 0 -14 59
A D 4 16 0
A P 1 203 0
H 48 S 12 0 0 0 0 0 0 0 0
J B 63 10635 1 82 6913 576 0
J N 7 10656 70 7 1 0 0
K 1 0 45
K 0 0 43
K -1 0 45
K 2 0 45
K 0 0 59
K 0 -21 59
A D 4 16 0
A P 1 163 0
J R 7 10698 28 2 1729 576 0
K 0 0 48
A D 4 16 1
A P 1 0 1
J R 8 10740 28 2 3457 576 0
K 0 0 47
A D 8 16 0
A P 1 0 0
J B 64 10803 1 82 6913 1152 0
J N 7 10824 63 9 1 0 1 49
K 1 7 45
K 0 0 43
K 0 14 43
K 0 7 45
K 1 7 45
K 0 14 59
K 0 0 59
K 0 -21 59
A D 4 16 0
A P 1 169 0
A P 2 158 0
J N 7 10866 49 7 1729 576 0
K -14 0 64
K 0 0 43
K 0 14 43
K 0 14 59
K 0 0 59
K 0 -21 59
A D 4 16 0
A P 1 180 0
A P 2 169 0
J N 7 10908 28 6 3457 576 0
K 0 0 43
K 0 21 43
K 0 21 59
K 0 0 59
K 0 -14 59
A D 4 16 0
A P 1 198 0
A P 2 180 0
J N 7 10950 28 6 5185 576 1 49
K 0 -14 43
K 0 0 43
K 0 -14 60
K 0 0 60
K 0 21 60
A D 4 16 0
A P 1 209 0
A P 2 198 0
H 49 S 0 6 -42 0 -28 2 0 0 0
J B 65 10996 1 82 6913 576 0
J N 7 11017 21 6 1 0 0
K 0 -14 43
K 0 0 43
K 0 -14 60
K 0 0 60
K 0 21 60
A D 4 16 0
A P 1 215 0
A P 2 203 0
J R 7 11059 28 2 1729 576 0
K 0 0 48
A D 4 16 1
A P 1 0 1
J R 8 11101 28 2 3457 576 0
K 0 0 47
A D 8 16 0
A P 1 0 0
J B 66 11164 1 82 6913 1152 0
J R 9 11185 28 2 1 10001 0
K 0 0 46
A D 16 16 0
A P 3 0 0
J B 67 11277 1 82 6913 2304 0
J R 9 11298 28 2 1 10001 0
K 0 0 46
A D 16 16 0
A P 3 0 0
J B 68 11390 1 82 6913 2304 0
J N 8 11411 14 7 1 0 0
K 0 0 42
K 0 49 42
K 0 49 59
K 0 28 59
K 0 0 59
K 0 -14 59
A D 8 16 0
A P 1 209 0
A P 2 169 0
J N 8 11470 14 7 3457 1152 0
K 0 0 42
K 0 49 42
K 0 49 59
K 0 28 59
K 0 0 59
K 0 -14 59
A D 8 16 0
A P 1 209 0
A P 2 169 0
J B 69 11533 1 82 6913 1152 0
J N 7 11554 14 8 1 0 0
K 0 0 43
K 0 49 43
K 0 84 110
K 0 49 59
K 0 28 59
K 0 0 59
K 0 -14 59
A D 4 16 0
A P 1 209 0
A P 2 169 0
J R 7 11596 28 2 1729 576 0
K 0 0 48
A D 4 16 0
A P 1 0 0
J N 7 11638 21 8 3457 576 0
K -18 28 63
K 0 0 43
K 0 28 43
K 0 67 110
K 0 28 59
K 0 0 59
K 0 -14 59
A D 4 16 0
A P 1 203 0
A P 2 181 0
J R 7 11680 28 2 5185 576 0
K 0 0 48
A D 4 16 0
A P 1 0 0
J B 70 11726 1 82 6913 576 0
J N 7 11747 28 7 1 0 0
K 0 0 43
K 0 14 43
K 0 60 110
K 0 14 59
K 0 0 59
K 0 -14 59
A D 4 16 0
A P 1 198 0
A P 2 186 0
J R 7 11789 28 2 1729 576 0
K 0 0 48
A D 4 16 1
A P 1 0 1
J R 8 11831 28 2 3457 576 0
K 0 0 47
A D 8 16 0
A P 1 0 0
J B 71 11894 1 82 6913 1152 0
J R 9 11915 28 2 1 10001 0
K 0 0 46
A D 16 16 0
A P 3 0 0
J B 72 12007 1 82 6913 2304 0
J R 9 12028 28 2 1 10001 0
K 0 0 46
A D 16 16 0
A P 3 0 0
J B 73 12120 1 82 6913 2304 0
J D 0 12127 0 1 1 0 0
W 0 -8 32 zu 2
J N 7 12141 14 7 1 0 0
K 0 0 43
K 24 -6 44
K 0 74 111
K 12 74 110
K 0 0 60
K 0 21 60
A D 6 16 0
A P 3 209 0
J N 6 12193 21 3 2593 864 0
K 0 0 43
K 0 0 54
A D 2 16 0
A P 3 203 0
J N 6 12225 28 2 3457 288 1 50
K 0 0 43
A D 2 16 0
A P 3 198 0
J N 6 12257 35 2 4321 288 1 50
K 0 0 43
A D 2 16 0
A P 3 192 0
J N 6 12289 42 2 5185 288 1 50
K 0 0 43
A D 2 16 0
A P 3 186 0
J N 6 12329 49 3 6049 288 1 50
K -14 0 64
K 0 0 43
A D 2 16 0
A P 3 180 0
H 50 B 0 0 108 4 2 1 1 3
J B 74 12365 1 82 6913 288 0
J N 6 12386 56 3 1 0 0
K 0 0 43
K 0 0 53
A D 2 16 0
A P 3 175 0
J N 7 12423 7 6 865 288 0
K 0 0 43
K 0 81 111
K 12 81 110
K 0 0 60
K 0 21 60
A D 4 16 0
A P 3 215 0
J N 6 12465 14 3 2593 576 0
K 0 0 43
K 0 0 54
A D 2 16 0
A P 3 209 0
J N 6 12497 21 2 3457 288 1 51
K 0 0 43
A D 2 16 0
A P 3 203 0
J N 6 12529 28 2 4321 288 1 51
K 0 0 43
A D 2 16 0
A P 3 198 0
J N 6 12561 35 2 5185 288 1 51
K 0 0 43
A D 2 16 0
A P 3 192 0
J N 6 12593 42 2 6049 288 1 51
K 0 0 43
A D 2 16 0
A P 3 186 0
H 51 B 0 0 108 4 2 1 1 3
J B 75 12629 1 82 6913 288 0
J M 0 12650 0 0 1 0 1 52
J N 6 12652 49 3 1 0 1 53
K -18 0 63
K 0 0 43
A D 2 16 0
A P 3 181 0
J N 6 12684 42 2 865 288 1 53
K 0 0 43
A D 2 16 0
A P 3 186 0
J N 6 12716 35 2 1729 288 1 53
K 0 0 43
A D 2 16 0
A P 3 192 0
J N 6 12748 28 2 2593 288 1 53
K 0 0 43
A D 2 16 0
A P 3 198 0
H 53 B 0 0 108 4 2 1 1 3
J N 6 12780 21 2 3457 288 1 54
K 0 0 43
A D 2 16 0
A P 3 203 0
J N 6 12812 14 2 4321 288 1 54
K 0 0 43
A D 2 16 0
A P 3 209 0
J N 6 12844 7 2 5185 288 1 54
K 0 0 43
A D 2 16 0
A P 3 215 0
J N 6 12888 0 3 6049 288 1 54
K -18 0 63
K 0 0 43
A D 2 16 0
A P 3 221 0
H 54 B 1 0 108 4 2 1 1 3
J M 0 12920 0 0 6913 288 1 52
H 52 W 0 21 7 95 -14 95
J B 76 12924 1 82 6913 0 0
J N 7 12945 -7 7 1 0 0
K 0 0 43
K 0 -17 96
K -14 102 110
K 3 102 110
K 0 0 60
K 0 21 60
A D 4 16 0
A P 3 226 0
J N 7 12987 42 8 1729 576 0
K 0 -35 43
K 0 0 43
K 0 -52 96
K 0 -35 60
K 0 -28 60
K 0 0 60
K 0 14 60
A D 4 16 0
A P 1 215 0
A P 2 186 0
J N 7 13029 28 7 3457 576 0
K 0 -14 43
K 0 0 43
K 0 -35 96
K 0 -14 60
K 0 0 60
K 0 21 60
A D 4 16 0
A P 1 209 0
A P 2 198 0
J N 7 13072 21 8 5185 576 0
K -18 28 63
K 0 0 43
K 0 28 43
K 0 45 96
K 0 28 59
K 0 0 59
K 0 -14 59
A D 4 16 0
A P 1 203 0
A P 2 181 0
J B 77 13118 1 82 6913 576 0
J N 7 13139 28 6 1 0 0
K 0 0 43
K 0 14 43
K 0 14 59
K 0 0 59
K 0 -14 59
A D 4 16 0
A P 1 198 0
A P 2 186 0
J R 7 13181 28 2 1729 576 0
K 0 0 48
A D 4 16 1
A P 1 0 1
J R 8 13223 28 2 3457 576 0
K 0 0 47
A D 8 16 0
A P 1 0 0
J B 78 13286 1 82 6913 1152 0
J R 9 13307 28 2 1 10001 0
K 0 0 46
A D 16 16 0
A P 3 0 0
J B 79 13399 1 82 6913 2304 0
J R 9 13420 28 2 1 10001 0
K 0 0 46
A D 16 16 0
A P 3 0 0
J B 80 13512 1 82 6913 2304 0
J R 9 13533 28 2 1 10001 0
K 0 0 46
A D 16 16 0
A P 3 0 0
J B 81 13625 1 82 6913 2304 0
J R 9 13646 28 2 1 10001 0
K 0 0 46
A D 16 16 0
A P 3 0 0
J B 82 13738 1 82 6913 2304 0
J R 9 13759 28 2 1 10001 0
K 0 0 46
A D 16 16 0
A P 3 0 0
J B 83 13851 1 82 6913 2304 0
J R 9 13872 28 2 1 10001 0
K 0 0 46
A D 16 16 0
A P 3 0 0
J B 84 13964 1 82 6913 2304 0
J R 9 13985 28 2 1 10001 0
K 0 0 46
A D 16 16 0
A P 3 0 0
J B 85 14077 1 82 6913 2304 0
J S 0 14098 127 108 1 0 1 55
J N 9 14098 21 3 1 0 2 56 57
K 0 0 41
K 0 14 41
A D 16 16 0
A P 1 203 0
A P 2 192 0
J B 86 14190 1 82 6913 2304 0
J N 9 14211 28 2 1 0 0
K 0 0 41
A D 16 16 0
A P 1 198 0
J N 9 14211 42 2 1 0 1 58
K 0 0 41
A D 16 16 1
A P 2 186 1
J B 87 14303 1 82 6913 2304 0
J N 8 14324 42 7 1 0 1 58
K 0 -35 42
K 0 0 42
K 0 -35 60
K 0 -28 60
K 0 0 60
K 0 14 60
A D 8 16 0
A P 1 215 0
A P 2 186 0
H 58 T 42 0 0 0 0 0 15 0
J N 8 14383 21 7 3457 1152 2 56 57
K -18 28 63
K 0 0 42
K 0 28 42
K 0 28 59
K 0 0 59
K 0 -14 59
A D 8 16 0
A P 1 203 0
A P 2 181 0
H 56 S 0 14 -7 0 -7 0 0 0 14
H 57 S 12 0 21 0 22 3 0 0 0
J M 0 14442 0 0 6913 1152 1 55
H 55 W 0 21 30 127 -14 127
J B 88 14446 1 82 6913 0 0
J N 7 14467 28 7 1 0 0
K 0 0 43
K 0 14 43
K 0 63 110
K 0 14 59
K 0 0 59
K 0 -14 59
A D 4 16 0
A P 1 198 0
A P 2 186 0
J R 7 14509 28 2 1729 576 0
K 0 0 48
A D 4 16 1
A P 1 0 1
J R 8 14551 28 2 3457 576 0
K 0 0 47
A D 8 16 0
A P 1 0 0
J B 89 14614 1 82 6913 1152 0
J R 9 14635 28 2 1 10001 0
K 0 0 46
A D 16 16 0
A P 3 0 0
J B 90 14727 1 82 6913 2304 0
J R 8 14748 28 2 1 0 0
K 0 0 47
A D 8 16 0
A P 1 0 0
J N 7 14807 35 9 3457 1152 0
K -18 14 63
K 0 0 43
K 0 14 43
K 0 53 111
K 12 53 110
K 0 14 59
K 0 0 59
K 0 -21 59
A D 4 16 0
A P 1 192 0
A P 2 181 0
J R 7 14849 28 2 5185 576 0
K 0 0 48
A D 4 16 0
A P 1 0 0
J B 91 14895 1 82 6913 576 0
J N 7 14916 28 8 1 0 0
K 0 0 43
K 0 14 43
K 0 60 111
K 12 60 110
K 0 14 59
K 0 0 59
K 0 -14 59
A D 4 16 0
A P 1 198 0
A P 2 186 0
J R 7 14958 28 2 1729 576 0
K 0 0 48
A D 4 16 0
A P 1 0 0
J N 7 15000 21 9 3457 576 0
K -18 28 63
K 0 0 43
K 0 28 43
K 0 67 111
K 12 67 110
K 0 28 59
K 0 0 59
K 0 -14 59
A D 4 16 0
A P 1 203 0
A P 2 181 0
J R 7 15042 28 2 5185 576 0
K 0 0 48
A D 4 16 0
A P 1 0 0
J B 92 15088 1 82 6913 576 0
J N 7 15109 28 6 1 0 0
K 0 0 43
K 0 14 43
K 0 14 59
K 0 0 59
K 0 -14 59
A D 4 16 0
A P 1 198 0
A P 2 186 0
J R 7 15151 28 2 1729 576 0
K 0 0 48
A D 4 16 1
A P 1 0 1
J R 8 15193 28 2 3457 576 0
K 0 0 47
A D 8 16 0
A P 1 0 0
J B 93 15256 1 82 6913 1152 0
J R 9 15277 28 2 1 10001 0
K 0 0 46
A D 16 16 0
A P 3 0 0
J B 94 15369 1 82 6913 2304 0
J R 9 15390 28 2 1 10001 0
K 0 0 46
A D 16 16 0
A P 3 0 0
J B 95 15482 1 82 6913 2304 0
J R 9 15503 28 2 1 10001 0
K 0 0 46
A D 16 16 0
A P 3 0 0
J B 96 15595 1 82 6913 2304 0
J R 9 15616 28 2 1 10001 0
K 0 0 46
A D 16 16 0
A P 3 0 0
J B 97 15708 1 82 6913 2304 0
J R 9 15729 28 2 1 10001 0
K 0 0 46
A D 16 16 0
A P 3 0 0
J B 98 15821 1 82 6913 2304 0
J N 8 15842 14 9 1 0 0
K 0 0 42
K 0 49 42
K 0 85 111
K 12 85 110
K 0 49 59
K 0 28 59
K 0 0 59
K 0 -14 59
A D 8 16 0
A P 1 209 0
A P 2 169 0
J N 8 15901 7 9 3457 1152 0
K 0 0 42
K 0 49 42
K 0 82 111
K 12 82 110
K 0 49 59
K 0 28 59
K 0 0 59
K 0 -14 59
A D 8 16 0
A P 1 215 0
A P 2 175 0
J B 99 15964 1 82 6913 1152 0
J N 8 15987 21 14 1 0 0
K 1 49 45
K -14 0 64
K -14 49 64
K 0 0 42
K 0 49 42
K -1 49 45
K 2 49 45
K 0 85 111
K 12 85 110
K 0 49 59
K 0 28 59
K 0 0 59
K 0 -14 59
A D 8 16 0
A P 1 203 0
A P 2 163 0
J N 8 16046 14 9 3457 1152 0
K 0 0 42
K 0 49 42
K 0 85 111
K 12 85 110
K 0 49 59
K 0 28 59
K 0 0 59
K 0 -14 59
A D 8 16 0
A P 1 209 0
A P 2 169 0
J B 100 16109 1 82 6913 1152 0
J N 7 16130 42 13 1 0 0
K 1 28 45
K 1 42 45
K 0 0 43
K 0 49 43
K 0 42 45
K 1 42 45
K 0 85 110
K 17 85 108
K 0 49 59
K 0 28 59
K 0 0 59
K 0 -21 59
A D 4 16 0
A P 1 186 0
A P 2 146 0
J R 7 16172 28 2 1729 576 0
K 0 0 48
A D 4 16 1
A P 1 0 1
J R 8 16214 28 2 3457 576 0
K 0 0 47
A D 8 16 0
A P 1 0 0
J B 101 16277 1 82 6913 1152 0
J R 8 16298 28 2 1 0 0
K 0 0 47
A D 8 16 1
A P 1 0 1
J R 7 16357 28 2 3457 1152 0
K 0 0 48
A D 4 16 0
A P 1 0 0
J N 7 16399 49 11 5185 576 1 59
K -18 -49 63
K -18 0 63
K 0 -49 43
K 0 0 43
K 7 47 111
K 19 47 110
K 0 -49 60
K 0 -28 60
K 0 0 60
K 0 14 60
A D 4 16 0
A P 1 221 0
A P 2 181 0
J B 102 16445 1 82 6913 576 0
J N 7 16466 42 7 1 0 1 59
K 0 -49 43
K 0 0 43
K 0 -49 60
K 0 -28 60
K 0 0 60
K 0 14 60
A D 4 16 0
A P 1 226 0
A P 2 186 0
H 59 S 0 0 -49 0 -49 0 0 0 0
J R 7 16508 28 2 1729 576 0
K 0 0 48
A D 4 16 1
A P 1 0 1
J R 8 16550 28 2 3457 576 0
K 0 0 47
A D 8 16 0
A P 1 0 0
J B 103 16613 1 82 6913 1152 0
J R 8 16634 28 2 1 0 0
K 0 0 47
A D 8 16 1
A P 1 0 1
J R 7 16693 28 2 3457 1152 0
K 0 0 48
A D 4 16 0
A P 1 0 0
J N 7 16735 49 11 5185 576 1 60
K -18 -49 63
K -18 0 63
K 0 -49 43
K 0 0 43
K 7 47 111
K 19 47 110
K 0 -49 60
K 0 -28 60
K 0 0 60
K 0 14 60
A D 4 16 0
A P 1 221 0
A P 2 181 0
J B 104 16781 1 82 6913 576 0
J N 7 16802 42 9 1 0 0
K 0 -49 43
K 25 -49 44
K 0 0 43
K 24 -6 44
K 0 -49 60
K 0 -28 60
K 0 0 60
K 0 14 60
A D 6 16 0
A P 1 226 0
A P 2 186 0
J N 5 16858 49 7 2593 864 1 61
K -18 -49 63
K -18 0 63
K 0 -49 43
K 0 0 43
K 0 -49 60
K 0 -28 60
A D 1 16 0
A P 1 221 0
A P 2 181 0
J N 5 16887 56 5 3025 144 2 61 60
K 0 -49 43
K 0 0 43
K 0 -49 60
K 0 -28 60
A D 1 16 0
A P 1 215 0
A P 2 175 0
H 61 B 1 0 108 2 22 33
H 60 S 0 0 -56 0 -56 0 0 0 0
J N 7 16916 14 8 3457 144 0
K 0 0 43
K 0 49 43
K 0 66 96
K 0 49 59
K 0 28 59
K 0 0 59
K 0 -14 59
A D 4 16 0
A P 1 209 0
A P 2 169 0
J N 7 16958 49 9 5185 576 1 62
K 0 -49 43
K 0 0 43
K 7 47 111
K 19 47 110
K 0 -49 60
K 0 -28 60
K 0 0 60
K 0 14 60
A D 4 16 0
A P 1 221 0
A P 2 181 0
J B 105 17004 1 82 6913 576 0
J N 7 17025 42 9 1 0 0
K 0 -49 43
K 25 -49 44
K 0 0 43
K 24 -6 44
K 0 -49 60
K 0 -28 60
K 0 0 60
K 0 14 60
A D 6 16 0
A P 1 226 0
A P 2 186 0
J N 5 17081 49 7 2593 864 1 63
K -18 -49 63
K -18 0 63
K 0 -49 43
K 0 0 43
K 0 -49 60
K 0 -28 60
A D 1 16 0
A P 1 221 0
A P 2 181 0
J N 5 17110 56 5 3025 144 2 63 62
K 0 -49 43
K 0 0 43
K 0 -49 60
K 0 -28 60
A D 1 16 0
A P 1 215 0
A P 2 175 0
H 63 B 1 0 108 2 22 33
H 62 S 0 0 -56 0 -56 0 0 0 0
J N 7 17139 14 8 3457 144 0
K 0 0 43
K 0 49 43
K 0 66 96
K 0 49 59
K 0 28 59
K 0 0 59
K 0 -14 59
A D 4 16 0
A P 1 209 0
A P 2 169 0
J S 0 17181 113 2 5185 576 1 64
K 0 0 110
K 19 0 110
J N 7 17181 49 8 5185 0 0
K 0 -49 43
K 0 0 43
K 0 -66 96
K 0 -49 60
K 0 -28 60
K 0 0 60
K 0 14 60
A D 4 16 0
A P 1 221 0
A P 2 181 0
J B 106 17227 1 82 6913 576 0
J N 9 17248 42 3 1 0 1 65
K 0 -49 41
K 0 0 41
A D 16 16 0
A P 1 226 0
A P 2 186 0
J B 107 17340 1 82 6913 2304 0
J N 8 17363 0 9 1 0 0
K -14 0 64
K -14 49 64
K 0 0 42
K 0 49 42
K 0 49 59
K 0 28 59
K 0 0 59
K 0 -14 59
A D 8 16 0
A P 1 220 0
A P 2 180 0
J N 8 17422 14 7 3457 1152 0
K 0 0 42
K 0 49 42
K 0 49 59
K 0 28 59
K 0 0 59
K 0 -14 59
A D 8 16 0
A P 1 209 0
A P 2 169 0
J B 108 17485 1 82 6913 1152 1 66
J N 8 17506 28 10 1 0 0
K 1 42 45
K 0 0 42
K 0 49 42
K 0 42 45
K 1 42 45
K 0 49 59
K 0 28 59
K 0 0 59
K 0 -14 59
A D 8 16 0
A P 1 198 0
A P 2 158 0
J N 8 17565 42 4 3457 1152 0
K 0 0 42
K 0 0 59
K 0 -21 59
A D 8 16 0
A P 1 186 0
J N 8 17565 42 4 3457 0 0
K 0 0 42
K 0 0 60
K 0 14 60
A D 8 16 0
A P 2 186 0
J B 109 17628 1 82 6913 1152 0
J N 8 17649 49 4 1 0 0
K 0 0 42
K 0 0 59
K 0 -21 59
A D 8 16 0
A P 1 180 0
J N 8 17649 49 4 1 0 0
K 0 0 42
K 0 0 60
K 0 14 60
A D 8 16 0
A P 2 180 0
J N 8 17708 63 4 3457 1152 2 65 64
K 0 0 42
K 0 0 59
K 0 -21 59
A D 8 16 0
A P 1 169 0
H 64 W 21 0 80 113 14 113
H 65 S 0 0 -77 6 -42 0 0 0 7
J N 8 17708 63 4 3457 0 0
K 0 0 42
K 0 0 60
K 0 14 60
A D 8 16 0
A P 2 169 0
J B 110 17794 6 4 6913 1152 2 66 67
K -23 21 44
K -23 35 44
K -13 0 82
K -6 0 84
H 66 E 1 0 -8 -42 21 21
J N 8 17815 28 10 1 0 2 69 68
K 1 42 45
K 0 0 42
K 0 49 42
K 0 42 45
K 1 42 45
K 0 49 59
K 0 28 59
K 0 0 59
K 0 -14 59
A D 8 16 0
A P 1 198 0
A P 2 158 0
J N 8 17874 42 4 3457 1152 0
K 0 0 42
K 0 0 59
K 0 -21 59
A D 8 16 0
A P 1 186 0
J N 8 17874 42 4 3457 0 0
K 0 0 42
K 0 0 60
K 0 14 60
A D 8 16 0
A P 2 186 0
J B 111 17937 1 82 6913 1152 0
J N 8 17958 49 4 1 0 0
K 0 0 42
K 0 0 59
K 0 -21 59
A D 8 16 0
A P 1 180 0
J N 8 17958 49 4 1 0 0
K 0 0 42
K 0 0 60
K 0 14 60
A D 8 16 0
A P 2 180 0
J N 8 18017 63 4 3457 1152 2 69 68
K 0 0 42
K 0 0 59
K 0 -21 59
A D 8 16 0
A P 1 169 0
H 68 W 21 0 7 116 14 116
H 69 S 0 6 -35 6 -42 0 0 0 0
J N 8 18017 63 4 3457 0 0
K 0 0 42
K 0 0 60
K 0 14 60
A D 8 16 0
A P 2 169 0
J B 112 18088 5 2 6913 1152 1 67
K -8 0 82
K 0 0 82
H 67 E 2 0 0 -42 21 21
J N 8 18109 35 9 1 0 0
K 0 0 42
K 25 0 44
K 0 21 42
K 24 15 44
K 0 57 110
K 0 21 59
K 0 0 59
K 0 -21 59
A D 12 16 0
A P 1 192 0
A P 2 175 0
J R 7 18184 28 2 5185 1728 0
K 0 0 48
A D 4 16 0
A P 1 0 0
J B 113 18230 1 82 6913 576 0
J R 9 18251 28 2 1 10001 0
K 0 0 46
A D 16 16 0
A P 3 0 0
J B 114 18343 1 82 6913 2304 0
J R 9 18364 28 2 1 10001 0
K 0 0 46
A D 16 16 0
A P 3 0 0
J B 115 18456 1 82 6913 2304 0
J R 9 18477 28 2 1 10001 0
K 0 0 46
A D 16 16 0
A P 3 0 0
J B 116 18569 1 82 6913 2304 0
J N 8 18590 35 9 1 0 0
K 0 -21 42
K 24 -27 44
K 0 0 42
K 25 0 44
K 4 53 110
K 0 -21 60
K 0 0 60
K 0 14 60
A D 12 16 0
A P 1 209 0
A P 2 192 0
J R 7 18665 28 2 5185 1728 0
K 0 0 48
A D 4 16 0
A P 1 0 0
J B 117 18711 1 82 6913 576 0
J R 9 18732 28 2 1 10001 0
K 0 0 46
A D 16 16 0
A P 3 0 0
J B 118 18824 1 82 6913 2304 0
J R 9 18845 28 2 1 10001 0
K 0 0 46
A D 16 16 0
A P 3 0 0
J B 119 18937 1 82 6913 2304 0
J R 9 18958 28 2 1 10001 0
K 0 0 46
A D 16 16 0
A P 3 0 0
J B 120 19050 1 82 6913 2304 0
J N 8 19071 42 9 1 0 0
K 0 -28 42
K 24 -34 44
K 0 0 42
K 24 -6 44
K 12 32 110
K 0 -28 60
K 0 0 60
K 0 14 60
A D 12 16 0
A P 1 209 0
A P 2 186 0
J R 7 19146 28 2 5185 1728 0
K 0 0 48
A D 4 16 0
A P 1 0 0
J B 121 19192 1 82 6913 576 0
J R 9 19213 28 2 1 10001 0
K 0 0 46
A D 16 16 0
A P 3 0 0
J B 122 19305 1 82 6913 2304 0
J R 9 19326 28 2 1 10001 0
K 0 0 46
A D 16 16 0
A P 3 0 0
J B 123 19418 1 82 6913 2304 0
J R 9 19439 28 2 1 10001 0
K 0 0 46
A D 16 16 0
A P 3 0 0
J B 124 19531 1 82 6913 2304 0
J R 9 19552 28 2 1 10001 0
K 0 0 46
A D 16 16 0
A P 3 0 0
J B 125 19644 1 82 6913 2304 0
J R 9 19665 28 2 1 10001 0
K 0 0 46
A D 16 16 0
A P 3 0 0
J B 126 19757 1 82 6913 2304 0
J N 9 19778 21 10 1 0 2 70 71
K 1 49 45
K 7 49 45
K 0 0 41
K 0 49 41
K -1 49 45
K 2 49 45
K 4 49 45
K 7 49 45
K 0 86 108
A D 16 16 1
A P 1 203 1
A P 2 163 1
J B 127 19870 1 82 6913 2304 0
J N 9 19891 21 9 1 0 4 72 73 70 71
K 1 49 45
K 7 49 45
K 0 0 41
K 0 49 41
K -1 49 45
K 2 49 45
K 4 49 45
K 7 49 45
A D 16 16 1
A P 1 203 1
A P 2 163 1
H 70 T 21 0 0 0 0 0 3 0
H 71 T 70 0 0 0 0 0 13 0
J B 128 19983 1 82 6913 2304 0
J N 7 20004 21 10 1 0 2 72 73
K 1 49 45
K 0 0 43
K 0 49 43
K -1 49 45
K 2 49 45
K 0 49 59
K 0 28 59
K 0 0 59
K 0 -14 59
A D 4 16 0
A P 1 203 0
A P 2 163 0
H 72 T 21 0 0 0 0 0 3 0
H 73 T 70 0 0 0 0 0 13 0
J R 7 20046 28 2 1729 576 0
K 0 0 48
A D 4 16 1
A P 1 0 1
J R 8 20088 28 2 3457 576 0
K 0 0 47
A D 8 16 0
A P 1 0 0
J B 129 20151 1 82 6913 1152 0
J R 9 20172 28 2 1 10001 0
K 0 0 46
A D 16 16 0
A P 3 0 0
J B 130 20264 1 82 6913 2304 0
J N 9 20285 49 4 1 0 2 74 75
K 0 -49 41
K 0 0 41
K 0 39 108
A D 16 16 1
A P 1 220 1
A P 2 180 1
J B 131 20377 1 82 6913 2304 0
J N 9 20398 49 3 1 0 4 76 77 74 75
K 0 -49 41
K 0 0 41
A D 16 16 1
A P 1 220 1
A P 2 180 1
H 74 T 0 0 0 0 0 0 5 0
H 75 T 49 0 0 0 0 0 11 0
J B 132 20490 1 82 6913 2304 0
J N 7 20511 49 7 1 0 2 76 77
K 0 -49 43
K 0 0 43
K 0 -49 60
K 0 -28 60
K 0 0 60
K 0 14 60
A D 4 16 0
A P 1 220 0
A P 2 180 0
H 76 T 0 0 0 0 0 0 5 0
H 77 T 49 0 0 0 0 0 11 0
J R 7 20553 28 2 1729 576 0
K 0 0 48
A D 4 16 1
A P 1 0 1
J R 8 20595 28 2 3457 576 0
K 0 0 47
A D 8 16 0
A P 1 0 0
J B 133 20658 1 82 6913 1152 0
J R 9 20679 28 2 1 10001 0
K 0 0 46
A D 16 16 0
A P 3 0 0
J B 134 20771 1 82 6913 2304 0
J R 9 20792 28 2 1 10001 0
K 0 0 46
A D 16 16 0
A P 3 0 0
J B 135 20884 1 82 6913 2304 0
J R 9 20905 28 2 1 10001 0
K 0 0 46
A D 16 16 0
A P 3 0 0
J B 136 20997 1 82 6913 2304 0
J R 9 21018 28 2 1 10001 0
K 0 0 46
A D 16 16 0
A P 3 0 0
J B 137 21110 1 82 6913 2304 0
J N 9 21131 21 11 1 0 2 78 79
K 1 49 45
K 7 49 45
K 0 0 41
K 0 49 41
K -1 49 45
K 2 49 45
K 4 49 45
K 7 49 45
K 0 100 110
K 17 100 110
A D 16 16 0
A P 1 203 0
A P 2 163 0
J B 138 21223 1 82 6913 2304 0
J N 7 21244 14 8 1 0 2 78 79
K 0 0 43
K 0 49 43
K 0 86 108
K 0 49 59
K 0 28 59
K 0 0 59
K 0 -14 59
A D 4 16 0
A P 1 209 0
A P 2 169 0
H 78 S 0 14 0 0 0 0 0 0 0
H 79 S 12 0 49 0 49 0 0 0 0
J R 7 21286 28 2 1729 576 0
K 0 0 48
A D 4 16 1
A P 1 0 1
J R 8 21328 28 2 3457 576 0
K 0 0 47
A D 8 16 0
A P 1 0 0
J B 139 21391 1 82 6913 1152 0
J R 9 21412 28 2 1 10001 0
K 0 0 46
A D 16 16 0
A P 3 0 0
J B 140 21504 1 82 6913 2304 0
J R 9 21525 28 2 1 10001 0
K 0 0 46
A D 16 16 0
A P 3 0 0
J B 141 21617 1 82 6913 2304 0
J R 9 21638 28 2 1 10001 0
K 0 0 46
A D 16 16 0
A P 3 0 0
J B 142 21730 1 82 6913 2304 0
J R 9 21751 28 2 1 10001 0
K 0 0 46
A D 16 16 0
A P 3 0 0
J B 143 21843 1 82 6913 2304 0
J R 9 21864 28 2 1 10001 0
K 0 0 46
A D 16 16 0
A P 3 0 0
J B 144 21956 1 82 6913 2304 0
J R 9 21977 28 2 1 10001 0
K 0 0 46
A D 16 16 0
A P 3 0 0
J B 145 22069 1 82 6913 2304 0
J R 9 22090 28 2 1 10001 0
K 0 0 46
A D 16 16 0
A P 3 0 0
J B 146 22182 1 82 6913 2304 0
J R 9 22203 28 2 1 10001 0
K 0 0 46
A D 16 16 0
A P 3 0 0
J B 147 22295 1 82 6913 2304 0
J R 9 22316 28 2 1 10001 0
K 0 0 46
A D 16 16 0
A P 3 0 0
J B 148 22408 1 82 6913 2304 0
J R 9 22429 28 2 1 10001 0
K 0 0 46
A D 16 16 0
A P 3 0 0
J B 149 22521 1 82 6913 2304 0
J R 9 22542 28 2 1 10001 0
K 0 0 46
A D 16 16 0
A P 3 0 0
J B 150 22634 1 82 6913 2304 0
J R 9 22655 28 2 1 10001 0
K 0 0 46
A D 16 16 0
A P 3 0 0
J B 151 22747 1 82 6913 2304 0
J R 9 22768 28 2 1 10001 0
K 0 0 46
A D 16 16 0
A P 3 0 0
J B 152 22860 1 82 6913 2304 0
J R 9 22881 28 2 1 10001 0
K 0 0 46
A D 16 16 0
A P 3 0 0
J B 153 22973 1 82 6913 2304 0
J R 9 22994 28 2 1 10001 0
K 0 0 46
A D 16 16 0
A P 3 0 0
J B 154 23086 1 82 6913 2304 0
J R 9 23107 28 2 1 10001 0
K 0 0 46
A D 16 16 0
A P 3 0 0
J B 155 23199 1 82 6913 2304 0
J R 9 23220 28 2 1 10001 0
K 0 0 46
A D 16 16 0
A P 3 0 0
J B 156 23312 1 82 6913 2304 0
J R 9 23333 28 2 1 10001 0
K 0 0 46
A D 16 16 0
A P 3 0 0
J B 157 23425 1 82 6913 2304 0
J R 9 23446 28 2 1 10001 0
K 0 0 46
A D 16 16 0
A P 3 0 0
J B 158 23538 1 82 6913 2304 0
J R 9 23559 28 2 1 10001 0
K 0 0 46
A D 16 16 0
A P 3 0 0
J B 159 23651 1 82 6913 2304 0
J R 9 23672 28 2 1 10001 0
K 0 0 46
A D 16 16 0
A P 3 0 0
J B 160 23764 1 82 6913 2304 0
J R 9 23785 28 2 1 10001 0
K 0 0 46
A D 16 16 0
A P 3 0 0
J B 161 23877 1 82 6913 2304 0
J R 9 23898 28 2 1 10001 0
K 0 0 46
A D 16 16 0
A P 3 0 0
J B 162 23990 1 82 6913 2304 0
J R 9 24011 28 2 1 10001 0
K 0 0 46
A D 16 16 0
A P 3 0 0
J B 163 24103 1 82 6913 2304 0
J R 9 24124 28 2 1 10001 0
K 0 0 46
A D 16 16 0
A P 3 0 0
J B 164 24216 1 82 6913 2304 0
J N 9 24237 7 5 1 0 2 80 81
K 0 0 41
K 0 49 41
K 0 102 110
K 17 102 110
A D 16 16 1
A P 1 215 1
A P 2 175 1
J B 165 24329 1 82 6913 2304 0
J N 9 24350 7 3 1 0 4 82 83 80 81
K 0 0 41
K 0 49 41
A D 16 16 1
A P 1 215 1
A P 2 175 1
H 80 T 7 0 0 0 0 0 3 0
H 81 T 56 0 0 0 0 0 13 0
J B 166 24442 1 82 6913 2304 0
J N 7 24463 7 7 1 0 2 82 83
K 0 0 43
K 0 49 43
K 0 49 59
K 0 28 59
K 0 0 59
K 0 -14 59
A D 4 16 0
A P 1 215 0
A P 2 175 0
H 82 T 7 0 0 0 0 0 3 0
H 83 T 56 0 0 0 0 0 13 0
J R 7 24505 28 2 1729 576 0
K 0 0 48
A D 4 16 1
A P 1 0 1
J R 8 24547 28 2 3457 576 0
K 0 0 47
A D 8 16 0
A P 1 0 0
J B 167 24610 1 82 6913 1152 0
J R 9 24631 28 2 1 10001 0
K 0 0 46
A D 16 16 0
A P 3 0 0
J B 168 24723 1 82 6913 2304 0
J N 9 24744 7 5 1 0 2 84 85
K 0 0 41
K 0 49 41
K 0 102 110
K 17 102 110
A D 16 16 1
A P 1 215 1
A P 2 175 1
J B 169 24836 1 82 6913 2304 0
J N 9 24857 7 3 1 0 4 86 87 84 85
K 0 0 41
K 0 49 41
A D 16 16 1
A P 1 215 1
A P 2 175 1
H 84 T 7 0 0 0 0 0 3 0
H 85 T 56 0 0 0 0 0 13 0
J B 170 24949 1 82 6913 2304 0
J N 7 24970 7 7 1 0 2 86 87
K 0 0 43
K 0 49 43
K 0 49 59
K 0 28 59
K 0 0 59
K 0 -14 59
A D 4 16 0
A P 1 215 0
A P 2 175 0
H 86 T 7 0 0 0 0 0 3 0
H 87 T 56 0 0 0 0 0 13 0
J R 7 25012 28 2 1729 576 0
K 0 0 48
A D 4 16 1
A P 1 0 1
J R 7 25054 28 2 3457 576 0
K 0 0 48
A D 4 16 0
A P 1 0 0
J N 7 25096 7 7 5185 576 2 88 89
K 0 0 43
K 0 49 43
K 0 49 59
K 0 28 59
K 0 0 59
K 0 -14 59
A D 4 16 1
A P 1 215 1
A P 2 175 1
J B 171 25142 1 82 6913 576 0
J N 7 25163 7 7 1 0 2 88 89
K 0 0 43
K 0 49 43
K 0 49 59
K 0 28 59
K 0 0 59
K 0 -14 59
A D 4 16 0
A P 1 215 0
A P 2 175 0
H 88 T 7 0 0 0 0 0 3 0
H 89 T 56 0 0 0 0 0 13 0
J R 7 25205 28 2 1729 576 0
K 0 0 48
A D 4 16 1
A P 1 0 1
J R 7 25247 28 2 3457 576 0
K 0 0 48
A D 4 16 0
A P 1 0 0
J N 7 25289 7 7 5185 576 2 90 91
K 0 0 43
K 0 49 43
K 0 49 59
K 0 28 59
K 0 0 59
K 0 -14 59
A D 4 16 1
A P 1 215 1
A P 2 175 1
J B 172 25335 1 82 6913 576 0
J N 7 25356 7 7 1 0 2 90 91
K 0 0 43
K 0 49 43
K 0 49 59
K 0 28 59
K 0 0 59
K 0 -14 59
A D 4 16 0
A P 1 215 0
A P 2 175 0
H 90 T 7 0 0 0 0 0 3 0
H 91 T 56 0 0 0 0 0 13 0
J R 7 25398 28 2 1729 576 0
K 0 0 48
A D 4 16 1
A P 1 0 1
J R 8 25440 28 2 3457 576 0
K 0 0 47
A D 8 16 0
A P 1 0 0
J B 173 25503 1 82 6913 1152 0
J N 7 25524 7 10 1 0 0
K 0 0 43
K 0 49 43
K 0 66 96
K 0 92 110
K 17 92 110
K 0 49 59
K 0 28 59
K 0 0 59
K 0 -14 59
A D 4 16 0
A P 1 215 0
A P 2 175 0
J R 7 25566 28 2 1729 576 0
K 0 0 48
A D 4 16 0
A P 1 0 0
J N 7 25608 7 8 3457 576 0
K 0 0 43
K 0 49 43
K 0 66 96
K 0 49 59
K 0 28 59
K 0 0 59
K 0 -14 59
A D 4 16 0
A P 1 215 0
A P 2 175 0
J R 7 25650 28 2 5185 576 0
K 0 0 48
A D 4 16 0
A P 1 0 0
J B 174 25696 1 82 6913 576 0
J S 0 25717 107 2 1 0 1 92
K 0 0 111
K 12 0 110
J N 9 25717 7 3 1 0 2 93 94
K 0 0 41
K 0 49 41
A D 16 16 1
A P 1 215 1
A P 2 175 1
J B 175 25809 1 82 6913 2304 0
J N 9 25830 7 3 1 0 3 93 94 92
K 0 0 41
K 0 49 41
A D 16 16 0
A P 1 215 0
A P 2 175 0
H 92 W 21 0 38 107 28 107
H 93 T 7 0 0 0 0 0 3 0
H 94 T 56 0 0 0 0 0 13 0
J B 176 25922 1 82 6913 2304 0
J R 9 25943 28 2 1 10001 0
K 0 0 46
A D 16 16 0
A P 3 0 0
J B 177 26035 1 82 6913 2304 0
J R 9 26056 28 2 1 10001 0
K 0 0 46
A D 16 16 0
A P 3 0 0
J B 178 26148 1 82 6913 2304 0
J R 9 26169 28 2 1 10001 0
K 0 0 46
A D 16 16 0
A P 3 0 0
J B 179 26261 1 82 6913 2304 0
J R 9 26282 28 2 1 10001 0
K 0 0 46
A D 16 16 0
A P 3 0 0
J B 180 26374 1 82 6913 2304 0
J D 0 26388 0 1 1 0 0
W 0 -11 32 zu 2
J N 8 26395 21 7 1 0 0
K 0 0 42
K 25 0 44
K 0 71 110
K 17 71 110
K 0 0 60
K 0 21 60
A D 12 16 0
A P 3 203 0
J N 6 26470 42 3 5185 1728 2 95 96
K 0 0 43
K 24 -6 44
A D 3 16 0
A P 3 186 0
J N 5 26509 28 2 6481 432 2 96 95
K 0 0 43
A D 1 16 0
A P 3 198 0
H 96 B 0 0 108 2 2 53
H 95 S 12 0 0 0 0 0 0 0 0
J B 181 26542 1 82 6913 144 0
J N 8 26563 21 7 1 0 0
K 0 0 42
K 25 0 44
K 0 70 111
K 12 70 110
K 0 0 60
K 0 21 60
A D 12 16 0
A P 3 203 0
J N 6 26638 42 3 5185 1728 2 97 98
K 0 0 43
K 24 -6 44
A D 3 16 0
A P 3 186 0
J N 5 26677 28 2 6481 432 2 98 97
K 0 0 43
A D 1 16 0
A P 3 198 0
H 98 B 0 0 108 2 2 53
H 97 S 12 0 0 0 0 0 0 0 0
J B 182 26710 1 82 6913 144 0
J N 6 26731 21 3 1 0 1 99
K 0 0 43
K 0 14 96
A D 2 16 0
A P 3 203 0
J N 6 26763 21 3 865 288 1 99
K 0 0 43
K 0 14 96
A D 2 16 0
A P 3 203 0
J N 6 26795 42 3 1729 288 1 99
K 0 0 43
K 0 21 96
A D 2 16 0
A P 3 186 0
J N 6 26827 28 3 2593 288 1 99
K 0 0 43
K 0 21 96
A D 2 16 0
A P 3 198 0
H 99 B 0 0 108 4 2 1 1 3
J N 6 26859 21 3 3457 288 1 100
K 0 0 43
K 0 14 96
A D 2 16 0
A P 3 203 0
J N 6 26891 21 3 4321 288 1 100
K 0 0 43
K 0 14 96
A D 2 16 0
A P 3 203 0
J N 6 26923 42 3 5185 288 1 100
K 0 0 43
K 0 21 96
A D 2 16 0
A P 3 186 0
J N 6 26955 28 3 6049 288 1 100
K 0 0 43
K 0 21 96
A D 2 16 0
A P 3 198 0
H 100 B 0 0 108 4 2 1 1 3
J B 183 26991 1 82 6913 288 0
J N 7 27012 21 5 1 0 0
K 0 0 43
K 0 -14 96
K 0 0 60
K 0 21 60
A D 4 16 0
A P 3 203 0
J N 7 27054 7 5 1729 576 0
K 0 0 43
K 0 -17 96
K 0 0 60
K 0 21 60
A D 4 16 0
A P 3 215 0
J N 7 27096 -7 5 3457 576 0
K 0 0 43
K 0 -17 96
K 0 0 60
K 0 21 60
A D 4 16 0
A P 3 226 0
J N 7 27138 28 5 5185 576 0
K 0 0 43
K 0 -21 96
K 0 0 60
K 0 21 60
A D 4 16 0
A P 3 198 0
J B 184 27184 1 82 6913 576 0
J N 7 27205 21 4 1 0 0
K 0 0 43
K 0 0 60
K 0 21 60
A D 4 16 0
A P 3 203 0
J R 7 27247 28 2 1729 576 0
K 0 0 48
A D 4 16 1
A P 3 0 1
J R 8 27289 28 2 3457 576 0
K 0 0 47
A D 8 16 0
A P 3 0 0
J B 185 27352 1 82 6913 1152 0
J S 0 27373 93 108 1 0 1 101
J N 9 27373 42 3 1 0 0
K 0 0 41
K 0 14 41
A D 16 16 0
A P 1 186 0
A P 2 175 0
J M 0 27461 0 0 6913 2304 1 101
H 101 W 0 21 30 93 -42 93
J B 186 27465 1 82 6913 0 0
J D 0 27486 0 1 1 0 0
W 0 -18 32 zu 2
J N 8 27486 49 7 1 0 0
K 0 0 42
K 25 0 44
K 0 42 110
K 17 42 110
K 0 0 59
K 0 -21 59
A D 12 16 0
A P 3 180 0
J N 6 27561 35 3 5185 1728 2 102 103
K 0 0 43
K 25 0 44
A D 3 16 0
A P 3 192 0
J N 5 27616 21 3 6481 432 2 103 102
K -18 0 63
K 0 0 43
A D 1 16 0
A P 3 204 0
H 103 B 1 0 108 2 2 53
H 102 S 0 0 0 0 0 0 0 0 0
J B 187 27649 1 82 6913 144 0
J N 8 27670 14 7 1 0 0
K 0 0 42
K 24 -6 44
K 0 74 111
K 12 74 110
K 0 0 60
K 0 21 60
A D 12 16 0
A P 3 209 0
J N 6 27745 35 3 5185 1728 2 104 105
K 0 0 43
K 25 0 44
A D 3 16 0
A P 3 192 0
J N 5 27800 21 3 6481 432 2 105 104
K -18 0 63
K 0 0 43
A D 1 16 0
A P 3 204 0
H 105 B 1 0 108 2 2 53
H 104 S 0 0 0 0 0 0 0 0 0
J B 188 27833 1 82 6913 144 0
J N 6 27854 14 3 1 0 1 106
K 0 0 43
K 0 -21 96
A D 2 16 0
A P 3 209 0
J N 6 27886 14 3 865 288 1 106
K 0 0 43
K 0 -21 96
A D 2 16 0
A P 3 209 0
J N 6 27918 35 3 1729 288 1 106
K 0 0 43
K 0 -14 96
A D 2 16 0
A P 3 192 0
J N 6 27962 21 4 2593 288 1 106
K -18 0 63
K 0 0 43
K 0 -14 96
A D 2 16 0
A P 3 204 0
H 106 B 1 0 108 4 2 1 1 3
J N 6 27994 14 3 3457 288 1 107
K 0 0 43
K 0 -21 96
A D 2 16 0
A P 3 209 0
J N 6 28026 14 3 4321 288 1 107
K 0 0 43
K 0 -21 96
A D 2 16 0
A P 3 209 0
J N 6 28058 35 3 5185 288 1 107
K 0 0 43
K 0 -14 96
A D 2 16 0
A P 3 192 0
J N 6 28090 21 3 6049 288 1 107
K 0 0 43
K 0 -14 96
A D 2 16 0
A P 3 204 0
H 107 B 1 0 108 4 2 1 1 3
J B 189 28126 1 82 6913 288 0
J N 7 28147 14 5 1 0 0
K 0 0 43
K 0 -21 96
K 0 0 60
K 0 21 60
A D 4 16 0
A P 3 209 0
J N 7 28189 0 5 1729 576 0
K 0 0 43
K 0 -17 96
K 0 0 60
K 0 21 60
A D 4 16 0
A P 3 220 0
J N 7 28231 -14 8 3457 576 0
K 0 0 45
K 0 0 43
K -1 0 45
K 2 0 45
K 0 -17 96
K 0 0 60
K 0 21 60
A D 4 16 0
A P 3 232 0
J N 7 28273 21 6 5185 576 0
K -18 0 63
K 0 0 43
K 0 -14 96
K 0 0 60
K 0 21 60
A D 4 16 0
A P 3 204 0
J B 190 28319 1 82 6913 576 0
J N 9 28340 35 4 1 0 2 108 109
K 0 0 41
K 0 14 41
K 0 53 108
A D 16 16 0
A P 1 192 0
A P 2 180 0
J B 191 28432 1 82 6913 2304 0
J N 9 28456 28 4 1 0 1 108
K -15 0 65
K 0 0 41
K 0 14 41
A D 16 16 0
A P 1 197 0
A P 2 186 0
H 108 S 0 6 0 6 0 0 0 0 28
J B 192 28548 1 82 6913 2304 0
J N 9 28569 35 3 1 0 1 110
K 0 0 41
K 0 14 41
A D 16 16 0
A P 1 192 0
A P 2 180 0
J B 193 28661 1 82 6913 2304 0
J D 0 28682 0 1 1 0 0
W 0 117 36 cresc.
J N 9 28688 21 4 1 0 0
K -18 28 63
K 0 0 41
K 0 28 41
A D 16 16 0
A P 1 203 0
A P 2 181 0
J B 194 28780 1 82 6913 2304 0
J N 8 28803 28 7 1 0 0
K -14 0 64
K 0 0 42
K 0 14 42
K 0 14 59
K 0 0 59
K 0 -14 59
A D 8 16 0
A P 1 198 0
A P 2 186 0
J N 8 28862 14 7 3457 1152 0
K -18 28 63
K 0 0 42
K 0 28 42
K 0 28 59
K 0 0 59
K 0 -14 59
A D 8 16 0
A P 1 209 0
A P 2 187 0
J B 195 28925 1 82 6913 1152 0
J N 8 28946 35 6 1 0 2 110 109
K 0 -14 42
K 0 0 42
K 0 -14 60
K 0 0 60
K 0 14 60
A D 8 16 0
A P 1 203 0
A P 2 192 0
H 110 S 0 6 -14 0 -49 3 0 0 0
H 109 S 12 0 14 -14 0 0 0 0 0
J N 8 29005 35 6 3457 1152 1 111
K 0 -14 42
K 0 0 42
K 0 -14 60
K 0 0 60
K 0 14 60
A D 8 16 0
A P 1 203 0
A P 2 192 0
J B 196 29068 1 82 6913 1152 0
J N 8 29092 28 7 1 0 0
K -15 0 65
K 0 -14 42
K 0 0 42
K 0 -14 60
K 0 0 60
K 0 21 60
A D 8 16 0
A P 1 209 0
A P 2 197 0
J N 8 29151 28 7 3457 1152 0
K -14 0 64
K 0 -28 42
K 0 0 42
K 0 -28 60
K 0 0 60
K 0 21 60
A D 8 16 0
A P 1 220 0
A P 2 198 0
J B 197 29214 1 82 6913 1152 0
J N 8 29235 21 6 1 0 1 111
K 0 -14 42
K 0 0 42
K 0 -14 60
K 0 0 60
K 0 21 60
A D 8 16 0
A P 1 215 0
A P 2 203 0
H 111 S 0 0 -14 0 -21 0 0 0 0
J R 8 29294 28 2 3457 1152 0
K 0 0 47
A D 8 16 0
A P 1 0 0
J B 198 29357 1 82 6913 1152 0
J R 8 29378 28 2 1 0 0
K 0 0 47
A D 8 16 0
A P 1 0 0
J N 8 29437 28 9 3457 1152 1 112
K -15 0 65
K 0 0 42
K 0 14 42
K -4 61 110
K 13 61 110
K 0 14 59
K 0 0 59
K 0 -14 59
A D 8 16 0
A P 1 197 0
A P 2 186 0
J B 199 29500 1 82 6913 1152 0
J N 8 29521 35 6 1 0 0
K 0 0 42
K 0 14 42
K 0 14 59
K 0 0 59
K 0 -21 59
A D 8 16 0
A P 1 192 0
A P 2 180 0
J N 8 29580 21 6 3457 1152 1 112
K 0 0 42
K 0 14 42
K 0 14 59
K 0 0 59
K 0 -14 59
A D 8 16 0
A P 1 203 0
A P 2 192 0
H 112 S 0 13 -35 6 -35 0 0 0 21
J B 200 29643 1 82 6913 1152 0
J N 8 29666 28 9 1 0 0
K -14 0 64
K 0 0 42
K 24 -6 44
K 0 14 42
K 24 8 44
K 0 14 59
K 0 0 59
K 0 -14 59
A D 12 16 0
A P 1 198 0
A P 2 186 0
J N 7 29741 28 6 5185 1728 0
K 0 -28 43
K 0 0 43
K 0 -28 60
K 0 0 60
K 0 21 60
A D 4 16 0
A P 1 220 0
A P 2 198 0
J B 201 29787 1 82 6913 576 0
J N 7 29808 21 6 1 0 0
K 0 -14 43
K 0 0 43
K 0 -14 60
K 0 0 60
K 0 21 60
A D 4 16 0
A P 1 215 0
A P 2 203 0
J N 7 29850 21 6 1729 576 0
K 0 -14 43
K 0 0 43
K 0 -14 60
K 0 0 60
K 0 21 60
A D 4 16 0
A P 1 215 0
A P 2 203 0
J N 7 29892 35 6 3457 576 0
K 0 -14 43
K 0 0 43
K 0 -14 60
K 0 0 60
K 0 14 60
A D 4 16 0
A P 1 203 0
A P 2 192 0
J N 7 29934 35 6 5185 576 0
K 0 -14 43
K 0 0 43
K 0 -14 60
K 0 0 60
K 0 14 60
A D 4 16 0
A P 1 203 0
A P 2 192 0
J B 202 29980 1 82 6913 576 0
J N 7 30001 28 4 1 0 0
K 0 0 43
K 0 0 59
K 0 -14 59
A D 4 16 0
A P 1 198 0
J N 7 30001 28 4 1 0 0
K 0 0 43
K 0 0 60
K 0 21 60
A D 4 16 0
A P 2 198 0
J N 8 30043 -7 6 1729 576 0
K 0 0 42
K 0 103 111
K 12 103 110
K 0 0 59
K 0 -14 59
A D 8 16 0
A P 1 226 0
J N 7 30043 28 4 1729 0 0
K 0 0 43
K 0 0 60
K 0 21 60
A D 4 16 0
A P 2 198 0
J N 7 30085 14 4 3457 576 0
K 0 0 43
K 0 0 60
K 0 21 60
A D 4 16 0
A P 2 209 0
J N 7 30127 0 4 5185 576 0
K 0 0 43
K 0 0 59
K 0 -14 59
A D 4 16 0
A P 1 220 0
J N 7 30127 14 4 5185 0 0
K 0 0 43
K 0 0 60
K 0 21 60
A D 4 16 0
A P 2 209 0
J B 203 30173 1 82 6913 576 0
J N 7 30194 42 7 1 0 0
K 0 -35 43
K 0 0 43
K 0 -35 60
K 0 -28 60
K 0 0 60
K 0 14 60
A D 4 16 0
A P 1 215 0
A P 2 186 0
J N 7 30236 42 7 1729 576 0
K 0 -35 43
K 0 0 43
K 0 -35 60
K 0 -28 60
K 0 0 60
K 0 14 60
A D 4 16 0
A P 1 215 0
A P 2 186 0
J N 7 30278 35 6 3457 576 0
K 0 -14 43
K 0 0 43
K 0 -14 60
K 0 0 60
K 0 14 60
A D 4 16 0
A P 1 203 0
A P 2 192 0
J N 7 30321 21 7 5185 576 0
K -18 -21 63
K 0 -21 43
K 0 0 43
K 0 -21 60
K 0 0 60
K 0 21 60
A D 4 16 0
A P 1 221 0
A P 2 203 0
J B 204 30367 1 82 6913 576 0
J N 6 30388 -7 3 1 0 1 113
K 0 0 43
K 7 -52 96
A D 2 16 0
A P 1 226 0
J N 6 30388 42 2 1 0 1 114
K 0 0 43
A D 2 16 0
A P 2 186 0
J N 6 30420 35 3 865 288 1 113
K 0 0 43
K 7 -89 96
A D 2 16 0
A P 1 192 0
J N 6 30420 35 2 865 0 1 114
K 0 0 43
A D 2 16 0
A P 2 192 0
J N 6 30452 28 3 1729 288 1 113
K 0 0 43
K 7 -76 96
A D 2 16 0
A P 1 198 0
J N 6 30452 28 2 1729 0 1 114
K 0 0 43
A D 2 16 0
A P 2 198 0
J N 6 30484 21 3 2593 288 1 113
K 0 0 43
K 7 -64 96
A D 2 16 0
A P 1 203 0
H 113 B 0 0 108 4 2 1 1 3
J N 6 30484 21 2 2593 0 1 114
K 0 0 43
A D 2 16 0
A P 2 203 0
H 114 B 1 0 108 4 2 1 1 3
J D 0 30509 0 1 3457 288 0
W 0 -11 32 zu 2
J N 6 30516 14 4 3457 0 1 115
K 0 0 43
K 0 86 111
K 12 86 110
A D 2 16 0
A P 3 209 0
J N 6 30548 21 2 4321 288 1 115
K 0 0 43
A D 2 16 0
A P 3 203 0
J N 6 30580 28 2 5185 288 1 115
K 0 0 43
A D 2 16 0
A P 3 198 0
J N 6 30612 35 2 6049 288 1 115
K 0 0 43
A D 2 16 0
A P 3 192 0
H 115 B 1 0 108 4 2 1 1 3
J B 205 30648 1 82 6913 288 0
J N 6 30669 42 2 1 0 1 116
K 0 0 43
A D 2 16 0
A P 3 186 0
J N 6 30701 35 2 865 288 1 116
K 0 0 43
A D 2 16 0
A P 3 192 0
J N 6 30733 28 2 1729 288 1 116
K 0 0 43
A D 2 16 0
A P 3 198 0
J N 6 30765 21 2 2593 288 1 116
K 0 0 43
A D 2 16 0
A P 3 203 0
H 116 B 0 0 108 4 2 1 1 3
J N 6 30797 14 4 3457 288 1 117
K 0 0 43
K 0 81 111
K 12 81 110
A D 2 16 0
A P 3 209 0
J N 6 30829 21 2 4321 288 1 117
K 0 0 43
A D 2 16 0
A P 3 203 0
J N 6 30861 28 2 5185 288 1 117
K 0 0 43
A D 2 16 0
A P 3 198 0
J N 6 30893 35 2 6049 288 1 117
K 0 0 43
A D 2 16 0
A P 3 192 0
H 117 B 30001 0 108 4 2 1 1 3
J B 206 30929 1 82 6913 288 0
J N 7 30950 42 4 1 0 0
K 0 0 43
K 0 0 59
K 0 -21 59
A D 4 16 0
A P 3 186 0
J R 7 30992 28 2 1729 576 0
K 0 0 48
A D 4 16 1
A P 3 0 1
J R 8 31034 28 2 3457 576 0
K 0 0 47
A D 8 16 0
A P 3 0 0
J B 207 31097 1 82 6913 1152 0
J R 8 31118 28 2 1 0 0
K 0 0 47
A D 8 16 1
A P 1 0 1
J R 7 31177 28 2 3457 1152 0
K 0 0 48
A D 4 16 0
A P 1 0 0
J D 0 31204 0 1 5185 576 0
W 0 -18 32 1.
J N 7 31219 42 5 5185 0 0
K 0 0 43
K 0 39 108
K 0 0 59
K 0 -21 59
A D 4 16 0
A P 1 186 0
J B 208 31265 1 82 6913 576 0
J N 8 31286 21 4 1 0 1 118
K 0 0 42
K 0 0 60
K 0 21 60
A D 8 16 1
A P 1 203 1
J N 6 31345 21 2 3457 1152 3 119 120 118
K 0 0 43
A D 2 16 0
A P 1 203 0
H 118 T 21 0 0 0 0 0 1 0
J N 6 31377 28 2 4321 288 1 120
K 0 0 43
A D 2 16 0
A P 1 198 0
J N 6 31409 35 2 5185 288 1 120
K 0 0 43
A D 2 16 0
A P 1 192 0
J N 6 31441 42 2 6049 288 2 120 119
K 0 0 43
A D 2 16 0
A P 1 186 0
H 120 B 0 0 108 4 2 1 1 3
H 119 S 12 0 0 0 0 0 0 0 0
J B 209 31477 1 82 6913 288 0
J N 7 31498 49 4 1 0 0
K 0 0 43
K 0 0 59
K 0 -21 59
A D 4 16 0
A P 1 180 0
J R 7 31536 28 2 1729 576 0
K 0 0 48
A D 4 16 1
A P 1 0 1
J R 8 31574 28 2 3457 576 0
K 0 0 47
A D 8 16 0
A P 1 0 0
J B 210 31631 1 82 6913 1152 0
J R 9 31652 28 2 1 10001 0
K 0 0 46
A D 16 16 0
A P 3 0 0
J B 211 31735 1 82 6913 2304 0
J R 9 31756 28 2 1 10001 0
K 0 0 46
A D 16 16 0
A P 3 0 0
J B 212 31839 1 82 6913 2304 0
J R 8 31860 28 2 1 0 0
K 0 0 47
A D 8 16 0
A P 1 0 0
J N 7 31913 28 8 3457 1152 1 121
K 0 0 43
K 0 21 43
K 0 77 111
K 12 77 110
K 0 21 59
K 0 0 59
K 0 -14 59
A D 4 16 0
A P 1 198 0
A P 2 180 0
J N 7 31951 21 7 5185 576 1 121
K 0 0 43
K 0 35 43
K 0 35 59
K 0 28 59
K 0 0 59
K 0 -14 59
A D 4 16 0
A P 1 203 0
A P 2 175 0
H 121 S 12 0 21 0 35 0 0 0 0
J B 213 31993 1 82 6913 576 0
J R 8 32014 28 2 1 0 0
K 0 0 47
A D 8 16 0
A P 1 0 0
J N 7 32067 28 8 3457 1152 1 122
K 0 0 43
K 0 21 43
K 0 77 111
K 12 77 110
K 0 21 59
K 0 0 59
K 0 -14 59
A D 4 16 0
A P 1 198 0
A P 2 180 0
J N 7 32105 21 7 5185 576 1 122
K 0 0 43
K 0 35 43
K 0 35 59
K 0 28 59
K 0 0 59
K 0 -14 59
A D 4 16 0
A P 1 203 0
A P 2 175 0
H 122 S 12 0 21 0 35 0 0 0 0
J B 214 32147 1 82 6913 576 0
J R 7 32168 28 2 1 0 0
K 0 0 48
A D 4 16 0
A P 1 0 0
J N 7 32206 42 4 1729 576 1 123
K 0 0 43
K 0 0 59
K 0 -21 59
A D 4 16 0
A P 1 186 0
J N 7 32206 42 4 1729 0 0
K 0 0 43
K 0 0 60
K 0 14 60
A D 4 16 0
A P 2 186 0
J N 7 32250 49 5 3457 576 0
K -18 0 63
K 0 0 43
K 0 0 59
K 0 -21 59
A D 4 16 0
A P 1 181 0
J N 7 32250 49 4 3457 0 0
K 0 0 43
K 0 0 60
K 0 14 60
A D 4 16 0
A P 2 181 0
J N 7 32288 35 4 5185 576 1 123
K 0 0 43
K 0 0 59
K 0 -21 59
A D 4 16 0
A P 1 192 0
H 123 S 0 6 -42 6 -42 0 0 0 0
J N 7 32288 35 4 5185 0 0
K 0 0 43
K 0 0 60
K 0 14 60
A D 4 16 0
A P 2 192 0
J B 215 32330 1 82 6913 576 0
J N 7 32351 42 4 1 0 0
K 0 0 43
K 0 0 59
K 0 -21 59
A D 4 16 0
A P 1 186 0
J N 7 32351 42 4 1 0 0
K 0 0 43
K 0 0 60
K 0 14 60
A D 4 16 0
A P 2 186 0
J R 7 32389 28 2 1729 576 0
K 0 0 48
A D 4 16 1
A P 1 0 1
J R 8 32427 28 2 3457 576 0
K 0 0 47
A D 8 16 0
A P 1 0 0
J B 216 32484 1 82 6913 1152 0
J R 9 32505 28 2 1 10001 0
K 0 0 46
A D 16 16 0
A P 3 0 0
J B 217 32588 1 82 6913 2304 0
J R 9 32609 28 2 1 10001 0
K 0 0 46
A D 16 16 0
A P 3 0 0
J B 218 32692 1 82 6913 2304 0
J N 7 32713 63 10 1 0 0
K 1 7 45
K 0 0 43
K 0 14 43
K 0 7 45
K 1 7 45
K 0 31 96
K 0 14 59
K 0 0 59
K 0 -21 59
A D 4 16 0
A P 1 169 0
A P 2 158 0
J N 7 32753 49 8 1729 576 0
K -14 0 64
K 0 0 43
K 0 14 43
K 0 31 96
K 0 14 59
K 0 0 59
K 0 -21 59
A D 4 16 0
A P 1 180 0
A P 2 169 0
J N 7 32791 28 7 3457 576 0
K 0 0 43
K 0 21 43
K 0 38 96
K 0 21 59
K 0 0 59
K 0 -14 59
A D 4 16 0
A P 1 198 0
A P 2 180 0
J N 7 32829 28 7 5185 576 0
K 0 -14 43
K 0 0 43
K 0 -35 96
K 0 -14 60
K 0 0 60
K 0 21 60
A D 4 16 0
A P 1 209 0
A P 2 198 0
J B 219 32871 1 82 6913 576 0
J N 7 32892 21 6 1 0 0
K 0 -14 43
K 0 0 43
K 0 -14 60
K 0 0 60
K 0 21 60
A D 4 16 0
A P 1 215 0
A P 2 203 0
J R 7 32930 28 2 1729 576 0
K 0 0 48
A D 4 16 1
A P 1 0 1
J R 8 32968 28 2 3457 576 0
K 0 0 47
A D 8 16 0
A P 1 0 0
J B 220 33025 1 82 6913 1152 0
J R 7 33046 28 2 1 0 0
K 0 0 48
A D 4 16 0
A P 1 0 0
J N 7 33084 35 6 1729 576 2 124 125
K 0 0 43
K 0 14 43
K 0 14 59
K 0 0 59
K 0 -21 59
A D 4 16 0
A P 1 192 0
A P 2 180 0
J N 8 33125 28 9 3457 576 4 126 127 124 125
K -15 0 65
K 0 0 42
K 0 14 42
K 0 68 111
K 12 68 110
K 0 14 59
K 0 0 59
K 0 -14 59
A D 8 16 1
A P 1 197 1
A P 2 186 1
H 124 S 0 14 0 0 0 0 0 0 0
H 125 S 12 0 14 0 14 0 0 0 0
J B 221 33182 1 82 6913 1152 0
J N 7 33206 28 7 1 0 2 126 127
k -15 0 65
K 0 0 43
K 0 14 43
K 0 14 59
K 0 0 59
K 0 -14 59
A D 4 16 0
A P 1 197 0
A P 2 186 0
H 126 T 28 0 0 0 0 0 7 0
H 127 T 42 0 0 0 0 0 13 0
J N 7 33244 35 6 1729 576 2 128 129
K 0 0 43
K 0 14 43
K 0 14 59
K 0 0 59
K 0 -21 59
A D 4 16 0
A P 1 192 0
A P 2 180 0
J N 8 33285 28 9 3457 576 4 130 131 128 129
K -15 0 65
K 0 0 42
K 0 14 42
K 0 68 111
K 12 68 110
K 0 14 59
K 0 0 59
K 0 -14 59
A D 8 16 1
A P 1 197 1
A P 2 186 1
H 128 S 0 14 0 0 0 0 0 0 0
H 129 S 12 0 14 0 14 0 0 0 0
J B 222 33342 1 82 6913 1152 0
J N 7 33366 28 7 1 0 2 130 131
k -15 0 65
K 0 0 43
K 0 14 43
K 0 14 59
K 0 0 59
K 0 -14 59
A D 4 16 0
A P 1 197 0
A P 2 186 0
H 130 T 28 0 0 0 0 0 7 0
H 131 T 42 0 0 0 0 0 13 0
J N 7 33404 35 6 1729 576 1 132
K 0 0 43
K 0 14 43
K 0 14 59
K 0 0 59
K 0 -21 59
A D 4 16 0
A P 1 192 0
A P 2 180 0
J N 7 33442 42 6 3457 576 0
K 0 0 43
K 0 14 43
K 0 14 59
K 0 0 59
K 0 -21 59
A D 4 16 0
A P 1 186 0
A P 2 175 0
J N 7 33480 49 6 5185 576 1 132
K 0 0 43
K 0 14 43
K 0 14 59
K 0 0 59
K 0 -21 59
A D 4 16 0
A P 1 180 0
A P 2 169 0
H 132 S 12 0 14 0 14 0 0 0 0
J B 223 33522 1 82 6913 576 0
J N 8 33543 56 9 1 0 2 133 134
K 1 14 45
K 0 0 42
K 0 14 42
K -1 14 45
K 2 14 45
K 0 14 59
K 0 0 59
K 0 -21 59
A D 8 16 0
A P 1 175 0
A P 2 163 0
J N 8 33596 63 10 3457 1152 2 133 134
K 1 7 45
K -14 14 64
K 0 0 42
K 0 14 42
K 0 7 45
K 1 7 45
K 0 14 59
K 0 0 59
K 0 -21 59
A D 8 16 0
A P 1 169 0
A P 2 158 0
H 133 S 0 14 0 0 0 0 0 0 0
H 134 S 12 0 14 0 14 0 0 0 0
J B 224 33653 1 82 6913 1152 0
J N 7 33674 42 10 1 0 0
K 1 28 45
K 0 0 43
K 0 28 43
K -1 28 45
K 2 28 45
K 0 64 110
K 0 28 59
K 0 0 59
K 0 -21 59
A D 4 16 0
A P 1 186 0
A P 2 163 0
J R 7 33712 28 2 1729 576 0
K 0 0 48
A D 4 16 0
A P 1 0 0
J N 7 33750 28 7 3457 576 0
K 0 0 43
K 0 21 43
K 0 60 110
K 0 21 59
K 0 0 59
K 0 -14 59
A D 4 16 0
A P 1 198 0
A P 2 180 0
J R 7 33788 28 2 5185 576 0
K 0 0 48
A D 4 16 0
A P 1 0 0
J B 225 33830 1 82 6913 576 0
J N 7 33851 21 8 1 0 0
K 0 0 43
K 0 35 43
K 0 71 110
K 0 35 59
K 0 28 59
K 0 0 59
K 0 -14 59
A D 4 16 0
A P 1 203 0
A P 2 175 0
J R 7 33889 28 2 1729 576 0
K 0 0 48
A D 4 16 1
A P 1 0 1
J R 8 33927 28 2 3457 576 0
K 0 0 47
A D 8 16 0
A P 1 0 0
J B 226 33984 1 82 6913 1152 0
J N 8 34005 42 6 1 0 0
K 0 0 42
K 0 58 111
K 12 58 110
K 0 0 59
K 0 -21 59
A D 8 16 0
A P 1 186 0
J N 8 34005 42 4 1 0 0
K 0 0 42
K 0 0 60
K 0 14 60
A D 8 16 0
A P 2 186 0
J N 8 34058 28 8 3457 1152 0
K 0 0 42
K 0 21 42
K 0 68 111
K 12 68 110
K 0 21 59
K 0 0 59
K 0 -14 59
A D 8 16 0
A P 1 198 0
A P 2 180 0
J B 227 34115 1 82 6913 1152 0
J N 7 34136 21 9 1 0 0
K 0 0 43
K 0 35 43
K 0 71 111
K 12 71 110
K 0 35 59
K 0 28 59
K 0 0 59
K 0 -14 59
A D 4 16 0
A P 1 203 0
A P 2 175 0
J R 7 34174 28 2 1729 576 0
K 0 0 48
A D 4 16 1
A P 1 0 1
J R 8 34212 28 2 3457 576 0
K 0 0 47
A D 8 16 0
A P 1 0 0
J B 228 34269 1 82 6913 1152 0
J D 0 34283 0 1 1 0 0
W 0 -30 32 zu 2
J N 7 34290 -7 7 1 0 0
K 0 0 43
K 25 0 44
K 0 95 111
K 12 95 110
K 0 0 60
K 0 21 60
A D 6 16 0
A P 3 226 0
J N 6 34336 0 3 2593 864 0
K 0 0 43
K 0 0 54
A D 2 16 0
A P 3 220 0
J N 6 34365 7 2 3457 288 1 135
K 0 0 43
A D 2 16 0
A P 3 215 0
J N 6 34394 14 2 4321 288 1 135
K 0 0 43
A D 2 16 0
A P 3 209 0
J N 6 34423 21 2 5185 288 1 135
K 0 0 43
A D 2 16 0
A P 3 203 0
J N 6 34452 28 2 6049 288 1 135
K 0 0 43
A D 2 16 0
A P 3 198 0
H 135 B 1 0 108 4 2 1 1 3
J B 229 34485 1 82 6913 288 0
J N 7 34506 35 7 1 0 0
K 0 0 43
K 25 0 44
K 0 53 111
K 12 53 110
K 0 0 59
K 0 -21 59
A D 6 16 0
A P 3 192 0
J N 6 34552 42 3 2593 864 0
K 0 0 43
K 0 0 53
A D 2 16 0
A P 3 186 0
J N 6 34584 49 2 3457 288 1 136
K 0 0 43
A D 2 16 0
A P 3 180 0
J N 6 34613 56 2 4321 288 1 136
K 0 0 43
A D 2 16 0
A P 3 175 0
J N 6 34642 63 2 5185 288 1 136
K 0 0 43
A D 2 16 0
A P 3 169 0
J N 6 34671 70 5 6049 288 1 136
K 1 0 45
K 0 0 43
K -1 0 45
K 2 0 45
A D 2 16 0
A P 3 163 0
H 136 B 0 0 108 4 2 1 1 3
J B 230 34704 1 82 6913 288 0
J N 6 34725 77 5 1 0 2 138 137
K 1 -7 45
K 0 0 43
K 0 -7 45
K 1 -7 45
A D 2 16 0
A P 3 158 0
J N 6 34754 70 5 865 288 1 138
K 1 0 45
K 0 0 43
K -1 0 45
K 2 0 45
A D 2 16 0
A P 3 163 0
J N 6 34783 63 2 1729 288 1 138
K 0 0 43
A D 2 16 0
A P 3 169 0
J N 6 34812 56 2 2593 288 1 138
K 0 0 43
A D 2 16 0
A P 3 175 0
H 138 B 0 0 108 4 2 1 1 3
J N 6 34841 49 2 3457 288 1 139
K 0 0 43
A D 2 16 0
A P 3 180 0
J N 6 34870 42 2 4321 288 1 139
K 0 0 43
A D 2 16 0
A P 3 186 0
J N 6 34899 35 2 5185 288 1 139
K 0 0 43
A D 2 16 0
A P 3 192 0
J N 6 34928 28 2 6049 288 1 139
K 0 0 43
A D 2 16 0
A P 3 198 0
H 139 B 100000 0 108 4 2 1 1 3
J M 0 34957 0 0 6913 288 1 137
H 137 W 0 21 7 109 -14 109
J B 231 34961 1 82 6913 0 0
J N 7 34982 21 7 1 0 0
K 0 0 43
K 0 -14 96
K 0 85 110
K 17 85 110
K 0 0 60
K 0 21 60
A D 4 16 0
A P 3 203 0
J N 7 35020 35 7 1729 576 0
K 0 0 43
K 0 14 43
K 0 31 96
K 0 14 59
K 0 0 59
K 0 -21 59
A D 4 16 0
A P 1 192 0
A P 2 180 0
J N 7 35058 42 7 3457 576 0
K 0 0 43
K 0 14 43
K 0 31 96
K 0 14 59
K 0 0 59
K 0 -21 59
A D 4 16 0
A P 1 186 0
A P 2 175 0
J N 7 35096 28 7 5185 576 0
K 0 0 43
K 0 21 43
K 0 38 96
K 0 21 59
K 0 0 59
K 0 -14 59
A D 4 16 0
A P 1 198 0
A P 2 180 0
J B 232 35138 1 82 6913 576 0
J N 7 35159 21 7 1 0 0
K 0 0 43
K 0 35 43
K 0 35 59
K 0 28 59
K 0 0 59
K 0 -14 59
A D 4 16 0
A P 1 203 0
A P 2 175 0
J R 7 35197 28 2 1729 576 0
K 0 0 48
A D 4 16 1
A P 1 0 1
J R 8 35235 28 2 3457 576 0
K 0 0 47
A D 8 16 0
A P 1 0 0
J B 233 35292 1 82 6913 1152 0
J R 9 35313 28 2 1 10001 0
K 0 0 46
A D 16 16 0
A P 3 0 0
J B 234 35396 1 82 6913 2304 0
J R 9 35417 28 2 1 10001 0
K 0 0 46
A D 16 16 0
A P 3 0 0
J B 235 35500 1 82 6913 2304 0
J R 9 35521 28 2 1 10001 0
K 0 0 46
A D 16 16 0
A P 3 0 0
J B 236 35604 1 82 6913 2304 0
J R 9 35625 28 2 1 10001 0
K 0 0 46
A D 16 16 0
A P 3 0 0
J B 237 35708 1 82 6913 2304 0
J S 0 35729 91 108 1 0 1 140
J D 0 35717 0 1 1 0 0
W 0 -25 32 1.
J N 9 35729 -7 2 1 0 1 141
K 0 0 41
A D 16 16 1
A P 1 226 1
J B 238 35812 1 82 6913 2304 0
J N 8 35833 -7 5 1 0 2 142 141
K 0 0 42
K 25 0 44
K 0 0 60
K 0 21 60
A D 12 16 0
A P 1 226 0
H 141 T -7 0 0 0 0 0 1 0
J N 6 35901 0 2 5185 1728 1 143
K 0 0 43
A D 2 16 0
A P 1 220 0
J M 0 35930 0 0 6049 288 1 140
H 140 W 0 21 30 91 7 91
J N 6 35938 7 3 6049 0 2 143 142
K -15 0 65
K 0 0 43
A D 2 16 0
A P 1 214 0
H 143 B 1 0 108 2 2 3
H 142 S 0 0 0 0 0 0 0 0 0
J B 239 35971 1 82 6913 288 0
J G 5 35992 7 4 1 0 0
K -12 0 193
K 0 0 171
K 0 0 183
A D 0 16 0
A P 1 214 0
J N 7 36013 14 5 1 0 2 145 144
K 0 0 43
K 0 -21 96
K 0 0 60
K 0 21 60
A D 4 16 0
A P 1 209 0
J N 7 36051 14 5 1729 576 0
K 0 0 43
K 0 -21 96
K 0 0 60
K 0 21 60
A D 4 16 0
A P 1 209 0
J N 7 36089 14 5 3457 576 0
K 0 0 43
K 0 -21 96
K 0 0 60
K 0 21 60
A D 4 16 0
A P 1 209 0
J N 7 36127 14 5 5185 576 2 145 144
K 0 0 43
K 0 -21 96
K 0 0 60
K 0 21 60
A D 4 16 0
A P 1 209 0
H 144 W 21 0 7 91 14 91
H 145 S 0 0 -21 0 -21 0 0 0 0
J B 240 36169 1 82 6913 576 0
J N 9 36190 14 3 1 0 3 147 148 146
K 0 -14 41
K 0 0 41
A D 16 16 0
A P 1 220 0
A P 2 209 0
J B 241 36273 1 82 6913 2304 0
J N 9 36296 21 4 1 0 1 149
K -14 -14 64
K 0 -14 41
K 0 0 41
A D 16 16 2
A P 1 215 0
A P 2 203 1
J B 242 36379 1 82 6913 2304 0
J N 9 36400 14 2 1 0 1 147
K 0 0 41
A D 16 16 0
A P 1 209 0
H 147 S 0 0 -14 0 0 0 0 0 0
J N 8 36413 21 4 1 0 1 149
K 0 0 42
K 0 0 60
K 0 21 60
A D 8 16 0
A P 2 203 0
H 149 T 21 0 0 0 0 0 11 0
J N 8 36453 28 4 3457 1152 1 148
K 0 0 42
K 0 0 60
K 0 21 60
A D 8 16 0
A P 2 198 0
H 148 S 12 -6 0 -11 22 0 0 0 0
J I 0 36506 0 0 6049 864 1 146
H 146 W 0 21 7 105 7 105
J B 243 36510 1 82 6913 288 0
J D 0 36520 0 1 1 0 0
W 0 -14 32 zu 2
J N 8 36531 21 6 1 0 0
K 0 0 42
K 25 0 44
K 0 77 110
K 0 0 60
K 0 21 60
A D 12 16 0
A P 3 203 0
J N 6 36599 42 3 5185 1728 2 150 151
K 0 0 43
K 24 -6 44
A D 3 16 0
A P 3 186 0
J N 5 36634 28 2 6481 432 2 151 150
K 0 0 43
A D 1 16 0
A P 3 198 0
H 151 B 0 0 108 2 2 53
H 150 S 12 0 0 0 0 0 0 0 0
J B 244 36664 1 82 6913 144 0
J N 8 36685 21 7 1 0 0
K 0 0 42
K 25 0 44
K 0 70 111
K 12 70 110
K 0 0 60
K 0 21 60
A D 12 16 0
A P 3 203 0
J N 6 36753 42 3 5185 1728 2 152 153
K 0 0 43
K 24 -6 44
A D 3 16 0
A P 3 186 0
J N 5 36788 28 2 6481 432 2 153 152
K 0 0 43
A D 1 16 0
A P 3 198 0
H 153 B 0 0 108 2 2 53
H 152 S 12 0 0 0 0 0 0 0 0
J B 245 36818 1 82 6913 144 0
J N 7 36839 21 12 1 0 0
K 1 49 45
K 0 0 43
K 0 49 43
K -1 49 45
K 2 49 45
K 0 85 111
K 12 85 110
K 0 49 59
K 0 28 59
K 0 0 59
K 0 -14 59
A D 4 16 0
A P 1 203 0
A P 2 163 0
J R 7 36877 28 2 1729 576 0
K 0 0 48
A D 4 16 0
A P 1 0 0
J N 7 36915 28 9 3457 576 0
K 0 0 43
K 0 35 43
K 0 71 111
K 12 71 110
K 0 35 59
K 0 28 59
K 0 0 59
K 0 -14 59
A D 4 16 0
A P 1 198 0
A P 2 169 0
J R 7 36953 28 2 5185 576 0
K 0 0 48
A D 4 16 0
A P 1 0 0
J B 246 36995 1 82 6913 576 0
J N 7 37016 21 9 1 0 0
K 0 0 43
K 0 35 43
K 0 71 111
K 12 71 110
K 0 35 59
K 0 28 59
K 0 0 59
K 0 -14 59
A D 4 16 0
A P 1 203 0
A P 2 175 0
J R 7 37054 28 2 1729 576 0
K 0 0 48
A D 4 16 0
A P 1 0 0
J N 7 37092 21 8 3457 576 0
K 0 0 43
K 0 28 43
K 0 67 111
K 12 67 110
K 0 28 59
K 0 0 59
K 0 -14 59
A D 4 16 0
A P 1 203 0
A P 2 180 0
J R 7 37130 28 2 5185 576 0
K 0 0 48
A D 4 16 0
A P 1 0 0
J B 247 37172 1 82 6913 576 0
J R 9 37193 28 2 1 10001 0
K 0 0 46
A D 16 16 0
A P 3 0 0
J B 248 37276 1 82 6913 2304 0
J R 9 37297 28 2 1 10001 0
K 0 0 46
A D 16 16 0
A P 3 0 0
J B 249 37380 1 82 6913 2304 0
J R 9 37401 28 2 1 10001 0
K 0 0 46
A D 16 16 0
A P 3 0 0
J B 250 37484 1 82 6913 2304 0
J R 9 37505 28 2 1 10001 0
K 0 0 46
A D 16 16 0
A P 3 0 0
J B 251 37588 1 82 6913 2304 0
J N 9 37609 35 3 1 0 1 154
K 0 0 41
K 0 14 41
A D 16 16 2
A P 1 192 1
A P 2 180 0
J B 252 37692 1 82 6913 2304 0
J N 7 37719 35 4 1 0 2 155 154
K 0 0 43
K 0 0 59
K 0 -21 59
A D 4 16 0
A P 1 192 0
H 154 T 35 0 0 0 0 0 3 0
J N 7 37719 49 5 1 0 0
K -18 0 63
K 0 0 43
K 0 0 60
K 0 14 60
A D 4 16 0
A P 2 181 0
J N 7 37757 21 4 1729 576 0
K 0 0 43
K 0 0 59
K 0 -14 59
A D 4 16 0
A P 1 203 0
J N 7 37757 21 4 1729 0 0
K 0 0 43
K 0 0 60
K 0 21 60
A D 4 16 0
A P 2 203 0
J N 7 37795 35 4 3457 576 0
K 0 0 43
K 0 0 59
K 0 -21 59
A D 4 16 0
A P 1 192 0
J N 7 37795 35 4 3457 0 0
K 0 0 43
K 0 0 60
K 0 14 60
A D 4 16 0
A P 2 192 0
J N 7 37839 49 5 5185 576 1 155
K -18 0 63
K 0 0 43
K 0 0 59
K 0 -21 59
A D 4 16 0
A P 1 181 0
H 155 S 0 6 -49 6 -42 0 0 0 0
J N 7 37839 49 4 5185 0 0
K 0 0 43
K 0 0 60
K 0 14 60
A D 4 16 0
A P 2 181 0
J B 253 37881 1 82 6913 576 0
J D 0 37888 0 1 1 0 0
W 0 -16 32 zu 2
J N 8 37902 42 6 1 0 0
K 0 0 42
K 0 46 111
K 12 46 110
K 0 0 59
K 0 -21 59
A D 8 16 0
A P 3 186 0
J N 8 37955 35 6 3457 1152 0
K 0 0 42
K 0 53 111
K 12 53 110
K 0 0 59
K 0 -21 59
A D 8 16 0
A P 3 192 0
J B 254 38012 1 82 6913 1152 0
J N 8 38035 49 7 1 0 0
K -14 0 64
K 0 0 42
K 0 39 111
K 12 39 110
K 0 0 59
K 0 -21 59
A D 8 16 0
A P 3 180 0
J N 8 38088 42 6 3457 1152 0
K 0 0 42
K 0 46 111
K 12 46 110
K 0 0 59
K 0 -21 59
A D 8 16 0
A P 3 186 0
J B 255 38145 1 82 6913 1152 0
J N 7 38166 70 7 1 0 0
K 1 0 45
K 0 0 43
K -1 0 45
K 2 0 45
K 0 0 59
K 0 -21 59
A D 4 16 0
A P 3 163 0
J N 7 38204 35 7 1729 576 1 156
K 0 0 43
K 0 14 43
K 0 60 108
K 0 14 59
K 0 0 59
K 0 -21 59
A D 4 16 0
A P 1 192 0
A P 2 180 0
J N 7 38242 42 6 3457 576 0
K 0 0 43
K 0 14 43
K 0 14 59
K 0 0 59
K 0 -21 59
A D 4 16 0
A P 1 186 0
A P 2 175 0
J N 7 38280 49 6 5185 576 0
K 0 0 43
K 0 14 43
K 0 14 59
K 0 0 59
K 0 -21 59
A D 4 16 0
A P 1 180 0
A P 2 169 0
J B 256 38322 1 82 6913 576 0
J N 7 38343 56 9 1 0 0
K 1 14 45
K 0 0 43
K 0 14 43
K -1 14 45
K 2 14 45
K 0 14 59
K 0 0 59
K 0 -21 59
A D 4 16 0
A P 1 175 0
A P 2 163 0
J N 7 38381 49 6 1729 576 0
K 0 0 43
K 0 14 43
K 0 14 59
K 0 0 59
K 0 -21 59
A D 4 16 0
A P 1 180 0
A P 2 169 0
J N 7 38419 42 6 3457 576 1 156
K 0 0 43
K 0 14 43
K 0 14 59
K 0 0 59
K 0 -21 59
A D 4 16 0
A P 1 186 0
A P 2 175 0
H 156 S 12 0 21 0 21 0 0 0 0
J N 7 38457 49 8 5185 576 2 157 158
K 0 0 43
K 0 14 43
K -21 58 111
K -9 58 110
K 0 14 59
K 0 0 59
K 0 -21 59
A D 4 16 0
A P 1 180 0
A P 2 169 0
J B 257 38499 1 82 6913 576 0
J N 7 38520 56 10 1 0 2 157 158
K 1 14 45
K 0 0 43
K 0 14 43
K -1 14 45
K 2 14 45
K 0 31 96
K 0 14 59
K 0 0 59
K 0 -21 59
A D 4 16 0
A P 1 175 0
A P 2 163 0
H 157 S 0 14 0 0 0 0 0 0 0
H 158 S 12 0 14 0 28 0 0 0 0
J N 7 38558 35 6 1729 576 1 159
K 0 0 43
K 0 14 43
K 0 14 59
K 0 0 59
K 0 -21 59
A D 4 16 0
A P 1 192 0
A P 2 180 0
J N 7 38596 42 6 3457 576 0
K 0 0 43
K 0 14 43
K 0 14 59
K 0 0 59
K 0 -21 59
A D 4 16 0
A P 1 186 0
A P 2 175 0
J N 7 38634 49 6 5185 576 0
K 0 0 43
K 0 14 43
K 0 14 59
K 0 0 59
K 0 -21 59
A D 4 16 0
A P 1 180 0
A P 2 169 0
J B 258 38676 1 82 6913 576 0
J N 7 38697 56 9 1 0 0
K 1 14 45
K 0 0 43
K 0 14 43
K -1 14 45
K 2 14 45
K 0 14 59
K 0 0 59
K 0 -21 59
A D 4 16 0
A P 1 175 0
A P 2 163 0
J N 7 38735 49 6 1729 576 0
K 0 0 43
K 0 14 43
K 0 14 59
K 0 0 59
K 0 -21 59
A D 4 16 0
A P 1 180 0
A P 2 169 0
J N 7 38773 42 6 3457 576 1 159
K 0 0 43
K 0 14 43
K 0 14 59
K 0 0 59
K 0 -21 59
A D 4 16 0
A P 1 186 0
A P 2 175 0
H 159 S 12 0 21 0 21 0 0 0 0
J N 7 38811 49 8 5185 576 2 160 161
K 0 0 43
K 0 14 43
K -21 58 111
K -9 58 110
K 0 14 59
K 0 0 59
K 0 -21 59
A D 4 16 0
A P 1 180 0
A P 2 169 0
J B 259 38853 1 82 6913 576 0
J N 7 38874 56 10 1 0 2 160 161
K 1 14 45
K 0 0 43
K 0 14 43
K -1 14 45
K 2 14 45
K 0 31 96
K 0 14 59
K 0 0 59
K 0 -21 59
A D 4 16 0
A P 1 175 0
A P 2 163 0
H 160 S 0 14 0 0 0 0 0 0 0
H 161 S 12 0 14 0 28 0 0 0 0
J N 7 38912 35 6 1729 576 1 162
K 0 0 43
K 0 14 43
K 0 14 59
K 0 0 59
K 0 -21 59
A D 4 16 0
A P 1 192 0
A P 2 180 0
J N 7 38950 42 6 3457 576 0
K 0 0 43
K 0 14 43
K 0 14 59
K 0 0 59
K 0 -21 59
A D 4 16 0
A P 1 186 0
A P 2 175 0
J N 7 38988 49 8 5185 576 0
K 0 0 43
K 0 14 43
K 0 42 111
K 12 42 110
K 0 14 59
K 0 0 59
K 0 -21 59
A D 4 16 0
A P 1 180 0
A P 2 169 0
J B 260 39030 1 82 6913 576 0
J N 7 39051 56 10 1 0 1 162
K 1 14 45
K 0 0 43
K 0 14 43
K -1 14 45
K 2 14 45
K 0 31 96
K 0 14 59
K 0 0 59
K 0 -21 59
A D 4 16 0
A P 1 175 0
A P 2 163 0
H 162 S 12 0 14 0 28 0 0 0 7
J N 7 39089 35 6 1729 576 1 163
K 0 0 43
K 0 14 43
K 0 14 59
K 0 0 59
K 0 -21 59
A D 4 16 0
A P 1 192 0
A P 2 180 0
J N 7 39127 42 6 3457 576 0
K 0 0 43
K 0 14 43
K 0 14 59
K 0 0 59
K 0 -21 59
A D 4 16 0
A P 1 186 0
A P 2 175 0
J N 7 39165 49 8 5185 576 0
K 0 0 43
K 0 14 43
K 0 79 110
K 17 79 110
K 0 14 59
K 0 0 59
K 0 -21 59
A D 4 16 0
A P 1 180 0
A P 2 169 0
J B 261 39207 1 82 6913 576 0
J N 7 39228 56 9 1 0 1 163
K 1 14 45
K 0 0 43
K 0 14 43
K -1 14 45
K 2 14 45
K 0 14 59
K 0 0 59
K 0 -21 59
A D 4 16 0
A P 1 175 0
A P 2 163 0
H 163 S 12 0 14 0 14 0 0 0 0
J R 7 39266 28 2 1729 576 0
K 0 0 48
A D 4 16 1
A P 1 0 1
J R 8 39304 28 2 3457 576 0
K 0 0 47
A D 8 16 0
A P 1 0 0
J B 262 39361 1 82 6913 1152 0
J R 9 39382 28 2 1 10001 0
K 0 0 46
A D 16 16 0
A P 3 0 0
J B 263 39465 1 82 6913 2304 0
J R 8 39486 28 2 1 0 0
K 0 0 47
A D 8 16 0
A P 3 0 0
J D 0 39525 0 1 3457 1152 0
W 0 -16 32 zu 2
J N 8 39539 21 5 3457 0 1 164
K 0 0 42
K 4 65 108
K 0 0 60
K 0 21 60
A D 8 16 0
A P 3 203 0
J B 264 39596 1 82 6913 1152 0
J N 8 39617 28 5 1 0 0
K -15 0 65
K 0 0 42
K 0 0 60
K 0 21 60
A D 8 16 0
A P 3 197 0
J N 8 39670 42 4 3457 1152 1 164
K 0 0 42
K 0 0 60
K 0 14 60
A D 8 16 0
A P 3 186 0
H 164 S 0 0 0 0 0 0 0 0 0
J B 265 39727 1 82 6913 1152 0
J N 7 39748 49 4 1 0 0
K 0 0 43
K 0 0 59
K 0 -21 59
A D 4 16 0
A P 3 180 0
J R 7 39786 28 2 1729 576 0
K 0 0 48
A D 4 16 1
A P 3 0 1
J R 8 39824 28 2 3457 576 0
K 0 0 47
A D 8 16 0
A P 3 0 0
J B 266 39881 1 82 6913 1152 0
J R 9 39902 28 2 1 10001 0
K 0 0 46
A D 16 16 0
A P 3 0 0
J B 267 39985 1 82 6913 2304 0
J R 8 40006 28 2 1 0 0
K 0 0 47
A D 8 16 0
A P 3 0 0
J N 8 40059 35 5 3457 1152 1 165
K 0 0 42
K 0 51 108
K 0 0 59
K 0 -21 59
A D 8 16 0
A P 3 192 0
J B 268 40116 1 82 6913 1152 0
J N 8 40137 42 4 1 0 0
K 0 0 42
K 0 0 59
K 0 -21 59
A D 8 16 0
A P 3 186 0
J N 8 40190 56 4 3457 1152 1 165
K 0 0 42
K 0 0 59
K 0 -21 59
A D 8 16 0
A P 3 175 0
H 165 S 12 0 0 0 0 0 0 0 0
J B 269 40247 1 82 6913 1152 0
J N 7 40268 63 4 1 0 0
K 0 0 43
K 0 0 59
K 0 -21 59
A D 4 16 0
A P 3 169 0
J R 7 40306 28 2 1729 576 0
K 0 0 48
A D 4 16 1
A P 3 0 1
J R 8 40344 28 2 3457 576 0
K 0 0 47
A D 8 16 0
A P 3 0 0
J B 270 40401 1 82 6913 1152 0
J R 9 40422 28 2 1 10001 0
K 0 0 46
A D 16 16 0
A P 3 0 0
J B 271 40505 1 82 6913 2304 0
J R 8 40526 28 2 1 0 0
K 0 0 47
A D 8 16 0
A P 3 0 0
J N 8 40579 42 4 3457 1152 1 166
K 0 0 42
K 0 0 59
K 0 -21 59
A D 8 16 0
A P 3 186 0
J B 272 40636 1 82 6913 1152 0
J N 8 40657 49 4 1 0 1 167
K 0 0 42
K 0 0 59
K 0 -21 59
A D 8 16 0
A P 3 180 0
J N 8 40710 63 4 3457 1152 1 166
K 0 0 42
K 0 0 59
K 0 -21 59
A D 8 16 0
A P 3 169 0
H 166 S 12 0 0 0 0 0 0 0 0
J M 0 40763 0 0 6913 1152 1 167
H 167 W 0 21 7 117 -14 117
J B 273 40767 1 82 6913 0 0
J N 7 40788 56 12 1 0 0
K 1 14 45
K 0 0 43
K 0 14 43
K -1 14 45
K 2 14 45
K 0 31 96
K 0 58 110
K 17 58 110
K 0 14 59
K 0 0 59
K 0 -21 59
A D 4 16 0
A P 1 175 0
A P 2 163 0
J R 7 40826 28 2 1729 576 0
K 0 0 48
A D 4 16 0
A P 1 0 0
J N 7 40864 35 7 3457 576 0
K 0 0 43
K 0 14 43
K 0 31 96
K 0 14 59
K 0 0 59
K 0 -21 59
A D 4 16 0
A P 1 192 0
A P 2 180 0
J R 7 40902 28 2 5185 576 0
K 0 0 48
A D 4 16 0
A P 1 0 0
J B 274 40944 1 82 6913 576 0
J N 7 40965 42 7 1 0 0
K 0 0 43
K 0 14 43
K 0 31 96
K 0 14 59
K 0 0 59
K 0 -21 59
A D 4 16 0
A P 1 186 0
A P 2 175 0
J R 7 41003 28 2 1729 576 0
K 0 0 48
A D 4 16 0
A P 1 0 0
J N 7 41041 28 7 3457 576 0
K 0 0 43
K 0 21 43
K 0 38 96
K 0 21 59
K 0 0 59
K 0 -14 59
A D 4 16 0
A P 1 198 0
A P 2 180 0
J R 7 41079 28 2 5185 576 0
K 0 0 48
A D 4 16 0
A P 1 0 0
J B 275 41121 1 82 6913 576 0
J N 7 41142 21 8 1 0 0
K 0 0 43
K 0 35 43
K 0 52 96
K 0 35 59
K 0 28 59
K 0 0 59
K 0 -14 59
A D 4 16 0
A P 1 203 0
A P 2 175 0
J R 7 41180 28 2 1729 576 0
K 0 0 48
A D 4 16 0
A P 1 0 0
J N 7 41218 21 7 3457 576 0
K 0 0 43
K 0 14 43
K 0 28 96
K 0 14 59
K 0 0 59
K 0 -14 59
A D 4 16 0
A P 1 203 0
A P 2 192 0
J R 7 41256 28 2 5185 576 0
K 0 0 48
A D 4 16 0
A P 1 0 0
J B 276 41298 1 82 6913 576 0
J N 7 41319 42 7 1 0 0
K 0 0 43
K 0 14 43
K 0 31 96
K 0 14 59
K 0 0 59
K 0 -21 59
A D 4 16 0
A P 1 186 0
A P 2 175 0
J R 7 41357 28 2 1729 576 0
K 0 0 48
A D 4 16 0
A P 1 0 0
J N 7 41395 28 7 3457 576 0
K 0 0 43
K 0 21 43
K 0 38 96
K 0 21 59
K 0 0 59
K 0 -14 59
A D 4 16 0
A P 1 198 0
A P 2 180 0
J R 7 41433 28 2 5185 576 0
K 0 0 48
A D 4 16 0
A P 1 0 0
J B 277 41475 1 82 6913 576 0
J N 7 41496 21 8 1 0 0
K 0 0 43
K 0 35 43
K 0 52 96
K 0 35 59
K 0 28 59
K 0 0 59
K 0 -14 59
A D 4 16 0
A P 1 203 0
A P 2 175 0
J R 7 41534 28 2 1729 576 0
K 0 0 48
A D 4 16 0
A P 1 0 0
J N 7 41572 21 7 3457 576 0
K 0 0 43
K 0 14 43
K 0 28 96
K 0 14 59
K 0 0 59
K 0 -14 59
A D 4 16 0
A P 1 203 0
A P 2 192 0
J R 7 41610 28 2 5185 576 0
K 0 0 48
A D 4 16 0
A P 1 0 0
J B 278 41652 1 82 6913 576 0
J N 7 41673 21 8 1 0 0
K 0 0 43
K 0 35 43
K 0 52 96
K 0 35 59
K 0 28 59
K 0 0 59
K 0 -14 59
A D 4 16 0
A P 1 203 0
A P 2 175 0
J R 7 41711 28 2 1729 576 0
K 0 0 48
A D 4 16 0
A P 1 0 0
J N 7 41749 28 7 3457 576 0
K 0 0 43
K 0 21 43
K 0 38 96
K 0 21 59
K 0 0 59
K 0 -14 59
A D 4 16 0
A P 1 198 0
A P 2 180 0
J R 7 41787 28 2 5185 576 0
K 0 0 48
A D 4 16 0
A P 1 0 0
J B 279 41829 1 82 6913 576 0
J N 9 41850 21 5 1 0 2 168 169
K 0 0 41
K 0 35 41
K 0 85 110
K 17 85 110
A D 16 16 1
A P 1 203 1
A P 2 175 1
J B 280 41933 1 82 6913 2304 0
J N 9 41954 21 3 1 0 4 170 171 168 169
K 0 0 41
K 0 35 41
A D 16 16 1
A P 1 203 1
A P 2 175 1
H 168 T 21 0 0 0 0 0 3 0
H 169 T 56 0 0 0 0 0 13 0
J B 281 42037 1 82 6913 2304 0
J N 9 42058 21 3 1 0 4 172 173 170 171
K 0 0 41
K 0 35 41
A D 16 16 1
A P 1 203 1
A P 2 175 1
H 170 T 21 0 0 0 0 0 3 0
H 171 T 56 0 0 0 0 0 13 0
J B 282 42141 1 82 6913 2304 0
J N 7 42162 21 7 1 0 2 172 173
K 0 0 43
K 0 35 43
K 0 35 59
K 0 28 59
K 0 0 59
K 0 -14 59
A D 4 16 0
A P 1 203 0
A P 2 175 0
H 172 T 21 0 0 0 0 0 3 0
H 173 T 56 0 0 0 0 0 13 0
J N 7 42200 56 10 1729 576 0
K 1 14 45
K 0 0 43
K 0 14 43
K -1 14 45
K 2 14 45
K 0 31 96
K 0 14 59
K 0 0 59
K 0 -21 59
A D 4 16 0
A P 1 175 0
A P 2 163 0
J N 7 42238 42 7 3457 576 0
K 0 0 43
K 0 14 43
K 0 31 96
K 0 14 59
K 0 0 59
K 0 -21 59
A D 4 16 0
A P 1 186 0
A P 2 175 0
J N 7 42276 21 7 5185 576 0
K 0 0 43
K 0 21 43
K 0 42 96
K 0 21 59
K 0 0 59
K 0 -14 59
A D 4 16 0
A P 1 203 0
A P 2 186 0
J B 283 42318 1 82 6913 576 0
J N 9 42339 21 5 1 0 2 174 175
K 0 -14 41
K 0 0 41
K 0 67 111
K 12 67 110
A D 16 16 1
A P 1 215 1
A P 2 203 1
J B 284 42422 1 82 6913 2304 0
J N 9 42443 21 3 1 0 4 176 177 174 175
K 0 -14 41
K 0 0 41
A D 16 16 1
A P 1 215 1
A P 2 203 1
H 174 T 7 0 0 0 0 0 1 0
H 175 T 21 0 0 0 0 0 11 0
J B 285 42526 1 82 6913 2304 0
J N 9 42547 21 3 1 0 5 179 180 176 177 178
K 0 -14 41
K 0 0 41
A D 16 16 1
A P 1 215 1
A P 2 203 1
H 176 T 7 0 0 0 0 0 1 0
H 177 T 21 0 0 0 0 0 11 0
J M 0 42626 0 0 6913 2304 1 178
H 178 W 0 21 7 91 -14 91
J B 286 42630 1 82 6913 0 0
J N 7 42651 21 6 1 0 2 179 180
K 0 -14 43
K 0 0 43
K 0 -14 60
K 0 0 60
K 0 21 60
A D 4 16 0
A P 1 215 0
A P 2 203 0
H 179 T 7 0 0 0 0 0 1 0
H 180 T 21 0 0 0 0 0 11 0
J N 7 42689 42 7 1729 576 0
K 0 0 43
K 0 14 43
K 0 31 96
K 0 14 59
K 0 0 59
K 0 -21 59
A D 4 16 0
A P 1 186 0
A P 2 175 0
J N 7 42727 21 7 3457 576 0
K 0 0 43
K 0 21 43
K 0 42 96
K 0 21 59
K 0 0 59
K 0 -14 59
A D 4 16 0
A P 1 203 0
A P 2 186 0
J N 7 42765 21 7 5185 576 0
K 0 -14 43
K 0 0 43
K 0 -31 96
K 0 -14 60
K 0 0 60
K 0 21 60
A D 4 16 0
A P 1 215 0
A P 2 203 0
J B 287 42807 1 82 6913 576 0
J N 9 42828 7 5 1 0 2 181 182
K 0 -14 41
K 0 0 41
K 0 81 111
K 12 81 110
A D 16 16 1
A P 1 226 1
A P 2 215 1
J B 288 42911 1 82 6913 2304 0
J N 9 42932 7 3 1 0 4 183 184 181 182
K 0 -14 41
K 0 0 41
A D 16 16 1
A P 1 226 1
A P 2 215 1
H 181 T -7 0 0 0 0 0 1 0
H 182 T 7 0 0 0 0 0 11 0
J B 289 43015 1 82 6913 2304 0
J N 9 43036 7 3 1 0 5 186 187 183 184 185
K 0 -14 41
K 0 0 41
A D 16 16 1
A P 1 226 1
A P 2 215 1
H 183 T -7 0 0 0 0 0 1 0
H 184 T 7 0 0 0 0 0 11 0
J M 0 43115 0 0 6913 2304 1 185
H 185 W 0 21 7 91 -14 91
J B 290 43119 1 82 6913 0 0
J N 7 43140 7 6 1 0 2 186 187
K 0 -14 43
K 0 0 43
K 0 -14 60
K 0 0 60
K 0 21 60
A D 4 16 0
A P 1 226 0
A P 2 215 0
H 186 T -7 0 0 0 0 0 1 0
H 187 T 7 0 0 0 0 0 11 0
J D 0 43178 0 1 1729 576 0
W 0 -22 32 zu 2
J N 7 43178 42 5 1729 0 0
K 0 0 43
K 0 21 96
K 0 0 59
K 0 -21 59
A D 4 16 0
A P 3 186 0
J N 7 43216 21 5 3457 576 0
K 0 0 43
K 0 -14 96
K 0 0 60
K 0 21 60
A D 4 16 0
A P 3 203 0
J N 7 43254 7 5 5185 576 0
K 0 0 43
K 0 -17 96
K 0 0 60
K 0 21 60
A D 4 16 0
A P 3 215 0
J B 291 43296 1 82 6913 576 0
J N 7 43317 -7 7 1 0 0
K 0 0 43
K 0 -17 96
K 0 92 110
K 17 92 110
K 0 0 60
K 0 21 60
A D 4 16 0
A P 3 226 0
J N 7 43355 7 5 1729 576 0
K 0 0 43
K 0 -17 96
K 0 0 60
K 0 21 60
A D 4 16 0
A P 3 215 0
J N 7 43393 21 5 3457 576 0
K 0 0 43
K 0 -14 96
K 0 0 60
K 0 21 60
A D 4 16 0
A P 3 203 0
J N 7 43431 42 5 5185 576 0
K 0 0 43
K 0 21 96
K 0 0 59
K 0 -21 59
A D 4 16 0
A P 3 186 0
J B 292 43473 1 82 6913 576 0
J N 7 43494 7 5 1 0 0
K 0 0 43
K 0 -17 96
K 0 0 60
K 0 21 60
A D 4 16 0
A P 3 215 0
J N 7 43532 21 5 1729 576 0
K 0 0 43
K 0 -14 96
K 0 0 60
K 0 21 60
A D 4 16 0
A P 3 203 0
J N 7 43570 42 5 3457 576 0
K 0 0 43
K 0 21 96
K 0 0 59
K 0 -21 59
A D 4 16 0
A P 3 186 0
J N 7 43608 56 5 5185 576 0
K 0 0 43
K 0 17 96
K 0 0 59
K 0 -21 59
A D 4 16 0
A P 3 175 0
J B 293 43650 1 82 6913 576 0
J N 7 43671 70 8 1 0 0
K 1 0 45
K 0 0 43
K -1 0 45
K 2 0 45
K 0 17 96
K 0 0 59
K 0 -21 59
A D 4 16 0
A P 3 163 0
J N 7 43709 -7 5 1729 576 0
K 0 0 43
K 0 -17 96
K 0 0 60
K 0 21 60
A D 4 16 0
A P 3 226 0
J N 7 43747 7 5 3457 576 0
K 0 0 43
K 0 -17 96
K 0 0 60
K 0 21 60
A D 4 16 0
A P 3 215 0
J N 7 43785 21 5 5185 576 0
K 0 0 43
K 0 -14 96
K 0 0 60
K 0 21 60
A D 4 16 0
A P 3 203 0
J B 294 43827 1 82 6913 576 0
J N 7 43848 42 5 1 0 0
K 0 0 43
K 0 21 96
K 0 0 59
K 0 -21 59
A D 4 16 0
A P 3 186 0
J N 7 43886 21 5 1729 576 0
K 0 0 43
K 0 -14 96
K 0 0 60
K 0 21 60
A D 4 16 0
A P 3 203 0
J N 7 43924 42 5 3457 576 0
K 0 0 43
K 0 21 96
K 0 0 59
K 0 -21 59
A D 4 16 0
A P 3 186 0
J N 7 43962 56 5 5185 576 0
K 0 0 43
K 0 17 96
K 0 0 59
K 0 -21 59
A D 4 16 0
A P 3 175 0
J B 295 44004 1 82 6913 576 0
J N 7 44025 70 7 1 0 0
K 1 0 45
K 0 0 43
K -1 0 45
K 2 0 45
K 0 0 59
K 0 -21 59
A D 4 16 0
A P 3 163 0
J R 7 44063 28 2 1729 576 0
K 0 0 48
A D 4 16 1
A P 3 0 1
J R 8 44101 28 2 3457 576 0
K 0 0 47
A D 8 16 0
A P 3 0 0
J B 296 44158 1 82 6913 1152 0
J N 7 44179 21 7 1 0 0
K 0 0 43
K 0 35 43
K 0 35 59
K 0 28 59
K 0 0 59
K 0 -14 59
A D 4 16 0
A P 1 203 0
A P 2 175 0
J R 7 44217 28 2 1729 576 0
K 0 0 48
A D 4 16 1
A P 1 0 1
J R 8 44255 28 2 3457 576 0
K 0 0 47
A D 8 16 0
A P 1 0 0
J B 297 44312 1 82 6913 1152 0
J N 7 44333 21 7 1 0 0
K 0 0 43
K 0 35 43
K 0 35 59
K 0 28 59
K 0 0 59
K 0 -14 59
A D 4 16 0
A P 1 203 0
A P 2 175 0
J R 7 44371 28 2 1729 576 0
K 0 0 48
A D 4 16 1
A P 1 0 1
J R 8 44409 28 2 3457 576 0
K 0 0 47
A D 8 16 0
A P 1 0 0
J B 298 44466 1 82 6913 1152 0
J N 7 44487 21 7 1 0 0
K 0 0 43
K 0 35 43
K 0 35 59
K 0 28 59
K 0 0 59
K 0 -14 59
A D 4 16 0
A P 1 203 0
A P 2 175 0
J R 7 44525 28 2 1729 576 0
K 0 0 48
A D 4 16 0
A P 1 0 0
J N 7 44563 21 7 3457 576 0
K 0 0 43
K 0 35 43
K 0 35 59
K 0 28 59
K 0 0 59
K 0 -14 59
A D 4 16 0
A P 1 203 0
A P 2 175 0
J R 7 44601 28 2 5185 576 0
K 0 0 48
A D 4 16 0
A P 1 0 0
J B 299 44643 1 82 6913 576 0
J N 7 44664 21 7 1 0 0
K 0 0 43
K 0 35 43
K 0 35 59
K 0 28 59
K 0 0 59
K 0 -14 59
A D 4 16 0
A P 1 203 0
A P 2 175 0
J R 7 44702 28 2 1729 576 0
K 0 0 48
A D 4 16 1
A P 1 0 1
J R 8 44740 28 2 3457 576 0
K 0 0 47
A D 8 16 0
A P 1 0 0
J B 300 44797 1 82 6913 1152 0
J R 9 44818 28 2 1 10001 0
K 0 0 46
A D 16 16 0
A P 3 0 0
J B 0 44914 6 2 6913 2304 0
K -13 0 82
K -6 0 84
J M 0 44914 0 0 10000 0 0
