S 0 200 140 2050 1588 12 "[(....)][({..}.)](.)[({..}..)]"
L 0 0 -98 315 315 * 0 14 0
J D 0 -108 42 1 6913 0 0
W 0 0 31 Fl 1-2
J C 4 5 42 2 6913 0 0
K 0 0 33
K 0 0 34
J K 1 57 0 1 6913 0 0
K 0 0 63
J D 0 40 -14 1 6913 0 0
W 0 0 37 \07\03\00
J R 9 152 28 2 1 10000 0
K 0 0 46
A D 6 8 0
A P 3 0 0
J B 731 238 1 82 6913 1728 0
J D 0 244 0 1 1 0 0
W 0 -56 32 1.
J N 7 265 -42 12 1 0 0
K 0 28 45
K 0 14 45
K 0 0 45
K 0 0 43
K -1 0 45
K 2 0 45
K 24 -6 44
K 0 123 108
K 0 0 60
K 0 28 60
K 0 42 60
A D 3 8 0
A P 1 255 0
J N 6 319 7 3 3457 864 0
K 0 0 43
K 0 0 54
A D 1 8 0
A P 1 215 0
J N 7 356 7 4 4609 288 0
K 0 0 43
K 0 0 60
K 0 21 60
A D 2 8 0
A P 1 215 0
J B 732 397 1 82 6913 576 0
J N 7 418 -14 7 1 0 0
K 0 0 45
K 0 0 43
K -1 0 45
K 2 0 45
K 0 0 60
K 0 21 60
A D 2 8 0
A P 1 232 0
J N 7 463 -21 7 2305 576 0
K 0 7 45
K 0 0 43
K 0 7 45
K 1 7 45
K 0 0 60
K 0 21 60
A D 2 8 0
A P 1 238 0
J N 7 500 -28 8 4609 576 0
K 0 14 45
K 0 0 45
K 0 0 43
K -1 0 45
K 2 0 45
K 0 0 60
K 0 28 60
A D 2 8 0
A P 1 243 0
J B 733 541 1 82 6913 576 0
J N 7 568 -21 7 1 0 0
K 0 7 45
K 0 0 43
K 0 7 45
K 1 7 45
K 0 0 60
K 0 21 60
A D 2 8 0
A P 1 238 0
J N 7 605 -28 8 2305 576 0
K 0 14 45
K 0 0 45
K 0 0 43
K -1 0 45
K 2 0 45
K 0 0 60
K 0 28 60
A D 2 8 0
A P 1 243 0
J N 7 650 -35 9 4609 576 0
K 0 21 45
K 0 7 45
K 0 0 43
K 0 7 45
K 1 7 45
K 0 0 60
K 0 28 60
K 0 35 60
A D 2 8 0
A P 1 249 0
J B 734 690 1 82 6913 576 0
J N 7 711 -28 8 1 0 0
K 0 14 45
K 0 0 45
K 0 0 43
K -1 0 45
K 2 0 45
K 0 0 60
K 0 28 60
A D 2 8 0
A P 1 243 0
J N 7 750 -42 10 2305 576 0
K 0 28 45
K 0 14 45
K 0 0 45
K 0 0 43
K -1 0 45
K 2 0 45
K 0 0 60
K 0 28 60
K 0 42 60
A D 2 8 0
A P 1 255 0
J N 7 806 -42 10 4609 576 0
K 0 28 45
K 0 14 45
K 0 0 45
K 0 0 43
K -1 0 45
K 2 0 45
K 0 0 60
K 0 28 60
K 0 42 60
A D 2 8 0
A P 1 255 0
J B 735 846 1 82 6913 576 0
J N 7 867 -42 10 1 0 0
K 0 28 45
K 0 14 45
K 0 0 45
K 0 0 43
K -1 0 45
K 2 0 45
K 0 0 60
K 0 28 60
K 0 42 60
A D 2 8 0
A P 1 255 0
J N 7 911 -35 9 2305 576 0
K 0 21 45
K 0 7 45
K 0 0 43
K 0 7 45
K 1 7 45
K 0 0 60
K 0 28 60
K 0 35 60
A D 2 8 0
A P 1 249 0
J N 7 947 -28 8 4609 576 0
K 0 14 45
K 0 0 45
K 0 0 43
K -1 0 45
K 2 0 45
K 0 0 60
K 0 28 60
A D 2 8 0
A P 1 243 0
J B 736 987 1 82 6913 576 0
J N 7 1014 -35 9 1 0 0
K 0 21 45
K 0 7 45
K 0 0 43
K 0 7 45
K 1 7 45
K 0 0 60
K 0 28 60
K 0 35 60
A D 2 8 0
A P 1 249 0
J N 7 1050 -28 8 2305 576 0
K 0 14 45
K 0 0 45
K 0 0 43
K -1 0 45
K 2 0 45
K 0 0 60
K 0 28 60
A D 2 8 0
A P 1 243 0
J N 7 1094 -21 7 4609 576 0
K 0 7 45
K 0 0 43
K 0 7 45
K 1 7 45
K 0 0 60
K 0 21 60
A D 2 8 0
A P 1 238 0
J B 737 1134 1 82 6913 576 0
J N 7 1155 -42 11 1 0 0
K 0 28 45
K 0 14 45
K 0 0 45
K 0 0 43
K -1 0 45
K 2 0 45
K 24 -6 44
K 0 0 60
K 0 28 60
K 0 42 60
A D 3 8 0
A P 1 255 0
J N 6 1208 7 3 3457 864 0
K 0 0 43
K 0 0 54
A D 1 8 0
A P 1 215 0
J N 7 1245 7 4 4609 288 0
K 0 0 43
K 0 0 60
K 0 21 60
A D 2 8 0
A P 1 215 0
J B 738 1285 1 82 6913 576 0
J N 7 1306 -14 7 1 0 0
K 0 0 45
K 0 0 43
K -1 0 45
K 2 0 45
K 0 0 60
K 0 21 60
A D 2 8 0
A P 1 232 0
J N 7 1350 -21 7 2305 576 0
K 0 7 45
K 0 0 43
K 0 7 45
K 1 7 45
K 0 0 60
K 0 21 60
A D 2 8 0
A P 1 238 0
J N 7 1386 -28 8 4609 576 0
K 0 14 45
K 0 0 45
K 0 0 43
K -1 0 45
K 2 0 45
K 0 0 60
K 0 28 60
A D 2 8 0
A P 1 243 0
J B 739 1426 1 82 6913 576 0
J N 7 1453 -21 7 1 0 0
K 0 7 45
K 0 0 43
K 0 7 45
K 1 7 45
K 0 0 60
K 0 21 60
A D 2 8 0
A P 1 238 0
J N 7 1489 -28 8 2305 576 0
K 0 14 45
K 0 0 45
K 0 0 43
K -1 0 45
K 2 0 45
K 0 0 60
K 0 28 60
A D 2 8 0
A P 1 243 0
J N 7 1533 -35 9 4609 576 0
K 0 21 45
K 0 7 45
K 0 0 43
K 0 7 45
K 1 7 45
K 0 0 60
K 0 28 60
K 0 35 60
A D 2 8 0
A P 1 249 0
J B 740 1573 1 82 6913 576 0
J R 9 1634 28 2 1 10000 0
K 0 0 46
A D 6 8 0
A P 3 0 0
J B 741 1723 5 2 6913 1728 0
K -8 0 82
K 0 0 82
J K -1 1744 0 2 6913 0 0
K 0 0 64
K 13 28 65
J N 7 1786 -14 8 1 0 0
K 0 0 45
K 0 0 43
K -1 0 45
K 2 0 45
K 0 95 108
K 0 0 60
K 0 21 60
A D 2 8 0
A P 1 232 0
J N 7 1841 -21 8 2305 576 0
K 0 7 45
K -15 0 65
K 0 0 43
K 0 7 45
K 1 7 45
K 0 0 60
K 0 21 60
A D 2 8 0
A P 1 237 0
J N 7 1877 -28 8 4609 576 0
K 0 14 45
K 0 0 45
K 0 0 43
K -1 0 45
K 2 0 45
K 0 0 60
K 0 28 60
A D 2 8 0
A P 1 243 0
J B 742 1917 1 82 6913 576 0
J N 7 1938 -21 7 1 0 0
K 0 7 45
K 0 0 43
K 0 7 45
K 1 7 45
K 0 0 60
K 0 21 60
A D 2 8 0
A P 1 237 0
J N 7 1974 -28 8 2305 576 0
K 0 14 45
K 0 0 45
K 0 0 43
K -1 0 45
K 2 0 45
K 0 0 60
K 0 28 60
A D 2 8 0
A P 1 243 0
J N 7 2010 -35 9 4609 576 0
K 0 21 45
K 0 7 45
K 0 0 43
K 0 7 45
K 1 7 45
K 0 0 60
K 0 28 60
K 0 35 60
A D 2 8 0
A P 1 249 0
J B 743 2050 1 82 6913 576 0
E *
L 132 0 -98 315 315 * 0 14 0
J D 0 -119 42 1 6913 0 0
W 0 0 31 Ob 1-2
J C 4 5 42 2 6913 0 0
K 0 0 33
K 0 0 34
J K 1 57 0 1 6913 0 0
K 0 0 63
J D 0 40 -14 1 6913 0 0
W 0 0 0 \07\03\00
J N 7 115 0 9 1 0 0
K 0 -14 45
K 0 -14 43
K -1 -14 45
K 2 -14 45
K 0 0 43
K 0 -14 60
K 0 0 60
K 0 21 60
A D 2 8 0
A P 1 232 0
A P 2 221 0
J N 7 152 7 6 2305 576 0
K 0 -14 43
K 0 0 43
K 0 -14 60
K 0 0 60
K 0 21 60
A D 2 8 0
A P 1 226 0
A P 2 215 0
J N 7 197 14 7 4609 576 0
K -18 0 63
K 0 -14 43
K 0 0 43
K 0 -14 60
K 0 0 60
K 0 21 60
A D 2 8 0
A P 1 221 0
A P 2 210 0
J B 731 238 1 82 6913 576 0
J D 0 251 0 1 1 0 0
W 0 -21 32 1.
J N 7 265 7 5 1 0 0
K 0 0 43
K 25 0 44
K 0 0 60
K 0 21 60
A D 3 8 0
A P 1 215 0
J N 6 319 56 3 3457 864 0
K 0 0 43
K 0 0 53
A D 1 8 0
A P 1 175 0
J N 7 356 56 4 4609 288 0
K 0 0 43
K 0 0 59
K 0 -21 59
A D 2 8 0
A P 1 175 0
J B 732 397 1 82 6913 576 0
J N 7 418 7 4 1 0 0
K 0 0 43
K 0 0 60
K 0 21 60
A D 2 8 0
A P 1 215 0
J N 7 463 -7 5 2305 576 0
K -18 0 63
K 0 0 43
K 0 0 60
K 0 21 60
A D 2 8 0
A P 1 227 0
J N 7 500 -14 7 4609 576 0
K 0 0 45
K 0 0 43
K -1 0 45
K 2 0 45
K 0 0 60
K 0 21 60
A D 2 8 0
A P 1 232 0
J B 733 541 1 82 6913 576 0
J N 7 568 -7 5 1 0 0
K -18 0 63
K 0 0 43
K 0 0 60
K 0 21 60
A D 2 8 0
A P 1 227 0
J N 7 605 -14 7 2305 576 0
K 0 0 45
K 0 0 43
K -1 0 45
K 2 0 45
K 0 0 60
K 0 21 60
A D 2 8 0
A P 1 232 0
J N 7 650 -21 7 4609 576 0
K 0 7 45
K 0 0 43
K 0 7 45
K 1 7 45
K 0 0 60
K 0 21 60
A D 2 8 0
A P 1 238 0
J B 734 690 1 82 6913 576 0
J N 7 711 -14 7 1 0 0
K 0 0 45
K 0 0 43
K -1 0 45
K 2 0 45
K 0 0 60
K 0 21 60
A D 2 8 0
A P 1 232 0
J N 7 750 -28 8 2305 576 0
K 0 14 45
K 0 0 45
K 0 0 43
K -1 0 45
K 2 0 45
K 0 0 60
K 0 28 60
A D 2 8 0
A P 1 243 0
J N 7 806 -28 8 4609 576 0
K 0 14 45
K 0 0 45
K 0 0 43
K -1 0 45
K 2 0 45
K 0 0 60
K 0 28 60
A D 2 8 0
A P 1 243 0
J B 735 846 1 82 6913 576 0
J N 7 867 -28 8 1 0 0
K 0 14 45
K 0 0 45
K 0 0 43
K -1 0 45
K 2 0 45
K 0 0 60
K 0 28 60
A D 2 8 0
A P 1 243 0
J N 7 911 -21 7 2305 576 0
K 0 7 45
K 0 0 43
K 0 7 45
K 1 7 45
K 0 0 60
K 0 21 60
A D 2 8 0
A P 1 238 0
J N 7 947 -14 7 4609 576 0
K 0 0 45
K 0 0 43
K -1 0 45
K 2 0 45
K 0 0 60
K 0 21 60
A D 2 8 0
A P 1 232 0
J B 736 987 1 82 6913 576 0
J N 7 1014 -21 7 1 0 0
K 0 7 45
K 0 0 43
K 0 7 45
K 1 7 45
K 0 0 60
K 0 21 60
A D 2 8 0
A P 1 238 0
J N 7 1050 -14 7 2305 576 0
K 0 0 45
K 0 0 43
K -1 0 45
K 2 0 45
K 0 0 60
K 0 21 60
A D 2 8 0
A P 1 232 0
J N 7 1094 -7 5 4609 576 0
K -18 0 63
K 0 0 43
K 0 0 60
K 0 21 60
A D 2 8 0
A P 1 227 0
J B 737 1134 1 82 6913 576 0
J N 7 1155 7 5 1 0 0
K 0 0 43
K 25 0 44
K 0 0 60
K 0 21 60
A D 3 8 0
A P 1 215 0
J N 6 1208 56 3 3457 864 0
K 0 0 43
K 0 0 53
A D 1 8 0
A P 1 175 0
J N 7 1245 56 4 4609 288 0
K 0 0 43
K 0 0 59
K 0 -21 59
A D 2 8 0
A P 1 175 0
J B 738 1285 1 82 6913 576 0
J N 7 1306 7 4 1 0 0
K 0 0 43
K 0 0 60
K 0 21 60
A D 2 8 0
A P 1 215 0
J N 7 1350 -7 5 2305 576 0
K -18 0 63
K 0 0 43
K 0 0 60
K 0 21 60
A D 2 8 0
A P 1 227 0
J N 7 1386 -14 7 4609 576 0
K 0 0 45
K 0 0 43
K -1 0 45
K 2 0 45
K 0 0 60
K 0 21 60
A D 2 8 0
A P 1 232 0
J B 739 1426 1 82 6913 576 0
J N 7 1453 -7 5 1 0 0
K -18 0 63
K 0 0 43
K 0 0 60
K 0 21 60
A D 2 8 0
A P 1 227 0
J N 7 1489 -14 7 2305 576 0
K 0 0 45
K 0 0 43
K -1 0 45
K 2 0 45
K 0 0 60
K 0 21 60
A D 2 8 0
A P 1 232 0
J N 7 1533 -21 7 4609 576 0
K 0 7 45
K 0 0 43
K 0 7 45
K 1 7 45
K 0 0 60
K 0 21 60
A D 2 8 0
A P 1 238 0
J B 740 1573 1 82 6913 576 0
J R 9 1634 28 2 1 10000 0
K 0 0 46
A D 6 8 0
A P 3 0 0
J B 741 1723 5 2 6913 1728 0
K -8 0 82
K 0 0 82
J K -1 1744 0 2 6913 0 0
K 0 0 64
K 13 28 65
J N 7 1786 0 5 1 0 0
K 0 0 43
K 0 79 108
K 0 0 60
K 0 21 60
A D 2 8 0
A P 1 220 0
J N 7 1841 -7 5 2305 576 0
K -14 0 64
K 0 0 43
K 0 0 60
K 0 21 60
A D 2 8 0
A P 1 226 0
J N 7 1877 -14 7 4609 576 0
K 0 0 45
K 0 0 43
K -1 0 45
K 2 0 45
K 0 0 60
K 0 21 60
A D 2 8 0
A P 1 232 0
J B 742 1917 1 82 6913 576 0
J N 7 1938 -7 4 1 0 0
K 0 0 43
K 0 0 60
K 0 21 60
A D 2 8 0
A P 1 226 0
J N 7 1974 -14 7 2305 576 0
K 0 0 45
K 0 0 43
K -1 0 45
K 2 0 45
K 0 0 60
K 0 21 60
A D 2 8 0
A P 1 232 0
J N 7 2010 -21 7 4609 576 0
K 0 7 45
K 0 0 43
K 0 7 45
K 1 7 45
K 0 0 60
K 0 21 60
A D 2 8 0
A P 1 237 0
J B 743 2050 1 82 6913 576 0
E *
L 264 0 -98 315 315 * 0 14 0
J D 0 -110 42 1 6913 0 0
W 0 -21 31 Cl 1-2
J D 0 -110 42 1 6913 0 0
W 0 21 31 (C)
J C 4 5 42 2 6913 0 0
K 0 0 33
K 0 0 34
J K 1 57 0 1 6913 0 0
K 0 0 63
J D 0 40 -14 1 6913 0 0
W 0 0 0 \07\03\00
J N 7 115 35 6 1 0 0
K 0 0 43
K 0 14 43
K 0 14 59
K 0 0 59
K 0 -21 59
A D 2 8 0
A P 1 192 0
A P 2 181 0
J N 7 152 42 6 2305 576 0
K 0 0 43
K 0 14 43
K 0 14 59
K 0 0 59
K 0 -21 59
A D 2 8 0
A P 1 186 0
A P 2 175 0
J N 7 197 49 7 4609 576 0
K -18 14 63
K 0 0 43
K 0 14 43
K 0 14 59
K 0 0 59
K 0 -21 59
A D 2 8 0
A P 1 181 0
A P 2 170 0
J B 731 238 1 82 6913 576 0
J N 7 265 42 7 1 0 0
K -18 0 63
K 0 0 43
K 0 14 43
K 0 14 59
K 0 0 59
K 0 -21 59
A D 2 8 0
A P 1 187 0
A P 2 175 0
J N 7 302 7 7 2305 576 0
K 0 0 43
K 0 49 43
K 0 49 59
K 0 21 59
K 0 0 59
K 0 -14 59
A D 2 8 0
A P 1 215 0
A P 2 175 0
J N 7 356 7 7 4609 576 0
K 0 0 43
K 0 49 43
K 0 49 59
K 0 21 59
K 0 0 59
K 0 -14 59
A D 2 8 0
A P 1 215 0
A P 2 175 0
J B 732 397 1 82 6913 576 0
J N 7 418 21 6 1 0 0
K 0 -14 43
K 0 0 43
K 0 -14 60
K 0 0 60
K 0 21 60
A D 2 8 0
A P 1 215 0
A P 2 203 0
J N 7 463 28 6 2305 576 0
K 0 -14 43
K 0 0 43
K 0 -14 60
K 0 0 60
K 0 21 60
A D 2 8 0
A P 1 209 0
A P 2 198 0
J N 7 500 35 6 4609 576 0
K 0 -14 43
K 0 0 43
K 0 -14 60
K 0 0 60
K 0 14 60
A D 2 8 0
A P 1 203 0
A P 2 192 0
J B 733 541 1 82 6913 576 0
J N 7 568 28 6 1 0 0
K 0 -14 43
K 0 0 43
K 0 -14 60
K 0 0 60
K 0 21 60
A D 2 8 0
A P 1 209 0
A P 2 198 0
J N 7 605 35 6 2305 576 0
K 0 -14 43
K 0 0 43
K 0 -14 60
K 0 0 60
K 0 14 60
A D 2 8 0
A P 1 203 0
A P 2 192 0
J N 7 650 28 7 4609 576 0
K -18 14 63
K 0 0 43
K 0 14 43
K 0 14 59
K 0 0 59
K 0 -14 59
A D 2 8 0
A P 1 198 0
A P 2 187 0
J B 734 690 1 82 6913 576 0
J N 7 711 7 5 1 0 0
K 0 0 43
K 25 0 44
K 0 0 59
K 0 -14 59
A D 3 8 0
A P 1 215 0
J R 7 711 70 2 1 0 0
K 0 0 48
A D 2 8 1
A P 2 0 1
J R 7 750 70 2 2305 576 0
K 0 0 48
A D 2 8 0
A P 2 0 0
J N 6 772 56 3 3457 288 0
K 0 0 43
K 0 0 53
A D 1 8 0
A P 1 175 0
J N 7 806 56 4 4609 288 0
K 0 0 43
K 0 0 59
K 0 -21 59
A D 2 8 0
A P 1 175 0
J N 7 806 56 4 4609 0 0
K 0 0 43
K 0 0 60
K 0 14 60
A D 2 8 0
A P 2 175 0
J B 735 846 1 82 6913 576 0
J N 7 867 35 6 1 0 0
K 0 0 43
K 0 21 43
K 0 21 59
K 0 0 59
K 0 -21 59
A D 2 8 0
A P 1 192 0
A P 2 175 0
J N 7 911 28 7 2305 576 0
K -18 14 63
K 0 0 43
K 0 14 43
K 0 14 59
K 0 0 59
K 0 -14 59
A D 2 8 0
A P 1 198 0
A P 2 187 0
J N 7 947 35 6 4609 576 0
K 0 -14 43
K 0 0 43
K 0 -14 60
K 0 0 60
K 0 14 60
A D 2 8 0
A P 1 203 0
A P 2 192 0
J B 736 987 1 82 6913 576 0
J N 7 1014 28 7 1 0 0
K -18 14 63
K 0 0 43
K 0 14 43
K 0 14 59
K 0 0 59
K 0 -14 59
A D 2 8 0
A P 1 198 0
A P 2 187 0
J N 7 1050 35 6 2305 576 0
K 0 -14 43
K 0 0 43
K 0 -14 60
K 0 0 60
K 0 14 60
A D 2 8 0
A P 1 203 0
A P 2 192 0
J N 7 1094 28 6 4609 576 0
K 0 -14 43
K 0 0 43
K 0 -14 60
K 0 0 60
K 0 21 60
A D 2 8 0
A P 1 209 0
A P 2 198 0
J B 737 1134 1 82 6913 576 0
J N 7 1155 35 6 1 0 0
K 0 -14 43
K 0 0 43
K 0 -14 60
K 0 0 60
K 0 14 60
A D 2 8 0
A P 1 203 0
A P 2 192 0
J N 7 1191 21 6 2305 576 0
K 0 -14 43
K 0 0 43
K 0 -14 60
K 0 0 60
K 0 21 60
A D 2 8 0
A P 1 215 0
A P 2 203 0
J N 7 1245 21 6 4609 576 0
K 0 -14 43
K 0 0 43
K 0 -14 60
K 0 0 60
K 0 21 60
A D 2 8 0
A P 1 215 0
A P 2 203 0
J B 738 1285 1 82 6913 576 0
J N 7 1306 21 6 1 0 0
K 0 -14 43
K 0 0 43
K 0 -14 60
K 0 0 60
K 0 21 60
A D 2 8 0
A P 1 215 0
A P 2 203 0
J N 7 1350 28 6 2305 576 0
K 0 -14 43
K 0 0 43
K 0 -14 60
K 0 0 60
K 0 21 60
A D 2 8 0
A P 1 209 0
A P 2 198 0
J N 7 1386 35 6 4609 576 0
K 0 -14 43
K 0 0 43
K 0 -14 60
K 0 0 60
K 0 14 60
A D 2 8 0
A P 1 203 0
A P 2 192 0
J B 739 1426 1 82 6913 576 0
J N 7 1453 28 6 1 0 0
K 0 -14 43
K 0 0 43
K 0 -14 60
K 0 0 60
K 0 21 60
A D 2 8 0
A P 1 209 0
A P 2 198 0
J N 7 1489 35 6 2305 576 0
K 0 -14 43
K 0 0 43
K 0 -14 60
K 0 0 60
K 0 14 60
A D 2 8 0
A P 1 203 0
A P 2 192 0
J N 7 1533 28 7 4609 576 0
K -18 14 63
K 0 0 43
K 0 14 43
K 0 14 59
K 0 0 59
K 0 -14 59
A D 2 8 0
A P 1 198 0
A P 2 187 0
J B 740 1573 1 82 6913 576 0
J R 9 1634 28 2 1 10000 0
K 0 0 46
A D 6 8 0
A P 3 0 0
J B 741 1723 5 2 6913 1728 0
K -8 0 82
K 0 0 82
J K -1 1744 0 2 6913 0 0
K 0 0 64
K 13 28 65
J N 7 1786 35 7 1 0 0
K 0 0 43
K 0 14 43
K 0 46 108
K 0 14 59
K 0 0 59
K 0 -21 59
A D 2 8 0
A P 1 192 0
A P 2 180 0
J N 7 1841 28 8 2305 576 0
K -15 0 65
K -29 14 64
K 0 0 43
K 0 14 43
K 0 14 59
K 0 0 59
K 0 -14 59
A D 2 8 0
A P 1 197 0
A P 2 186 0
J N 7 1877 35 6 4609 576 0
K 0 -14 43
K 0 0 43
K 0 -14 60
K 0 0 60
K 0 14 60
A D 2 8 0
A P 1 203 0
A P 2 192 0
J B 742 1917 1 82 6913 576 0
J N 7 1938 28 6 1 0 0
K 0 0 43
K 0 14 43
K 0 14 59
K 0 0 59
K 0 -14 59
A D 2 8 0
A P 1 197 0
A P 2 186 0
J N 7 1974 35 6 2305 576 0
K 0 -14 43
K 0 0 43
K 0 -14 60
K 0 0 60
K 0 14 60
A D 2 8 0
A P 1 203 0
A P 2 192 0
J N 7 2010 28 6 4609 576 0
K 0 -14 43
K 0 0 43
K 0 -14 60
K 0 0 60
K 0 21 60
A D 2 8 0
A P 1 209 0
A P 2 197 0
J B 743 2050 1 82 6913 576 0
E *
L 396 0 -98 315 315 * 0 14 0
J D 0 -130 42 1 6913 0 0
W 0 0 31 Fag 1-2
J C 22 5 14 36 6913 0 0
J K 1 57 0 1 6913 0 0
K 0 14 63
J D 0 40 -14 1 6913 0 0
W 0 0 0 \07\03\00
J N 7 115 42 6 1 0 0
K 0 -28 43
K 0 0 43
K 0 -28 60
K 0 0 60
K 0 14 60
A D 2 8 0
A P 1 141 0
A P 2 118 0
J N 7 152 42 7 2305 576 0
K 0 -35 43
K 0 0 43
K 0 -35 60
K 0 -7 60
K 0 0 60
K 0 14 60
A D 2 8 0
A P 1 146 0
A P 2 118 0
J N 7 197 42 7 4609 576 0
K 0 -42 43
K 0 0 43
K 0 -42 60
K 0 -14 60
K 0 0 60
K 0 14 60
A D 2 8 0
A P 1 152 0
A P 2 118 0
J B 731 238 1 82 6913 576 0
J N 7 265 21 7 1 0 0
K -18 -14 63
K 0 -14 43
K 0 0 43
K 0 -14 60
K 0 0 60
K 0 21 60
A D 2 8 0
A P 1 147 0
A P 2 135 0
J N 7 302 21 11 2305 576 0
K 0 -35 45
K 0 -49 45
K 0 -49 43
K -1 -49 45
K 2 -49 45
K 0 0 43
K 0 -49 60
K 0 -21 60
K 0 0 60
K 0 21 60
A D 2 8 0
A P 1 175 0
A P 2 135 0
J N 7 356 21 11 4609 576 0
K 0 -35 45
K 0 -49 45
K 0 -49 43
K -1 -49 45
K 2 -49 45
K 0 0 43
K 0 -49 60
K 0 -21 60
K 0 0 60
K 0 21 60
A D 2 8 0
A P 1 175 0
A P 2 135 0
J B 732 397 1 82 6913 576 0
J N 7 418 -14 12 1 0 0
K 0 0 45
K 0 -14 45
K 0 -14 43
K -1 -14 45
K 2 -14 45
K 0 0 43
K -1 0 45
K 2 0 45
K 0 -14 60
K 0 0 60
K 0 21 60
A D 2 8 0
A P 1 175 0
A P 2 163 0
J N 7 463 -7 9 2305 576 0
K 0 -7 45
K 0 -14 43
K 0 -7 45
K 1 -7 45
K 0 0 43
K 0 -14 60
K 0 0 60
K 0 21 60
A D 2 8 0
A P 1 169 0
A P 2 158 0
J N 7 500 0 9 4609 576 0
K 0 -14 45
K 0 -14 43
K -1 -14 45
K 2 -14 45
K 0 0 43
K 0 -14 60
K 0 0 60
K 0 21 60
A D 2 8 0
A P 1 163 0
A P 2 152 0
J B 733 541 1 82 6913 576 0
J N 7 568 -7 9 1 0 0
K 0 -7 45
K 0 -14 43
K 0 -7 45
K 1 -7 45
K 0 0 43
K 0 -14 60
K 0 0 60
K 0 21 60
A D 2 8 0
A P 1 169 0
A P 2 158 0
J N 7 605 0 9 2305 576 0
K 0 -14 45
K 0 -14 43
K -1 -14 45
K 2 -14 45
K 0 0 43
K 0 -14 60
K 0 0 60
K 0 21 60
A D 2 8 0
A P 1 163 0
A P 2 152 0
J N 7 650 7 7 4609 576 0
K -18 0 63
K 0 -14 43
K 0 0 43
K 0 -14 60
K 0 0 60
K 0 21 60
A D 2 8 0
A P 1 158 0
A P 2 147 0
J B 734 690 1 82 6913 576 0
J N 7 711 -28 9 1 0 0
K 1 14 45
K 1 0 45
K 0 0 43
K -1 0 45
K 2 0 45
K 24 -6 44
K 0 0 59
K 0 -7 59
A D 3 8 0
A P 1 175 0
J R 7 711 56 2 1 0 0
K 0 0 48
A D 2 8 1
A P 2 0 1
J R 7 750 56 2 2305 576 0
K 0 0 48
A D 2 8 0
A P 2 0 0
J N 6 772 21 3 3457 288 0
K 0 0 43
K 0 0 51
A D 1 8 0
A P 1 135 0
J N 7 806 21 4 4609 288 0
K 0 0 43
K 0 0 59
K 0 -14 59
A D 2 8 0
A P 1 135 0
J N 7 806 21 4 4609 0 0
K 0 0 43
K 0 0 60
K 0 21 60
A D 2 8 0
A P 2 135 0
J B 735 846 1 82 6913 576 0
J N 7 867 21 6 1 0 0
K 0 -21 43
K 0 0 43
K 0 -21 60
K 0 0 60
K 0 21 60
A D 2 8 0
A P 1 152 0
A P 2 135 0
J N 7 911 7 7 2305 576 0
K -18 0 63
K 0 -14 43
K 0 0 43
K 0 -14 60
K 0 0 60
K 0 21 60
A D 2 8 0
A P 1 158 0
A P 2 147 0
J N 7 947 0 9 4609 576 0
K 0 -14 45
K 0 -14 43
K -1 -14 45
K 2 -14 45
K 0 0 43
K 0 -14 60
K 0 0 60
K 0 21 60
A D 2 8 0
A P 1 163 0
A P 2 152 0
J B 736 987 1 82 6913 576 0
J N 7 1014 7 7 1 0 0
K -18 0 63
K 0 -14 43
K 0 0 43
K 0 -14 60
K 0 0 60
K 0 21 60
A D 2 8 0
A P 1 158 0
A P 2 147 0
J N 7 1050 0 9 2305 576 0
K 0 -14 45
K 0 -14 43
K -1 -14 45
K 2 -14 45
K 0 0 43
K 0 -14 60
K 0 0 60
K 0 21 60
A D 2 8 0
A P 1 163 0
A P 2 152 0
J N 7 1094 -7 9 4609 576 0
K 0 -7 45
K 0 -14 43
K 0 -7 45
K 1 -7 45
K 0 0 43
K 0 -14 60
K 0 0 60
K 0 21 60
A D 2 8 0
A P 1 169 0
A P 2 158 0
J B 737 1134 1 82 6913 576 0
J N 7 1155 0 9 1 0 0
K 0 -14 45
K 0 -14 43
K -1 -14 45
K 2 -14 45
K 0 0 43
K 0 -14 60
K 0 0 60
K 0 21 60
A D 2 8 0
A P 1 163 0
A P 2 152 0
J N 7 1191 -14 12 2305 576 0
K 0 0 45
K 0 -14 45
K 0 -14 43
K -1 -14 45
K 2 -14 45
K 0 0 43
K -1 0 45
K 2 0 45
K 0 -14 60
K 0 0 60
K 0 21 60
A D 2 8 0
A P 1 175 0
A P 2 163 0
J N 7 1245 -14 12 4609 576 0
K 0 0 45
K 0 -14 45
K 0 -14 43
K -1 -14 45
K 2 -14 45
K 0 0 43
K -1 0 45
K 2 0 45
K 0 -14 60
K 0 0 60
K 0 21 60
A D 2 8 0
A P 1 175 0
A P 2 163 0
J B 738 1285 1 82 6913 576 0
J N 7 1306 -14 12 1 0 0
K 0 0 45
K 0 -14 45
K 0 -14 43
K -1 -14 45
K 2 -14 45
K 0 0 43
K -1 0 45
K 2 0 45
K 0 -14 60
K 0 0 60
K 0 21 60
A D 2 8 0
A P 1 175 0
A P 2 163 0
J N 7 1350 -7 9 2305 576 0
K 0 -7 45
K 0 -14 43
K 0 -7 45
K 1 -7 45
K 0 0 43
K 0 -14 60
K 0 0 60
K 0 21 60
A D 2 8 0
A P 1 169 0
A P 2 158 0
J N 7 1386 0 9 4609 576 0
K 0 -14 45
K 0 -14 43
K -1 -14 45
K 2 -14 45
K 0 0 43
K 0 -14 60
K 0 0 60
K 0 21 60
A D 2 8 0
A P 1 163 0
A P 2 152 0
J B 739 1426 1 82 6913 576 0
J N 7 1453 -7 9 1 0 0
K 0 -7 45
K 0 -14 43
K 0 -7 45
K 1 -7 45
K 0 0 43
K 0 -14 60
K 0 0 60
K 0 21 60
A D 2 8 0
A P 1 169 0
A P 2 158 0
J N 7 1489 0 9 2305 576 0
K 0 -14 45
K 0 -14 43
K -1 -14 45
K 2 -14 45
K 0 0 43
K 0 -14 60
K 0 0 60
K 0 21 60
A D 2 8 0
A P 1 163 0
A P 2 152 0
J N 7 1533 7 7 4609 576 0
K -18 0 63
K 0 -14 43
K 0 0 43
K 0 -14 60
K 0 0 60
K 0 21 60
A D 2 8 0
A P 1 158 0
A P 2 147 0
J B 740 1573 1 82 6913 576 0
J R 9 1634 28 2 1 10000 0
K 0 0 46
A D 6 8 0
A P 3 0 0
J B 741 1723 5 2 6913 1728 0
K -8 0 82
K 0 0 82
J K -1 1744 0 2 6913 0 0
K 0 14 64
K 13 42 65
J N 7 1786 0 10 1 0 0
K 0 -14 45
K 0 -14 43
K -1 -14 45
K 2 -14 45
K 0 0 43
K 0 81 108
K 0 -14 60
K 0 0 60
K 0 21 60
A D 2 8 0
A P 1 163 0
A P 2 152 0
J N 7 1841 7 8 2305 576 0
K -15 -14 65
K -29 0 64
K 0 -14 43
K 0 0 43
K 0 -14 60
K 0 0 60
K 0 21 60
A D 2 8 0
A P 1 157 0
A P 2 146 0
J N 7 1877 14 6 4609 576 0
K 0 -14 43
K 0 0 43
K 0 -14 60
K 0 0 60
K 0 21 60
A D 2 8 0
A P 1 152 0
A P 2 140 0
J B 742 1917 1 82 6913 576 0
J N 7 1938 -7 9 1 0 0
K 0 -7 45
K 0 -14 43
K 0 -7 45
K 1 -7 45
K 0 0 43
K 0 -14 60
K 0 0 60
K 0 21 60
A D 2 8 0
A P 1 169 0
A P 2 157 0
J N 7 1974 0 9 2305 576 0
K 0 -14 45
K 0 -14 43
K -1 -14 45
K 2 -14 45
K 0 0 43
K 0 -14 60
K 0 0 60
K 0 21 60
A D 2 8 0
A P 1 163 0
A P 2 152 0
J N 7 2010 7 6 4609 576 0
K 0 -14 43
K 0 0 43
K 0 -14 60
K 0 0 60
K 0 21 60
A D 2 8 0
A P 1 157 0
A P 2 146 0
J B 743 2050 1 82 6913 576 0
E *
L 551 0 -98 315 315 * 0 14 0
J D 0 -130 42 1 6913 0 0
W 0 -21 31 Cor 1-2
J D 0 -130 42 1 6913 0 0
W 0 21 31 (D)
J C 4 5 42 2 6913 0 0
K 0 0 33
K 0 0 34
J K 0 57 0 0 6913 0 0
J D 0 40 -14 1 6913 0 0
W 0 0 0 \07\03\00
J R 9 152 28 2 1 10000 0
K 0 0 46
A D 6 8 0
A P 3 0 0
J B 731 238 1 82 6913 1728 0
J R 9 303 28 2 1 10000 0
K 0 0 46
A D 6 8 0
A P 3 0 0
J B 732 397 1 82 6913 1728 0
J R 9 455 28 2 1 10000 0
K 0 0 46
A D 6 8 0
A P 3 0 0
J B 733 541 1 82 6913 1728 0
J R 9 601 28 2 1 10000 0
K 0 0 46
A D 6 8 0
A P 3 0 0
J B 734 690 1 82 6913 1728 0
J R 9 754 28 2 1 10000 0
K 0 0 46
A D 6 8 0
A P 3 0 0
J B 735 846 1 82 6913 1728 0
J R 9 902 28 2 1 10000 0
K 0 0 46
A D 6 8 0
A P 3 0 0
J B 736 987 1 82 6913 1728 0
J R 9 1046 28 2 1 10000 0
K 0 0 46
A D 6 8 0
A P 3 0 0
J B 737 1134 1 82 6913 1728 0
J R 9 1195 28 2 1 10000 0
K 0 0 46
A D 6 8 0
A P 3 0 0
J B 738 1285 1 82 6913 1728 0
J R 9 1341 28 2 1 10000 0
K 0 0 46
A D 6 8 0
A P 3 0 0
J B 739 1426 1 82 6913 1728 0
J R 9 1485 28 2 1 10000 0
K 0 0 46
A D 6 8 0
A P 3 0 0
J B 740 1573 1 82 6913 1728 0
J R 9 1634 28 2 1 10000 0
K 0 0 46
A D 6 8 0
A P 3 0 0
J B 741 1723 5 2 6913 1728 0
K -8 0 82
K 0 0 82
J R 9 1806 28 2 1 10000 0
K 0 0 46
A D 6 8 0
A P 3 0 0
J B 742 1917 1 82 6913 1728 0
J R 9 1969 28 2 1 10000 0
K 0 0 46
A D 6 8 0
A P 3 0 0
J B 743 2050 1 82 6913 1728 0
E *
L 691 0 -98 315 315 * 0 14 0
J D 0 -130 42 1 6913 0 0
W 0 -21 31 Cor 3-4
J D 0 -130 42 1 6913 0 0
W 0 21 31 (B\0.)
J C 4 5 42 2 6913 0 0
K 0 0 33
K 0 0 34
J K 0 57 0 0 6913 0 0
J D 0 40 -14 1 6913 0 0
W 0 0 0 \07\03\00
J R 9 152 28 2 1 10000 0
K 0 0 46
A D 6 8 0
A P 3 0 0
J B 731 238 1 82 6913 1728 0
J R 9 303 28 2 1 10000 0
K 0 0 46
A D 6 8 0
A P 3 0 0
J B 732 397 1 82 6913 1728 0
J R 9 455 28 2 1 10000 0
K 0 0 46
A D 6 8 0
A P 3 0 0
J B 733 541 1 82 6913 1728 0
J R 9 601 28 2 1 10000 0
K 0 0 46
A D 6 8 0
A P 3 0 0
J B 734 690 1 82 6913 1728 0
J R 9 754 28 2 1 10000 0
K 0 0 46
A D 6 8 0
A P 3 0 0
J B 735 846 1 82 6913 1728 0
J R 9 902 28 2 1 10000 0
K 0 0 46
A D 6 8 0
A P 3 0 0
J B 736 987 1 82 6913 1728 0
J R 9 1046 28 2 1 10000 0
K 0 0 46
A D 6 8 0
A P 3 0 0
J B 737 1134 1 82 6913 1728 0
J R 9 1195 28 2 1 10000 0
K 0 0 46
A D 6 8 0
A P 3 0 0
J B 738 1285 1 82 6913 1728 0
J R 9 1341 28 2 1 10000 0
K 0 0 46
A D 6 8 0
A P 3 0 0
J B 739 1426 1 82 6913 1728 0
J R 9 1485 28 2 1 10000 0
K 0 0 46
A D 6 8 0
A P 3 0 0
J B 740 1573 1 82 6913 1728 0
J R 9 1634 28 2 1 10000 0
K 0 0 46
A D 6 8 0
A P 3 0 0
J B 741 1723 5 2 6913 1728 0
K -8 0 82
K 0 0 82
J N 7 1786 42 8 1 0 0
K 0 -49 43
K 0 0 43
K 5 58 108
K 0 -49 60
K 0 -21 60
K 0 0 60
K 0 14 60
A D 2 8 0
A P 1 226 0
A P 2 186 0
J N 7 1841 42 7 2305 576 0
K 0 -49 43
K 0 0 43
K 0 -49 60
K 0 -21 60
K 0 0 60
K 0 14 60
A D 2 8 0
A P 1 226 0
A P 2 186 0
J N 7 1877 42 7 4609 576 0
K 0 -49 43
K 0 0 43
K 0 -49 60
K 0 -21 60
K 0 0 60
K 0 14 60
A D 2 8 0
A P 1 226 0
A P 2 186 0
J B 742 1917 1 82 6913 576 0
J N 7 1938 42 7 1 0 0
K 0 -49 43
K 0 0 43
K 0 -49 60
K 0 -21 60
K 0 0 60
K 0 14 60
A D 2 8 0
A P 1 226 0
A P 2 186 0
J N 7 1974 42 7 2305 576 0
K 0 -49 43
K 0 0 43
K 0 -49 60
K 0 -21 60
K 0 0 60
K 0 14 60
A D 2 8 0
A P 1 226 0
A P 2 186 0
J N 7 2010 42 7 4609 576 0
K 0 -49 43
K 0 0 43
K 0 -49 60
K 0 -21 60
K 0 0 60
K 0 14 60
A D 2 8 0
A P 1 226 0
A P 2 186 0
J B 743 2050 1 82 6913 576 0
E *
L 836 0 -98 315 315 * 0 14 0
J D 0 -111 42 1 6913 0 0
W 0 -21 31 Tr 1-2
J D 0 -111 42 1 6913 0 0
W 0 21 31 (D)
J C 4 5 42 2 6913 0 0
K 0 0 33
K 0 0 34
J K 0 57 0 0 6913 0 0
J D 0 40 -14 1 6913 0 0
W 0 0 0 \07\03\00
J R 9 152 28 2 1 10000 0
K 0 0 46
A D 6 8 0
A P 3 0 0
J B 731 238 1 82 6913 1728 0
J R 9 303 28 2 1 10000 0
K 0 0 46
A D 6 8 0
A P 3 0 0
J B 732 397 1 82 6913 1728 0
J R 9 455 28 2 1 10000 0
K 0 0 46
A D 6 8 0
A P 3 0 0
J B 733 541 1 82 6913 1728 0
J R 9 601 28 2 1 10000 0
K 0 0 46
A D 6 8 0
A P 3 0 0
J B 734 690 1 82 6913 1728 0
J R 9 754 28 2 1 10000 0
K 0 0 46
A D 6 8 0
A P 3 0 0
J B 735 846 1 82 6913 1728 0
J R 9 902 28 2 1 10000 0
K 0 0 46
A D 6 8 0
A P 3 0 0
J B 736 987 1 82 6913 1728 0
J R 9 1046 28 2 1 10000 0
K 0 0 46
A D 6 8 0
A P 3 0 0
J B 737 1134 1 82 6913 1728 0
J R 9 1195 28 2 1 10000 0
K 0 0 46
A D 6 8 0
A P 3 0 0
J B 738 1285 1 82 6913 1728 0
J R 9 1341 28 2 1 10000 0
K 0 0 46
A D 6 8 0
A P 3 0 0
J B 739 1426 1 82 6913 1728 0
J R 9 1485 28 2 1 10000 0
K 0 0 46
A D 6 8 0
A P 3 0 0
J B 740 1573 1 82 6913 1728 0
J R 9 1634 28 2 1 10000 0
K 0 0 46
A D 6 8 0
A P 3 0 0
J B 741 1723 5 2 6913 1728 0
K -8 0 82
K 0 0 82
J R 9 1806 28 2 1 10000 0
K 0 0 46
A D 6 8 0
A P 3 0 0
J B 742 1917 1 82 6913 1728 0
J R 9 1969 28 2 1 10000 0
K 0 0 46
A D 6 8 0
A P 3 0 0
J B 743 2050 1 82 6913 1728 0
E *
L 981 0 -98 315 315 * 0 14 0
J D 0 -134 42 1 6913 0 0
W 0 -21 31 Timp.
J D 0 -134 42 1 6913 0 0
W 0 21 31 (F3-F2)
J C 22 5 14 36 6913 0 0
J K 0 57 0 0 6913 0 0
J D 0 40 -14 1 6913 0 0
W 0 0 0 \07\03\00
J R 9 152 28 2 1 10000 0
K 0 0 46
A D 18 24 0
A P 1 0 0
J B 731 238 1 82 6913 1728 0
J R 9 303 28 2 1 10000 0
K 0 0 46
A D 18 24 0
A P 1 0 0
J B 732 397 1 82 6913 1728 0
J R 9 455 28 2 1 10000 0
K 0 0 46
A D 18 24 0
A P 1 0 0
J B 733 541 1 82 6913 1728 0
J R 9 601 28 2 1 10000 0
K 0 0 46
A D 18 24 0
A P 1 0 0
J B 734 690 1 82 6913 1728 0
J R 9 754 28 2 1 10000 0
K 0 0 46
A D 18 24 0
A P 1 0 0
J B 735 846 1 82 6913 1728 0
J R 9 902 28 2 1 10000 0
K 0 0 46
A D 18 24 0
A P 1 0 0
J B 736 987 1 82 6913 1728 0
J R 9 1046 28 2 1 10000 0
K 0 0 46
A D 18 24 0
A P 1 0 0
J B 737 1134 1 82 6913 1728 0
J R 9 1195 28 2 1 10000 0
K 0 0 46
A D 18 24 0
A P 1 0 0
J B 738 1285 1 82 6913 1728 0
J R 9 1341 28 2 1 10000 0
K 0 0 46
A D 18 24 0
A P 1 0 0
J B 739 1426 1 82 6913 1728 0
J R 9 1485 28 2 1 10000 0
K 0 0 46
A D 18 24 0
A P 1 0 0
J B 740 1573 1 82 6913 1728 0
J N 7 1594 14 6 1 0 0
K 0 0 43
K 24 -6 44
K 0 74 110
K 0 0 60
K 0 21 60
A D 9 24 0
A P 1 140 0
J N 6 1639 63 3 3457 864 0
K 0 0 43
K 0 0 53
A D 3 24 0
A P 1 100 0
J N 7 1676 63 4 4609 288 0
K 0 0 43
K 0 0 59
K 0 -21 59
A D 6 24 0
A P 1 100 0
J B 741 1723 5 2 6913 576 0
K -8 0 82
K 0 0 82
J R 9 1806 28 2 1 10000 0
K 0 0 46
A D 18 24 0
A P 1 0 0
J B 742 1917 1 82 6913 1728 0
J R 9 1969 28 2 1 10000 0
K 0 0 46
A D 18 24 0
A P 1 0 0
J B 743 2050 1 82 6913 1728 0
E *
L 1133 0 -98 315 315 * 0 14 0
J D 0 -119 42 1 6913 0 0
W 0 0 31 Vln 1
J C 4 5 42 2 6913 0 0
K 0 0 33
K 0 0 34
J K 1 57 0 1 6913 0 0
K 0 0 63
J D 0 40 -14 1 6913 0 0
W 0 0 0 \07\03\00
J N 7 115 77 7 1 0 0
K 1 -7 45
K 0 0 43
K 0 -7 45
K 1 -7 45
K 0 0 59
K 0 -21 59
A D 2 8 0
A P 1 158 0
J R 7 152 28 2 2305 576 0
K 0 0 48
A D 2 8 1
A P 1 0 1
J R 7 197 28 2 4609 576 0
K 0 0 48
A D 2 8 0
A P 1 0 0
J B 731 238 1 82 6913 576 0
J R 9 303 28 2 1 10000 0
K 0 0 46
A D 6 8 0
A P 1 0 0
J B 732 397 1 82 6913 1728 0
J N 7 418 7 4 1 0 0
K 0 0 43
K 0 0 60
K 0 21 60
A D 2 8 0
A P 1 215 0
J R 7 463 28 2 2305 576 0
K 0 0 48
A D 2 8 1
A P 1 0 1
J R 7 500 28 2 4609 576 0
K 0 0 48
A D 2 8 0
A P 1 0 0
J B 733 541 1 82 6913 576 0
J N 7 568 56 4 1 0 0
K 0 0 43
K 0 0 59
K 0 -21 59
A D 2 8 0
A P 1 175 0
J R 7 605 28 2 2305 576 0
K 0 0 48
A D 2 8 1
A P 1 0 1
J R 7 650 28 2 4609 576 0
K 0 0 48
A D 2 8 0
A P 1 0 0
J B 734 690 1 82 6913 576 0
J R 9 754 28 2 1 10000 0
K 0 0 46
A D 6 8 0
A P 1 0 0
J B 735 846 1 82 6913 1728 0
J N 7 867 35 4 1 0 0
K 0 0 43
K 0 0 59
K 0 -21 59
A D 2 8 0
A P 1 192 0
J R 7 911 28 2 2305 576 0
K 0 0 48
A D 2 8 1
A P 1 0 1
J R 7 947 28 2 4609 576 0
K 0 0 48
A D 2 8 0
A P 1 0 0
J B 736 987 1 82 6913 576 0
J N 7 1014 56 4 1 0 0
K 0 0 43
K 0 0 59
K 0 -21 59
A D 2 8 0
A P 1 175 0
J R 7 1050 28 2 2305 576 0
K 0 0 48
A D 2 8 1
A P 1 0 1
J R 7 1094 28 2 4609 576 0
K 0 0 48
A D 2 8 0
A P 1 0 0
J B 737 1134 1 82 6913 576 0
J R 9 1195 28 2 1 10000 0
K 0 0 46
A D 6 8 0
A P 1 0 0
J B 738 1285 1 82 6913 1728 0
J N 7 1306 35 4 1 0 0
K 0 0 43
K 0 0 59
K 0 -21 59
A D 2 8 0
A P 1 192 0
J R 7 1350 28 2 2305 576 0
K 0 0 48
A D 2 8 1
A P 1 0 1
J R 7 1386 28 2 4609 576 0
K 0 0 48
A D 2 8 0
A P 1 0 0
J B 739 1426 1 82 6913 576 0
J N 7 1453 56 4 1 0 0
K 0 0 43
K 0 0 59
K 0 -21 59
A D 2 8 0
A P 1 175 0
J R 7 1489 28 2 2305 576 0
K 0 0 48
A D 2 8 1
A P 1 0 1
J R 7 1533 28 2 4609 576 0
K 0 0 48
A D 2 8 0
A P 1 0 0
J B 740 1573 1 82 6913 576 0
J R 9 1634 28 2 1 10000 0
K 0 0 46
A D 6 8 0
A P 1 0 0
J B 741 1723 5 2 6913 1728 0
K -8 0 82
K 0 0 82
J K -1 1744 0 2 6913 0 0
K 0 0 64
K 13 28 65
J N 7 1786 0 4 1 0 0
K 0 0 43
K 0 0 60
K 0 21 60
A D 2 8 0
A P 1 220 0
J R 7 1841 28 2 2305 576 0
K 0 0 48
A D 2 8 1
A P 1 0 1
J R 7 1877 28 2 4609 576 0
K 0 0 48
A D 2 8 0
A P 1 0 0
J B 742 1917 1 82 6913 576 0
J N 7 1938 49 4 1 0 0
K 0 0 43
K 0 0 59
K 0 -21 59
A D 2 8 0
A P 1 180 0
J R 7 1974 28 2 2305 576 0
K 0 0 48
A D 2 8 1
A P 1 0 1
J R 7 2010 28 2 4609 576 0
K 0 0 48
A D 2 8 0
A P 1 0 0
J B 743 2050 1 82 6913 576 0
E *
L 1265 0 -98 315 315 * 0 14 0
J D 0 -119 42 1 6913 0 0
W 0 0 31 Vln 2
J C 4 5 42 2 6913 0 0
K 0 0 33
K 0 0 34
J K 1 57 0 1 6913 0 0
K 0 0 63
J D 0 40 -14 1 6913 0 0
W 0 0 0 \07\03\00
J N 7 115 77 7 1 0 0
K 1 -7 45
K 0 0 43
K 0 -7 45
K 1 -7 45
K 0 0 59
K 0 -21 59
A D 2 8 0
A P 3 158 0
J R 7 152 28 2 2305 576 0
K 0 0 48
A D 2 8 1
A P 3 0 1
J R 7 197 28 2 4609 576 0
K 0 0 48
A D 2 8 0
A P 3 0 0
J B 731 238 1 82 6913 576 0
J R 9 303 28 2 1 10000 0
K 0 0 46
A D 6 8 0
A P 3 0 0
J B 732 397 1 82 6913 1728 0
J N 7 418 7 4 1 0 0
K 0 0 43
K 0 0 60
K 0 21 60
A D 2 8 0
A P 3 215 0
J R 7 463 28 2 2305 576 0
K 0 0 48
A D 2 8 1
A P 3 0 1
J R 7 500 28 2 4609 576 0
K 0 0 48
A D 2 8 0
A P 3 0 0
J B 733 541 1 82 6913 576 0
J N 7 568 56 4 1 0 0
K 0 0 43
K 0 0 59
K 0 -21 59
A D 2 8 0
A P 3 175 0
J R 7 605 28 2 2305 576 0
K 0 0 48
A D 2 8 1
A P 3 0 1
J R 7 650 28 2 4609 576 0
K 0 0 48
A D 2 8 0
A P 3 0 0
J B 734 690 1 82 6913 576 0
J R 9 754 28 2 1 10000 0
K 0 0 46
A D 6 8 0
A P 3 0 0
J B 735 846 1 82 6913 1728 0
J N 7 867 56 4 1 0 0
K 0 0 43
K 0 0 59
K 0 -21 59
A D 2 8 0
A P 3 175 0
J R 7 911 28 2 2305 576 0
K 0 0 48
A D 2 8 1
A P 3 0 1
J R 7 947 28 2 4609 576 0
K 0 0 48
A D 2 8 0
A P 3 0 0
J B 736 987 1 82 6913 576 0
J N 7 1014 56 4 1 0 0
K 0 0 43
K 0 0 59
K 0 -21 59
A D 2 8 0
A P 3 175 0
J R 7 1050 28 2 2305 576 0
K 0 0 48
A D 2 8 1
A P 3 0 1
J R 7 1094 28 2 4609 576 0
K 0 0 48
A D 2 8 0
A P 3 0 0
J B 737 1134 1 82 6913 576 0
J R 9 1195 28 2 1 10000 0
K 0 0 46
A D 6 8 0
A P 3 0 0
J B 738 1285 1 82 6913 1728 0
J N 7 1306 56 4 1 0 0
K 0 0 43
K 0 0 59
K 0 -21 59
A D 2 8 0
A P 3 175 0
J R 7 1350 28 2 2305 576 0
K 0 0 48
A D 2 8 1
A P 3 0 1
J R 7 1386 28 2 4609 576 0
K 0 0 48
A D 2 8 0
A P 3 0 0
J B 739 1426 1 82 6913 576 0
J N 7 1453 56 4 1 0 0
K 0 0 43
K 0 0 59
K 0 -21 59
A D 2 8 0
A P 3 175 0
J R 7 1489 28 2 2305 576 0
K 0 0 48
A D 2 8 1
A P 3 0 1
J R 7 1533 28 2 4609 576 0
K 0 0 48
A D 2 8 0
A P 3 0 0
J B 740 1573 1 82 6913 576 0
J R 9 1634 28 2 1 10000 0
K 0 0 46
A D 6 8 0
A P 3 0 0
J B 741 1723 5 2 6913 1728 0
K -8 0 82
K 0 0 82
J K -1 1744 0 2 6913 0 0
K 0 0 64
K 13 28 65
J N 7 1786 49 4 1 0 0
K 0 0 43
K 0 0 59
K 0 -21 59
A D 2 8 0
A P 3 180 0
J R 7 1841 28 2 2305 576 0
K 0 0 48
A D 2 8 1
A P 3 0 1
J R 7 1877 28 2 4609 576 0
K 0 0 48
A D 2 8 0
A P 3 0 0
J B 742 1917 1 82 6913 576 0
J N 7 1938 49 4 1 0 0
K 0 0 43
K 0 0 59
K 0 -21 59
A D 2 8 0
A P 3 180 0
J R 7 1974 28 2 2305 576 0
K 0 0 48
A D 2 8 1
A P 3 0 1
J R 7 2010 28 2 4609 576 0
K 0 0 48
A D 2 8 0
A P 3 0 0
J B 743 2050 1 82 6913 576 0
E *
L 1397 0 -98 315 315 * 0 14 0
J D 0 -94 42 1 6913 0 0
W 0 0 31 Vla
J C 13 5 28 35 6913 0 0
J K 1 57 0 1 6913 0 0
K 0 7 63
J D 0 40 -14 1 6913 0 0
W 0 0 0 \07\03\00
J N 7 115 35 4 1 0 0
K 0 0 43
K 0 0 59
K 0 -21 59
A D 2 8 0
A P 1 158 0
J R 7 152 28 2 2305 576 0
K 0 0 48
A D 2 8 1
A P 1 0 1
J R 7 197 28 2 4609 576 0
K 0 0 48
A D 2 8 0
A P 1 0 0
J B 731 238 1 82 6913 576 0
J R 9 303 28 2 1 10000 0
K 0 0 46
A D 6 8 0
A P 1 0 0
J B 732 397 1 82 6913 1728 0
J N 7 418 14 4 1 0 0
K 0 0 43
K 0 0 60
K 0 21 60
A D 2 8 0
A P 1 175 0
J R 7 463 28 2 2305 576 0
K 0 0 48
A D 2 8 1
A P 1 0 1
J R 7 500 28 2 4609 576 0
K 0 0 48
A D 2 8 0
A P 1 0 0
J B 733 541 1 82 6913 576 0
J N 7 568 63 4 1 0 0
K 0 0 43
K 0 0 59
K 0 -21 59
A D 2 8 0
A P 1 135 0
J R 7 605 28 2 2305 576 0
K 0 0 48
A D 2 8 1
A P 1 0 1
J R 7 650 28 2 4609 576 0
K 0 0 48
A D 2 8 0
A P 1 0 0
J B 734 690 1 82 6913 576 0
J R 9 754 28 2 1 10000 0
K 0 0 46
A D 6 8 0
A P 1 0 0
J B 735 846 1 82 6913 1728 0
J N 7 867 42 4 1 0 0
K 0 0 43
K 0 0 59
K 0 -21 59
A D 2 8 0
A P 1 152 0
J R 7 911 28 2 2305 576 0
K 0 0 48
A D 2 8 1
A P 1 0 1
J R 7 947 28 2 4609 576 0
K 0 0 48
A D 2 8 0
A P 1 0 0
J B 736 987 1 82 6913 576 0
J N 7 1014 63 4 1 0 0
K 0 0 43
K 0 0 59
K 0 -21 59
A D 2 8 0
A P 1 135 0
J R 7 1050 28 2 2305 576 0
K 0 0 48
A D 2 8 1
A P 1 0 1
J R 7 1094 28 2 4609 576 0
K 0 0 48
A D 2 8 0
A P 1 0 0
J B 737 1134 1 82 6913 576 0
J R 9 1195 28 2 1 10000 0
K 0 0 46
A D 6 8 0
A P 1 0 0
J B 738 1285 1 82 6913 1728 0
J N 7 1306 42 4 1 0 0
K 0 0 43
K 0 0 59
K 0 -21 59
A D 2 8 0
A P 1 152 0
J R 7 1350 28 2 2305 576 0
K 0 0 48
A D 2 8 1
A P 1 0 1
J R 7 1386 28 2 4609 576 0
K 0 0 48
A D 2 8 0
A P 1 0 0
J B 739 1426 1 82 6913 576 0
J N 7 1453 63 4 1 0 0
K 0 0 43
K 0 0 59
K 0 -21 59
A D 2 8 0
A P 1 135 0
J R 7 1489 28 2 2305 576 0
K 0 0 48
A D 2 8 1
A P 1 0 1
J R 7 1533 28 2 4609 576 0
K 0 0 48
A D 2 8 0
A P 1 0 0
J B 740 1573 1 82 6913 576 0
J R 9 1634 28 2 1 10000 0
K 0 0 46
A D 6 8 0
A P 1 0 0
J B 741 1723 5 2 6913 1728 0
K -8 0 82
K 0 0 82
J K -1 1744 0 2 6913 0 0
K 0 7 64
K 13 35 65
J N 7 1786 7 4 1 0 0
K 0 0 43
K 0 0 60
K 0 21 60
A D 2 8 0
A P 1 180 0
J R 7 1841 28 2 2305 576 0
K 0 0 48
A D 2 8 1
A P 1 0 1
J R 7 1877 28 2 4609 576 0
K 0 0 48
A D 2 8 0
A P 1 0 0
J B 742 1917 1 82 6913 576 0
J N 7 1938 56 4 1 0 0
K 0 0 43
K 0 0 59
K 0 -21 59
A D 2 8 0
A P 1 140 0
J R 7 1974 28 2 2305 576 0
K 0 0 48
A D 2 8 1
A P 1 0 1
J R 7 2010 28 2 4609 576 0
K 0 0 48
A D 2 8 0
A P 1 0 0
J B 743 2050 1 82 6913 576 0
E *
L 1532 0 -98 315 315 * 0 14 0
J D 0 -75 42 1 6913 0 0
W 0 -21 31 Vc
J D 0 -75 42 1 6913 0 0
W 0 21 31 Cb
J C 22 5 14 36 6913 0 0
J K 1 57 0 1 6913 0 0
K 0 14 63
J D 0 40 -14 1 6913 0 0
W 0 0 0 \07\03\00
J N 7 115 42 4 1 0 0
K 0 0 43
K 0 0 59
K 0 -21 59
A D 2 8 0
A P 1 118 0
J R 7 152 28 2 2305 576 0
K 0 0 48
A D 2 8 1
A P 1 0 1
J R 7 197 28 2 4609 576 0
K 0 0 48
A D 2 8 0
A P 1 0 0
J B 731 238 1 82 6913 576 0
J R 9 303 28 2 1 10000 0
K 0 0 46
A D 6 8 0
A P 1 0 0
J B 732 397 1 82 6913 1728 0
J N 7 418 -28 8 1 0 0
K 0 14 45
K 0 0 45
K 0 0 43
K -1 0 45
K 2 0 45
K 0 0 60
K 0 28 60
A D 2 8 0
A P 1 175 0
J R 7 463 28 2 2305 576 0
K 0 0 48
A D 2 8 1
A P 1 0 1
J R 7 500 28 2 4609 576 0
K 0 0 48
A D 2 8 0
A P 1 0 0
J B 733 541 1 82 6913 576 0
J N 7 568 21 4 1 0 0
K 0 0 43
K 0 0 60
K 0 21 60
A D 2 8 0
A P 1 135 0
J R 7 605 28 2 2305 576 0
K 0 0 48
A D 2 8 1
A P 1 0 1
J R 7 650 28 2 4609 576 0
K 0 0 48
A D 2 8 0
A P 1 0 0
J B 734 690 1 82 6913 576 0
J R 9 754 28 2 1 10000 0
K 0 0 46
A D 6 8 0
A P 1 0 0
J B 735 846 1 82 6913 1728 0
J N 7 867 0 4 1 0 0
K 0 0 43
K 0 0 60
K 0 21 60
A D 2 8 0
A P 1 152 0
J R 7 911 28 2 2305 576 0
K 0 0 48
A D 2 8 1
A P 1 0 1
J R 7 947 28 2 4609 576 0
K 0 0 48
A D 2 8 0
A P 1 0 0
J B 736 987 1 82 6913 576 0
J N 7 1014 21 4 1 0 0
K 0 0 43
K 0 0 60
K 0 21 60
A D 2 8 0
A P 1 135 0
J R 7 1050 28 2 2305 576 0
K 0 0 48
A D 2 8 1
A P 1 0 1
J R 7 1094 28 2 4609 576 0
K 0 0 48
A D 2 8 0
A P 1 0 0
J B 737 1134 1 82 6913 576 0
J R 9 1195 28 2 1 10000 0
K 0 0 46
A D 6 8 0
A P 1 0 0
J B 738 1285 1 82 6913 1728 0
J N 7 1306 0 4 1 0 0
K 0 0 43
K 0 0 60
K 0 21 60
A D 2 8 0
A P 1 152 0
J R 7 1350 28 2 2305 576 0
K 0 0 48
A D 2 8 1
A P 1 0 1
J R 7 1386 28 2 4609 576 0
K 0 0 48
A D 2 8 0
A P 1 0 0
J B 739 1426 1 82 6913 576 0
J N 7 1453 21 4 1 0 0
K 0 0 43
K 0 0 60
K 0 21 60
A D 2 8 0
A P 1 135 0
J R 7 1489 28 2 2305 576 0
K 0 0 48
A D 2 8 1
A P 1 0 1
J R 7 1533 28 2 4609 576 0
K 0 0 48
A D 2 8 0
A P 1 0 0
J B 740 1573 1 82 6913 576 0
J R 9 1634 28 2 1 10000 0
K 0 0 46
A D 6 8 0
A P 1 0 0
J B 741 1723 5 2 6913 1728 0
K -8 0 82
K 0 0 82
J K -1 1744 0 2 6913 0 0
K 0 14 64
K 13 42 65
J N 7 1786 -35 9 1 0 0
K 0 21 45
K 0 7 45
K 0 0 43
K 0 7 45
K 1 7 45
K 0 0 60
K 0 28 60
K 0 35 60
A D 2 8 0
A P 1 180 0
J R 7 1841 28 2 2305 576 0
K 0 0 48
A D 2 8 1
A P 1 0 1
J R 7 1877 28 2 4609 576 0
K 0 0 48
A D 2 8 0
A P 1 0 0
J B 742 1917 1 82 6913 576 0
J N 7 1938 14 4 1 0 0
K 0 0 43
K 0 0 60
K 0 21 60
A D 2 8 0
A P 1 140 0
J R 7 1974 28 2 2305 576 0
K 0 0 48
A D 2 8 1
A P 1 0 1
J R 7 2010 28 2 4609 576 0
K 0 0 48
A D 2 8 0
A P 1 0 0
J B 743 2050 1 82 6913 576 0
E *
B 1 238 0
B 1 397 0
B 1 541 0
B 1 690 0
B 1 846 0
B 1 987 0
B 1 1134 0
B 1 1285 0
B 1 1426 0
B 1 1573 0
B 5 1723 0
B 1 1917 0
B 1 2050 0
