@ SOURCE: {beet/bhl/orch/sym9/stage2/04f/s12} DEC/30/2005 [md5sum:f9881361d7929c7c07190284932474aa]
L 0 0 21 !39Violino I
J D 4 500 -120 1 6913 0 0
W 0 0 44 Fourth Movement:  Part 6 (Chorus in Fuga)
J D 1 112 -56 1 6913 0 0
W 0 -84 44 Fourth Movement:  Part 6 (Chorus in Fuga):  Violino I
J C 4 7 63 2 6913 0 0
K 0 0 33
K 0 0 34
J K 2 85 0 2 6913 0 0
K 0 0 63
K 21 31 63
J D 5 151 -90 1 6913 0 0
W 0 0 37 Allegro energico, sempre ben marcato. (\0*\0& = 84.)
J T 604 165 0 2 6913 0 0
K -15 42 77
K -15 84 75
J R 8 224 42 3 1 0 0
K 0 0 47
K 47 -10 44
A D 12 16 0
A P 1 0 0
J B 1 333 1 82 6913 1728 0
J N 6 365 0 4 1 0 2 1 2
K 0 0 43
K -8 161 110
K 17 161 110
A D 2 16 0
A P 1 221 0
J N 6 400 52 2 577 288 1 2
K 0 0 43
A D 2 16 0
A P 1 192 0
J N 6 440 42 2 1153 288 1 2
K 0 0 43
A D 2 16 0
A P 1 198 0
J N 6 480 31 2 1729 288 1 2
K 0 0 43
A D 2 16 0
A P 1 204 0
J N 6 520 21 2 2305 288 1 2
K 0 0 43
A D 2 16 0
A P 1 209 0
J N 6 560 10 2 2881 288 2 2 1
K 0 0 43
A D 2 16 0
A P 1 215 0
H 2 B 1 0 112 6 2 1 1 1 1 3
H 1 S 0 0 0 0 0 0 0 0 0
J N 6 600 0 3 3457 288 2 3 4
K 0 0 43
K 0 136 110
A D 2 16 0
A P 1 221 0
J N 6 635 10 2 4033 288 1 4
K 0 0 43
A D 2 16 0
A P 1 215 0
J N 6 670 21 2 4609 288 1 4
K 0 0 43
A D 2 16 0
A P 1 209 0
J N 6 710 10 2 5185 288 1 4
K 0 0 43
A D 2 16 0
A P 1 215 0
J N 6 750 0 2 5761 288 1 4
K 0 0 43
A D 2 16 0
A P 1 221 0
J N 6 790 -11 2 6337 288 2 4 3
K 0 0 43
A D 2 16 0
A P 1 226 0
H 4 B 1 0 112 6 2 1 1 1 1 3
H 3 S 0 0 0 0 0 0 0 0 0
J B 2 831 1 82 6913 288 0
J N 6 863 -21 6 1 0 2 5 6
K 0 0 45
K 0 0 43
K -1 0 45
K 6 0 45
K 0 153 110
A D 2 16 0
A P 1 232 0
J N 6 903 -32 5 577 288 1 6
K 0 11 45
K 0 0 43
K 0 11 45
K 2 11 45
A D 2 16 0
A P 1 238 0
J N 6 938 -21 5 1153 288 1 6
K 0 0 45
K 0 0 43
K -1 0 45
K 6 0 45
A D 2 16 0
A P 1 232 0
J N 6 973 -11 2 1729 288 1 6
K 0 0 43
A D 2 16 0
A P 1 226 0
J N 6 1013 -21 5 2305 288 1 6
K 0 0 45
K 0 0 43
K -1 0 45
K 6 0 45
A D 2 16 0
A P 1 232 0
J N 6 1048 -11 2 2881 288 2 6 5
K 0 0 43
A D 2 16 0
A P 1 226 0
H 6 B 1 0 112 6 2 1 1 1 1 3
H 5 S 0 0 0 0 0 0 0 0 -3
J N 6 1083 0 3 3457 288 2 7 8
K 0 0 43
K 0 132 110
A D 2 16 0
A P 1 221 0
J N 6 1123 -11 2 4033 288 1 8
K 0 0 43
A D 2 16 0
A P 1 226 0
J N 6 1158 0 2 4609 288 1 8
K 0 0 43
A D 2 16 0
A P 1 221 0
J N 6 1193 10 2 5185 288 1 8
K 0 0 43
A D 2 16 0
A P 1 215 0
J N 6 1233 0 2 5761 288 1 8
K 0 0 43
A D 2 16 0
A P 1 221 0
J N 6 1268 10 2 6337 288 2 8 7
K 0 0 43
A D 2 16 0
A P 1 215 0
H 8 B 1 0 112 6 2 1 1 1 1 3
H 7 S 0 0 0 0 0 0 0 0 -3
J B 3 1309 1 82 6913 288 0
J N 6 1341 21 3 1 0 2 9 10
K 0 0 43
K 0 134 110
A D 2 16 0
A P 1 209 0
J N 6 1376 73 2 577 288 1 10
K 0 0 43
A D 2 16 0
A P 1 181 0
J N 6 1416 63 2 1153 288 1 10
K 0 0 43
A D 2 16 0
A P 1 186 0
J N 6 1456 52 2 1729 288 1 10
K 0 0 43
A D 2 16 0
A P 1 192 0
J N 6 1496 42 2 2305 288 1 10
K 0 0 43
A D 2 16 0
A P 1 198 0
J N 6 1536 31 2 2881 288 2 10 9
K 0 0 43
A D 2 16 0
A P 1 204 0
H 10 B 0 0 112 6 2 1 1 1 1 3
H 9 S 12 0 42 0 12 0 0 0 6
J N 6 1576 21 3 3457 288 2 11 12
K 0 0 43
K 0 132 110
A D 2 16 0
A P 1 209 0
J N 6 1611 31 2 4033 288 1 12
K 0 0 43
A D 2 16 0
A P 1 204 0
J N 6 1646 42 2 4609 288 1 12
K 0 0 43
A D 2 16 0
A P 1 198 0
J N 6 1686 31 2 5185 288 1 12
K 0 0 43
A D 2 16 0
A P 1 204 0
J N 6 1726 21 2 5761 288 1 12
K 0 0 43
A D 2 16 0
A P 1 209 0
J N 6 1766 10 2 6337 288 2 12 11
K 0 0 43
A D 2 16 0
A P 1 215 0
H 12 B 1 0 112 6 2 1 1 1 1 3
H 11 S 0 0 0 0 0 0 0 0 -3
J B 4 1807 1 82 6913 288 0
J N 6 1839 0 3 1 0 2 13 14
K 0 0 43
K 0 132 110
A D 2 16 0
A P 1 221 0
J N 6 1879 -11 2 577 288 1 14
K 0 0 43
A D 2 16 0
A P 1 226 0
J N 6 1914 0 2 1153 288 1 14
K 0 0 43
A D 2 16 0
A P 1 221 0
J N 6 1949 10 2 1729 288 1 14
K 0 0 43
A D 2 16 0
A P 1 215 0
J N 6 1989 0 2 2305 288 1 14
K 0 0 43
A D 2 16 0
A P 1 221 0
J N 6 2024 10 2 2881 288 2 14 13
K 0 0 43
A D 2 16 0
A P 1 215 0
H 14 B 1 0 112 6 2 1 1 1 1 3
H 13 S 0 0 0 0 0 0 0 0 -3
J N 6 2059 21 3 3457 288 2 15 16
K 0 0 43
K 0 121 110
A D 2 16 0
A P 1 209 0
J N 6 2099 10 2 4033 288 1 16
K 0 0 43
A D 2 16 0
A P 1 215 0
J N 6 2134 21 2 4609 288 1 16
K 0 0 43
A D 2 16 0
A P 1 209 0
J N 6 2169 31 2 5185 288 1 16
K 0 0 43
A D 2 16 0
A P 1 204 0
J N 6 2209 21 2 5761 288 1 16
K 0 0 43
A D 2 16 0
A P 1 209 0
J N 6 2244 31 2 6337 288 2 16 15
K 0 0 43
A D 2 16 0
A P 1 204 0
H 16 B 1 0 112 6 2 1 1 1 1 3
H 15 S 0 0 0 0 0 0 0 0 -1
J B 5 2285 1 82 6913 288 0
J N 6 2317 42 3 1 0 2 17 18
K 0 0 43
K 0 121 110
A D 2 16 0
A P 1 198 0
J N 6 2352 94 2 577 288 1 18
K 0 0 43
A D 2 16 0
A P 1 169 0
J N 6 2392 84 2 1153 288 1 18
K 0 0 43
A D 2 16 0
A P 1 175 0
J N 6 2432 73 2 1729 288 1 18
K 0 0 43
A D 2 16 0
A P 1 181 0
J N 6 2472 63 2 2305 288 1 18
K 0 0 43
A D 2 16 0
A P 1 186 0
J N 6 2512 52 2 2881 288 2 18 17
K 0 0 43
A D 2 16 0
A P 1 192 0
H 18 B 0 0 112 6 2 1 1 1 1 3
H 17 S 12 0 42 0 12 0 0 0 8
J N 6 2552 42 3 3457 288 2 19 20
K 0 0 43
K 0 90 110
A D 2 16 0
A P 1 198 0
J N 6 2587 52 2 4033 288 1 20
K 0 0 43
A D 2 16 0
A P 1 192 0
J N 6 2622 63 2 4609 288 1 20
K 0 0 43
A D 2 16 0
A P 1 186 0
J N 6 2662 52 2 5185 288 1 20
K 0 0 43
A D 2 16 0
A P 1 192 0
J N 6 2702 42 2 5761 288 1 20
K 0 0 43
A D 2 16 0
A P 1 198 0
J N 6 2742 31 2 6337 288 2 20 19
K 0 0 43
A D 2 16 0
A P 1 204 0
H 20 B 0 0 112 6 2 1 1 1 1 3
H 19 S 12 0 11 0 12 0 0 0 0
J B 6 2783 1 82 6913 288 0
J N 6 2815 21 3 1 0 2 21 22
K 0 0 43
K 0 121 110
A D 2 16 0
A P 1 209 0
J N 6 2855 10 2 577 288 1 22
K 0 0 43
A D 2 16 0
A P 1 215 0
J N 6 2890 21 2 1153 288 1 22
K 0 0 43
A D 2 16 0
A P 1 209 0
J N 6 2925 31 2 1729 288 1 22
K 0 0 43
A D 2 16 0
A P 1 204 0
J N 6 2965 21 2 2305 288 1 22
K 0 0 43
A D 2 16 0
A P 1 209 0
J N 6 3000 31 2 2881 288 2 22 21
K 0 0 43
A D 2 16 0
A P 1 204 0
H 22 B 1 0 112 6 2 1 1 1 1 3
H 21 S 0 0 0 0 0 0 0 0 -3
J N 6 3035 42 3 3457 288 2 23 24
K 0 0 43
K 0 115 110
A D 2 16 0
A P 1 198 0
J N 6 3075 31 2 4033 288 1 24
K 0 0 43
A D 2 16 0
A P 1 204 0
J N 6 3110 42 2 4609 288 1 24
K 0 0 43
A D 2 16 0
A P 1 198 0
J N 6 3145 52 2 5185 288 1 24
K 0 0 43
A D 2 16 0
A P 1 192 0
J N 6 3185 42 2 5761 288 1 24
K 0 0 43
A D 2 16 0
A P 1 198 0
J N 6 3220 52 2 6337 288 2 24 23
K 0 0 43
A D 2 16 0
A P 1 192 0
H 24 B 1 0 112 6 2 1 1 1 1 3
H 23 S 0 0 0 0 0 0 0 0 -20
J B 7 3261 1 82 6913 288 0
J N 6 3293 63 3 1 0 2 25 26
K 0 0 43
K 0 81 110
A D 2 16 0
A P 1 186 0
J N 6 3333 52 2 577 288 1 26
K 0 0 43
A D 2 16 0
A P 1 192 0
J N 6 3368 63 2 1153 288 1 26
K 0 0 43
A D 2 16 0
A P 1 186 0
J N 6 3403 73 2 1729 288 1 26
K 0 0 43
A D 2 16 0
A P 1 181 0
J N 6 3443 63 2 2305 288 1 26
K 0 0 43
A D 2 16 0
A P 1 186 0
J N 6 3478 73 2 2881 288 2 26 25
K 0 0 43
A D 2 16 0
A P 1 181 0
H 26 B 0 0 112 6 2 1 1 1 1 3
H 25 S 12 0 0 0 0 0 0 0 4
J N 6 3513 84 3 3457 288 2 27 28
K 0 0 43
K 0 75 110
A D 2 16 0
A P 1 175 0
J N 6 3553 73 2 4033 288 1 28
K 0 0 43
A D 2 16 0
A P 1 181 0
J N 6 3588 84 2 4609 288 1 28
K 0 0 43
A D 2 16 0
A P 1 175 0
J N 6 3623 94 2 5185 288 1 28
K 0 0 43
A D 2 16 0
A P 1 169 0
J N 6 3663 84 2 5761 288 1 28
K 0 0 43
A D 2 16 0
A P 1 175 0
J N 6 3698 94 2 6337 288 2 28 27
K 0 0 43
A D 2 16 0
A P 1 169 0
H 28 B 0 0 112 6 2 1 1 1 1 3
H 27 S 12 0 0 0 0 0 0 0 4
J B 8 3739 1 82 6913 288 0
J N 6 3771 52 2 1 0 2 29 30
K 0 0 43
A D 2 16 0
A P 1 192 0
J N 6 3836 63 3 577 288 1 30
K -25 0 63
K 0 0 43
A D 2 16 0
A P 1 187 0
J N 6 3876 52 2 1153 288 1 30
K 0 0 43
A D 2 16 0
A P 1 192 0
J N 6 3916 42 2 1729 288 1 30
K 0 0 43
A D 2 16 0
A P 1 198 0
J N 6 3956 31 2 2305 288 1 30
K 0 0 43
A D 2 16 0
A P 1 204 0
J N 6 3991 42 2 2881 288 2 30 29
K 0 0 43
A D 2 16 0
A P 1 198 0
H 30 B 0 0 112 6 2 1 1 1 1 3
H 29 S 12 0 0 0 0 0 0 0 25
J N 6 4026 52 2 3457 288 2 31 32
K 0 0 43
A D 2 16 0
A P 1 192 0
J N 6 4066 31 2 4033 288 1 32
K 0 0 43
A D 2 16 0
A P 1 204 0
J N 6 4106 10 2 4609 288 1 32
K 0 0 43
A D 2 16 0
A P 1 215 0
J N 6 4147 63 3 5185 288 1 32
K -25 0 63
K 0 0 43
A D 2 16 0
A P 1 187 0
H 32 B 1 0 112 4 2 1 1 3
J N 7 4187 52 4 5761 288 1 31
K 0 0 43
K 0 0 59
K 0 -31 59
A D 4 16 0
A P 1 192 0
H 31 S 0 0 -21 0 -21 1 0 0 0
J B 9 4239 1 82 6913 576 0
J R 9 4271 42 2 1 10001 0
K 0 0 46
A D 24 16 0
A P 1 0 0
J B 10 4428 1 82 6913 3456 0
J N 6 4460 10 4 1 0 1 33
K 0 0 43
K -8 143 111
K 10 143 110
A D 2 16 0
A P 1 215 0
J N 6 4495 84 2 577 288 1 33
K 0 0 43
A D 2 16 0
A P 1 175 0
J N 6 4535 10 2 1153 288 1 33
K 0 0 43
A D 2 16 0
A P 1 215 0
J N 6 4575 10 2 1729 288 1 33
K 0 0 43
A D 2 16 0
A P 1 215 0
H 33 B 0 0 112 4 2 1 1 3
J N 7 4615 10 4 2305 288 0
K 0 0 43
K 0 0 60
K 0 32 60
A D 4 16 0
A P 1 215 0
J R 8 4661 42 3 3457 576 0
K 0 0 47
K 47 -10 44
A D 12 16 0
A P 1 0 0
J B 11 4770 1 82 6913 1728 0
J R 9 4802 42 2 1 10001 0
K 0 0 46
A D 24 16 0
A P 1 0 0
J B 12 4959 1 82 6913 3456 0
J N 6 4991 -21 7 1 0 1 34
K 0 0 45
K 0 0 43
K -1 0 45
K 6 0 45
K -8 184 111
K 10 184 110
A D 2 16 0
A P 1 232 0
J N 6 5026 52 2 577 288 1 34
K 0 0 43
A D 2 16 0
A P 1 192 0
J N 6 5066 -21 5 1153 288 1 34
K 0 0 45
K 0 0 43
K -1 0 45
K 6 0 45
A D 2 16 0
A P 1 232 0
J N 6 5106 -21 5 1729 288 1 34
K 0 0 45
K 0 0 43
K -1 0 45
K 6 0 45
A D 2 16 0
A P 1 232 0
H 34 B 1 0 112 4 2 1 1 3
J N 7 5146 -21 7 2305 288 0
K 0 0 45
K 0 0 43
K -1 0 45
K 6 0 45
K 0 0 60
K 0 31 60
A D 4 16 0
A P 1 232 0
J R 8 5192 42 3 3457 576 0
K 0 0 47
K 47 -10 44
A D 12 16 0
A P 1 0 0
J B 13 5301 1 82 6913 1728 0
J R 8 5333 42 3 1 0 0
K 0 0 47
K 47 -10 44
A D 12 16 0
A P 1 0 0
J N 6 5441 0 2 3457 1728 2 35 36
K 0 0 43
A D 2 16 0
A P 1 221 0
J N 6 5481 -11 2 4033 288 1 36
K 0 0 43
A D 2 16 0
A P 1 226 0
J N 6 5516 0 2 4609 288 2 36 35
K 0 0 43
A D 2 16 0
A P 1 221 0
H 35 S 0 0 0 0 0 0 0 0 0
J N 6 5556 0 2 5185 288 1 36
K 0 0 43
A D 2 16 0
A P 1 221 0
J N 6 5596 0 2 5761 288 1 36
K 0 0 43
A D 2 16 0
A P 1 221 0
J N 6 5636 0 2 6337 288 1 36
K 0 0 43
A D 2 16 0
A P 1 221 0
H 36 B 1 0 112 6 2 1 1 1 1 3
J B 14 5677 1 82 6913 288 0
J N 6 5709 0 2 1 0 2 37 38
K 0 0 43
A D 2 16 0
A P 1 221 0
J N 6 5749 -11 2 577 288 1 38
K 0 0 43
A D 2 16 0
A P 1 226 0
J N 6 5784 0 2 1153 288 1 38
K 0 0 43
A D 2 16 0
A P 1 221 0
J N 6 5824 -11 2 1729 288 2 38 37
K 0 0 43
A D 2 16 0
A P 1 226 0
H 37 S 0 0 0 0 0 0 0 0 0
J N 6 5859 10 2 2305 288 1 38
K 0 0 43
A D 2 16 0
A P 1 215 0
J N 6 5899 10 2 2881 288 1 38
K 0 0 43
A D 2 16 0
A P 1 215 0
H 38 B 1 0 112 6 2 1 1 1 1 3
J N 6 5939 -21 5 3457 288 2 39 40
K 0 0 45
K 0 0 43
K -1 0 45
K 6 0 45
A D 2 16 0
A P 1 232 0
J N 6 5979 -32 5 4033 288 1 40
K 0 11 45
K 0 0 43
K 0 11 45
K 2 11 45
A D 2 16 0
A P 1 238 0
J N 6 6014 -21 5 4609 288 1 40
K 0 0 45
K 0 0 43
K -1 0 45
K 6 0 45
A D 2 16 0
A P 1 232 0
J N 6 6054 -32 5 5185 288 2 40 39
K 0 11 45
K 0 0 43
K 0 11 45
K 2 11 45
A D 2 16 0
A P 1 238 0
H 39 S 0 0 0 0 0 0 0 0 0
J N 6 6089 -11 2 5761 288 1 40
K 0 0 43
A D 2 16 0
A P 1 226 0
J N 6 6129 -11 2 6337 288 1 40
K 0 0 43
A D 2 16 0
A P 1 226 0
H 40 B 1 0 112 6 2 1 1 1 1 3
J B 15 6170 1 82 6913 288 0
J N 6 6202 0 2 1 0 2 41 42
K 0 0 43
A D 2 16 0
A P 1 221 0
J N 6 6242 -11 2 577 288 1 42
K 0 0 43
A D 2 16 0
A P 1 226 0
J N 6 6277 0 2 1153 288 1 42
K 0 0 43
A D 2 16 0
A P 1 221 0
J N 6 6317 -11 2 1729 288 2 42 41
K 0 0 43
A D 2 16 0
A P 1 226 0
H 41 S 0 0 0 0 0 0 0 0 0
J N 6 6352 10 2 2305 288 1 42
K 0 0 43
A D 2 16 0
A P 1 215 0
J N 6 6392 10 2 2881 288 1 42
K 0 0 43
A D 2 16 0
A P 1 215 0
H 42 B 1 0 112 6 2 1 1 1 1 3
J N 6 6427 21 2 3457 288 2 43 44
K 0 0 43
A D 2 16 0
A P 1 209 0
J N 6 6467 10 2 4033 288 1 44
K 0 0 43
A D 2 16 0
A P 1 215 0
J N 6 6502 21 2 4609 288 1 44
K 0 0 43
A D 2 16 0
A P 1 209 0
J N 6 6542 10 2 5185 288 2 44 43
K 0 0 43
A D 2 16 0
A P 1 215 0
H 43 S 0 0 0 0 0 0 0 0 0
J N 6 6577 31 2 5761 288 1 44
K 0 0 43
A D 2 16 0
A P 1 204 0
J N 6 6617 31 2 6337 288 1 44
K 0 0 43
A D 2 16 0
A P 1 204 0
H 44 B 1 0 112 6 2 1 1 1 1 3
J B 16 6658 1 82 6913 288 0
J N 6 6690 10 2 1 0 2 45 46
K 0 0 43
A D 2 16 0
A P 1 215 0
J N 6 6730 0 2 577 288 1 46
K 0 0 43
A D 2 16 0
A P 1 221 0
J N 6 6765 10 2 1153 288 1 46
K 0 0 43
A D 2 16 0
A P 1 215 0
J N 6 6805 -21 5 1729 288 2 46 45
K 0 0 45
K 0 0 43
K -1 0 45
K 6 0 45
A D 2 16 0
A P 1 232 0
H 45 S 0 0 0 0 0 0 0 0 0
J N 6 6840 21 2 2305 288 1 46
K 0 0 43
A D 2 16 0
A P 1 209 0
J N 6 6880 21 2 2881 288 1 46
K 0 0 43
A D 2 16 0
A P 1 209 0
H 46 B 1 0 112 6 2 1 1 1 1 3
J N 6 6920 10 2 3457 288 1 47
K 0 0 43
A D 2 16 0
A P 1 215 0
J N 6 6960 10 2 4033 288 1 47
K 0 0 43
A D 2 16 0
A P 1 215 0
J N 6 7000 10 2 4609 288 1 47
K 0 0 43
A D 2 16 0
A P 1 215 0
J N 6 7040 10 2 5185 288 1 47
K 0 0 43
A D 2 16 0
A P 1 215 0
J N 6 7080 0 2 5761 288 1 47
K 0 0 43
A D 2 16 0
A P 1 221 0
J N 6 7120 0 2 6337 288 1 47
K 0 0 43
A D 2 16 0
A P 1 221 0
H 47 B 1 0 112 6 2 1 1 1 1 3
J B 17 7161 1 82 6913 288 0
J N 6 7193 0 2 1 0 1 48
K 0 0 43
A D 2 16 0
A P 1 221 0
J N 6 7233 0 2 577 288 1 48
K 0 0 43
A D 2 16 0
A P 1 221 0
J N 6 7273 0 2 1153 288 1 48
K 0 0 43
A D 2 16 0
A P 1 221 0
J N 6 7313 0 2 1729 288 1 48
K 0 0 43
A D 2 16 0
A P 1 221 0
J N 6 7353 0 2 2305 288 1 48
K 0 0 43
A D 2 16 0
A P 1 221 0
J N 6 7393 0 2 2881 288 1 48
K 0 0 43
A D 2 16 0
A P 1 221 0
H 48 B 1 0 112 6 2 1 1 1 1 3
J N 6 7433 0 2 3457 288 1 49
K 0 0 43
A D 2 16 0
A P 1 221 0
J N 6 7473 0 2 4033 288 1 49
K 0 0 43
A D 2 16 0
A P 1 221 0
J N 6 7513 0 2 4609 288 1 49
K 0 0 43
A D 2 16 0
A P 1 221 0
J N 6 7553 0 2 5185 288 1 49
K 0 0 43
A D 2 16 0
A P 1 221 0
J N 6 7593 0 2 5761 288 1 49
K 0 0 43
A D 2 16 0
A P 1 221 0
J N 6 7633 0 2 6337 288 1 49
K 0 0 43
A D 2 16 0
A P 1 221 0
H 49 B 1 0 112 6 2 1 1 1 1 3
J B 18 7674 1 82 6913 288 0
J N 6 7706 0 2 1 0 2 50 51
K 0 0 43
A D 2 16 0
A P 1 221 0
J N 6 7746 -11 2 577 288 1 51
K 0 0 43
A D 2 16 0
A P 1 226 0
J N 6 7781 0 2 1153 288 1 51
K 0 0 43
A D 2 16 0
A P 1 221 0
J N 6 7821 -11 2 1729 288 1 51
K 0 0 43
A D 2 16 0
A P 1 226 0
J N 6 7856 0 2 2305 288 1 51
K 0 0 43
A D 2 16 0
A P 1 221 0
J N 6 7891 10 2 2881 288 2 51 50
K 0 0 43
A D 2 16 0
A P 1 215 0
H 51 B 1 0 112 6 2 1 1 1 1 3
H 50 S 0 0 0 0 0 0 0 0 0
J N 6 7926 21 2 3457 288 2 52 53
K 0 0 43
A D 2 16 0
A P 1 209 0
J N 6 7966 10 2 4033 288 1 53
K 0 0 43
A D 2 16 0
A P 1 215 0
J N 6 8001 21 2 4609 288 1 53
K 0 0 43
A D 2 16 0
A P 1 209 0
J N 6 8041 10 2 5185 288 1 53
K 0 0 43
A D 2 16 0
A P 1 215 0
J N 6 8076 21 2 5761 288 1 53
K 0 0 43
A D 2 16 0
A P 1 209 0
J N 6 8111 31 2 6337 288 2 53 52
K 0 0 43
A D 2 16 0
A P 1 204 0
H 53 B 1 0 112 6 2 1 1 1 1 3
H 52 S 0 0 0 0 0 0 0 0 0
J B 19 8152 1 82 6913 288 0
J N 6 8184 21 2 1 0 1 54
K 0 0 43
A D 2 16 0
A P 1 209 0
J N 6 8224 21 2 577 288 1 54
K 0 0 43
A D 2 16 0
A P 1 209 0
J N 6 8264 21 2 1153 288 1 54
K 0 0 43
A D 2 16 0
A P 1 209 0
J N 6 8304 21 2 1729 288 1 54
K 0 0 43
A D 2 16 0
A P 1 209 0
J N 6 8344 21 2 2305 288 1 54
K 0 0 43
A D 2 16 0
A P 1 209 0
J N 6 8384 21 2 2881 288 1 54
K 0 0 43
A D 2 16 0
A P 1 209 0
H 54 B 1 0 112 6 2 1 1 1 1 3
J N 6 8424 21 2 3457 288 1 55
K 0 0 43
A D 2 16 0
A P 1 209 0
J N 6 8464 21 2 4033 288 1 55
K 0 0 43
A D 2 16 0
A P 1 209 0
J N 6 8504 21 2 4609 288 1 55
K 0 0 43
A D 2 16 0
A P 1 209 0
J N 6 8544 21 2 5185 288 1 55
K 0 0 43
A D 2 16 0
A P 1 209 0
J N 6 8584 21 2 5761 288 1 55
K 0 0 43
A D 2 16 0
A P 1 209 0
J N 6 8624 21 2 6337 288 1 55
K 0 0 43
A D 2 16 0
A P 1 209 0
H 55 B 1 0 112 6 2 1 1 1 1 3
J B 20 8665 1 82 6913 288 0
J N 6 8697 21 2 1 0 2 56 57
K 0 0 43
A D 2 16 0
A P 1 209 0
J N 6 8737 10 2 577 288 1 57
K 0 0 43
A D 2 16 0
A P 1 215 0
J N 6 8772 21 2 1153 288 1 57
K 0 0 43
A D 2 16 0
A P 1 209 0
J N 6 8812 10 2 1729 288 1 57
K 0 0 43
A D 2 16 0
A P 1 215 0
J N 6 8847 21 2 2305 288 1 57
K 0 0 43
A D 2 16 0
A P 1 209 0
J N 6 8882 31 2 2881 288 2 57 56
K 0 0 43
A D 2 16 0
A P 1 204 0
H 57 B 1 0 112 6 2 1 1 1 1 3
H 56 S 0 0 0 0 0 0 0 0 0
J N 6 8917 42 2 3457 288 2 58 59
K 0 0 43
A D 2 16 0
A P 1 198 0
J N 6 8957 31 2 4033 288 1 59
K 0 0 43
A D 2 16 0
A P 1 204 0
J N 6 8992 42 2 4609 288 1 59
K 0 0 43
A D 2 16 0
A P 1 198 0
J N 6 9032 31 2 5185 288 1 59
K 0 0 43
A D 2 16 0
A P 1 204 0
J N 6 9067 42 2 5761 288 1 59
K 0 0 43
A D 2 16 0
A P 1 198 0
J N 6 9102 52 2 6337 288 2 59 58
K 0 0 43
A D 2 16 0
A P 1 192 0
H 59 B 1 0 112 6 2 1 1 1 1 3
H 58 S 0 0 0 0 0 0 0 0 0
J B 21 9143 1 82 6913 288 0
J N 6 9175 42 2 1 0 1 60
K 0 0 43
A D 2 16 0
A P 1 198 0
J N 6 9215 42 2 577 288 1 60
K 0 0 43
A D 2 16 0
A P 1 198 0
J N 6 9255 42 2 1153 288 1 60
K 0 0 43
A D 2 16 0
A P 1 198 0
J N 6 9295 42 2 1729 288 1 60
K 0 0 43
A D 2 16 0
A P 1 198 0
J N 6 9335 42 2 2305 288 1 60
K 0 0 43
A D 2 16 0
A P 1 198 0
J N 6 9375 42 2 2881 288 1 60
K 0 0 43
A D 2 16 0
A P 1 198 0
H 60 B 1 0 112 6 2 1 1 1 1 3
J N 6 9415 42 2 3457 288 1 61
K 0 0 43
A D 2 16 0
A P 1 198 0
J N 6 9455 42 2 4033 288 1 61
K 0 0 43
A D 2 16 0
A P 1 198 0
J N 6 9495 42 2 4609 288 1 61
K 0 0 43
A D 2 16 0
A P 1 198 0
J N 6 9535 42 2 5185 288 1 61
K 0 0 43
A D 2 16 0
A P 1 198 0
J N 6 9575 42 2 5761 288 1 61
K 0 0 43
A D 2 16 0
A P 1 198 0
J N 6 9615 42 2 6337 288 1 61
K 0 0 43
A D 2 16 0
A P 1 198 0
H 61 B 1 0 112 6 2 1 1 1 1 3
J B 22 9656 1 82 6913 288 0
J N 6 9688 42 2 1 0 2 62 63
K 0 0 43
A D 2 16 0
A P 1 198 0
J N 6 9723 52 2 577 288 1 63
K 0 0 43
A D 2 16 0
A P 1 192 0
J N 6 9763 42 2 1153 288 1 63
K 0 0 43
A D 2 16 0
A P 1 198 0
J N 6 9798 52 2 1729 288 2 63 62
K 0 0 43
A D 2 16 0
A P 1 192 0
H 62 S 12 0 0 0 0 0 0 0 0
J N 6 9838 52 2 2305 288 1 63
K 0 0 43
A D 2 16 0
A P 1 192 0
J N 6 9878 52 2 2881 288 1 63
K 0 0 43
A D 2 16 0
A P 1 192 0
H 63 B 0 0 112 6 2 1 1 1 1 3
J N 6 9918 52 2 3457 288 2 64 65
K 0 0 43
A D 2 16 0
A P 1 192 0
J N 6 9953 126 6 4033 288 1 65
K 1 -21 45
K 1 0 45
K 0 0 43
K -1 0 45
K 6 0 45
A D 2 16 0
A P 1 152 0
J N 6 9993 52 2 4609 288 1 65
K 0 0 43
A D 2 16 0
A P 1 192 0
J N 6 10028 126 6 5185 288 2 65 64
K 1 -21 45
K 1 0 45
K 0 0 43
K -1 0 45
K 6 0 45
A D 2 16 0
A P 1 152 0
H 65 B 0 0 112 4 2 1 1 3
H 64 S 12 0 42 0 0 2 0 0 21
J N 7 10068 52 4 5761 288 0
K 0 0 43
K 0 0 59
K 0 -31 59
A D 4 16 0
A P 1 192 0
J B 23 10120 1 82 6913 576 0
J R 9 10152 42 2 1 10001 0
K 0 0 46
A D 24 16 0
A P 1 0 0
J B 24 10309 1 82 6913 3456 0
J R 8 10341 42 3 1 0 0
K 0 0 47
K 47 -10 44
A D 12 16 0
A P 1 0 0
J N 8 10449 -21 10 3457 1728 1 66
K 0 0 45
K 0 0 42
K -1 0 45
K 6 0 45
K 36 -9 44
K -8 153 110
K 17 153 110
K 0 0 60
K 0 31 60
A D 12 16 1
A P 1 232 1
J B 25 10537 1 82 6913 1728 0
J N 8 10569 -21 8 1 0 1 66
K 0 0 45
K 0 0 42
K -1 0 45
K 6 0 45
K 36 -9 44
K 0 0 60
K 0 31 60
A D 12 16 0
A P 1 232 0
H 66 T -21 0 0 0 0 0 5 0
J N 8 10651 -21 9 3457 1728 0
K 0 0 45
K 0 0 42
K -1 0 45
K 6 0 45
K 36 -9 44
K 0 153 110
K 0 0 60
K 0 31 60
A D 12 16 0
A P 1 232 0
J B 26 10739 1 82 6913 1728 0
J N 8 10779 -11 7 1 0 0
K -25 0 63
K 0 0 42
K 38 0 44
K 0 143 110
K 0 0 60
K 0 32 60
A D 12 16 0
A P 1 227 0
J N 8 10861 10 6 3457 1728 0
K 0 0 42
K 38 0 44
K 0 122 110
K 0 0 60
K 0 32 60
A D 12 16 0
A P 1 215 0
J B 27 10949 1 82 6913 1728 0
J N 8 10981 0 6 1 0 0
K 0 0 42
K 36 -9 44
K 0 132 110
K 0 0 60
K 0 31 60
A D 12 16 0
A P 1 221 0
J N 8 11063 0 6 3457 1728 0
K 0 0 42
K 36 -9 44
K 0 132 110
K 0 0 60
K 0 31 60
A D 12 16 0
A P 1 221 0
J B 28 11151 1 82 6913 1728 0
J N 8 11183 10 6 1 0 0
K 0 0 42
K 38 0 44
K 0 122 110
K 0 0 60
K 0 32 60
A D 12 16 0
A P 1 215 0
J N 8 11265 31 6 3457 1728 0
K 0 0 42
K 38 0 44
K 0 107 110
K 0 0 60
K 0 32 60
A D 12 16 0
A P 1 204 0
J B 29 11353 1 82 6913 1728 0
J N 8 11385 21 6 1 0 0
K 0 0 42
K 36 -9 44
K 0 111 110
K 0 0 60
K 0 31 60
A D 12 16 0
A P 1 209 0
J N 8 11467 21 6 3457 1728 0
K 0 0 42
K 36 -9 44
K 0 111 110
K 0 0 60
K 0 31 60
A D 12 16 0
A P 1 209 0
J B 30 11555 1 82 6913 1728 0
J N 8 11587 31 6 1 0 0
K 0 0 42
K 38 0 44
K 0 107 110
K 0 0 60
K 0 32 60
A D 12 16 0
A P 1 204 0
J N 8 11669 52 6 3457 1728 0
K 0 0 42
K 38 0 44
K 0 80 110
K 0 0 59
K 0 -31 59
A D 12 16 0
A P 1 192 0
J B 31 11757 1 82 6913 1728 0
J N 8 11789 -11 6 1 0 0
K 0 0 42
K 38 0 44
K 0 143 110
K 0 0 60
K 0 32 60
A D 12 16 0
A P 1 226 0
J N 8 11871 -11 6 3457 1728 0
K 0 0 42
K 38 0 44
K 0 143 110
K 0 0 60
K 0 32 60
A D 12 16 0
A P 1 226 0
J B 32 11959 1 82 6913 1728 0
J N 8 11991 0 6 1 0 0
K 0 0 42
K 36 -9 44
K 0 132 110
K 0 0 60
K 0 31 60
A D 12 16 0
A P 1 221 0
J R 8 12073 42 3 3457 1728 0
K 0 0 47
K 47 -10 44
A D 12 16 0
A P 1 0 0
J B 33 12182 1 82 6913 1728 0
J N 8 12214 0 5 1 0 0
K 0 0 42
K 36 -9 44
K 0 0 60
K 0 31 60
A D 12 16 0
A P 1 221 0
J N 8 12296 0 5 3457 1728 0
K 0 0 42
K 36 -9 44
K 0 0 60
K 0 31 60
A D 12 16 0
A P 1 221 0
J B 34 12384 1 82 6913 1728 0
J N 8 12416 0 5 1 0 0
K 0 0 42
K 36 -9 44
K 0 0 60
K 0 31 60
A D 12 16 0
A P 1 221 0
J N 8 12498 42 5 3457 1728 0
K 0 0 42
K 36 -9 44
K 0 0 60
K 0 31 60
A D 12 16 0
A P 1 198 0
J B 35 12586 1 82 6913 1728 0
J N 8 12618 -21 8 1 0 0
K 0 0 45
K 0 0 42
K -1 0 45
K 6 0 45
K 36 -9 44
K 0 0 60
K 0 31 60
A D 12 16 0
A P 1 232 0
J N 8 12700 -21 8 3457 1728 0
K 0 0 45
K 0 0 42
K -1 0 45
K 6 0 45
K 36 -9 44
K 0 0 60
K 0 31 60
A D 12 16 0
A P 1 232 0
J B 36 12788 1 82 6913 1728 0
J N 8 12828 -11 6 1 0 0
K -25 0 63
K 0 0 42
K 38 0 44
K 0 0 60
K 0 32 60
A D 12 16 0
A P 1 227 0
J N 8 12910 -11 5 3457 1728 0
K -22 0 64
K 0 0 42
K 0 0 60
K 0 32 60
A D 12 16 0
A P 1 226 0
J B 37 12980 1 82 6913 1728 0
J N 8 13012 -11 5 1 0 0
K 0 0 42
K 38 0 44
K 0 0 60
K 0 32 60
A D 12 16 0
A P 1 226 0
J N 8 13094 -11 5 3457 1728 0
K 0 0 42
K 38 0 44
K 0 0 60
K 0 32 60
A D 12 16 0
A P 1 226 0
J B 38 13182 1 82 6913 1728 0
J N 8 13214 0 5 1 0 0
K 0 0 42
K 36 -9 44
K 0 0 60
K 0 31 60
A D 12 16 0
A P 1 221 0
J R 8 13296 42 3 3457 1728 0
K 0 0 47
K 47 -10 44
A D 12 16 0
A P 1 0 0
J B 39 13405 1 82 6913 1728 0
J N 6 13437 0 2 1 0 2 67 68
K 0 0 43
A D 2 16 0
A P 1 221 0
J N 6 13472 52 2 577 288 1 68
K 0 0 43
A D 2 16 0
A P 1 192 0
J N 6 13512 31 2 1153 288 1 68
K 0 0 43
A D 2 16 0
A P 1 204 0
J N 6 13552 21 2 1729 288 1 68
K 0 0 43
A D 2 16 0
A P 1 209 0
J N 6 13592 10 2 2305 288 1 68
K 0 0 43
A D 2 16 0
A P 1 215 0
J N 6 13632 0 2 2881 288 2 68 67
K 0 0 43
A D 2 16 0
A P 1 221 0
H 68 B 1 0 112 6 2 1 1 1 1 3
H 67 S 0 0 0 0 0 0 0 0 0
J N 6 13672 -11 2 3457 288 2 69 70
K 0 0 43
A D 2 16 0
A P 1 226 0
J N 6 13707 21 2 4033 288 1 70
K 0 0 43
A D 2 16 0
A P 1 209 0
J N 6 13747 -11 2 4609 288 1 70
K 0 0 43
A D 2 16 0
A P 1 226 0
J N 6 13782 21 2 5185 288 1 70
K 0 0 43
A D 2 16 0
A P 1 209 0
J N 6 13822 -21 5 5761 288 1 70
K 0 0 45
K 0 0 43
K -1 0 45
K 6 0 45
A D 2 16 0
A P 1 232 0
J N 6 13857 21 2 6337 288 2 70 69
K 0 0 43
A D 2 16 0
A P 1 209 0
H 70 B 1 0 112 6 2 1 1 1 1 3
H 69 S 0 0 -10 0 -32 0 0 0 0
J B 40 13898 1 82 6913 288 0
J N 6 13930 -21 5 1 0 2 71 72
K 0 0 45
K 0 0 43
K -1 0 45
K 6 0 45
A D 2 16 0
A P 1 232 0
J N 6 13970 -32 5 577 288 1 72
K 0 11 45
K 0 0 43
K 0 11 45
K 2 11 45
A D 2 16 0
A P 1 238 0
J N 6 14005 -21 5 1153 288 1 72
K 0 0 45
K 0 0 43
K -1 0 45
K 6 0 45
A D 2 16 0
A P 1 232 0
J N 6 14040 -11 2 1729 288 1 72
K 0 0 43
A D 2 16 0
A P 1 226 0
J N 6 14080 -21 5 2305 288 1 72
K 0 0 45
K 0 0 43
K -1 0 45
K 6 0 45
A D 2 16 0
A P 1 232 0
J N 6 14115 -11 2 2881 288 2 72 71
K 0 0 43
A D 2 16 0
A P 1 226 0
H 72 B 1 0 112 6 2 1 1 1 1 3
H 71 S 0 0 0 0 0 0 0 0 0
J N 6 14150 0 2 3457 288 2 73 74
K 0 0 43
A D 2 16 0
A P 1 221 0
J N 6 14190 -11 2 4033 288 1 74
K 0 0 43
A D 2 16 0
A P 1 226 0
J N 6 14225 0 2 4609 288 1 74
K 0 0 43
A D 2 16 0
A P 1 221 0
J N 6 14260 10 2 5185 288 1 74
K 0 0 43
A D 2 16 0
A P 1 215 0
J N 6 14300 0 2 5761 288 1 74
K 0 0 43
A D 2 16 0
A P 1 221 0
J N 6 14335 10 2 6337 288 2 74 73
K 0 0 43
A D 2 16 0
A P 1 215 0
H 74 B 1 0 112 6 2 1 1 1 1 3
H 73 S 0 0 0 0 0 0 0 0 0
J B 41 14376 1 82 6913 288 0
J N 6 14408 21 2 1 0 2 75 76
K 0 0 43
A D 2 16 0
A P 1 209 0
J N 6 14443 73 2 577 288 1 76
K 0 0 43
A D 2 16 0
A P 1 181 0
J N 6 14483 42 2 1153 288 1 76
K 0 0 43
A D 2 16 0
A P 1 198 0
J N 6 14523 31 2 1729 288 1 76
K 0 0 43
A D 2 16 0
A P 1 204 0
J N 6 14563 21 2 2305 288 1 76
K 0 0 43
A D 2 16 0
A P 1 209 0
J N 6 14598 42 2 2881 288 2 76 75
K 0 0 43
A D 2 16 0
A P 1 198 0
H 76 B 0 0 112 6 2 1 1 1 1 3
H 75 S 12 0 42 0 0 0 0 0 11
J N 6 14638 10 2 3457 288 2 77 78
K 0 0 43
A D 2 16 0
A P 1 215 0
J N 6 14673 42 2 4033 288 1 78
K 0 0 43
A D 2 16 0
A P 1 198 0
J N 6 14713 10 2 4609 288 1 78
K 0 0 43
A D 2 16 0
A P 1 215 0
J N 6 14748 42 2 5185 288 1 78
K 0 0 43
A D 2 16 0
A P 1 198 0
J N 6 14788 0 2 5761 288 1 78
K 0 0 43
A D 2 16 0
A P 1 221 0
J N 6 14823 42 2 6337 288 2 78 77
K 0 0 43
A D 2 16 0
A P 1 198 0
H 78 B 1 0 112 6 2 1 1 1 1 3
H 77 S 0 0 -10 0 -32 0 0 0 0
J B 42 14864 1 82 6913 288 0
J N 6 14896 0 2 1 0 2 79 80
K 0 0 43
A D 2 16 0
A P 1 221 0
J N 6 14936 -11 2 577 288 1 80
K 0 0 43
A D 2 16 0
A P 1 226 0
J N 6 14971 0 2 1153 288 1 80
K 0 0 43
A D 2 16 0
A P 1 221 0
J N 6 15006 10 2 1729 288 1 80
K 0 0 43
A D 2 16 0
A P 1 215 0
J N 6 15046 0 2 2305 288 1 80
K 0 0 43
A D 2 16 0
A P 1 221 0
J N 6 15081 10 2 2881 288 2 80 79
K 0 0 43
A D 2 16 0
A P 1 215 0
H 80 B 1 0 112 6 2 1 1 1 1 3
H 79 S 0 0 0 0 0 0 0 0 -10
J N 6 15116 21 2 3457 288 2 81 82
K 0 0 43
A D 2 16 0
A P 1 209 0
J N 6 15156 10 2 4033 288 1 82
K 0 0 43
A D 2 16 0
A P 1 215 0
J N 6 15191 21 2 4609 288 1 82
K 0 0 43
A D 2 16 0
A P 1 209 0
J N 6 15226 31 2 5185 288 1 82
K 0 0 43
A D 2 16 0
A P 1 204 0
J N 6 15266 21 2 5761 288 1 82
K 0 0 43
A D 2 16 0
A P 1 209 0
J N 6 15301 31 2 6337 288 2 82 81
K 0 0 43
A D 2 16 0
A P 1 204 0
H 82 B 1 0 112 6 2 1 1 1 1 3
H 81 S 0 0 0 0 0 0 0 0 -14
J B 43 15342 1 82 6913 288 0
J N 6 15374 42 2 1 0 2 83 84
K 0 0 43
A D 2 16 0
A P 1 198 0
J N 6 15409 84 2 577 288 1 84
K 0 0 43
A D 2 16 0
A P 1 175 0
J N 6 15474 63 3 1153 288 1 84
K -25 0 63
K 0 0 43
A D 2 16 0
A P 1 187 0
J N 6 15514 52 2 1729 288 1 84
K 0 0 43
A D 2 16 0
A P 1 192 0
J N 6 15554 42 2 2305 288 1 84
K 0 0 43
A D 2 16 0
A P 1 198 0
J N 6 15589 84 2 2881 288 2 84 83
K 0 0 43
A D 2 16 0
A P 1 175 0
H 84 B 0 0 112 6 2 1 1 1 1 3
H 83 S 12 0 32 0 0 0 0 0 11
J N 6 15629 31 2 3457 288 2 85 86
K 0 0 43
A D 2 16 0
A P 1 204 0
J N 6 15664 52 2 4033 288 1 86
K 0 0 43
A D 2 16 0
A P 1 192 0
J N 6 15704 42 2 4609 288 1 86
K 0 0 43
A D 2 16 0
A P 1 198 0
J N 6 15744 31 2 5185 288 1 86
K 0 0 43
A D 2 16 0
A P 1 204 0
J N 6 15784 21 2 5761 288 1 86
K 0 0 43
A D 2 16 0
A P 1 209 0
J N 6 15819 42 2 6337 288 2 86 85
K 0 0 43
A D 2 16 0
A P 1 198 0
H 86 B 1 0 112 6 2 1 1 1 1 3
H 85 S 0 0 -10 0 -11 0 0 0 -1
J B 44 15860 1 82 6913 288 0
J N 6 15892 21 2 1 0 2 87 88
K 0 0 43
A D 2 16 0
A P 1 209 0
J N 6 15932 10 2 577 288 1 88
K 0 0 43
A D 2 16 0
A P 1 215 0
J N 6 15967 21 2 1153 288 1 88
K 0 0 43
A D 2 16 0
A P 1 209 0
J N 6 16002 31 2 1729 288 1 88
K 0 0 43
A D 2 16 0
A P 1 204 0
J N 6 16042 21 2 2305 288 1 88
K 0 0 43
A D 2 16 0
A P 1 209 0
J N 6 16077 31 2 2881 288 2 88 87
K 0 0 43
A D 2 16 0
A P 1 204 0
H 88 B 1 0 112 6 2 1 1 1 1 3
H 87 S 0 0 0 0 0 0 0 0 -5
J N 6 16112 42 2 3457 288 2 89 90
K 0 0 43
A D 2 16 0
A P 1 198 0
J N 6 16152 31 2 4033 288 1 90
K 0 0 43
A D 2 16 0
A P 1 204 0
J N 6 16187 42 2 4609 288 1 90
K 0 0 43
A D 2 16 0
A P 1 198 0
J N 6 16222 52 2 5185 288 1 90
K 0 0 43
A D 2 16 0
A P 1 192 0
J N 6 16262 42 2 5761 288 1 90
K 0 0 43
A D 2 16 0
A P 1 198 0
J N 6 16297 52 2 6337 288 2 90 89
K 0 0 43
A D 2 16 0
A P 1 192 0
H 90 B 1 0 112 6 2 1 1 1 1 3
H 89 S 0 0 0 0 0 0 0 0 -20
J B 45 16338 1 82 6913 288 0
J N 6 16378 63 3 1 0 2 91 92
K -25 0 63
K 0 0 43
A D 2 16 0
A P 1 187 0
J N 6 16418 52 2 577 288 1 92
K 0 0 43
A D 2 16 0
A P 1 192 0
J N 6 16453 63 2 1153 288 1 92
K 0 0 43
A D 2 16 0
A P 1 187 0
J N 6 16488 73 2 1729 288 1 92
K 0 0 43
A D 2 16 0
A P 1 181 0
J N 6 16523 84 2 2305 288 1 92
K 0 0 43
A D 2 16 0
A P 1 175 0
J N 6 16563 73 2 2881 288 2 92 91
K 0 0 43
A D 2 16 0
A P 1 181 0
H 92 B 0 0 112 6 2 1 1 1 1 3
H 91 S 12 0 0 0 0 0 0 0 8
J N 6 16598 84 2 3457 288 2 93 94
K 0 0 43
A D 2 16 0
A P 1 175 0
J N 6 16638 63 2 4033 288 1 94
K 0 0 43
A D 2 16 0
A P 1 187 0
J N 6 16678 42 2 4609 288 1 94
K 0 0 43
A D 2 16 0
A P 1 198 0
J N 6 16718 31 2 5185 288 2 94 93
K 0 0 43
A D 2 16 0
A P 1 204 0
H 94 B 0 0 112 4 2 1 1 3
H 93 S 12 0 0 0 0 0 0 0 0
J N 7 16758 21 4 5761 288 0
K 0 0 43
K 0 0 60
K 0 31 60
A D 4 16 0
A P 1 209 0
J B 46 16810 1 82 6913 576 0
J R 8 16842 42 3 1 0 0
K 0 0 47
K 47 -10 44
A D 12 16 0
A P 1 0 0
J N 8 16950 52 6 3457 1728 1 95
K 0 0 42
K -8 86 110
K 17 86 110
K 0 0 59
K 0 -31 59
A D 12 16 1
A P 1 192 1
J B 47 17020 1 82 6913 1728 0
J N 8 17052 52 5 1 0 1 95
K 0 0 42
K 38 0 44
K 0 0 59
K 0 -31 59
A D 12 16 0
A P 1 192 0
H 95 T 52 0 0 0 0 0 9 0
J N 8 17134 52 6 3457 1728 0
K 0 0 42
K 38 0 44
K 0 80 110
K 0 0 59
K 0 -31 59
A D 12 16 0
A P 1 192 0
J B 48 17222 1 82 6913 1728 0
J N 8 17262 63 7 1 0 0
K -25 0 63
K 0 0 42
K 36 -9 44
K 0 69 110
K 0 0 59
K 0 -32 59
A D 12 16 0
A P 1 187 0
J N 8 17344 84 6 3457 1728 0
K 0 0 42
K 36 -9 44
K 0 54 110
K 0 0 59
K 0 -32 59
A D 12 16 0
A P 1 175 0
J B 49 17432 1 82 6913 1728 0
J R 9 17464 42 2 1 10001 0
K 0 0 46
A D 24 16 0
A P 1 0 0
J B 50 17621 1 82 6913 3456 0
J R 8 17653 42 3 1 0 0
K 0 0 47
K 47 -10 44
A D 12 16 0
A P 1 0 0
J N 8 17761 0 7 3457 1728 1 96
K 0 0 42
K 36 -9 44
K -8 132 110
K 17 132 110
K 0 0 60
K 0 31 60
A D 12 16 1
A P 1 221 1
J B 51 17849 1 82 6913 1728 0
J N 8 17881 0 5 1 0 1 96
K 0 0 42
K 36 -9 44
K 0 0 60
K 0 31 60
A D 12 16 0
A P 1 221 0
H 96 T 0 0 0 0 0 0 5 0
J N 8 17963 0 6 3457 1728 0
K 0 0 42
K 36 -9 44
K 0 132 110
K 0 0 60
K 0 31 60
A D 12 16 0
A P 1 221 0
J B 52 18051 1 82 6913 1728 0
J N 8 18091 10 7 1 0 0
K -25 0 63
K 0 0 42
K 38 0 44
K 0 122 110
K 0 0 60
K 0 32 60
A D 12 16 0
A P 1 216 0
J N 8 18173 31 6 3457 1728 0
K 0 0 42
K 38 0 44
K 0 107 110
K 0 0 60
K 0 32 60
A D 12 16 0
A P 1 204 0
J B 53 18261 1 82 6913 1728 0
J N 8 18298 10 7 1 0 0
K -22 0 64
K 0 0 42
K 38 0 44
K 0 122 110
K 0 0 60
K 0 32 60
A D 12 16 0
A P 1 215 0
J N 8 18380 10 6 3457 1728 0
K 0 0 42
K 38 0 44
K 0 122 110
K 0 0 60
K 0 32 60
A D 12 16 0
A P 1 215 0
J B 54 18468 1 82 6913 1728 0
J N 8 18508 21 7 1 0 0
K -25 0 63
K 0 0 42
K 36 -9 44
K 0 111 110
K 0 0 60
K 0 31 60
A D 12 16 0
A P 1 210 0
J N 8 18590 42 6 3457 1728 0
K 0 0 42
K 36 -9 44
K 0 102 110
K 0 0 60
K 0 31 60
A D 12 16 0
A P 1 198 0
J B 55 18678 1 82 6913 1728 0
J N 8 18710 0 5 1 0 1 97
K 0 0 42
K 36 -9 44
K 0 0 60
K 0 31 60
A D 12 16 1
A P 1 221 1
J N 8 18792 0 4 3457 1728 1 97
K 0 0 42
K 0 0 60
K 0 31 60
A D 8 16 0
A P 1 221 0
H 97 T 0 0 0 0 0 0 5 0
J N 7 18856 21 5 5761 1152 0
K -22 0 64
K 0 0 43
K 0 0 60
K 0 31 60
A D 4 16 0
A P 1 209 0
J B 56 18908 1 82 6913 576 0
J N 8 18940 10 4 1 0 0
K 0 0 42
K 0 0 60
K 0 32 60
A D 8 16 0
A P 1 215 0
J N 7 19004 31 4 2305 1152 0
K 0 0 43
K 0 0 60
K 0 32 60
A D 4 16 0
A P 1 204 0
J N 8 19050 21 4 3457 576 0
K 0 0 42
K 0 0 60
K 0 31 60
A D 8 16 0
A P 1 209 0
J N 7 19114 10 4 5761 1152 0
K 0 0 43
K 0 0 60
K 0 32 60
A D 4 16 0
A P 1 215 0
J B 57 19166 1 82 6913 576 0
J N 8 19206 52 6 1 0 0
K -25 0 63
K 0 0 42
K 38 0 44
K 0 0 59
K 0 -31 59
A D 12 16 0
A P 1 193 0
J N 8 19288 42 4 3457 1728 0
K 0 0 42
K 0 0 60
K 0 31 60
A D 8 16 0
A P 1 198 0
J N 7 19352 52 4 5761 1152 0
K 0 0 43
K 0 0 59
K 0 -31 59
A D 4 16 0
A P 1 193 0
J B 58 19404 1 82 6913 576 0
J N 8 19436 42 5 1 0 0
K 0 0 42
K 36 -9 44
K 0 0 60
K 0 31 60
A D 12 16 0
A P 1 198 0
J N 8 19518 21 8 3457 1728 1 98
K -25 0 63
K 0 0 42
K 36 -9 44
K -8 111 111
K 10 111 110
K 0 0 60
K 0 31 60
A D 12 16 1
A P 1 210 1
J B 59 19606 1 82 6913 1728 0
J N 8 19646 21 6 1 0 1 98
k -25 0 63
K 0 0 42
K 36 -9 44
K 0 0 60
K 0 31 60
A D 12 16 0
A P 1 210 0
H 98 T 21 0 0 0 0 0 5 0
J N 8 19728 21 6 3457 1728 0
K -25 0 63
K 0 0 42
K 36 -9 44
K 0 0 60
K 0 31 60
A D 12 16 0
A P 1 210 0
J B 60 19816 1 82 6913 1728 0
J N 8 19848 10 6 1 0 0
K 0 0 42
K 38 0 44
K 0 122 110
K 0 0 60
K 0 32 60
A D 12 16 0
A P 1 215 0
J N 8 19930 10 6 3457 1728 0
K 0 0 42
K 38 0 44
K 0 122 110
K 0 0 60
K 0 32 60
A D 12 16 0
A P 1 215 0
J B 61 20018 1 82 6913 1728 0
J N 8 20058 -11 7 1 0 0
K -25 0 63
K 0 0 42
K 38 0 44
K 0 143 110
K 0 0 60
K 0 32 60
A D 12 16 0
A P 1 227 0
J N 8 20140 -11 6 3457 1728 0
K 0 0 42
K 38 0 44
K 0 143 110
K 0 0 60
K 0 32 60
A D 12 16 0
A P 1 227 0
J B 62 20228 1 82 6913 1728 0
J N 8 20260 -21 9 1 0 0
K 0 0 45
K 0 0 42
K -1 0 45
K 6 0 45
K 36 -9 44
K 0 153 110
K 0 0 60
K 0 31 60
A D 12 16 0
A P 1 232 0
J N 8 20342 52 6 3457 1728 0
K 0 0 42
K 38 0 44
K 0 80 110
K 0 0 59
K 0 -31 59
A D 12 16 0
A P 1 192 0
J B 63 20430 1 82 6913 1728 0
J N 8 20462 -21 9 1 0 0
K 0 0 45
K 0 0 42
K -1 0 45
K 6 0 45
K 36 -9 44
K 0 153 110
K 0 0 60
K 0 31 60
A D 12 16 0
A P 1 232 0
J N 8 20544 -21 9 3457 1728 0
K 0 0 45
K 0 0 42
K -1 0 45
K 6 0 45
K 36 -9 44
K 0 153 110
K 0 0 60
K 0 31 60
A D 12 16 0
A P 1 232 0
J B 64 20632 1 82 6913 1728 0
J N 9 20664 -21 9 1 0 1 99
K 0 0 45
K 7 0 45
K 0 0 41
K -1 0 45
K 6 0 45
K 46 -9 44
K -8 153 110
K 17 153 110
A D 24 16 1
A P 1 232 1
J B 65 20797 1 82 6913 3456 0
J N 8 20829 -21 8 1 0 2 100 99
K 0 0 45
K 0 0 42
K -1 0 45
K 6 0 45
K 36 -9 44
K 0 0 60
K 0 31 60
A D 12 16 1
A P 1 232 1
H 99 T -21 0 0 0 0 0 5 0
J D 0 20911 0 1 3457 1728 0
W 0 138 36 non legato
J N 6 20911 -21 5 3457 0 2 101 100
K 0 0 45
K 0 0 43
K -1 0 45
K 6 0 45
A D 2 16 0
A P 1 232 0
H 100 T -21 0 0 0 0 0 5 0
J N 6 20951 -32 5 4033 288 1 101
K 0 11 45
K 0 0 43
K 0 11 45
K 2 11 45
A D 2 16 0
A P 1 238 0
J N 6 20986 -21 5 4609 288 1 101
K 0 0 45
K 0 0 43
K -1 0 45
K 6 0 45
A D 2 16 0
A P 1 232 0
J N 6 21021 -11 2 5185 288 1 101
K 0 0 43
A D 2 16 0
A P 1 226 0
J N 6 21056 0 2 5761 288 1 101
K 0 0 43
A D 2 16 0
A P 1 221 0
J N 6 21096 -11 2 6337 288 1 101
K 0 0 43
A D 2 16 0
A P 1 226 0
H 101 B 1 0 112 6 2 1 1 1 1 3
J B 66 21137 1 82 6913 288 0
J N 6 21169 -21 5 1 0 1 102
K 0 0 45
K 0 0 43
K -1 0 45
K 6 0 45
A D 2 16 0
A P 1 232 0
J N 6 21204 31 2 577 288 1 102
K 0 0 43
A D 2 16 0
A P 1 204 0
J N 6 21244 21 2 1153 288 1 102
K 0 0 43
A D 2 16 0
A P 1 209 0
J N 6 21284 10 2 1729 288 1 102
K 0 0 43
A D 2 16 0
A P 1 215 0
J N 6 21324 0 2 2305 288 1 102
K 0 0 43
A D 2 16 0
A P 1 221 0
J N 6 21364 -11 2 2881 288 1 102
K 0 0 43
A D 2 16 0
A P 1 226 0
H 102 B 1 0 112 6 2 1 1 1 1 3
J N 6 21404 -21 5 3457 288 1 103
K 0 0 45
K 0 0 43
K -1 0 45
K 6 0 45
A D 2 16 0
A P 1 232 0
J N 6 21439 -11 2 4033 288 1 103
K 0 0 43
A D 2 16 0
A P 1 226 0
J N 6 21474 0 2 4609 288 1 103
K 0 0 43
A D 2 16 0
A P 1 221 0
J N 6 21514 -11 2 5185 288 1 103
K 0 0 43
A D 2 16 0
A P 1 226 0
J N 6 21554 -21 5 5761 288 1 103
K 0 0 45
K 0 0 43
K -1 0 45
K 6 0 45
A D 2 16 0
A P 1 232 0
J N 6 21594 -32 5 6337 288 1 103
K 0 11 45
K 0 0 43
K 0 11 45
K 2 11 45
A D 2 16 0
A P 1 238 0
H 103 B 1 0 112 6 2 1 1 1 1 3
J B 67 21635 1 82 6913 288 0
J N 6 21667 -21 5 1 0 1 104
K 0 0 45
K 0 0 43
K -1 0 45
K 6 0 45
A D 2 16 0
A P 1 232 0
J N 6 21702 -11 2 577 288 1 104
K 0 0 43
A D 2 16 0
A P 1 226 0
J N 6 21742 -21 5 1153 288 1 104
K 0 0 45
K 0 0 43
K -1 0 45
K 6 0 45
A D 2 16 0
A P 1 232 0
J N 6 21782 -32 5 1729 288 1 104
K 0 11 45
K 0 0 43
K 0 11 45
K 2 11 45
A D 2 16 0
A P 1 238 0
J N 6 21817 10 2 2305 288 1 104
K 0 0 43
A D 2 16 0
A P 1 215 0
J N 6 21857 -21 5 2881 288 1 104
K 0 0 45
K 0 0 43
K -1 0 45
K 6 0 45
A D 2 16 0
A P 1 232 0
H 104 B 1 0 112 6 2 1 1 1 1 3
J N 6 21897 -21 5 3457 288 1 105
K 0 0 45
K 0 0 43
K -1 0 45
K 6 0 45
A D 2 16 0
A P 1 232 0
J N 6 21932 21 2 4033 288 1 105
K 0 0 43
A D 2 16 0
A P 1 209 0
J N 6 21972 0 2 4609 288 1 105
K 0 0 43
A D 2 16 0
A P 1 221 0
J N 6 22012 -11 2 5185 288 1 105
K 0 0 43
A D 2 16 0
A P 1 226 0
J N 6 22052 -21 5 5761 288 1 105
K 0 0 45
K 0 0 43
K -1 0 45
K 6 0 45
A D 2 16 0
A P 1 232 0
J N 6 22092 -21 5 6337 288 1 105
K 0 0 45
K 0 0 43
K -1 0 45
K 6 0 45
A D 2 16 0
A P 1 232 0
H 105 B 1 0 112 6 2 1 1 1 1 3
J B 68 22133 1 82 6913 288 0
J N 6 22165 -21 5 1 0 1 106
K 0 0 45
K 0 0 43
K -1 0 45
K 6 0 45
A D 2 16 0
A P 1 232 0
J N 6 22200 10 2 577 288 1 106
K 0 0 43
A D 2 16 0
A P 1 215 0
J N 6 22235 21 2 1153 288 1 106
K 0 0 43
A D 2 16 0
A P 1 209 0
J N 6 22275 10 2 1729 288 1 106
K 0 0 43
A D 2 16 0
A P 1 215 0
J N 6 22315 0 2 2305 288 1 106
K 0 0 43
A D 2 16 0
A P 1 221 0
J N 6 22350 21 2 2881 288 1 106
K 0 0 43
A D 2 16 0
A P 1 209 0
H 106 B 1 0 112 6 2 1 1 1 1 3
J N 6 22390 -11 2 3457 288 1 107
K 0 0 43
A D 2 16 0
A P 1 226 0
J N 6 22425 10 2 4033 288 1 107
K 0 0 43
A D 2 16 0
A P 1 215 0
J N 6 22465 0 2 4609 288 1 107
K 0 0 43
A D 2 16 0
A P 1 221 0
J N 6 22505 -11 2 5185 288 1 107
K 0 0 43
A D 2 16 0
A P 1 226 0
J N 6 22545 -21 5 5761 288 1 107
K 0 0 45
K 0 0 43
K -1 0 45
K 6 0 45
A D 2 16 0
A P 1 232 0
J N 6 22585 -21 5 6337 288 1 107
K 0 0 45
K 0 0 43
K -1 0 45
K 6 0 45
A D 2 16 0
A P 1 232 0
H 107 B 1 0 112 6 2 1 1 1 1 3
J B 69 22626 1 82 6913 288 0
J D 0 22658 0 1 1 0 0
W 0 136 36 sempre non legato
J N 6 22658 -21 5 1 0 1 108
K 0 0 45
K 0 0 43
K -1 0 45
K 6 0 45
A D 2 16 0
A P 1 232 0
J N 6 22698 -32 5 577 288 1 108
K 0 11 45
K 0 0 43
K 0 11 45
K 2 11 45
A D 2 16 0
A P 1 238 0
J N 6 22733 -21 5 1153 288 1 108
K 0 0 45
K 0 0 43
K -1 0 45
K 6 0 45
A D 2 16 0
A P 1 232 0
J N 6 22768 -11 2 1729 288 1 108
K 0 0 43
A D 2 16 0
A P 1 226 0
J N 6 22808 -21 5 2305 288 1 108
K 0 0 45
K 0 0 43
K -1 0 45
K 6 0 45
A D 2 16 0
A P 1 232 0
J N 6 22843 -11 2 2881 288 1 108
K 0 0 43
A D 2 16 0
A P 1 226 0
H 108 B 1 0 112 6 2 1 1 1 1 3
J N 6 22883 -21 5 3457 288 1 109
K 0 0 45
K 0 0 43
K -1 0 45
K 6 0 45
A D 2 16 0
A P 1 232 0
J N 6 22923 -21 5 4033 288 1 109
K 0 0 45
K 0 0 43
K -1 0 45
K 6 0 45
A D 2 16 0
A P 1 232 0
J N 6 22963 -21 5 4609 288 1 109
K 0 0 45
K 0 0 43
K -1 0 45
K 6 0 45
A D 2 16 0
A P 1 232 0
J N 6 23003 -21 5 5185 288 1 109
K 0 0 45
K 0 0 43
K -1 0 45
K 6 0 45
A D 2 16 0
A P 1 232 0
J N 6 23043 -21 5 5761 288 1 109
K 0 0 45
K 0 0 43
K -1 0 45
K 6 0 45
A D 2 16 0
A P 1 232 0
J N 6 23083 -21 5 6337 288 1 109
K 0 0 45
K 0 0 43
K -1 0 45
K 6 0 45
A D 2 16 0
A P 1 232 0
H 109 B 1 0 112 6 2 1 1 1 1 3
J B 70 23124 1 82 6913 288 0
J N 6 23156 -21 5 1 0 1 110
K 0 0 45
K 0 0 43
K -1 0 45
K 6 0 45
A D 2 16 0
A P 1 232 0
J N 6 23191 42 2 577 288 1 110
K 0 0 43
A D 2 16 0
A P 1 198 0
J N 6 23253 31 3 1153 288 1 110
K -22 0 64
K 0 0 43
A D 2 16 0
A P 1 203 0
J N 6 23293 21 2 1729 288 1 110
K 0 0 43
A D 2 16 0
A P 1 209 0
J N 6 23333 10 2 2305 288 1 110
K 0 0 43
A D 2 16 0
A P 1 215 0
J N 6 23373 -11 2 2881 288 1 110
K 0 0 43
A D 2 16 0
A P 1 226 0
H 110 B 1 0 112 6 2 1 1 1 1 3
J N 6 23413 -21 5 3457 288 1 111
K 0 0 45
K 0 0 43
K -1 0 45
K 6 0 45
A D 2 16 0
A P 1 232 0
J N 6 23453 -21 5 4033 288 1 111
K 0 0 45
K 0 0 43
K -1 0 45
K 6 0 45
A D 2 16 0
A P 1 232 0
J N 6 23493 -21 5 4609 288 1 111
K 0 0 45
K 0 0 43
K -1 0 45
K 6 0 45
A D 2 16 0
A P 1 232 0
J N 6 23533 -21 5 5185 288 1 111
K 0 0 45
K 0 0 43
K -1 0 45
K 6 0 45
A D 2 16 0
A P 1 232 0
J N 6 23573 -32 5 5761 288 1 111
K 0 11 45
K 0 0 43
K 0 11 45
K 2 11 45
A D 2 16 0
A P 1 238 0
J N 6 23613 -32 5 6337 288 1 111
K 0 11 45
K 0 0 43
K 0 11 45
K 2 11 45
A D 2 16 0
A P 1 238 0
H 111 B 1 0 112 6 2 1 1 1 1 3
J B 71 23654 1 82 6913 288 0
J N 6 23686 -21 5 1 0 1 112
K 0 0 45
K 0 0 43
K -1 0 45
K 6 0 45
A D 2 16 0
A P 1 232 0
J N 6 23721 0 2 577 288 1 112
K 0 0 43
A D 2 16 0
A P 1 221 0
J N 6 23756 10 2 1153 288 1 112
K 0 0 43
A D 2 16 0
A P 1 215 0
J N 6 23796 0 2 1729 288 1 112
K 0 0 43
A D 2 16 0
A P 1 221 0
J N 6 23836 -11 2 2305 288 1 112
K 0 0 43
A D 2 16 0
A P 1 226 0
J N 6 23876 -21 5 2881 288 1 112
K 0 0 45
K 0 0 43
K -1 0 45
K 6 0 45
A D 2 16 0
A P 1 232 0
H 112 B 1 0 112 6 2 1 1 1 1 3
J N 6 23916 -21 5 3457 288 1 113
K 0 0 45
K 0 0 43
K -1 0 45
K 6 0 45
A D 2 16 0
A P 1 232 0
J N 6 23951 21 2 4033 288 1 113
K 0 0 43
A D 2 16 0
A P 1 209 0
J N 6 24016 31 3 4609 288 1 113
K -25 0 63
K 0 0 43
A D 2 16 0
A P 1 204 0
J N 6 24056 21 2 5185 288 1 113
K 0 0 43
A D 2 16 0
A P 1 209 0
J N 6 24096 -21 5 5761 288 1 113
K 0 0 45
K 0 0 43
K -1 0 45
K 6 0 45
A D 2 16 0
A P 1 232 0
J N 6 24136 -21 5 6337 288 1 113
K 0 0 45
K 0 0 43
K -1 0 45
K 6 0 45
A D 2 16 0
A P 1 232 0
H 113 B 1 0 112 6 2 1 1 1 1 3
J B 72 24177 1 82 6913 288 0
J N 6 24209 -21 5 1 0 1 114
K 0 0 45
K 0 0 43
K -1 0 45
K 6 0 45
A D 2 16 0
A P 1 232 0
J N 6 24249 -21 5 577 288 1 114
K 0 0 45
K 0 0 43
K -1 0 45
K 6 0 45
A D 2 16 0
A P 1 232 0
J N 6 24284 -11 2 1153 288 1 114
K 0 0 43
A D 2 16 0
A P 1 226 0
J N 6 24319 0 2 1729 288 1 114
K 0 0 43
A D 2 16 0
A P 1 221 0
J N 6 24359 -11 2 2305 288 1 114
K 0 0 43
A D 2 16 0
A P 1 226 0
J N 6 24399 -21 5 2881 288 1 114
K 0 0 45
K 0 0 43
K -1 0 45
K 6 0 45
A D 2 16 0
A P 1 232 0
H 114 B 1 0 112 6 2 1 1 1 1 3
J N 6 24439 -21 5 3457 288 1 115
K 0 0 45
K 0 0 43
K -1 0 45
K 6 0 45
A D 2 16 0
A P 1 232 0
J N 6 24479 -21 5 4033 288 1 115
K 0 0 45
K 0 0 43
K -1 0 45
K 6 0 45
A D 2 16 0
A P 1 232 0
J N 6 24514 -11 2 4609 288 1 115
K 0 0 43
A D 2 16 0
A P 1 226 0
J N 6 24549 0 2 5185 288 1 115
K 0 0 43
A D 2 16 0
A P 1 221 0
J N 6 24584 10 2 5761 288 1 115
K 0 0 43
A D 2 16 0
A P 1 215 0
J N 6 24624 -21 5 6337 288 1 115
K 0 0 45
K 0 0 43
K -1 0 45
K 6 0 45
A D 2 16 0
A P 1 232 0
H 115 B 1 0 112 6 2 1 1 1 1 3
J B 73 24665 1 82 6913 288 0
J N 6 24697 -21 5 1 0 1 116
K 0 0 45
K 0 0 43
K -1 0 45
K 6 0 45
A D 2 16 0
A P 1 232 0
J N 6 24732 0 2 577 288 1 116
K 0 0 43
A D 2 16 0
A P 1 221 0
J N 6 24767 10 2 1153 288 1 116
K 0 0 43
A D 2 16 0
A P 1 215 0
J N 6 24802 21 2 1729 288 1 116
K 0 0 43
A D 2 16 0
A P 1 209 0
J N 6 24842 10 2 2305 288 1 116
K 0 0 43
A D 2 16 0
A P 1 215 0
J N 6 24882 -21 5 2881 288 1 116
K 0 0 45
K 0 0 43
K -1 0 45
K 6 0 45
A D 2 16 0
A P 1 232 0
H 116 B 1 0 112 6 2 1 1 1 1 3
J N 6 24917 -11 2 3457 288 1 117
K 0 0 43
A D 2 16 0
A P 1 226 0
J N 6 24957 -11 2 4033 288 1 117
K 0 0 43
A D 2 16 0
A P 1 226 0
J N 6 24997 -11 2 4609 288 1 117
K 0 0 43
A D 2 16 0
A P 1 226 0
J N 6 25037 -11 2 5185 288 1 117
K 0 0 43
A D 2 16 0
A P 1 226 0
J N 6 25077 -21 5 5761 288 1 117
K 0 0 45
K 0 0 43
K -1 0 45
K 6 0 45
A D 2 16 0
A P 1 232 0
J N 6 25117 -21 5 6337 288 1 117
K 0 0 45
K 0 0 43
K -1 0 45
K 6 0 45
A D 2 16 0
A P 1 232 0
H 117 B 1 0 112 6 2 1 1 1 1 3
J B 74 25158 1 82 6913 288 0
J N 6 25190 -21 5 1 0 1 118
K 0 0 45
K 0 0 43
K -1 0 45
K 6 0 45
A D 2 16 0
A P 1 232 0
J N 6 25225 52 2 577 288 1 118
K 0 0 43
A D 2 16 0
A P 1 192 0
J N 6 25265 -21 5 1153 288 1 118
K 0 0 45
K 0 0 43
K -1 0 45
K 6 0 45
A D 2 16 0
A P 1 232 0
J N 6 25300 52 2 1729 288 1 118
K 0 0 43
A D 2 16 0
A P 1 192 0
J N 6 25340 -21 5 2305 288 1 118
K 0 0 45
K 0 0 43
K -1 0 45
K 6 0 45
A D 2 16 0
A P 1 232 0
J N 6 25375 52 2 2881 288 1 118
K 0 0 43
A D 2 16 0
A P 1 192 0
H 118 B 1 0 112 6 2 1 1 1 1 3
J N 6 25415 -21 5 3457 288 1 119
K 0 0 45
K 0 0 43
K -1 0 45
K 6 0 45
A D 2 16 0
A P 1 232 0
J N 6 25450 52 2 4033 288 1 119
K 0 0 43
A D 2 16 0
A P 1 192 0
J N 6 25490 -21 5 4609 288 1 119
K 0 0 45
K 0 0 43
K -1 0 45
K 6 0 45
A D 2 16 0
A P 1 232 0
J N 6 25525 52 2 5185 288 1 119
K 0 0 43
A D 2 16 0
A P 1 192 0
J N 6 25565 -21 5 5761 288 1 119
K 0 0 45
K 0 0 43
K -1 0 45
K 6 0 45
A D 2 16 0
A P 1 232 0
J N 6 25600 52 2 6337 288 1 119
K 0 0 43
A D 2 16 0
A P 1 192 0
H 119 B 1 0 112 6 2 1 1 1 1 3
J B 75 25641 1 82 6913 288 0
J N 6 25673 -21 5 1 0 1 120
K 0 0 45
K 0 0 43
K -1 0 45
K 6 0 45
A D 2 16 0
A P 1 232 0
J N 6 25708 0 2 577 288 1 120
K 0 0 43
A D 2 16 0
A P 1 221 0
J N 6 25748 -11 2 1153 288 1 120
K 0 0 43
A D 2 16 0
A P 1 226 0
J N 6 25788 -21 5 1729 288 1 120
K 0 0 45
K 0 0 43
K -1 0 45
K 6 0 45
A D 2 16 0
A P 1 232 0
J N 6 25828 -32 5 2305 288 1 120
K 0 11 45
K 0 0 43
K 0 11 45
K 2 11 45
A D 2 16 0
A P 1 238 0
J N 6 25863 -21 5 2881 288 1 120
K 0 0 45
K 0 0 43
K -1 0 45
K 6 0 45
A D 2 16 0
A P 1 232 0
H 120 B 1 0 112 6 2 1 1 1 1 3
J N 6 25903 -21 5 3457 288 1 121
K 0 0 45
K 0 0 43
K -1 0 45
K 6 0 45
A D 2 16 0
A P 1 232 0
J N 6 25938 21 2 4033 288 1 121
K 0 0 43
A D 2 16 0
A P 1 209 0
J N 6 25978 0 2 4609 288 1 121
K 0 0 43
A D 2 16 0
A P 1 221 0
J N 6 26018 -21 5 5185 288 1 121
K 0 0 45
K 0 0 43
K -1 0 45
K 6 0 45
A D 2 16 0
A P 1 232 0
H 121 B 1 0 112 4 2 1 1 3
J N 7 26058 -21 7 5761 288 0
K 0 0 45
K 0 0 43
K -1 0 45
K 6 0 45
K 0 0 60
K 0 31 60
A D 4 16 0
A P 1 232 0
J B 76 26110 1 82 6913 576 0
J N 8 26142 73 6 1 0 0
K 0 0 42
K -8 57 108
K 26 57 108
K 0 0 59
K 0 -31 59
A D 8 16 0
A P 1 181 0
J R 7 26206 42 2 2305 1152 0
K 0 0 48
A D 4 16 1
A P 1 0 1
J R 7 26252 42 2 3457 576 0
K 0 0 48
A D 4 16 1
A P 1 0 1
J R 7 26298 42 2 4609 576 0
K 0 0 48
A D 4 16 0
A P 1 0 0
J N 7 26344 73 4 5761 576 0
K 0 0 43
K 0 0 59
K 0 -31 59
A D 4 16 0
A P 1 181 0
J B 77 26396 1 82 6913 576 0
J N 8 26433 105 8 1 0 0
K 1 0 45
K -22 0 64
K 0 0 42
K -1 0 45
K 6 0 45
K 0 0 59
K 0 -32 59
A D 8 16 0
A P 1 163 0
J R 7 26497 42 2 2305 1152 0
K 0 0 48
A D 4 16 1
A P 1 0 1
J R 7 26543 42 2 3457 576 0
K 0 0 48
A D 4 16 1
A P 1 0 1
J R 7 26589 42 2 4609 576 0
K 0 0 48
A D 4 16 0
A P 1 0 0
J N 7 26635 105 7 5761 576 0
K 1 0 45
K 0 0 43
K -1 0 45
K 6 0 45
K 0 0 59
K 0 -32 59
A D 4 16 0
A P 1 163 0
J B 78 26687 1 82 6913 576 0
J N 8 26719 52 4 1 0 0
K 0 0 42
K 0 0 59
K 0 -31 59
A D 8 16 0
A P 1 192 0
J R 7 26783 42 2 2305 1152 0
K 0 0 48
A D 4 16 1
A P 1 0 1
J R 7 26829 42 2 3457 576 0
K 0 0 48
A D 4 16 1
A P 1 0 1
J R 7 26875 42 2 4609 576 0
K 0 0 48
A D 4 16 0
A P 1 0 0
J N 7 26921 52 4 5761 576 0
K 0 0 43
K 0 0 59
K 0 -31 59
A D 4 16 0
A P 1 192 0
J B 79 26973 1 82 6913 576 0
J N 8 27011 42 5 1 0 0
K -23 0 65
K 0 0 42
K 0 0 60
K 0 31 60
A D 8 16 0
A P 1 197 0
J R 7 27075 42 2 2305 1152 0
K 0 0 48
A D 4 16 1
A P 1 0 1
J R 7 27121 42 2 3457 576 0
K 0 0 48
A D 4 16 1
A P 1 0 1
J R 7 27167 42 2 4609 576 0
K 0 0 48
A D 4 16 0
A P 1 0 0
J N 7 27213 42 4 5761 576 0
K 0 0 43
K 0 0 60
K 0 31 60
A D 4 16 0
A P 1 197 0
J B 80 27265 1 82 6913 576 0
J N 8 27297 84 4 1 0 0
K 0 0 42
K 0 0 59
K 0 -32 59
A D 8 16 0
A P 1 175 0
J R 7 27361 42 2 2305 1152 0
K 0 0 48
A D 4 16 1
A P 1 0 1
J R 7 27407 42 2 3457 576 0
K 0 0 48
A D 4 16 1
A P 1 0 1
J R 7 27453 42 2 4609 576 0
K 0 0 48
A D 4 16 0
A P 1 0 0
J N 7 27499 84 4 5761 576 0
K 0 0 43
K 0 0 59
K 0 -32 59
A D 4 16 0
A P 1 175 0
J B 81 27551 1 82 6913 576 0
J N 8 27591 31 5 1 0 0
K -25 0 63
K 0 0 42
K 0 0 60
K 0 32 60
A D 8 16 0
A P 1 204 0
J R 7 27655 42 2 2305 1152 0
K 0 0 48
A D 4 16 1
A P 1 0 1
J R 7 27701 42 2 3457 576 0
K 0 0 48
A D 4 16 1
A P 1 0 1
J R 7 27747 42 2 4609 576 0
K 0 0 48
A D 4 16 0
A P 1 0 0
J N 7 27793 31 4 5761 576 0
K 0 0 43
K 0 0 60
K 0 32 60
A D 4 16 0
A P 1 204 0
J B 82 27845 1 82 6913 576 0
J N 8 27877 21 4 1 0 0
K 0 0 42
K 0 0 60
K 0 31 60
A D 8 16 0
A P 1 209 0
J R 7 27941 42 2 2305 1152 0
K 0 0 48
A D 4 16 1
A P 1 0 1
J R 7 27987 42 2 3457 576 0
K 0 0 48
A D 4 16 1
A P 1 0 1
J R 7 28033 42 2 4609 576 0
K 0 0 48
A D 4 16 0
A P 1 0 0
J N 7 28079 21 4 5761 576 0
K 0 0 43
K 0 0 60
K 0 31 60
A D 4 16 0
A P 1 209 0
J B 83 28131 1 82 6913 576 0
J N 9 28169 10 4 1 0 0
K -23 0 65
K 0 0 41
K 48 0 44
A D 24 16 0
A P 1 214 0
J B 84 28302 1 82 6913 3456 0
J D 0 28334 0 1 1 0 0
W 0 136 36 cresc.
J N 8 28334 63 4 1 0 0
K 0 0 42
K 0 0 59
K 0 -32 59
A D 8 16 0
A P 1 186 0
J R 7 28398 42 2 2305 1152 0
K 0 0 48
A D 4 16 1
A P 1 0 1
J R 7 28444 42 2 3457 576 0
K 0 0 48
A D 4 16 1
A P 1 0 1
J R 7 28490 42 2 4609 576 0
K 0 0 48
A D 4 16 0
A P 1 0 0
J N 7 28536 63 4 5761 576 0
K 0 0 43
K 0 0 59
K 0 -32 59
A D 4 16 0
A P 1 186 0
J B 85 28588 1 82 6913 576 0
J N 8 28625 10 5 1 0 0
K -22 0 64
K 0 0 42
K 0 0 60
K 0 32 60
A D 8 16 0
A P 1 215 0
J R 7 28689 42 2 2305 1152 0
K 0 0 48
A D 4 16 1
A P 1 0 1
J R 7 28735 42 2 3457 576 0
K 0 0 48
A D 4 16 1
A P 1 0 1
J R 7 28781 42 2 4609 576 0
K 0 0 48
A D 4 16 0
A P 1 0 0
J N 7 28827 10 4 5761 576 0
K 0 0 43
K 0 0 60
K 0 32 60
A D 4 16 0
A P 1 215 0
J B 86 28879 1 82 6913 576 0
J N 8 28916 0 5 1 0 0
K -22 0 64
K 0 0 42
K 0 0 60
K 0 31 60
A D 8 16 0
A P 1 220 0
J R 7 28980 42 2 2305 1152 0
K 0 0 48
A D 4 16 1
A P 1 0 1
J R 7 29026 42 2 3457 576 0
K 0 0 48
A D 4 16 1
A P 1 0 1
J R 7 29072 42 2 4609 576 0
K 0 0 48
A D 4 16 0
A P 1 0 0
J N 7 29118 0 4 5761 576 0
K 0 0 43
K 0 0 60
K 0 31 60
A D 4 16 0
A P 1 220 0
J B 87 29170 1 82 6913 576 0
J N 9 29210 0 4 1 0 0
K -25 0 63
K 0 0 41
K 46 -9 44
A D 24 16 0
A P 1 221 0
J B 88 29343 1 82 6913 3456 0
J N 8 29381 42 5 1 0 0
K -23 0 65
K 0 0 42
K 0 0 60
K 0 31 60
A D 8 16 0
A P 1 197 0
J R 7 29445 42 2 2305 1152 0
K 0 0 48
A D 4 16 1
A P 1 0 1
J R 7 29491 42 2 3457 576 0
K 0 0 48
A D 4 16 1
A P 1 0 1
J R 7 29537 42 2 4609 576 0
K 0 0 48
A D 4 16 0
A P 1 0 0
J N 7 29583 42 4 5761 576 0
K 0 0 43
K 0 0 60
K 0 31 60
A D 4 16 0
A P 1 197 0
J B 89 29635 1 82 6913 576 0
J N 8 29667 -11 4 1 0 0
K 0 0 42
K 0 0 60
K 0 32 60
A D 8 16 0
A P 1 226 0
J R 7 29731 42 2 2305 1152 0
K 0 0 48
A D 4 16 1
A P 1 0 1
J R 7 29777 42 2 3457 576 0
K 0 0 48
A D 4 16 1
A P 1 0 1
J R 7 29823 42 2 4609 576 0
K 0 0 48
A D 4 16 0
A P 1 0 0
J N 7 29869 -11 4 5761 576 0
K 0 0 43
K 0 0 60
K 0 32 60
A D 4 16 0
A P 1 226 0
J B 90 29921 1 82 6913 576 0
J N 8 29961 -11 5 1 0 0
K -25 0 63
K 0 0 42
K 0 0 60
K 0 32 60
A D 8 16 0
A P 1 227 0
J R 7 30025 42 2 2305 1152 0
K 0 0 48
A D 4 16 1
A P 1 0 1
J R 7 30071 42 2 3457 576 0
K 0 0 48
A D 4 16 1
A P 1 0 1
J R 7 30117 42 2 4609 576 0
K 0 0 48
A D 4 16 0
A P 1 0 0
J N 7 30163 -11 4 5761 576 0
K 0 0 43
K 0 0 60
K 0 32 60
A D 4 16 0
A P 1 227 0
J B 91 30215 1 82 6913 576 0
J N 8 30247 -21 9 1 0 0
K 0 0 45
K 0 0 42
K -1 0 45
K 6 0 45
K 36 -9 44
K 0 153 110
K 0 0 60
K 0 31 60
A D 12 16 0
A P 1 232 0
J R 8 30329 42 2 3457 1728 0
K 0 0 47
A D 8 16 1
A P 1 0 1
J R 7 30393 42 2 5761 1152 0
K 0 0 48
A D 4 16 0
A P 1 0 0
J B 92 30445 1 82 6913 576 0
J R 9 30477 42 2 1 10001 0
K 0 0 46
A D 24 16 0
A P 1 0 0
J B 93 30634 1 82 6913 3456 0
J N 8 30666 10 10 1 0 0
K 0 0 42
K 38 0 44
K 0 74 42
K 36 65 44
K 0 130 110
K 0 74 59
K 0 32 59
K 0 0 59
K 0 -21 59
A D 12 16 0
A P 1 215 0
A P 1 175 0
J N 8 30748 10 9 3457 1728 0
K 0 0 42
K 38 0 44
K 0 74 42
K 36 65 44
K 0 74 59
K 0 32 59
K 0 0 59
K 0 -21 59
A D 12 16 0
A P 1 215 0
A P 1 175 0
J B 94 30836 1 82 6913 1728 0
J R 9 30868 42 2 1 10001 0
K 0 0 46
A D 24 16 0
A P 1 0 0
J B 95 31025 1 82 6913 3456 0
J N 8 31057 31 9 1 0 0
K 0 -21 42
K 38 -21 44
K 0 0 42
K 38 0 44
K 8 95 108
K 0 -21 60
K 0 0 60
K 0 32 60
A D 12 16 0
A P 1 215 0
A P 1 204 0
J N 8 31139 31 8 3457 1728 0
K 0 -21 42
K 38 -21 44
K 0 0 42
K 38 0 44
K 0 -21 60
K 0 0 60
K 0 32 60
A D 12 16 0
A P 1 215 0
A P 1 204 0
J B 96 31227 1 82 6913 1728 0
J N 8 31259 31 8 1 0 0
K 0 -21 42
K 38 -21 44
K 0 0 42
K 38 0 44
K 0 -21 60
K 0 0 60
K 0 32 60
A D 12 16 0
A P 1 215 0
A P 1 204 0
J N 8 31341 31 7 3457 1728 0
K 0 -21 42
K 0 0 42
K 38 0 44
K 0 -21 60
K 0 0 60
K 0 32 60
A D 12 16 0
A P 1 215 0
A P 1 204 0
J B 97 31411 1 82 6913 1728 0
J M 0 31443 0 0 1 0 1 122
J N 9 31451 42 6 1 0 2 123 124
K -25 -53 63
K 0 -53 41
K 48 -53 44
K 0 0 41
K 46 -9 44
A D 24 16 1
A P 1 227 1
A P 1 198 1
J B 98 31584 1 82 6913 3456 0
J N 8 31624 42 10 1 0 2 123 124
k -25 -53 63
K 0 -53 42
K 38 -53 44
K 0 0 42
K 36 -9 44
K 0 -53 60
K 0 -11 60
K 0 0 60
K 0 31 60
A D 12 16 0
A P 1 227 0
A P 1 198 0
H 123 T -11 0 0 0 0 0 1 0
H 124 T 42 0 0 0 0 0 15 0
J M 0 31706 0 0 3457 1728 1 122
H 122 W 0 31 10 157 20 157
J N 8 31706 42 10 3457 0 1 125
K -25 -53 63
K 0 -53 42
K 38 -53 44
K 0 0 42
K 36 -9 44
K 0 -53 60
K 0 -11 60
K 0 0 60
K 0 31 60
A D 12 16 0
A P 1 227 0
A P 1 198 0
J B 99 31794 1 82 6913 1728 0
J N 8 31826 31 12 1 0 0
K 0 -52 45
K 0 -52 42
K -1 -52 45
K 6 -52 45
K 36 -61 44
K 0 0 42
K 38 0 44
K 0 -52 60
K 0 -10 60
K 0 0 60
K 0 32 60
A D 12 16 0
A P 1 232 0
A P 1 204 0
J N 8 31908 31 9 3457 1728 3 126 127 125
K 0 -21 42
K 38 -21 44
K 0 0 42
K 38 0 44
K 0 122 108
K 0 -21 60
K 0 0 60
K 0 32 60
A D 12 16 1
A P 1 215 1
A P 1 204 1
H 125 W 31 0 41 157 -10 157
J B 100 31996 1 82 6913 1728 0
J N 8 32028 31 8 1 0 2 126 127
K 0 -21 42
K 38 -21 44
K 0 0 42
K 38 0 44
K 0 -21 60
K 0 0 60
K 0 32 60
A D 12 16 0
A P 1 215 0
A P 1 204 0
H 126 T 10 0 0 0 0 0 1 0
H 127 T 31 0 0 0 0 0 11 0
J N 8 32110 31 8 3457 1728 0
K 0 -21 42
K 38 -21 44
K 0 0 42
K 38 0 44
K 0 -21 60
K 0 0 60
K 0 32 60
A D 12 16 0
A P 1 215 0
A P 1 204 0
J B 101 32198 1 82 6913 1728 0
J N 8 32230 42 8 1 0 0
K 0 -32 42
K 38 -32 44
K 0 0 42
K 36 -9 44
K 0 -32 60
K 0 0 60
K 0 31 60
A D 12 16 0
A P 1 215 0
A P 1 198 0
J N 8 32312 42 8 3457 1728 0
K 0 -32 42
K 38 -32 44
K 0 0 42
K 36 -9 44
K 0 -32 60
K 0 0 60
K 0 31 60
A D 12 16 0
A P 1 215 0
A P 1 198 0
J B 102 32400 1 82 6913 1728 0
J N 8 32432 42 8 1 0 0
K 0 -32 42
K 38 -32 44
K 0 0 42
K 36 -9 44
K 0 -32 60
K 0 0 60
K 0 31 60
A D 12 16 0
A P 1 215 0
A P 1 198 0
J N 8 32514 42 8 3457 1728 0
K 0 -32 42
K 38 -32 44
K 0 0 42
K 36 -9 44
K 0 -32 60
K 0 0 60
K 0 31 60
A D 12 16 0
A P 1 215 0
A P 1 198 0
J B 103 32602 1 82 6913 1728 0
J N 8 32634 52 8 1 0 0
K 0 -42 42
K 38 -42 44
K 0 0 42
K 38 0 44
K 0 -42 60
K 0 0 60
K 0 21 60
A D 12 16 0
A P 1 215 0
A P 1 192 0
J N 8 32716 52 8 3457 1728 0
K 0 -42 42
K 38 -42 44
K 0 0 42
K 38 0 44
K 0 -42 60
K 0 0 60
K 0 21 60
A D 12 16 0
A P 1 215 0
A P 1 192 0
J B 104 32804 1 82 6913 1728 0
J N 8 32836 52 8 1 0 3 129 130 128
K 0 -42 42
K 38 -42 44
K 0 0 42
K 38 0 44
K 0 -42 60
K 0 0 60
K 0 21 60
A D 12 16 2
A P 1 215 0
A P 1 192 1
J I 0 32918 0 0 2305 1152 1 128
H 128 W 0 31 10 153 10 153
J N 8 32918 52 9 3457 576 3 129 130 131
K 0 -52 42
K 36 -61 44
K 0 0 42
K 38 0 44
K 0 -52 60
K 0 -10 60
K 0 0 60
K 0 21 60
A D 12 16 0
A P 1 221 0
A P 1 192 0
H 129 T 52 0 0 0 0 0 11 0
H 130 S 0 0 -42 0 -52 0 0 0 0
J I 0 33000 0 0 5761 1152 1 131
H 131 W 31 0 10 153 21 153
J B 105 33006 1 82 6913 576 0
J N 8 33038 -11 6 1 0 0
K 0 0 42
K 38 0 44
K 0 130 108
K 0 0 60
K 0 32 60
A D 12 16 0
A P 1 226 0
J N 8 33120 -11 5 3457 1728 0
K 0 0 42
K 38 0 44
K 0 0 60
K 0 32 60
A D 12 16 0
A P 1 226 0
J B 106 33208 1 82 6913 1728 0
J D 0 33240 0 1 1 0 0
W 0 134 33 pi\u8 !1|p
J N 8 33240 -11 5 1 0 0
K 0 0 42
K 38 0 44
K 0 0 60
K 0 32 60
A D 12 16 0
A P 1 226 0
J N 8 33322 -11 5 3457 1728 0
K 0 0 42
K 38 0 44
K 0 0 60
K 0 32 60
A D 12 16 0
A P 1 226 0
J B 107 33410 1 82 6913 1728 0
J N 9 33442 -11 3 1 0 1 132
K 0 0 41
K 48 0 44
A D 24 16 1
A P 1 226 1
J B 108 33575 1 82 6913 3456 0
J N 8 33607 -11 5 1 0 1 132
K 0 0 42
K 38 0 44
K 0 0 60
K 0 32 60
A D 12 16 0
A P 1 226 0
H 132 T -11 0 0 0 0 0 1 0
J N 8 33689 -11 8 3457 1728 0
K 0 0 42
K 38 0 44
K 0 -26 101
K -8 137 108
K 26 137 108
K 0 0 60
K 0 32 60
A D 12 16 0
A P 1 226 0
J B 109 33790 5 2 6913 1728 0
K -13 0 82
K 0 0 82
J T 0 33822 63 1 6913 0 0
K 0 0 38
J M 0 33822 0 0 10000 0 0
