S 0 200 140 2050 961 8 "[(..)](.)[({..}.{..})]"
L 0 0 0 345 345 * 0 14 0
J D 0 -110 42 1 6913 0 0
W 0 -21 31 Cl 1-2
J D 0 -110 42 1 6913 0 0
W 8 21 31 (A)
J C 4 5 42 2 6913 0 0
K 0 0 33
K 0 0 34
J K 0 57 0 0 6913 0 0
J D 0 -11 -14 1 6913 0 0
W 0 0 37 \02\00
J R 9 202 28 2 1 0 0
K 0 0 46
A D 12 32 0
A P 3 0 0
J B 21 308 1 82 6913 864 0
J R 9 365 28 2 1 0 0
K 0 0 46
A D 12 32 0
A P 3 0 0
J B 22 451 1 82 6913 864 0
J R 9 521 28 2 1 0 0
K 0 0 46
A D 12 32 0
A P 3 0 0
J B 23 620 1 82 6913 864 0
J R 9 697 28 2 1 0 0
K 0 0 46
A D 12 32 0
A P 3 0 0
J B 24 803 1 82 6913 864 0
J R 6 824 14 2 1 0 0
K 0 0 49
A D 4 32 1
A P 1 0 1
J R 9 878 70 2 1 0 0
K 0 0 46
A D 12 32 0
A P 2 0 0
J R 6 868 14 2 2305 288 0
K 0 0 49
A D 4 32 0
A P 1 0 0
J N 5 912 42 3 4609 288 2 11 12
K 0 0 43
K 24 -6 44
A D 3 32 0
A P 1 186 0
J N 4 949 14 2 6337 216 2 12 11
K 0 0 43
A D 1 32 0
A P 1 209 0
H 12 B 79 -4 108 2 22 533
H 11 S 0 6 -69 6 -46 0 0 0 0
J B 25 981 1 82 6913 72 0
J N 6 1002 14 2 1 0 2 13 14
K 0 0 43
A D 4 32 0
A P 1 209 0
J N 7 1002 42 4 1 0 1 15
K 0 0 43
K 0 0 60
K 0 14 60
A D 8 32 0
A P 2 186 0
J N 6 1058 21 2 2305 288 1 14
K 0 0 43
A D 4 32 0
A P 1 203 0
J N 6 1110 14 2 4609 288 2 14 13
K 0 0 43
A D 4 32 0
A P 1 209 0
H 14 B 42 0 108 3 2 1 3
H 13 S 0 6 -36 6 -36 0 0 0 0
J N 6 1110 28 3 4609 0 1 15
K 0 0 43
K 0 0 54
A D 4 32 0
A P 2 198 0
H 15 S 12 0 0 -14 0 0 0 0 0
J B 26 1168 1 82 6913 288 0
J N 6 1195 28 5 1 0 3 16 17 18
K -18 -14 63
K 0 -14 43
K 0 0 43
K 0 -14 60
A D 4 32 0
A P 1 210 0
A P 2 198 0
J N 5 1251 21 4 2305 288 3 18 16 17
K 0 -14 43
K 0 0 43
K 0 -14 60
A D 2 32 0
A P 1 215 0
A P 2 203 0
H 18 B -45 -2 108 2 2 53
H 16 S 0 0 -14 0 -14 0 0 0 0
H 17 S 12 0 0 -14 0 0 0 0 0
J R 5 1281 28 3 3457 144 0
K 0 14 49
K 4 0 50
A D 2 32 0
A P 1 0 0
J N 5 1337 42 3 4609 144 2 19 20
K 0 0 43
K 24 -6 44
A D 3 32 0
A P 1 186 0
J N 5 1337 42 2 4609 0 2 21 22
K 0 0 43
A D 3 32 0
A P 2 186 0
J N 4 1421 7 2 6337 216 2 20 19
K 0 0 43
A D 1 32 0
A P 1 215 0
H 20 B 71 -7 108 2 22 533
H 19 S 0 6 -69 6 -45 0 0 0 0
J N 4 1421 21 2 6337 0 2 22 21
K 0 0 43
A D 1 32 0
A P 2 203 0
H 22 B -55 -5 108 2 22 533
H 21 S 12 -6 53 -6 69 0 0 0 -6
J B 27 1453 1 82 6913 72 0
J N 6 1474 21 4 1 0 2 23 24
K 0 -14 43
K 0 0 43
K 0 -14 60
A D 4 32 0
A P 1 215 0
A P 2 203 0
J N 6 1530 28 5 2305 288 1 24
K -14 -14 64
K 0 -14 43
K 0 0 43
K 0 -14 60
A D 4 32 0
A P 1 209 0
A P 2 198 0
J N 6 1582 21 4 4609 288 2 24 23
K 0 -14 43
K 0 0 43
K 0 -14 60
A D 4 32 0
A P 1 215 0
A P 2 203 0
H 24 B -49 0 108 3 2 1 3
H 23 S 0 0 -14 0 -14 0 0 0 0
J B 28 1640 1 82 6913 288 0
J N 6 1667 21 5 1 0 2 25 26
K -18 0 63
K 0 -14 43
K 0 0 43
K 0 -14 60
A D 4 32 0
A P 1 215 0
A P 2 204 0
J N 5 1723 14 4 2305 288 2 26 25
K 0 -14 43
K 0 0 43
K 0 -14 60
A D 2 32 0
A P 1 220 0
A P 2 209 0
H 26 B -40 -2 108 2 2 53
H 25 S 0 0 -14 0 -14 0 0 0 0
J R 5 1753 28 3 3457 144 0
K 0 14 49
K 4 0 50
A D 2 32 0
A P 1 0 0
J N 6 1785 14 5 4609 144 0
K 0 -14 43
K 0 0 43
K 0 -14 60
K 0 0 54
A D 4 32 0
A P 1 220 0
A P 2 209 0
J B 29 1847 1 82 6913 288 0
J D 0 1868 0 1 1 0 0
W 0 91 36 cresc.
J N 7 1868 14 6 1 0 1 27
K 0 -14 43
K 0 0 43
K 0 -14 60
K 0 0 60
K 0 21 60
A D 8 32 0
A P 1 220 0
A P 2 209 0
J N 5 1988 7 4 4609 576 1 28
K 0 -14 43
K 0 0 43
K 0 -14 60
A D 2 32 0
A P 1 226 0
A P 2 215 0
J N 5 2018 0 7 5761 144 2 28 27
K 0 -14 45
K 0 -14 43
K -1 -14 45
K 2 -14 45
K 0 0 43
K 0 -14 60
A D 2 32 0
A P 1 232 0
A P 2 220 0
H 28 B -40 -4 108 2 22 33
H 27 S 0 0 -14 0 -14 0 0 0 0
J B 30 2050 1 82 6913 144 0
E *
L 125 0 0 345 345 * 0 14 0
J D 0 -130 42 1 6913 0 0
W 0 0 31 Fag 1-2
J C 22 5 14 36 6913 0 0
J K 3 57 0 3 6913 0 0
K 0 14 63
K 15 35 63
K 30 7 63
J D 0 -11 -14 1 6913 0 0
W 0 0 0 \02\00
J R 9 202 28 2 1 0 0
K 0 0 46
A D 12 32 0
A P 3 0 0
J B 21 308 1 82 6913 864 0
J R 9 365 28 2 1 0 0
K 0 0 46
A D 12 32 0
A P 3 0 0
J B 22 451 1 82 6913 864 0
J R 9 521 28 2 1 0 0
K 0 0 46
A D 12 32 0
A P 3 0 0
J B 23 620 1 82 6913 864 0
J R 9 697 28 2 1 0 0
K 0 0 46
A D 12 32 0
A P 3 0 0
J B 24 803 1 82 6913 864 0
J R 6 824 0 2 1 0 0
K 0 0 49
A D 4 32 1
A P 1 0 1
J R 9 878 70 2 1 0 0
K 0 0 46
A D 12 32 0
A P 2 0 0
J R 6 868 0 2 2305 288 0
K 0 0 49
A D 4 32 0
A P 1 0 0
J N 5 912 21 3 4609 288 2 11 12
K 0 0 43
K 25 0 44
A D 3 32 0
A P 1 135 0
J N 4 949 -7 2 6337 216 2 12 11
K 0 0 43
A D 1 32 0
A P 1 158 0
H 12 B 72 -4 108 2 22 533
H 11 S 0 6 -62 6 -45 0 0 0 0
J B 25 981 1 82 6913 72 0
J N 6 1002 -7 2 1 0 2 13 14
K 0 0 43
A D 4 32 0
A P 1 158 0
J N 7 1002 21 4 1 0 1 15
K 0 0 43
K 0 0 60
K 0 21 60
A D 8 32 0
A P 2 135 0
J N 6 1058 0 2 2305 288 1 14
K 0 0 43
A D 4 32 0
A P 1 152 0
J N 6 1110 -7 2 4609 288 2 14 13
K 0 0 43
A D 4 32 0
A P 1 158 0
H 14 B 42 0 108 3 2 1 3
H 13 S 0 6 -36 6 -36 0 0 0 0
J N 6 1110 7 3 4609 0 1 15
K 0 0 43
K 0 0 54
A D 4 32 0
A P 2 147 0
H 15 S 12 0 0 -14 0 0 0 0 0
J B 26 1168 1 82 6913 288 0
J N 6 1195 7 5 1 0 2 16 17
K -18 -14 63
K 0 -14 43
K 0 0 43
K 0 -14 60
A D 4 32 0
A P 1 159 0
A P 2 147 0
J N 5 1251 0 7 2305 288 2 17 16
K 0 -14 45
K 0 -14 43
K -1 -14 45
K 2 -14 45
K 0 0 43
K 0 -14 60
A D 2 32 0
A P 1 164 0
A P 2 152 0
H 17 B -40 -2 108 2 2 53
H 16 S 0 0 -14 0 -14 0 0 0 0
J R 5 1281 28 3 3457 144 0
K 0 14 49
K 4 0 50
A D 2 32 0
A P 1 0 0
J N 5 1337 21 3 4609 144 2 18 19
K 0 0 43
K 25 0 44
A D 3 32 0
A P 1 135 0
J N 5 1337 21 3 4609 0 2 20 21
K 0 0 43
K 25 0 44
A D 3 32 0
A P 2 135 0
J N 4 1421 -14 5 6337 216 2 19 18
K 1 0 45
K 0 0 43
K -1 0 45
K 2 0 45
A D 1 32 0
A P 1 164 0
H 19 B 68 -8 108 2 22 533
H 18 S 0 6 -69 6 -45 0 0 0 0
J N 4 1421 0 2 6337 0 2 21 20
K 0 0 43
A D 1 32 0
A P 2 152 0
H 21 B -62 -5 108 2 22 533
H 20 S 12 -6 61 -6 71 0 0 0 -5
J B 27 1453 1 82 6913 72 0
J N 6 1474 0 7 1 0 2 22 23
K 0 -14 45
K 0 -14 43
K -1 -14 45
K 2 -14 45
K 0 0 43
K 0 -14 60
A D 4 32 0
A P 1 164 0
A P 2 152 0
J N 6 1530 7 5 2305 288 1 23
K -14 -14 64
K 0 -14 43
K 0 0 43
K 0 -14 60
A D 4 32 0
A P 1 158 0
A P 2 147 0
J N 6 1582 0 7 4609 288 2 23 22
K 0 -14 45
K 0 -14 43
K -1 -14 45
K 2 -14 45
K 0 0 43
K 0 -14 60
A D 4 32 0
A P 1 164 0
A P 2 152 0
H 23 B -56 0 108 3 2 1 3
H 22 S 0 0 -14 0 -14 0 0 0 0
J B 28 1640 1 82 6913 288 0
J N 6 1667 0 8 1 0 2 24 25
K 0 -14 45
K -18 0 63
K 0 -14 43
K -1 -14 45
K 2 -14 45
K 0 0 43
K 0 -14 60
A D 4 32 0
A P 1 164 0
A P 2 153 0
J N 5 1723 -7 7 2305 288 2 25 24
K 0 -7 45
K 0 -14 43
K 0 -7 45
K 1 -7 45
K 0 0 43
K 0 -14 60
A D 2 32 0
A P 1 169 0
A P 2 158 0
H 25 B -47 -2 108 2 2 53
H 24 S 0 0 -14 0 -14 0 0 0 0
J R 5 1753 28 3 3457 144 0
K 0 14 49
K 4 0 50
A D 2 32 0
A P 1 0 0
J N 6 1785 -7 8 4609 144 0
K 0 -7 45
K 0 -14 43
K 0 -7 45
K 1 -7 45
K 0 0 43
K 0 -14 60
K 0 0 54
A D 4 32 0
A P 1 169 0
A P 2 158 0
J B 29 1847 1 82 6913 288 0
J D 0 1868 0 1 1 0 0
W 0 91 36 cresc.
J N 7 1868 -7 9 1 0 1 26
K 0 -7 45
K 0 -14 43
K 0 -7 45
K 1 -7 45
K 0 0 43
K 0 -14 60
K 0 0 60
K 0 21 60
A D 8 32 0
A P 1 169 0
A P 2 158 0
J N 5 1988 -14 10 4609 576 1 27
K 0 0 45
K 0 -14 45
K 0 -14 43
K -1 -14 45
K 2 -14 45
K 0 0 43
K -1 0 45
K 2 0 45
K 0 -14 60
A D 2 32 0
A P 1 175 0
A P 2 164 0
J N 5 2018 -21 10 5761 144 2 27 26
K 0 7 45
K 0 -7 45
K 0 -14 43
K 0 -7 45
K 1 -7 45
K 0 0 43
K 0 7 45
K 1 7 45
K 0 -14 60
A D 2 32 0
A P 1 181 0
A P 2 169 0
H 27 B -47 -4 108 2 22 33
H 26 S 0 0 -14 0 -14 0 0 0 0
J B 30 2050 1 82 6913 144 0
E *
L 265 0 0 345 345 * 0 14 0
J D 0 -130 42 1 6913 0 0
W 0 -21 31 Cor 1-2
J D 0 -130 42 1 6913 0 0
W 8 21 31 (E)
J C 4 5 42 2 6913 0 0
K 0 0 33
K 0 0 34
J K 0 57 0 0 6913 0 0
J D 0 -11 -14 1 6913 0 0
W 0 0 0 \02\00
J R 9 202 28 2 1 0 0
K 0 0 46
A D 36 96 0
A P 3 0 0
J B 21 308 1 82 6913 864 0
J R 9 365 28 2 1 0 0
K 0 0 46
A D 36 96 0
A P 3 0 0
J B 22 451 1 82 6913 864 0
J R 9 521 28 2 1 0 0
K 0 0 46
A D 36 96 0
A P 3 0 0
J B 23 620 1 82 6913 864 0
J R 9 697 28 2 1 0 0
K 0 0 46
A D 36 96 0
A P 3 0 0
J B 24 803 1 82 6913 864 0
J R 9 878 28 2 1 0 0
K 0 0 46
A D 36 96 0
A P 3 0 0
J B 25 981 1 82 6913 864 0
J N 6 1002 21 10 1 0 2 13 14
K 1 49 45
K 0 0 43
K 0 49 43
K -1 49 45
K 2 49 45
K 0 66 96
K 0 105 108
K 0 49 59
K 0 28 59
A D 12 96 0
A P 1 203 0
A P 2 163 0
J N 6 1058 21 9 2305 288 1 14
K 1 49 45
K 0 0 43
K 0 49 43
K -1 49 45
K 2 49 45
K 0 66 96
K 0 49 59
K 0 28 59
A D 12 96 0
A P 1 203 0
A P 2 163 0
J N 6 1110 21 9 4609 288 2 14 13
K 1 49 45
K 0 0 43
K 0 49 43
K -1 49 45
K 2 49 45
K 0 66 96
K 0 49 59
K 0 28 59
A D 12 96 0
A P 1 203 0
A P 2 163 0
H 14 B 42 0 108 3 2 1 3
H 13 S 12 0 63 0 63 0 0 0 0
J B 26 1168 1 82 6913 288 0
J N 7 1195 21 10 1 0 0
K 1 49 45
K 0 0 43
K 0 49 43
K -1 49 45
K 2 49 45
K 0 49 59
K 0 28 59
K 0 0 59
K 0 -14 59
A D 24 96 0
A P 1 203 0
A P 2 163 0
J R 6 1337 28 2 4609 576 0
K 0 0 49
A D 12 96 0
A P 1 0 0
J B 27 1453 1 82 6913 288 0
J N 6 1474 21 9 1 0 2 15 16
K 1 49 45
K 0 0 43
K 0 49 43
K -1 49 45
K 2 49 45
K 0 66 96
K 0 49 59
K 0 28 59
A D 12 96 0
A P 1 203 0
A P 2 163 0
J N 6 1530 21 9 2305 288 1 16
K 1 49 45
K 0 0 43
K 0 49 43
K -1 49 45
K 2 49 45
K 0 66 96
K 0 49 59
K 0 28 59
A D 12 96 0
A P 1 203 0
A P 2 163 0
J N 6 1582 21 9 4609 288 2 16 15
K 1 49 45
K 0 0 43
K 0 49 43
K -1 49 45
K 2 49 45
K 0 66 96
K 0 49 59
K 0 28 59
A D 12 96 0
A P 1 203 0
A P 2 163 0
H 16 B 42 0 108 3 2 1 3
H 15 S 12 0 63 0 63 0 0 0 0
J B 28 1640 1 82 6913 288 0
J N 7 1667 21 10 1 0 0
K 1 49 45
K 0 0 43
K 0 49 43
K -1 49 45
K 2 49 45
K 0 49 59
K 0 28 59
K 0 0 59
K 0 -14 59
A D 24 96 0
A P 1 203 0
A P 2 163 0
J R 6 1785 28 2 4609 576 0
K 0 0 49
A D 12 96 0
A P 1 0 0
J B 29 1847 1 82 6913 288 0
J R 9 1934 28 2 1 0 0
K 0 0 46
A D 36 96 0
A P 3 0 0
J B 30 2050 1 82 6913 864 0
E *
L 400 0 0 345 345 * 0 14 0
J D 0 -119 42 1 6913 0 0
W 0 0 31 Vln 1
J C 4 5 42 2 6913 0 0
K 0 0 33
K 0 0 34
J K 3 57 0 3 6913 0 0
K 0 0 63
K 15 21 63
K 30 -7 63
J D 0 -11 -14 1 6913 0 0
W 0 0 0 \02\00
J N 6 151 21 2 1 0 2 35 36
K 0 0 43
A D 24 192 0
A P 1 204 0
J N 5 196 14 2 2305 288 2 36 35
K 0 0 43
A D 12 192 0
A P 1 209 0
H 36 B -41 -3 108 2 2 53
H 35 S 0 0 0 0 0 0 0 0 0
J R 5 227 28 3 3457 144 0
K 0 14 49
K 4 0 50
A D 12 192 0
A P 1 0 0
J N 6 260 14 3 4609 144 0
K 0 0 43
K 0 0 54
A D 24 192 0
A P 1 209 0
J B 21 308 1 82 6913 288 0
J D 0 329 0 1 1 0 0
W 0 92 36 cresc.
J N 7 329 14 4 1 0 1 37
K 0 0 43
K 0 0 60
K 0 21 60
A D 48 192 0
A P 1 209 0
J N 5 387 7 2 4609 576 1 38
K 0 0 43
A D 12 192 0
A P 1 215 0
J N 5 418 0 2 5761 144 2 38 37
K 0 0 43
A D 12 192 0
A P 1 221 0
H 38 B -40 -4 108 2 22 33
H 37 S 0 0 0 0 0 0 0 0 0
J B 22 451 1 82 6913 144 0
J S 0 472 107 2 1 0 1 39
K 0 0 111
K 12 0 110
J N 5 472 0 2 1 0 2 40 41
K 0 0 43
A D 12 192 0
A P 1 221 0
J N 6 503 28 3 1153 144 1 41
K 0 0 43
K 24 -6 44
A D 36 192 0
A P 1 198 0
H 41 B -69 4 108 2 42 3
J N 6 575 21 3 4609 432 2 40 39
K 0 0 43
K 0 0 54
A D 24 192 0
A P 1 204 0
H 39 W 21 0 38 107 14 107
H 40 S 0 0 0 0 0 0 0 0 0
J B 23 620 1 82 6913 288 0
J N 6 641 7 4 1 0 2 42 43
K 0 0 43
K 25 0 44
K 0 77 108
A D 36 192 0
A P 1 215 0
J N 5 711 14 2 3457 432 1 43
K 0 0 43
A D 12 192 0
A P 1 209 0
J N 5 741 21 2 4609 144 1 43
K 0 0 43
A D 12 192 0
A P 1 204 0
J N 5 771 28 2 5761 144 2 43 42
K 0 0 43
A D 12 192 0
A P 1 198 0
H 43 B -53 3 108 4 2 21 11 33
H 42 S 0 0 0 0 0 0 0 0 0
J B 24 803 1 82 6913 144 0
J N 6 824 28 2 1 0 2 44 45
K 0 0 43
A D 24 192 0
A P 1 198 0
J N 6 868 21 2 2305 288 2 45 44
K 0 0 43
A D 24 192 0
A P 1 204 0
H 45 B -47 -3 108 2 2 3
H 44 S 0 0 0 0 0 0 0 0 0
J R 6 912 28 2 4609 288 0
K 0 0 49
A D 24 192 0
A P 1 0 0
J B 25 981 1 82 6913 288 0
J N 5 1002 56 2 1 0 1 46
K 0 0 43
A D 12 192 0
A P 1 175 0
J N 6 1032 7 2 1153 144 1 46
K 0 0 43
A D 24 192 0
A P 1 215 0
J N 6 1084 7 2 3457 288 1 46
K 0 0 43
A D 24 192 0
A P 1 215 0
J N 5 1136 7 2 5761 288 2 47 46
K 0 0 43
A D 12 192 1
A P 1 215 1
H 46 B 86 -3 108 4 42 1 1 53
J B 26 1168 1 82 6913 144 0
J N 5 1195 7 2 1 0 2 48 47
K 0 0 43
A D 12 192 0
A P 1 215 0
H 47 T 7 0 0 0 0 0 3 0
J N 6 1225 7 4 1153 144 1 48
K 0 0 43
K 0 95 111
K 12 95 110
A D 24 192 0
A P 1 215 0
J N 4 1281 14 3 3457 288 2 49 48
K -18 0 63
K 0 0 43
A D 6 192 0
A P 1 210 0
J N 4 1309 7 2 4033 72 2 48 49
K 0 0 43
A D 6 192 0
A P 1 215 0
H 48 B -64 0 108 4 42 1 221 333
H 49 S 0 0 0 0 0 0 0 0 0
J N 4 1337 14 2 4609 72 2 50 51
K 0 0 43
A D 6 192 0
A P 1 210 0
J N 4 1365 7 2 5185 72 2 51 50
K 0 0 43
A D 6 192 0
A P 1 215 0
H 50 S 0 0 0 0 0 0 0 0 0
J N 4 1393 0 2 5761 72 2 52 51
K 0 0 43
A D 6 192 0
A P 1 221 0
J N 4 1421 7 2 6337 72 2 51 52
K 0 0 43
A D 6 192 0
A P 1 215 0
H 51 B -56 -1 108 4 222 111 111 333
H 52 S 0 0 0 0 0 0 0 0 0
J B 27 1453 1 82 6913 72 0
J N 5 1474 56 2 1 0 1 53
K 0 0 43
A D 12 192 0
A P 1 175 0
J N 6 1504 7 2 1153 144 1 53
K 0 0 43
A D 24 192 0
A P 1 215 0
J N 6 1556 7 2 3457 288 1 53
K 0 0 43
A D 24 192 0
A P 1 215 0
J N 5 1608 7 2 5761 288 2 54 53
K 0 0 43
A D 12 192 1
A P 1 215 1
H 53 B 86 -3 108 4 42 1 1 53
J B 28 1640 1 82 6913 144 0
J N 5 1667 7 2 1 0 2 55 54
K 0 0 43
A D 12 192 0
A P 1 215 0
H 54 T 7 0 0 0 0 0 3 0
J N 6 1697 7 2 1153 144 1 55
K 0 0 43
A D 24 192 0
A P 1 215 0
J N 5 1753 -35 7 3457 288 1 55
K 0 21 45
K 0 7 45
K 0 0 43
K 0 7 45
K 1 7 45
K 0 -17 96
A D 12 192 0
A P 1 249 0
J N 5 1785 -21 6 4609 144 1 55
K 0 7 45
K 0 0 43
K 0 7 45
K 1 7 45
K 0 -17 96
A D 12 192 0
A P 1 238 0
J N 5 1815 -7 3 5761 144 1 55
K 0 0 43
K 0 -17 96
A D 12 192 0
A P 1 227 0
H 55 B -50 0 108 5 42 1 21 11 33
J B 29 1847 1 82 6913 144 0
J D 0 1868 0 1 1 0 0
W 0 100 36 cresc.
J N 5 1868 0 2 1 0 2 56 57
K 0 0 43
A D 12 192 0
A P 1 221 0
J N 5 1898 7 2 1153 144 1 57
K 0 0 43
A D 12 192 0
A P 1 215 0
J N 5 1928 14 2 2305 144 1 57
K 0 0 43
A D 12 192 0
A P 1 209 0
J N 5 1958 21 2 3457 144 1 57
K 0 0 43
A D 12 192 0
A P 1 204 0
J N 5 1988 28 2 4609 144 1 57
K 0 0 43
A D 12 192 0
A P 1 198 0
J N 5 2018 35 2 5761 144 2 57 56
K 0 0 43
A D 12 192 0
A P 1 192 0
H 57 B -72 3 108 6 22 11 11 11 11 33
H 56 S 0 0 0 0 0 0 0 0 0
J B 30 2050 1 82 6913 144 0
E *
L 530 0 0 345 345 * 0 14 0
J D 0 -119 42 1 6913 0 0
W 0 0 31 Vln 2
J C 4 5 42 2 6913 0 0
K 0 0 33
K 0 0 34
J K 3 57 0 3 6913 0 0
K 0 0 63
K 15 21 63
K 30 -7 63
J D 0 -11 -14 1 6913 0 0
W 0 0 0 \02\00
J N 7 151 42 5 1 0 1 28
K -18 0 63
K 0 0 43
K 0 0 59
K 0 -21 59
A D 8 32 0
A P 1 187 0
J N 6 260 56 3 4609 576 1 28
K 0 0 43
K 0 0 53
A D 4 32 0
A P 1 175 0
H 28 S 12 0 0 0 0 0 0 0 0
J B 21 308 1 82 6913 288 0
J D 0 329 0 1 1 0 0
W 0 95 36 cresc.
J N 7 329 56 4 1 0 0
K 0 0 43
K 0 0 59
K 0 -21 59
A D 8 32 0
A P 1 175 0
J N 6 387 56 3 4609 576 0
K 0 0 43
K 0 0 53
A D 4 32 0
A P 1 175 0
J B 22 451 1 82 6913 288 0
J S 0 472 114 2 1 0 1 29
K 0 0 111
K 12 0 110
J N 6 472 56 2 1 0 2 30 31
K 0 0 43
A D 4 32 0
A P 1 175 0
J N 6 530 42 2 2305 288 1 31
K 0 0 43
A D 4 32 0
A P 1 187 0
J N 6 575 35 2 4609 288 3 31 30 29
K 0 0 43
A D 4 32 0
A P 1 192 0
H 29 W 21 0 38 114 14 114
H 31 B 59 -1 108 3 2 1 3
H 30 S 12 0 0 0 0 0 0 0 0
J B 23 620 1 82 6913 288 0
J N 6 641 21 4 1 0 2 32 33
K 0 0 43
K 25 0 44
K 0 63 108
A D 6 32 0
A P 1 204 0
J N 5 711 28 2 3457 432 1 33
K 0 0 43
A D 2 32 0
A P 1 198 0
J N 5 741 35 2 4609 144 1 33
K 0 0 43
A D 2 32 0
A P 1 192 0
J N 5 771 42 2 5761 144 2 33 32
K 0 0 43
A D 2 32 0
A P 1 187 0
H 33 B 45 2 108 4 2 21 11 33
H 32 S 12 0 0 0 0 0 0 0 0
J B 24 803 1 82 6913 144 0
J N 6 824 42 2 1 0 2 34 35
K 0 0 43
A D 4 32 0
A P 1 187 0
J N 6 868 35 2 2305 288 2 35 34
K 0 0 43
A D 4 32 0
A P 1 192 0
H 35 B 44 -3 108 2 2 3
H 34 S 12 0 0 0 0 0 0 0 0
J R 6 912 28 2 4609 288 0
K 0 0 49
A D 4 32 0
A P 1 0 0
J B 25 981 1 82 6913 288 0
J N 5 1002 56 2 1 0 1 36
K 0 0 43
A D 2 32 0
A P 1 175 0
J N 6 1032 56 2 1153 144 1 36
K 0 0 43
A D 4 32 0
A P 1 175 0
J N 6 1084 56 2 3457 288 1 36
K 0 0 43
A D 4 32 0
A P 1 175 0
J N 5 1136 56 2 5761 288 2 37 36
K 0 0 43
A D 2 32 1
A P 1 175 1
H 36 B 46 0 108 4 42 1 1 53
J B 26 1168 1 82 6913 144 0
J N 5 1195 56 2 1 0 2 38 37
K 0 0 43
A D 2 32 0
A P 1 175 0
H 37 T 56 0 0 0 0 0 13 0
J N 6 1225 56 4 1153 144 1 38
K 0 0 43
K -4 44 111
K 8 44 110
A D 4 32 0
A P 1 175 0
J N 4 1281 63 3 3457 288 2 39 38
K -18 0 63
K 0 0 43
A D 1 32 0
A P 1 170 0
J N 4 1309 56 2 4033 72 2 38 39
K 0 0 43
A D 1 32 0
A P 1 175 0
H 38 B 57 0 108 4 42 1 221 333
H 39 S 12 0 0 0 0 0 0 0 0
J N 4 1337 63 2 4609 72 2 40 41
K 0 0 43
A D 1 32 0
A P 1 170 0
J N 4 1365 56 2 5185 72 2 41 40
K 0 0 43
A D 1 32 0
A P 1 175 0
H 40 S 12 0 0 0 0 0 0 0 0
J N 4 1393 49 2 5761 72 2 42 41
K 0 0 43
A D 1 32 0
A P 1 181 0
J N 4 1421 56 2 6337 72 2 41 42
K 0 0 43
A D 1 32 0
A P 1 175 0
H 41 B 76 -1 108 4 222 111 111 333
H 42 S 12 0 0 0 0 0 0 0 0
J B 27 1453 1 82 6913 72 0
J N 5 1474 56 2 1 0 1 43
K 0 0 43
A D 2 32 0
A P 1 175 0
J N 6 1504 56 2 1153 144 1 43
K 0 0 43
A D 4 32 0
A P 1 175 0
J N 6 1556 56 2 3457 288 1 43
K 0 0 43
A D 4 32 0
A P 1 175 0
J N 5 1608 56 2 5761 288 2 44 43
K 0 0 43
A D 2 32 1
A P 1 175 1
H 43 B 46 0 108 4 42 1 1 53
J B 28 1640 1 82 6913 144 0
J N 5 1667 56 2 1 0 2 45 44
K 0 0 43
A D 2 32 0
A P 1 175 0
H 44 T 56 0 0 0 0 0 13 0
J N 6 1697 56 2 1153 144 1 45
K 0 0 43
A D 4 32 0
A P 1 175 0
J N 5 1753 14 3 3457 288 1 45
K 0 0 43
K 0 21 96
A D 2 32 0
A P 1 209 0
J N 5 1785 28 3 4609 144 1 45
K 0 0 43
K 0 21 96
A D 2 32 0
A P 1 198 0
J N 5 1815 42 3 5761 144 1 45
K 0 0 43
K 0 21 96
A D 2 32 0
A P 1 187 0
H 45 B 87 0 108 5 42 1 21 11 33
J B 29 1847 1 82 6913 144 0
J D 0 1868 0 1 1 0 0
W 0 116 36 cresc.
J N 5 1868 49 2 1 0 2 46 47
K 0 0 43
A D 2 32 0
A P 1 181 0
J N 5 1898 56 2 1153 144 1 47
K 0 0 43
A D 2 32 0
A P 1 175 0
J N 5 1928 63 2 2305 144 1 47
K 0 0 43
A D 2 32 0
A P 1 169 0
J N 5 1958 70 5 3457 144 1 47
K 1 0 45
K 0 0 43
K -1 0 45
K 2 0 45
A D 2 32 0
A P 1 164 0
J N 5 1988 77 5 4609 144 1 47
K 1 -7 45
K 0 0 43
K 0 -7 45
K 1 -7 45
A D 2 32 0
A P 1 158 0
J N 5 2018 84 6 5761 144 2 47 46
K 1 -14 45
K 1 0 45
K 0 0 43
K -1 0 45
K 2 0 45
A D 2 32 0
A P 1 152 0
H 47 B 52 3 108 6 22 11 11 11 11 33
H 46 S 12 0 0 0 0 0 0 0 0
J B 30 2050 1 82 6913 144 0
E *
L 655 0 0 345 345 * 0 14 0
J D 0 -86 42 1 6913 0 0
W 0 0 31 Vla
J C 13 5 28 35 6913 0 0
J K 3 57 0 3 6913 0 0
K 0 7 63
K 15 28 63
K 30 0 63
J D 0 -11 -14 1 6913 0 0
W 0 0 0 \02\00
J N 7 151 14 4 1 0 0
K 0 0 43
K 0 0 60
K 0 21 60
A D 8 32 0
A P 3 175 0
J N 6 260 35 3 4609 576 0
K 0 0 43
K 0 0 53
A D 4 32 0
A P 3 158 0
J B 21 308 1 82 6913 288 0
J D 0 329 0 1 1 0 0
W 0 99 36 cresc.
J N 7 329 35 4 1 0 1 27
K 0 0 43
K 0 0 59
K 0 -21 59
A D 8 32 0
A P 3 158 0
J N 5 387 28 2 4609 576 1 28
K 0 0 43
A D 2 32 0
A P 3 164 0
J N 5 418 21 2 5761 144 2 28 27
K 0 0 43
A D 2 32 0
A P 3 169 0
H 28 B -47 -4 108 2 22 33
H 27 S 0 14 0 0 0 0 0 0 0
J B 22 451 1 82 6913 144 0
J S 0 472 96 2 1 0 1 29
K 0 0 111
K 12 0 110
J N 7 472 14 4 1 0 0
K 0 0 43
K 0 0 60
K 0 21 60
A D 8 32 0
A P 3 175 0
J N 6 575 14 3 4609 576 1 29
K 0 0 43
K 0 0 54
A D 4 32 0
A P 3 175 0
H 29 W 21 0 38 96 14 96
J B 23 620 1 82 6913 288 0
J N 7 641 7 5 1 0 1 30
K 0 0 43
K 0 71 108
K 0 0 60
K 0 21 60
A D 8 32 0
A P 3 181 0
J N 6 741 14 3 4609 576 1 30
K 0 0 43
K 0 0 54
A D 4 32 0
A P 3 175 0
H 30 S 0 0 0 0 0 0 0 0 0
J B 24 803 1 82 6913 288 0
J N 7 824 14 4 1 0 0
K 0 0 43
K 0 0 60
K 0 21 60
A D 8 32 0
A P 3 175 0
J R 6 912 28 2 4609 576 0
K 0 0 49
A D 4 32 0
A P 3 0 0
J B 25 981 1 82 6913 288 0
J N 6 1002 21 2 1 0 2 31 32
K 0 0 43
A D 4 32 0
A P 3 169 0
J N 6 1058 28 2 2305 288 1 32
K 0 0 43
A D 4 32 0
A P 3 164 0
J N 6 1110 63 2 4609 288 2 32 31
K 0 0 43
A D 4 32 0
A P 3 135 0
H 32 B 41 5 108 3 2 1 3
H 31 S 12 0 0 0 0 0 0 0 0
J B 26 1168 1 82 6913 288 0
J N 6 1195 42 3 1 0 1 33
K 0 0 43
K 0 21 96
A D 4 32 0
A P 3 152 0
J N 6 1251 42 3 2305 288 1 33
K 0 0 43
K 0 21 96
A D 4 32 0
A P 3 152 0
H 33 B 46 0 108 2 2 3
J R 6 1337 28 2 4609 288 0
K 0 0 49
A D 4 32 0
A P 3 0 0
J B 27 1453 1 82 6913 288 0
J N 6 1474 14 2 1 0 2 34 35
K 0 0 43
A D 4 32 0
A P 3 175 0
J N 6 1530 21 2 2305 288 1 35
K 0 0 43
A D 4 32 0
A P 3 169 0
J N 6 1582 28 2 4609 288 2 35 34
K 0 0 43
A D 4 32 0
A P 3 164 0
H 35 B -57 1 108 3 2 1 3
H 34 S 0 0 0 0 0 0 0 0 0
J B 28 1640 1 82 6913 288 0
J N 7 1667 49 4 1 0 0
K 0 0 43
K 0 0 59
K 0 -21 59
A D 8 32 0
A P 3 147 0
J R 6 1785 28 2 4609 576 0
K 0 0 49
A D 4 32 0
A P 3 0 0
J B 29 1847 1 82 6913 288 0
J R 9 1934 28 2 1 0 0
K 0 0 46
A D 12 32 0
A P 3 0 0
J B 30 2050 1 82 6913 864 0
E *
L 780 0 0 345 345 * 0 14 0
J D 0 -83 42 1 6913 0 0
W 0 0 31 Vc
J C 12 5 14 35 6913 0 0
J K 3 57 0 3 6913 0 0
K 0 42 63
K 15 14 63
K 30 35 63
J D 0 -11 -14 1 6913 0 0
W 0 0 0 \02\00
J N 7 151 21 4 1 0 0
K 0 0 43
K 0 0 60
K 0 21 60
A D 8 32 0
A P 1 158 0
J N 6 260 21 3 4609 576 0
K 0 0 43
K 0 0 54
A D 4 32 0
A P 1 158 0
J B 21 308 1 82 6913 288 0
J D 0 329 0 1 1 0 0
W 0 96 36 cresc.
J N 7 329 21 4 1 0 1 28
K 0 0 43
K 0 0 60
K 0 21 60
A D 8 32 0
A P 1 158 0
J N 5 387 14 2 4609 576 1 29
K 0 0 43
A D 2 32 0
A P 1 164 0
J N 5 418 7 2 5761 144 2 29 28
K 0 0 43
A D 2 32 0
A P 1 169 0
H 29 B -47 -4 108 2 22 33
H 28 S 0 0 0 0 0 0 0 0 0
J B 22 451 1 82 6913 144 0
J S 0 472 96 2 1 0 1 30
K 0 0 111
K 12 0 110
J N 7 472 7 4 1 0 1 31
K 0 0 43
K 0 0 60
K 0 21 60
A D 8 32 0
A P 1 169 0
J N 6 575 14 3 4609 576 2 31 30
K 0 0 43
K 0 0 54
A D 4 32 0
A P 1 164 0
H 30 W 21 0 38 96 14 96
H 31 S 0 0 0 0 0 0 0 0 0
J B 23 620 1 82 6913 288 0
J R 6 641 28 2 1 0 0
K 0 0 49
A D 4 32 0
A P 1 0 0
J N 6 685 21 3 2305 288 2 32 33
K 0 0 43
K 0 74 108
A D 4 32 0
A P 1 158 0
J N 6 741 0 2 4609 288 2 33 32
K 0 0 43
A D 4 32 0
A P 1 175 0
H 33 B -52 -7 108 2 2 3
H 32 S 0 0 0 0 0 0 0 0 0
J B 24 803 1 82 6913 288 0
J N 7 824 28 4 1 0 0
K 0 0 43
K 0 0 60
K 0 21 60
A D 8 32 0
A P 1 152 0
J R 6 912 28 2 4609 576 0
K 0 0 49
A D 4 32 0
A P 1 0 0
J C 22 943 14 164 6913 288 0
J B 25 981 1 82 6913 0 0
J N 6 1002 -21 5 1 0 2 34 35
K 0 7 45
K 0 0 43
K 0 7 45
K 1 7 45
A D 4 32 0
A P 1 169 0
J N 6 1058 -14 5 2305 288 1 35
K 0 0 45
K 0 0 43
K -1 0 45
K 2 0 45
A D 4 32 0
A P 1 164 0
J N 6 1110 21 2 4609 288 2 35 34
K 0 0 43
A D 4 32 0
A P 1 135 0
H 35 B -65 5 108 3 2 1 3
H 34 S 0 0 -7 0 -7 0 0 0 0
J B 26 1168 1 82 6913 288 0
J N 6 1195 0 3 1 0 1 36
K 0 0 43
K 0 -17 96
A D 4 32 0
A P 1 152 0
J N 6 1251 49 3 2305 288 1 36
K 0 0 43
K 0 -14 96
A D 4 32 0
A P 1 112 0
H 36 B -69 12 108 2 2 3
J R 6 1337 28 2 4609 288 0
K 0 0 49
A D 4 32 0
A P 1 0 0
J B 27 1453 1 82 6913 288 0
J N 6 1474 -28 6 1 0 2 37 38
K 0 14 45
K 0 0 45
K 0 0 43
K -1 0 45
K 2 0 45
A D 4 32 0
A P 1 175 0
J N 6 1530 -21 5 2305 288 1 38
K 0 7 45
K 0 0 43
K 0 7 45
K 1 7 45
A D 4 32 0
A P 1 169 0
J N 6 1582 -14 5 4609 288 2 38 37
K 0 0 45
K 0 0 43
K -1 0 45
K 2 0 45
A D 4 32 0
A P 1 164 0
H 38 B -57 1 108 3 2 1 3
H 37 S 0 0 0 0 0 0 0 0 0
J B 28 1640 1 82 6913 288 0
J N 7 1667 7 4 1 0 0
K 0 0 43
K 0 0 60
K 0 21 60
A D 8 32 0
A P 1 147 0
J R 6 1785 28 2 4609 576 0
K 0 0 49
A D 4 32 0
A P 1 0 0
J B 29 1847 1 82 6913 288 0
J R 9 1934 28 2 1 10000 0
K 0 0 46
A D 12 32 0
A P 1 0 0
J B 30 2050 1 82 6913 864 0
E *
L 905 0 0 345 345 * 0 14 0
J D 0 -83 42 1 6913 0 0
W 0 0 31 Cb
J C 22 5 14 36 6913 0 0
J K 3 57 0 3 6913 0 0
K 0 14 63
K 15 35 63
K 30 7 63
J D 0 -11 -14 1 6913 0 0
W 0 0 0 \02\00
J R 9 202 28 2 1 10000 0
K 0 0 46
A D 12 32 0
A P 1 0 0
J B 21 308 1 82 6913 864 0
J R 9 365 28 2 1 10000 0
K 0 0 46
A D 12 32 0
A P 1 0 0
J B 22 451 1 82 6913 864 0
J R 9 521 28 2 1 10000 0
K 0 0 46
A D 12 32 0
A P 1 0 0
J B 23 620 1 82 6913 864 0
J R 9 697 28 2 1 10000 0
K 0 0 46
A D 12 32 0
A P 1 0 0
J B 24 803 1 82 6913 864 0
J R 9 878 28 2 1 10000 0
K 0 0 46
A D 12 32 0
A P 1 0 0
J B 25 981 1 82 6913 864 0
J N 6 1002 -21 5 1 0 2 13 14
K 0 7 45
K 0 0 43
K 0 7 45
K 1 7 45
A D 4 32 0
A P 1 169 0
J N 6 1058 -14 5 2305 288 1 14
K 0 0 45
K 0 0 43
K -1 0 45
K 2 0 45
A D 4 32 0
A P 1 164 0
J N 6 1110 21 2 4609 288 2 14 13
K 0 0 43
A D 4 32 0
A P 1 135 0
H 14 B -65 5 108 3 2 1 3
H 13 S 0 0 -7 0 -7 0 0 0 0
J B 26 1168 1 82 6913 288 0
J N 6 1195 0 3 1 0 1 15
K 0 0 43
K 0 -17 96
A D 4 32 0
A P 1 152 0
J N 6 1251 49 3 2305 288 1 15
K 0 0 43
K 0 -14 96
A D 4 32 0
A P 1 112 0
H 15 B -69 12 108 2 2 3
J R 6 1337 28 2 4609 288 0
K 0 0 49
A D 4 32 0
A P 1 0 0
J B 27 1453 1 82 6913 288 0
J N 6 1474 -28 6 1 0 2 16 17
K 0 14 45
K 0 0 45
K 0 0 43
K -1 0 45
K 2 0 45
A D 4 32 0
A P 1 175 0
J N 6 1530 -21 5 2305 288 1 17
K 0 7 45
K 0 0 43
K 0 7 45
K 1 7 45
A D 4 32 0
A P 1 169 0
J N 6 1582 -14 5 4609 288 2 17 16
K 0 0 45
K 0 0 43
K -1 0 45
K 2 0 45
A D 4 32 0
A P 1 164 0
H 17 B -57 1 108 3 2 1 3
H 16 S 0 0 0 0 0 0 0 0 0
J B 28 1640 1 82 6913 288 0
J N 7 1667 7 4 1 0 0
K 0 0 43
K 0 0 60
K 0 21 60
A D 8 32 0
A P 1 147 0
J R 6 1785 28 2 4609 576 0
K 0 0 49
A D 4 32 0
A P 1 0 0
J B 29 1847 1 82 6913 288 0
J R 9 1934 28 2 1 10000 0
K 0 0 46
A D 12 32 0
A P 1 0 0
J B 30 2050 1 82 6913 864 0
E *
B 1 308 0
B 1 451 0
B 1 620 0
B 1 803 0
B 1 981 0
B 1 1168 0
B 1 1453 0
B 1 1640 0
B 1 1847 0
B 1 2050 0
S 0 200 1395 2050 961 8 "[(...)](.)[({..}..)]"
L 0 0 0 345 345 * 0 14 0
J D 0 -119 42 1 6913 0 0
W 0 0 31 Ob 1-2
J C 4 5 42 2 6913 0 0
K 0 0 33
K 0 0 34
J K 3 57 0 3 6913 0 0
K 0 0 63
K 15 21 63
K 30 -7 63
J D 0 -11 -14 1 6913 0 0
W 0 0 37 \03\00
J R 9 204 28 2 1 0 0
K 0 0 46
A D 12 32 0
A P 3 0 0
J B 31 312 1 82 6913 864 0
J R 9 408 28 2 1 0 0
K 0 0 46
A D 12 32 0
A P 3 0 0
J B 32 533 1 82 6913 864 0
J R 9 625 28 2 1 0 0
K 0 0 46
A D 12 32 0
A P 3 0 0
J B 33 746 1 82 6913 864 0
J R 9 838 28 2 1 0 0
K 0 0 46
A D 12 32 0
A P 3 0 0
J B 34 958 1 82 6913 864 0
J R 9 1038 28 2 1 0 0
K 0 0 46
A D 12 32 0
A P 3 0 0
J B 35 1146 1 82 6913 864 0
J R 9 1215 28 2 1 0 0
K 0 0 46
A D 12 32 0
A P 3 0 0
J B 36 1312 1 82 6913 864 0
J R 9 1396 28 2 1 0 0
K 0 0 46
A D 12 32 0
A P 3 0 0
J B 37 1509 1 82 6913 864 0
J R 6 1532 28 2 1 0 0
K 0 0 49
A D 4 32 0
A P 1 0 0
J D 0 1585 0 1 2305 288 0
W 0 -18 32 1.
J N 6 1611 7 3 2305 0 2 2 1
K 0 0 43
K 25 0 44
A D 6 32 0
A P 1 215 0
J N 5 1658 7 2 5761 432 2 2 1
K 0 0 43
A D 2 32 0
A P 1 215 0
H 1 W 0 21 7 86 7 86
H 2 B -50 0 108 2 2 53
J B 38 1690 1 82 6913 144 0
J N 5 1713 0 5 1 0 2 3 4
K -14 0 64
K 0 0 43
K 0 86 111
K 12 86 110
A D 2 32 0
A P 1 220 0
J N 5 1741 7 2 1153 144 2 4 3
K 0 0 43
A D 2 32 0
A P 1 215 0
H 3 S 0 0 0 0 0 0 0 0 0
J N 6 1783 7 3 2305 144 1 4
K 0 0 43
K 0 -17 96
A D 4 32 0
A P 1 215 0
H 4 B -59 1 108 3 22 31 3
J R 6 1820 28 2 4609 288 0
K 0 0 49
A D 4 32 0
A P 1 0 0
J B 39 1884 1 82 6913 288 0
J R 9 1953 28 2 1 0 0
K 0 0 46
A D 12 32 0
A P 3 0 0
J B 40 2050 1 82 6913 864 0
E *
L 125 0 0 345 345 * 0 14 0
J D 0 -110 42 1 6913 0 0
W 0 -21 31 Cl 1-2
J D 0 -110 42 1 6913 0 0
W 8 21 31 (A)
J C 4 5 42 2 6913 0 0
K 0 0 33
K 0 0 34
J K 0 57 0 0 6913 0 0
J D 0 -11 -14 1 6913 0 0
W 0 0 0 \03\00
J S 0 145 103 2 1 0 1 29
K 0 0 111
K 12 0 110
J N 5 145 0 7 1 0 2 30 31
K 0 -14 45
K 0 -14 43
K -1 -14 45
K 2 -14 45
K 0 0 43
K 0 -14 60
A D 2 32 0
A P 1 232 0
A P 2 220 0
J N 6 174 28 6 1153 144 1 31
K 0 -14 43
K 24 -20 44
K 0 0 43
K 24 -6 44
K 0 -14 60
A D 6 32 0
A P 1 209 0
A P 2 198 0
H 31 B -70 4 108 2 42 3
J N 6 243 21 6 4609 432 1 30
K -14 0 64
K 0 -14 43
K 0 0 43
K 0 -14 60
K 0 0 54
A D 4 32 0
A P 1 215 0
A P 2 203 0
H 30 S 0 0 -14 0 -14 0 0 0 0
J I 0 280 0 0 5761 144 1 29
H 29 W 21 0 38 103 14 103
J B 31 312 1 82 6913 144 0
J N 6 333 7 7 1 0 2 32 33
K 0 -14 43
K 25 -14 44
K 0 0 43
K 25 0 44
K 0 85 108
K 0 -14 60
A D 6 32 0
A P 1 226 0
A P 2 215 0
J N 5 428 14 4 3457 432 1 33
K 0 -14 43
K 0 0 43
K 0 -14 60
A D 2 32 0
A P 1 220 0
A P 2 209 0
J N 5 457 21 4 4609 144 1 33
K 0 -14 43
K 0 0 43
K 0 -14 60
A D 2 32 0
A P 1 215 0
A P 2 203 0
J N 5 490 28 4 5761 144 2 33 32
K 0 -14 43
K 0 0 43
K 0 -14 60
A D 2 32 0
A P 1 209 0
A P 2 198 0
H 33 B -61 1 108 4 2 21 11 33
H 32 S 0 0 -14 0 -14 0 0 0 0
J B 32 533 1 82 6913 144 0
J N 6 554 21 3 1 0 0
K 0 0 43
K 0 0 51
A D 4 32 0
A P 1 203 0
J N 6 554 21 3 1 0 0
K 0 0 43
K 0 0 54
A D 4 32 0
A P 2 203 0
J R 6 612 28 2 2305 288 0
K 0 0 49
A D 4 32 1
A P 1 0 1
J R 5 670 28 3 4609 288 0
K 0 14 49
K 4 0 50
A D 2 32 0
A P 1 0 0
J D 0 684 0 1 5761 144 0
W 0 -18 32 1.
J N 5 703 42 3 5761 0 0
K 0 0 43
K 0 0 55
A D 2 32 0
A P 1 186 0
J B 33 746 1 82 6913 144 0
J N 5 767 42 3 1 0 2 34 35
K 0 0 43
K 24 -6 44
A D 3 32 0
A P 1 186 0
J N 4 810 21 2 1729 216 2 35 34
K 0 0 43
A D 1 32 0
A P 1 203 0
H 35 B 69 -9 108 2 22 533
H 34 S 12 0 0 0 0 0 0 0 0
J N 6 838 7 3 2305 72 2 36 37
K 0 0 43
K 25 0 44
A D 6 32 0
A P 1 215 0
J N 5 925 21 2 5761 432 2 37 36
K 0 0 43
A D 2 32 0
A P 1 203 0
H 37 B -50 2 108 2 2 53
H 36 S 0 0 0 0 0 0 0 0 0
J B 34 958 1 82 6913 144 0
J N 5 979 28 3 1 0 2 38 39
K 0 0 43
K 24 -6 44
A D 3 32 0
A P 1 198 0
J N 4 1017 14 2 1729 216 2 39 38
K 0 0 43
A D 1 32 0
A P 1 209 0
H 38 S 0 0 0 0 0 0 0 0 0
J N 6 1045 0 3 2305 72 1 39
K 0 0 43
K 0 -17 96
A D 4 32 0
A P 1 220 0
H 39 B -58 -7 108 3 22 531 3
J R 6 1082 28 2 4609 288 0
K 0 0 49
A D 4 32 0
A P 1 0 0
J B 35 1146 1 82 6913 288 0
J R 9 1215 28 2 1 0 0
K 0 0 46
A D 12 32 0
A P 3 0 0
J B 36 1312 1 82 6913 864 0
J R 6 1333 28 2 1 0 0
K 0 0 49
A D 4 32 1
A P 1 0 1
J R 6 1398 28 2 2305 288 0
K 0 0 49
A D 4 32 1
A P 1 0 1
J R 5 1435 28 3 4609 288 0
K 0 14 49
K 4 0 50
A D 2 32 0
A P 1 0 0
J D 0 1448 0 1 5761 144 0
W 0 -18 32 1.
J N 5 1467 42 3 5761 0 0
K 0 0 43
K 0 0 55
A D 2 32 0
A P 1 186 0
J B 37 1509 1 82 6913 144 0
J N 5 1532 42 3 1 0 2 40 41
K 0 0 43
K 24 -6 44
A D 3 32 0
A P 1 186 0
J N 4 1570 21 2 1729 216 2 41 40
K 0 0 43
A D 1 32 0
A P 1 203 0
H 41 B 66 -4 108 2 22 533
H 40 S 12 0 0 0 0 0 0 0 0
J N 6 1611 7 6 2305 72 2 42 43
K -15 0 65
K 0 0 43
K 25 0 44
K 0 85 111
K 12 85 110
A D 6 32 0
A P 1 214 0
J N 5 1658 21 2 5761 432 2 43 42
K 0 0 43
A D 2 32 0
A P 1 203 0
H 43 B -51 3 108 2 2 53
H 42 S 0 0 0 0 0 0 0 0 0
J B 38 1690 1 82 6913 144 0
J N 5 1713 28 3 1 0 2 44 45
K 0 0 43
K 24 -6 44
A D 3 32 0
A P 1 198 0
J N 4 1755 14 2 1729 216 2 45 44
K 0 0 43
A D 1 32 0
A P 1 209 0
H 44 S 0 0 0 0 0 0 0 0 0
J N 6 1783 0 3 2305 72 1 45
K 0 0 43
K 0 -17 96
A D 4 32 0
A P 1 220 0
H 45 B -59 -7 108 3 22 531 3
J R 6 1820 28 2 4609 288 0
K 0 0 49
A D 4 32 0
A P 1 0 0
J B 39 1884 1 82 6913 288 0
J R 6 1905 28 2 1 0 0
K 0 0 49
A D 4 32 0
A P 1 0 0
J N 6 1971 -7 3 2305 288 2 47 46
K 0 0 43
K 25 0 44
A D 6 32 0
A P 1 226 0
J N 5 2018 -7 2 5761 432 2 47 46
K 0 0 43
A D 2 32 0
A P 1 226 0
H 46 W 0 21 7 84 7 84
H 47 B -50 0 108 2 2 53
J B 40 2050 1 82 6913 144 0
E *
L 250 0 0 345 345 * 0 14 0
J D 0 -130 42 1 6913 0 0
W 0 0 31 Fag 1-2
J C 22 5 14 36 6913 0 0
J K 3 57 0 3 6913 0 0
K 0 14 63
K 15 35 63
K 30 7 63
J D 0 -11 -14 1 6913 0 0
W 0 0 0 \03\00
J S 0 145 92 2 1 0 1 28
K 0 0 111
K 12 0 110
J N 5 145 -21 10 1 0 2 29 30
K 0 7 45
K 0 -7 45
K 0 -14 43
K 0 -7 45
K 1 -7 45
K 0 0 43
K 0 7 45
K 1 7 45
K 0 -14 60
A D 2 32 0
A P 1 181 0
A P 2 169 0
J N 6 174 7 6 1153 144 1 30
K 0 -14 43
K 25 -14 44
K 0 0 43
K 25 0 44
K 0 -14 60
A D 6 32 0
A P 1 158 0
A P 2 147 0
H 30 B -65 4 108 2 42 3
J N 6 243 0 9 4609 432 1 29
K 0 -14 45
K -14 0 64
K 0 -14 43
K -1 -14 45
K 2 -14 45
K 0 0 43
K 0 -14 60
K 0 0 54
A D 4 32 0
A P 1 164 0
A P 2 152 0
H 29 S 0 0 -14 0 -14 0 0 0 0
J I 0 280 0 0 5761 144 1 28
H 28 W 21 0 38 92 14 92
J B 31 312 1 82 6913 144 0
J N 6 333 -14 13 1 0 2 31 32
K 0 0 45
K 0 -14 45
K 0 -14 43
K -1 -14 45
K 2 -14 45
K 24 -20 44
K 0 0 43
K -1 0 45
K 2 0 45
K 24 -6 44
K 0 92 108
K 0 -14 60
A D 6 32 0
A P 1 175 0
A P 2 164 0
J N 5 428 -7 7 3457 432 1 32
K 0 -7 45
K 0 -14 43
K 0 -7 45
K 1 -7 45
K 0 0 43
K 0 -14 60
A D 2 32 0
A P 1 169 0
A P 2 158 0
J N 5 457 0 7 4609 144 1 32
K 0 -14 45
K 0 -14 43
K -1 -14 45
K 2 -14 45
K 0 0 43
K 0 -14 60
A D 2 32 0
A P 1 164 0
A P 2 152 0
J N 5 490 7 4 5761 144 2 32 31
K 0 -14 43
K 0 0 43
K 0 -14 60
A D 2 32 0
A P 1 158 0
A P 2 147 0
H 32 B -57 1 108 4 2 21 11 33
H 31 S 0 0 -14 0 -14 0 0 0 0
J B 32 533 1 82 6913 144 0
J N 6 554 0 3 1 0 0
K 0 0 43
K 0 0 51
A D 4 32 0
A P 1 152 0
J N 6 554 0 3 1 0 0
K 0 0 43
K 0 0 54
A D 4 32 0
A P 2 152 0
J R 6 612 28 2 2305 288 0
K 0 0 49
A D 4 32 1
A P 1 0 1
J R 5 670 28 3 4609 288 0
K 0 14 49
K 4 0 50
A D 2 32 0
A P 1 0 0
J D 0 684 0 1 5761 144 0
W 0 -18 32 1.
J N 5 703 21 3 5761 0 0
K 0 0 43
K 0 0 56
A D 2 32 0
A P 1 135 0
J B 33 746 1 82 6913 144 0
J N 5 767 21 3 1 0 2 33 34
K 0 0 43
K 25 0 44
A D 3 32 0
A P 1 135 0
J N 4 810 0 2 1729 216 2 34 33
K 0 0 43
A D 1 32 0
A P 1 152 0
H 34 B -61 -9 108 2 22 533
H 33 S 0 0 0 0 0 0 0 0 0
J N 6 838 -14 6 2305 72 2 35 36
K 0 0 45
K 0 0 43
K -1 0 45
K 2 0 45
K 24 -6 44
A D 6 32 0
A P 1 164 0
J N 5 925 0 2 5761 432 2 36 35
K 0 0 43
A D 2 32 0
A P 1 152 0
H 36 B -57 2 108 2 2 53
H 35 S 0 0 0 0 0 0 0 0 0
J B 34 958 1 82 6913 144 0
J N 5 979 7 3 1 0 2 37 38
K 0 0 43
K 25 0 44
A D 3 32 0
A P 1 147 0
J N 4 1017 -7 2 1729 216 2 38 37
K 0 0 43
A D 1 32 0
A P 1 158 0
H 37 S 0 0 0 0 0 0 0 0 0
J N 6 1045 -21 6 2305 72 1 38
K 0 7 45
K 0 0 43
K 0 7 45
K 1 7 45
K 0 -17 96
A D 4 32 0
A P 1 169 0
H 38 B -65 -7 108 3 22 531 3
J R 6 1082 28 2 4609 288 0
K 0 0 49
A D 4 32 0
A P 1 0 0
J B 35 1146 1 82 6913 288 0
J R 9 1215 28 2 1 0 0
K 0 0 46
A D 12 32 0
A P 3 0 0
J B 36 1312 1 82 6913 864 0
J R 6 1333 28 2 1 0 0
K 0 0 49
A D 4 32 1
A P 1 0 1
J R 6 1398 28 2 2305 288 0
K 0 0 49
A D 4 32 1
A P 1 0 1
J R 5 1435 28 3 4609 288 0
K 0 14 49
K 4 0 50
A D 2 32 0
A P 1 0 0
J D 0 1448 0 1 5761 144 0
W 0 -18 32 1.
J N 5 1467 21 3 5761 0 0
K 0 0 43
K 0 0 56
A D 2 32 0
A P 1 135 0
J B 37 1509 1 82 6913 144 0
J N 5 1532 21 3 1 0 2 39 40
K 0 0 43
K 25 0 44
A D 3 32 0
A P 1 135 0
J N 4 1570 0 2 1729 216 2 40 39
K 0 0 43
A D 1 32 0
A P 1 152 0
H 40 B -64 -4 108 2 22 533
H 39 S 0 0 0 0 0 0 0 0 0
J N 6 1611 -14 9 2305 72 2 41 42
K 0 0 45
K -14 0 64
K 0 0 43
K -1 0 45
K 2 0 45
K 24 -6 44
K -4 103 111
K 8 103 110
A D 6 32 0
A P 1 163 0
J N 5 1658 0 2 5761 432 2 42 41
K 0 0 43
A D 2 32 0
A P 1 152 0
H 42 B -58 3 108 2 2 53
H 41 S 0 0 0 0 0 0 0 0 0
J B 38 1690 1 82 6913 144 0
J N 5 1713 7 3 1 0 2 43 44
K 0 0 43
K 25 0 44
A D 3 32 0
A P 1 147 0
J N 4 1755 -7 2 1729 216 2 44 43
K 0 0 43
A D 1 32 0
A P 1 158 0
H 43 S 0 0 0 0 0 0 0 0 0
J N 6 1783 -21 6 2305 72 1 44
K 0 7 45
K 0 0 43
K 0 7 45
K 1 7 45
K 0 -17 96
A D 4 32 0
A P 1 169 0
H 44 B -54 -7 108 3 22 531 3
J R 6 1820 28 2 4609 288 0
K 0 0 49
A D 4 32 0
A P 1 0 0
J B 39 1884 1 82 6913 288 0
J R 6 1905 28 2 1 0 0
K 0 0 49
A D 4 32 0
A P 1 0 0
J N 6 1971 -28 7 2305 288 2 46 45
K 0 14 45
K 0 0 45
K 0 0 43
K -1 0 45
K 2 0 45
K 24 -6 44
A D 6 32 0
A P 1 175 0
J N 5 2018 -28 6 5761 432 2 46 45
K 0 14 45
K 0 0 45
K 0 0 43
K -1 0 45
K 2 0 45
A D 2 32 0
A P 1 175 0
H 45 W 0 21 7 86 7 86
H 46 B -56 0 108 2 2 53
J B 40 2050 1 82 6913 144 0
E *
L 390 0 0 345 345 * 0 14 0
J D 0 -130 42 1 6913 0 0
W 0 -21 31 Cor 1-2
J D 0 -130 42 1 6913 0 0
W 8 21 31 (E)
J C 4 5 42 2 6913 0 0
K 0 0 33
K 0 0 34
J K 0 57 0 0 6913 0 0
J D 0 -11 -14 1 6913 0 0
W 0 0 0 \03\00
J N 7 145 21 10 1 0 1 17
K 1 49 45
K 0 0 43
K 0 49 43
K -1 49 45
K 2 49 45
K 0 49 59
K 0 28 59
K 0 0 59
K 0 -14 59
A D 24 96 0
A P 1 203 0
A P 2 163 0
J N 6 243 21 9 4609 576 1 17
K 1 49 45
K 0 0 43
K 0 49 43
K -1 49 45
K 2 49 45
K 0 49 59
K 0 28 59
K 0 0 51
A D 12 96 0
A P 1 203 0
A P 2 163 0
H 17 W 21 0 7 110 14 110
J B 31 312 1 82 6913 288 0
J R 6 333 28 2 1 0 0
K 0 0 49
A D 12 96 1
A P 1 0 1
J R 6 395 28 2 2305 288 0
K 0 0 49
A D 12 96 0
A P 1 0 0
J N 6 457 21 10 4609 288 0
K 1 49 45
K 0 0 43
K 0 49 43
K -1 49 45
K 2 49 45
K 0 81 108
K 0 49 59
K 0 28 59
K 0 0 51
A D 12 96 0
A P 1 203 0
A P 2 163 0
J B 32 533 1 82 6913 288 0
J N 7 554 21 10 1 0 0
K 1 49 45
K 0 0 43
K 0 49 43
K -1 49 45
K 2 49 45
K 0 49 59
K 0 28 59
K 0 0 59
K 0 -14 59
A D 24 96 0
A P 1 203 0
A P 2 163 0
J R 6 670 28 2 4609 576 0
K 0 0 49
A D 12 96 0
A P 1 0 0
J B 33 746 1 82 6913 288 0
J N 7 767 21 13 1 0 2 18 19
K 1 49 45
K 0 0 43
K 25 0 44
K 0 49 43
K -1 49 45
K 2 49 45
K 24 43 44
K 0 84 108
K 0 49 59
K 0 28 59
K 0 0 59
K 0 -14 59
A D 36 96 1
A P 1 203 1
A P 2 163 1
J B 34 958 1 82 6913 864 0
J N 7 979 21 12 1 0 4 20 21 18 19
K 1 49 45
K 0 0 43
K 25 0 44
K 0 49 43
K -1 49 45
K 2 49 45
K 24 43 44
K 0 49 59
K 0 28 59
K 0 0 59
K 0 -14 59
A D 36 96 1
A P 1 203 1
A P 2 163 1
H 18 T 21 0 0 0 0 0 3 0
H 19 T 70 0 0 0 0 0 13 0
J B 35 1146 1 82 6913 864 0
J N 7 1167 21 12 1 0 4 22 23 20 21
K 1 49 45
K 0 0 43
K 25 0 44
K 0 49 43
K -1 49 45
K 2 49 45
K 24 43 44
K 0 49 59
K 0 28 59
K 0 0 59
K 0 -14 59
A D 36 96 1
A P 1 203 1
A P 2 163 1
H 20 T 21 0 0 0 0 0 3 0
H 21 T 70 0 0 0 0 0 13 0
J B 36 1312 1 82 6913 864 0
J N 7 1333 21 12 1 0 4 24 25 22 23
K 1 49 45
K 0 0 43
K 25 0 44
K 0 49 43
K -1 49 45
K 2 49 45
K 24 43 44
K 0 49 59
K 0 28 59
K 0 0 59
K 0 -14 59
A D 36 96 1
A P 1 203 1
A P 2 163 1
H 22 T 21 0 0 0 0 0 3 0
H 23 T 70 0 0 0 0 0 13 0
J B 37 1509 1 82 6913 864 0
J N 7 1532 21 12 1 0 4 26 27 24 25
K 1 49 45
K 0 0 43
K 25 0 44
K 0 49 43
K -1 49 45
K 2 49 45
K 24 43 44
K 0 49 59
K 0 28 59
K 0 0 59
K 0 -14 59
A D 36 96 1
A P 1 203 1
A P 2 163 1
H 24 T 21 0 0 0 0 0 3 0
H 25 T 70 0 0 0 0 0 13 0
J B 38 1690 1 82 6913 864 0
J N 7 1713 21 12 1 0 4 28 29 26 27
K 1 49 45
K 0 0 43
K 25 0 44
K 0 49 43
K -1 49 45
K 2 49 45
K 24 43 44
K 0 49 59
K 0 28 59
K 0 0 59
K 0 -14 59
A D 36 96 1
A P 1 203 1
A P 2 163 1
H 26 T 21 0 0 0 0 0 3 0
H 27 T 70 0 0 0 0 0 13 0
J B 39 1884 1 82 6913 864 0
J N 7 1905 21 12 1 0 2 28 29
K 1 49 45
K 0 0 43
K 25 0 44
K 0 49 43
K -1 49 45
K 2 49 45
K 24 43 44
K 0 49 59
K 0 28 59
K 0 0 59
K 0 -14 59
A D 36 96 0
A P 1 203 0
A P 2 163 0
H 28 T 21 0 0 0 0 0 3 0
H 29 T 70 0 0 0 0 0 13 0
J B 40 2050 1 82 6913 864 0
E *
L 525 0 0 345 345 * 0 14 0
J D 0 -119 42 1 6913 0 0
W 0 0 31 Vln 1
J C 4 5 42 2 6913 0 0
K 0 0 33
K 0 0 34
J K 3 57 0 3 6913 0 0
K 0 0 63
K 15 21 63
K 30 -7 63
J D 0 -11 -14 1 6913 0 0
W 0 0 0 \03\00
J N 5 145 42 2 1 0 1 58
K 0 0 43
A D 12 192 0
A P 1 187 0
J N 6 174 -21 7 1153 144 1 58
K 0 7 45
K 0 0 43
K 0 7 45
K 1 7 45
K -4 119 111
K 8 119 110
A D 24 192 0
A P 1 238 0
H 58 B -45 -4 108 2 42 3
J N 5 214 -21 6 3457 288 2 60 59
K 0 7 45
K 0 0 43
K 0 7 45
K 1 7 45
K 0 -17 96
A D 12 192 0
A P 1 238 0
J N 5 243 -28 7 4609 144 1 60
K 0 14 45
K 0 0 45
K 0 0 43
K -1 0 45
K 2 0 45
K 0 -17 96
A D 12 192 0
A P 1 244 0
J N 5 280 -28 7 5761 144 1 60
K 0 14 45
K 0 0 45
K 0 0 43
K -1 0 45
K 2 0 45
K 0 -17 96
A D 12 192 0
A P 1 244 0
H 60 B -54 -2 108 3 22 11 33
J I 0 308 0 0 6337 72 1 59
H 59 W 21 0 7 91 14 91
J B 31 312 1 82 6913 72 0
J R 5 333 28 3 1 0 0
K 0 14 49
K 4 0 50
A D 12 192 0
A P 1 0 0
J N 5 366 -35 9 1153 144 0
K 0 21 45
K 0 7 45
K 0 0 43
K 0 7 45
K 1 7 45
K 0 113 108
K 0 0 60
K 0 14 56
A D 12 192 0
A P 1 249 0
J R 5 395 28 3 2305 144 0
K 0 14 49
K 4 0 50
A D 12 192 0
A P 1 0 0
J N 5 428 -35 8 3457 144 0
K 0 21 45
K 0 7 45
K 0 0 43
K 0 7 45
K 1 7 45
K 0 0 60
K 0 14 56
A D 12 192 0
A P 1 249 0
J R 5 457 28 3 4609 144 0
K 0 14 49
K 4 0 50
A D 12 192 0
A P 1 0 0
J N 5 490 -21 7 5761 144 0
K 0 7 45
K 0 0 43
K 0 7 45
K 1 7 45
K 0 0 60
K 0 0 56
A D 12 192 0
A P 1 238 0
J B 32 533 1 82 6913 144 0
J N 6 554 -14 6 1 0 0
K 0 0 45
K 0 0 43
K -1 0 45
K 2 0 45
K 0 0 54
A D 24 192 0
A P 1 232 0
J R 6 612 28 2 2305 288 0
K 0 0 49
A D 24 192 1
A P 1 0 1
J R 6 670 28 2 4609 288 0
K 0 0 49
A D 24 192 0
A P 1 0 0
J B 33 746 1 82 6913 288 0
J R 9 838 28 2 1 10000 0
K 0 0 46
A D 72 192 0
A P 1 0 0
J B 34 958 1 82 6913 864 0
J R 6 979 28 2 1 0 0
K 0 0 49
A D 24 192 1
A P 1 0 1
J R 6 1045 28 2 2305 288 0
K 0 0 49
A D 24 192 1
A P 1 0 1
J R 5 1082 28 3 4609 288 0
K 0 14 49
K 4 0 50
A D 12 192 0
A P 1 0 0
J N 5 1114 7 4 5761 144 0
K 0 0 43
K 0 74 108
K 0 0 56
A D 12 192 0
A P 1 215 0
J B 35 1146 1 82 6913 144 0
J N 5 1167 7 3 1 0 2 61 62
K 0 0 43
K 25 0 44
A D 18 192 0
A P 1 215 0
J N 4 1205 -21 5 1729 216 2 62 61
K 0 7 45
K 0 0 43
K 0 7 45
K 1 7 45
A D 6 192 0
A P 1 238 0
H 62 B -52 -4 108 2 22 533
H 61 S 0 0 0 0 0 0 0 0 0
J N 6 1233 -35 9 2305 72 2 63 64
K 0 21 45
K 0 7 45
K 0 0 43
K 0 7 45
K 1 7 45
K 25 0 44
K 0 120 111
K 12 120 110
A D 36 192 0
A P 1 249 0
J N 5 1280 -21 5 5761 432 2 64 63
K 0 7 45
K 0 0 43
K 0 7 45
K 1 7 45
A D 12 192 0
A P 1 238 0
H 64 B -63 3 108 2 2 53
H 63 S 0 0 0 0 0 0 0 0 0
J B 36 1312 1 82 6913 144 0
J N 5 1333 -14 6 1 0 2 65 66
K 0 0 45
K 0 0 43
K -1 0 45
K 2 0 45
K 24 -6 44
A D 18 192 0
A P 1 232 0
J N 4 1370 -28 6 1729 216 2 66 65
K 0 14 45
K 0 0 45
K 0 0 43
K -1 0 45
K 2 0 45
A D 6 192 0
A P 1 244 0
H 65 S 0 0 0 0 0 0 0 0 0
J N 6 1398 -42 8 2305 72 1 66
K 0 28 45
K 0 14 45
K 0 0 45
K 0 0 43
K -1 0 45
K 2 0 45
K 0 -17 96
A D 24 192 0
A P 1 255 0
H 66 B -61 -2 108 3 22 531 3
J R 6 1435 28 2 4609 288 0
K 0 0 49
A D 24 192 0
A P 1 0 0
J B 37 1509 1 82 6913 288 0
J R 9 1585 28 2 1 10000 0
K 0 0 46
A D 72 192 0
A P 1 0 0
J B 38 1690 1 82 6913 864 0
J R 6 1713 28 2 1 0 0
K 0 0 49
A D 24 192 1
A P 1 0 1
J R 6 1783 28 2 2305 288 0
K 0 0 49
A D 24 192 1
A P 1 0 1
J R 5 1820 28 3 4609 288 0
K 0 14 49
K 4 0 50
A D 12 192 0
A P 1 0 0
J N 5 1852 7 4 5761 144 0
K 0 0 43
K 0 74 108
K 0 0 56
A D 12 192 0
A P 1 215 0
J B 39 1884 1 82 6913 144 0
J N 5 1905 7 3 1 0 2 67 68
K 0 0 43
K 25 0 44
A D 18 192 0
A P 1 215 0
J N 4 1943 -21 5 1729 216 2 68 67
K 0 7 45
K 0 0 43
K 0 7 45
K 1 7 45
A D 6 192 0
A P 1 238 0
H 68 B -52 -4 108 2 22 533
H 67 S 0 0 0 0 0 0 0 0 0
J N 6 1971 -35 9 2305 72 2 69 70
K 0 21 45
K 0 7 45
K 0 0 43
K 0 7 45
K 1 7 45
K 25 0 44
K 0 120 111
K 12 120 110
A D 36 192 0
A P 1 249 0
J N 5 2018 -21 5 5761 432 2 70 69
K 0 7 45
K 0 0 43
K 0 7 45
K 1 7 45
A D 12 192 0
A P 1 238 0
H 70 B -63 3 108 2 2 53
H 69 S 0 0 0 0 0 0 0 0 0
J B 40 2050 1 82 6913 144 0
E *
L 655 0 0 345 345 * 0 14 0
J D 0 -119 42 1 6913 0 0
W 0 0 31 Vln 2
J C 4 5 42 2 6913 0 0
K 0 0 33
K 0 0 34
J K 3 57 0 3 6913 0 0
K 0 0 63
K 15 21 63
K 30 -7 63
J D 0 -11 -14 1 6913 0 0
W 0 0 0 \03\00
J N 5 145 91 6 1 0 1 48
K 1 -21 45
K 1 -7 45
K 0 0 43
K 0 -7 45
K 1 -7 45
A D 2 32 0
A P 1 147 0
J N 6 174 42 4 1153 144 1 48
K 0 0 43
K -4 47 111
K 8 47 110
A D 4 32 0
A P 1 187 0
H 48 B 93 -4 108 2 42 3
J N 5 214 42 3 3457 288 2 50 49
K 0 0 43
K 0 21 96
A D 2 32 0
A P 1 187 0
J N 5 243 35 3 4609 144 1 50
K 0 0 43
K 0 14 96
A D 2 32 0
A P 1 192 0
J N 5 280 35 3 5761 144 2 50 49
K 0 0 43
K 0 14 96
A D 2 32 0
A P 1 192 0
H 49 W 21 0 7 92 14 92
H 50 B 57 -1 108 3 22 11 33
J B 31 312 1 82 6913 144 0
J R 5 333 28 3 1 0 0
K 0 14 49
K 4 0 50
A D 2 32 0
A P 1 0 0
J N 5 366 28 4 1153 144 0
K 0 0 43
K 0 71 108
K 0 0 56
A D 2 32 0
A P 1 198 0
J R 5 395 28 3 2305 144 0
K 0 14 49
K 4 0 50
A D 2 32 0
A P 1 0 0
J N 5 428 28 3 3457 144 0
K 0 0 43
K 0 0 56
A D 2 32 0
A P 1 198 0
J R 5 457 28 3 4609 144 0
K 0 14 49
K 4 0 50
A D 2 32 0
A P 1 0 0
J N 5 490 42 3 5761 144 0
K 0 0 43
K 0 0 55
A D 2 32 0
A P 1 187 0
J B 32 533 1 82 6913 144 0
J N 5 554 35 2 1 0 1 51
K 0 0 43
A D 2 32 0
A P 1 192 0
J N 5 583 56 8 1153 144 2 52 51
K 1 14 45
K 0 0 43
K 0 14 43
K -1 14 45
K 2 14 45
K 0 31 96
K 0 14 59
A D 2 32 0
A P 1 175 0
A P 1 164 0
H 51 B 40 4 108 2 22 33
J N 5 612 56 8 2305 144 1 53
K 1 14 45
K 0 0 43
K 0 14 43
K -1 14 45
K 2 14 45
K 0 31 96
K 0 14 59
A D 2 32 0
A P 1 175 0
A P 1 164 0
J N 5 641 56 8 3457 144 1 53
K 1 14 45
K 0 0 43
K 0 14 43
K -1 14 45
K 2 14 45
K 0 31 96
K 0 14 59
A D 2 32 0
A P 1 175 0
A P 1 164 0
J N 5 670 56 8 4609 144 1 53
K 1 14 45
K 0 0 43
K 0 14 43
K -1 14 45
K 2 14 45
K 0 31 96
K 0 14 59
A D 2 32 0
A P 1 175 0
A P 1 164 0
J N 5 703 56 8 5761 144 2 53 52
K 1 14 45
K 0 0 43
K 0 14 43
K -1 14 45
K 2 14 45
K 0 31 96
K 0 14 59
A D 2 32 0
A P 1 175 0
A P 1 164 0
H 53 B 46 0 108 4 22 11 11 33
H 52 S 12 0 28 0 28 0 0 0 0
J B 33 746 1 82 6913 144 0
J N 5 767 56 8 1 0 2 54 55
K 1 14 45
K 0 0 43
K 0 14 43
K -1 14 45
K 2 14 45
K 0 31 96
K 0 14 59
A D 2 32 0
A P 1 175 0
A P 1 164 0
J N 5 796 56 8 1153 144 1 55
K 1 14 45
K 0 0 43
K 0 14 43
K -1 14 45
K 2 14 45
K 0 31 96
K 0 14 59
A D 2 32 0
A P 1 175 0
A P 1 164 0
J N 5 838 56 8 2305 144 1 55
K 1 14 45
K 0 0 43
K 0 14 43
K -1 14 45
K 2 14 45
K 0 31 96
K 0 14 59
A D 2 32 0
A P 1 175 0
A P 1 164 0
J N 5 867 56 8 3457 144 1 55
K 1 14 45
K 0 0 43
K 0 14 43
K -1 14 45
K 2 14 45
K 0 31 96
K 0 14 59
A D 2 32 0
A P 1 175 0
A P 1 164 0
J N 5 896 56 8 4609 144 1 55
K 1 14 45
K 0 0 43
K 0 14 43
K -1 14 45
K 2 14 45
K 0 31 96
K 0 14 59
A D 2 32 0
A P 1 175 0
A P 1 164 0
J N 5 925 56 8 5761 144 2 55 54
K 1 14 45
K 0 0 43
K 0 14 43
K -1 14 45
K 2 14 45
K 0 31 96
K 0 14 59
A D 2 32 0
A P 1 175 0
A P 1 164 0
H 55 B 46 0 108 6 22 11 11 11 11 33
H 54 S 12 0 28 0 28 0 0 0 0
J B 34 958 1 82 6913 144 0
J N 7 979 56 10 1 0 0
K 17 0 43
K 42 -7 44
K 0 7 43
K 42 7 44
K 0 7 59
K 0 0 59
K 0 -23 59
K 0 -42 125
K 0 -28 125
A D 12 32 0
A P 1 175 0
A P 1 169 0
J B 35 1146 1 82 6913 864 0
J N 7 1167 56 10 1 0 0
K 17 0 43
K 42 -7 44
K 0 7 43
K 42 7 44
K 0 7 59
K 0 0 59
K 0 -23 59
K 0 -42 125
K 0 -28 125
A D 12 32 0
A P 1 175 0
A P 1 169 0
J B 36 1312 1 82 6913 864 0
J N 7 1333 56 13 1 0 0
K 1 14 45
K 0 0 43
K 24 -6 44
K 0 14 43
K -1 14 45
K 2 14 45
K 24 8 44
K 0 14 59
K 0 0 59
K 0 -23 59
K 0 -42 125
K 0 -28 125
A D 12 32 0
A P 1 175 0
A P 1 164 0
J B 37 1509 1 82 6913 864 0
J N 7 1532 56 14 1 0 0
K 1 14 45
K -14 14 64
K 0 0 43
K 24 -6 44
K 0 14 43
K -1 14 45
K 2 14 45
K 24 8 44
K 0 14 59
K 0 0 59
K 0 -23 59
K 0 -42 125
K 0 -28 125
A D 12 32 0
A P 1 175 0
A P 1 163 0
J B 38 1690 1 82 6913 864 0
J N 7 1713 56 10 1 0 0
K 17 0 43
K 42 -7 44
K 0 7 43
K 42 7 44
K 0 7 59
K 0 0 59
K 0 -23 59
K 0 -42 125
K 0 -28 125
A D 12 32 0
A P 1 175 0
A P 1 169 0
J B 39 1884 1 82 6913 864 0
J N 7 1905 56 10 1 0 0
K 17 0 43
K 42 -7 44
K 0 7 43
K 42 7 44
K 0 7 59
K 0 0 59
K 0 -23 59
K 0 -42 125
K 0 -28 125
A D 12 32 0
A P 1 175 0
A P 1 169 0
J B 40 2050 1 82 6913 864 0
E *
L 780 0 0 345 345 * 0 14 0
J D 0 -86 42 1 6913 0 0
W 0 0 31 Vla
J C 13 5 28 35 6913 0 0
J K 3 57 0 3 6913 0 0
K 0 7 63
K 15 28 63
K 30 0 63
J D 0 -11 -14 1 6913 0 0
W 0 0 0 \03\00
J S 0 145 103 2 1 0 1 36
K 0 0 111
K 12 0 110
J N 6 145 14 2 1 0 2 37 38
K 0 0 43
A D 4 32 0
A P 3 175 0
J N 6 194 21 2 2305 288 1 38
K 0 0 43
A D 4 32 0
A P 3 169 0
J N 6 243 28 2 4609 288 2 38 37
K 0 0 43
A D 4 32 0
A P 3 164 0
H 38 B -57 1 108 3 2 1 3
H 37 S 0 0 0 0 0 0 0 0 0
J I 0 280 0 0 5761 144 1 36
H 36 W 21 0 38 103 14 103
J B 31 312 1 82 6913 144 0
J N 5 333 35 4 1 0 1 39
K 0 0 43
K 0 -14 96
K 0 60 108
A D 2 32 0
A P 3 158 0
J N 5 366 7 2 1153 144 1 39
K 0 0 43
A D 2 32 0
A P 3 181 0
H 39 B -40 -4 108 2 22 33
J R 5 395 28 3 2305 144 0
K 0 14 49
K 4 0 50
A D 2 32 0
A P 3 0 0
J N 5 428 7 3 3457 144 0
K 0 0 43
K 0 0 56
A D 2 32 0
A P 3 181 0
J R 5 457 28 3 4609 144 0
K 0 14 49
K 4 0 50
A D 2 32 0
A P 3 0 0
J N 5 490 21 3 5761 144 0
K 0 0 43
K 0 0 56
A D 2 32 0
A P 3 169 0
J B 32 533 1 82 6913 144 0
J N 5 554 28 2 1 0 1 40
K 0 0 43
A D 2 32 0
A P 3 164 0
J N 5 583 42 5 1153 144 2 41 40
K 0 0 43
K 0 21 43
K 0 38 96
K 0 21 59
A D 2 32 0
A P 3 152 0
A P 3 135 0
H 40 B 47 4 108 2 22 33
J N 5 612 42 5 2305 144 1 42
K 0 0 43
K 0 21 43
K 0 38 96
K 0 21 59
A D 2 32 0
A P 3 152 0
A P 3 135 0
J N 5 641 42 5 3457 144 1 42
K 0 0 43
K 0 21 43
K 0 38 96
K 0 21 59
A D 2 32 0
A P 3 152 0
A P 3 135 0
J N 5 670 42 5 4609 144 1 42
K 0 0 43
K 0 21 43
K 0 38 96
K 0 21 59
A D 2 32 0
A P 3 152 0
A P 3 135 0
J N 5 703 42 5 5761 144 2 42 41
K 0 0 43
K 0 21 43
K 0 38 96
K 0 21 59
A D 2 32 0
A P 3 152 0
A P 3 135 0
H 42 B 46 0 108 4 22 11 11 33
H 41 S 12 0 35 0 35 0 0 0 0
J B 33 746 1 82 6913 144 0
J N 5 767 42 5 1 0 2 43 44
K 0 0 43
K 0 21 43
K 0 38 96
K 0 21 59
A D 2 32 0
A P 3 152 0
A P 3 135 0
J N 5 796 42 5 1153 144 1 44
K 0 0 43
K 0 21 43
K 0 38 96
K 0 21 59
A D 2 32 0
A P 3 152 0
A P 3 135 0
J N 5 838 42 5 2305 144 1 44
K 0 0 43
K 0 21 43
K 0 38 96
K 0 21 59
A D 2 32 0
A P 3 152 0
A P 3 135 0
J N 5 867 42 5 3457 144 1 44
K 0 0 43
K 0 21 43
K 0 38 96
K 0 21 59
A D 2 32 0
A P 3 152 0
A P 3 135 0
J N 5 896 42 5 4609 144 1 44
K 0 0 43
K 0 21 43
K 0 38 96
K 0 21 59
A D 2 32 0
A P 3 152 0
A P 3 135 0
J N 5 925 42 5 5761 144 2 44 43
K 0 0 43
K 0 21 43
K 0 38 96
K 0 21 59
A D 2 32 0
A P 3 152 0
A P 3 135 0
H 44 B 46 0 108 6 22 11 11 11 11 33
H 43 S 12 0 35 0 35 0 0 0 0
J B 34 958 1 82 6913 144 0
J N 7 979 49 11 1 0 0
K 0 0 43
K 25 0 44
K 0 14 43
K 25 14 44
K 0 14 59
K 0 0 59
K 0 -28 59
K 0 -30 59
K 0 -49 125
K 0 -35 125
A D 12 32 0
A P 3 147 0
A P 3 135 0
J B 35 1146 1 82 6913 864 0
J N 7 1167 49 11 1 0 0
K 0 0 43
K 25 0 44
K 0 14 43
K 25 14 44
K 0 14 59
K 0 0 59
K 0 -28 59
K 0 -30 59
K 0 -49 125
K 0 -35 125
A D 12 32 0
A P 3 147 0
A P 3 135 0
J B 36 1312 1 82 6913 864 0
J N 7 1333 42 10 1 0 0
K 0 0 43
K 24 -6 44
K 0 21 43
K 25 21 44
K 0 21 59
K 0 0 59
K 0 -23 59
K 0 -42 125
K 0 -28 125
A D 12 32 0
A P 3 152 0
A P 3 135 0
J B 37 1509 1 82 6913 864 0
J N 7 1532 42 10 1 0 0
K 0 0 43
K 24 -6 44
K 0 21 43
K 25 21 44
K 0 21 59
K 0 0 59
K 0 -23 59
K 0 -42 125
K 0 -28 125
A D 12 32 0
A P 3 152 0
A P 3 135 0
J B 38 1690 1 82 6913 864 0
J N 7 1713 49 11 1 0 0
K 0 0 43
K 25 0 44
K 0 14 43
K 25 14 44
K 0 14 59
K 0 0 59
K 0 -28 59
K 0 -30 59
K 0 -49 125
K 0 -35 125
A D 12 32 0
A P 3 147 0
A P 3 135 0
J B 39 1884 1 82 6913 864 0
J N 7 1905 49 11 1 0 0
K 0 0 43
K 25 0 44
K 0 14 43
K 25 14 44
K 0 14 59
K 0 0 59
K 0 -28 59
K 0 -30 59
K 0 -49 125
K 0 -35 125
A D 12 32 0
A P 3 147 0
A P 3 135 0
J B 40 2050 1 82 6913 864 0
E *
L 905 0 0 345 345 * 0 14 0
J D 0 -140 42 1 6913 0 0
W 0 0 31 Vc+Cb
J C 22 5 14 36 6913 0 0
J K 3 57 0 3 6913 0 0
K 0 14 63
K 15 35 63
K 30 7 63
J D 0 -11 -14 1 6913 0 0
W 0 0 0 \03\00
J S 0 145 110 2 1 0 1 40
K 0 0 111
K 12 0 110
J N 6 145 21 2 1 0 2 41 42
K 0 0 43
A D 4 32 0
A P 3 135 0
J N 6 194 28 2 2305 288 1 42
K 0 0 43
A D 4 32 0
A P 3 129 0
J N 6 243 35 2 4609 288 2 42 41
K 0 0 43
A D 4 32 0
A P 3 124 0
H 42 B -50 2 108 3 2 1 3
H 41 S 0 0 0 0 0 0 0 0 0
J I 0 280 0 0 5761 144 1 40
H 40 W 21 0 38 110 14 110
J B 31 312 1 82 6913 144 0
J N 6 333 42 4 1 0 1 43
K 0 0 43
K 0 21 96
K 0 47 108
A D 4 32 0
A P 3 118 0
J N 6 395 42 3 2305 288 1 43
K 0 0 43
K 0 21 96
A D 4 32 0
A P 3 118 0
J N 6 457 21 3 4609 288 1 43
K 0 0 43
K 0 14 96
A D 4 32 0
A P 3 135 0
H 43 B 50 -3 108 3 2 1 3
J B 32 533 1 82 6913 288 0
J N 7 554 49 4 1 0 0
K 0 0 43
K 0 0 59
K 0 -21 59
A D 8 32 0
A P 3 112 0
J R 6 670 28 2 4609 576 0
K 0 0 49
A D 4 32 0
A P 3 0 0
J B 33 746 1 82 6913 288 0
J N 7 767 -14 7 1 0 0
K 0 0 45
K 0 0 43
K -1 0 45
K 2 0 45
K 0 0 60
K 0 21 60
A D 8 32 0
A P 3 164 0
J R 6 896 28 2 4609 576 0
K 0 0 49
A D 4 32 0
A P 3 0 0
J B 34 958 1 82 6913 288 0
J N 7 979 -7 4 1 0 0
K 0 0 43
K 0 0 60
K 0 21 60
A D 8 32 0
A P 3 158 0
J R 6 1082 28 2 4609 576 0
K 0 0 49
A D 4 32 0
A P 3 0 0
J B 35 1146 1 82 6913 288 0
J N 7 1167 21 4 1 0 0
K 0 0 43
K 0 0 60
K 0 21 60
A D 8 32 0
A P 3 135 0
J R 6 1264 28 2 4609 576 0
K 0 0 49
A D 4 32 0
A P 3 0 0
J B 36 1312 1 82 6913 288 0
J N 7 1333 0 4 1 0 0
K 0 0 43
K 0 0 60
K 0 21 60
A D 8 32 0
A P 3 152 0
J R 6 1435 28 2 4609 576 0
K 0 0 49
A D 4 32 0
A P 3 0 0
J B 37 1509 1 82 6913 288 0
J N 7 1532 -14 8 1 0 0
K 0 0 45
K -14 0 64
K 0 0 43
K -1 0 45
K 2 0 45
K 0 0 60
K 0 21 60
A D 8 32 0
A P 3 163 0
J R 6 1642 28 2 4609 576 0
K 0 0 49
A D 4 32 0
A P 3 0 0
J B 38 1690 1 82 6913 288 0
J N 7 1713 -7 4 1 0 0
K 0 0 43
K 0 0 60
K 0 21 60
A D 8 32 0
A P 3 158 0
J R 6 1820 28 2 4609 576 0
K 0 0 49
A D 4 32 0
A P 3 0 0
J B 39 1884 1 82 6913 288 0
J N 7 1905 21 4 1 0 0
K 0 0 43
K 0 0 60
K 0 21 60
A D 8 32 0
A P 3 135 0
J R 6 2002 28 2 4609 576 0
K 0 0 49
A D 4 32 0
A P 3 0 0
J B 40 2050 1 82 6913 288 0
E *
B 1 312 0
B 1 533 0
B 1 746 0
B 1 958 0
B 1 1146 0
B 1 1312 0
B 1 1509 0
B 1 1690 0
B 1 1884 0
B 1 2050 0
