S 0 200 140 2050 1086 9 "[(....)](.)[({..}..)]"
L 0 0 0 345 345 * 0 14 0
J D 0 -108 42 1 6913 0 0
W 0 0 31 Fl 1-2
J C 4 5 42 2 6913 0 0
K 0 0 33
K 0 0 34
J K 3 57 0 3 6913 0 0
K 0 0 63
K 15 21 63
K 30 -7 63
J D 0 -27 -14 1 6913 0 0
W 0 0 37 \01\00\01
J R 9 317 28 2 1 0 0
K 0 0 46
A D 12 32 0
A P 3 0 0
J B 102 539 1 82 6913 864 0
J R 9 645 28 2 1 0 0
K 0 0 46
A D 12 32 0
A P 3 0 0
J B 103 780 1 82 6913 864 0
J R 9 974 28 2 1 0 0
K 0 0 46
A D 12 32 0
A P 3 0 0
J B 104 1197 1 82 6913 864 0
J D 0 1218 0 1 1 0 0
W 0 100 1 p!36| cresc.
J N 7 1220 42 11 1 0 2 36 37
K -14 -49 64
K -14 0 64
K 0 -49 43
K 25 -49 44
K 0 0 43
K 24 -6 44
K 0 -49 60
K 0 -28 60
K 0 0 60
K 0 14 60
A D 12 32 1
A P 1 226 1
A P 2 186 1
J B 105 1378 1 82 6913 864 0
J N 7 1401 42 11 1 0 4 38 39 36 37
k -14 -49 64
k -14 0 64
K 0 -49 43
K 25 -49 44
K 0 0 43
K 24 -6 44
K 0 -49 60
K 0 -28 60
K 0 0 60
K 0 14 60
A D 12 32 1
A P 1 226 1
A P 2 186 1
H 36 T -7 0 0 0 0 0 1 0
H 37 T 42 0 0 0 0 0 15 0
J B 106 1813 1 82 6913 864 0
J N 7 1836 42 11 1 0 4 40 41 38 39
k -14 -49 64
k -14 0 64
K 0 -49 43
K 25 -49 44
K 0 0 43
K 24 -6 44
K 0 -49 60
K 0 -28 60
K 0 0 60
K 0 14 60
A D 12 32 1
A P 1 226 1
A P 2 186 1
H 38 T -7 0 0 0 0 0 1 0
H 39 T 42 0 0 0 0 0 15 0
J B 107 2050 1 82 6913 864 0
J M 0 2050 0 0 6913 0 1 40
H 40 T -7 0 0 0 0 0 1 0
J M 0 2050 0 0 6913 0 1 41
H 41 T 42 0 0 0 0 0 15 0
E *
L 125 0 0 345 345 * 0 14 0
J D 0 -119 42 1 6913 0 0
W 0 0 31 Ob 1-2
J C 4 5 42 2 6913 0 0
K 0 0 33
K 0 0 34
J K 3 57 0 3 6913 0 0
K 0 0 63
K 15 21 63
K 30 -7 63
J D 0 -27 -14 1 6913 0 0
W 0 0 0 \01\00\01
J R 9 317 28 2 1 0 0
K 0 0 46
A D 12 32 0
A P 3 0 0
J B 102 539 1 82 6913 864 0
J R 9 645 28 2 1 0 0
K 0 0 46
A D 12 32 0
A P 3 0 0
J B 103 780 1 82 6913 864 0
J R 9 974 28 2 1 0 0
K 0 0 46
A D 12 32 0
A P 3 0 0
J B 104 1197 1 82 6913 864 0
J D 0 1218 0 1 1 0 0
W 0 103 1 p!36| cresc.
J N 6 1220 42 5 1 0 2 32 33
K -14 0 64
K 0 0 43
K 0 14 43
K 0 14 59
A D 4 32 0
A P 1 186 0
A P 2 175 0
J N 6 1274 21 6 2305 288 1 33
K -14 0 64
K -28 21 64
K 0 0 43
K 0 21 43
K 0 21 59
A D 4 32 0
A P 1 203 0
A P 2 186 0
J N 6 1326 14 4 4609 288 2 33 32
K 0 0 43
K 0 14 43
K 0 14 59
A D 4 32 0
A P 1 209 0
A P 2 198 0
H 33 B 59 -3 108 3 2 1 3
H 32 S 12 0 14 0 14 0 0 0 0
J B 105 1378 1 82 6913 288 0
J N 6 1401 21 6 1 0 0
K -14 0 64
K 0 -14 43
K 0 0 43
K 0 -14 60
K 0 0 54
A D 4 32 0
A P 1 215 0
A P 2 203 0
J R 6 1549 28 2 2305 288 0
K 0 0 49
A D 4 32 1
A P 1 0 1
J R 6 1685 28 2 4609 288 0
K 0 0 49
A D 4 32 0
A P 1 0 0
J B 106 1813 1 82 6913 288 0
J N 6 1836 21 5 1 0 2 34 35
K -14 0 64
K 0 -14 43
K 0 0 43
K 0 -14 60
A D 4 32 0
A P 1 215 0
A P 2 203 0
J N 6 1908 14 5 2305 288 1 35
K -14 -14 64
K 0 -14 43
K 0 0 43
K 0 -14 60
A D 4 32 0
A P 1 220 0
A P 2 209 0
J N 6 1978 21 4 4609 288 2 35 34
K 0 -14 43
K 0 0 43
K 0 -14 60
A D 4 32 0
A P 1 215 0
A P 2 203 0
H 35 B -42 0 108 3 2 1 3
H 34 S 0 0 -14 0 -14 0 0 0 0
J B 107 2050 1 82 6913 288 0
E *
L 250 0 0 345 345 * 0 14 0
J D 0 -110 42 1 6913 0 0
W 0 -21 31 Cl 1-2
J D 0 -110 42 1 6913 0 0
W 8 21 31 (A)
J C 4 5 42 2 6913 0 0
K 0 0 33
K 0 0 34
J K 0 57 0 0 6913 0 0
J D 0 -27 -14 1 6913 0 0
W 0 0 0 \01\00\01
J R 9 317 28 2 1 0 0
K 0 0 46
A D 12 32 0
A P 3 0 0
J B 102 539 1 82 6913 864 0
J N 6 563 21 6 1 0 2 89 90
K -15 -14 65
K 0 -14 43
K 0 0 43
K 0 65 108
K 0 -14 60
A D 4 32 0
A P 1 214 0
A P 2 203 0
J N 6 635 14 4 2305 288 1 90
K 0 -14 43
K 0 0 43
K 0 -14 60
A D 4 32 0
A P 1 220 0
A P 2 209 0
J N 6 707 21 4 4609 288 2 90 89
K 0 -14 43
K 0 0 43
K 0 -14 60
A D 4 32 0
A P 1 214 0
A P 2 203 0
H 90 B -42 0 108 3 2 1 3
H 89 S 0 0 -14 0 -14 0 0 0 0
J B 103 780 1 82 6913 288 0
J N 6 801 28 5 1 0 0
K 0 -14 43
K 0 0 43
K 0 -14 60
K 0 0 54
A D 4 32 0
A P 1 209 0
A P 2 198 0
J R 6 937 28 2 2305 288 0
K 0 0 49
A D 4 32 1
A P 1 0 1
J R 6 1081 28 2 4609 288 0
K 0 0 49
A D 4 32 0
A P 1 0 0
J B 104 1197 1 82 6913 288 0
J R 9 1273 28 2 1 0 0
K 0 0 46
A D 12 32 0
A P 3 0 0
J B 105 1378 1 82 6913 864 0
J R 9 1581 28 2 1 0 0
K 0 0 46
A D 12 32 0
A P 3 0 0
J B 106 1813 1 82 6913 864 0
J R 9 1917 28 2 1 0 0
K 0 0 46
A D 12 32 0
A P 3 0 0
J B 107 2050 1 82 6913 864 0
E *
L 375 0 0 345 345 * 0 14 0
J D 0 -130 42 1 6913 0 0
W 0 0 31 Fag 1-2
J C 22 5 14 36 6913 0 0
J K 3 57 0 3 6913 0 0
K 0 14 63
K 15 35 63
K 30 7 63
J D 0 -27 -14 1 6913 0 0
W 0 0 0 \01\00\01
J R 9 317 14 2 1 0 0
K 0 0 46
A D 12 32 0
A P 1 0 0
J N 6 147 49 3 1 0 2 96 97
K 0 0 43
K -11 71 108
A D 4 32 0
A P 2 112 0
J N 6 259 35 3 2305 288 1 97
K -14 0 64
K 0 0 43
A D 4 32 0
A P 2 123 0
J N 6 399 21 2 4609 288 2 97 96
K 0 0 43
A D 4 32 0
A P 2 135 0
H 97 B -42 -2 108 3 2 1 3
H 96 S 12 -6 41 -6 53 0 0 0 -7
J B 102 539 1 82 6913 288 0
J N 6 563 0 9 1 0 2 98 99
K 0 -14 45
K -14 -14 64
K 0 -14 43
K -1 -14 45
K 2 -14 45
K 0 0 43
K 0 78 108
K 0 -14 60
A D 4 32 0
A P 1 163 0
A P 2 152 0
J N 6 635 -7 7 2305 288 1 99
K 0 -7 45
K 0 -14 43
K 0 -7 45
K 1 -7 45
K 0 0 43
K 0 -14 60
A D 4 32 0
A P 1 169 0
A P 2 158 0
J N 6 707 0 7 4609 288 2 99 98
K 0 -14 45
K 0 -14 43
K -1 -14 45
K 2 -14 45
K 0 0 43
K 0 -14 60
A D 4 32 0
A P 1 163 0
A P 2 152 0
H 99 B -46 0 108 3 2 1 3
H 98 S 0 0 -14 0 -14 0 0 0 0
J B 103 780 1 82 6913 288 0
J N 6 801 7 5 1 0 0
K 0 -14 43
K 0 0 43
K 0 -14 60
K 0 0 54
A D 4 32 0
A P 1 158 0
A P 2 147 0
J R 6 937 28 2 2305 288 0
K 0 0 49
A D 4 32 1
A P 1 0 1
J R 6 1081 28 2 4609 288 0
K 0 0 49
A D 4 32 0
A P 1 0 0
J B 104 1197 1 82 6913 288 0
J R 9 1273 28 2 1 0 0
K 0 0 46
A D 12 32 0
A P 3 0 0
J B 105 1378 1 82 6913 864 0
J R 9 1581 0 2 1 0 0
K 0 0 46
A D 12 32 0
A P 1 0 0
J N 6 1401 35 3 1 0 2 100 101
K -14 0 64
K 0 0 43
A D 4 32 0
A P 2 123 0
J N 6 1549 21 2 2305 288 1 101
K 0 0 43
A D 4 32 0
A P 2 135 0
J N 6 1685 7 3 4609 288 2 101 100
K -14 0 64
K 0 0 43
A D 4 32 0
A P 2 146 0
H 101 B -42 -1 108 3 2 1 3
H 100 S 12 -6 40 -6 52 0 0 0 -2
J B 106 1813 1 82 6913 288 0
J N 6 1836 -14 11 1 0 2 102 103
K 0 0 45
K 0 -14 45
K -14 0 64
K 0 -14 43
K -1 -14 45
K 2 -14 45
K 0 0 43
K -1 0 45
K 2 0 45
K 0 -14 60
A D 4 32 0
A P 1 175 0
A P 2 163 0
J N 6 1908 -21 11 2305 288 1 103
K 0 7 45
K 0 -7 45
K -14 -14 64
K 0 -14 43
K 0 -7 45
K 1 -7 45
K 0 0 43
K 0 7 45
K 1 7 45
K 0 -14 60
A D 4 32 0
A P 1 180 0
A P 2 169 0
J N 6 1978 -14 10 4609 288 2 103 102
K 0 0 45
K 0 -14 45
K 0 -14 43
K -1 -14 45
K 2 -14 45
K 0 0 43
K -1 0 45
K 2 0 45
K 0 -14 60
A D 4 32 0
A P 1 175 0
A P 2 163 0
H 103 B -46 0 108 3 2 1 3
H 102 S 0 0 -14 0 -14 0 0 0 0
J B 107 2050 1 82 6913 288 0
E *
L 515 0 0 345 345 * 0 14 0
J D 0 -130 42 1 6913 0 0
W 0 -21 31 Cor 1-2
J D 0 -130 42 1 6913 0 0
W 8 21 31 (E)
J C 4 5 42 2 6913 0 0
K 0 0 33
K 0 0 34
J K 0 57 0 0 6913 0 0
J D 0 -27 -14 1 6913 0 0
W 0 0 0 \01\00\01
J N 7 147 21 13 1 0 4 90 91 88 89
K 1 49 45
K 0 0 43
K 25 0 44
K 0 49 43
K -1 49 45
K 2 49 45
K 24 43 44
K 0 86 108
K 0 49 59
K 0 28 59
K 0 0 59
K 0 -14 59
A D 36 96 1
A P 1 203 1
A P 2 163 1
J M 0 95 0 0 6913 0 1 88
H 88 T 21 0 0 0 0 0 3 0
J M 0 95 0 0 6913 0 1 89
H 89 T 70 0 0 0 0 0 13 0
J B 102 539 1 82 6913 864 0
J N 7 563 21 12 1 0 4 92 93 90 91
K 1 49 45
K 0 0 43
K 25 0 44
K 0 49 43
K -1 49 45
K 2 49 45
K 24 43 44
K 0 49 59
K 0 28 59
K 0 0 59
K 0 -14 59
A D 36 96 1
A P 1 203 1
A P 2 163 1
H 90 T 21 0 0 0 0 0 3 0
H 91 T 70 0 0 0 0 0 13 0
J B 103 780 1 82 6913 864 0
J N 6 801 21 9 1 0 2 92 93
K 1 49 45
K 0 0 43
K 0 49 43
K -1 49 45
K 2 49 45
K 0 49 59
K 0 28 59
K 0 0 51
A D 12 96 0
A P 1 203 0
A P 2 163 0
H 92 T 21 0 0 0 0 0 3 0
H 93 T 70 0 0 0 0 0 13 0
J R 6 937 28 2 2305 288 0
K 0 0 49
A D 12 96 1
A P 1 0 1
J R 6 1081 28 2 4609 288 0
K 0 0 49
A D 12 96 0
A P 1 0 0
J B 104 1197 1 82 6913 288 0
J R 9 1273 28 2 1 0 0
K 0 0 46
A D 36 96 0
A P 3 0 0
J B 105 1378 1 82 6913 864 0
J R 9 1581 28 2 1 0 0
K 0 0 46
A D 36 96 0
A P 3 0 0
J B 106 1813 1 82 6913 864 0
J R 9 1917 28 2 1 0 0
K 0 0 46
A D 36 96 0
A P 3 0 0
J B 107 2050 1 82 6913 864 0
E *
L 650 0 0 345 345 * 0 14 0
J D 0 -119 42 1 6913 0 0
W 0 0 31 Vln 1
J C 4 5 42 2 6913 0 0
K 0 0 33
K 0 0 34
J K 3 57 0 3 6913 0 0
K 0 0 63
K 15 21 63
K 30 -7 63
J D 0 -27 -14 1 6913 0 0
W 0 0 0 \01\00\01
J N 4 147 21 5 1 0 1 220
K -14 0 64
K 0 0 43
K 0 -14 96
K 0 85 108
A D 6 192 0
A P 1 203 0
J N 4 175 7 3 577 72 1 220
K 0 0 43
K 0 -17 96
A D 6 192 0
A P 1 215 0
J N 4 203 14 3 1153 72 1 220
K 0 0 43
K 0 -21 96
A D 6 192 0
A P 1 209 0
J N 4 231 21 3 1729 72 1 220
K 0 0 43
K 0 -14 96
A D 6 192 0
A P 1 203 0
H 220 B -64 0 108 4 222 111 111 333
J N 4 259 28 3 2305 72 1 221
K 0 0 43
K 0 21 96
A D 6 192 0
A P 1 198 0
J N 4 287 35 3 2881 72 1 221
K 0 0 43
K 0 14 96
A D 6 192 0
A P 1 192 0
J N 4 331 42 4 3457 72 1 221
K -18 0 63
K 0 0 43
K 0 21 96
A D 6 192 0
A P 1 187 0
J N 4 371 49 4 4033 72 1 221
K -14 0 64
K 0 0 43
K 0 17 96
A D 6 192 0
A P 1 180 0
H 221 B 54 3 108 4 222 111 111 333
J N 4 399 56 3 4609 72 1 222
K 0 0 43
K 0 17 96
A D 6 192 0
A P 1 175 0
J N 4 439 63 4 5185 72 1 222
K -14 0 64
K 0 0 43
K 0 17 96
A D 6 192 0
A P 1 169 0
J N 4 479 70 7 5761 72 1 222
K 1 0 45
K -14 0 64
K 0 0 43
K -1 0 45
K 2 0 45
K 0 17 96
A D 6 192 0
A P 1 163 0
J N 4 507 77 6 6337 72 1 222
K 1 -7 45
K 0 0 43
K 0 -7 45
K 1 -7 45
K 0 17 96
A D 6 192 0
A P 1 158 0
H 222 B 59 1 108 4 222 111 111 333
J B 102 539 1 82 6913 72 0
J N 6 563 84 8 1 0 0
K 1 -14 45
K 1 0 45
K 0 0 43
K -1 0 45
K 2 0 45
K 0 0 59
K 0 -7 53
A D 24 192 0
A P 1 152 0
J R 6 635 28 2 2305 288 0
K 0 0 49
A D 24 192 1
A P 1 0 1
J R 6 707 28 2 4609 288 0
K 0 0 49
A D 24 192 0
A P 1 0 0
J B 103 780 1 82 6913 288 0
J R 4 801 28 4 1 0 0
K 0 14 49
K 4 0 50
K 8 -14 50
A D 6 192 0
A P 1 0 0
J N 4 837 56 3 577 72 1 223
K 0 0 43
K 0 17 96
A D 6 192 0
A P 1 175 0
J N 4 881 49 4 1153 72 1 223
K -18 0 63
K 0 0 43
K 0 17 96
A D 6 192 0
A P 1 181 0
J N 4 909 42 3 1729 72 1 223
K 0 0 43
K 0 21 96
A D 6 192 0
A P 1 187 0
H 223 B 67 -2 108 3 222 111 333
J N 4 937 35 3 2305 72 1 224
K 0 0 43
K 0 -14 96
A D 6 192 0
A P 1 192 0
J N 4 965 28 3 2881 72 1 224
K 0 0 43
K 0 -21 96
A D 6 192 0
A P 1 198 0
J N 4 1009 21 4 3457 72 1 224
K -18 0 63
K 0 0 43
K 0 -14 96
A D 6 192 0
A P 1 204 0
J N 4 1053 14 4 4033 72 1 224
K -18 0 63
K 0 0 43
K 0 -21 96
A D 6 192 0
A P 1 210 0
H 224 B -60 -3 108 4 222 111 111 333
J N 4 1081 7 2 4609 72 2 225 226
K 0 0 43
A D 6 192 0
A P 1 215 0
J N 4 1109 14 2 5185 72 1 226
K 0 0 43
A D 6 192 0
A P 1 210 0
J N 4 1137 7 2 5761 72 1 226
K 0 0 43
A D 6 192 0
A P 1 215 0
J N 4 1165 14 2 6337 72 2 226 225
K 0 0 43
A D 6 192 0
A P 1 210 0
H 226 B -64 0 108 4 222 111 111 333
H 225 S 0 0 0 0 0 0 0 0 0
J B 104 1197 1 82 6913 72 0
J N 6 1220 7 3 1 0 0
K 0 0 43
K 0 0 54
A D 24 192 0
A P 1 215 0
J R 6 1274 28 2 2305 288 0
K 0 0 49
A D 24 192 1
A P 1 0 1
J R 6 1326 28 2 4609 288 0
K 0 0 49
A D 24 192 0
A P 1 0 0
J B 105 1378 1 82 6913 288 0
J N 4 1401 7 3 1 0 1 227
K 0 0 43
K 0 -17 96
A D 6 192 0
A P 1 215 0
J N 4 1441 -7 4 577 72 1 227
K -14 0 64
K 0 0 43
K 0 -17 96
A D 6 192 0
A P 1 226 0
J N 4 1481 0 4 1153 72 1 227
K -14 0 64
K 0 0 43
K 0 -17 96
A D 6 192 0
A P 1 220 0
J N 4 1509 7 3 1729 72 1 227
K 0 0 43
K 0 -17 96
A D 6 192 0
A P 1 215 0
H 227 B -64 0 108 4 222 111 111 333
J N 4 1549 14 4 2305 72 1 228
K -14 0 64
K 0 0 43
K 0 -21 96
A D 6 192 0
A P 1 209 0
J N 4 1589 21 4 2881 72 1 228
K -14 0 64
K 0 0 43
K 0 -14 96
A D 6 192 0
A P 1 203 0
J N 4 1617 28 3 3457 72 1 228
K 0 0 43
K 0 -21 96
A D 6 192 0
A P 1 198 0
J N 4 1645 35 3 4033 72 1 228
K 0 0 43
K 0 -14 96
A D 6 192 0
A P 1 192 0
H 228 B -70 4 108 4 222 111 111 333
J N 4 1685 42 4 4609 72 1 229
K -14 0 64
K 0 0 43
K 0 21 96
A D 6 192 0
A P 1 186 0
J N 4 1725 49 4 5185 72 1 229
K -14 0 64
K 0 0 43
K 0 17 96
A D 6 192 0
A P 1 180 0
J N 4 1753 56 3 5761 72 1 229
K 0 0 43
K 0 17 96
A D 6 192 0
A P 1 175 0
J N 4 1781 63 3 6337 72 1 229
K 0 0 43
K 0 17 96
A D 6 192 0
A P 1 169 0
H 229 B 58 1 108 4 222 111 111 333
J B 106 1813 1 82 6913 72 0
J N 6 1836 70 7 1 0 0
K 1 0 45
K -14 0 64
K 0 0 43
K -1 0 45
K 2 0 45
K 0 0 53
A D 24 192 0
A P 1 163 0
J R 6 1908 28 2 2305 288 0
K 0 0 49
A D 24 192 1
A P 1 0 1
J R 6 1978 28 2 4609 288 0
K 0 0 49
A D 24 192 0
A P 1 0 0
J B 107 2050 1 82 6913 288 0
E *
L 780 0 0 345 345 * 0 14 0
J D 0 -119 42 1 6913 0 0
W 0 0 31 Vln 2
J C 4 5 42 2 6913 0 0
K 0 0 33
K 0 0 34
J K 3 57 0 3 6913 0 0
K 0 0 63
K 15 21 63
K 30 -7 63
J D 0 -27 -14 1 6913 0 0
W 0 0 0 \01\00\01
J N 6 147 35 4 1 0 0
K 0 0 43
K 0 44 108
K 0 0 53
A D 4 32 0
A P 1 192 0
J R 6 259 28 2 2305 288 0
K 0 0 49
A D 4 32 1
A P 1 0 1
J R 6 399 28 2 4609 288 0
K 0 0 49
A D 4 32 0
A P 1 0 0
J B 102 539 1 82 6913 288 0
J R 9 645 28 2 1 10000 0
K 0 0 46
A D 12 32 0
A P 1 0 0
J B 103 780 1 82 6913 864 0
J R 9 974 28 2 1 10000 0
K 0 0 46
A D 12 32 0
A P 1 0 0
J B 104 1197 1 82 6913 864 0
J D 0 1220 0 1 1 0 0
W 0 133 1 p!36| cresc.
J N 6 1220 91 7 1 0 2 138 139
K 1 -21 45
K 1 -7 45
K -14 0 64
K 0 0 43
K 0 -7 45
K 1 -7 45
A D 4 32 0
A P 1 146 0
J N 6 1274 70 6 2305 288 1 139
K 1 0 45
K -14 0 64
K 0 0 43
K -1 0 45
K 2 0 45
A D 4 32 0
A P 1 163 0
J N 6 1326 63 2 4609 288 2 139 138
K 0 0 43
A D 4 32 0
A P 1 169 0
H 139 B 66 -1 108 3 2 1 3
H 138 S 12 0 0 0 0 0 0 0 0
J B 105 1378 1 82 6913 288 0
J N 6 1401 56 3 1 0 0
K 0 0 43
K 0 0 53
A D 4 32 0
A P 1 175 0
J R 6 1549 28 2 2305 288 0
K 0 0 49
A D 4 32 1
A P 1 0 1
J R 6 1685 28 2 4609 288 0
K 0 0 49
A D 4 32 0
A P 1 0 0
J B 106 1813 1 82 6913 288 0
J N 5 1836 42 3 1 0 1 140
K -14 0 64
K 0 0 43
A D 2 32 0
A P 1 186 0
J N 6 1873 -7 3 1153 144 1 140
K -14 0 64
K 0 0 43
A D 4 32 0
A P 1 226 0
J N 5 1942 -7 3 3457 288 1 140
K 0 0 43
K 0 -17 96
A D 2 32 0
A P 1 226 0
J N 5 1978 -7 3 4609 144 1 140
K 0 0 43
K 0 -17 96
A D 2 32 0
A P 1 226 0
J N 5 2014 -7 3 5761 144 1 140
K 0 0 43
K 0 -17 96
A D 2 32 0
A P 1 226 0
H 140 B -45 -4 108 5 42 1 21 11 33
J B 107 2050 1 82 6913 144 0
E *
L 905 0 0 345 345 * 0 14 0
J D 0 -86 42 1 6913 0 0
W 0 0 31 Vla
J C 13 5 28 35 6913 0 0
J K 3 57 0 3 6913 0 0
K 0 7 63
K 15 28 63
K 30 0 63
J D 0 -27 -14 1 6913 0 0
W 0 0 0 \01\00\01
J N 6 147 -7 4 1 0 0
K 0 0 43
K 0 86 108
K 0 0 54
A D 4 32 0
A P 3 192 0
J R 6 259 28 2 2305 288 0
K 0 0 49
A D 4 32 1
A P 3 0 1
J R 6 399 28 2 4609 288 0
K 0 0 49
A D 4 32 0
A P 3 0 0
J B 102 539 1 82 6913 288 0
J N 5 563 63 2 1 0 1 110
K 0 0 43
A D 2 32 0
A P 3 135 0
J N 6 600 14 2 1153 144 1 110
K 0 0 43
A D 4 32 0
A P 3 175 0
J N 5 670 14 3 3457 288 1 110
K 0 0 43
K 0 21 96
A D 2 32 0
A P 3 175 0
J N 5 707 14 3 4609 144 1 110
K 0 0 43
K 0 21 96
A D 2 32 0
A P 3 175 0
J N 5 744 14 3 5761 144 1 110
K 0 0 43
K 0 21 96
A D 2 32 0
A P 3 175 0
H 110 B 91 -2 108 5 42 1 21 11 33
J B 103 780 1 82 6913 144 0
J N 6 801 14 3 1 0 0
K 0 0 43
K 0 0 54
A D 4 32 0
A P 3 175 0
J R 6 937 28 2 2305 288 0
K 0 0 49
A D 4 32 1
A P 3 0 1
J R 6 1081 28 2 4609 288 0
K 0 0 49
A D 4 32 0
A P 3 0 0
J B 104 1197 1 82 6913 288 0
J D 0 1220 0 1 1 0 0
W 0 107 1 p!36| cresc.
J N 6 1220 63 2 1 0 2 111 112
K 0 0 43
A D 4 32 0
A P 3 135 0
J N 6 1274 49 3 2305 288 1 112
K -14 0 64
K 0 0 43
A D 4 32 0
A P 3 146 0
J N 6 1326 35 2 4609 288 2 112 111
K 0 0 43
A D 4 32 0
A P 3 158 0
H 112 B 51 -5 108 3 2 1 3
H 111 S 12 0 0 0 0 0 0 0 0
J B 105 1378 1 82 6913 288 0
J N 4 1401 28 4 1 0 1 113
K -14 0 64
K 0 0 43
K 0 -21 96
A D 1 32 0
A P 3 163 0
J N 4 1441 0 4 577 72 1 113
K -14 0 64
K 0 0 43
K 0 -17 96
A D 1 32 0
A P 3 186 0
J N 4 1481 7 4 1153 72 1 113
K -14 0 64
K 0 0 43
K 0 -17 96
A D 1 32 0
A P 3 180 0
J N 4 1509 14 3 1729 72 1 113
K 0 0 43
K 0 -21 96
A D 1 32 0
A P 3 175 0
H 113 B -56 -1 108 4 222 111 111 333
J N 4 1549 21 3 2305 72 1 114
K 0 0 43
K 0 14 96
A D 1 32 0
A P 3 169 0
J N 4 1589 28 3 2881 72 1 114
K 0 0 43
K 0 21 96
A D 1 32 0
A P 3 163 0
J N 4 1617 35 3 3457 72 1 114
K 0 0 43
K 0 14 96
A D 1 32 0
A P 3 158 0
J N 4 1645 42 3 4033 72 1 114
K 0 0 43
K 0 21 96
A D 1 32 0
A P 3 152 0
H 114 B 64 1 108 4 222 111 111 333
J N 4 1685 49 4 4609 72 1 115
K -14 0 64
K 0 0 43
K 0 17 96
A D 1 32 0
A P 3 146 0
J N 4 1725 56 4 5185 72 1 115
K -14 0 64
K 0 0 43
K 0 17 96
A D 1 32 0
A P 3 140 0
J N 4 1753 63 3 5761 72 1 115
K 0 0 43
K 0 17 96
A D 1 32 0
A P 3 135 0
J N 4 1781 70 6 6337 72 1 115
K 1 0 45
K 0 0 43
K -1 0 45
K 2 0 45
K 0 17 96
A D 1 32 0
A P 3 129 0
H 115 B 53 1 108 4 222 111 111 333
J B 106 1813 1 82 6913 72 0
J N 5 1836 77 8 1 0 0
K 1 -7 45
K -14 0 64
K 0 0 43
K 0 -7 45
K 1 -7 45
K 0 0 59
K 0 0 55
A D 2 32 0
A P 3 123 0
J N 6 1873 0 3 1153 144 1 116
K -14 0 64
K 0 0 43
A D 4 32 0
A P 3 186 0
J N 5 1942 0 3 3457 288 1 116
K 0 0 43
K 0 -17 96
A D 2 32 0
A P 3 186 0
J N 5 1978 0 3 4609 144 1 116
K 0 0 43
K 0 -17 96
A D 2 32 0
A P 3 186 0
J N 5 2014 0 3 5761 144 1 116
K 0 0 43
K 0 -17 96
A D 2 32 0
A P 3 186 0
H 116 B -46 0 108 4 2 21 11 33
J B 107 2050 1 82 6913 144 0
E *
L 1030 0 0 345 345 * 0 14 0
J D 0 -140 42 1 6913 0 0
W 0 0 31 Vc+Cb
J C 22 5 14 36 6913 0 0
J K 3 57 0 3 6913 0 0
K 0 14 63
K 15 35 63
K 30 7 63
J D 0 -27 -14 1 6913 0 0
W 0 0 0 \01\00\01
J N 6 147 0 4 1 0 0
K 0 0 43
K 0 79 108
K 0 0 54
A D 4 32 0
A P 3 152 0
J R 6 259 28 2 2305 288 0
K 0 0 49
A D 4 32 1
A P 3 0 1
J R 6 399 28 2 4609 288 0
K 0 0 49
A D 4 32 0
A P 3 0 0
J B 102 539 1 82 6913 288 0
J N 6 563 0 2 1 0 2 113 114
K 0 0 43
A D 4 32 0
A P 3 152 0
J N 6 635 7 2 2305 288 1 114
K 0 0 43
A D 4 32 0
A P 3 147 0
J N 6 707 0 2 4609 288 2 114 113
K 0 0 43
A D 4 32 0
A P 3 152 0
H 114 B -56 0 108 3 2 1 3
H 113 S 0 0 0 0 0 0 0 0 0
J B 103 780 1 82 6913 288 0
J N 6 801 21 3 1 0 0
K 0 0 43
K 0 0 54
A D 4 32 0
A P 3 135 0
J R 6 937 28 2 2305 288 0
K 0 0 49
A D 4 32 1
A P 3 0 1
J R 6 1081 28 2 4609 288 0
K 0 0 49
A D 4 32 0
A P 3 0 0
J B 104 1197 1 82 6913 288 0
J D 0 1220 0 1 1 0 0
W 0 105 1 p!36| cresc.
J N 6 1220 35 3 1 0 2 115 116
K -14 0 64
K 0 0 43
A D 4 32 0
A P 3 123 0
J N 6 1274 21 2 2305 288 1 116
K 0 0 43
A D 4 32 0
A P 3 135 0
J N 6 1326 7 3 4609 288 2 116 115
K -14 0 64
K 0 0 43
A D 4 32 0
A P 3 146 0
H 116 B -40 -5 108 3 2 1 3
H 115 S 0 0 0 0 0 0 0 0 0
J B 105 1378 1 82 6913 288 0
J N 6 1401 -14 7 1 0 0
K 0 0 45
K -14 0 64
K 0 0 43
K -1 0 45
K 2 0 45
K 0 0 54
A D 4 32 0
A P 3 163 0
J R 6 1549 28 2 2305 288 0
K 0 0 49
A D 4 32 1
A P 3 0 1
J R 6 1685 28 2 4609 288 0
K 0 0 49
A D 4 32 0
A P 3 0 0
J B 106 1813 1 82 6913 288 0
J N 6 1836 -14 6 1 0 2 117 118
K 0 0 45
K -14 0 64
K 0 0 43
K -1 0 45
K 2 0 45
A D 4 32 0
A P 3 163 0
J N 6 1908 -7 2 2305 288 1 118
K 0 0 43
A D 4 32 0
A P 3 158 0
J N 6 1978 -14 5 4609 288 2 118 117
K 0 0 45
K 0 0 43
K -1 0 45
K 2 0 45
A D 4 32 0
A P 3 163 0
H 118 B -56 0 108 3 2 1 3
H 117 S 0 0 0 0 0 0 0 0 0
J B 107 2050 1 82 6913 288 0
E *
B 1 539 0
B 1 780 0
B 1 1197 0
B 1 1378 0
B 1 1813 0
B 1 2050 0
S 0 200 1520 2050 961 8 "[(...)](.)[({..}..)]"
L 0 0 0 345 345 * 0 14 0
J D 0 -108 42 1 6913 0 0
W 0 0 31 Fl 1-2
J C 4 5 42 2 6913 0 0
K 0 0 33
K 0 0 34
J K 3 57 0 3 6913 0 0
K 0 0 63
K 15 21 63
K 30 -7 63
J D 0 -27 -14 1 6913 0 0
W 0 0 37 \01\00\07
J N 6 147 42 8 1 0 2 40 41
K -14 -49 64
K -14 0 64
K 0 -49 43
K 0 0 43
K 0 -49 60
K 0 -28 60
K 0 0 52
A D 4 32 0
A P 1 226 0
A P 2 186 0
J M 0 95 0 0 6913 0 1 40
H 40 T -7 0 0 0 0 0 1 0
J M 0 95 0 0 6913 0 1 41
H 41 T 42 0 0 0 0 0 15 0
J R 6 283 28 2 2305 288 0
K 0 0 49
A D 4 32 1
A P 1 0 1
J R 6 423 28 2 4609 288 0
K 0 0 49
A D 4 32 0
A P 1 0 0
J B 108 539 1 82 6913 288 0
J R 9 643 28 2 1 0 0
K 0 0 46
A D 12 32 0
A P 3 0 0
J B 109 775 1 82 6913 864 0
J R 6 799 28 2 1 0 0
K 0 0 49
A D 4 32 0
A P 1 0 0
J D 0 811 0 1 2305 288 0
W 0 -60 32 1.
J N 6 844 -42 8 2305 0 2 42 43
K 0 28 45
K 0 14 45
K 0 0 45
K 0 0 43
K -1 0 45
K 2 0 45
K 0 120 108
A D 4 32 0
A P 1 255 0
J N 6 889 -35 6 4609 288 1 43
K 0 21 45
K 0 7 45
K 0 0 43
K 0 7 45
K 1 7 45
A D 4 32 0
A P 1 249 0
H 43 B -70 3 108 2 2 3
J B 110 936 1 82 6913 288 0
J N 6 959 -28 9 1 0 1 42
K 0 14 45
K 0 0 45
K -18 0 63
K 0 0 43
K -1 0 45
K 2 0 45
K 0 0 60
K 0 7 54
A D 4 32 0
A P 1 244 0
H 42 S 0 0 0 0 0 0 0 0 0
J R 6 1006 28 2 2305 288 0
K 0 0 49
A D 4 32 1
A P 1 0 1
J R 6 1076 28 2 4609 288 0
K 0 0 49
A D 4 32 0
A P 1 0 0
J B 111 1149 1 82 6913 288 0
J R 6 1173 28 2 1 0 0
K 0 0 49
A D 4 32 0
A P 1 0 0
J N 5 1218 -42 8 2305 288 1 44
K 0 28 45
K 0 14 45
K 0 0 45
K 0 0 43
K -1 0 45
K 2 0 45
K 0 -17 96
A D 2 32 0
A P 1 255 0
J N 5 1253 -42 8 3457 144 1 44
K 0 28 45
K 0 14 45
K 0 0 45
K 0 0 43
K -1 0 45
K 2 0 45
K 0 -17 96
A D 2 32 0
A P 1 255 0
J N 5 1288 -35 7 4609 144 1 44
K 0 21 45
K 0 7 45
K 0 0 43
K 0 7 45
K 1 7 45
K 0 -17 96
A D 2 32 0
A P 1 249 0
J N 5 1323 -35 7 5761 144 1 44
K 0 21 45
K 0 7 45
K 0 0 43
K 0 7 45
K 1 7 45
K 0 -17 96
A D 2 32 0
A P 1 249 0
H 44 B -70 0 108 4 22 11 11 33
J B 112 1361 1 82 6913 144 0
J N 6 1384 -28 8 1 0 0
K 0 14 45
K 0 0 45
K 0 0 43
K -1 0 45
K 2 0 45
K 0 0 60
K 0 7 54
A D 4 32 0
A P 1 244 0
J R 6 1431 28 2 2305 288 0
K 0 0 49
A D 4 32 1
A P 1 0 1
J R 6 1501 28 2 4609 288 0
K 0 0 49
A D 4 32 0
A P 1 0 0
J B 113 1572 1 82 6913 288 0
J D 0 1599 0 1 1 0 0
W 0 89 36 cresc.
J N 5 1599 7 12 1 0 1 45
K 0 -21 45
K 0 -35 45
K 0 -49 45
K 0 -63 45
K 0 -63 43
K -1 -63 45
K 2 -63 45
K 0 0 43
K 0 -63 60
K 0 -35 60
K 0 -28 60
A D 2 32 0
A P 1 267 0
A P 2 215 0
J N 5 1643 -7 12 1153 144 1 45
K 0 -7 45
K 0 -21 45
K 0 -35 45
K 0 -49 45
K -14 0 64
K 0 -49 43
K -1 -49 45
K 2 -49 45
K 0 0 43
K 0 -49 60
K 0 -28 60
A D 2 32 0
A P 1 267 0
A P 2 226 0
J N 5 1677 -7 11 2305 144 1 45
K 0 -7 45
K 0 -21 45
K 0 -35 45
K 0 -49 45
K 0 -49 43
K -1 -49 45
K 2 -49 45
K 0 0 43
K 0 -49 60
K 0 -28 60
A D 2 32 0
A P 1 267 0
A P 2 226 0
J N 5 1711 -7 11 3457 144 1 45
K 0 -7 45
K 0 -21 45
K 0 -35 45
K 0 -49 45
K 0 -49 43
K -1 -49 45
K 2 -49 45
K 0 0 43
K 0 -49 60
K 0 -28 60
A D 2 32 0
A P 1 267 0
A P 2 226 0
J N 5 1745 -7 11 4609 144 1 45
K 0 -7 45
K 0 -21 45
K 0 -35 45
K 0 -49 45
K 0 -49 43
K -1 -49 45
K 2 -49 45
K 0 0 43
K 0 -49 60
K 0 -28 60
A D 2 32 0
A P 1 267 0
A P 2 226 0
J N 5 1779 -7 11 5761 144 1 45
K 0 -7 45
K 0 -21 45
K 0 -35 45
K 0 -49 45
K 0 -49 43
K -1 -49 45
K 2 -49 45
K 0 0 43
K 0 -49 60
K 0 -28 60
A D 2 32 0
A P 1 267 0
A P 2 226 0
H 45 B -51 -2 108 6 22 11 11 11 11 33
J B 114 1816 1 82 6913 144 0
J N 5 1843 -42 13 1 0 1 46
K 0 28 45
K 0 14 45
K 0 0 45
K 0 -14 45
K -14 -14 64
K 0 -14 43
K -1 -14 45
K 2 -14 45
K 0 0 43
K -1 0 45
K 2 0 45
K 0 -14 60
A D 2 32 0
A P 1 266 0
A P 2 255 0
J N 5 1877 -42 12 1153 144 1 46
K 0 28 45
K 0 14 45
K 0 0 45
K 0 -14 45
K 0 -14 43
K -1 -14 45
K 2 -14 45
K 0 0 43
K -1 0 45
K 2 0 45
K 0 -14 60
A D 2 32 0
A P 1 266 0
A P 2 255 0
J N 5 1911 -42 12 2305 144 1 46
K 0 28 45
K 0 14 45
K 0 0 45
K 0 -14 45
K 0 -14 43
K -1 -14 45
K 2 -14 45
K 0 0 43
K -1 0 45
K 2 0 45
K 0 -14 60
A D 2 32 0
A P 1 266 0
A P 2 255 0
J N 5 1945 -42 12 3457 144 1 46
K 0 28 45
K 0 14 45
K 0 0 45
K 0 -14 45
K 0 -14 43
K -1 -14 45
K 2 -14 45
K 0 0 43
K -1 0 45
K 2 0 45
K 0 -14 60
A D 2 32 0
A P 1 266 0
A P 2 255 0
J N 5 1979 -42 12 4609 144 1 46
K 0 28 45
K 0 14 45
K 0 0 45
K 0 -14 45
K 0 -14 43
K -1 -14 45
K 2 -14 45
K 0 0 43
K -1 0 45
K 2 0 45
K 0 -14 60
A D 2 32 0
A P 1 266 0
A P 2 255 0
J N 5 2013 -42 12 5761 144 1 46
K 0 28 45
K 0 14 45
K 0 0 45
K 0 -14 45
K 0 -14 43
K -1 -14 45
K 2 -14 45
K 0 0 43
K -1 0 45
K 2 0 45
K 0 -14 60
A D 2 32 0
A P 1 266 0
A P 2 255 0
H 46 B -70 0 108 6 22 11 11 11 11 33
J B 115 2050 1 82 6913 144 0
E *
L 125 0 0 345 345 * 0 14 0
J D 0 -119 42 1 6913 0 0
W 0 0 31 Ob 1-2
J C 4 5 42 2 6913 0 0
K 0 0 33
K 0 0 34
J K 3 57 0 3 6913 0 0
K 0 0 63
K 15 21 63
K 30 -7 63
J D 0 -27 -14 1 6913 0 0
W 0 0 0 \01\00\07
J N 6 147 28 5 1 0 0
K 0 -14 43
K 0 0 43
K 0 -14 60
K 0 0 54
A D 4 32 0
A P 1 209 0
A P 2 198 0
J R 6 283 28 2 2305 288 0
K 0 0 49
A D 4 32 1
A P 1 0 1
J R 6 423 28 2 4609 288 0
K 0 0 49
A D 4 32 0
A P 1 0 0
J B 108 539 1 82 6913 288 0
J R 9 643 28 2 1 0 0
K 0 0 46
A D 12 32 0
A P 3 0 0
J B 109 775 1 82 6913 864 0
J R 6 799 28 2 1 0 0
K 0 0 49
A D 4 32 0
A P 1 0 0
J D 0 818 0 1 2305 288 0
W 0 -18 32 1.
J N 6 844 7 3 2305 0 2 36 37
K 0 0 43
K 0 77 108
A D 4 32 0
A P 1 215 0
J N 6 889 14 2 4609 288 1 37
K 0 0 43
A D 4 32 0
A P 1 209 0
H 37 B -50 3 108 2 2 3
J B 110 936 1 82 6913 288 0
J N 6 959 21 4 1 0 1 36
K -18 0 63
K 0 0 43
K 0 0 54
A D 4 32 0
A P 1 204 0
H 36 S 0 0 0 0 0 0 0 0 0
J R 6 1006 28 2 2305 288 0
K 0 0 49
A D 4 32 1
A P 1 0 1
J R 6 1076 28 2 4609 288 0
K 0 0 49
A D 4 32 0
A P 1 0 0
J B 111 1149 1 82 6913 288 0
J R 6 1173 28 2 1 0 0
K 0 0 49
A D 4 32 0
A P 1 0 0
J N 5 1218 7 3 2305 288 1 38
K 0 0 43
K 0 -17 96
A D 2 32 0
A P 1 215 0
J N 5 1253 7 3 3457 144 1 38
K 0 0 43
K 0 -17 96
A D 2 32 0
A P 1 215 0
J N 5 1288 14 3 4609 144 1 38
K 0 0 43
K 0 -21 96
A D 2 32 0
A P 1 209 0
J N 5 1323 14 3 5761 144 1 38
K 0 0 43
K 0 -21 96
A D 2 32 0
A P 1 209 0
H 38 B -53 0 108 4 22 11 11 33
J B 112 1361 1 82 6913 144 0
J N 6 1384 21 3 1 0 0
K 0 0 43
K 0 0 54
A D 4 32 0
A P 1 204 0
J R 6 1431 28 2 2305 288 0
K 0 0 49
A D 4 32 1
A P 1 0 1
J R 6 1501 28 2 4609 288 0
K 0 0 49
A D 4 32 0
A P 1 0 0
J B 113 1572 1 82 6913 288 0
J D 0 1593 0 1 1 0 0
W 0 109 36 cresc.
J N 5 1599 21 5 1 0 1 39
K -18 0 63
K 0 -14 43
K 0 0 43
K 0 -14 60
A D 2 32 0
A P 1 215 0
A P 2 204 0
J N 5 1643 21 4 1153 144 1 39
K 0 -14 43
K 0 0 43
K 0 -14 60
A D 2 32 0
A P 1 215 0
A P 2 204 0
J N 5 1677 21 4 2305 144 1 39
K 0 -14 43
K 0 0 43
K 0 -14 60
A D 2 32 0
A P 1 215 0
A P 2 204 0
J N 5 1711 21 4 3457 144 1 39
K 0 -14 43
K 0 0 43
K 0 -14 60
A D 2 32 0
A P 1 215 0
A P 2 204 0
J N 5 1745 21 4 4609 144 1 39
K 0 -14 43
K 0 0 43
K 0 -14 60
A D 2 32 0
A P 1 215 0
A P 2 204 0
J N 5 1779 21 4 5761 144 1 39
K 0 -14 43
K 0 0 43
K 0 -14 60
A D 2 32 0
A P 1 215 0
A P 2 204 0
H 39 B -50 0 108 6 22 11 11 11 11 33
J B 114 1816 1 82 6913 144 0
J N 5 1843 21 4 1 0 1 40
K 0 -14 43
K 0 0 43
K 0 -14 60
A D 2 32 0
A P 1 215 0
A P 2 204 0
J N 5 1877 21 4 1153 144 1 40
K 0 -14 43
K 0 0 43
K 0 -14 60
A D 2 32 0
A P 1 215 0
A P 2 204 0
J N 5 1911 21 4 2305 144 1 40
K 0 -14 43
K 0 0 43
K 0 -14 60
A D 2 32 0
A P 1 215 0
A P 2 204 0
J N 5 1945 21 4 3457 144 1 40
K 0 -14 43
K 0 0 43
K 0 -14 60
A D 2 32 0
A P 1 215 0
A P 2 204 0
J N 5 1979 21 4 4609 144 1 40
K 0 -14 43
K 0 0 43
K 0 -14 60
A D 2 32 0
A P 1 215 0
A P 2 204 0
J N 5 2013 21 4 5761 144 1 40
K 0 -14 43
K 0 0 43
K 0 -14 60
A D 2 32 0
A P 1 215 0
A P 2 204 0
H 40 B -50 0 108 6 22 11 11 11 11 33
J B 115 2050 1 82 6913 144 0
E *
L 250 0 0 345 345 * 0 14 0
J D 0 -130 42 1 6913 0 0
W 0 0 31 Fag 1-2
J C 22 5 14 36 6913 0 0
J K 3 57 0 3 6913 0 0
K 0 14 63
K 15 35 63
K 30 7 63
J D 0 -27 -14 1 6913 0 0
W 0 0 0 \01\00\07
J N 6 147 -7 8 1 0 0
K 0 -7 45
K 0 -14 43
K 0 -7 45
K 1 -7 45
K 0 0 43
K 0 -14 60
K 0 0 54
A D 4 32 0
A P 1 169 0
A P 2 158 0
J R 6 283 28 2 2305 288 0
K 0 0 49
A D 4 32 1
A P 1 0 1
J R 6 423 28 2 4609 288 0
K 0 0 49
A D 4 32 0
A P 1 0 0
J B 108 539 1 82 6913 288 0
J R 9 643 28 2 1 0 0
K 0 0 46
A D 12 32 0
A P 3 0 0
J B 109 775 1 82 6913 864 0
J R 6 799 28 2 1 0 0
K 0 0 49
A D 4 32 0
A P 1 0 0
J D 0 797 0 1 2305 288 0
W 0 -32 32 1.
J N 6 844 -14 7 2305 0 2 104 105
K 0 0 45
K -18 0 63
K 0 0 43
K -1 0 45
K 2 0 45
K 0 92 108
A D 4 32 0
A P 1 164 0
J N 6 889 -21 5 4609 288 1 105
K 0 7 45
K 0 0 43
K 0 7 45
K 1 7 45
A D 4 32 0
A P 1 169 0
H 105 B -47 -2 108 2 2 3
J B 110 936 1 82 6913 288 0
J N 6 959 -28 8 1 0 1 104
K 0 14 45
K 0 0 45
K 0 0 43
K -1 0 45
K 2 0 45
K 0 0 60
K 0 7 54
A D 4 32 0
A P 1 175 0
H 104 S 0 0 0 0 0 0 0 0 0
J R 6 1006 28 2 2305 288 0
K 0 0 49
A D 4 32 1
A P 1 0 1
J R 6 1076 28 2 4609 288 0
K 0 0 49
A D 4 32 0
A P 1 0 0
J B 111 1149 1 82 6913 288 0
J R 6 1173 28 2 1 0 0
K 0 0 49
A D 4 32 0
A P 1 0 0
J N 5 1218 -14 6 2305 288 1 106
K 0 0 45
K 0 0 43
K -1 0 45
K 2 0 45
K 0 -17 96
A D 2 32 0
A P 1 164 0
J N 5 1253 -14 6 3457 144 1 106
K 0 0 45
K 0 0 43
K -1 0 45
K 2 0 45
K 0 -17 96
A D 2 32 0
A P 1 164 0
J N 5 1288 -21 6 4609 144 1 106
K 0 7 45
K 0 0 43
K 0 7 45
K 1 7 45
K 0 -17 96
A D 2 32 0
A P 1 169 0
J N 5 1323 -21 6 5761 144 1 106
K 0 7 45
K 0 0 43
K 0 7 45
K 1 7 45
K 0 -17 96
A D 2 32 0
A P 1 169 0
H 106 B -46 0 108 4 22 11 11 33
J B 112 1361 1 82 6913 144 0
J N 6 1384 -28 8 1 0 0
K 0 14 45
K 0 0 45
K 0 0 43
K -1 0 45
K 2 0 45
K 0 0 60
K 0 7 54
A D 4 32 0
A P 1 175 0
J N 5 1431 7 9 2305 288 1 107
K -14 0 64
K -14 49 64
K 0 0 43
K 0 49 43
K 0 66 96
K 0 91 108
K 0 49 59
K 0 28 59
A D 2 32 0
A P 1 146 0
A P 2 106 0
J N 5 1466 7 6 3457 144 1 107
K 0 0 43
K 0 49 43
K 0 66 96
K 0 49 59
K 0 28 59
A D 2 32 0
A P 1 146 0
A P 2 106 0
J N 5 1501 0 6 4609 144 1 107
K 0 0 43
K 0 49 43
K 0 66 96
K 0 49 59
K 0 28 59
A D 2 32 0
A P 1 152 0
A P 2 112 0
J N 5 1535 0 6 5761 144 1 107
K 0 0 43
K 0 49 43
K 0 66 96
K 0 49 59
K 0 28 59
A D 2 32 0
A P 1 152 0
A P 2 112 0
H 107 B 52 0 108 4 22 11 11 33
J B 113 1572 1 82 6913 144 0
J D 0 1600 0 1 1 0 0
W 0 114 36 cresc.
J N 5 1599 49 7 1 0 1 108
K -18 -49 63
K -18 0 63
K 0 -49 43
K 0 0 43
K 0 -49 60
K 0 -28 60
A D 2 32 0
A P 1 153 0
A P 2 113 0
J N 5 1643 -14 11 1153 144 1 108
K 0 0 45
K 0 -14 45
K -18 0 63
K 0 -14 43
K -1 -14 45
K 2 -14 45
K 0 0 43
K -1 0 45
K 2 0 45
K 0 -14 60
A D 2 32 0
A P 1 175 0
A P 2 164 0
J N 5 1677 -14 10 2305 144 1 108
K 0 0 45
K 0 -14 45
K 0 -14 43
K -1 -14 45
K 2 -14 45
K 0 0 43
K -1 0 45
K 2 0 45
K 0 -14 60
A D 2 32 0
A P 1 175 0
A P 2 164 0
J N 5 1711 -14 10 3457 144 1 108
K 0 0 45
K 0 -14 45
K 0 -14 43
K -1 -14 45
K 2 -14 45
K 0 0 43
K -1 0 45
K 2 0 45
K 0 -14 60
A D 2 32 0
A P 1 175 0
A P 2 164 0
J N 5 1745 -14 10 4609 144 1 108
K 0 0 45
K 0 -14 45
K 0 -14 43
K -1 -14 45
K 2 -14 45
K 0 0 43
K -1 0 45
K 2 0 45
K 0 -14 60
A D 2 32 0
A P 1 175 0
A P 2 164 0
J N 5 1779 -14 10 5761 144 1 108
K 0 0 45
K 0 -14 45
K 0 -14 43
K -1 -14 45
K 2 -14 45
K 0 0 43
K -1 0 45
K 2 0 45
K 0 -14 60
A D 2 32 0
A P 1 175 0
A P 2 164 0
H 108 B -42 -4 108 6 22 11 11 11 11 33
J B 114 1816 1 82 6913 144 0
J N 5 1843 -14 10 1 0 1 109
K 0 0 45
K 0 -14 45
K 0 -14 43
K -1 -14 45
K 2 -14 45
K 0 0 43
K -1 0 45
K 2 0 45
K 0 -14 60
A D 2 32 0
A P 1 175 0
A P 2 164 0
J N 5 1877 -14 10 1153 144 1 109
K 0 0 45
K 0 -14 45
K 0 -14 43
K -1 -14 45
K 2 -14 45
K 0 0 43
K -1 0 45
K 2 0 45
K 0 -14 60
A D 2 32 0
A P 1 175 0
A P 2 164 0
J N 5 1911 -14 10 2305 144 1 109
K 0 0 45
K 0 -14 45
K 0 -14 43
K -1 -14 45
K 2 -14 45
K 0 0 43
K -1 0 45
K 2 0 45
K 0 -14 60
A D 2 32 0
A P 1 175 0
A P 2 164 0
J N 5 1945 -14 10 3457 144 1 109
K 0 0 45
K 0 -14 45
K 0 -14 43
K -1 -14 45
K 2 -14 45
K 0 0 43
K -1 0 45
K 2 0 45
K 0 -14 60
A D 2 32 0
A P 1 175 0
A P 2 164 0
J N 5 1979 -14 10 4609 144 1 109
K 0 0 45
K 0 -14 45
K 0 -14 43
K -1 -14 45
K 2 -14 45
K 0 0 43
K -1 0 45
K 2 0 45
K 0 -14 60
A D 2 32 0
A P 1 175 0
A P 2 164 0
J N 5 2013 -14 10 5761 144 1 109
K 0 0 45
K 0 -14 45
K 0 -14 43
K -1 -14 45
K 2 -14 45
K 0 0 43
K -1 0 45
K 2 0 45
K 0 -14 60
A D 2 32 0
A P 1 175 0
A P 2 164 0
H 109 B -46 0 108 6 22 11 11 11 11 33
J B 115 2050 1 82 6913 144 0
E *
L 390 0 0 345 345 * 0 14 0
J D 0 -130 42 1 6913 0 0
W 0 -21 31 Cor 1-2
J D 0 -130 42 1 6913 0 0
W 8 21 31 (E)
J C 4 5 42 2 6913 0 0
K 0 0 33
K 0 0 34
J K 0 57 0 0 6913 0 0
J D 0 -27 -14 1 6913 0 0
W 0 0 0 \01\00\07
J R 9 317 28 2 1 0 0
K 0 0 46
A D 36 96 0
A P 3 0 0
J B 108 539 1 82 6913 864 0
J R 9 643 28 2 1 0 0
K 0 0 46
A D 36 96 0
A P 3 0 0
J B 109 775 1 82 6913 864 0
J R 9 841 28 2 1 0 0
K 0 0 46
A D 36 96 0
A P 3 0 0
J B 110 936 1 82 6913 864 0
J R 9 1028 28 2 1 0 0
K 0 0 46
A D 36 96 0
A P 3 0 0
J B 111 1149 1 82 6913 864 0
J R 9 1241 28 2 1 0 0
K 0 0 46
A D 36 96 0
A P 3 0 0
J B 112 1361 1 82 6913 864 0
J R 9 1452 28 2 1 0 0
K 0 0 46
A D 36 96 0
A P 3 0 0
J B 113 1572 1 82 6913 864 0
J D 0 1599 0 1 1 0 0
W 0 109 36 cresc.
J N 5 1599 21 8 1 0 1 94
K 1 49 45
K 0 0 43
K 0 49 43
K -1 49 45
K 2 49 45
K 0 49 59
K 0 28 59
A D 6 96 0
A P 1 203 0
A P 2 163 0
J N 5 1643 21 8 1153 144 1 94
K 1 49 45
K 0 0 43
K 0 49 43
K -1 49 45
K 2 49 45
K 0 49 59
K 0 28 59
A D 6 96 0
A P 1 203 0
A P 2 163 0
J N 5 1677 21 8 2305 144 1 94
K 1 49 45
K 0 0 43
K 0 49 43
K -1 49 45
K 2 49 45
K 0 49 59
K 0 28 59
A D 6 96 0
A P 1 203 0
A P 2 163 0
J N 5 1711 21 8 3457 144 1 94
K 1 49 45
K 0 0 43
K 0 49 43
K -1 49 45
K 2 49 45
K 0 49 59
K 0 28 59
A D 6 96 0
A P 1 203 0
A P 2 163 0
J N 5 1745 21 8 4609 144 1 94
K 1 49 45
K 0 0 43
K 0 49 43
K -1 49 45
K 2 49 45
K 0 49 59
K 0 28 59
A D 6 96 0
A P 1 203 0
A P 2 163 0
J N 5 1779 21 8 5761 144 1 94
K 1 49 45
K 0 0 43
K 0 49 43
K -1 49 45
K 2 49 45
K 0 49 59
K 0 28 59
A D 6 96 0
A P 1 203 0
A P 2 163 0
H 94 B 45 0 108 6 22 11 11 11 11 33
J B 114 1816 1 82 6913 144 0
J N 5 1843 21 8 1 0 1 95
K 1 49 45
K 0 0 43
K 0 49 43
K -1 49 45
K 2 49 45
K 0 49 59
K 0 28 59
A D 6 96 0
A P 1 203 0
A P 2 163 0
J N 5 1877 21 8 1153 144 1 95
K 1 49 45
K 0 0 43
K 0 49 43
K -1 49 45
K 2 49 45
K 0 49 59
K 0 28 59
A D 6 96 0
A P 1 203 0
A P 2 163 0
J N 5 1911 21 8 2305 144 1 95
K 1 49 45
K 0 0 43
K 0 49 43
K -1 49 45
K 2 49 45
K 0 49 59
K 0 28 59
A D 6 96 0
A P 1 203 0
A P 2 163 0
J N 5 1945 21 8 3457 144 1 95
K 1 49 45
K 0 0 43
K 0 49 43
K -1 49 45
K 2 49 45
K 0 49 59
K 0 28 59
A D 6 96 0
A P 1 203 0
A P 2 163 0
J N 5 1979 21 8 4609 144 1 95
K 1 49 45
K 0 0 43
K 0 49 43
K -1 49 45
K 2 49 45
K 0 49 59
K 0 28 59
A D 6 96 0
A P 1 203 0
A P 2 163 0
J N 5 2013 21 8 5761 144 1 95
K 1 49 45
K 0 0 43
K 0 49 43
K -1 49 45
K 2 49 45
K 0 49 59
K 0 28 59
A D 6 96 0
A P 1 203 0
A P 2 163 0
H 95 B 45 0 108 6 22 11 11 11 11 33
J B 115 2050 1 82 6913 144 0
E *
L 525 0 0 345 345 * 0 14 0
J D 0 -119 42 1 6913 0 0
W 0 0 31 Vln 1
J C 4 5 42 2 6913 0 0
K 0 0 33
K 0 0 34
J K 3 57 0 3 6913 0 0
K 0 0 63
K 15 21 63
K 30 -7 63
J D 0 -27 -14 1 6913 0 0
W 0 0 0 \01\00\07
J N 4 147 91 8 1 0 1 230
K 1 -21 45
K 1 -7 45
K -14 0 64
K 0 0 43
K 0 -7 45
K 1 -7 45
K 0 17 96
A D 6 192 0
A P 1 146 0
J N 4 187 42 4 577 72 1 230
K -14 0 64
K 0 0 43
K 0 21 96
A D 6 192 0
A P 1 186 0
J N 4 215 35 3 1153 72 1 230
K 0 0 43
K 0 14 96
A D 6 192 0
A P 1 192 0
J N 4 243 28 3 1729 72 1 230
K 0 0 43
K 0 21 96
A D 6 192 0
A P 1 198 0
H 230 B 103 -5 108 4 222 111 111 333
J N 4 283 21 4 2305 72 1 231
K -14 0 64
K 0 0 43
K 0 -14 96
A D 6 192 0
A P 1 203 0
J N 4 311 14 3 2881 72 1 231
K 0 0 43
K 0 -21 96
A D 6 192 0
A P 1 209 0
J N 4 339 7 3 3457 72 1 231
K 0 0 43
K 0 -17 96
A D 6 192 0
A P 1 215 0
J N 4 383 0 4 4033 72 1 231
K -18 0 63
K 0 0 43
K 0 -17 96
A D 6 192 0
A P 1 221 0
H 231 B -61 -4 108 4 222 111 111 333
J N 4 423 -7 3 4609 72 2 232 233
K -14 0 64
K 0 0 43
A D 6 192 0
A P 1 226 0
J N 4 451 0 2 5185 72 1 233
K 0 0 43
A D 6 192 0
A P 1 221 0
J N 4 479 -7 2 5761 72 1 233
K 0 0 43
A D 6 192 0
A P 1 226 0
J N 4 507 0 2 6337 72 2 233 232
K 0 0 43
A D 6 192 0
A P 1 221 0
H 233 B -64 0 108 4 222 111 111 333
H 232 S 0 0 0 0 0 0 0 0 0
J B 108 539 1 82 6913 72 0
J N 5 562 -7 4 1 0 1 234
K -14 0 64
K 0 0 43
K 0 86 108
A D 12 192 0
A P 1 226 0
J N 5 597 -7 2 1153 144 1 234
K 0 0 43
A D 12 192 0
A P 1 226 0
J N 5 632 -7 2 2305 144 1 234
K 0 0 43
A D 12 192 0
A P 1 226 0
J N 5 667 -7 2 3457 144 1 234
K 0 0 43
A D 12 192 0
A P 1 226 0
J N 5 702 -7 2 4609 144 1 234
K 0 0 43
A D 12 192 0
A P 1 226 0
J N 5 737 -7 2 5761 144 1 234
K 0 0 43
A D 12 192 0
A P 1 226 0
H 234 B -50 0 108 6 22 11 11 11 11 33
J B 109 775 1 82 6913 144 0
J N 7 799 -7 9 1 0 0
K -14 0 64
K 0 0 43
K 25 0 44
K 0 0 60
K 0 28 60
K 0 30 60
K -17 49 125
K -17 35 125
A D 72 192 0
A P 1 226 0
J B 110 936 1 82 6913 864 0
J N 7 959 -7 9 1 0 0
K -14 0 64
K 0 0 43
K 25 0 44
K 0 0 60
K 0 28 60
K 0 30 60
K -17 49 125
K -17 35 125
A D 72 192 0
A P 1 226 0
J B 111 1149 1 82 6913 864 0
J N 7 1173 -7 9 1 0 0
K -14 0 64
K 0 0 43
K 25 0 44
K 0 0 60
K 0 28 60
K 0 30 60
K -17 49 125
K -17 35 125
A D 72 192 0
A P 1 226 0
J B 112 1361 1 82 6913 864 0
J N 7 1384 -7 9 1 0 0
K -14 0 64
K 0 0 43
K 25 0 44
K 0 0 60
K 0 28 60
K 0 30 60
K -17 49 125
K -17 35 125
A D 72 192 0
A P 1 226 0
J B 113 1572 1 82 6913 864 0
J D 0 1599 0 1 1 0 0
W 0 92 36 cresc.
J N 7 1599 -7 9 1 0 0
K -14 0 64
K 0 0 43
K 25 0 44
K 0 0 60
K 0 28 60
K 0 30 60
K -17 49 125
K -17 35 125
A D 72 192 0
A P 1 226 0
J B 114 1816 1 82 6913 864 0
J N 7 1843 7 12 1 0 0
K -14 -14 64
K 0 -14 43
K 25 -14 44
K 0 0 43
K 25 0 44
K 0 -14 60
K 0 0 60
K 0 28 60
K 0 30 60
K -17 49 125
K -17 35 125
A D 72 192 0
A P 1 226 0
A P 1 215 0
J B 115 2050 1 82 6913 864 0
E *
L 655 0 0 345 345 * 0 14 0
J D 0 -119 42 1 6913 0 0
W 0 0 31 Vln 2
J C 4 5 42 2 6913 0 0
K 0 0 33
K 0 0 34
J K 3 57 0 3 6913 0 0
K 0 0 63
K 15 21 63
K 30 -7 63
J D 0 -27 -14 1 6913 0 0
W 0 0 0 \01\00\07
J N 6 147 -7 4 1 0 0
K -14 0 64
K 0 0 43
K 0 0 54
A D 4 32 0
A P 1 226 0
J R 6 283 28 2 2305 288 0
K 0 0 49
A D 4 32 1
A P 1 0 1
J R 6 423 28 2 4609 288 0
K 0 0 49
A D 4 32 0
A P 1 0 0
J B 108 539 1 82 6913 288 0
J N 5 562 42 4 1 0 1 141
K -14 0 64
K 0 0 43
K 0 40 108
A D 2 32 0
A P 1 186 0
J N 5 597 42 2 1153 144 1 141
K 0 0 43
A D 2 32 0
A P 1 186 0
J N 5 632 42 2 2305 144 1 141
K 0 0 43
A D 2 32 0
A P 1 186 0
J N 5 667 42 2 3457 144 1 141
K 0 0 43
A D 2 32 0
A P 1 186 0
J N 5 702 42 2 4609 144 1 141
K 0 0 43
A D 2 32 0
A P 1 186 0
J N 5 737 42 2 5761 144 1 141
K 0 0 43
A D 2 32 0
A P 1 186 0
H 141 B 46 0 108 6 22 11 11 11 11 33
J B 109 775 1 82 6913 144 0
J N 7 799 42 8 1 0 0
K -14 0 64
K 0 0 43
K 24 -6 44
K 0 0 59
K 0 -23 59
K 0 -42 125
K 0 -28 125
A D 12 32 0
A P 1 186 0
J B 110 936 1 82 6913 864 0
J N 7 959 42 8 1 0 0
K -14 0 64
K 0 0 43
K 24 -6 44
K 0 0 59
K 0 -23 59
K 0 -42 125
K 0 -28 125
A D 12 32 0
A P 1 186 0
J B 111 1149 1 82 6913 864 0
J N 7 1173 42 8 1 0 0
K -14 0 64
K 0 0 43
K 24 -6 44
K 0 0 59
K 0 -23 59
K 0 -42 125
K 0 -28 125
A D 12 32 0
A P 1 186 0
J B 112 1361 1 82 6913 864 0
J N 7 1384 42 8 1 0 0
K -14 0 64
K 0 0 43
K 24 -6 44
K 0 0 59
K 0 -23 59
K 0 -42 125
K 0 -28 125
A D 12 32 0
A P 1 186 0
J B 113 1572 1 82 6913 864 0
J D 0 1599 0 1 1 0 0
W 0 113 36 cresc.
J N 5 1599 42 3 1 0 1 142
K -14 0 64
K 0 0 43
A D 2 32 0
A P 1 186 0
J N 5 1643 21 5 1153 144 1 142
K -18 0 63
K 0 -14 43
K 0 0 43
K 0 -14 60
A D 2 32 0
A P 1 215 0
A P 1 204 0
H 142 B -44 -9 108 2 22 33
J N 7 1677 21 9 2305 144 0
K 0 -14 43
K 0 0 43
K 0 -14 60
K 0 0 60
K 0 28 60
K 0 30 60
K -17 49 125
K -17 35 125
A D 8 32 0
A P 1 215 0
A P 1 204 0
J B 114 1816 1 82 6913 576 0
J N 7 1843 21 11 1 0 0
K 0 -14 43
K 25 -14 44
K 0 0 43
K 25 0 44
K 0 -14 60
K 0 0 60
K 0 28 60
K 0 30 60
K -17 49 125
K -17 35 125
A D 12 32 0
A P 1 215 0
A P 1 204 0
J B 115 2050 1 82 6913 864 0
E *
L 780 0 0 345 345 * 0 14 0
J D 0 -86 42 1 6913 0 0
W 0 0 31 Vla
J C 13 5 28 35 6913 0 0
J K 3 57 0 3 6913 0 0
K 0 7 63
K 15 28 63
K 30 0 63
J D 0 -27 -14 1 6913 0 0
W 0 0 0 \01\00\07
J N 6 147 0 4 1 0 0
K -14 0 64
K 0 0 43
K 0 0 54
A D 4 32 0
A P 3 186 0
J R 6 283 28 2 2305 288 0
K 0 0 49
A D 4 32 1
A P 3 0 1
J R 6 423 28 2 4609 288 0
K 0 0 49
A D 4 32 0
A P 3 0 0
J B 108 539 1 82 6913 288 0
J R 6 562 28 2 1 0 0
K 0 0 49
A D 4 32 0
A P 3 0 0
J N 6 632 49 4 2305 288 2 117 118
K -14 0 64
K 0 0 43
K 0 42 108
A D 4 32 0
A P 3 146 0
J N 6 702 42 2 4609 288 2 118 117
K 0 0 43
A D 4 32 0
A P 3 152 0
H 118 B 49 -2 108 2 2 3
H 117 S 12 0 0 0 0 0 0 0 0
J B 109 775 1 82 6913 288 0
J N 7 799 35 6 1 0 1 119
K -15 0 65
K 0 0 43
K 25 0 44
K 0 0 59
K 0 -21 59
A D 12 32 1
A P 3 157 1
J B 110 936 1 82 6913 864 0
J N 6 959 35 3 1 0 2 120 119
k -15 0 65
K 0 0 43
A D 4 32 0
A P 3 157 0
H 119 T 35 0 0 0 0 0 9 0
J N 5 1006 49 4 2305 288 1 120
K -14 0 64
K 0 0 43
K 0 17 96
A D 2 32 0
A P 3 146 0
J N 5 1041 49 3 3457 144 1 120
K 0 0 43
K 0 17 96
A D 2 32 0
A P 3 146 0
J N 5 1076 42 3 4609 144 1 120
K 0 0 43
K 0 21 96
A D 2 32 0
A P 3 152 0
J N 5 1111 42 3 5761 144 1 120
K 0 0 43
K 0 21 96
A D 2 32 0
A P 3 152 0
H 120 B 50 0 108 5 2 21 11 11 33
J B 111 1149 1 82 6913 144 0
J N 7 1173 35 6 1 0 1 121
K -15 0 65
K 0 0 43
K 25 0 44
K 0 0 59
K 0 -21 59
A D 12 32 1
A P 3 157 1
J B 112 1361 1 82 6913 864 0
J N 6 1384 35 3 1 0 2 122 121
k -15 0 65
K 0 0 43
A D 4 32 0
A P 3 157 0
H 121 T 35 0 0 0 0 0 9 0
J N 5 1431 49 4 2305 288 1 122
K -14 0 64
K 0 0 43
K 0 17 96
A D 2 32 0
A P 3 146 0
J N 5 1466 49 3 3457 144 1 122
K 0 0 43
K 0 17 96
A D 2 32 0
A P 3 146 0
J N 5 1501 42 3 4609 144 1 122
K 0 0 43
K 0 21 96
A D 2 32 0
A P 3 152 0
J N 5 1535 42 3 5761 144 1 122
K 0 0 43
K 0 21 96
A D 2 32 0
A P 3 152 0
H 122 B 50 0 108 5 2 21 11 11 33
J B 113 1572 1 82 6913 144 0
J D 0 1597 0 1 1 0 0
W 0 109 36 cresc.
J N 5 1599 42 3 1 0 1 123
K -18 0 63
K 0 0 43
A D 2 32 0
A P 3 153 0
J N 5 1643 -7 3 1153 144 1 123
K -18 0 63
K 0 0 43
A D 2 32 0
A P 3 193 0
J N 5 1677 -7 2 2305 144 1 123
K 0 0 43
A D 2 32 0
A P 3 193 0
J N 5 1711 -7 2 3457 144 1 123
K 0 0 43
A D 2 32 0
A P 3 193 0
J N 5 1745 -7 2 4609 144 1 123
K 0 0 43
A D 2 32 0
A P 3 193 0
J N 5 1779 -7 2 5761 144 1 123
K 0 0 43
A D 2 32 0
A P 3 193 0
H 123 B -43 -4 108 6 22 11 11 11 11 33
J B 114 1816 1 82 6913 144 0
J N 5 1843 -7 3 1 0 1 124
K -18 0 63
K 0 0 43
A D 2 32 0
A P 3 193 0
J N 5 1877 -7 2 1153 144 1 124
K 0 0 43
A D 2 32 0
A P 3 193 0
J N 5 1911 -7 2 2305 144 1 124
K 0 0 43
A D 2 32 0
A P 3 193 0
J N 5 1945 -7 2 3457 144 1 124
K 0 0 43
A D 2 32 0
A P 3 193 0
J N 5 1979 -7 2 4609 144 1 124
K 0 0 43
A D 2 32 0
A P 3 193 0
J N 5 2013 -7 2 5761 144 1 124
K 0 0 43
A D 2 32 0
A P 3 193 0
H 124 B -50 0 108 6 22 11 11 11 11 33
J B 115 2050 1 82 6913 144 0
E *
L 905 0 0 345 345 * 0 14 0
J D 0 -140 42 1 6913 0 0
W 0 0 31 Vc+Cb
J C 22 5 14 36 6913 0 0
J K 3 57 0 3 6913 0 0
K 0 14 63
K 15 35 63
K 30 7 63
J D 0 -27 -14 1 6913 0 0
W 0 0 0 \01\00\07
J N 6 147 7 4 1 0 0
K -14 0 64
K 0 0 43
K 0 0 54
A D 4 32 0
A P 3 146 0
J R 6 283 28 2 2305 288 0
K 0 0 49
A D 4 32 1
A P 3 0 1
J R 6 423 28 2 4609 288 0
K 0 0 49
A D 4 32 0
A P 3 0 0
J B 108 539 1 82 6913 288 0
J R 6 562 28 2 1 0 0
K 0 0 49
A D 4 32 0
A P 3 0 0
J N 6 632 56 4 2305 288 2 119 120
K -14 0 64
K 0 0 43
K 0 39 108
A D 4 32 0
A P 3 106 0
J N 6 702 49 2 4609 288 2 120 119
K 0 0 43
A D 4 32 0
A P 3 112 0
H 120 B 45 -2 108 2 2 3
H 119 S 12 0 0 0 0 0 0 0 0
J B 109 775 1 82 6913 288 0
J N 7 799 42 6 1 0 1 121
K -15 0 65
K 0 0 43
K 24 -6 44
K 0 0 59
K 0 -21 59
A D 12 32 1
A P 3 117 1
J B 110 936 1 82 6913 864 0
J N 6 959 42 3 1 0 2 122 121
k -15 0 65
K 0 0 43
A D 4 32 0
A P 3 117 0
H 121 T 42 0 0 0 0 0 13 0
J N 5 1006 56 4 2305 288 1 122
K -14 0 64
K 0 0 43
K 0 17 96
A D 2 32 0
A P 3 106 0
J N 5 1041 56 3 3457 144 1 122
K 0 0 43
K 0 17 96
A D 2 32 0
A P 3 106 0
J N 5 1076 49 3 4609 144 1 122
K 0 0 43
K 0 17 96
A D 2 32 0
A P 3 112 0
J N 5 1111 49 3 5761 144 1 122
K 0 0 43
K 0 17 96
A D 2 32 0
A P 3 112 0
H 122 B 46 0 108 5 2 21 11 11 33
J B 111 1149 1 82 6913 144 0
J N 7 1173 42 6 1 0 1 123
K -15 0 65
K 0 0 43
K 24 -6 44
K 0 0 59
K 0 -21 59
A D 12 32 1
A P 3 117 1
J B 112 1361 1 82 6913 864 0
J N 6 1384 42 3 1 0 2 124 123
k -15 0 65
K 0 0 43
A D 4 32 0
A P 3 117 0
H 123 T 42 0 0 0 0 0 13 0
J N 5 1431 56 4 2305 288 1 124
K -14 0 64
K 0 0 43
K 0 17 96
A D 2 32 0
A P 3 106 0
J N 5 1466 56 3 3457 144 1 124
K 0 0 43
K 0 17 96
A D 2 32 0
A P 3 106 0
J N 5 1501 49 3 4609 144 1 124
K 0 0 43
K 0 17 96
A D 2 32 0
A P 3 112 0
J N 5 1535 49 3 5761 144 1 124
K 0 0 43
K 0 17 96
A D 2 32 0
A P 3 112 0
H 124 B 46 0 108 5 2 21 11 11 33
J B 113 1572 1 82 6913 144 0
J D 0 1597 0 1 1 0 0
W 0 128 36 cresc.
J N 5 1599 49 3 1 0 1 125
K -18 0 63
K 0 0 43
A D 2 32 0
A P 3 113 0
J N 5 1643 0 3 1153 144 1 125
K -18 0 63
K 0 0 43
A D 2 32 0
A P 3 153 0
J N 5 1677 0 2 2305 144 1 125
K 0 0 43
A D 2 32 0
A P 3 153 0
J N 5 1711 0 2 3457 144 1 125
K 0 0 43
A D 2 32 0
A P 3 153 0
J N 5 1745 0 2 4609 144 1 125
K 0 0 43
A D 2 32 0
A P 3 153 0
J N 5 1779 0 2 5761 144 1 125
K 0 0 43
A D 2 32 0
A P 3 153 0
H 125 B -50 -4 108 6 22 11 11 11 11 33
J B 114 1816 1 82 6913 144 0
J N 5 1843 0 3 1 0 1 126
K -18 0 63
K 0 0 43
A D 2 32 0
A P 3 153 0
J N 5 1877 0 2 1153 144 1 126
K 0 0 43
A D 2 32 0
A P 3 153 0
J N 5 1911 0 2 2305 144 1 126
K 0 0 43
A D 2 32 0
A P 3 153 0
J N 5 1945 0 2 3457 144 1 126
K 0 0 43
A D 2 32 0
A P 3 153 0
J N 5 1979 0 2 4609 144 1 126
K 0 0 43
A D 2 32 0
A P 3 153 0
J N 5 2013 0 2 5761 144 1 126
K 0 0 43
A D 2 32 0
A P 3 153 0
H 126 B -46 0 108 6 22 11 11 11 11 33
J B 115 2050 1 82 6913 144 0
E *
B 1 539 0
B 1 775 0
B 1 936 0
B 1 1149 0
B 1 1361 0
B 1 1572 0
B 1 1816 0
B 1 2050 0
