@ SYSTEM: Beethoven: Symphony No. 3 -- Finale
S 0 200 140 2050 1723 13 "[....][{..}.](.)[{..}.{..}]"
@ LINE: 1 Flutes
L 0 0 0 339 339 * 0 14 0
J D 0 -108 42 1 6913 0 0
W 0 0 31 Fl 1-2
J C 4 5 42 2 6913 0 0
K 0 0 33
K 0 0 34
J K -3 57 0 3 6913 0 0
K 0 28 65
K 13 7 65
K 26 35 65
J D 0 -27 -14 1 6913 0 0
W 0 0 37 \01\00\04
J R 6 139 28 2 1 0 0
K 0 0 49
A D 12 96 0
A P 1 0 0
J N 6 209 -21 5 1729 288 1 28
K 1 7 45
K 0 0 43
K 0 7 45
K 1 7 45
A D 12 96 0
A P 1 237 0
J N 5 209 14 2 1729 0 2 29 30
K 0 0 43
A D 6 96 0
A P 2 209 0
J N 5 239 7 2 2593 144 1 30
K 0 0 43
A D 6 96 0
A P 2 214 0
H 30 B -47 -4 108 2 22 33
J N 6 269 -21 5 3457 144 1 28
K 1 7 45
K 0 0 43
K 0 7 45
K 1 7 45
A D 12 96 0
A P 1 237 0
J N 5 269 0 2 3457 0 1 31
K 0 0 43
A D 6 96 0
A P 2 220 0
J N 5 299 -7 2 4321 144 1 31
K 0 0 43
A D 6 96 0
A P 2 226 0
J N 6 340 -21 5 5185 144 1 28
K 1 7 45
K 0 0 43
K 0 7 45
K 1 7 45
A D 12 96 0
A P 1 237 0
H 28 B 42 0 108 3 2 1 3
J N 5 353 -14 5 5185 0 1 31
K 0 0 45
K 0 0 43
K -1 0 45
K 2 0 45
A D 6 96 0
A P 2 231 0
J N 5 379 -7 2 6049 144 2 31 29
K 0 0 43
A D 6 96 0
A P 2 226 0
H 31 B -46 -1 108 4 22 11 11 33
H 29 S 12 -6 44 -6 47 0 0 0 0
J B 105 412 1 82 6913 144 0
J N 7 433 -14 16 1 0 0
K 0 0 45
K 0 -14 45
K 0 -21 43
K 0 -14 45
K 1 -14 45
K 25 -21 44
K 0 0 43
K -1 0 45
K 2 0 45
K 24 -6 44
K 0 -38 101
K 0 98 110
K 0 -21 60
K 0 0 60
K 0 21 60
A D 36 96 0
A P 1 249 0
A P 2 231 0
J R 6 577 28 2 5185 864 0
K 0 0 49
A D 12 96 0
A P 1 0 0
J B 106 625 1 82 6913 288 0
J R 6 646 28 2 1 0 0
K 0 0 49
A D 12 96 0
A P 1 0 0
J N 6 706 -21 12 1729 288 1 32
K 0 7 45
K 0 -7 45
K 0 -21 45
K 0 -21 43
K -1 -21 45
K 2 -21 45
K 0 0 43
K 0 7 45
K 1 7 45
K 0 -38 96
K 0 -21 60
A D 12 96 0
A P 1 254 0
A P 2 237 0
J N 6 766 -21 12 3457 288 1 32
K 0 7 45
K 0 -7 45
K 0 -21 45
K 0 -21 43
K -1 -21 45
K 2 -21 45
K 0 0 43
K 0 7 45
K 1 7 45
K 0 -38 96
K 0 -21 60
A D 12 96 0
A P 1 254 0
A P 2 237 0
J N 6 826 -21 12 5185 288 1 32
K 0 7 45
K 0 -7 45
K 0 -21 45
K 0 -21 43
K -1 -21 45
K 2 -21 45
K 0 0 43
K 0 7 45
K 1 7 45
K 0 -38 96
K 0 -21 60
A D 12 96 0
A P 1 254 0
A P 2 237 0
H 32 B -49 0 108 3 2 1 3
J B 107 888 1 82 6913 288 0
J R 6 909 28 2 1 0 0
K 0 0 49
A D 12 96 0
A P 1 0 0
J N 6 967 -42 11 1729 288 1 33
K 0 28 45
K 0 14 45
K 0 0 45
K 0 -7 43
K 0 0 45
K 1 0 45
K -17 0 43
K -18 0 45
K -15 0 45
K 0 -7 60
A D 12 96 0
A P 1 260 0
A P 2 254 0
J N 6 1025 -42 11 3457 288 1 33
K 0 28 45
K 0 14 45
K 0 0 45
K 0 -7 43
K 0 0 45
K 1 0 45
K -17 0 43
K -18 0 45
K -15 0 45
K 0 -7 60
A D 12 96 0
A P 1 260 0
A P 2 254 0
J N 6 1083 -42 11 5185 288 1 33
K 0 28 45
K 0 14 45
K 0 0 45
K 0 -7 43
K 0 0 45
K 1 0 45
K -17 0 43
K -18 0 45
K -15 0 45
K 0 -7 60
A D 12 96 0
A P 1 260 0
A P 2 254 0
H 33 B -70 0 108 3 2 1 3
J B 108 1145 1 82 6913 288 0
J N 6 1166 -42 12 1 0 1 34
K 0 28 45
K 0 14 45
K 0 0 45
K 0 -14 45
K 0 -14 43
K -1 -14 45
K 2 -14 45
K 0 0 43
K -1 0 45
K 2 0 45
K 0 -14 60
A D 12 96 0
A P 1 266 0
A P 2 254 0
J N 6 1224 -42 12 1729 288 1 34
K 0 28 45
K 0 14 45
K 0 0 45
K 0 -14 45
K 0 -14 43
K -1 -14 45
K 2 -14 45
K 0 0 43
K -1 0 45
K 2 0 45
K 0 -14 60
A D 12 96 0
A P 1 266 0
A P 2 254 0
J N 6 1282 -35 11 3457 288 1 34
K 0 21 45
K 0 7 45
K 0 -7 45
K 0 -14 43
K 0 -7 45
K 1 -7 45
K 0 0 43
K 0 7 45
K 1 7 45
K 0 -14 60
A D 12 96 0
A P 1 260 0
A P 2 249 0
J N 6 1340 -35 11 5185 288 1 34
K 0 21 45
K 0 7 45
K 0 -7 45
K 0 -14 43
K 0 -7 45
K 1 -7 45
K 0 0 43
K 0 7 45
K 1 7 45
K 0 -14 60
A D 12 96 0
A P 1 260 0
A P 2 249 0
H 34 B -70 0 108 4 2 1 1 3
J B 109 1402 1 82 6913 288 0
J N 6 1423 -21 13 1 0 0
K 0 7 45
K 0 -7 45
K 0 -21 45
K 0 -21 43
K -1 -21 45
K 2 -21 45
K 0 0 43
K 0 7 45
K 1 7 45
K 0 -21 60
K 0 0 60
K 0 0 54
A D 12 96 0
A P 1 254 0
A P 2 237 0
J R 6 1471 28 2 1729 288 0
K 0 0 49
A D 12 96 1
A P 1 0 1
J R 7 1529 28 2 3457 288 0
K 0 0 48
A D 24 96 0
A P 1 0 0
J B 110 1649 1 82 6913 576 0
J R 9 1712 28 2 1 0 0
K 0 0 46
A D 48 96 0
A P 3 0 0
J B 111 1803 1 82 6913 1152 0
J R 9 1912 28 2 1 0 0
K 0 0 46
A D 48 96 0
A P 3 0 0
J B 112 2050 1 82 6913 1152 0
E *
@ LINE: 2 Oboes
L 132 0 0 339 339 * 0 14 0
J D 0 -119 42 1 6913 0 0
W 0 0 31 Ob 1-2
J C 4 5 42 2 6913 0 0
K 0 0 33
K 0 0 34
J K -3 57 0 3 6913 0 0
K 0 28 65
K 13 7 65
K 26 35 65
J D 0 -27 -14 1 6913 0 0
W 0 0 0 \01\00\04
J R 6 139 28 2 1 0 0
K 0 0 49
A D 12 96 0
A P 1 0 0
J N 6 209 28 8 1729 288 1 43
K 0 -42 45
K 0 -49 43
K 0 -42 45
K 1 -42 45
K 0 0 43
K 0 -49 60
K 0 -28 60
A D 12 96 0
A P 1 237 0
A P 2 197 0
J N 6 269 28 8 3457 288 1 43
K 0 -42 45
K 0 -49 43
K 0 -42 45
K 1 -42 45
K 0 0 43
K 0 -49 60
K 0 -28 60
A D 12 96 0
A P 1 237 0
A P 2 197 0
J N 6 340 28 8 5185 288 1 43
K 0 -42 45
K 0 -49 43
K 0 -42 45
K 1 -42 45
K 0 0 43
K 0 -49 60
K 0 -28 60
A D 12 96 0
A P 1 237 0
A P 2 197 0
H 43 B -42 0 108 3 2 1 3
J B 105 412 1 82 6913 288 0
J N 7 433 14 14 1 0 0
K 0 -28 45
K 0 -35 43
K 0 -28 45
K 1 -28 45
K 25 -35 44
K 0 0 43
K 24 -6 44
K 0 -52 101
K 0 72 110
K 0 -35 60
K 0 -28 60
K 0 0 60
K 0 21 60
A D 36 96 0
A P 1 237 0
A P 2 209 0
J R 6 577 28 2 5185 864 0
K 0 0 49
A D 12 96 0
A P 1 0 0
J B 106 625 1 82 6913 288 0
J R 6 646 28 2 1 0 0
K 0 0 49
A D 12 96 0
A P 1 0 0
J N 6 706 7 5 1729 288 1 44
K 0 -14 43
K 0 0 43
K 0 -31 96
K 0 -14 60
A D 12 96 0
A P 1 226 0
A P 2 214 0
J N 6 766 7 5 3457 288 1 44
K 0 -14 43
K 0 0 43
K 0 -31 96
K 0 -14 60
A D 12 96 0
A P 1 226 0
A P 2 214 0
J N 6 826 7 5 5185 288 1 44
K 0 -14 43
K 0 0 43
K 0 -31 96
K 0 -14 60
A D 12 96 0
A P 1 226 0
A P 2 214 0
H 44 B -49 0 108 3 2 1 3
J B 107 888 1 82 6913 288 0
J R 6 909 28 2 1 0 0
K 0 0 49
A D 12 96 0
A P 1 0 0
J N 6 967 7 9 1729 288 1 45
K 0 -21 45
K 0 -35 45
K 0 -35 43
K -1 -35 45
K 2 -35 45
K 0 0 43
K 0 -35 60
K 0 -28 60
A D 12 96 0
A P 1 243 0
A P 2 214 0
J N 6 1025 7 9 3457 288 1 45
K 0 -21 45
K 0 -35 45
K 0 -35 43
K -1 -35 45
K 2 -35 45
K 0 0 43
K 0 -35 60
K 0 -28 60
A D 12 96 0
A P 1 243 0
A P 2 214 0
J N 6 1083 7 9 5185 288 1 45
K 0 -21 45
K 0 -35 45
K 0 -35 43
K -1 -35 45
K 2 -35 45
K 0 0 43
K 0 -35 60
K 0 -28 60
A D 12 96 0
A P 1 243 0
A P 2 214 0
H 45 B -49 0 108 3 2 1 3
J B 108 1145 1 82 6913 288 0
J N 6 1166 7 4 1 0 1 46
K 0 -14 43
K 0 0 43
K 0 -14 60
A D 12 96 0
A P 1 226 0
A P 2 214 0
J N 6 1224 7 4 1729 288 1 46
K 0 -14 43
K 0 0 43
K 0 -14 60
A D 12 96 0
A P 1 226 0
A P 2 214 0
J N 6 1282 14 4 3457 288 1 46
K 0 -14 43
K 0 0 43
K 0 -14 60
A D 12 96 0
A P 1 220 0
A P 2 209 0
J N 6 1340 14 4 5185 288 1 46
K 0 -14 43
K 0 0 43
K 0 -14 60
A D 12 96 0
A P 1 220 0
A P 2 209 0
H 46 B -53 0 108 4 2 1 1 3
J B 109 1402 1 82 6913 288 0
J N 6 1423 7 3 1 0 0
K 0 0 43
K 0 0 51
A D 12 96 0
A P 1 214 0
J N 6 1423 7 3 1 0 0
K 0 0 43
K 0 0 54
A D 12 96 0
A P 2 214 0
J R 6 1471 28 2 1729 288 0
K 0 0 49
A D 12 96 1
A P 1 0 1
J R 7 1529 28 2 3457 288 0
K 0 0 48
A D 24 96 0
A P 1 0 0
J B 110 1649 1 82 6913 576 0
J R 9 1712 28 2 1 0 0
K 0 0 46
A D 48 96 0
A P 3 0 0
J B 111 1803 1 82 6913 1152 0
J R 9 1912 28 2 1 0 0
K 0 0 46
A D 48 96 0
A P 3 0 0
J B 112 2050 1 82 6913 1152 0
E *
@ LINE: 3 Clarinets
L 264 0 0 339 339 * 0 14 0
J D 0 -110 42 1 6913 0 0
W 0 -21 31 Cl 1-2
J D 0 -110 42 1 6913 0 0
W 0 21 31 (B\0.)
J C 4 5 42 2 6913 0 0
K 0 0 33
K 0 0 34
J K -1 57 0 1 6913 0 0
K 0 28 65
J D 0 -27 -14 1 6913 0 0
W 0 0 0 \01\00\04
J R 6 139 28 2 1 0 0
K 0 0 49
A D 12 96 0
A P 1 0 0
J N 5 209 21 4 1729 288 2 40 41
K 0 -14 43
K 0 0 43
K 0 -14 60
A D 6 96 0
A P 1 215 0
A P 2 203 0
J N 5 239 14 4 2593 144 1 41
K 0 -14 43
K 0 0 43
K 0 -14 60
A D 6 96 0
A P 1 220 0
A P 2 209 0
H 41 B -40 -4 108 2 22 33
J N 5 269 7 4 3457 144 1 42
K 0 -14 43
K 0 0 43
K 0 -14 60
A D 6 96 0
A P 1 226 0
A P 2 215 0
J N 5 299 0 7 4321 144 1 42
K 0 -14 45
K 0 -14 43
K -1 -14 45
K 2 -14 45
K 0 0 43
K 0 -14 60
A D 6 96 0
A P 1 232 0
A P 2 220 0
J N 5 340 -7 7 5185 144 1 42
K 0 -7 45
K 0 -14 43
K 0 -7 45
K 1 -7 45
K 0 0 43
K 0 -14 60
A D 6 96 0
A P 1 237 0
A P 2 226 0
J N 5 379 0 7 6049 144 2 42 40
K 0 -14 45
K 0 -14 43
K -1 -14 45
K 2 -14 45
K 0 0 43
K 0 -14 60
A D 6 96 0
A P 1 232 0
A P 2 220 0
H 42 B -53 -1 108 4 22 11 11 33
H 40 S 0 0 -14 0 -21 0 0 0 0
J B 105 412 1 82 6913 144 0
J N 7 433 7 13 1 0 0
K 0 -21 45
K 0 -28 43
K 0 -21 45
K 1 -21 45
K 25 -28 44
K 0 0 43
K 25 0 44
K 0 -45 101
K 0 77 110
K 0 -28 60
K 0 0 60
K 0 21 60
A D 36 96 0
A P 1 237 0
A P 2 215 0
J R 6 577 28 2 5185 864 0
K 0 0 49
A D 12 96 0
A P 1 0 0
J B 106 625 1 82 6913 288 0
J R 6 646 28 2 1 0 0
K 0 0 49
A D 12 96 0
A P 1 0 0
J N 6 706 35 5 1729 288 1 43
K 0 -14 43
K 0 0 43
K 0 -28 96
K 0 -14 60
A D 12 96 0
A P 1 203 0
A P 2 192 0
J N 6 766 35 5 3457 288 1 43
K 0 -14 43
K 0 0 43
K 0 -28 96
K 0 -14 60
A D 12 96 0
A P 1 203 0
A P 2 192 0
J N 6 826 35 5 5185 288 1 43
K 0 -14 43
K 0 0 43
K 0 -28 96
K 0 -14 60
A D 12 96 0
A P 1 203 0
A P 2 192 0
H 43 B -42 0 108 3 2 1 3
J B 107 888 1 82 6913 288 0
J R 6 909 28 2 1 0 0
K 0 0 49
A D 12 96 0
A P 1 0 0
J N 6 967 42 4 1729 288 1 44
K 0 -28 43
K 0 0 43
K 0 -28 60
A D 12 96 0
A P 1 209 0
A P 2 186 0
J N 6 1025 42 4 3457 288 1 44
K 0 -28 43
K 0 0 43
K 0 -28 60
A D 12 96 0
A P 1 209 0
A P 2 186 0
J N 6 1083 42 4 5185 288 1 44
K 0 -28 43
K 0 0 43
K 0 -28 60
A D 12 96 0
A P 1 209 0
A P 2 186 0
H 44 B -42 0 108 3 2 1 3
J B 108 1145 1 82 6913 288 0
J N 6 1166 35 4 1 0 1 45
K 0 -14 43
K 0 0 43
K 0 -14 60
A D 12 96 0
A P 1 203 0
A P 2 192 0
J N 6 1224 35 4 1729 288 1 45
K 0 -14 43
K 0 0 43
K 0 -14 60
A D 12 96 0
A P 1 203 0
A P 2 192 0
H 45 B -42 0 108 2 2 3
J N 6 1282 28 4 3457 288 1 46
K 0 -7 43
K -17 0 43
K 0 -7 60
A D 12 96 0
A P 1 203 0
A P 2 197 0
J N 6 1340 28 4 5185 288 1 46
K 0 -7 43
K -17 0 43
K 0 -7 60
A D 12 96 0
A P 1 203 0
A P 2 197 0
H 46 B -42 0 108 2 2 3
J B 109 1402 1 82 6913 288 0
J N 6 1423 35 5 1 0 0
K 0 -14 43
K 0 0 43
K 0 -14 60
K 0 0 52
A D 12 96 0
A P 1 203 0
A P 2 192 0
J R 6 1471 28 2 1729 288 0
K 0 0 49
A D 12 96 1
A P 1 0 1
J R 7 1529 28 2 3457 288 0
K 0 0 48
A D 24 96 0
A P 1 0 0
J B 110 1649 1 82 6913 576 0
J R 9 1712 28 2 1 0 0
K 0 0 46
A D 48 96 0
A P 3 0 0
J B 111 1803 1 82 6913 1152 0
J R 9 1912 28 2 1 0 0
K 0 0 46
A D 48 96 0
A P 3 0 0
J B 112 2050 1 82 6913 1152 0
E *
@ LINE: 4 Bassoons
L 396 0 0 339 339 * 0 14 0
J D 0 -130 42 1 6913 0 0
W 0 0 31 Fag 1-2
J C 22 5 14 36 6913 0 0
J K -3 57 0 3 6913 0 0
K 0 42 65
K 13 21 65
K 26 49 65
J D 0 -27 -14 1 6913 0 0
W 0 0 0 \01\00\04
J N 6 139 42 3 1 0 0
K 0 0 43
K 0 0 53
A D 12 96 0
A P 3 117 0
J N 5 209 0 7 1729 288 2 26 27
K 0 -14 45
K 0 -14 43
K -1 -14 45
K 2 -14 45
K 0 0 43
K 0 -14 60
A D 6 96 0
A P 1 163 0
A P 2 151 0
J N 5 239 7 4 2593 144 1 27
K 0 -14 43
K 0 0 43
K 0 -14 60
A D 6 96 0
A P 1 157 0
A P 2 146 0
H 27 B -43 4 108 2 22 33
J N 5 269 14 4 3457 144 1 28
K 0 -14 43
K 0 0 43
K 0 -14 60
A D 6 96 0
A P 1 151 0
A P 2 140 0
J N 5 299 21 4 4321 144 1 28
K 0 -14 43
K 0 0 43
K 0 -14 60
A D 6 96 0
A P 1 146 0
A P 2 134 0
J N 5 340 28 4 5185 144 1 28
K 0 -14 43
K 0 0 43
K 0 -14 60
A D 6 96 0
A P 1 140 0
A P 2 129 0
J N 5 379 21 4 6049 144 2 28 26
K 0 -14 43
K 0 0 43
K 0 -14 60
A D 6 96 0
A P 1 146 0
A P 2 134 0
H 28 B -57 1 108 4 22 11 11 33
H 26 S 0 0 -14 0 -14 0 0 0 0
J B 105 412 1 82 6913 144 0
J N 7 433 42 10 1 0 0
K 0 -28 43
K 24 -34 44
K 0 0 43
K 24 -6 44
K 0 -52 101
K 2 56 110
K 0 -28 60
K 0 0 60
K 0 14 60
A D 36 96 0
A P 1 140 0
A P 2 117 0
J R 6 577 28 2 5185 864 0
K 0 0 49
A D 12 96 0
A P 1 0 0
J B 106 625 1 82 6913 288 0
J R 6 646 28 2 1 0 0
K 0 0 49
A D 12 96 0
A P 1 0 0
J N 6 706 7 6 1729 288 1 29
K 0 0 43
K 0 49 43
K 7 -46 96
K 0 49 59
K 0 28 59
A D 12 96 0
A P 1 146 0
A P 2 106 0
J N 6 766 7 6 3457 288 1 29
K 0 0 43
K 0 49 43
K 7 -46 96
K 0 49 59
K 0 28 59
A D 12 96 0
A P 1 146 0
A P 2 106 0
J N 6 826 7 6 5185 288 1 29
K 0 0 43
K 0 49 43
K 7 -46 96
K 0 49 59
K 0 28 59
A D 12 96 0
A P 1 146 0
A P 2 106 0
H 29 B 42 0 108 3 2 1 3
J B 107 888 1 82 6913 288 0
J R 6 909 28 2 1 0 0
K 0 0 49
A D 12 96 0
A P 1 0 0
J N 6 967 49 5 1729 288 1 30
K 0 -49 43
K 0 0 43
K 0 -49 60
K 0 -28 60
A D 12 96 0
A P 1 151 0
A P 2 111 0
J N 6 1025 49 5 3457 288 1 30
K 0 -49 43
K 0 0 43
K 0 -49 60
K 0 -28 60
A D 12 96 0
A P 1 151 0
A P 2 111 0
J N 6 1083 49 5 5185 288 1 30
K 0 -49 43
K 0 0 43
K 0 -49 60
K 0 -28 60
A D 12 96 0
A P 1 151 0
A P 2 111 0
H 30 B -42 0 108 3 2 1 3
J B 108 1145 1 82 6913 288 0
J N 6 1166 42 5 1 0 1 31
K 0 -49 43
K 0 0 43
K 0 -49 60
K 0 -28 60
A D 12 96 0
A P 1 157 0
A P 2 117 0
J N 6 1224 -7 8 1729 288 1 31
K 0 -7 45
K 0 -21 45
K 0 -21 43
K -1 -21 45
K 2 -21 45
K 0 0 43
K 0 -21 60
A D 12 96 0
A P 1 174 0
A P 2 157 0
H 31 B -42 -11 108 2 2 3
J N 6 1282 0 4 3457 288 1 32
K 0 -7 43
K -17 0 43
K 0 -7 60
A D 12 96 0
A P 1 157 0
A P 2 151 0
J N 6 1340 0 4 5185 288 1 32
K 0 -7 43
K -17 0 43
K 0 -7 60
A D 12 96 0
A P 1 157 0
A P 2 151 0
H 32 B -46 0 108 2 2 3
J B 109 1402 1 82 6913 288 0
J N 6 1423 7 5 1 0 0
K 0 -14 43
K 0 0 43
K 0 -14 60
K 0 0 54
A D 12 96 0
A P 1 157 0
A P 2 146 0
J R 6 1471 28 2 1729 288 0
K 0 0 49
A D 12 96 1
A P 1 0 1
J R 7 1529 28 2 3457 288 0
K 0 0 48
A D 24 96 0
A P 1 0 0
J B 110 1649 1 82 6913 576 0
J R 9 1712 28 2 1 0 0
K 0 0 46
A D 48 96 0
A P 3 0 0
J B 111 1803 1 82 6913 1152 0
J R 9 1912 28 2 1 0 0
K 0 0 46
A D 48 96 0
A P 3 0 0
J B 112 2050 1 82 6913 1152 0
E *
@ LINE: 5 Horns 1 & 2
L 551 0 0 339 339 * 0 14 0
J D 0 -138 42 1 6913 0 0
W 0 -21 31 Cor 1-2
J D 0 -138 42 1 6913 0 0
W 0 21 31 (E\0.)
J C 4 5 42 2 6913 0 0
K 0 0 33
K 0 0 34
J K 0 57 0 0 6913 0 0
J D 0 -27 -14 1 6913 0 0
W 0 0 0 \01\00\04
J R 6 139 28 2 1 0 0
K 0 0 49
A D 12 96 0
A P 1 0 0
J N 6 209 -7 11 1729 288 1 20
K 1 77 45
K 1 91 45
K 0 0 43
K 0 98 43
K 0 91 45
K 1 91 45
K 0 98 59
K 0 70 59
K 0 42 59
K 0 28 59
A D 12 96 0
A P 1 226 0
A P 2 146 0
J N 6 269 -7 11 3457 288 1 20
K 1 77 45
K 1 91 45
K 0 0 43
K 0 98 43
K 0 91 45
K 1 91 45
K 0 98 59
K 0 70 59
K 0 42 59
K 0 28 59
A D 12 96 0
A P 1 226 0
A P 2 146 0
J N 6 340 -7 11 5185 288 1 20
K 1 77 45
K 1 91 45
K 0 0 43
K 0 98 43
K 0 91 45
K 1 91 45
K 0 98 59
K 0 70 59
K 0 42 59
K 0 28 59
A D 12 96 0
A P 1 226 0
A P 2 146 0
H 20 B 42 0 108 3 2 1 3
J B 105 412 1 82 6913 288 0
J N 7 433 -7 17 1 0 0
K 1 77 45
K 1 91 45
K 0 0 43
K 25 0 44
K 0 98 43
K 0 91 45
K 1 91 45
K 25 98 44
K 0 -42 101
K 0 134 110
K 0 98 59
K 0 70 59
K 0 42 59
K 0 28 59
K 0 0 59
K 0 -14 59
A D 36 96 0
A P 1 226 0
A P 2 146 0
J R 6 577 28 2 5185 864 0
K 0 0 49
A D 12 96 0
A P 1 0 0
J B 106 625 1 82 6913 288 0
J R 6 646 28 2 1 0 0
K 0 0 49
A D 12 96 0
A P 1 0 0
J N 6 706 21 9 1729 288 1 21
K 1 49 45
K 0 0 43
K 0 49 43
K -1 49 45
K 2 49 45
K 7 -46 96
K 0 49 59
K 0 28 59
A D 12 96 0
A P 1 203 0
A P 2 163 0
J N 6 766 21 9 3457 288 1 21
K 1 49 45
K 0 0 43
K 0 49 43
K -1 49 45
K 2 49 45
K 7 -46 96
K 0 49 59
K 0 28 59
A D 12 96 0
A P 1 203 0
A P 2 163 0
J N 6 826 21 9 5185 288 1 21
K 1 49 45
K 0 0 43
K 0 49 43
K -1 49 45
K 2 49 45
K 7 -46 96
K 0 49 59
K 0 28 59
A D 12 96 0
A P 1 203 0
A P 2 163 0
H 21 B 42 0 108 3 2 1 3
J B 107 888 1 82 6913 288 0
J R 6 909 28 2 1 0 0
K 0 0 49
A D 12 96 0
A P 1 0 0
J N 6 967 14 8 1729 288 1 22
K 1 56 45
K 0 0 43
K 0 56 43
K -1 56 45
K 2 56 45
K 0 56 59
K 0 28 59
A D 12 96 0
A P 1 209 0
A P 2 163 0
J N 6 1025 14 8 3457 288 1 22
K 1 56 45
K 0 0 43
K 0 56 43
K -1 56 45
K 2 56 45
K 0 56 59
K 0 28 59
A D 12 96 0
A P 1 209 0
A P 2 163 0
J N 6 1083 14 8 5185 288 1 22
K 1 56 45
K 0 0 43
K 0 56 43
K -1 56 45
K 2 56 45
K 0 56 59
K 0 28 59
A D 12 96 0
A P 1 209 0
A P 2 163 0
H 22 B 42 0 108 3 2 1 3
J B 108 1145 1 82 6913 288 0
J N 6 1166 7 9 1 0 1 23
K 1 63 45
K 0 0 43
K 0 63 43
K -1 63 45
K 2 63 45
K 0 63 59
K 0 35 59
K 0 28 59
A D 12 96 0
A P 1 215 0
A P 2 163 0
J N 6 1224 7 10 1729 288 1 23
K 1 63 45
K 1 77 45
K 0 0 43
K 0 84 43
K 0 77 45
K 1 77 45
K 0 84 59
K 0 56 59
K 0 28 59
A D 12 96 0
A P 1 215 0
A P 2 146 0
J N 6 1282 14 10 3457 288 1 23
K 1 56 45
K 1 70 45
K 0 0 43
K 0 77 43
K 0 70 45
K 1 70 45
K 0 77 59
K 0 49 59
K 0 28 59
A D 12 96 0
A P 1 209 0
A P 2 146 0
J N 6 1340 14 10 5185 288 1 23
K 1 56 45
K 1 70 45
K 0 0 43
K 0 77 43
K 0 70 45
K 1 70 45
K 0 77 59
K 0 49 59
K 0 28 59
A D 12 96 0
A P 1 209 0
A P 2 146 0
H 23 B 42 0 108 4 2 1 1 3
J B 109 1402 1 82 6913 288 0
J N 6 1423 21 9 1 0 0
K 1 49 45
K 0 0 43
K 0 49 43
K -1 49 45
K 2 49 45
K 0 49 59
K 0 28 59
K 0 0 51
A D 12 96 0
A P 1 203 0
A P 2 163 0
J R 6 1471 28 2 1729 288 0
K 0 0 49
A D 12 96 1
A P 1 0 1
J R 7 1529 28 2 3457 288 0
K 0 0 48
A D 24 96 0
A P 1 0 0
J B 110 1649 1 82 6913 576 0
J R 9 1712 28 2 1 0 0
K 0 0 46
A D 48 96 0
A P 3 0 0
J B 111 1803 1 82 6913 1152 0
J R 9 1912 28 2 1 0 0
K 0 0 46
A D 48 96 0
A P 3 0 0
J B 112 2050 1 82 6913 1152 0
E *
@ LINE: 6 Horn 3
L 696 0 0 339 339 * 0 14 0
J D 0 -112 42 1 6913 0 0
W 0 -21 31 Cor 3
J D 0 -112 42 1 6913 0 0
W 0 21 31 (E\0.)
J C 4 5 42 2 6913 0 0
K 0 0 33
K 0 0 34
J K 0 57 0 0 6913 0 0
J D 0 -27 -14 1 6913 0 0
W 0 0 0 \01\00\04
J R 6 139 28 2 1 0 0
K 0 0 49
A D 4 32 0
A P 1 0 0
J N 6 209 42 2 1729 288 1 16
K 0 0 43
A D 4 32 0
A P 1 186 0
J N 6 269 42 2 3457 288 1 16
K 0 0 43
A D 4 32 0
A P 1 186 0
J N 6 340 42 2 5185 288 1 16
K 0 0 43
A D 4 32 0
A P 1 186 0
H 16 B 46 0 108 3 2 1 3
J B 105 412 1 82 6913 288 0
J N 7 433 42 7 1 0 0
K 0 0 43
K 24 -6 44
K 0 -56 101
K 0 44 110
K 0 0 59
K 0 -21 59
A D 12 32 0
A P 1 186 0
J R 6 577 28 2 5185 864 0
K 0 0 49
A D 4 32 0
A P 1 0 0
J B 106 625 1 82 6913 288 0
J R 6 646 28 2 1 0 0
K 0 0 49
A D 4 32 0
A P 1 0 0
J N 6 706 42 3 1729 288 1 17
K 0 0 43
K 0 21 96
A D 4 32 0
A P 1 186 0
J N 6 766 42 3 3457 288 1 17
K 0 0 43
K 0 21 96
A D 4 32 0
A P 1 186 0
J N 6 826 42 3 5185 288 1 17
K 0 0 43
K 0 21 96
A D 4 32 0
A P 1 186 0
H 17 B 46 0 108 3 2 1 3
J B 107 888 1 82 6913 288 0
J R 6 909 28 2 1 0 0
K 0 0 49
A D 4 32 0
A P 1 0 0
J N 6 967 21 2 1729 288 1 18
K 0 0 43
A D 4 32 0
A P 1 203 0
J N 6 1025 21 2 3457 288 1 18
K 0 0 43
A D 4 32 0
A P 1 203 0
J N 6 1083 21 2 5185 288 1 18
K 0 0 43
A D 4 32 0
A P 1 203 0
H 18 B -42 0 108 3 2 1 3
J B 108 1145 1 82 6913 288 0
J N 6 1166 21 2 1 0 1 19
K 0 0 43
A D 4 32 0
A P 1 203 0
J N 6 1224 21 2 1729 288 1 19
K 0 0 43
A D 4 32 0
A P 1 203 0
J N 6 1282 42 2 3457 288 1 19
K 0 0 43
A D 4 32 0
A P 1 186 0
J N 6 1340 42 2 5185 288 1 19
K 0 0 43
A D 4 32 0
A P 1 186 0
H 19 B 42 1 108 4 2 1 1 3
J B 109 1402 1 82 6913 288 0
J N 6 1423 56 3 1 0 0
K 0 0 43
K 0 0 53
A D 4 32 0
A P 1 175 0
J R 6 1471 28 2 1729 288 0
K 0 0 49
A D 4 32 1
A P 1 0 1
J R 7 1529 28 2 3457 288 0
K 0 0 48
A D 8 32 0
A P 1 0 0
J B 110 1649 1 82 6913 576 0
J R 9 1712 28 2 1 0 0
K 0 0 46
A D 16 32 0
A P 1 0 0
J B 111 1803 1 82 6913 1152 0
J R 9 1912 28 2 1 0 0
K 0 0 46
A D 16 32 0
A P 1 0 0
J B 112 2050 1 82 6913 1152 0
E *
@ LINE: 7 Trumpets
L 836 0 0 339 339 * 0 14 0
J D 0 -111 42 1 6913 0 0
W 0 -21 31 Tr 1-2
J D 0 -111 42 1 6913 0 0
W 0 21 31 (E\0.)
J C 4 5 42 2 6913 0 0
K 0 0 33
K 0 0 34
J K 0 57 0 0 6913 0 0
J D 0 -27 -14 1 6913 0 0
W 0 0 0 \01\00\04
J N 6 139 42 10 1 0 0
K 1 28 45
K 1 42 45
K 0 0 43
K 0 49 43
K 0 42 45
K 1 42 45
K 0 49 59
K 0 28 59
K 0 0 53
A D 2 16 0
A P 1 186 0
A P 2 146 0
J R 6 209 28 2 1729 288 0
K 0 0 49
A D 2 16 0
A P 1 0 0
J N 6 269 42 10 3457 288 0
K 1 28 45
K 1 42 45
K 0 0 43
K 0 49 43
K 0 42 45
K 1 42 45
K 0 49 59
K 0 28 59
K 0 0 53
A D 2 16 0
A P 1 186 0
A P 2 146 0
J R 6 340 28 2 5185 288 0
K 0 0 49
A D 2 16 0
A P 1 0 0
J B 105 412 1 82 6913 288 0
J N 7 433 42 15 1 0 0
K 1 28 45
K 1 42 45
K 0 0 43
K 24 -6 44
K 0 49 43
K 0 42 45
K 1 42 45
K 25 49 44
K 0 -56 101
K 0 85 110
K 0 49 59
K 0 28 59
K 0 0 59
K 0 -21 59
A D 6 16 0
A P 1 186 0
A P 2 146 0
J R 6 577 28 2 5185 864 0
K 0 0 49
A D 2 16 0
A P 1 0 0
J B 106 625 1 82 6913 288 0
J N 8 646 21 10 1 0 0
K 1 49 45
K 0 0 42
K 0 49 42
K -1 49 45
K 2 49 45
K 0 49 59
K 0 28 59
K 0 0 59
K 0 -14 59
A D 8 16 0
A P 1 203 0
A P 2 163 0
J B 107 888 1 82 6913 1152 0
J N 8 909 21 10 1 0 0
K 1 49 45
K 0 0 42
K 0 49 42
K -1 49 45
K 2 49 45
K 0 49 59
K 0 28 59
K 0 0 59
K 0 -14 59
A D 8 16 0
A P 1 203 0
A P 2 163 0
J B 108 1145 1 82 6913 1152 0
J N 7 1166 42 11 1 0 0
K 1 28 45
K 1 42 45
K 0 0 43
K 0 49 43
K 0 42 45
K 1 42 45
K 0 49 59
K 0 28 59
K 0 0 59
K 0 -21 59
A D 4 16 0
A P 1 186 0
A P 2 146 0
J N 7 1282 42 11 3457 576 0
K 1 28 45
K 1 42 45
K 0 0 43
K 0 49 43
K 0 42 45
K 1 42 45
K 0 49 59
K 0 28 59
K 0 0 59
K 0 -21 59
A D 4 16 0
A P 1 186 0
A P 2 146 0
J B 109 1402 1 82 6913 576 0
J N 6 1423 70 6 1 0 0
K 1 0 45
K 0 0 43
K -1 0 45
K 2 0 45
K 0 0 53
A D 2 16 0
A P 1 163 0
J N 6 1423 70 6 1 0 0
K 0 0 45
K 0 0 43
K -1 0 45
K 2 0 45
K 0 0 52
A D 2 16 0
A P 2 163 0
J R 6 1471 28 2 1729 288 0
K 0 0 49
A D 2 16 1
A P 1 0 1
J R 7 1529 28 2 3457 288 0
K 0 0 48
A D 4 16 0
A P 1 0 0
J B 110 1649 1 82 6913 576 0
J R 9 1712 28 2 1 0 0
K 0 0 46
A D 8 16 0
A P 3 0 0
J B 111 1803 1 82 6913 1152 0
J R 9 1912 28 2 1 0 0
K 0 0 46
A D 8 16 0
A P 3 0 0
J B 112 2050 1 82 6913 1152 0
E *
@ LINE: 8 Timpani
L 981 0 0 339 339 * 0 14 0
J D 0 -121 42 1 6913 0 0
W 0 -21 31 Timp.
J D 0 -121 42 1 6913 0 0
W 0 21 31 (E\0.-B\0.)
J C 22 5 14 36 6913 0 0
J K 0 57 0 0 6913 0 0
J D 0 -27 -14 1 6913 0 0
W 0 0 0 \01\00\04
J N 6 139 42 3 1 0 0
K 0 0 43
K 0 0 53
A D 6 48 0
A P 1 117 0
J R 6 209 28 2 1729 288 0
K 0 0 49
A D 6 48 0
A P 1 0 0
J N 6 269 42 3 3457 288 0
K 0 0 43
K 0 0 53
A D 6 48 0
A P 1 117 0
J R 6 340 28 2 5185 288 0
K 0 0 49
A D 6 48 0
A P 1 0 0
J B 105 412 1 82 6913 288 0
J N 6 433 42 4 1 0 0
K 0 0 43
K 0 44 110
K 0 0 53
A D 6 48 0
A P 1 117 0
J R 6 481 28 3 1729 288 0
K 0 0 49
K 35 -35 101
A D 6 48 1
A P 1 0 1
J R 6 529 28 2 3457 288 0
K 0 0 49
A D 6 48 1
A P 1 0 1
J R 6 577 28 2 5185 288 0
K 0 0 49
A D 6 48 0
A P 1 0 0
J B 106 625 1 82 6913 288 0
J N 6 646 21 3 1 0 0
K 0 0 43
K 0 0 54
A D 6 48 0
A P 1 134 0
J R 6 706 28 2 1729 288 0
K 0 0 49
A D 6 48 1
A P 1 0 1
J R 7 766 28 2 3457 288 0
K 0 0 48
A D 12 48 0
A P 1 0 0
J B 107 888 1 82 6913 576 0
J N 6 909 21 3 1 0 0
K 0 0 43
K 0 0 54
A D 6 48 0
A P 1 134 0
J R 6 967 28 2 1729 288 0
K 0 0 49
A D 6 48 1
A P 1 0 1
J R 7 1025 28 2 3457 288 0
K 0 0 48
A D 12 48 0
A P 1 0 0
J B 108 1145 1 82 6913 576 0
J N 6 1166 42 3 1 0 0
K 0 0 43
K 0 0 53
A D 6 48 0
A P 1 117 0
J R 6 1224 28 2 1729 288 0
K 0 0 49
A D 6 48 0
A P 1 0 0
J N 6 1282 42 3 3457 288 0
K 0 0 43
K 0 0 53
A D 6 48 0
A P 1 117 0
J R 6 1340 28 2 5185 288 0
K 0 0 49
A D 6 48 0
A P 1 0 0
J B 109 1402 1 82 6913 288 0
J N 6 1423 21 3 1 0 0
K 0 0 43
K 0 0 54
A D 6 48 0
A P 1 134 0
J R 6 1471 28 2 1729 288 0
K 0 0 49
A D 6 48 1
A P 1 0 1
J R 7 1529 28 2 3457 288 0
K 0 0 48
A D 12 48 0
A P 1 0 0
J B 110 1649 1 82 6913 576 0
J R 9 1712 28 2 1 0 0
K 0 0 46
A D 24 48 0
A P 1 0 0
J B 111 1803 1 82 6913 1152 0
J R 9 1912 28 2 1 0 0
K 0 0 46
A D 24 48 0
A P 1 0 0
J B 112 2050 1 82 6913 1152 0
E *
@ LINE: 9 Violin I
L 1133 0 0 339 339 * 0 14 0
J D 0 -116 42 1 6913 0 0
W 0 0 31 Vln I
J C 4 5 42 2 6913 0 0
K 0 0 33
K 0 0 34
J K -3 57 0 3 6913 0 0
K 0 28 65
K 13 7 65
K 26 35 65
J D 0 -27 -14 1 6913 0 0
W 0 0 0 \01\00\04
J N 5 139 28 2 1 0 1 92
K 0 0 43
A D 6 96 0
A P 1 197 0
J N 5 179 21 2 865 144 1 92
K 0 0 43
A D 6 96 0
A P 1 203 0
J N 5 209 14 2 1729 144 1 92
K 0 0 43
A D 6 96 0
A P 1 209 0
J N 5 239 7 2 2593 144 1 92
K 0 0 43
A D 6 96 0
A P 1 214 0
H 92 B -46 -1 108 4 22 11 11 33
J N 5 269 0 2 3457 144 1 93
K 0 0 43
A D 6 96 0
A P 1 220 0
J N 5 299 -7 2 4321 144 1 93
K 0 0 43
A D 6 96 0
A P 1 226 0
J N 5 340 -14 6 5185 144 1 93
K 0 0 45
K -15 0 65
K 0 0 43
K -1 0 45
K 2 0 45
A D 6 96 0
A P 1 231 0
J N 5 379 -7 2 6049 144 2 93 90
K 0 0 43
A D 6 96 0
A P 1 226 0
H 93 B -46 -1 108 4 22 11 11 33
J M 0 125 0 0 6913 0 1 90
H 90 S 0 0 -10 0 0 0 0 0
J B 105 412 1 82 6913 144 0
J N 7 433 -14 10 1 0 1 94
K 0 0 45
K 0 0 43
K -1 0 45
K 2 0 45
K 24 -6 44
K 0 -31 101
K 0 99 110
K 0 0 60
K 0 21 60
A D 36 96 0
A P 1 231 0
J N 6 577 -14 7 5185 864 0
K 0 0 45
K -14 0 64
K 0 0 43
K -1 0 45
K 2 0 45
K 0 0 54
A D 12 96 0
A P 1 232 0
J B 106 625 1 82 6913 288 0
J N 7 646 -21 8 1 0 0
K 0 7 45
K 0 0 43
K 0 7 45
K 1 7 45
K 25 0 44
K 0 0 60
K 0 21 60
A D 36 96 0
A P 1 237 0
J N 6 826 -7 3 5185 864 1 94
K 0 0 43
K 0 0 54
A D 12 96 0
A P 1 226 0
H 94 S 0 0 -7 0 -7 0 0 0 0
J B 107 888 1 82 6913 288 0
J N 7 909 0 5 1 0 1 95
K 0 0 43
K 24 -6 44
K 0 0 60
K 0 21 60
A D 36 96 0
A P 1 220 0
J N 6 1083 -28 8 5185 864 1 95
K 0 14 45
K 0 0 45
K 0 0 43
K -1 0 45
K 2 0 45
K 0 0 60
K 0 7 54
A D 12 96 0
A P 1 243 0
H 95 S 0 0 0 0 0 0 0 0 0
J B 108 1145 1 82 6913 288 0
J N 7 1166 7 4 1 0 1 96
K 0 0 43
K 0 0 60
K 0 21 60
A D 24 96 0
A P 1 214 0
J N 6 1282 -7 3 3457 576 1 97
K 0 0 43
K 25 0 44
A D 18 96 0
A P 1 226 0
J N 5 1369 0 2 6049 432 2 97 96
K 0 0 43
A D 6 96 0
A P 1 220 0
H 97 B -52 1 108 2 2 53
H 96 S 0 0 -7 0 -7 0 0 0 0
J B 109 1402 1 82 6913 144 0
J N 6 1423 7 2 1 0 1 98
K 0 0 43
A D 12 96 0
A P 1 214 0
J N 5 1471 56 3 1729 288 1 98
K 0 0 43
K 0 30 108
A D 6 96 0
A P 1 174 0
J N 5 1500 63 2 2593 144 1 98
K 0 0 43
A D 6 96 0
A P 1 169 0
H 98 B 45 9 108 3 2 21 33
J N 5 1529 56 2 3457 144 1 99
K 0 0 43
A D 6 96 0
A P 1 174 0
J N 5 1558 49 2 4321 144 1 99
K 0 0 43
A D 6 96 0
A P 1 180 0
J N 5 1587 42 2 5185 144 1 99
K 0 0 43
A D 6 96 0
A P 1 186 0
J N 5 1616 35 2 6049 144 1 99
K 0 0 43
A D 6 96 0
A P 1 191 0
H 99 B 60 -4 108 4 22 11 11 33
J B 110 1649 1 82 6913 144 0
J N 7 1673 28 7 1 0 1 100
K 0 0 43
K 24 -6 44
K 0 64 111
K 12 64 110
K 0 0 59
K 0 -14 59
A D 36 96 0
A P 1 197 0
J N 6 1755 42 3 5185 864 1 100
K 0 0 43
K 0 0 53
A D 12 96 0
A P 1 186 0
H 100 S 12 0 0 0 0 0 0 0 0
J B 111 1803 1 82 6913 288 0
J N 6 1824 49 2 1 0 1 101
K 0 0 43
A D 12 96 0
A P 1 180 0
J N 5 1872 42 2 1729 288 1 101
K 0 0 43
A D 6 96 0
A P 1 186 0
J N 5 1901 49 2 2593 144 1 101
K 0 0 43
A D 6 96 0
A P 1 180 0
H 101 B 53 0 108 3 2 21 33
J N 5 1930 42 2 3457 144 1 102
K 0 0 43
A D 6 96 0
A P 1 186 0
J N 5 1959 35 2 4321 144 1 102
K 0 0 43
A D 6 96 0
A P 1 191 0
J N 5 1988 28 2 5185 144 1 102
K 0 0 43
A D 6 96 0
A P 1 197 0
J N 5 2017 21 2 6049 144 1 102
K 0 0 43
A D 6 96 0
A P 1 203 0
H 102 B 60 -4 108 4 22 11 11 33
J B 112 2050 1 82 6913 144 0
E *
@ LINE: 10 Violin II
L 1265 0 0 339 339 * 0 14 0
J D 0 -129 42 1 6913 0 0
W 0 0 31 Vln II
J C 4 5 42 2 6913 0 0
K 0 0 33
K 0 0 34
J K -3 57 0 3 6913 0 0
K 0 28 65
K 13 7 65
K 26 35 65
J D 0 -27 -14 1 6913 0 0
W 0 0 0 \01\00\04
J N 5 139 77 5 1 0 2 83 84
K 1 -7 45
K 0 0 43
K 0 -7 45
K 1 -7 45
A D 6 96 0
A P 1 157 0
J N 5 179 70 5 865 144 1 84
K 1 0 45
K 0 0 43
K -1 0 45
K 2 0 45
A D 6 96 0
A P 1 163 0
J N 5 209 63 2 1729 144 1 84
K 0 0 43
A D 6 96 0
A P 1 169 0
J N 5 239 56 2 2593 144 1 84
K 0 0 43
A D 6 96 0
A P 1 174 0
H 84 B 52 -4 108 4 22 11 11 33
J N 5 269 49 2 3457 144 1 85
K 0 0 43
A D 6 96 0
A P 1 180 0
J N 5 299 42 2 4321 144 1 85
K 0 0 43
A D 6 96 0
A P 1 186 0
J N 5 340 35 2 5185 144 1 85
K 0 0 43
A D 6 96 0
A P 1 191 0
J N 5 379 42 2 6049 144 2 85 83
K 0 0 43
A D 6 96 0
A P 1 186 0
H 85 B 64 -1 108 4 22 11 11 33
H 83 S 12 0 0 0 0 0 0 0 0
J B 105 412 1 82 6913 144 0
J N 7 433 35 14 1 0 1 86
K 1 35 45
K 0 0 43
K 25 0 44
K 0 42 43
K 0 35 45
K 1 35 45
K 25 42 44
K 0 -56 101
K 0 91 110
K 0 42 59
K 0 28 59
K 0 0 59
K 0 -21 59
A D 36 96 0
A P 1 191 0
A P 1 157 0
J N 6 577 35 4 5185 864 0
K -14 0 64
K 0 0 43
K 0 0 53
A D 12 96 0
A P 1 192 0
J B 106 625 1 82 6913 288 0
J N 7 646 28 5 1 0 0
K 0 0 43
K 24 -6 44
K 0 0 60
K 0 21 60
A D 36 96 0
A P 1 197 0
J N 6 826 42 3 5185 864 1 86
K 0 0 43
K 0 0 53
A D 12 96 0
A P 1 186 0
H 86 S 12 0 49 0 7 1 0 0 0
J B 107 888 1 82 6913 288 0
J N 7 909 49 5 1 0 1 87
K 0 0 43
K 25 0 44
K 0 0 59
K 0 -21 59
A D 36 96 0
A P 1 180 0
J N 6 1083 21 3 5185 864 1 87
K 0 0 43
K 0 0 54
A D 12 96 0
A P 1 203 0
H 87 S 0 14 0 0 0 0 0 0 0
J B 108 1145 1 82 6913 288 0
J N 7 1166 56 4 1 0 1 88
K 0 0 43
K 0 0 59
K 0 -21 59
A D 24 96 0
A P 1 174 0
J N 6 1282 42 3 3457 576 1 89
K 0 0 43
K 24 -6 44
A D 18 96 0
A P 1 186 0
J N 5 1369 49 2 6049 432 2 89 88
K 0 0 43
A D 6 96 0
A P 1 180 0
H 89 B 47 1 108 2 2 53
H 88 S 12 0 0 0 0 0 0 0 0
J B 109 1402 1 82 6913 144 0
J N 6 1423 56 3 1 0 0
K 0 0 43
K 0 0 53
A D 12 96 0
A P 1 174 0
J R 6 1471 28 2 1729 288 0
K 0 0 49
A D 12 96 1
A P 1 0 1
J R 7 1529 28 2 3457 288 0
K 0 0 48
A D 24 96 0
A P 1 0 0
J B 110 1649 1 82 6913 576 0
J N 8 1673 56 8 1 0 0
K -14 0 64
K 0 0 42
K 0 36 111
K 12 36 110
K 29 36 108
K 0 0 59
K 0 -21 59
A D 48 96 0
A P 1 175 0
J B 111 1803 1 82 6913 1152 0
J N 8 1824 49 4 1 0 0
K 0 0 42
K 0 0 59
K 0 -21 59
A D 48 96 0
A P 1 180 0
J B 112 2050 1 82 6913 1152 0
E *
@ LINE: 11 Viola
L 1397 0 0 339 339 * 0 14 0
J D 0 -86 42 1 6913 0 0
W 0 0 31 Vla
J C 13 5 28 35 6913 0 0
J K -3 57 0 3 6913 0 0
K 0 35 65
K 13 14 65
K 26 42 65
J D 0 -27 -14 1 6913 0 0
W 0 0 0 \01\00\04
J N 5 139 35 2 1 0 1 81
K 0 0 43
A D 6 96 0
A P 1 157 0
J N 5 179 42 3 865 144 1 81
K -14 0 64
K 0 0 43
A D 6 96 0
A P 1 152 0
J N 5 209 35 2 1729 144 1 81
K 0 0 43
A D 6 96 0
A P 1 157 0
J N 5 239 28 2 2593 144 1 81
K 0 0 43
A D 6 96 0
A P 1 163 0
H 81 B 50 -1 108 4 22 11 11 33
J N 5 269 21 2 3457 144 1 82
K 0 0 43
A D 6 96 0
A P 1 169 0
J N 5 299 14 2 4321 144 1 82
K 0 0 43
A D 6 96 0
A P 1 174 0
J N 5 340 7 2 5185 144 1 82
K 0 0 43
A D 6 96 0
A P 1 180 0
J N 5 379 14 2 6049 144 1 82
K 0 0 43
A D 6 96 0
A P 1 174 0
H 82 B -53 -1 108 4 22 11 11 33
J B 105 412 1 82 6913 144 0
J N 7 433 21 10 1 0 0
K 0 -14 43
K 25 -14 44
K 0 0 43
K 25 0 44
K 0 -31 101
K 0 77 110
K 0 -14 60
K 0 0 60
K 0 21 60
A D 36 96 0
A P 1 180 0
A P 1 169 0
J R 6 577 28 2 5185 864 0
K 0 0 49
A D 12 96 0
A P 1 0 0
J B 106 625 1 82 6913 288 0
J N 8 646 35 9 1 0 0
K 0 -21 42
K 0 0 42
K 0 -21 60
K 0 0 60
K 0 28 60
K 0 30 60
K -17 49 125
K -17 35 125
A D 48 96 0
A P 1 174 0
A P 1 157 0
J B 107 888 1 82 6913 1152 0
J N 5 909 28 4 1 0 1 83
K 0 -14 43
K 0 0 43
K 0 -14 60
A D 6 96 0
A P 1 174 0
A P 1 163 0
J N 5 938 42 4 865 144 1 83
K 0 -14 43
K 0 0 43
K 0 -14 60
A D 6 96 0
A P 1 163 0
A P 1 151 0
J N 5 967 42 4 1729 144 1 83
K 0 -14 43
K 0 0 43
K 0 -14 60
A D 6 96 0
A P 1 163 0
A P 1 151 0
J N 5 996 42 4 2593 144 1 83
K 0 -14 43
K 0 0 43
K 0 -14 60
A D 6 96 0
A P 1 163 0
A P 1 151 0
H 83 B -59 1 108 4 22 11 11 33
J N 7 1025 28 8 3457 144 0
K 0 0 43
K 0 14 43
K 0 14 59
K 0 0 59
K 0 -23 59
K 0 -42 125
K 0 -28 125
A D 24 96 0
A P 1 163 0
A P 1 151 0
J B 108 1145 1 82 6913 576 0
J N 7 1166 35 9 1 0 0
K 0 0 43
K 0 14 43
K 0 14 59
K 0 0 59
K 0 -28 59
K 0 -30 59
K 0 -49 125
K 0 -35 125
A D 24 96 0
A P 1 157 0
A P 1 146 0
J N 7 1282 35 9 3457 576 0
K 17 0 43
K 0 7 43
K 0 7 59
K 0 0 59
K 0 -28 59
K 0 -30 59
K 0 -49 125
K 0 -35 125
A D 24 96 0
A P 1 157 0
A P 1 151 0
J B 109 1402 1 82 6913 576 0
J N 6 1423 35 5 1 0 0
K 0 0 43
K 0 14 43
K 0 14 59
K 0 0 53
A D 12 96 0
A P 1 157 0
A P 1 146 0
J R 6 1471 28 2 1729 288 0
K 0 0 49
A D 12 96 1
A P 1 0 1
J R 7 1529 28 2 3457 288 0
K 0 0 48
A D 24 96 0
A P 1 0 0
J B 110 1649 1 82 6913 576 0
J N 7 1673 21 9 1 0 1 84
K -15 0 65
K 0 0 43
K 25 0 44
K 0 70 111
K 12 70 110
K 29 70 108
K 0 0 60
K 0 21 60
A D 36 96 0
A P 1 168 0
J N 6 1755 35 3 5185 864 1 84
K 0 0 43
K 0 0 53
A D 12 96 0
A P 1 157 0
H 84 S 0 0 0 0 0 0 0 0 0
J B 111 1803 1 82 6913 288 0
J N 8 1824 28 4 1 0 0
K 0 0 42
K 0 0 60
K 0 21 60
A D 48 96 0
A P 1 163 0
J B 112 2050 1 82 6913 1152 0
E *
@ LINE: 12 Cello
L 1537 0 0 339 339 * 0 14 0
J D 0 -83 42 1 6913 0 0
W 0 0 31 Vc
J C 22 5 14 36 6913 0 0
J K -3 57 0 3 6913 0 0
K 0 42 65
K 13 21 65
K 26 49 65
J D 0 -27 -14 1 6913 0 0
W 0 0 0 \01\00\04
J N 6 139 42 2 1 0 1 79
K 0 0 43
A D 12 96 0
A P 1 117 0
J N 5 209 0 2 1729 288 1 79
K 0 0 43
A D 6 96 0
A P 1 151 0
J N 5 239 7 2 2593 144 1 79
K 0 0 43
A D 6 96 0
A P 1 146 0
H 79 B -45 -7 108 3 2 21 33
J N 5 269 14 2 3457 144 1 80
K 0 0 43
A D 6 96 0
A P 1 140 0
J N 5 299 21 2 4321 144 1 80
K 0 0 43
A D 6 96 0
A P 1 134 0
J N 5 340 28 2 5185 144 1 80
K 0 0 43
A D 6 96 0
A P 1 129 0
J N 5 379 21 2 6049 144 1 80
K 0 0 43
A D 6 96 0
A P 1 134 0
H 80 B -57 1 108 4 22 11 11 33
J B 105 412 1 82 6913 144 0
J N 7 433 42 7 1 0 0
K 0 0 43
K 24 -6 44
K 0 -56 101
K 0 44 110
K 0 0 59
K 0 -21 59
A D 36 96 0
A P 1 117 0
J R 6 577 28 2 5185 864 0
K 0 0 49
A D 12 96 0
A P 1 0 0
J B 106 625 1 82 6913 288 0
J N 5 646 56 2 1 0 1 81
K 0 0 43
A D 6 96 0
A P 1 106 0
J N 5 676 49 2 865 144 1 81
K 0 0 43
A D 6 96 0
A P 1 111 0
J N 5 706 42 2 1729 144 1 81
K 0 0 43
A D 6 96 0
A P 1 117 0
J N 5 736 35 2 2593 144 1 81
K 0 0 43
A D 6 96 0
A P 1 123 0
H 81 B 60 -4 108 4 22 11 11 33
J N 5 766 28 2 3457 144 1 82
K 0 0 43
A D 6 96 0
A P 1 129 0
J N 5 796 21 2 4321 144 1 82
K 0 0 43
A D 6 96 0
A P 1 134 0
J N 5 826 14 2 5185 144 1 82
K 0 0 43
A D 6 96 0
A P 1 140 0
J N 5 855 7 2 6049 144 1 82
K 0 0 43
A D 6 96 0
A P 1 146 0
H 82 B -43 -4 108 4 22 11 11 33
J B 107 888 1 82 6913 144 0
J N 5 909 0 2 1 0 1 83
K 0 0 43
A D 6 96 0
A P 1 151 0
J N 5 938 7 2 865 144 1 83
K 0 0 43
A D 6 96 0
A P 1 146 0
J N 5 967 14 2 1729 144 1 83
K 0 0 43
A D 6 96 0
A P 1 140 0
J N 5 996 21 2 2593 144 1 83
K 0 0 43
A D 6 96 0
A P 1 134 0
H 83 B -60 4 108 4 22 11 11 33
J N 5 1025 28 2 3457 144 1 84
K 0 0 43
A D 6 96 0
A P 1 129 0
J N 5 1054 35 2 4321 144 1 84
K 0 0 43
A D 6 96 0
A P 1 123 0
J N 5 1083 42 2 5185 144 1 84
K 0 0 43
A D 6 96 0
A P 1 117 0
J N 5 1112 49 2 6049 144 1 84
K 0 0 43
A D 6 96 0
A P 1 111 0
H 84 B 44 4 108 4 22 11 11 33
J B 108 1145 1 82 6913 144 0
J N 5 1166 42 2 1 0 1 85
K 0 0 43
A D 6 96 0
A P 1 117 0
J N 5 1195 21 2 865 144 1 85
K 0 0 43
A D 6 96 0
A P 1 134 0
J N 5 1224 7 2 1729 144 1 85
K 0 0 43
A D 6 96 0
A P 1 146 0
J N 5 1253 -7 2 2593 144 1 85
K 0 0 43
A D 6 96 0
A P 1 157 0
H 85 B -46 -6 108 4 22 11 11 33
J N 5 1282 42 2 3457 144 1 86
K 0 0 43
A D 6 96 0
A P 1 117 0
J N 5 1311 -7 2 4321 144 1 86
K 0 0 43
A D 6 96 0
A P 1 157 0
J N 5 1340 42 2 5185 144 1 86
K 0 0 43
A D 6 96 0
A P 1 117 0
J N 5 1369 42 2 6049 144 1 86
K 0 0 43
A D 6 96 0
A P 1 117 0
H 86 B -45 0 108 4 22 11 11 33
J B 109 1402 1 82 6913 144 0
J N 6 1423 21 3 1 0 0
K 0 0 43
K 0 0 54
A D 12 96 0
A P 1 134 0
J R 6 1471 28 2 1729 288 0
K 0 0 49
A D 12 96 1
A P 1 0 1
J R 7 1529 28 2 3457 288 0
K 0 0 48
A D 24 96 0
A P 1 0 0
J B 110 1649 1 82 6913 576 0
J N 8 1673 7 7 1 0 1 87
K 0 0 42
K 0 77 111
K 12 77 110
K 29 77 108
K 0 0 60
K 0 21 60
A D 48 96 0
A P 1 146 0
J B 111 1803 1 82 6913 1152 0
J N 8 1824 0 4 1 0 1 87
K 0 0 42
K 0 0 60
K 0 21 60
A D 48 96 0
A P 1 151 0
H 87 S 0 0 0 0 0 0 0 0 0
J B 112 2050 1 82 6913 1152 0
E *
@ LINE: 13 Contrabass
L 1667 0 0 339 339 * 0 14 0
J D 0 -83 42 1 6913 0 0
W 0 0 31 Cb
J C 22 5 14 36 6913 0 0
J K -3 57 0 3 6913 0 0
K 0 42 65
K 13 21 65
K 26 49 65
J D 0 -27 -14 1 6913 0 0
W 0 0 0 \01\00\04
J N 6 139 42 2 1 0 1 37
K 0 0 43
A D 12 96 0
A P 1 117 0
J N 5 209 0 2 1729 288 1 37
K 0 0 43
A D 6 96 0
A P 1 151 0
J N 5 239 7 2 2593 144 1 37
K 0 0 43
A D 6 96 0
A P 1 146 0
H 37 B -45 -7 108 3 2 21 33
J N 5 269 14 2 3457 144 1 38
K 0 0 43
A D 6 96 0
A P 1 140 0
J N 5 299 21 2 4321 144 1 38
K 0 0 43
A D 6 96 0
A P 1 134 0
J N 5 340 28 2 5185 144 1 38
K 0 0 43
A D 6 96 0
A P 1 129 0
J N 5 379 21 2 6049 144 1 38
K 0 0 43
A D 6 96 0
A P 1 134 0
H 38 B -57 1 108 4 22 11 11 33
J B 105 412 1 82 6913 144 0
J N 7 433 42 7 1 0 0
K 0 0 43
K 24 -6 44
K 0 -56 101
K 0 44 110
K 0 0 59
K 0 -21 59
A D 36 96 0
A P 1 117 0
J R 6 577 28 2 5185 864 0
K 0 0 49
A D 12 96 0
A P 1 0 0
J B 106 625 1 82 6913 288 0
J N 5 646 56 2 1 0 1 39
K 0 0 43
A D 6 96 0
A P 1 106 0
J N 5 676 49 2 865 144 1 39
K 0 0 43
A D 6 96 0
A P 1 111 0
J N 5 706 42 2 1729 144 1 39
K 0 0 43
A D 6 96 0
A P 1 117 0
J N 5 736 35 2 2593 144 1 39
K 0 0 43
A D 6 96 0
A P 1 123 0
H 39 B 60 -4 108 4 22 11 11 33
J N 5 766 28 2 3457 144 1 40
K 0 0 43
A D 6 96 0
A P 1 129 0
J N 5 796 21 2 4321 144 1 40
K 0 0 43
A D 6 96 0
A P 1 134 0
J N 5 826 14 2 5185 144 1 40
K 0 0 43
A D 6 96 0
A P 1 140 0
J N 5 855 7 2 6049 144 1 40
K 0 0 43
A D 6 96 0
A P 1 146 0
H 40 B -43 -4 108 4 22 11 11 33
J B 107 888 1 82 6913 144 0
J N 5 909 0 2 1 0 1 41
K 0 0 43
A D 6 96 0
A P 1 151 0
J N 5 938 7 2 865 144 1 41
K 0 0 43
A D 6 96 0
A P 1 146 0
J N 5 967 14 2 1729 144 1 41
K 0 0 43
A D 6 96 0
A P 1 140 0
J N 5 996 21 2 2593 144 1 41
K 0 0 43
A D 6 96 0
A P 1 134 0
H 41 B -60 4 108 4 22 11 11 33
J N 5 1025 28 2 3457 144 1 42
K 0 0 43
A D 6 96 0
A P 1 129 0
J N 5 1054 35 2 4321 144 1 42
K 0 0 43
A D 6 96 0
A P 1 123 0
J N 5 1083 42 2 5185 144 1 42
K 0 0 43
A D 6 96 0
A P 1 117 0
J N 5 1112 49 2 6049 144 1 42
K 0 0 43
A D 6 96 0
A P 1 111 0
H 42 B 44 4 108 4 22 11 11 33
J B 108 1145 1 82 6913 144 0
J N 5 1166 42 2 1 0 1 43
K 0 0 43
A D 6 96 0
A P 1 117 0
J N 5 1195 21 2 865 144 1 43
K 0 0 43
A D 6 96 0
A P 1 134 0
J N 5 1224 7 2 1729 144 1 43
K 0 0 43
A D 6 96 0
A P 1 146 0
J N 5 1253 -7 2 2593 144 1 43
K 0 0 43
A D 6 96 0
A P 1 157 0
H 43 B -46 -6 108 4 22 11 11 33
J N 5 1282 42 2 3457 144 1 44
K 0 0 43
A D 6 96 0
A P 1 117 0
J N 5 1311 -7 2 4321 144 1 44
K 0 0 43
A D 6 96 0
A P 1 157 0
J N 5 1340 42 2 5185 144 1 44
K 0 0 43
A D 6 96 0
A P 1 117 0
J N 5 1369 42 2 6049 144 1 44
K 0 0 43
A D 6 96 0
A P 1 117 0
H 44 B -45 0 108 4 22 11 11 33
J B 109 1402 1 82 6913 144 0
J N 6 1423 21 3 1 0 0
K 0 0 43
K 0 0 54
A D 12 96 0
A P 1 134 0
J R 6 1471 28 2 1729 288 0
K 0 0 49
A D 12 96 1
A P 1 0 1
J R 7 1529 28 2 3457 288 0
K 0 0 48
A D 24 96 0
A P 1 0 0
J B 110 1649 1 82 6913 576 0
J R 9 1712 28 2 1 0 0
K 0 0 46
A D 48 96 0
A P 1 0 0
J B 111 1803 1 82 6913 1152 0
J R 9 1912 28 2 1 0 0
K 0 0 46
A D 48 96 0
A P 1 0 0
J B 112 2050 1 82 6913 1152 0
E *
B 1 412 0
B 1 625 0
B 1 888 0
B 1 1145 0
B 1 1402 0
B 1 1649 0
B 1 1803 0
B 1 2050 0
