S 0 200 140 2050 1453 11 "[(....)][(..)](.)[({..}..)]"
L 0 0 0 313 313 * 0 14 0
J D 0 -108 42 1 6913 0 0
W 0 0 31 Fl 1-2
J C 4 5 42 2 6913 0 0
K 0 0 33
K 0 0 34
J K -1 57 0 1 6913 0 0
K 0 28 65
J D 0 -27 -14 1 6913 0 0
W 0 0 37 \06\01\04
J R 9 122 28 2 1 0 0
K 0 0 46
A D 6 8 0
A P 3 0 0
J B 615 181 1 82 6913 1728 0
J R 9 210 28 2 1 0 0
K 0 0 46
A D 6 8 0
A P 3 0 0
J B 616 268 1 82 6913 1728 0
J R 9 298 28 2 1 0 0
K 0 0 46
A D 6 8 0
A P 3 0 0
J B 617 357 1 82 6913 1728 0
J R 9 399 28 2 1 0 0
K 0 0 46
A D 6 8 0
A P 3 0 0
J B 618 470 1 82 6913 1728 0
J N 7 491 -7 11 1 0 0
K 0 -7 45
K 0 -21 45
K 0 -21 43
K -1 -21 45
K 2 -21 45
K 0 0 43
K 0 89 108
K 0 -21 60
K 0 0 60
K 0 21 60
A D 2 8 0
A P 1 243 0
A P 2 226 0
J N 7 517 -7 10 2305 576 0
K 0 -7 45
K 0 -21 45
K 0 -21 43
K -1 -21 45
K 2 -21 45
K 0 0 43
K 0 -21 60
K 0 0 60
K 0 21 60
A D 2 8 0
A P 1 243 0
A P 2 226 0
J N 7 543 -7 10 4609 576 0
K 0 -7 45
K 0 -21 45
K 0 -21 43
K -1 -21 45
K 2 -21 45
K 0 0 43
K 0 -21 60
K 0 0 60
K 0 21 60
A D 2 8 0
A P 1 243 0
A P 2 226 0
J B 619 574 1 82 6913 576 0
J R 9 617 28 2 1 0 0
K 0 0 46
A D 6 8 0
A P 3 0 0
J B 620 689 1 82 6913 1728 0
J N 7 710 -7 10 1 0 0
K 0 -7 45
K 0 -21 45
K 0 -21 43
K -1 -21 45
K 2 -21 45
K 0 0 43
K 0 -21 60
K 0 0 60
K 0 21 60
A D 2 8 0
A P 1 243 0
A P 2 226 0
J N 7 736 -7 10 2305 576 0
K 0 -7 45
K 0 -21 45
K 0 -21 43
K -1 -21 45
K 2 -21 45
K 0 0 43
K 0 -21 60
K 0 0 60
K 0 21 60
A D 2 8 0
A P 1 243 0
A P 2 226 0
J N 7 762 -7 10 4609 576 0
K 0 -7 45
K 0 -21 45
K 0 -21 43
K -1 -21 45
K 2 -21 45
K 0 0 43
K 0 -21 60
K 0 0 60
K 0 21 60
A D 2 8 0
A P 1 243 0
A P 2 226 0
J B 621 793 1 82 6913 576 0
J R 9 834 28 2 1 0 0
K 0 0 46
A D 6 8 0
A P 3 0 0
J B 622 904 1 82 6913 1728 0
J N 7 925 -7 10 1 0 0
K 0 -7 45
K 0 -21 45
K 0 -21 43
K -1 -21 45
K 2 -21 45
K 0 0 43
K 0 -21 60
K 0 0 60
K 0 21 60
A D 2 8 0
A P 1 243 0
A P 2 226 0
J N 7 951 -7 10 2305 576 0
K 0 -7 45
K 0 -21 45
K 0 -21 43
K -1 -21 45
K 2 -21 45
K 0 0 43
K 0 -21 60
K 0 0 60
K 0 21 60
A D 2 8 0
A P 1 243 0
A P 2 226 0
J N 7 977 -7 10 4609 576 0
K 0 -7 45
K 0 -21 45
K 0 -21 43
K -1 -21 45
K 2 -21 45
K 0 0 43
K 0 -21 60
K 0 0 60
K 0 21 60
A D 2 8 0
A P 1 243 0
A P 2 226 0
J B 623 1008 1 82 6913 576 0
J R 9 1050 28 2 1 0 0
K 0 0 46
A D 6 8 0
A P 3 0 0
J B 624 1121 1 82 6913 1728 0
J N 7 1142 -7 10 1 0 0
K 0 -7 45
K 0 -21 45
K 0 -21 43
K -1 -21 45
K 2 -21 45
K 0 0 43
K 0 -21 60
K 0 0 60
K 0 21 60
A D 2 8 0
A P 1 243 0
A P 2 226 0
J N 7 1169 -7 10 2305 576 0
K 0 -7 45
K 0 -21 45
K 0 -21 43
K -1 -21 45
K 2 -21 45
K 0 0 43
K 0 -21 60
K 0 0 60
K 0 21 60
A D 2 8 0
A P 1 243 0
A P 2 226 0
J N 7 1196 -7 10 4609 576 0
K 0 -7 45
K 0 -21 45
K 0 -21 43
K -1 -21 45
K 2 -21 45
K 0 0 43
K 0 -21 60
K 0 0 60
K 0 21 60
A D 2 8 0
A P 1 243 0
A P 2 226 0
J B 625 1227 1 82 6913 576 0
J N 8 1251 -42 13 1 0 1 296
K 1 28 45
K 1 14 45
K 1 0 45
K 0 0 42
K -1 0 45
K 2 0 45
K 24 -6 44
K 0 -49 236
K 0 130 110
K 17 130 110
K 0 0 59
K 0 -7 59
A D 6 8 0
A P 1 255 0
J R 7 1251 42 2 1 0 0
K 0 0 48
A D 2 8 0
A P 2 0 0
J N 7 1278 -7 4 2305 576 0
K 0 0 43
K 0 0 60
K 0 21 60
A D 2 8 0
A P 2 226 0
J N 7 1305 -7 4 4609 576 0
K 0 0 43
K 0 0 60
K 0 21 60
A D 2 8 0
A P 2 226 0
J G 5 1332 -35 5 6913 576 1 297
K 1 21 173
K 1 7 173
K 0 0 171
K 0 7 173
A D 0 8 0
A P 1 249 0
J G 5 1353 -42 6 6913 0 2 297 296
K 1 28 173
K 1 14 173
K 1 0 173
K 0 0 171
K -1 0 173
A D 0 8 0
A P 1 255 0
H 297 B 34 -4 106 2 22 33
H 296 S 0 6 -28 6 -21 0 0 0 0
J B 626 1380 1 82 6913 0 0
J N 7 1405 -14 14 1 0 0
K 0 0 45
K 0 -14 45
K 0 -28 45
K 0 -35 43
K 0 -28 45
K 1 -28 45
K 0 0 43
K -1 0 45
K 2 0 45
K 0 -35 60
K 0 -28 60
K 0 0 60
K 0 21 60
A D 2 8 0
A P 1 260 0
A P 2 232 0
J N 7 1452 -14 12 2305 576 0
K 0 0 45
K 0 -14 45
K 0 -14 43
K -1 -14 45
K 2 -14 45
K 0 0 43
K -1 0 45
K 2 0 45
K 0 -14 60
K 0 0 60
K 0 21 60
A D 2 8 0
A P 1 243 0
A P 2 232 0
J N 7 1479 0 9 4609 576 0
K 0 -14 45
K 0 -14 43
K -1 -14 45
K 2 -14 45
K 0 0 43
K 0 -14 60
K 0 0 60
K 0 21 60
A D 2 8 0
A P 1 232 0
A P 2 220 0
J B 627 1510 1 82 6913 576 0
J N 8 1531 -21 9 1 0 1 298
K 1 7 45
K 0 0 42
K 0 7 45
K 1 7 45
K 25 0 44
K 0 -49 236
K 0 0 59
K 0 -7 59
A D 6 8 0
A P 1 237 0
J R 7 1531 42 2 1 0 0
K 0 0 48
A D 2 8 0
A P 2 0 0
J N 7 1558 7 4 2305 576 0
K 0 0 43
K 0 0 60
K 0 21 60
A D 2 8 0
A P 2 215 0
J N 7 1585 7 4 4609 576 0
K 0 0 43
K 0 0 60
K 0 21 60
A D 2 8 0
A P 2 215 0
J G 5 1612 -14 4 6913 576 1 299
K 1 0 173
K 0 0 171
K -1 0 173
A D 0 8 0
A P 1 232 0
J G 5 1633 -21 4 6913 0 2 299 298
K 1 7 173
K 0 0 171
K 0 7 173
A D 0 8 0
A P 1 237 0
H 299 B 39 -4 106 2 22 33
H 298 S 0 6 -28 6 -26 0 0 0 0
J B 628 1660 1 82 6913 0 0
J N 7 1685 0 9 1 0 0
K 0 -14 45
K 0 -14 43
K -1 -14 45
K 2 -14 45
K 0 0 43
K 0 -14 60
K 0 0 60
K 0 21 60
A D 2 8 0
A P 1 232 0
A P 2 220 0
J N 7 1712 -14 12 2305 576 0
K 0 0 45
K 0 -14 45
K 0 -14 43
K -1 -14 45
K 2 -14 45
K 0 0 43
K -1 0 45
K 2 0 45
K 0 -14 60
K 0 0 60
K 0 21 60
A D 2 8 0
A P 1 243 0
A P 2 232 0
J N 7 1739 -14 14 4609 576 0
K 0 0 45
K 0 -14 45
K 0 -28 45
K 0 -35 43
K 0 -28 45
K 1 -28 45
K 0 0 43
K -1 0 45
K 2 0 45
K 0 -35 60
K 0 -28 60
K 0 0 60
K 0 21 60
A D 2 8 0
A P 1 260 0
A P 2 232 0
J B 629 1770 1 82 6913 576 0
J N 8 1791 -42 11 1 0 1 300
K 1 28 45
K 1 14 45
K 1 0 45
K 0 0 42
K -1 0 45
K 2 0 45
K 24 -6 44
K 0 -49 236
K 0 0 59
K 0 -7 59
A D 6 8 0
A P 1 255 0
J R 7 1791 42 2 1 0 0
K 0 0 48
A D 2 8 0
A P 2 0 0
J N 7 1818 -7 4 2305 576 0
K 0 0 43
K 0 0 60
K 0 21 60
A D 2 8 0
A P 2 226 0
J N 7 1845 -7 4 4609 576 0
K 0 0 43
K 0 0 60
K 0 21 60
A D 2 8 0
A P 2 226 0
J G 5 1872 -35 5 6913 576 1 301
K 1 21 173
K 1 7 173
K 0 0 171
K 0 7 173
A D 0 8 0
A P 1 249 0
J G 5 1893 -42 6 6913 0 2 301 300
K 1 28 173
K 1 14 173
K 1 0 173
K 0 0 171
K -1 0 173
A D 0 8 0
A P 1 255 0
H 301 B 34 -4 106 2 22 33
H 300 S 0 6 -28 6 -21 0 0 0 0
J B 630 1920 1 82 6913 0 0
J N 7 1945 -14 14 1 0 0
K 0 0 45
K 0 -14 45
K 0 -28 45
K 0 -35 43
K 0 -28 45
K 1 -28 45
K 0 0 43
K -1 0 45
K 2 0 45
K 0 -35 60
K 0 -28 60
K 0 0 60
K 0 21 60
A D 2 8 0
A P 1 260 0
A P 2 232 0
J N 7 1992 -14 12 2305 576 0
K 0 0 45
K 0 -14 45
K 0 -14 43
K -1 -14 45
K 2 -14 45
K 0 0 43
K -1 0 45
K 2 0 45
K 0 -14 60
K 0 0 60
K 0 21 60
A D 2 8 0
A P 1 243 0
A P 2 232 0
J N 7 2019 0 9 4609 576 0
K 0 -14 45
K 0 -14 43
K -1 -14 45
K 2 -14 45
K 0 0 43
K 0 -14 60
K 0 0 60
K 0 21 60
A D 2 8 0
A P 1 232 0
A P 2 220 0
J B 631 2050 1 82 6913 576 0
E *
L 132 0 0 313 313 * 0 14 0
J D 0 -119 42 1 6913 0 0
W 0 0 31 Ob 1-2
J C 4 5 42 2 6913 0 0
K 0 0 33
K 0 0 34
J K -1 57 0 1 6913 0 0
K 0 28 65
J D 0 -27 -14 1 6913 0 0
W 0 0 0 \06\01\04
J R 9 122 28 2 1 0 0
K 0 0 46
A D 6 8 0
A P 3 0 0
J B 615 181 1 82 6913 1728 0
J R 9 210 28 2 1 0 0
K 0 0 46
A D 6 8 0
A P 3 0 0
J B 616 268 1 82 6913 1728 0
J R 9 298 28 2 1 0 0
K 0 0 46
A D 6 8 0
A P 3 0 0
J B 617 357 1 82 6913 1728 0
J R 9 399 28 2 1 0 0
K 0 0 46
A D 6 8 0
A P 3 0 0
J B 618 470 1 82 6913 1728 0
J N 7 491 21 7 1 0 0
K 0 -14 43
K 0 0 43
K 0 68 108
K 0 -14 60
K 0 0 60
K 0 21 60
A D 2 8 0
A P 1 215 0
A P 2 203 0
J N 7 517 21 6 2305 576 0
K 0 -14 43
K 0 0 43
K 0 -14 60
K 0 0 60
K 0 21 60
A D 2 8 0
A P 1 215 0
A P 2 203 0
J N 7 543 21 6 4609 576 0
K 0 -14 43
K 0 0 43
K 0 -14 60
K 0 0 60
K 0 21 60
A D 2 8 0
A P 1 215 0
A P 2 203 0
J B 619 574 1 82 6913 576 0
J R 9 617 28 2 1 0 0
K 0 0 46
A D 6 8 0
A P 3 0 0
J B 620 689 1 82 6913 1728 0
J N 7 710 21 6 1 0 0
K 0 -14 43
K 0 0 43
K 0 -14 60
K 0 0 60
K 0 21 60
A D 2 8 0
A P 1 215 0
A P 2 203 0
J N 7 736 21 6 2305 576 0
K 0 -14 43
K 0 0 43
K 0 -14 60
K 0 0 60
K 0 21 60
A D 2 8 0
A P 1 215 0
A P 2 203 0
J N 7 762 21 6 4609 576 0
K 0 -14 43
K 0 0 43
K 0 -14 60
K 0 0 60
K 0 21 60
A D 2 8 0
A P 1 215 0
A P 2 203 0
J B 621 793 1 82 6913 576 0
J R 9 834 28 2 1 0 0
K 0 0 46
A D 6 8 0
A P 3 0 0
J B 622 904 1 82 6913 1728 0
J N 7 925 21 6 1 0 0
K 0 -14 43
K 0 0 43
K 0 -14 60
K 0 0 60
K 0 21 60
A D 2 8 0
A P 1 215 0
A P 2 203 0
J N 7 951 21 6 2305 576 0
K 0 -14 43
K 0 0 43
K 0 -14 60
K 0 0 60
K 0 21 60
A D 2 8 0
A P 1 215 0
A P 2 203 0
J N 7 977 21 6 4609 576 0
K 0 -14 43
K 0 0 43
K 0 -14 60
K 0 0 60
K 0 21 60
A D 2 8 0
A P 1 215 0
A P 2 203 0
J B 623 1008 1 82 6913 576 0
J R 9 1050 28 2 1 0 0
K 0 0 46
A D 6 8 0
A P 3 0 0
J B 624 1121 1 82 6913 1728 0
J N 7 1142 21 6 1 0 0
K 0 -14 43
K 0 0 43
K 0 -14 60
K 0 0 60
K 0 21 60
A D 2 8 0
A P 1 215 0
A P 2 203 0
J N 7 1169 21 6 2305 576 0
K 0 -14 43
K 0 0 43
K 0 -14 60
K 0 0 60
K 0 21 60
A D 2 8 0
A P 1 215 0
A P 2 203 0
J N 7 1196 21 6 4609 576 0
K 0 -14 43
K 0 0 43
K 0 -14 60
K 0 0 60
K 0 21 60
A D 2 8 0
A P 1 215 0
A P 2 203 0
J B 625 1227 1 82 6913 576 0
J N 8 1251 7 8 1 0 1 323
K 0 0 42
K 25 0 44
K -7 -46 236
K -7 88 110
K 10 88 110
K 0 0 59
K 0 -14 59
A D 6 8 0
A P 1 215 0
J R 7 1251 49 2 1 0 0
K 0 0 48
A D 2 8 0
A P 2 0 0
J N 7 1278 42 4 2305 576 0
K 0 0 43
K 0 0 60
K 0 14 60
A D 2 8 0
A P 2 186 0
J N 7 1305 42 4 4609 576 0
K 0 0 43
K 0 0 60
K 0 14 60
A D 2 8 0
A P 2 186 0
J G 5 1332 14 2 6913 576 1 324
K 0 0 171
A D 0 8 0
A P 1 209 0
J G 5 1353 7 2 6913 0 2 324 323
K 0 0 171
A D 0 8 0
A P 1 215 0
H 324 B 39 -4 106 2 22 33
H 323 S 0 6 -35 6 -26 0 0 0 0
J B 626 1380 1 82 6913 0 0
J N 7 1405 35 7 1 0 0
K 0 -35 43
K 0 0 43
K 0 -35 60
K 0 -28 60
K 0 0 60
K 0 14 60
A D 2 8 0
A P 1 220 0
A P 2 192 0
J N 7 1452 35 6 2305 576 0
K 0 -14 43
K 0 0 43
K 0 -14 60
K 0 0 60
K 0 14 60
A D 2 8 0
A P 1 203 0
A P 2 192 0
J N 7 1479 35 6 4609 576 0
K 0 0 43
K 0 14 43
K 0 14 59
K 0 0 59
K 0 -21 59
A D 2 8 0
A P 1 192 0
A P 2 180 0
J B 627 1510 1 82 6913 576 0
J N 8 1531 28 6 1 0 1 325
K 0 0 42
K 24 -6 44
K 0 -56 236
K 0 0 59
K 0 -14 59
A D 6 8 0
A P 1 197 0
J R 7 1531 70 2 1 0 0
K 0 0 48
A D 2 8 0
A P 2 0 0
J N 7 1558 56 4 2305 576 0
K 0 0 43
K 0 0 60
K 0 14 60
A D 2 8 0
A P 2 175 0
J N 7 1585 56 4 4609 576 0
K 0 0 43
K 0 0 60
K 0 14 60
A D 2 8 0
A P 2 175 0
J G 5 1612 35 2 6913 576 1 326
K 0 0 171
A D 0 8 0
A P 1 192 0
J G 5 1633 28 2 6913 0 2 326 325
K 0 0 171
A D 0 8 0
A P 1 197 0
H 326 B 47 -4 106 2 22 33
H 325 S 0 6 -35 6 -24 0 0 0 0
J B 628 1660 1 82 6913 0 0
J N 7 1685 35 6 1 0 0
K 0 0 43
K 0 14 43
K 0 14 59
K 0 0 59
K 0 -21 59
A D 2 8 0
A P 1 192 0
A P 2 180 0
J N 7 1712 35 6 2305 576 0
K 0 -14 43
K 0 0 43
K 0 -14 60
K 0 0 60
K 0 14 60
A D 2 8 0
A P 1 203 0
A P 2 192 0
J N 7 1739 35 7 4609 576 0
K 0 -35 43
K 0 0 43
K 0 -35 60
K 0 -28 60
K 0 0 60
K 0 14 60
A D 2 8 0
A P 1 220 0
A P 2 192 0
J B 629 1770 1 82 6913 576 0
J N 8 1791 7 6 1 0 1 327
K 0 0 42
K 25 0 44
K -7 -46 236
K 0 0 59
K 0 -14 59
A D 6 8 0
A P 1 215 0
J R 7 1791 49 2 1 0 0
K 0 0 48
A D 2 8 0
A P 2 0 0
J N 7 1818 42 4 2305 576 0
K 0 0 43
K 0 0 60
K 0 14 60
A D 2 8 0
A P 2 186 0
J N 7 1845 42 4 4609 576 0
K 0 0 43
K 0 0 60
K 0 14 60
A D 2 8 0
A P 2 186 0
J G 5 1872 14 2 6913 576 1 328
K 0 0 171
A D 0 8 0
A P 1 209 0
J G 5 1893 7 2 6913 0 2 328 327
K 0 0 171
A D 0 8 0
A P 1 215 0
H 328 B 39 -4 106 2 22 33
H 327 S 0 6 -35 6 -26 0 0 0 0
J B 630 1920 1 82 6913 0 0
J N 7 1945 35 7 1 0 0
K 0 -35 43
K 0 0 43
K 0 -35 60
K 0 -28 60
K 0 0 60
K 0 14 60
A D 2 8 0
A P 1 220 0
A P 2 192 0
J N 7 1992 35 6 2305 576 0
K 0 -14 43
K 0 0 43
K 0 -14 60
K 0 0 60
K 0 14 60
A D 2 8 0
A P 1 203 0
A P 2 192 0
J N 7 2019 35 6 4609 576 0
K 0 0 43
K 0 14 43
K 0 14 59
K 0 0 59
K 0 -21 59
A D 2 8 0
A P 1 192 0
A P 2 180 0
J B 631 2050 1 82 6913 576 0
E *
L 264 0 0 313 313 * 0 14 0
J D 0 -110 42 1 6913 0 0
W 0 -21 31 Cl 1-2
J D 0 -110 42 1 6913 0 0
W 0 21 31 (A)
J C 4 5 42 2 6913 0 0
K 0 0 33
K 0 0 34
J K -1 57 0 1 6913 0 0
K 0 28 65
J D 0 -27 -14 1 6913 0 0
W 0 0 0 \06\01\04
J R 9 122 28 2 1 0 0
K 0 0 46
A D 6 8 0
A P 3 0 0
J B 615 181 1 82 6913 1728 0
J R 9 210 28 2 1 0 0
K 0 0 46
A D 6 8 0
A P 3 0 0
J B 616 268 1 82 6913 1728 0
J R 9 298 28 2 1 0 0
K 0 0 46
A D 6 8 0
A P 3 0 0
J B 617 357 1 82 6913 1728 0
J R 9 399 28 2 1 0 0
K 0 0 46
A D 6 8 0
A P 3 0 0
J B 618 470 1 82 6913 1728 0
J N 7 491 28 7 1 0 0
K 0 0 43
K 0 14 43
K 0 56 108
K 0 14 59
K 0 0 59
K 0 -14 59
A D 2 8 0
A P 1 197 0
A P 2 186 0
J N 7 517 28 6 2305 576 0
K 0 0 43
K 0 14 43
K 0 14 59
K 0 0 59
K 0 -14 59
A D 2 8 0
A P 1 197 0
A P 2 186 0
J N 7 543 28 6 4609 576 0
K 0 0 43
K 0 14 43
K 0 14 59
K 0 0 59
K 0 -14 59
A D 2 8 0
A P 1 197 0
A P 2 186 0
J B 619 574 1 82 6913 576 0
J R 9 617 28 2 1 0 0
K 0 0 46
A D 6 8 0
A P 3 0 0
J B 620 689 1 82 6913 1728 0
J N 7 710 28 6 1 0 0
K 0 0 43
K 0 14 43
K 0 14 59
K 0 0 59
K 0 -14 59
A D 2 8 0
A P 1 197 0
A P 2 186 0
J N 7 736 28 6 2305 576 0
K 0 0 43
K 0 14 43
K 0 14 59
K 0 0 59
K 0 -14 59
A D 2 8 0
A P 1 197 0
A P 2 186 0
J N 7 762 28 6 4609 576 0
K 0 0 43
K 0 14 43
K 0 14 59
K 0 0 59
K 0 -14 59
A D 2 8 0
A P 1 197 0
A P 2 186 0
J B 621 793 1 82 6913 576 0
J R 9 834 28 2 1 0 0
K 0 0 46
A D 6 8 0
A P 3 0 0
J B 622 904 1 82 6913 1728 0
J N 7 925 28 6 1 0 0
K 0 0 43
K 0 14 43
K 0 14 59
K 0 0 59
K 0 -14 59
A D 2 8 0
A P 1 197 0
A P 2 186 0
J N 7 951 28 6 2305 576 0
K 0 0 43
K 0 14 43
K 0 14 59
K 0 0 59
K 0 -14 59
A D 2 8 0
A P 1 197 0
A P 2 186 0
J N 7 977 28 6 4609 576 0
K 0 0 43
K 0 14 43
K 0 14 59
K 0 0 59
K 0 -14 59
A D 2 8 0
A P 1 197 0
A P 2 186 0
J B 623 1008 1 82 6913 576 0
J R 9 1050 28 2 1 0 0
K 0 0 46
A D 6 8 0
A P 3 0 0
J B 624 1121 1 82 6913 1728 0
J N 7 1142 28 6 1 0 0
K 0 0 43
K 0 14 43
K 0 14 59
K 0 0 59
K 0 -14 59
A D 2 8 0
A P 1 197 0
A P 2 186 0
J N 7 1169 28 6 2305 576 0
K 0 0 43
K 0 14 43
K 0 14 59
K 0 0 59
K 0 -14 59
A D 2 8 0
A P 1 197 0
A P 2 186 0
J N 7 1196 28 6 4609 576 0
K 0 0 43
K 0 14 43
K 0 14 59
K 0 0 59
K 0 -14 59
A D 2 8 0
A P 1 197 0
A P 2 186 0
J B 625 1227 1 82 6913 576 0
J R 9 1289 28 2 1 0 0
K 0 0 46
A D 6 8 0
A P 3 0 0
J B 626 1380 1 82 6913 1728 0
J N 7 1405 21 13 1 0 0
K 0 -35 45
K -15 -35 65
K 0 -35 43
K -1 -35 45
K 2 -35 45
K 0 0 43
K 0 74 110
K 17 74 110
K 0 -35 60
K 0 -28 60
K 0 0 60
K 0 21 60
A D 2 8 0
A P 1 231 0
A P 2 203 0
J N 7 1452 21 10 2305 576 0
K 0 -35 45
K 0 -35 43
K -1 -35 45
K 2 -35 45
K 0 0 43
K 0 -35 60
K 0 -28 60
K 0 0 60
K 0 21 60
A D 2 8 0
A P 1 231 0
A P 2 203 0
J N 7 1479 21 10 4609 576 0
K 0 -35 45
K 0 -35 43
K -1 -35 45
K 2 -35 45
K 0 0 43
K 0 -35 60
K 0 -28 60
K 0 0 60
K 0 21 60
A D 2 8 0
A P 1 231 0
A P 2 203 0
J B 627 1510 1 82 6913 576 0
J R 9 1571 28 2 1 0 0
K 0 0 46
A D 6 8 0
A P 3 0 0
J B 628 1660 1 82 6913 1728 0
J N 7 1685 21 11 1 0 0
K 0 -35 45
K -15 -35 65
K 0 -35 43
K -1 -35 45
K 2 -35 45
K 0 0 43
K 0 -35 60
K 0 -28 60
K 0 0 60
K 0 21 60
A D 2 8 0
A P 1 231 0
A P 2 203 0
J N 7 1712 21 10 2305 576 0
K 0 -35 45
K 0 -35 43
K -1 -35 45
K 2 -35 45
K 0 0 43
K 0 -35 60
K 0 -28 60
K 0 0 60
K 0 21 60
A D 2 8 0
A P 1 231 0
A P 2 203 0
J N 7 1739 21 10 4609 576 0
K 0 -35 45
K 0 -35 43
K -1 -35 45
K 2 -35 45
K 0 0 43
K 0 -35 60
K 0 -28 60
K 0 0 60
K 0 21 60
A D 2 8 0
A P 1 231 0
A P 2 203 0
J B 629 1770 1 82 6913 576 0
J R 9 1831 28 2 1 0 0
K 0 0 46
A D 6 8 0
A P 3 0 0
J B 630 1920 1 82 6913 1728 0
J N 7 1945 21 11 1 0 0
K 0 -35 45
K -15 -35 65
K 0 -35 43
K -1 -35 45
K 2 -35 45
K 0 0 43
K 0 -35 60
K 0 -28 60
K 0 0 60
K 0 21 60
A D 2 8 0
A P 1 231 0
A P 2 203 0
J N 7 1992 21 10 2305 576 0
K 0 -35 45
K 0 -35 43
K -1 -35 45
K 2 -35 45
K 0 0 43
K 0 -35 60
K 0 -28 60
K 0 0 60
K 0 21 60
A D 2 8 0
A P 1 231 0
A P 2 203 0
J N 7 2019 21 10 4609 576 0
K 0 -35 45
K 0 -35 43
K -1 -35 45
K 2 -35 45
K 0 0 43
K 0 -35 60
K 0 -28 60
K 0 0 60
K 0 21 60
A D 2 8 0
A P 1 231 0
A P 2 203 0
J B 631 2050 1 82 6913 576 0
E *
L 396 0 0 313 313 * 0 14 0
J D 0 -130 42 1 6913 0 0
W 0 0 31 Fag 1-2
J C 22 5 14 36 6913 0 0
J K -1 57 0 1 6913 0 0
K 0 42 65
J D 0 -27 -14 1 6913 0 0
W 0 0 0 \06\01\04
J R 9 122 28 2 1 0 0
K 0 0 46
A D 6 8 0
A P 3 0 0
J B 615 181 1 82 6913 1728 0
J R 9 210 28 2 1 0 0
K 0 0 46
A D 6 8 0
A P 3 0 0
J B 616 268 1 82 6913 1728 0
J R 9 298 28 2 1 0 0
K 0 0 46
A D 6 8 0
A P 3 0 0
J B 617 357 1 82 6913 1728 0
J R 9 399 28 2 1 0 0
K 0 0 46
A D 6 8 0
A P 3 0 0
J B 618 470 1 82 6913 1728 0
J N 7 491 -14 13 1 0 0
K 0 0 45
K 0 -14 45
K 0 -14 43
K -1 -14 45
K 2 -14 45
K 0 0 43
K -1 0 45
K 2 0 45
K 0 96 108
K 0 -14 60
K 0 0 60
K 0 21 60
A D 2 8 0
A P 1 175 0
A P 2 163 0
J N 7 517 -14 12 2305 576 0
K 0 0 45
K 0 -14 45
K 0 -14 43
K -1 -14 45
K 2 -14 45
K 0 0 43
K -1 0 45
K 2 0 45
K 0 -14 60
K 0 0 60
K 0 21 60
A D 2 8 0
A P 1 175 0
A P 2 163 0
J N 7 543 -14 12 4609 576 0
K 0 0 45
K 0 -14 45
K 0 -14 43
K -1 -14 45
K 2 -14 45
K 0 0 43
K -1 0 45
K 2 0 45
K 0 -14 60
K 0 0 60
K 0 21 60
A D 2 8 0
A P 1 175 0
A P 2 163 0
J B 619 574 1 82 6913 576 0
J R 9 617 28 2 1 0 0
K 0 0 46
A D 6 8 0
A P 3 0 0
J B 620 689 1 82 6913 1728 0
J N 7 710 -14 12 1 0 0
K 0 0 45
K 0 -14 45
K 0 -14 43
K -1 -14 45
K 2 -14 45
K 0 0 43
K -1 0 45
K 2 0 45
K 0 -14 60
K 0 0 60
K 0 21 60
A D 2 8 0
A P 1 175 0
A P 2 163 0
J N 7 736 -14 12 2305 576 0
K 0 0 45
K 0 -14 45
K 0 -14 43
K -1 -14 45
K 2 -14 45
K 0 0 43
K -1 0 45
K 2 0 45
K 0 -14 60
K 0 0 60
K 0 21 60
A D 2 8 0
A P 1 175 0
A P 2 163 0
J N 7 762 -14 12 4609 576 0
K 0 0 45
K 0 -14 45
K 0 -14 43
K -1 -14 45
K 2 -14 45
K 0 0 43
K -1 0 45
K 2 0 45
K 0 -14 60
K 0 0 60
K 0 21 60
A D 2 8 0
A P 1 175 0
A P 2 163 0
J B 621 793 1 82 6913 576 0
J R 9 834 28 2 1 0 0
K 0 0 46
A D 6 8 0
A P 3 0 0
J B 622 904 1 82 6913 1728 0
J N 7 925 -14 12 1 0 0
K 0 0 45
K 0 -14 45
K 0 -14 43
K -1 -14 45
K 2 -14 45
K 0 0 43
K -1 0 45
K 2 0 45
K 0 -14 60
K 0 0 60
K 0 21 60
A D 2 8 0
A P 1 175 0
A P 2 163 0
J N 7 951 -14 12 2305 576 0
K 0 0 45
K 0 -14 45
K 0 -14 43
K -1 -14 45
K 2 -14 45
K 0 0 43
K -1 0 45
K 2 0 45
K 0 -14 60
K 0 0 60
K 0 21 60
A D 2 8 0
A P 1 175 0
A P 2 163 0
J N 7 977 -14 12 4609 576 0
K 0 0 45
K 0 -14 45
K 0 -14 43
K -1 -14 45
K 2 -14 45
K 0 0 43
K -1 0 45
K 2 0 45
K 0 -14 60
K 0 0 60
K 0 21 60
A D 2 8 0
A P 1 175 0
A P 2 163 0
J B 623 1008 1 82 6913 576 0
J R 9 1050 28 2 1 0 0
K 0 0 46
A D 6 8 0
A P 3 0 0
J B 624 1121 1 82 6913 1728 0
J N 7 1142 -14 12 1 0 0
K 0 0 45
K 0 -14 45
K 0 -14 43
K -1 -14 45
K 2 -14 45
K 0 0 43
K -1 0 45
K 2 0 45
K 0 -14 60
K 0 0 60
K 0 21 60
A D 2 8 0
A P 1 175 0
A P 2 163 0
J N 7 1169 -14 12 2305 576 0
K 0 0 45
K 0 -14 45
K 0 -14 43
K -1 -14 45
K 2 -14 45
K 0 0 43
K -1 0 45
K 2 0 45
K 0 -14 60
K 0 0 60
K 0 21 60
A D 2 8 0
A P 1 175 0
A P 2 163 0
J N 7 1196 -14 12 4609 576 0
K 0 0 45
K 0 -14 45
K 0 -14 43
K -1 -14 45
K 2 -14 45
K 0 0 43
K -1 0 45
K 2 0 45
K 0 -14 60
K 0 0 60
K 0 21 60
A D 2 8 0
A P 1 175 0
A P 2 163 0
J B 625 1227 1 82 6913 576 0
J N 8 1251 -28 12 1 0 1 443
K 1 14 45
K 1 0 45
K 0 0 42
K -1 0 45
K 2 0 45
K 24 -6 44
K -8 -39 236
K 0 117 110
K 17 117 110
K 0 0 59
K 0 -7 59
A D 6 8 0
A P 1 175 0
J R 7 1251 42 2 1 0 0
K 0 0 48
A D 2 8 0
A P 2 0 0
J N 7 1278 -7 4 2305 576 0
K 0 0 43
K 0 0 60
K 0 21 60
A D 2 8 0
A P 2 157 0
J N 7 1305 -7 4 4609 576 0
K 0 0 43
K 0 0 60
K 0 21 60
A D 2 8 0
A P 2 157 0
J G 5 1332 -21 4 6913 576 1 444
K 1 7 173
K 0 0 171
K 0 7 173
A D 0 8 0
A P 1 169 0
J G 5 1353 -28 5 6913 0 2 444 443
K 1 14 173
K 1 0 173
K 0 0 171
K -1 0 173
A D 0 8 0
A P 1 175 0
H 444 B 34 -4 106 2 22 33
H 443 S 0 6 -28 6 -21 0 0 0 0
J B 626 1380 1 82 6913 0 0
J N 7 1405 0 11 1 0 0
K 0 -14 45
K 0 -28 45
K 0 -35 43
K 0 -28 45
K 1 -28 45
K 0 0 43
K 0 -35 60
K 0 -28 60
K 0 0 60
K 0 21 60
A D 2 8 0
A P 1 180 0
A P 2 152 0
J N 7 1452 0 9 2305 576 0
K 0 -14 45
K 0 -14 43
K -1 -14 45
K 2 -14 45
K 0 0 43
K 0 -14 60
K 0 0 60
K 0 21 60
A D 2 8 0
A P 1 163 0
A P 2 152 0
J N 7 1479 14 6 4609 576 0
K 0 -14 43
K 0 0 43
K 0 -14 60
K 0 0 60
K 0 21 60
A D 2 8 0
A P 1 152 0
A P 2 140 0
J B 627 1510 1 82 6913 576 0
J N 8 1531 -7 6 1 0 1 445
K 0 0 42
K 25 0 44
K -8 -46 236
K 0 0 59
K 0 -14 59
A D 6 8 0
A P 1 157 0
J R 7 1531 42 2 1 0 0
K 0 0 48
A D 2 8 0
A P 2 0 0
J N 7 1558 35 4 2305 576 0
K 0 0 43
K 0 0 60
K 0 14 60
A D 2 8 0
A P 2 123 0
J N 7 1585 35 4 4609 576 0
K 0 0 43
K 0 0 60
K 0 14 60
A D 2 8 0
A P 2 123 0
J G 5 1612 0 2 6913 576 1 446
K 0 0 171
A D 0 8 0
A P 1 152 0
J G 5 1633 -7 2 6913 0 2 446 445
K 0 0 171
A D 0 8 0
A P 1 157 0
H 446 B 39 -4 106 2 22 33
H 445 S 0 6 -35 6 -26 0 0 0 0
J B 628 1660 1 82 6913 0 0
J N 7 1685 14 6 1 0 0
K 0 -14 43
K 0 0 43
K 0 -14 60
K 0 0 60
K 0 21 60
A D 2 8 0
A P 1 152 0
A P 2 140 0
J N 7 1712 0 9 2305 576 0
K 0 -14 45
K 0 -14 43
K -1 -14 45
K 2 -14 45
K 0 0 43
K 0 -14 60
K 0 0 60
K 0 21 60
A D 2 8 0
A P 1 163 0
A P 2 152 0
J N 7 1739 14 11 4609 576 0
K 0 -28 45
K 0 -42 45
K 0 -49 43
K 0 -42 45
K 1 -42 45
K 0 0 43
K 0 -49 60
K 0 -28 60
K 0 0 60
K 0 21 60
A D 2 8 0
A P 1 180 0
A P 2 140 0
J B 629 1770 1 82 6913 576 0
J N 8 1791 -28 10 1 0 1 447
K 1 14 45
K 1 0 45
K 0 0 42
K -1 0 45
K 2 0 45
K 24 -6 44
K -8 -39 236
K 0 0 59
K 0 -7 59
A D 6 8 0
A P 1 175 0
J R 7 1791 42 2 1 0 0
K 0 0 48
A D 2 8 0
A P 2 0 0
J N 7 1818 -7 4 2305 576 0
K 0 0 43
K 0 0 60
K 0 21 60
A D 2 8 0
A P 2 157 0
J N 7 1845 -7 4 4609 576 0
K 0 0 43
K 0 0 60
K 0 21 60
A D 2 8 0
A P 2 157 0
J G 5 1872 -21 4 6913 576 1 448
K 1 7 173
K 0 0 171
K 0 7 173
A D 0 8 0
A P 1 169 0
J G 5 1893 -28 5 6913 0 2 448 447
K 1 14 173
K 1 0 173
K 0 0 171
K -1 0 173
A D 0 8 0
A P 1 175 0
H 448 B 34 -4 106 2 22 33
H 447 S 0 6 -28 6 -21 0 0 0 0
J B 630 1920 1 82 6913 0 0
J N 7 1945 0 11 1 0 0
K 0 -14 45
K 0 -28 45
K 0 -35 43
K 0 -28 45
K 1 -28 45
K 0 0 43
K 0 -35 60
K 0 -28 60
K 0 0 60
K 0 21 60
A D 2 8 0
A P 1 180 0
A P 2 152 0
J N 7 1992 0 9 2305 576 0
K 0 -14 45
K 0 -14 43
K -1 -14 45
K 2 -14 45
K 0 0 43
K 0 -14 60
K 0 0 60
K 0 21 60
A D 2 8 0
A P 1 163 0
A P 2 152 0
J N 7 2019 14 6 4609 576 0
K 0 -14 43
K 0 0 43
K 0 -14 60
K 0 0 60
K 0 21 60
A D 2 8 0
A P 1 152 0
A P 2 140 0
J B 631 2050 1 82 6913 576 0
E *
L 551 0 0 313 313 * 0 14 0
J D 0 -130 42 1 6913 0 0
W 0 -21 31 Cor 1-2
J D 0 -130 42 1 6913 0 0
W 0 21 31 (D)
J C 4 5 42 2 6913 0 0
K 0 0 33
K 0 0 34
J K 0 57 0 0 6913 0 0
J D 0 -27 -14 1 6913 0 0
W 0 0 0 \06\01\04
J R 9 122 28 2 1 0 0
K 0 0 46
A D 6 8 0
A P 3 0 0
J B 615 181 1 82 6913 1728 0
J R 9 210 28 2 1 0 0
K 0 0 46
A D 6 8 0
A P 3 0 0
J B 616 268 1 82 6913 1728 0
J R 9 298 28 2 1 0 0
K 0 0 46
A D 6 8 0
A P 3 0 0
J B 617 357 1 82 6913 1728 0
J R 9 399 28 2 1 0 0
K 0 0 46
A D 6 8 0
A P 3 0 0
J B 618 470 1 82 6913 1728 0
J R 9 508 28 2 1 0 0
K 0 0 46
A D 6 8 0
A P 3 0 0
J B 619 574 1 82 6913 1728 0
J R 9 617 28 2 1 0 0
K 0 0 46
A D 6 8 0
A P 3 0 0
J B 620 689 1 82 6913 1728 0
J R 9 727 28 2 1 0 0
K 0 0 46
A D 6 8 0
A P 3 0 0
J B 621 793 1 82 6913 1728 0
J R 9 834 28 2 1 0 0
K 0 0 46
A D 6 8 0
A P 3 0 0
J B 622 904 1 82 6913 1728 0
J R 9 942 28 2 1 0 0
K 0 0 46
A D 6 8 0
A P 3 0 0
J B 623 1008 1 82 6913 1728 0
J R 9 1050 28 2 1 0 0
K 0 0 46
A D 6 8 0
A P 3 0 0
J B 624 1121 1 82 6913 1728 0
J R 9 1160 28 2 1 0 0
K 0 0 46
A D 6 8 0
A P 3 0 0
J B 625 1227 1 82 6913 1728 0
J R 9 1289 28 2 1 0 0
K 0 0 46
A D 6 8 0
A P 3 0 0
J B 626 1380 1 82 6913 1728 0
J D 0 1387 0 1 1 0 0
W 0 -23 32 zu 2
J N 7 1405 7 6 1 0 0
K -15 0 65
K 0 0 43
K 0 81 110
K 0 0 60
K 0 21 60
A D 2 8 0
A P 3 214 0
J N 7 1452 7 4 2305 576 0
K 0 0 43
K 0 0 60
K 0 21 60
A D 2 8 0
A P 3 214 0
J N 7 1479 7 4 4609 576 0
K 0 0 43
K 0 0 60
K 0 21 60
A D 2 8 0
A P 3 214 0
J B 627 1510 1 82 6913 576 0
J R 9 1571 28 2 1 0 0
K 0 0 46
A D 6 8 0
A P 3 0 0
J B 628 1660 1 82 6913 1728 0
J D 0 1667 0 1 1 0 0
W 0 -23 32 zu 2
J N 7 1685 7 5 1 0 0
K -15 0 65
K 0 0 43
K 0 0 60
K 0 21 60
A D 2 8 0
A P 3 214 0
J N 7 1712 7 4 2305 576 0
K 0 0 43
K 0 0 60
K 0 21 60
A D 2 8 0
A P 3 214 0
J N 7 1739 7 4 4609 576 0
K 0 0 43
K 0 0 60
K 0 21 60
A D 2 8 0
A P 3 214 0
J B 629 1770 1 82 6913 576 0
J R 9 1831 28 2 1 0 0
K 0 0 46
A D 6 8 0
A P 3 0 0
J B 630 1920 1 82 6913 1728 0
J D 0 1927 0 1 1 0 0
W 0 -23 32 zu 2
J N 7 1945 7 5 1 0 0
K -15 0 65
K 0 0 43
K 0 0 60
K 0 21 60
A D 2 8 0
A P 3 214 0
J N 7 1992 7 4 2305 576 0
K 0 0 43
K 0 0 60
K 0 21 60
A D 2 8 0
A P 3 214 0
J N 7 2019 7 4 4609 576 0
K 0 0 43
K 0 0 60
K 0 21 60
A D 2 8 0
A P 3 214 0
J B 631 2050 1 82 6913 576 0
E *
L 691 0 0 313 313 * 0 14 0
J D 0 -111 42 1 6913 0 0
W 0 -21 31 Tr 1-2
J D 0 -111 42 1 6913 0 0
W 0 21 31 (D)
J C 4 5 42 2 6913 0 0
K 0 0 33
K 0 0 34
J K 0 57 0 0 6913 0 0
J D 0 -27 -14 1 6913 0 0
W 0 0 0 \06\01\04
J R 9 122 28 2 1 0 0
K 0 0 46
A D 6 8 0
A P 3 0 0
J B 615 181 1 82 6913 1728 0
J R 9 210 28 2 1 0 0
K 0 0 46
A D 6 8 0
A P 3 0 0
J B 616 268 1 82 6913 1728 0
J R 9 298 28 2 1 0 0
K 0 0 46
A D 6 8 0
A P 3 0 0
J B 617 357 1 82 6913 1728 0
J R 9 399 28 2 1 0 0
K 0 0 46
A D 6 8 0
A P 3 0 0
J B 618 470 1 82 6913 1728 0
J R 9 508 28 2 1 0 0
K 0 0 46
A D 6 8 0
A P 3 0 0
J B 619 574 1 82 6913 1728 0
J R 9 617 28 2 1 0 0
K 0 0 46
A D 6 8 0
A P 3 0 0
J B 620 689 1 82 6913 1728 0
J R 9 727 28 2 1 0 0
K 0 0 46
A D 6 8 0
A P 3 0 0
J B 621 793 1 82 6913 1728 0
J R 9 834 28 2 1 0 0
K 0 0 46
A D 6 8 0
A P 3 0 0
J B 622 904 1 82 6913 1728 0
J R 9 942 28 2 1 0 0
K 0 0 46
A D 6 8 0
A P 3 0 0
J B 623 1008 1 82 6913 1728 0
J R 9 1050 28 2 1 0 0
K 0 0 46
A D 6 8 0
A P 3 0 0
J B 624 1121 1 82 6913 1728 0
J R 9 1160 28 2 1 0 0
K 0 0 46
A D 6 8 0
A P 3 0 0
J B 625 1227 1 82 6913 1728 0
J R 9 1289 28 2 1 0 0
K 0 0 46
A D 6 8 0
A P 3 0 0
J B 626 1380 1 82 6913 1728 0
J N 7 1405 42 12 1 0 0
K 1 28 45
K 1 42 45
K 0 0 43
K 0 49 43
K 0 42 45
K 1 42 45
K 0 85 110
K 0 49 59
K 0 28 59
K 0 0 59
K 0 -21 59
A D 2 8 0
A P 1 186 0
A P 2 146 0
J N 7 1452 42 11 2305 576 0
K 1 28 45
K 1 42 45
K 0 0 43
K 0 49 43
K 0 42 45
K 1 42 45
K 0 49 59
K 0 28 59
K 0 0 59
K 0 -21 59
A D 2 8 0
A P 1 186 0
A P 2 146 0
J N 7 1479 42 11 4609 576 0
K 1 28 45
K 1 42 45
K 0 0 43
K 0 49 43
K 0 42 45
K 1 42 45
K 0 49 59
K 0 28 59
K 0 0 59
K 0 -21 59
A D 2 8 0
A P 1 186 0
A P 2 146 0
J B 627 1510 1 82 6913 576 0
J R 9 1571 28 2 1 0 0
K 0 0 46
A D 6 8 0
A P 3 0 0
J B 628 1660 1 82 6913 1728 0
J N 7 1685 42 11 1 0 0
K 1 28 45
K 1 42 45
K 0 0 43
K 0 49 43
K 0 42 45
K 1 42 45
K 0 49 59
K 0 28 59
K 0 0 59
K 0 -21 59
A D 2 8 0
A P 1 186 0
A P 2 146 0
J N 7 1712 42 11 2305 576 0
K 1 28 45
K 1 42 45
K 0 0 43
K 0 49 43
K 0 42 45
K 1 42 45
K 0 49 59
K 0 28 59
K 0 0 59
K 0 -21 59
A D 2 8 0
A P 1 186 0
A P 2 146 0
J N 7 1739 42 11 4609 576 0
K 1 28 45
K 1 42 45
K 0 0 43
K 0 49 43
K 0 42 45
K 1 42 45
K 0 49 59
K 0 28 59
K 0 0 59
K 0 -21 59
A D 2 8 0
A P 1 186 0
A P 2 146 0
J B 629 1770 1 82 6913 576 0
J R 9 1831 28 2 1 0 0
K 0 0 46
A D 6 8 0
A P 3 0 0
J B 630 1920 1 82 6913 1728 0
J N 7 1945 42 11 1 0 0
K 1 28 45
K 1 42 45
K 0 0 43
K 0 49 43
K 0 42 45
K 1 42 45
K 0 49 59
K 0 28 59
K 0 0 59
K 0 -21 59
A D 2 8 0
A P 1 186 0
A P 2 146 0
J N 7 1992 42 11 2305 576 0
K 1 28 45
K 1 42 45
K 0 0 43
K 0 49 43
K 0 42 45
K 1 42 45
K 0 49 59
K 0 28 59
K 0 0 59
K 0 -21 59
A D 2 8 0
A P 1 186 0
A P 2 146 0
J N 7 2019 42 11 4609 576 0
K 1 28 45
K 1 42 45
K 0 0 43
K 0 49 43
K 0 42 45
K 1 42 45
K 0 49 59
K 0 28 59
K 0 0 59
K 0 -21 59
A D 2 8 0
A P 1 186 0
A P 2 146 0
J B 631 2050 1 82 6913 576 0
E *
L 843 0 0 313 313 * 0 14 0
J D 0 -109 42 1 6913 0 0
W 0 -21 31 Timp.
J D 0 -109 42 1 6913 0 0
W 0 21 31 (F-A)
J C 22 5 14 36 6913 0 0
J K 0 57 0 0 6913 0 0
J D 0 -27 -14 1 6913 0 0
W 0 0 0 \06\01\04
J R 9 122 28 2 1 0 0
K 0 0 46
A D 6 8 0
A P 1 0 0
J B 615 181 1 82 6913 1728 0
J R 9 210 28 2 1 0 0
K 0 0 46
A D 6 8 0
A P 1 0 0
J B 616 268 1 82 6913 1728 0
J R 9 298 28 2 1 0 0
K 0 0 46
A D 6 8 0
A P 1 0 0
J B 617 357 1 82 6913 1728 0
J R 9 399 28 2 1 0 0
K 0 0 46
A D 6 8 0
A P 1 0 0
J B 618 470 1 82 6913 1728 0
J R 9 508 28 2 1 0 0
K 0 0 46
A D 6 8 0
A P 1 0 0
J B 619 574 1 82 6913 1728 0
J R 9 617 28 2 1 0 0
K 0 0 46
A D 6 8 0
A P 1 0 0
J B 620 689 1 82 6913 1728 0
J R 9 727 28 2 1 0 0
K 0 0 46
A D 6 8 0
A P 1 0 0
J B 621 793 1 82 6913 1728 0
J R 9 834 28 2 1 0 0
K 0 0 46
A D 6 8 0
A P 1 0 0
J B 622 904 1 82 6913 1728 0
J R 9 942 28 2 1 0 0
K 0 0 46
A D 6 8 0
A P 1 0 0
J B 623 1008 1 82 6913 1728 0
J R 9 1050 28 2 1 0 0
K 0 0 46
A D 6 8 0
A P 1 0 0
J B 624 1121 1 82 6913 1728 0
J R 9 1160 28 2 1 0 0
K 0 0 46
A D 6 8 0
A P 1 0 0
J B 625 1227 1 82 6913 1728 0
J R 9 1289 28 2 1 0 0
K 0 0 46
A D 6 8 0
A P 1 0 0
J B 626 1380 1 82 6913 1728 0
J N 7 1405 14 5 1 0 0
K 0 0 43
K 0 74 110
K 0 0 60
K 0 21 60
A D 2 8 0
A P 1 140 0
J N 7 1452 14 4 2305 576 0
K 0 0 43
K 0 0 60
K 0 21 60
A D 2 8 0
A P 1 140 0
J N 7 1479 14 4 4609 576 0
K 0 0 43
K 0 0 60
K 0 21 60
A D 2 8 0
A P 1 140 0
J B 627 1510 1 82 6913 576 0
J R 9 1571 28 2 1 0 0
K 0 0 46
A D 6 8 0
A P 1 0 0
J B 628 1660 1 82 6913 1728 0
J N 7 1685 14 4 1 0 0
K 0 0 43
K 0 0 60
K 0 21 60
A D 2 8 0
A P 1 140 0
J N 7 1712 14 4 2305 576 0
K 0 0 43
K 0 0 60
K 0 21 60
A D 2 8 0
A P 1 140 0
J N 7 1739 14 4 4609 576 0
K 0 0 43
K 0 0 60
K 0 21 60
A D 2 8 0
A P 1 140 0
J B 629 1770 1 82 6913 576 0
J R 9 1831 28 2 1 0 0
K 0 0 46
A D 6 8 0
A P 1 0 0
J B 630 1920 1 82 6913 1728 0
J N 7 1945 14 4 1 0 0
K 0 0 43
K 0 0 60
K 0 21 60
A D 2 8 0
A P 1 140 0
J N 7 1992 14 4 2305 576 0
K 0 0 43
K 0 0 60
K 0 21 60
A D 2 8 0
A P 1 140 0
J N 7 2019 14 4 4609 576 0
K 0 0 43
K 0 0 60
K 0 21 60
A D 2 8 0
A P 1 140 0
J B 631 2050 1 82 6913 576 0
E *
L 995 0 0 313 313 * 0 14 0
J D 0 -119 42 1 6913 0 0
W 0 0 31 Vln 1
J C 4 5 42 2 6913 0 0
K 0 0 33
K 0 0 34
J K -1 57 0 1 6913 0 0
K 0 28 65
J D 0 -27 -14 1 6913 0 0
W 0 0 0 \06\01\04
J N 8 115 0 6 1 0 1 407
K 0 0 42
K 0 88 111
K 12 88 110
K 0 0 60
K 0 21 60
A D 4 8 0
A P 1 220 0
J N 7 150 7 4 4609 1152 1 407
K 0 0 43
K 0 0 60
K 0 21 60
A D 2 8 0
A P 1 215 0
H 407 S 0 0 0 0 0 0 0 0 0
J B 615 181 1 82 6913 576 0
J N 8 202 -14 9 1 0 1 408
K 0 0 45
K 0 0 42
K -1 0 45
K 2 0 45
K 0 102 111
K 12 102 110
K 0 0 60
K 0 21 60
A D 4 8 0
A P 1 232 0
J N 7 237 -7 4 4609 1152 1 408
K 0 0 43
K 0 0 60
K 0 21 60
A D 2 8 0
A P 1 226 0
H 408 S 0 0 0 0 0 0 0 0 0
J B 616 268 1 82 6913 576 0
J N 8 291 -21 10 1 0 1 409
K 0 7 45
K -14 0 64
K 0 0 42
K 0 7 45
K 1 7 45
K 0 109 111
K 12 109 110
K 0 0 60
K 0 21 60
A D 4 8 0
A P 1 238 0
J N 7 326 -28 8 4609 1152 1 409
K 0 14 45
K 0 0 45
K 0 0 43
K -1 0 45
K 2 0 45
K 0 0 60
K 0 28 60
A D 2 8 0
A P 1 243 0
H 409 S 0 0 0 0 0 0 0 0 0
J B 617 357 1 82 6913 576 0
J N 8 380 -21 11 1 0 1 410
K 0 7 45
K -14 0 64
K 0 0 42
K 0 7 45
K 1 7 45
K 25 0 44
K 0 -21 236
K 0 102 108
K 0 0 60
K 0 21 60
A D 6 8 0
A P 1 238 0
J G 5 422 -14 4 6913 1728 1 411
K 1 0 173
K 0 0 171
K -1 0 173
A D 0 8 0
A P 1 232 0
J G 5 443 -21 4 6913 0 2 411 410
K 1 7 173
K 0 0 171
K 0 7 173
A D 0 8 0
A P 1 238 0
H 411 B 39 -4 106 2 22 33
H 410 S 12 0 0 0 0 0 0 0 0
J B 618 470 1 82 6913 0 0
J N 7 491 -28 9 1 0 0
K 0 14 45
K 0 0 45
K 0 0 43
K -1 0 45
K 2 0 45
K 0 -17 96
K 0 0 60
K 0 28 60
A D 2 8 0
A P 1 243 0
J N 7 517 -7 5 2305 576 0
K 0 0 43
K 0 -17 96
K 0 0 60
K 0 21 60
A D 2 8 0
A P 1 226 0
J N 7 543 7 5 4609 576 0
K 0 0 43
K 0 -17 96
K 0 0 60
K 0 21 60
A D 2 8 0
A P 1 215 0
J B 619 574 1 82 6913 576 0
J N 8 599 0 6 1 0 1 412
K 0 0 42
K 24 -6 44
K 0 -19 236
K 0 0 60
K 0 21 60
A D 6 8 0
A P 1 220 0
J G 5 641 7 2 6913 1728 1 413
K 0 0 171
A D 0 8 0
A P 1 215 0
J G 5 662 0 2 6913 0 2 413 412
K 0 0 171
A D 0 8 0
A P 1 220 0
H 413 B 39 -4 106 2 22 33
H 412 S 12 0 0 0 0 0 0 0 0
J B 620 689 1 82 6913 0 0
J N 7 710 7 5 1 0 0
K 0 0 43
K 0 -17 96
K 0 0 60
K 0 21 60
A D 2 8 0
A P 1 215 0
J N 7 736 -7 5 2305 576 0
K 0 0 43
K 0 -17 96
K 0 0 60
K 0 21 60
A D 2 8 0
A P 1 226 0
J N 7 762 -28 9 4609 576 0
K 0 14 45
K 0 0 45
K 0 0 43
K -1 0 45
K 2 0 45
K 0 -17 96
K 0 0 60
K 0 28 60
A D 2 8 0
A P 1 243 0
J B 621 793 1 82 6913 576 0
J D 0 814 0 1 1 0 0
W 0 95 36 cresc.
J N 8 814 -21 10 1 0 1 414
K 0 7 45
K -14 0 64
K 0 0 42
K 0 7 45
K 1 7 45
K 25 0 44
K 0 -21 236
K 0 0 60
K 0 21 60
A D 6 8 0
A P 1 238 0
J G 5 856 -14 4 6913 1728 1 415
K 1 0 173
K 0 0 171
K -1 0 173
A D 0 8 0
A P 1 232 0
J G 5 877 -21 4 6913 0 2 415 414
K 1 7 173
K 0 0 171
K 0 7 173
A D 0 8 0
A P 1 238 0
H 415 B 39 -4 106 2 22 33
H 414 S 12 0 0 0 0 0 0 0 0
J B 622 904 1 82 6913 0 0
J N 7 925 -28 9 1 0 0
K 0 14 45
K 0 0 45
K 0 0 43
K -1 0 45
K 2 0 45
K 0 -17 96
K 0 0 60
K 0 28 60
A D 2 8 0
A P 1 243 0
J N 7 951 -7 5 2305 576 0
K 0 0 43
K 0 -17 96
K 0 0 60
K 0 21 60
A D 2 8 0
A P 1 226 0
J N 7 977 7 5 4609 576 0
K 0 0 43
K 0 -17 96
K 0 0 60
K 0 21 60
A D 2 8 0
A P 1 215 0
J B 623 1008 1 82 6913 576 0
J N 8 1031 -21 10 1 0 1 416
K 0 7 45
K -14 0 64
K 0 0 42
K 0 7 45
K 1 7 45
K 25 0 44
K 0 -21 236
K 0 0 60
K 0 21 60
A D 6 8 0
A P 1 238 0
J G 5 1073 -14 4 6913 1728 1 417
K 1 0 173
K 0 0 171
K -1 0 173
A D 0 8 0
A P 1 232 0
J G 5 1094 -21 4 6913 0 2 417 416
K 1 7 173
K 0 0 171
K 0 7 173
A D 0 8 0
A P 1 238 0
H 417 B 39 -4 106 2 22 33
H 416 S 12 0 0 0 0 0 0 0 0
J B 624 1121 1 82 6913 0 0
J N 7 1142 -28 9 1 0 0
K 0 14 45
K 0 0 45
K 0 0 43
K -1 0 45
K 2 0 45
K 0 -17 96
K 0 0 60
K 0 28 60
A D 2 8 0
A P 1 243 0
J N 7 1169 -7 5 2305 576 0
K 0 0 43
K 0 -17 96
K 0 0 60
K 0 21 60
A D 2 8 0
A P 1 226 0
J N 7 1196 7 5 4609 576 0
K 0 0 43
K 0 -17 96
K 0 0 60
K 0 21 60
A D 2 8 0
A P 1 215 0
J B 625 1227 1 82 6913 576 0
J N 8 1251 7 8 1 0 1 418
K 0 0 42
K 25 0 44
K 0 -21 236
K 0 81 110
K 17 81 110
K 0 0 60
K 0 21 60
A D 6 8 0
A P 1 215 0
J G 5 1332 14 2 6913 1728 1 419
K 0 0 171
A D 0 8 0
A P 1 209 0
J G 5 1353 7 2 6913 0 2 419 418
K 0 0 171
A D 0 8 0
A P 1 215 0
H 419 B 39 -4 106 2 22 33
H 418 S 12 0 0 0 0 0 0 0 0
J B 626 1380 1 82 6913 0 0
J N 7 1405 0 5 1 0 0
K 0 0 43
K 0 -17 96
K 0 0 60
K 0 21 60
A D 2 8 0
A P 1 220 0
J N 7 1452 21 5 2305 576 0
K 0 0 43
K 0 -14 96
K 0 0 60
K 0 21 60
A D 2 8 0
A P 1 203 0
J N 7 1479 35 5 4609 576 0
K 0 0 43
K 0 14 96
K 0 0 59
K 0 -21 59
A D 2 8 0
A P 1 192 0
J B 627 1510 1 82 6913 576 0
J N 8 1531 28 6 1 0 1 420
K 0 0 42
K 24 -6 44
K 0 -42 236
K 0 0 60
K 0 21 60
A D 6 8 0
A P 1 197 0
J G 5 1612 35 2 6913 1728 1 421
K 0 0 171
A D 0 8 0
A P 1 192 0
J G 5 1633 28 2 6913 0 2 421 420
K 0 0 171
A D 0 8 0
A P 1 197 0
H 421 B 47 -4 106 2 22 33
H 420 S 12 0 0 0 0 0 0 0 0
J B 628 1660 1 82 6913 0 0
J N 7 1685 35 4 1 0 0
K 0 0 43
K 0 0 59
K 0 -21 59
A D 2 8 0
A P 1 192 0
J N 7 1712 21 4 2305 576 0
K 0 0 43
K 0 0 60
K 0 21 60
A D 2 8 0
A P 1 203 0
J N 7 1739 0 4 4609 576 0
K 0 0 43
K 0 0 60
K 0 21 60
A D 2 8 0
A P 1 220 0
J B 629 1770 1 82 6913 576 0
J N 8 1791 7 6 1 0 1 422
K 0 0 42
K 25 0 44
K 0 -21 236
K 0 0 60
K 0 21 60
A D 6 8 0
A P 1 215 0
J G 5 1872 14 2 6913 1728 1 423
K 0 0 171
A D 0 8 0
A P 1 209 0
J G 5 1893 7 2 6913 0 2 423 422
K 0 0 171
A D 0 8 0
A P 1 215 0
H 423 B 39 -4 106 2 22 33
H 422 S 12 0 0 0 0 0 0 0 0
J B 630 1920 1 82 6913 0 0
J N 7 1945 0 4 1 0 0
K 0 0 43
K 0 0 60
K 0 21 60
A D 2 8 0
A P 1 220 0
J N 7 1992 21 4 2305 576 0
K 0 0 43
K 0 0 60
K 0 21 60
A D 2 8 0
A P 1 203 0
J N 7 2019 35 4 4609 576 0
K 0 0 43
K 0 0 59
K 0 -21 59
A D 2 8 0
A P 1 192 0
J B 631 2050 1 82 6913 576 0
E *
L 1127 0 0 313 313 * 0 14 0
J D 0 -119 42 1 6913 0 0
W 0 0 31 Vln 2
J C 4 5 42 2 6913 0 0
K 0 0 33
K 0 0 34
J K -1 57 0 1 6913 0 0
K 0 28 65
J D 0 -27 -14 1 6913 0 0
W 0 0 0 \06\01\04
J N 8 115 28 7 1 0 1 353
K -14 0 64
K 0 0 42
K 0 68 111
K 12 68 110
K 0 0 60
K 0 21 60
A D 4 8 0
A P 3 198 0
J N 7 150 21 4 4609 1152 1 353
K 0 0 43
K 0 0 60
K 0 21 60
A D 2 8 0
A P 3 203 0
H 353 S 0 0 0 0 0 0 0 0 0
J B 615 181 1 82 6913 576 0
J N 8 202 21 6 1 0 0
K 0 0 42
K 0 70 111
K 12 70 110
K 0 0 60
K 0 21 60
A D 4 8 0
A P 3 203 0
J N 7 237 21 4 4609 1152 0
K 0 0 43
K 0 0 60
K 0 21 60
A D 2 8 0
A P 3 203 0
J B 616 268 1 82 6913 576 0
J N 8 291 0 6 1 0 1 354
K 0 0 42
K 0 84 111
K 12 84 110
K 0 0 60
K 0 21 60
A D 4 8 0
A P 3 220 0
J N 7 326 7 4 4609 1152 1 354
K 0 0 43
K 0 0 60
K 0 21 60
A D 2 8 0
A P 3 215 0
H 354 S 0 0 0 0 0 0 0 0 0
J B 617 357 1 82 6913 576 0
J N 7 380 49 5 1 0 0
K 0 0 43
K 0 32 108
K 0 0 59
K 0 -21 59
A D 2 8 0
A P 3 180 0
J N 7 406 49 4 2305 576 0
K 0 0 43
K 0 0 59
K 0 -21 59
A D 2 8 0
A P 3 180 0
J N 7 432 42 4 4609 576 0
K 0 0 43
K 0 0 59
K 0 -21 59
A D 2 8 0
A P 3 186 0
J B 618 470 1 82 6913 576 0
J N 7 491 56 4 1 0 0
K 0 0 43
K 0 0 59
K 0 -21 59
A D 2 8 0
A P 3 175 0
J N 7 517 56 4 2305 576 0
K 0 0 43
K 0 0 59
K 0 -21 59
A D 2 8 0
A P 3 175 0
J N 7 543 42 4 4609 576 0
K 0 0 43
K 0 0 59
K 0 -21 59
A D 2 8 0
A P 3 186 0
J B 619 574 1 82 6913 576 0
J N 7 599 63 4 1 0 0
K 0 0 43
K 0 0 59
K 0 -21 59
A D 2 8 0
A P 3 169 0
J N 7 625 63 4 2305 576 0
K 0 0 43
K 0 0 59
K 0 -21 59
A D 2 8 0
A P 3 169 0
J N 7 651 42 4 4609 576 0
K 0 0 43
K 0 0 59
K 0 -21 59
A D 2 8 0
A P 3 186 0
J B 620 689 1 82 6913 576 0
J N 7 710 56 4 1 0 0
K 0 0 43
K 0 0 59
K 0 -21 59
A D 2 8 0
A P 3 175 0
J N 7 736 56 4 2305 576 0
K 0 0 43
K 0 0 59
K 0 -21 59
A D 2 8 0
A P 3 175 0
J N 7 762 42 4 4609 576 0
K 0 0 43
K 0 0 59
K 0 -21 59
A D 2 8 0
A P 3 186 0
J B 621 793 1 82 6913 576 0
J D 0 814 0 1 1 0 0
W 0 95 36 cresc.
J N 7 814 49 4 1 0 0
K 0 0 43
K 0 0 59
K 0 -21 59
A D 2 8 0
A P 3 180 0
J N 7 840 49 4 2305 576 0
K 0 0 43
K 0 0 59
K 0 -21 59
A D 2 8 0
A P 3 180 0
J N 7 866 42 4 4609 576 0
K 0 0 43
K 0 0 59
K 0 -21 59
A D 2 8 0
A P 3 186 0
J B 622 904 1 82 6913 576 0
J N 7 925 56 4 1 0 0
K 0 0 43
K 0 0 59
K 0 -21 59
A D 2 8 0
A P 3 175 0
J N 7 951 42 4 2305 576 0
K 0 0 43
K 0 0 59
K 0 -21 59
A D 2 8 0
A P 3 186 0
J N 7 977 42 4 4609 576 0
K 0 0 43
K 0 0 59
K 0 -21 59
A D 2 8 0
A P 3 186 0
J B 623 1008 1 82 6913 576 0
J N 7 1031 49 4 1 0 0
K 0 0 43
K 0 0 59
K 0 -21 59
A D 2 8 0
A P 3 180 0
J N 7 1057 49 4 2305 576 0
K 0 0 43
K 0 0 59
K 0 -21 59
A D 2 8 0
A P 3 180 0
J N 7 1083 42 4 4609 576 0
K 0 0 43
K 0 0 59
K 0 -21 59
A D 2 8 0
A P 3 186 0
J B 624 1121 1 82 6913 576 0
J N 7 1142 56 4 1 0 0
K 0 0 43
K 0 0 59
K 0 -21 59
A D 2 8 0
A P 3 175 0
J N 7 1169 56 4 2305 576 0
K 0 0 43
K 0 0 59
K 0 -21 59
A D 2 8 0
A P 3 175 0
J N 7 1196 42 4 4609 576 0
K 0 0 43
K 0 0 59
K 0 -21 59
A D 2 8 0
A P 3 186 0
J B 625 1227 1 82 6913 576 0
J N 8 1251 42 8 1 0 1 355
K 0 0 42
K 24 -6 44
K 0 -56 236
K 0 58 110
K 17 58 110
K 0 0 59
K 0 -21 59
A D 6 8 0
A P 3 186 0
J G 5 1332 49 2 6913 1728 1 356
K 0 0 171
A D 0 8 0
A P 3 180 0
J G 5 1353 42 2 6913 0 2 356 355
K 0 0 171
A D 0 8 0
A P 3 186 0
H 356 B 48 -4 106 2 22 33
H 355 S 12 0 0 0 0 0 0 0 0
J B 626 1380 1 82 6913 0 0
J N 7 1405 49 5 1 0 0
K 0 0 43
K 0 17 96
K 0 0 59
K 0 -21 59
A D 2 8 0
A P 3 180 0
J N 7 1452 35 5 2305 576 0
K 0 0 43
K 0 14 96
K 0 0 59
K 0 -21 59
A D 2 8 0
A P 3 192 0
J N 7 1479 49 5 4609 576 0
K 0 0 43
K 0 17 96
K 0 0 59
K 0 -21 59
A D 2 8 0
A P 3 180 0
J B 627 1510 1 82 6913 576 0
J N 8 1531 42 6 1 0 1 357
K 0 0 42
K 24 -6 44
K 0 -56 236
K 0 0 59
K 0 -21 59
A D 6 8 0
A P 3 186 0
J G 5 1612 49 2 6913 1728 1 358
K 0 0 171
A D 0 8 0
A P 3 180 0
J G 5 1633 42 2 6913 0 2 358 357
K 0 0 171
A D 0 8 0
A P 3 186 0
H 358 B 48 -4 106 2 22 33
H 357 S 12 0 0 0 0 0 0 0 0
J B 628 1660 1 82 6913 0 0
J N 7 1685 49 4 1 0 0
K 0 0 43
K 0 0 59
K 0 -21 59
A D 2 8 0
A P 3 180 0
J N 7 1712 35 4 2305 576 0
K 0 0 43
K 0 0 59
K 0 -21 59
A D 2 8 0
A P 3 192 0
J N 7 1739 49 4 4609 576 0
K 0 0 43
K 0 0 59
K 0 -21 59
A D 2 8 0
A P 3 180 0
J B 629 1770 1 82 6913 576 0
J N 8 1791 42 6 1 0 1 359
K 0 0 42
K 24 -6 44
K 0 -56 236
K 0 0 59
K 0 -21 59
A D 6 8 0
A P 3 186 0
J G 5 1872 49 2 6913 1728 1 360
K 0 0 171
A D 0 8 0
A P 3 180 0
J G 5 1893 42 2 6913 0 2 360 359
K 0 0 171
A D 0 8 0
A P 3 186 0
H 360 B 48 -4 106 2 22 33
H 359 S 12 0 0 0 0 0 0 0 0
J B 630 1920 1 82 6913 0 0
J N 7 1945 49 4 1 0 0
K 0 0 43
K 0 0 59
K 0 -21 59
A D 2 8 0
A P 3 180 0
J N 7 1992 35 4 2305 576 0
K 0 0 43
K 0 0 59
K 0 -21 59
A D 2 8 0
A P 3 192 0
J N 7 2019 49 4 4609 576 0
K 0 0 43
K 0 0 59
K 0 -21 59
A D 2 8 0
A P 3 180 0
J B 631 2050 1 82 6913 576 0
E *
L 1262 0 0 313 313 * 0 14 0
J D 0 -94 42 1 6913 0 0
W 0 0 31 Vla
J C 13 5 28 35 6913 0 0
J K -1 57 0 1 6913 0 0
K 0 35 65
J D 0 -27 -14 1 6913 0 0
W 0 0 0 \06\01\04
J N 8 115 56 6 1 0 1 246
K 0 0 42
K 0 36 111
K 12 36 110
K 0 0 59
K 0 -21 59
A D 4 8 0
A P 3 140 0
J N 7 150 28 4 4609 1152 1 246
K 0 0 43
K 0 0 60
K 0 21 60
A D 2 8 0
A P 3 163 0
H 246 S 0 14 0 0 0 0 0 0 0
J B 615 181 1 82 6913 576 0
J N 8 202 28 6 1 0 1 247
K 0 0 42
K 0 68 111
K 12 68 110
K 0 0 60
K 0 21 60
A D 4 8 0
A P 3 163 0
J N 7 237 0 4 4609 1152 1 247
K 0 0 43
K 0 0 60
K 0 21 60
A D 2 8 0
A P 3 186 0
H 247 S 0 0 0 0 0 0 0 0 0
J B 616 268 1 82 6913 576 0
J N 8 291 0 6 1 0 0
K 0 0 42
K 0 88 111
K 12 88 110
K 0 0 60
K 0 21 60
A D 4 8 0
A P 3 186 0
J N 7 326 0 4 4609 1152 0
K 0 0 43
K 0 0 60
K 0 21 60
A D 2 8 0
A P 3 186 0
J B 617 357 1 82 6913 576 0
J N 7 380 21 5 1 0 0
K 0 0 43
K 0 68 108
K 0 0 60
K 0 21 60
A D 2 8 0
A P 3 169 0
J N 7 406 21 4 2305 576 0
K 0 0 43
K 0 0 60
K 0 21 60
A D 2 8 0
A P 3 169 0
J N 7 432 7 4 4609 576 0
K 0 0 43
K 0 0 60
K 0 21 60
A D 2 8 0
A P 3 180 0
J B 618 470 1 82 6913 576 0
J N 7 491 28 4 1 0 0
K 0 0 43
K 0 0 60
K 0 21 60
A D 2 8 0
A P 3 163 0
J N 7 517 28 4 2305 576 0
K 0 0 43
K 0 0 60
K 0 21 60
A D 2 8 0
A P 3 163 0
J N 7 543 14 4 4609 576 0
K 0 0 43
K 0 0 60
K 0 21 60
A D 2 8 0
A P 3 175 0
J B 619 574 1 82 6913 576 0
J N 7 599 35 5 1 0 0
K -14 0 64
K 0 0 43
K 0 0 59
K 0 -21 59
A D 2 8 0
A P 3 158 0
J N 7 625 35 4 2305 576 0
K 0 0 43
K 0 0 59
K 0 -21 59
A D 2 8 0
A P 3 158 0
J N 7 651 21 4 4609 576 0
K 0 0 43
K 0 0 60
K 0 21 60
A D 2 8 0
A P 3 169 0
J B 620 689 1 82 6913 576 0
J N 7 710 28 4 1 0 0
K 0 0 43
K 0 0 60
K 0 21 60
A D 2 8 0
A P 3 163 0
J N 7 736 28 4 2305 576 0
K 0 0 43
K 0 0 60
K 0 21 60
A D 2 8 0
A P 3 163 0
J N 7 762 14 4 4609 576 0
K 0 0 43
K 0 0 60
K 0 21 60
A D 2 8 0
A P 3 175 0
J B 621 793 1 82 6913 576 0
J D 0 814 0 1 1 0 0
W 0 95 36 cresc.
J N 7 814 21 4 1 0 0
K 0 0 43
K 0 0 60
K 0 21 60
A D 2 8 0
A P 3 169 0
J N 7 840 21 4 2305 576 0
K 0 0 43
K 0 0 60
K 0 21 60
A D 2 8 0
A P 3 169 0
J N 7 866 7 4 4609 576 0
K 0 0 43
K 0 0 60
K 0 21 60
A D 2 8 0
A P 3 180 0
J B 622 904 1 82 6913 576 0
J N 7 925 28 4 1 0 0
K 0 0 43
K 0 0 60
K 0 21 60
A D 2 8 0
A P 3 163 0
J N 7 951 14 4 2305 576 0
K 0 0 43
K 0 0 60
K 0 21 60
A D 2 8 0
A P 3 175 0
J N 7 977 14 4 4609 576 0
K 0 0 43
K 0 0 60
K 0 21 60
A D 2 8 0
A P 3 175 0
J B 623 1008 1 82 6913 576 0
J N 7 1031 21 4 1 0 0
K 0 0 43
K 0 0 60
K 0 21 60
A D 2 8 0
A P 3 169 0
J N 7 1057 21 4 2305 576 0
K 0 0 43
K 0 0 60
K 0 21 60
A D 2 8 0
A P 3 169 0
J N 7 1083 7 4 4609 576 0
K 0 0 43
K 0 0 60
K 0 21 60
A D 2 8 0
A P 3 180 0
J B 624 1121 1 82 6913 576 0
J N 7 1142 28 4 1 0 0
K 0 0 43
K 0 0 60
K 0 21 60
A D 2 8 0
A P 3 163 0
J N 7 1169 28 4 2305 576 0
K 0 0 43
K 0 0 60
K 0 21 60
A D 2 8 0
A P 3 163 0
J N 7 1196 14 4 4609 576 0
K 0 0 43
K 0 0 60
K 0 21 60
A D 2 8 0
A P 3 175 0
J B 625 1227 1 82 6913 576 0
J N 8 1251 35 9 1 0 1 248
K -15 0 65
K 0 0 42
K 25 0 44
K 0 -56 236
K 0 60 110
K 17 60 110
K 0 0 59
K 0 -21 59
A D 6 8 0
A P 3 157 0
J G 5 1332 42 2 6913 1728 1 249
K 0 0 171
A D 0 8 0
A P 3 152 0
J G 5 1353 35 2 6913 0 2 249 248
K 0 0 171
A D 0 8 0
A P 3 157 0
H 249 B 41 -4 106 2 22 33
H 248 S 12 0 0 0 0 0 0 0 0
J B 626 1380 1 82 6913 0 0
J N 7 1405 42 6 1 0 0
K 17 0 43
K 0 0 43
K 0 21 96
K 0 0 59
K 0 -21 59
A D 2 8 0
A P 1 152 0
A P 2 152 0
J N 7 1452 28 7 2305 576 0
K 0 0 43
K 0 14 43
K 0 35 96
K 0 14 59
K 0 0 59
K 0 -14 59
A D 2 8 0
A P 1 163 0
A P 2 152 0
J N 7 1479 42 7 4609 576 0
K 0 0 43
K 0 14 43
K 0 31 96
K 0 14 59
K 0 0 59
K 0 -21 59
A D 2 8 0
A P 1 152 0
A P 2 140 0
J B 627 1510 1 82 6913 576 0
J N 8 1531 35 9 1 0 1 250
K 0 0 42
K 25 0 44
K 0 14 42
K 25 14 44
K 0 -56 236
K 0 14 59
K 0 0 59
K 0 -21 59
A D 6 8 0
A P 1 157 0
A P 2 146 0
J G 5 1611 42 4 6913 1728 1 251
K 0 0 171
K 0 14 171
K 0 14 187
A D 0 8 0
A P 1 152 0
A P 2 140 0
J G 5 1633 35 4 6913 0 2 251 250
K 0 0 171
K 0 14 171
K 0 14 187
A D 0 8 0
A P 1 157 0
A P 2 146 0
H 251 B 41 -4 106 2 22 33
H 250 S 12 0 14 0 14 0 0 0 0
J B 628 1660 1 82 6913 0 0
J N 7 1685 42 6 1 0 0
K 0 0 43
K 0 14 43
K 0 14 59
K 0 0 59
K 0 -21 59
A D 2 8 0
A P 1 152 0
A P 2 140 0
J N 7 1712 28 6 2305 576 0
K 0 0 43
K 0 14 43
K 0 14 59
K 0 0 59
K 0 -14 59
A D 2 8 0
A P 1 163 0
A P 2 152 0
J N 7 1739 42 6 4609 576 0
K 0 0 43
K 0 14 43
K 0 14 59
K 0 0 59
K 0 -21 59
A D 2 8 0
A P 1 152 0
A P 2 140 0
J B 629 1770 1 82 6913 576 0
J N 8 1791 35 6 1 0 1 252
K 0 0 42
K 25 0 44
K 0 -56 236
K 0 0 59
K 0 -21 59
A D 6 8 0
A P 3 157 0
J G 5 1872 42 2 6913 1728 1 253
K 0 0 171
A D 0 8 0
A P 3 152 0
J G 5 1893 35 2 6913 0 2 253 252
K 0 0 171
A D 0 8 0
A P 3 157 0
H 253 B 41 -4 106 2 22 33
H 252 S 12 0 0 0 0 0 0 0 0
J B 630 1920 1 82 6913 0 0
J N 7 1945 42 5 1 0 0
K 17 0 43
K 0 0 43
K 0 0 59
K 0 -21 59
A D 2 8 0
A P 1 152 0
A P 2 152 0
J N 7 1992 28 6 2305 576 0
K 0 0 43
K 0 14 43
K 0 14 59
K 0 0 59
K 0 -14 59
A D 2 8 0
A P 1 163 0
A P 2 152 0
J N 7 2019 42 6 4609 576 0
K 0 0 43
K 0 14 43
K 0 14 59
K 0 0 59
K 0 -21 59
A D 2 8 0
A P 1 152 0
A P 2 140 0
J B 631 2050 1 82 6913 576 0
E *
L 1397 0 0 313 313 * 0 14 0
J D 0 -67 42 1 6913 0 0
W 0 -21 31 Vc
J D 0 -67 42 1 6913 0 0
W 0 21 31 Cb
J C 22 5 14 36 6913 0 0
J K -1 57 0 1 6913 0 0
K 0 42 65
J D 0 -27 -14 1 6913 0 0
W 0 0 0 \06\01\04
J N 8 115 -21 9 1 0 1 137
K 0 7 45
K 0 0 42
K 0 7 45
K 1 7 45
K 0 109 111
K 12 109 110
K 0 0 60
K 0 21 60
A D 4 8 0
A P 1 169 0
J N 7 150 -14 7 4609 1152 1 137
K 0 0 45
K 0 0 43
K -1 0 45
K 2 0 45
K 0 0 60
K 0 21 60
A D 2 8 0
A P 1 163 0
H 137 S 0 0 0 0 0 0 0 0 0
J B 615 181 1 82 6913 576 0
J N 8 202 -35 11 1 0 1 138
K 0 21 45
K 0 7 45
K 0 0 42
K 0 7 45
K 1 7 45
K 0 123 111
K 12 123 110
K 0 0 60
K 0 28 60
K 0 35 60
A D 4 8 0
A P 1 180 0
J N 7 237 -28 8 4609 1152 1 138
K 0 14 45
K 0 0 45
K 0 0 43
K -1 0 45
K 2 0 45
K 0 0 60
K 0 28 60
A D 2 8 0
A P 1 175 0
H 138 S 0 0 0 0 0 0 0 0 0
J B 616 268 1 82 6913 576 0
J N 8 291 -21 9 1 0 1 139
K 0 7 45
K 0 0 42
K 0 7 45
K 1 7 45
K 0 109 111
K 12 109 110
K 0 0 60
K 0 21 60
A D 4 8 0
A P 1 169 0
J N 7 326 -14 7 4609 1152 1 139
K 0 0 45
K 0 0 43
K -1 0 45
K 2 0 45
K 0 0 60
K 0 21 60
A D 2 8 0
A P 1 163 0
H 139 S 0 0 0 0 0 0 0 0 0
J B 617 357 1 82 6913 576 0
J N 7 380 7 5 1 0 0
K 0 0 43
K 0 74 108
K 0 0 60
K 0 21 60
A D 2 8 0
A P 1 146 0
J N 7 406 -42 10 2305 576 0
K 0 28 45
K 0 14 45
K 0 0 45
K 0 0 43
K -1 0 45
K 2 0 45
K 0 0 60
K 0 28 60
K 0 42 60
A D 2 8 0
A P 1 186 0
J N 7 432 -42 10 4609 576 0
K 0 28 45
K 0 14 45
K 0 0 45
K 0 0 43
K -1 0 45
K 2 0 45
K 0 0 60
K 0 28 60
K 0 42 60
A D 2 8 0
A P 1 186 0
J B 618 470 1 82 6913 576 0
J N 7 491 -14 7 1 0 0
K 0 0 45
K 0 0 43
K -1 0 45
K 2 0 45
K 0 0 60
K 0 21 60
A D 2 8 0
A P 1 163 0
J R 7 517 28 2 2305 576 0
K 0 0 48
A D 2 8 1
A P 1 0 1
J R 7 543 28 2 4609 576 0
K 0 0 48
A D 2 8 0
A P 1 0 0
J B 619 574 1 82 6913 576 0
J N 7 599 7 4 1 0 0
K 0 0 43
K 0 0 60
K 0 21 60
A D 2 8 0
A P 1 146 0
J N 7 625 -42 10 2305 576 0
K 0 28 45
K 0 14 45
K 0 0 45
K 0 0 43
K -1 0 45
K 2 0 45
K 0 0 60
K 0 28 60
K 0 42 60
A D 2 8 0
A P 1 186 0
J N 7 651 -42 10 4609 576 0
K 0 28 45
K 0 14 45
K 0 0 45
K 0 0 43
K -1 0 45
K 2 0 45
K 0 0 60
K 0 28 60
K 0 42 60
A D 2 8 0
A P 1 186 0
J B 620 689 1 82 6913 576 0
J N 7 710 -14 7 1 0 0
K 0 0 45
K 0 0 43
K -1 0 45
K 2 0 45
K 0 0 60
K 0 21 60
A D 2 8 0
A P 1 163 0
J R 7 736 28 2 2305 576 0
K 0 0 48
A D 2 8 1
A P 1 0 1
J R 7 762 28 2 4609 576 0
K 0 0 48
A D 2 8 0
A P 1 0 0
J B 621 793 1 82 6913 576 0
J D 0 814 0 1 1 0 0
W 0 95 36 cresc.
J N 7 814 7 4 1 0 0
K 0 0 43
K 0 0 60
K 0 21 60
A D 2 8 0
A P 1 146 0
J N 7 840 -42 10 2305 576 0
K 0 28 45
K 0 14 45
K 0 0 45
K 0 0 43
K -1 0 45
K 2 0 45
K 0 0 60
K 0 28 60
K 0 42 60
A D 2 8 0
A P 1 186 0
J N 7 866 -42 10 4609 576 0
K 0 28 45
K 0 14 45
K 0 0 45
K 0 0 43
K -1 0 45
K 2 0 45
K 0 0 60
K 0 28 60
K 0 42 60
A D 2 8 0
A P 1 186 0
J B 622 904 1 82 6913 576 0
J N 7 925 -14 7 1 0 0
K 0 0 45
K 0 0 43
K -1 0 45
K 2 0 45
K 0 0 60
K 0 21 60
A D 2 8 0
A P 1 163 0
J R 7 951 28 2 2305 576 0
K 0 0 48
A D 2 8 1
A P 1 0 1
J R 7 977 28 2 4609 576 0
K 0 0 48
A D 2 8 0
A P 1 0 0
J B 623 1008 1 82 6913 576 0
J N 7 1031 7 4 1 0 0
K 0 0 43
K 0 0 60
K 0 21 60
A D 2 8 0
A P 1 146 0
J N 7 1057 -42 10 2305 576 0
K 0 28 45
K 0 14 45
K 0 0 45
K 0 0 43
K -1 0 45
K 2 0 45
K 0 0 60
K 0 28 60
K 0 42 60
A D 2 8 0
A P 1 186 0
J N 7 1083 -42 10 4609 576 0
K 0 28 45
K 0 14 45
K 0 0 45
K 0 0 43
K -1 0 45
K 2 0 45
K 0 0 60
K 0 28 60
K 0 42 60
A D 2 8 0
A P 1 186 0
J B 624 1121 1 82 6913 576 0
J N 7 1142 -14 7 1 0 0
K 0 0 45
K 0 0 43
K -1 0 45
K 2 0 45
K 0 0 60
K 0 21 60
A D 2 8 0
A P 1 163 0
J R 7 1169 28 2 2305 576 0
K 0 0 48
A D 2 8 1
A P 1 0 1
J R 7 1196 28 2 4609 576 0
K 0 0 48
A D 2 8 0
A P 1 0 0
J B 625 1227 1 82 6913 576 0
J N 7 1251 35 6 1 0 0
K 0 0 43
K 0 53 110
K 17 53 110
K 0 0 59
K 0 -21 59
A D 2 8 0
A P 1 123 0
J N 7 1278 -14 7 2305 576 0
K 0 0 45
K 0 0 43
K -1 0 45
K 2 0 45
K 0 0 60
K 0 21 60
A D 2 8 0
A P 1 163 0
J N 7 1305 -14 7 4609 576 0
K 0 0 45
K 0 0 43
K -1 0 45
K 2 0 45
K 0 0 60
K 0 21 60
A D 2 8 0
A P 1 163 0
J B 626 1380 1 82 6913 576 0
J N 7 1405 63 4 1 0 0
K 0 0 43
K 0 0 59
K 0 -21 59
A D 2 8 0
A P 1 100 0
J N 7 1452 14 4 2305 576 0
K 0 0 43
K 0 0 60
K 0 21 60
A D 2 8 0
A P 1 140 0
J N 7 1479 14 4 4609 576 0
K 0 0 43
K 0 0 60
K 0 21 60
A D 2 8 0
A P 1 140 0
J B 627 1510 1 82 6913 576 0
J N 7 1531 35 4 1 0 0
K 0 0 43
K 0 0 59
K 0 -21 59
A D 2 8 0
A P 1 123 0
J N 7 1558 -14 7 2305 576 0
K 0 0 45
K 0 0 43
K -1 0 45
K 2 0 45
K 0 0 60
K 0 21 60
A D 2 8 0
A P 1 163 0
J N 7 1585 -14 7 4609 576 0
K 0 0 45
K 0 0 43
K -1 0 45
K 2 0 45
K 0 0 60
K 0 21 60
A D 2 8 0
A P 1 163 0
J B 628 1660 1 82 6913 576 0
J N 7 1685 63 4 1 0 0
K 0 0 43
K 0 0 59
K 0 -21 59
A D 2 8 0
A P 1 100 0
J N 7 1712 14 4 2305 576 0
K 0 0 43
K 0 0 60
K 0 21 60
A D 2 8 0
A P 1 140 0
J N 7 1739 14 4 4609 576 0
K 0 0 43
K 0 0 60
K 0 21 60
A D 2 8 0
A P 1 140 0
J B 629 1770 1 82 6913 576 0
J N 7 1791 35 4 1 0 0
K 0 0 43
K 0 0 59
K 0 -21 59
A D 2 8 0
A P 1 123 0
J N 7 1818 -14 7 2305 576 0
K 0 0 45
K 0 0 43
K -1 0 45
K 2 0 45
K 0 0 60
K 0 21 60
A D 2 8 0
A P 1 163 0
J N 7 1845 -14 7 4609 576 0
K 0 0 45
K 0 0 43
K -1 0 45
K 2 0 45
K 0 0 60
K 0 21 60
A D 2 8 0
A P 1 163 0
J B 630 1920 1 82 6913 576 0
J N 7 1945 63 4 1 0 0
K 0 0 43
K 0 0 59
K 0 -21 59
A D 2 8 0
A P 1 100 0
J N 7 1992 14 4 2305 576 0
K 0 0 43
K 0 0 60
K 0 21 60
A D 2 8 0
A P 1 140 0
J N 7 2019 14 4 4609 576 0
K 0 0 43
K 0 0 60
K 0 21 60
A D 2 8 0
A P 1 140 0
J B 631 2050 1 82 6913 576 0
E *
B 1 181 0
B 1 268 0
B 1 357 0
B 1 470 0
B 1 574 0
B 1 689 0
B 1 793 0
B 1 904 0
B 1 1008 0
B 1 1121 0
B 1 1227 0
B 1 1380 0
B 1 1510 0
B 1 1660 0
B 1 1770 0
B 1 1920 0
B 1 2050 0
