S 0 200 140 2050 2241 13 "[........{..}...]"
L 0 0 0 330 330 * 0 14
J C 4 5 42 2 6913 0 0
K 0 0 33
K 0 0 34
J K 2 57 0 2 6913 0 0
K 0 0 63
K 15 21 63
J D 0 53 -14 1 6913 0 0
W 0 0 37 \03\04\06
J R 9 335 28 46 1 0 0
J R 9 814 28 46 1 0 0
J R 9 1306 28 46 1 0 0
J R 9 1798 28 46 1 0 0
E *
L 175 0 0 330 330 * 0 14
J C 4 5 42 2 6913 0 0
K 0 0 33
K 0 0 34
J K 2 57 0 2 6913 0 0
K 0 0 63
K 15 21 63
J R 9 335 28 46 1 0 0
J R 9 814 28 46 1 0 0
J R 9 1306 28 46 1 0 0
J R 9 1798 28 46 1 0 0
E *
L 360 0 0 330 330 * 0 14
J C 4 5 42 2 6913 0 0
K 0 0 33
K 0 0 34
J K -1 57 0 1 6913 0 0
K 0 28 65
J R 9 335 28 46 1 0 0
J R 9 814 28 46 1 0 0
J R 9 1306 28 46 1 0 0
J R 9 1798 28 46 1 0 0
E *
L 555 0 0 330 330 * 0 14
J C 22 5 14 36 6913 0 0
J K 2 57 0 2 6913 0 0
K 0 14 63
K 15 35 63
J R 9 335 28 46 1 0 0
J R 9 814 28 46 1 0 0
J R 9 1306 28 46 1 0 0
J R 9 1798 28 46 1 0 0
E *
L 735 0 0 330 330 * 0 14
J C 4 5 42 2 6913 0 0
K 0 0 33
K 0 0 34
J K 0 57 0 0 6913 0 0
J R 9 335 28 46 1 0 0
J R 9 814 28 46 1 0 0
J R 9 1306 28 46 1 0 0
J R 9 1798 28 46 1 0 0
E *
L 915 0 0 330 330 * 0 14
J C 4 5 42 2 6913 0 0
K 0 0 33
K 0 0 34
J K 0 57 0 0 6913 0 0
J N 7 136 42 14 1 0 1 28
K 1 28 45
K 1 42 45
K 0 0 43
K 0 49 43
K 0 42 45
K 1 42 45
K 0 -52 96
K 0 81 108
K 23 81 108
K 0 49 59
K 0 21 59
K 0 0 59
K 0 -21 59
A D 2 8
J N 7 257 42 12 1729 576 0
K 1 28 45
K 1 42 45
K 0 0 43
K 0 49 43
K 0 42 45
K 1 42 45
K 0 -52 96
K 0 49 59
K 0 21 59
K 0 0 59
K 0 -21 59
A D 2 8
J N 7 361 42 12 3457 576 0
K 1 28 45
K 1 42 45
K 0 0 43
K 0 49 43
K 0 42 45
K 1 42 45
K 0 -52 96
K 0 49 59
K 0 21 59
K 0 0 59
K 0 -21 59
A D 2 8
J N 7 482 42 12 5185 576 1 28
K 1 28 45
K 1 42 45
K 0 0 43
K 0 49 43
K 0 42 45
K 1 42 45
K 0 -52 96
K 0 49 59
K 0 21 59
K 0 0 59
K 0 -21 59
A D 2 8
H 28 S 0 6 -49 6 -49 0 0 0 0
J B 347 590 1 82 6913 576 0
J N 9 613 42 9 1 0 0
K 1 28 45
K 7 28 45
K 1 42 45
K 7 42 45
K 0 0 41
K 0 49 41
K 0 42 45
K 1 42 45
A D 8 8
J B 348 1067 1 82 6913 2304 0
J N 7 1090 42 11 1 0 0
K 1 28 45
K 1 42 45
K 0 0 43
K 0 49 43
K 0 42 45
K 1 42 45
K 0 49 59
K 0 21 59
K 0 0 59
K 0 -21 59
A D 2 8
J N 7 1208 42 11 1729 576 0
K 1 28 45
K 1 42 45
K 0 0 43
K 0 49 43
K 0 42 45
K 1 42 45
K 0 49 59
K 0 21 59
K 0 0 59
K 0 -21 59
A D 2 8
J N 7 1330 42 11 3457 576 0
K 1 28 45
K 1 42 45
K 0 0 43
K 0 49 43
K 0 42 45
K 1 42 45
K 0 49 59
K 0 21 59
K 0 0 59
K 0 -21 59
A D 2 8
J N 7 1452 42 11 5185 576 0
K 1 28 45
K 1 42 45
K 0 0 43
K 0 49 43
K 0 42 45
K 1 42 45
K 0 49 59
K 0 21 59
K 0 0 59
K 0 -21 59
A D 2 8
J B 349 1574 1 82 6913 576 0
J N 9 1597 42 9 1 0 0
K 1 28 45
K 7 28 45
K 1 42 45
K 7 42 45
K 0 0 41
K 0 49 41
K 0 42 45
K 1 42 45
A D 8 8
J B 350 2050 1 82 6913 2304 0
E *
L 1100 0 0 330 330 * 0 14
J C 22 5 14 36 6913 0 0
J K 0 57 0 0 6913 0 0
J N 7 136 49 6 1 0 0
K 0 0 43
K 0 32 108
K 23 32 108
K 0 0 59
K 0 -21 59
A D 4 16
J N 7 257 49 4 1729 576 0
K 0 0 43
K 0 0 59
K 0 -21 59
A D 4 16
J N 7 361 49 4 3457 576 0
K 0 0 43
K 0 0 59
K 0 -21 59
A D 4 16
J N 7 482 49 4 5185 576 0
K 0 0 43
K 0 0 59
K 0 -21 59
A D 4 16
J B 347 590 1 82 6913 576 0
J N 7 613 49 4 1 0 0
K 0 0 43
K 0 0 59
K 0 -21 59
A D 4 16
J R 7 733 28 2 1729 576 0
K 0 0 48
A D 4 16
J R 8 843 28 2 3457 576 0
K 0 0 47
A D 8 16
J B 348 1067 1 82 6913 1152 0
J N 7 1090 49 4 1 0 0
K 0 0 43
K 0 0 59
K 0 -21 59
A D 4 16
J N 7 1208 49 4 1729 576 0
K 0 0 43
K 0 0 59
K 0 -21 59
A D 4 16
J N 7 1330 49 4 3457 576 0
K 0 0 43
K 0 0 59
K 0 -21 59
A D 4 16
J N 7 1452 49 4 5185 576 0
K 0 0 43
K 0 0 59
K 0 -21 59
A D 4 16
J B 349 1574 1 82 6913 576 0
J N 7 1597 49 4 1 0 0
K 0 0 43
K 0 0 59
K 0 -21 59
A D 4 16
J R 7 1720 28 2 1729 576 0
K 0 0 48
A D 4 16
J R 8 1830 28 2 3457 576 0
K 0 0 47
A D 8 16
J B 350 2050 1 82 6913 1152 0
E *
L 1300 0 0 330 330 * 0 14
J C 4 5 42 2 6913 0 0
K 0 0 33
K 0 0 34
J K 2 57 0 2 6913 0 0
K 0 0 63
K 15 21 63
J N 5 136 -7 2 1 0 2 747 748
K 0 0 43
A D 6 96
J N 5 162 -14 5 433 144 1 748
K 0 0 45
K 0 0 43
K -1 0 45
K 2 0 45
A D 6 96
J N 5 188 -7 2 865 144 1 748
K 0 0 43
A D 6 96
J N 5 214 7 2 1297 144 1 748
K 0 0 43
A D 6 96
H 748 B -49 2 108 4 22 11 11 33   
J N 5 257 21 3 1729 144 1 749
K -18 0 63
K 0 0 43
A D 6 96
J N 5 283 7 2 2161 144 1 749
K 0 0 43
A D 6 96
J N 5 309 21 2 2593 144 1 749
K 0 0 43
A D 6 96
J N 5 335 35 2 3025 144 1 749
K 0 0 43
A D 6 96
H 749 B -49 2 108 4 22 11 11 33   
J N 5 361 42 2 3457 144 1 750
K 0 0 43
A D 6 96
J N 5 387 35 2 3889 144 1 750
K 0 0 43
A D 6 96
J N 5 413 42 2 4321 144 1 750
K 0 0 43
A D 6 96
J N 5 439 56 2 4753 144 1 750
K 0 0 43
A D 6 96
H 750 B 57 0 108 4 22 11 11 33   
J N 5 482 70 6 5185 144 1 751
K 1 0 45
K -18 0 63
K 0 0 43
K -1 0 45
K 2 0 45
A D 6 96
J N 5 508 56 2 5617 144 1 751
K 0 0 43
A D 6 96
J N 5 534 35 2 6049 144 1 751
K 0 0 43
A D 6 96
J N 5 560 42 2 6481 144 2 751 747
K 0 0 43
A D 6 96
H 751 B 85 0 108 4 22 11 11 33   
H 747 S 0 0 0 6 -49 0 0 0 0
J B 347 590 1 82 6913 144 0
J N 7 613 49 5 1 0 0
K -14 0 64
K 0 0 43
K 0 0 59
K 0 -21 59
A D 24 96
J R 7 733 28 2 1729 576 0
K 0 0 48
A D 24 96
J R 8 843 28 2 3457 576 0
K 0 0 47
A D 48 96
J B 348 1067 1 82 6913 1152 0
J N 5 1090 63 2 1 0 2 752 753
K 0 0 43
A D 6 96
J N 5 1116 56 2 433 144 1 753
K 0 0 43
A D 6 96
J N 5 1156 49 3 865 144 1 753
K -14 0 64
K 0 0 43
A D 6 96
J N 5 1182 56 2 1297 144 1 753
K 0 0 43
A D 6 96
H 753 B 63 -1 108 4 22 11 11 33   
J N 5 1208 49 2 1729 144 1 754
K 0 0 43
A D 6 96
J N 5 1252 42 3 2161 144 1 754
K -18 0 63
K 0 0 43
A D 6 96
J N 5 1278 35 2 2593 144 1 754
K 0 0 43
A D 6 96
J N 5 1304 42 2 3025 144 1 754
K 0 0 43
A D 6 96
H 754 B 64 -1 108 4 22 11 11 33   
J N 5 1330 35 2 3457 144 1 755
K 0 0 43
A D 6 96
J N 5 1374 21 3 3889 144 1 755
K -18 0 63
K 0 0 43
A D 6 96
J N 5 1400 14 2 4321 144 1 755
K 0 0 43
A D 6 96
J N 5 1426 21 2 4753 144 1 755
K 0 0 43
A D 6 96
H 755 B -53 -1 108 4 22 11 11 33   
J N 5 1452 14 2 5185 144 1 756
K 0 0 43
A D 6 96
J N 5 1478 7 2 5617 144 1 756
K 0 0 43
A D 6 96
J N 5 1518 0 3 6049 144 1 756
K -14 0 64
K 0 0 43
A D 6 96
J N 5 1544 14 2 6481 144 2 756 752
K 0 0 43
A D 6 96
H 756 B -46 0 108 4 22 11 11 33   
H 752 S 0 6 -64 0 -7 0 0 0 0
J B 349 1574 1 82 6913 144 0
J N 7 1597 21 4 1 0 0
K 0 0 43
K 0 0 60
K 0 21 60
A D 24 96
J R 7 1720 28 2 1729 576 0
K 0 0 48
A D 24 96
J R 8 1830 28 2 3457 576 0
K 0 0 47
A D 48 96
J B 350 2050 1 82 6913 1152 0
E *
L 1485 0 0 330 330 * 0 14
J C 4 5 42 2 6913 0 0
K 0 0 33
K 0 0 34
J K 2 57 0 2 6913 0 0
K 0 0 63
K 15 21 63
J R 6 136 28 2 1 0 0
K 0 0 49
A D 2 16
J N 6 188 56 4 865 288 2 240 241
K 0 0 43
K 0 49 108
K 23 49 108
A D 2 16
J N 6 257 42 2 1729 288 1 241
K 0 0 43
A D 2 16
J N 6 309 56 2 2593 288 1 241
K 0 0 43
A D 2 16
H 241 B 60 0 108 3 2 1 3   
J N 6 361 42 2 3457 288 1 242
K 0 0 43
A D 2 16
J N 6 413 56 2 4321 288 1 242
K 0 0 43
A D 2 16
J N 6 482 42 2 5185 288 1 242
K 0 0 43
A D 2 16
J N 6 534 56 2 6049 288 2 242 240
K 0 0 43
A D 2 16
H 242 B 46 0 108 4 2 1 1 3   
H 240 S 12 0 0 0 0 0 0 0 0
J B 347 590 1 82 6913 288 0
J R 6 613 28 2 1 0 0
K 0 0 49
A D 2 16
J N 6 668 84 6 865 288 2 243 244
K 1 -14 45
K 1 0 45
K 0 0 43
K -1 0 45
K 2 0 45
A D 2 16
J N 6 733 49 3 1729 288 1 244
K -14 0 64
K 0 0 43
A D 2 16
J N 6 788 84 6 2593 288 1 244
K 1 -14 45
K 1 0 45
K 0 0 43
K -1 0 45
K 2 0 45
A D 2 16
H 244 B 84 0 108 3 2 1 3   
J N 6 843 49 2 3457 288 1 245
K 0 0 43
A D 2 16
J N 6 898 84 6 4321 288 1 245
K 1 -14 45
K 1 0 45
K 0 0 43
K -1 0 45
K 2 0 45
A D 2 16
J N 6 953 49 2 5185 288 1 245
K 0 0 43
A D 2 16
J N 6 1008 84 6 6049 288 2 245 243
K 1 -14 45
K 1 0 45
K 0 0 43
K -1 0 45
K 2 0 45
A D 2 16
H 245 B 51 2 108 4 2 1 1 3   
H 243 S 12 0 0 0 0 0 0 0 0
J B 348 1067 1 82 6913 288 0
J R 6 1090 28 2 1 0 0
K 0 0 49
A D 2 16
J N 6 1156 84 6 865 288 2 246 247
K 1 -14 45
K 1 0 45
K 0 0 43
K -1 0 45
K 2 0 45
A D 2 16
J N 6 1208 63 2 1729 288 1 247
K 0 0 43
A D 2 16
J N 6 1278 84 6 2593 288 1 247
K 1 -14 45
K 1 0 45
K 0 0 43
K -1 0 45
K 2 0 45
A D 2 16
H 247 B 70 0 108 3 2 1 3   
J N 6 1330 63 2 3457 288 1 248
K 0 0 43
A D 2 16
J N 6 1400 84 6 4321 288 1 248
K 1 -14 45
K 1 0 45
K 0 0 43
K -1 0 45
K 2 0 45
A D 2 16
J N 6 1452 63 2 5185 288 1 248
K 0 0 43
A D 2 16
J N 6 1518 84 6 6049 288 2 248 246
K 1 -14 45
K 1 0 45
K 0 0 43
K -1 0 45
K 2 0 45
A D 2 16
H 248 B 52 2 108 4 2 1 1 3   
H 246 S 12 0 0 0 0 0 0 0 0
J B 349 1574 1 82 6913 288 0
J R 6 1597 28 2 1 0 0
K 0 0 49
A D 2 16
J N 6 1652 84 6 865 288 2 249 250
K 1 -14 45
K 1 0 45
K 0 0 43
K -1 0 45
K 2 0 45
A D 2 16
J N 6 1720 70 6 1729 288 1 250
K 1 0 45
K -18 0 63
K 0 0 43
K -1 0 45
K 2 0 45
A D 2 16
J N 6 1775 84 6 2593 288 1 250
K 1 -14 45
K 1 0 45
K 0 0 43
K -1 0 45
K 2 0 45
A D 2 16
H 250 B 60 0 108 3 2 1 3   
J N 6 1830 70 5 3457 288 1 251
K 1 0 45
K 0 0 43
K -1 0 45
K 2 0 45
A D 2 16
J N 6 1884 84 6 4321 288 1 251
K 1 -14 45
K 1 0 45
K 0 0 43
K -1 0 45
K 2 0 45
A D 2 16
J N 6 1938 70 5 5185 288 1 251
K 1 0 45
K 0 0 43
K -1 0 45
K 2 0 45
A D 2 16
J N 6 1992 84 6 6049 288 2 251 249
K 1 -14 45
K 1 0 45
K 0 0 43
K -1 0 45
K 2 0 45
A D 2 16
H 251 B 46 0 108 4 2 1 1 3   
H 249 S 12 0 0 0 0 0 0 0 0
J B 350 2050 1 82 6913 288 0
E *
L 1660 0 0 330 330 * 0 14
J C 4 5 42 2 6913 0 0
K 0 0 33
K 0 0 34
J K 2 57 0 2 6913 0 0
K 0 0 63
K 15 21 63
J N 9 136 70 9 1 0 0
K 1 0 45
K 7 0 45
K -18 0 63
K 0 0 41
K -1 0 45
K 2 0 45
K 0 33 108
K 23 33 108
A D 16 16
J B 347 590 1 82 6913 2304 0
J N 9 613 49 3 1 0 0
K -14 0 64
K 0 0 41
A D 16 16
J B 348 1067 1 82 6913 2304 0
J N 9 1090 35 2 1 0 0
K 0 0 41
A D 16 16
J B 349 1574 1 82 6913 2304 0
J N 9 1597 42 2 1 0 0
K 0 0 41
A D 16 16
J B 350 2050 1 82 6913 2304 0
E *
L 1835 0 0 330 330 * 0 14
J C 13 5 28 35 6913 0 0
J K 2 57 0 2 6913 0 0
K 0 7 63
K 15 28 63
J N 9 136 77 9 1 0 0
K 1 -7 45
K 7 -7 45
K -18 0 63
K 0 0 41
K 0 -7 45
K 1 -7 45
K 0 33 108
K 23 33 108
A D 48 48
J B 347 590 1 82 6913 2304 0
J N 9 613 56 3 1 0 0
K -14 0 64
K 0 0 41
A D 48 48
J B 348 1067 1 82 6913 2304 0
J N 9 1090 42 2 1 0 0
K 0 0 41
A D 48 48
J B 349 1574 1 82 6913 2304 0
J N 9 1597 49 2 1 0 0
K 0 0 41
A D 48 48
J B 350 2050 1 82 6913 2304 0
E *
L 2010 0 0 330 330 * 0 14
J C 22 5 14 36 6913 0 0
J K 2 57 0 2 6913 0 0
K 0 14 63
K 15 35 63
J N 9 136 49 4 1 0 0
K 0 0 41
K 0 36 108
K 23 36 108
A D 48 48
J B 347 590 1 82 6913 2304 0
J N 9 613 28 2 1 0 0
K 0 0 41
A D 48 48
J B 348 1067 1 82 6913 2304 0
J N 9 1090 14 3 1 0 0
K -14 0 64
K 0 0 41
A D 48 48
J B 349 1574 1 82 6913 2304 0
J N 9 1597 21 3 1 0 0
K -14 0 64
K 0 0 41
A D 48 48
J B 350 2050 1 82 6913 2304 0
E *
L 2185 0 0 330 330 * 0 14
J C 22 5 14 36 6913 0 0
J K 2 57 0 2 6913 0 0
K 0 14 63
K 15 35 63
J N 9 136 49 4 1 0 0
K 0 0 41
K 0 36 108
K 23 36 108
A D 48 48
J B 347 590 1 82 6913 2304 0
J N 9 613 28 2 1 0 0
K 0 0 41
A D 48 48
J B 348 1067 1 82 6913 2304 0
J N 9 1090 14 3 1 0 0
K -14 0 64
K 0 0 41
A D 48 48
J B 349 1574 1 82 6913 2304 0
J N 9 1597 21 3 1 0 0
K -14 0 64
K 0 0 41
A D 48 48
J B 350 2050 1 82 6913 2304 0
E *
B 1 590 0
B 1 1067 0
B 1 1574 0
B 1 2050 0
