S 0 200 140 2050 2241 13 "[........{..}...]"
L 0 0 0 330 330 * 0 14
J C 4 5 42 2 6913 0 0
K 0 0 33
K 0 0 34
J K 2 57 0 2 6913 0 0
K 0 0 63
K 15 21 63
J D 0 53 -14 1 6913 0 0
W 0 0 37 \05\03\00
J R 9 330 28 46 1 0 0
J B 531 580 1 82 6913 1 0
J D 0 587 0 1 1 0 0
W 0 -28 33 TUTTI.
J R 9 809 28 2 1 10000 0
K 0 0 46
A D 16 16
J B 532 1067 1 82 6913 2304 0
J R 9 1301 28 46 1 0 0
J B 533 1564 1 82 6913 1 0
J R 8 1585 28 2 1 0 0
K 0 0 47
A D 8 16
J N 7 1814 -28 9 3457 1152 0
K 0 14 45
K 0 0 45
K 0 0 43
K -1 0 45
K 2 0 45
K 0 112 110
K 0 0 60
K 0 28 60
A D 4 16
J R 7 1939 28 2 5185 576 0
K 0 0 48
A D 4 16
J B 534 2050 1 82 6913 576 0
E *
L 175 0 0 330 330 * 0 14
J C 4 5 42 2 6913 0 0
K 0 0 33
K 0 0 34
J K 2 57 0 2 6913 0 0
K 0 0 63
K 15 21 63
J R 9 330 28 46 1 0 0
J R 9 809 28 46 1 0 0
J R 9 1301 28 46 1 0 0
J B 533 1564 1 82 6913 1 0
J R 8 1585 28 2 1 0 0
K 0 0 47
A D 8 16
J N 7 1814 7 12 3457 1152 0
K 0 -21 45
K 0 -35 45
K 0 -35 43
K -1 -35 45
K 2 -35 45
K 0 0 43
K 0 78 110
K 0 -35 60
K 0 -7 60
K 0 0 60
K 0 21 60
A D 4 16
J R 7 1939 28 2 5185 576 0
K 0 0 48
A D 4 16
J B 534 2050 1 82 6913 576 0
E *
L 360 0 0 330 330 * 0 14
J C 4 5 42 2 6913 0 0
K 0 0 33
K 0 0 34
J K -1 57 0 1 6913 0 0
K 0 28 65
J R 9 330 28 46 1 0 0
J R 9 809 28 46 1 0 0
J R 9 1301 28 46 1 0 0
J B 533 1564 1 82 6913 1 0
J R 8 1585 28 2 1 0 0
K 0 0 47
A D 4 8
J N 7 1814 42 8 3457 1152 0
K 0 -35 43
K 0 0 43
K 0 53 110
K 0 -35 60
K 0 -7 60
K 0 0 60
K 0 14 60
A D 2 8
J R 7 1939 28 2 5185 576 0
K 0 0 48
A D 2 8
J B 534 2050 1 82 6913 576 0
E *
L 555 0 0 330 330 * 0 14
J C 22 5 14 36 6913 0 0
J K 2 57 0 2 6913 0 0
K 0 14 63
K 15 35 63
J R 9 330 28 46 1 0 0
J R 9 809 28 46 1 0 0
J R 9 1301 28 46 1 0 0
J B 533 1564 1 82 6913 1 0
J R 8 1585 28 2 1 0 0
K 0 0 47
A D 8 16
J N 7 1814 49 8 3457 1152 0
K 0 -49 43
K 0 0 43
K 0 54 110
K 0 -49 60
K 0 -21 60
K 0 0 60
K 0 14 60
A D 4 16
J R 7 1939 28 2 5185 576 0
K 0 0 48
A D 4 16
J B 534 2050 1 82 6913 576 0
E *
L 735 0 0 330 330 * 0 14
J C 4 5 42 2 6913 0 0
K 0 0 33
K 0 0 34
J K 0 57 0 0 6913 0 0
J R 9 330 28 46 1 0 0
J R 9 809 28 46 1 0 0
J R 9 1301 28 46 1 0 0
J B 533 1564 1 82 6913 1 0
J R 8 1585 28 2 1 0 0
K 0 0 47
A D 4 8
J N 7 1814 14 7 3457 1152 0
K 0 0 43
K 0 28 43
K 0 72 110
K 0 28 59
K 0 0 59
K 0 -14 59
A D 2 8
J R 7 1939 28 2 5185 576 0
K 0 0 48
A D 2 8
J B 534 2050 1 82 6913 576 0
E *
L 915 0 0 330 330 * 0 14
J C 4 5 42 2 6913 0 0
K 0 0 33
K 0 0 34
J K 0 57 0 0 6913 0 0
J R 9 330 28 46 1 0 0
J R 9 809 28 46 1 0 0
J R 9 1301 28 46 1 0 0
J B 533 1564 1 82 6913 1 0
J R 8 1585 28 2 1 0 0
K 0 0 47
A D 4 8
J N 7 1814 42 12 3457 1152 0
K 1 28 45
K 1 42 45
K 0 0 43
K 0 49 43
K 0 42 45
K 1 42 45
K 0 85 110
K 0 49 59
K 0 21 59
K 0 0 59
K 0 -21 59
A D 2 8
J R 7 1939 28 2 5185 576 0
K 0 0 48
A D 2 8
J B 534 2050 1 82 6913 576 0
E *
L 1100 0 0 330 330 * 0 14
J C 22 5 14 36 6913 0 0
J K 0 57 0 0 6913 0 0
J R 9 330 28 46 1 0 0
J R 9 809 28 46 1 0 0
J R 9 1301 28 46 1 0 0
J B 533 1564 1 82 6913 1 0
J R 8 1585 28 2 1 0 0
K 0 0 47
A D 8 16
J N 7 1814 49 5 3457 1152 0
K 0 0 43
K 0 39 110
K 0 0 59
K 0 -21 59
A D 4 16
J R 7 1939 28 2 5185 576 0
K 0 0 48
A D 4 16
J B 534 2050 1 82 6913 576 0
E *
L 1300 0 0 330 330 * 0 14
J C 4 5 42 2 6913 0 0
K 0 0 33
K 0 0 34
J K 2 57 0 2 6913 0 0
K 0 0 63
K 15 21 63
J N 5 130 21 2 1 0 2 1273 1274
K 0 0 43
A D 6 96
J N 5 158 14 2 433 144 1 1274
K 0 0 43
A D 6 96
J N 5 186 21 2 865 144 1 1274
K 0 0 43
A D 6 96
J N 5 214 28 2 1297 144 1 1274
K 0 0 43
A D 6 96
H 1274 B -51 1 108 4 22 11 11 33   
J N 5 242 35 2 1729 144 1 1275
K 0 0 43
A D 6 96
J N 5 270 28 2 2161 144 1 1275
K 0 0 43
A D 6 96
J N 5 298 35 2 2593 144 1 1275
K 0 0 43
A D 6 96
J N 5 326 42 2 3025 144 1 1275
K 0 0 43
A D 6 96
H 1275 B 52 0 108 4 22 11 11 33   
J N 5 354 49 2 3457 144 1 1276
K 0 0 43
A D 6 96
J N 5 382 42 2 3889 144 1 1276
K 0 0 43
A D 6 96
J N 5 410 49 2 4321 144 1 1276
K 0 0 43
A D 6 96
J N 5 438 56 2 4753 144 1 1276
K 0 0 43
A D 6 96
H 1276 B 53 0 108 4 22 11 11 33   
J N 5 466 63 2 5185 144 1 1277
K 0 0 43
A D 6 96
J N 5 494 70 5 5617 144 1 1277
K 1 0 45
K 0 0 43
K -1 0 45
K 2 0 45
A D 6 96
J N 5 522 77 5 6049 144 1 1277
K 1 -7 45
K 0 0 43
K 0 -7 45
K 1 -7 45
A D 6 96
J N 5 550 70 5 6481 144 2 1277 1273
K 1 0 45
K 0 0 43
K -1 0 45
K 2 0 45
A D 6 96
H 1277 B 53 1 108 4 22 11 11 33   
H 1273 S 0 0 -14 6 -53 2 0 0 0
J B 531 580 1 82 6913 144 0
J D 0 601 0 1 1 0 1 1278
W 0 126 33 !33cresc.
J N 5 601 63 2 1 0 2 1279 1280
K 0 0 43
A D 6 96
J N 5 629 56 2 433 144 1 1280
K 0 0 43
A D 6 96
J N 5 657 63 2 865 144 1 1280
K 0 0 43
A D 6 96
J N 5 685 70 5 1297 144 1 1280
K 1 0 45
K 0 0 43
K -1 0 45
K 2 0 45
A D 6 96
H 1280 B 53 0 108 4 22 11 11 33   
J N 5 713 63 2 1729 144 1 1281
K 0 0 43
A D 6 96
J N 5 741 56 2 2161 144 1 1281
K 0 0 43
A D 6 96
J N 5 769 49 2 2593 144 1 1281
K 0 0 43
A D 6 96
J N 5 797 42 2 3025 144 1 1281
K 0 0 43
A D 6 96
H 1281 B 52 -5 108 4 22 11 11 33   
J N 5 825 35 2 3457 144 1 1282
K 0 0 43
A D 6 96
J N 5 853 28 2 3889 144 1 1282
K 0 0 43
A D 6 96
J N 5 881 35 2 4321 144 1 1282
K 0 0 43
A D 6 96
J N 5 925 42 3 4753 144 1 1282
K -18 0 63
K 0 0 43
A D 6 96
H 1282 B 52 0 108 4 22 11 11 33   
J N 5 953 35 2 5185 144 1 1283
K 0 0 43
A D 6 96
J N 5 981 28 2 5617 144 1 1283
K 0 0 43
A D 6 96
J N 5 1009 21 2 6049 144 1 1283
K 0 0 43
A D 6 96
J N 5 1037 35 2 6481 144 2 1283 1279
K 0 0 43
A D 6 96
H 1283 B 59 0 108 4 22 11 11 33   
H 1279 S 12 0 0 0 0 0 0 0 0
J B 532 1067 1 82 6913 144 0
J N 5 1088 14 2 1 0 2 1284 1285
K 0 0 43
A D 6 96
J N 5 1116 7 2 433 144 1 1285
K 0 0 43
A D 6 96
J N 5 1144 14 2 865 144 1 1285
K 0 0 43
A D 6 96
J N 5 1172 21 2 1297 144 1 1285
K 0 0 43
A D 6 96
H 1285 B -58 1 108 4 22 11 11 33   
J N 5 1200 14 2 1729 144 1 1286
K 0 0 43
A D 6 96
J N 5 1228 7 2 2161 144 1 1286
K 0 0 43
A D 6 96
J N 5 1256 0 2 2593 144 1 1286
K 0 0 43
A D 6 96
J N 5 1296 -7 3 3025 144 1 1286
K -14 0 64
K 0 0 43
A D 6 96
H 1286 B -44 -4 108 4 22 11 11 33   
J N 5 1324 -14 5 3457 144 1 1287
K 0 0 45
K 0 0 43
K -1 0 45
K 2 0 45
A D 6 96
J N 5 1352 -21 5 3889 144 1 1287
K 0 7 45
K 0 0 43
K 0 7 45
K 1 7 45
A D 6 96
J N 5 1380 -14 5 4321 144 1 1287
K 0 0 45
K 0 0 43
K -1 0 45
K 2 0 45
A D 6 96
J N 5 1424 -7 3 4753 144 1 1287
K -18 0 63
K 0 0 43
A D 6 96
H 1287 B -57 1 108 4 22 11 11 33   
J N 5 1452 -14 5 5185 144 1 1288
K 0 0 45
K 0 0 43
K -1 0 45
K 2 0 45
A D 6 96
J N 5 1480 -21 5 5617 144 1 1288
K 0 7 45
K 0 0 43
K 0 7 45
K 1 7 45
A D 6 96
J N 5 1507 -28 6 6049 144 1 1288
K 0 14 45
K 0 0 45
K 0 0 43
K -1 0 45
K 2 0 45
A D 6 96
J N 5 1534 -14 5 6481 144 2 1288 1284
K 0 0 45
K 0 0 43
K -1 0 45
K 2 0 45
A D 6 96
H 1288 B -46 0 108 4 22 11 11 33   
H 1284 S 0 0 0 0 -14 0 0 0 0
J B 533 1564 1 82 6913 144 0
J N 5 1585 -35 6 1 0 1 1289
K 0 21 45
K 0 7 45
K 0 0 43
K 0 7 45
K 1 7 45
A D 6 96
J N 5 1612 -42 7 433 144 1 1289
K 0 28 45
K 0 14 45
K 0 0 45
K 0 0 43
K -1 0 45
K 2 0 45
A D 6 96
J N 5 1639 -35 6 865 144 1 1289
K 0 21 45
K 0 7 45
K 0 0 43
K 0 7 45
K 1 7 45
A D 6 96
J N 5 1666 -28 6 1297 144 1 1289
K 0 14 45
K 0 0 45
K 0 0 43
K -1 0 45
K 2 0 45
A D 6 96
H 1289 B -63 1 108 4 22 11 11 33   
J N 5 1693 -35 6 1729 144 1 1290
K 0 21 45
K 0 7 45
K 0 0 43
K 0 7 45
K 1 7 45
A D 6 96
J N 5 1720 -42 7 2161 144 1 1290
K 0 28 45
K 0 14 45
K 0 0 45
K 0 0 43
K -1 0 45
K 2 0 45
A D 6 96
J N 5 1747 -49 7 2593 144 1 1290
K 0 35 45
K 0 21 45
K 0 7 45
K 0 0 43
K 0 7 45
K 1 7 45
A D 6 96
J N 5 1787 -56 9 3025 144 1 1290
K 0 42 45
K 0 28 45
K 0 14 45
K 0 0 45
K -14 0 64
K 0 0 43
K -1 0 45
K 2 0 45
A D 6 96
H 1290 B -68 -1 108 4 22 11 11 33   
J S 0 1814 119 110 3457 144 1 1278
H 1278 D 121 -34 126 0 31
J N 5 1814 -63 8 3457 0 1 1291
K 0 49 45
K 0 35 45
K 0 21 45
K 0 7 45
K 0 0 43
K 0 7 45
K 1 7 45
A D 6 96
J N 5 1841 -70 9 3889 144 1 1291
K 0 56 45
K 0 42 45
K 0 28 45
K 0 14 45
K 0 0 45
K 0 0 43
K -1 0 45
K 2 0 45
A D 6 96
J N 5 1868 -63 8 4321 144 1 1291
K 0 49 45
K 0 35 45
K 0 21 45
K 0 7 45
K 0 0 43
K 0 7 45
K 1 7 45
A D 6 96
J N 5 1912 -56 9 4753 144 1 1291
K 0 42 45
K 0 28 45
K 0 14 45
K 0 0 45
K -18 0 63
K 0 0 43
K -1 0 45
K 2 0 45
A D 6 96
H 1291 B -91 1 108 4 22 11 11 33   
J N 5 1939 -63 8 5185 144 1 1292
K 0 49 45
K 0 35 45
K 0 21 45
K 0 7 45
K 0 0 43
K 0 7 45
K 1 7 45
A D 6 96
J N 5 1966 -70 9 5617 144 1 1292
K 0 56 45
K 0 42 45
K 0 28 45
K 0 14 45
K 0 0 45
K 0 0 43
K -1 0 45
K 2 0 45
A D 6 96
J N 5 1993 -77 9 6049 144 1 1292
K 0 63 45
K 0 49 45
K 0 35 45
K 0 21 45
K 0 7 45
K 0 0 43
K 0 7 45
K 1 7 45
A D 6 96
J N 5 2020 -63 8 6481 144 1 1292
K 0 49 45
K 0 35 45
K 0 21 45
K 0 7 45
K 0 0 43
K 0 7 45
K 1 7 45
A D 6 96
H 1292 B -91 0 108 4 22 11 11 33   
J B 534 2050 1 82 6913 144 0
E *
L 1485 0 0 330 330 * 0 14
J C 4 5 42 2 6913 0 0
K 0 0 33
K 0 0 34
J K 2 57 0 2 6913 0 0
K 0 0 63
K 15 21 63
J N 9 130 42 2 1 0 1 364
K 0 0 41
A D 16 16
J M 0 78 0 0 6913 0 1 364
H 364 T 42 0 0 0 0 0 13 0
J B 531 580 1 82 6913 2304 0
J D 0 601 0 1 1 0 1 365
W 0 95 33 !33cresc.
J N 7 601 49 4 1 0 0
K 0 0 43
K 0 0 59
K 0 -21 59
A D 4 16
J R 7 713 28 2 1729 576 0
K 0 0 48
A D 4 16
J N 7 825 21 7 3457 576 0
K 0 0 43
K 0 35 43
K 0 35 59
K 0 7 59
K 0 0 59
K 0 -14 59
A D 4 16
J R 7 953 28 2 5185 576 0
K 0 0 48
A D 4 16
J B 532 1067 1 82 6913 576 0
J N 7 1088 14 7 1 0 0
K 0 0 43
K 0 35 43
K 0 35 59
K 0 7 59
K 0 0 59
K 0 -14 59
A D 4 16
J R 7 1200 28 2 1729 576 0
K 0 0 48
A D 4 16
J N 7 1324 35 7 3457 576 0
K 0 -42 43
K 0 0 43
K 0 -42 60
K 0 -14 60
K 0 0 60
K 0 14 60
A D 4 16
J R 7 1452 28 2 5185 576 0
K 0 0 48
A D 4 16
J B 533 1564 1 82 6913 576 0
J N 7 1585 35 7 1 0 0
K 0 -35 43
K 0 0 43
K 0 -35 60
K 0 -7 60
K 0 0 60
K 0 14 60
A D 4 16
J R 7 1693 28 2 1729 576 0
K 0 0 48
A D 4 16
J S 0 1814 95 110 3457 576 1 365
H 365 D 121 -34 95 0 31
J N 7 1814 35 13 3457 0 0
K 0 -49 45
K 0 -63 45
K 0 -63 43
K -1 -63 45
K 2 -63 45
K 0 -28 43
K 0 0 43
K 0 -63 60
K 0 -35 60
K 0 -7 60
K 0 0 60
K 0 14 60
A D 4 16
J R 7 1939 28 2 5185 576 0
K 0 0 48
A D 4 16
J B 534 2050 1 82 6913 576 0
E *
L 1660 0 0 330 330 * 0 14
J C 4 5 42 2 6913 0 0
K 0 0 33
K 0 0 34
J K 2 57 0 2 6913 0 0
K 0 0 63
K 15 21 63
J N 8 130 56 5 1 0 2 249 248
K 0 0 42
K 24 -6 44
K 0 0 59
K 0 -21 59
A D 12 16
J M 0 78 0 0 6913 0 1 248
H 248 T 56 0 0 0 0 0 13 0
J N 7 466 70 7 5185 1728 1 249
K 1 0 45
K 0 0 43
K -1 0 45
K 2 0 45
K 0 0 59
K 0 -21 59
A D 4 16
H 249 S 12 0 0 0 0 0 0 0 0
J B 531 580 1 82 6913 576 0
J D 0 601 0 1 1 0 1 250
W 0 109 33 !33 cresc.
J N 7 601 63 4 1 0 0
K 0 0 43
K 0 0 59
K 0 -21 59
A D 4 16
J R 7 713 28 2 1729 576 0
K 0 0 48
A D 4 16
J N 7 825 42 11 3457 576 0
K 1 28 45
K 1 42 45
K 0 0 43
K 0 42 43
K -1 42 45
K 2 42 45
K 0 42 59
K 0 14 59
K 0 0 59
K 0 -21 59
A D 4 16
J R 7 953 28 2 5185 576 0
K 0 0 48
A D 4 16
J B 532 1067 1 82 6913 576 0
J N 7 1088 49 11 1 0 0
K 1 21 45
K 1 35 45
K 0 0 43
K 0 35 43
K -1 35 45
K 2 35 45
K 0 35 59
K 0 7 59
K 0 0 59
K 0 -21 59
A D 4 16
J R 7 1200 28 2 1729 576 0
K 0 0 48
A D 4 16
J N 7 1324 21 7 3457 576 0
K 0 0 43
K 0 35 43
K 0 35 59
K 0 7 59
K 0 0 59
K 0 -14 59
A D 4 16
J R 7 1452 28 2 5185 576 0
K 0 0 48
A D 4 16
J B 533 1564 1 82 6913 576 0
J N 7 1585 14 7 1 0 0
K 0 0 43
K 0 35 43
K 0 35 59
K 0 7 59
K 0 0 59
K 0 -14 59
A D 4 16
J R 7 1693 28 2 1729 576 0
K 0 0 48
A D 4 16
J S 0 1814 105 110 3457 576 1 250
H 250 D 130 -34 109 0 31
J N 7 1814 35 7 3457 0 0
K 0 -42 43
K 0 0 43
K 0 -42 60
K 0 -14 60
K 0 0 60
K 0 14 60
A D 4 16
J R 7 1939 28 2 5185 576 0
K 0 0 48
A D 4 16
J B 534 2050 1 82 6913 576 0
E *
L 1835 0 0 330 330 * 0 14
J C 13 5 28 35 6913 0 0
J K 2 57 0 2 6913 0 0
K 0 7 63
K 15 28 63
J N 9 130 42 2 1 0 1 257
K 0 0 41
A D 48 48
J M 0 78 0 0 6913 0 1 257
H 257 T 42 0 0 0 0 0 13 0
J B 531 580 1 82 6913 2304 0
J D 0 601 0 1 1 0 1 258
W 0 119 33 !33cresc.
J N 7 601 70 7 1 0 1 259
K 1 0 45
K 0 0 43
K -1 0 45
K 2 0 45
K 0 0 59
K 0 -21 59
A D 12 48
J N 7 713 56 4 1729 576 0
K 0 0 43
K 0 0 59
K 0 -21 59
A D 12 48
J N 7 825 42 4 3457 576 0
K 0 0 43
K 0 0 59
K 0 -21 59
A D 12 48
J N 6 953 49 2 5185 576 1 260
K 0 0 43
A D 6 48
J N 6 1009 63 2 6049 288 2 260 259
K 0 0 43
A D 6 48
H 260 B 42 3 108 2 2 3   
H 259 S 12 0 0 0 0 0 0 0 0
J B 532 1067 1 82 6913 288 0
J N 7 1088 70 7 1 0 1 261
K 1 0 45
K 0 0 43
K -1 0 45
K 2 0 45
K 0 0 59
K 0 -21 59
A D 12 48
J N 7 1200 56 4 1729 576 0
K 0 0 43
K 0 0 59
K 0 -21 59
A D 12 48
J N 7 1324 42 4 3457 576 0
K 0 0 43
K 0 0 59
K 0 -21 59
A D 12 48
J N 6 1452 49 2 5185 576 1 262
K 0 0 43
A D 6 48
J N 6 1507 63 2 6049 288 2 262 261
K 0 0 43
A D 6 48
H 262 B 42 3 108 2 2 3   
H 261 S 12 0 0 0 0 0 0 0 0
J B 533 1564 1 82 6913 288 0
J N 7 1585 70 7 1 0 1 263
K 1 0 45
K 0 0 43
K -1 0 45
K 2 0 45
K 0 0 59
K 0 -21 59
A D 12 48
J N 7 1693 56 4 1729 576 0
K 0 0 43
K 0 0 59
K 0 -21 59
A D 12 48
J S 0 1814 84 110 3457 576 1 258
H 258 D 121 -34 119 0 31
J N 7 1814 42 4 3457 0 0
K 0 0 43
K 0 0 59
K 0 -21 59
A D 12 48
J N 6 1939 49 2 5185 576 1 264
K 0 0 43
A D 6 48
J N 6 1993 63 2 6049 288 2 264 263
K 0 0 43
A D 6 48
H 264 B 42 3 108 2 2 3   
H 263 S 12 0 0 0 0 0 0 0 0
J B 534 2050 1 82 6913 288 0
E *
L 2010 0 0 330 330 * 0 14
J C 22 5 14 36 6913 0 0
J K 2 57 0 2 6913 0 0
K 0 14 63
K 15 35 63
J N 7 130 7 4 1 0 0
K 0 0 43
K 0 0 60
K 0 21 60
A D 12 48
J N 7 242 7 5 1729 576 0
K -18 0 63
K 0 0 43
K 0 0 60
K 0 21 60
A D 12 48
J N 7 354 0 4 3457 576 0
K 0 0 43
K 0 0 60
K 0 21 60
A D 12 48
J N 6 466 7 3 5185 576 1 218
K -14 0 64
K 0 0 43
A D 6 48
J N 6 522 21 2 6049 288 2 218 217
K 0 0 43
A D 6 48
H 218 B -51 3 108 2 2 3   
J M 0 116 0 0 6913 0 1 217
H 217 S 0 0 14 0 0 0 0 0
J B 531 580 1 82 6913 288 0
J D 0 601 0 1 1 0 1 219
W 0 98 33 !33cresc.
J N 7 601 28 4 1 0 1 220
K 0 0 43
K 0 0 60
K 0 21 60
A D 12 48
J N 7 713 14 4 1729 576 0
K 0 0 43
K 0 0 60
K 0 21 60
A D 12 48
J N 7 825 0 4 3457 576 0
K 0 0 43
K 0 0 60
K 0 21 60
A D 12 48
J N 6 953 7 2 5185 576 1 221
K 0 0 43
A D 6 48
J N 6 1009 21 2 6049 288 2 221 220
K 0 0 43
A D 6 48
H 221 B -51 3 108 2 2 3   
H 220 S 0 0 -14 0 -14 1 0 0 0
J B 532 1067 1 82 6913 288 0
J N 7 1088 28 4 1 0 1 222
K 0 0 43
K 0 0 60
K 0 21 60
A D 12 48
J N 7 1200 14 4 1729 576 0
K 0 0 43
K 0 0 60
K 0 21 60
A D 12 48
J N 7 1324 0 4 3457 576 0
K 0 0 43
K 0 0 60
K 0 21 60
A D 12 48
J N 6 1452 7 2 5185 576 1 223
K 0 0 43
A D 6 48
J N 6 1507 21 2 6049 288 2 223 222
K 0 0 43
A D 6 48
H 223 B -51 3 108 2 2 3   
H 222 S 0 0 -14 0 -14 1 0 0 0
J B 533 1564 1 82 6913 288 0
J N 7 1585 28 4 1 0 1 224
K 0 0 43
K 0 0 60
K 0 21 60
A D 12 48
J N 7 1693 14 4 1729 576 0
K 0 0 43
K 0 0 60
K 0 21 60
A D 12 48
J S 0 1814 98 110 3457 576 1 219
H 219 D 121 -34 98 0 31
J N 7 1814 0 4 3457 0 0
K 0 0 43
K 0 0 60
K 0 21 60
A D 12 48
J N 6 1939 7 2 5185 576 1 225
K 0 0 43
A D 6 48
J N 6 1993 21 2 6049 288 2 225 224
K 0 0 43
A D 6 48
H 225 B -51 3 108 2 2 3   
H 224 S 0 0 -14 0 -7 2 0 0 0
J B 534 2050 1 82 6913 288 0
E *
L 2185 0 0 330 330 * 0 14
J C 22 5 14 36 6913 0 0
J K 2 57 0 2 6913 0 0
K 0 14 63
K 15 35 63
J N 9 130 49 2 1 0 1 161
K 0 0 41
A D 48 48
J M 0 78 0 0 6913 0 1 161
H 161 T 49 0 0 0 0 0 9 0
J B 531 580 1 82 6913 2304 0
J D 0 601 0 1 1 0 1 162
W 0 91 33 !33cresc.
J N 7 601 28 4 1 0 0
K 0 0 43
K 0 0 59
K 0 -14 59
A D 12 48
J R 7 713 28 2 1729 576 0
K 0 0 48
A D 12 48
J N 7 825 49 4 3457 576 0
K 0 0 43
K 0 0 59
K 0 -21 59
A D 12 48
J R 7 953 28 2 5185 576 0
K 0 0 48
A D 12 48
J B 532 1067 1 82 6913 576 0
J N 7 1088 28 4 1 0 0
K 0 0 43
K 0 0 59
K 0 -14 59
A D 12 48
J R 7 1200 28 2 1729 576 0
K 0 0 48
A D 12 48
J N 7 1324 49 4 3457 576 0
K 0 0 43
K 0 0 59
K 0 -21 59
A D 12 48
J R 7 1452 28 2 5185 576 0
K 0 0 48
A D 12 48
J B 533 1564 1 82 6913 576 0
J N 7 1585 28 4 1 0 0
K 0 0 43
K 0 0 59
K 0 -14 59
A D 12 48
J R 7 1693 28 2 1729 576 0
K 0 0 48
A D 12 48
J S 0 1814 91 110 3457 576 1 162
H 162 D 121 -34 91 0 31
J N 7 1814 49 4 3457 0 0
K 0 0 43
K 0 0 59
K 0 -21 59
A D 12 48
J R 7 1939 28 2 5185 576 0
K 0 0 48
A D 12 48
J B 534 2050 1 82 6913 576 0
E *
B 1 580 0
B 1 1067 0
B 1 1564 0
B 1 2050 0
