S 0 200 140 2050 1726 14 "([...])([{.}.].)[{..}.][(.)(.)(.)(.)][.]"
L 0 0 0 330 330 * 0 14 0
J D 0 -108 42 1 6913 0 0
W 0 0 31 Fl 1-2
J C 4 5 42 2 6913 0 0
K 0 0 33
K 0 0 34
J K 2 57 0 2 6913 0 0
K 0 0 63
K 15 21 63
J D 0 55 -14 1 6913 0 0
W 0 0 37 \02\01\08
J N 7 130 -14 13 1 0 0
K 0 0 45
K 0 -14 45
K 0 -28 45
K 0 -28 43
K -1 -28 45
K 2 -28 45
K 0 0 43
K -1 0 45
K 2 0 45
K 0 -28 60
K 0 0 60
K 0 21 60
A D 4 16 0
A P 1 255 0
A P 2 232 0
J R 6 198 28 2 2305 576 0
K 0 0 49
A D 2 16 0
A P 1 0 0
J N 7 232 -35 14 3457 288 0
K 0 21 45
K 0 7 45
K 0 -7 45
K 0 -14 43
K 0 -7 45
K 1 -7 45
K 0 0 43
K 0 7 45
K 1 7 45
K 0 -14 60
K 0 0 60
K 0 28 60
K 0 35 60
A D 4 16 0
A P 1 261 0
A P 2 249 0
J R 6 312 28 2 5761 576 0
K 0 0 49
A D 2 16 0
A P 1 0 0
J B 219 359 1 82 6913 288 0
J N 7 380 -35 14 1 0 0
K 0 21 45
K 0 7 45
K 0 -7 45
K 0 -14 43
K 0 -7 45
K 1 -7 45
K 0 0 43
K 0 7 45
K 1 7 45
K 0 -14 60
K 0 0 60
K 0 28 60
K 0 35 60
A D 4 16 0
A P 1 261 0
A P 2 249 0
J R 6 448 28 2 2305 576 0
K 0 0 49
A D 2 16 1
A P 1 0 1
J R 6 481 28 2 3457 288 0
K 0 0 49
A D 2 16 1
A P 1 0 1
J R 6 514 28 2 4609 288 0
K 0 0 49
A D 2 16 0
A P 1 0 0
J N 6 547 -28 13 5761 288 0
K 0 14 45
K 0 0 45
K 0 -14 45
K 0 -14 43
K -1 -14 45
K 2 -14 45
K 0 0 43
K -1 0 45
K 2 0 45
K 0 -14 60
K 0 0 60
K 0 7 54
A D 2 16 0
A P 1 255 0
A P 2 244 0
J B 220 593 1 82 6913 288 0
J N 7 614 -28 13 1 0 0
K 0 14 45
K 0 0 45
K 0 -14 45
K 0 -14 43
K -1 -14 45
K 2 -14 45
K 0 0 43
K -1 0 45
K 2 0 45
K 0 -14 60
K 0 0 60
K 0 28 60
A D 4 16 0
A P 1 255 0
A P 2 244 0
J R 6 680 28 2 2305 576 0
K 0 0 49
A D 2 16 1
A P 1 0 1
J R 7 719 28 2 3457 288 0
K 0 0 48
A D 4 16 1
A P 1 0 1
J R 6 785 28 2 5761 576 0
K 0 0 49
A D 2 16 0
A P 1 0 0
J B 221 831 1 82 6913 288 0
J N 7 852 -14 14 1 0 0
K 0 0 45
K 0 -14 45
K 0 -28 45
K 0 -35 43
K 0 -28 45
K 1 -28 45
K 0 0 43
K -1 0 45
K 2 0 45
K 0 -35 60
K 0 -7 60
K 0 0 60
K 0 21 60
A D 4 16 0
A P 1 261 0
A P 2 232 0
J R 6 918 28 2 2305 576 0
K 0 0 49
A D 2 16 0
A P 1 0 0
J N 7 951 -35 14 3457 288 0
K 0 21 45
K 0 7 45
K 0 -7 45
K 0 -14 43
K 0 -7 45
K 1 -7 45
K 0 0 43
K 0 7 45
K 1 7 45
K 0 -14 60
K 0 0 60
K 0 28 60
K 0 35 60
A D 4 16 0
A P 1 261 0
A P 2 249 0
J R 6 1017 28 2 5761 576 0
K 0 0 49
A D 2 16 0
A P 1 0 0
J B 222 1063 1 82 6913 288 0
J N 7 1084 -35 15 1 0 0
K 0 21 45
K 0 7 45
K 0 -7 45
K 0 -21 45
K 0 -21 43
K -1 -21 45
K 2 -21 45
K 0 0 43
K 0 7 45
K 1 7 45
K 0 -21 60
K 0 0 60
K 0 28 60
K 0 35 60
A D 4 16 0
A P 1 266 0
A P 2 249 0
J R 6 1150 28 2 2305 576 0
K 0 0 49
A D 2 16 0
A P 1 0 0
J N 7 1192 -35 15 3457 288 0
K 0 21 45
K 0 7 45
K 0 -7 45
K 0 -21 45
K 0 -28 43
K 0 -21 45
K 1 -21 45
K 0 0 43
K 0 7 45
K 1 7 45
K 0 -28 60
K 0 0 60
K 0 28 60
K 0 35 60
A D 4 16 0
A P 1 272 0
A P 2 249 0
J R 6 1258 28 2 5761 576 0
K 0 0 49
A D 2 16 0
A P 1 0 0
J B 223 1304 1 82 6913 288 0
J N 7 1327 -35 15 1 0 0
K 0 21 45
K 0 7 45
K 0 -7 45
K 0 -21 45
K 0 -28 43
K 0 -21 45
K 1 -21 45
K 0 0 43
K 0 7 45
K 1 7 45
K 0 -28 60
K 0 0 60
K 0 28 60
K 0 35 60
A D 4 16 0
A P 1 272 0
A P 2 249 0
J R 6 1393 28 2 2305 576 0
K 0 0 49
A D 2 16 0
A P 1 0 0
J N 7 1435 -35 15 3457 288 0
K 0 21 45
K 0 7 45
K 0 -7 45
K 0 -21 45
K 0 -21 43
K -1 -21 45
K 2 -21 45
K 0 0 43
K 0 7 45
K 1 7 45
K 0 -21 60
K 0 0 60
K 0 28 60
K 0 35 60
A D 4 16 0
A P 1 266 0
A P 2 249 0
J R 6 1501 28 2 5761 576 0
K 0 0 49
A D 2 16 0
A P 1 0 0
J B 224 1547 1 82 6913 288 0
J N 7 1568 -35 14 1 0 0
K 0 21 45
K 0 7 45
K 0 -7 45
K 0 -14 43
K 0 -7 45
K 1 -7 45
K 0 0 43
K 0 7 45
K 1 7 45
K 0 -14 60
K 0 0 60
K 0 28 60
K 0 35 60
A D 4 16 0
A P 1 261 0
A P 2 249 0
J R 6 1634 28 2 2305 576 0
K 0 0 49
A D 2 16 0
A P 1 0 0
J N 7 1679 -35 14 3457 288 0
K 0 21 45
K 0 7 45
K 0 -7 45
K 0 -7 43
K -1 -7 45
K 2 -7 45
K -18 0 43
K -18 7 45
K -17 7 45
K 0 -7 60
K 0 0 60
K 0 28 60
K 0 35 60
A D 4 16 0
A P 1 255 0
A P 2 249 0
J R 6 1745 28 2 5761 576 0
K 0 0 49
A D 2 16 0
A P 1 0 0
J B 225 1791 1 82 6913 288 0
J N 7 1815 0 11 1 0 0
K 0 -14 45
K 0 -28 45
K 0 -35 43
K 0 -28 45
K 1 -28 45
K 0 0 43
K 0 -35 60
K 0 -7 60
K 0 0 60
K 0 21 60
A D 4 16 0
A P 1 249 0
A P 2 221 0
J R 6 1892 28 2 2305 576 0
K 0 0 49
A D 2 16 0
A P 1 0 0
J N 7 1925 0 11 3457 288 0
K 0 -14 45
K 0 -28 45
K 0 -35 43
K 0 -28 45
K 1 -28 45
K 0 0 43
K 0 -35 60
K 0 -7 60
K 0 0 60
K 0 21 60
A D 4 16 0
A P 1 249 0
A P 2 221 0
J R 6 2004 28 2 5761 576 0
K 0 0 49
A D 2 16 0
A P 1 0 0
J B 226 2050 1 82 6913 288 0
E *
L 130 0 0 330 330 * 0 14 0
J D 0 -119 42 1 6913 0 0
W 0 0 31 Ob 1-2
J C 4 5 42 2 6913 0 0
K 0 0 33
K 0 0 34
J K 2 57 0 2 6913 0 0
K 0 0 63
K 15 21 63
J D 0 55 -14 1 6913 0 0
W 0 0 0 \02\01\08
J N 7 130 35 6 1 0 0
K 0 -28 43
K 0 0 43
K 0 -28 60
K 0 0 60
K 0 14 60
A D 4 16 0
A P 1 215 0
A P 2 192 0
J R 6 198 28 2 2305 576 0
K 0 0 49
A D 2 16 0
A P 1 0 0
J N 7 232 14 6 3457 288 0
K 0 -14 43
K 0 0 43
K 0 -14 60
K 0 0 60
K 0 21 60
A D 4 16 0
A P 1 221 0
A P 2 209 0
J R 6 312 28 2 5761 576 0
K 0 0 49
A D 2 16 0
A P 1 0 0
J B 219 359 1 82 6913 288 0
J N 7 380 14 6 1 0 0
K 0 -14 43
K 0 0 43
K 0 -14 60
K 0 0 60
K 0 21 60
A D 4 16 0
A P 1 221 0
A P 2 209 0
J R 6 448 28 2 2305 576 0
K 0 0 49
A D 2 16 1
A P 1 0 1
J R 6 481 28 2 3457 288 0
K 0 0 49
A D 2 16 1
A P 1 0 1
J R 6 514 28 2 4609 288 0
K 0 0 49
A D 2 16 0
A P 1 0 0
J N 6 547 21 5 5761 288 0
K 0 -14 43
K 0 0 43
K 0 -14 60
K 0 0 54
A D 2 16 0
A P 1 215 0
A P 2 204 0
J B 220 593 1 82 6913 288 0
J N 7 614 21 6 1 0 0
K 0 -14 43
K 0 0 43
K 0 -14 60
K 0 0 60
K 0 21 60
A D 4 16 0
A P 1 215 0
A P 2 204 0
J R 6 680 28 2 2305 576 0
K 0 0 49
A D 2 16 1
A P 1 0 1
J R 7 719 28 2 3457 288 0
K 0 0 48
A D 4 16 1
A P 1 0 1
J R 6 785 28 2 5761 576 0
K 0 0 49
A D 2 16 0
A P 1 0 0
J B 221 831 1 82 6913 288 0
J N 7 852 35 7 1 0 0
K 0 -35 43
K 0 0 43
K 0 -35 60
K 0 -7 60
K 0 0 60
K 0 14 60
A D 4 16 0
A P 1 221 0
A P 2 192 0
J R 6 918 28 2 2305 576 0
K 0 0 49
A D 2 16 0
A P 1 0 0
J N 7 951 0 9 3457 288 0
K 0 -14 45
K 0 -14 43
K -1 -14 45
K 2 -14 45
K 0 0 43
K 0 -14 60
K 0 0 60
K 0 21 60
A D 4 16 0
A P 1 232 0
A P 2 221 0
J R 6 1017 28 2 5761 576 0
K 0 0 49
A D 2 16 0
A P 1 0 0
J B 222 1063 1 82 6913 288 0
J N 7 1084 -7 9 1 0 0
K 0 -7 45
K 0 -14 43
K 0 -7 45
K 1 -7 45
K 0 0 43
K 0 -14 60
K 0 0 60
K 0 21 60
A D 4 16 0
A P 1 238 0
A P 2 226 0
J R 6 1150 28 2 2305 576 0
K 0 0 49
A D 2 16 0
A P 1 0 0
J N 7 1192 -14 13 3457 288 0
K 0 0 45
K 0 -14 45
K -14 -14 64
K 0 -14 43
K -1 -14 45
K 2 -14 45
K 0 0 43
K -1 0 45
K 2 0 45
K 0 -14 60
K 0 0 60
K 0 21 60
A D 4 16 0
A P 1 243 0
A P 2 232 0
J R 6 1258 28 2 5761 576 0
K 0 0 49
A D 2 16 0
A P 1 0 0
J B 223 1304 1 82 6913 288 0
J N 7 1327 -14 13 1 0 0
K 0 0 45
K 0 -14 45
K -14 -14 64
K 0 -14 43
K -1 -14 45
K 2 -14 45
K 0 0 43
K -1 0 45
K 2 0 45
K 0 -14 60
K 0 0 60
K 0 21 60
A D 4 16 0
A P 1 243 0
A P 2 232 0
J R 6 1393 28 2 2305 576 0
K 0 0 49
A D 2 16 0
A P 1 0 0
J N 7 1435 -7 9 3457 288 0
K 0 -7 45
K 0 -14 43
K 0 -7 45
K 1 -7 45
K 0 0 43
K 0 -14 60
K 0 0 60
K 0 21 60
A D 4 16 0
A P 1 238 0
A P 2 226 0
J R 6 1501 28 2 5761 576 0
K 0 0 49
A D 2 16 0
A P 1 0 0
J B 224 1547 1 82 6913 288 0
J N 7 1568 0 9 1 0 0
K 0 -14 45
K 0 -14 43
K -1 -14 45
K 2 -14 45
K 0 0 43
K 0 -14 60
K 0 0 60
K 0 21 60
A D 4 16 0
A P 1 232 0
A P 2 221 0
J R 6 1634 28 2 2305 576 0
K 0 0 49
A D 2 16 0
A P 1 0 0
J N 7 1679 7 6 3457 288 0
K 0 -14 43
K 0 0 43
K 0 -14 60
K 0 0 60
K 0 21 60
A D 4 16 0
A P 1 226 0
A P 2 215 0
J R 6 1745 28 2 5761 576 0
K 0 0 49
A D 2 16 0
A P 1 0 0
J B 225 1791 1 82 6913 288 0
J N 7 1815 14 6 1 0 0
K 0 -14 43
K 0 0 43
K 0 -14 60
K 0 0 60
K 0 21 60
A D 4 16 0
A P 1 221 0
A P 2 209 0
J R 6 1892 28 2 2305 576 0
K 0 0 49
A D 2 16 0
A P 1 0 0
J N 7 1925 14 6 3457 288 0
K 0 -14 43
K 0 0 43
K 0 -14 60
K 0 0 60
K 0 21 60
A D 4 16 0
A P 1 221 0
A P 2 209 0
J R 6 2004 28 2 5761 576 0
K 0 0 49
A D 2 16 0
A P 1 0 0
J B 226 2050 1 82 6913 288 0
E *
L 260 0 0 330 330 * 0 14 0
J D 0 -130 42 1 6913 0 0
W 0 0 31 Fag 1-2
J C 22 5 14 36 6913 0 0
J K 2 57 0 2 6913 0 0
K 0 14 63
K 15 35 63
J D 0 55 -14 1 6913 0 0
W 0 0 0 \02\01\08
J N 7 130 35 6 1 0 0
K 0 -14 43
K 0 0 43
K 0 -14 60
K 0 0 60
K 0 14 60
A D 2 8 0
A P 1 135 0
A P 2 124 0
J R 6 198 28 2 2305 576 0
K 0 0 49
A D 1 8 0
A P 1 0 0
J N 7 232 28 6 3457 288 0
K 0 -14 43
K 0 0 43
K 0 -14 60
K 0 0 60
K 0 21 60
A D 2 8 0
A P 1 141 0
A P 2 129 0
J R 6 312 28 2 5761 576 0
K 0 0 49
A D 1 8 0
A P 1 0 0
J B 219 359 1 82 6913 288 0
J N 7 380 28 6 1 0 0
K 0 -14 43
K 0 0 43
K 0 -14 60
K 0 0 60
K 0 21 60
A D 2 8 0
A P 1 141 0
A P 2 129 0
J R 6 448 28 2 2305 576 0
K 0 0 49
A D 1 8 1
A P 1 0 1
J R 6 481 28 2 3457 288 0
K 0 0 49
A D 1 8 1
A P 1 0 1
J R 6 514 28 2 4609 288 0
K 0 0 49
A D 1 8 0
A P 1 0 0
J N 6 547 35 5 5761 288 0
K 0 -14 43
K 0 0 43
K 0 -14 60
K 0 0 52
A D 1 8 0
A P 1 135 0
A P 2 124 0
J B 220 593 1 82 6913 288 0
J N 7 614 35 6 1 0 0
K 0 -14 43
K 0 0 43
K 0 -14 60
K 0 0 60
K 0 14 60
A D 2 8 0
A P 1 135 0
A P 2 124 0
J R 6 680 28 2 2305 576 0
K 0 0 49
A D 1 8 1
A P 1 0 1
J R 7 719 28 2 3457 288 0
K 0 0 48
A D 2 8 1
A P 1 0 1
J R 6 785 28 2 5761 576 0
K 0 0 49
A D 1 8 0
A P 1 0 0
J B 221 831 1 82 6913 288 0
J N 7 852 14 11 1 0 0
K 1 56 45
K 0 0 43
K 0 63 43
K 0 56 45
K 1 56 45
K 0 63 59
K 0 35 59
K 0 7 59
K 0 0 59
K 0 -14 59
A D 2 8 0
A P 1 141 0
A P 2 89 0
J R 6 918 28 2 2305 576 0
K 0 0 49
A D 1 8 0
A P 1 0 0
J N 7 951 14 6 3457 288 0
K 0 -14 43
K 0 0 43
K 0 -14 60
K 0 0 60
K 0 21 60
A D 2 8 0
A P 1 152 0
A P 2 141 0
J R 6 1017 28 2 5761 576 0
K 0 0 49
A D 1 8 0
A P 1 0 0
J B 222 1063 1 82 6913 288 0
J N 7 1084 7 6 1 0 0
K 0 -14 43
K 0 0 43
K 0 -14 60
K 0 0 60
K 0 21 60
A D 2 8 0
A P 1 158 0
A P 2 146 0
J R 6 1150 28 2 2305 576 0
K 0 0 49
A D 1 8 0
A P 1 0 0
J N 7 1192 0 10 3457 288 0
K 0 -14 45
K -14 -14 64
K 0 -14 43
K -1 -14 45
K 2 -14 45
K 0 0 43
K 0 -14 60
K 0 0 60
K 0 21 60
A D 2 8 0
A P 1 163 0
A P 2 152 0
J R 6 1258 28 2 5761 576 0
K 0 0 49
A D 1 8 0
A P 1 0 0
J B 223 1304 1 82 6913 288 0
J N 7 1327 0 10 1 0 0
K 0 -14 45
K -14 -14 64
K 0 -14 43
K -1 -14 45
K 2 -14 45
K 0 0 43
K 0 -14 60
K 0 0 60
K 0 21 60
A D 2 8 0
A P 1 163 0
A P 2 152 0
J R 6 1393 28 2 2305 576 0
K 0 0 49
A D 1 8 0
A P 1 0 0
J N 7 1435 7 6 3457 288 0
K 0 -14 43
K 0 0 43
K 0 -14 60
K 0 0 60
K 0 21 60
A D 2 8 0
A P 1 158 0
A P 2 146 0
J R 6 1501 28 2 5761 576 0
K 0 0 49
A D 1 8 0
A P 1 0 0
J B 224 1547 1 82 6913 288 0
J N 7 1568 14 6 1 0 0
K 0 -14 43
K 0 0 43
K 0 -14 60
K 0 0 60
K 0 21 60
A D 2 8 0
A P 1 152 0
A P 2 141 0
J R 6 1634 28 2 2305 576 0
K 0 0 49
A D 1 8 0
A P 1 0 0
J N 7 1679 21 6 3457 288 0
K 0 -14 43
K 0 0 43
K 0 -14 60
K 0 0 60
K 0 21 60
A D 2 8 0
A P 1 146 0
A P 2 135 0
J R 6 1745 28 2 5761 576 0
K 0 0 49
A D 1 8 0
A P 1 0 0
J B 225 1791 1 82 6913 288 0
J N 7 1815 28 6 1 0 0
K 0 -14 43
K 0 0 43
K 0 -14 60
K 0 0 60
K 0 21 60
A D 2 8 0
A P 1 141 0
A P 2 129 0
J R 6 1892 28 2 2305 576 0
K 0 0 49
A D 1 8 0
A P 1 0 0
J N 7 1925 28 6 3457 288 0
K 0 -14 43
K 0 0 43
K 0 -14 60
K 0 0 60
K 0 21 60
A D 2 8 0
A P 1 141 0
A P 2 129 0
J R 6 2004 28 2 5761 576 0
K 0 0 49
A D 1 8 0
A P 1 0 0
J B 226 2050 1 82 6913 288 0
E *
L 390 0 0 330 330 * 0 14 0
J D 0 -146 42 1 6913 0 0
W 0 -21 31 Cor 1-2
J D 0 -146 42 1 6913 0 0
W 0 21 31 (D)
J C 4 5 42 2 6913 0 0
K 0 0 33
K 0 0 34
J K 0 57 0 0 6913 0 0
J D 0 55 -14 1 6913 0 0
W 0 0 0 \02\01\08
J N 7 130 42 6 1 0 0
K 0 -28 43
K 0 0 43
K 0 -28 60
K 0 0 60
K 0 14 60
A D 2 8 0
A P 1 209 0
A P 2 186 0
J R 6 198 28 2 2305 576 0
K 0 0 49
A D 1 8 0
A P 1 0 0
J N 7 232 21 6 3457 288 0
K 0 -14 43
K 0 0 43
K 0 -14 60
K 0 0 60
K 0 21 60
A D 2 8 0
A P 1 215 0
A P 2 203 0
J R 6 312 28 2 5761 576 0
K 0 0 49
A D 1 8 0
A P 1 0 0
J B 219 359 1 82 6913 288 0
J N 7 380 21 6 1 0 0
K 0 -14 43
K 0 0 43
K 0 -14 60
K 0 0 60
K 0 21 60
A D 2 8 0
A P 1 215 0
A P 2 203 0
J R 6 448 28 2 2305 576 0
K 0 0 49
A D 1 8 1
A P 1 0 1
J R 6 481 28 2 3457 288 0
K 0 0 49
A D 1 8 1
A P 1 0 1
J R 6 514 28 2 4609 288 0
K 0 0 49
A D 1 8 0
A P 1 0 0
J N 6 547 42 5 5761 288 0
K 0 -28 43
K 0 0 43
K 0 -28 60
K 0 0 52
A D 1 8 0
A P 1 209 0
A P 2 186 0
J B 220 593 1 82 6913 288 0
J N 7 614 42 7 1 0 0
K 0 -49 43
K 0 0 43
K 0 -49 60
K 0 -21 60
K 0 0 60
K 0 14 60
A D 2 8 0
A P 1 226 0
A P 2 186 0
J N 6 680 14 5 2305 576 0
K 0 -14 43
K 0 0 43
K 0 -14 60
K 0 0 54
A D 1 8 0
A P 1 220 0
A P 2 209 0
J N 7 719 21 6 3457 288 0
K 0 -14 43
K 0 0 43
K 0 -14 60
K 0 0 60
K 0 21 60
A D 2 8 0
A P 1 215 0
A P 2 203 0
J N 6 785 42 5 5761 576 0
K 0 -28 43
K 0 0 43
K 0 -28 60
K 0 0 52
A D 1 8 0
A P 1 209 0
A P 2 186 0
J B 221 831 1 82 6913 288 0
J N 7 852 7 11 1 0 0
K 1 63 45
K 0 0 43
K 0 63 43
K -1 63 45
K 2 63 45
K 0 63 59
K 0 35 59
K 0 7 59
K 0 0 59
K 0 -14 59
A D 2 8 0
A P 1 215 0
A P 2 163 0
J R 6 918 28 2 2305 576 0
K 0 0 49
A D 1 8 0
A P 1 0 0
J N 7 951 21 6 3457 288 0
K 0 -14 43
K 0 0 43
K 0 -14 60
K 0 0 60
K 0 21 60
A D 2 8 0
A P 1 215 0
A P 2 203 0
J R 6 1017 28 2 5761 576 0
K 0 0 49
A D 1 8 0
A P 1 0 0
J B 222 1063 1 82 6913 288 0
J N 7 1084 21 6 1 0 0
K 0 -21 43
K 0 0 43
K 0 -21 60
K 0 0 60
K 0 21 60
A D 2 8 0
A P 1 220 0
A P 2 203 0
J R 6 1150 28 2 2305 576 0
K 0 0 49
A D 1 8 0
A P 1 0 0
J N 7 1192 21 6 3457 288 0
K 0 -28 43
K 0 0 43
K 0 -28 60
K 0 0 60
K 0 21 60
A D 2 8 0
A P 1 226 0
A P 2 203 0
J R 6 1258 28 2 5761 576 0
K 0 0 49
A D 1 8 0
A P 1 0 0
J B 223 1304 1 82 6913 288 0
J N 7 1327 21 6 1 0 0
K 0 -28 43
K 0 0 43
K 0 -28 60
K 0 0 60
K 0 21 60
A D 2 8 0
A P 1 226 0
A P 2 203 0
J R 6 1393 28 2 2305 576 0
K 0 0 49
A D 1 8 0
A P 1 0 0
J N 7 1435 21 6 3457 288 0
K 0 -21 43
K 0 0 43
K 0 -21 60
K 0 0 60
K 0 21 60
A D 2 8 0
A P 1 220 0
A P 2 203 0
J R 6 1501 28 2 5761 576 0
K 0 0 49
A D 1 8 0
A P 1 0 0
J B 224 1547 1 82 6913 288 0
J N 7 1568 21 6 1 0 0
K 0 -14 43
K 0 0 43
K 0 -14 60
K 0 0 60
K 0 21 60
A D 2 8 0
A P 1 215 0
A P 2 203 0
J R 6 1634 28 2 2305 576 0
K 0 0 49
A D 1 8 0
A P 1 0 0
J N 7 1679 21 6 3457 288 0
K 0 -7 43
K -18 0 43
K 0 -7 60
K 0 0 60
K 0 21 60
A D 2 8 0
A P 1 209 0
A P 2 203 0
J R 6 1745 28 2 5761 576 0
K 0 0 49
A D 1 8 0
A P 1 0 0
J B 225 1791 1 82 6913 288 0
J N 7 1815 21 7 1 0 0
K 0 0 43
K 0 35 43
K 0 35 59
K 0 7 59
K 0 0 59
K 0 -14 59
A D 2 8 0
A P 1 203 0
A P 2 175 0
J R 6 1892 28 2 2305 576 0
K 0 0 49
A D 1 8 0
A P 1 0 0
J N 7 1925 21 7 3457 288 0
K 0 0 43
K 0 35 43
K 0 35 59
K 0 7 59
K 0 0 59
K 0 -14 59
A D 2 8 0
A P 1 203 0
A P 2 175 0
J R 6 2004 28 2 5761 576 0
K 0 0 49
A D 1 8 0
A P 1 0 0
J B 226 2050 1 82 6913 288 0
E *
L 520 0 0 330 330 * 0 14 0
J D 0 -111 42 1 6913 0 0
W 0 -21 31 Tr 1-2
J D 0 -111 42 1 6913 0 0
W 0 21 31 (D)
J C 4 5 42 2 6913 0 0
K 0 0 33
K 0 0 34
J K 0 57 0 0 6913 0 0
J D 0 55 -14 1 6913 0 0
W 0 0 0 \02\01\08
J N 7 130 42 11 1 0 0
K 1 28 45
K 1 42 45
K 0 0 43
K 0 49 43
K 0 42 45
K 1 42 45
K 0 49 59
K 0 21 59
K 0 0 59
K 0 -21 59
A D 2 8 0
A P 1 186 0
A P 2 146 0
J R 6 198 28 2 2305 576 0
K 0 0 49
A D 1 8 0
A P 1 0 0
J N 7 232 42 11 3457 288 0
K 1 28 45
K 1 42 45
K 0 0 43
K 0 49 43
K 0 42 45
K 1 42 45
K 0 49 59
K 0 21 59
K 0 0 59
K 0 -21 59
A D 2 8 0
A P 1 186 0
A P 2 146 0
J N 6 312 42 10 5761 576 0
K 1 28 45
K 1 42 45
K 0 0 43
K 0 49 43
K 0 42 45
K 1 42 45
K 0 49 59
K 0 21 59
K 0 0 53
A D 1 8 0
A P 1 186 0
A P 2 146 0
J B 219 359 1 82 6913 288 0
J N 7 380 42 11 1 0 0
K 1 28 45
K 1 42 45
K 0 0 43
K 0 49 43
K 0 42 45
K 1 42 45
K 0 49 59
K 0 21 59
K 0 0 59
K 0 -21 59
A D 2 8 0
A P 1 186 0
A P 2 146 0
J R 6 448 28 2 2305 576 0
K 0 0 49
A D 1 8 0
A P 1 0 0
J N 7 481 42 6 3457 288 0
K 0 -28 43
K 0 0 43
K 0 -28 60
K 0 0 60
K 0 14 60
A D 2 8 0
A P 1 209 0
A P 2 186 0
J N 6 547 42 5 5761 576 0
K 0 -28 43
K 0 0 43
K 0 -28 60
K 0 0 52
A D 1 8 0
A P 1 209 0
A P 2 186 0
J B 220 593 1 82 6913 288 0
J N 7 614 42 7 1 0 0
K 0 -49 43
K 0 0 43
K 0 -49 60
K 0 -21 60
K 0 0 60
K 0 14 60
A D 2 8 0
A P 1 226 0
A P 2 186 0
J N 6 680 14 5 2305 576 0
K 0 -14 43
K 0 0 43
K 0 -14 60
K 0 0 54
A D 1 8 0
A P 1 220 0
A P 2 209 0
J N 7 719 21 6 3457 288 0
K 0 -14 43
K 0 0 43
K 0 -14 60
K 0 0 60
K 0 21 60
A D 2 8 0
A P 1 215 0
A P 2 203 0
J N 6 785 42 5 5761 576 0
K 0 -28 43
K 0 0 43
K 0 -28 60
K 0 0 52
A D 1 8 0
A P 1 209 0
A P 2 186 0
J B 221 831 1 82 6913 288 0
J N 7 852 21 7 1 0 0
K 0 0 43
K 0 35 43
K 0 35 59
K 0 7 59
K 0 0 59
K 0 -14 59
A D 2 8 0
A P 1 203 0
A P 2 175 0
J R 6 918 28 2 2305 576 0
K 0 0 49
A D 1 8 0
A P 1 0 0
J N 7 951 21 10 3457 288 0
K 1 49 45
K 0 0 43
K 0 49 43
K -1 49 45
K 2 49 45
K 0 49 59
K 0 21 59
K 0 0 59
K 0 -14 59
A D 2 8 0
A P 1 203 0
A P 2 163 0
J N 6 1017 21 9 5761 576 0
K 1 49 45
K 0 0 43
K 0 49 43
K -1 49 45
K 2 49 45
K 0 49 59
K 0 21 59
K 0 0 51
A D 1 8 0
A P 1 203 0
A P 2 163 0
J B 222 1063 1 82 6913 288 0
J N 7 1084 21 10 1 0 0
K 1 49 45
K 0 0 43
K 0 49 43
K -1 49 45
K 2 49 45
K 0 49 59
K 0 21 59
K 0 0 59
K 0 -14 59
A D 2 8 0
A P 1 203 0
A P 2 163 0
J R 6 1150 28 2 2305 576 0
K 0 0 49
A D 1 8 0
A P 1 0 0
J N 7 1192 21 10 3457 288 0
K 1 49 45
K 0 0 43
K 0 49 43
K -1 49 45
K 2 49 45
K 0 49 59
K 0 21 59
K 0 0 59
K 0 -14 59
A D 2 8 0
A P 1 203 0
A P 2 163 0
J N 6 1258 21 9 5761 576 0
K 1 49 45
K 0 0 43
K 0 49 43
K -1 49 45
K 2 49 45
K 0 49 59
K 0 21 59
K 0 0 51
A D 1 8 0
A P 1 203 0
A P 2 163 0
J B 223 1304 1 82 6913 288 0
J N 7 1327 21 10 1 0 0
K 1 49 45
K 0 0 43
K 0 49 43
K -1 49 45
K 2 49 45
K 0 49 59
K 0 21 59
K 0 0 59
K 0 -14 59
A D 2 8 0
A P 1 203 0
A P 2 163 0
J R 6 1393 28 2 2305 576 0
K 0 0 49
A D 1 8 0
A P 1 0 0
J N 7 1435 21 10 3457 288 0
K 1 49 45
K 0 0 43
K 0 49 43
K -1 49 45
K 2 49 45
K 0 49 59
K 0 21 59
K 0 0 59
K 0 -14 59
A D 2 8 0
A P 1 203 0
A P 2 163 0
J N 6 1501 21 9 5761 576 0
K 1 49 45
K 0 0 43
K 0 49 43
K -1 49 45
K 2 49 45
K 0 49 59
K 0 21 59
K 0 0 51
A D 1 8 0
A P 1 203 0
A P 2 163 0
J B 224 1547 1 82 6913 288 0
J N 7 1568 21 10 1 0 0
K 1 49 45
K 0 0 43
K 0 49 43
K -1 49 45
K 2 49 45
K 0 49 59
K 0 21 59
K 0 0 59
K 0 -14 59
A D 2 8 0
A P 1 203 0
A P 2 163 0
J R 6 1634 28 2 2305 576 0
K 0 0 49
A D 1 8 0
A P 1 0 0
J N 7 1679 21 10 3457 288 0
K 1 49 45
K 0 0 43
K 0 49 43
K -1 49 45
K 2 49 45
K 0 49 59
K 0 21 59
K 0 0 59
K 0 -14 59
A D 2 8 0
A P 1 203 0
A P 2 163 0
J N 6 1745 21 9 5761 576 0
K 1 49 45
K 0 0 43
K 0 49 43
K -1 49 45
K 2 49 45
K 0 49 59
K 0 21 59
K 0 0 51
A D 1 8 0
A P 1 203 0
A P 2 163 0
J B 225 1791 1 82 6913 288 0
J N 7 1815 42 11 1 0 0
K 1 28 45
K 1 42 45
K 0 0 43
K 0 49 43
K 0 42 45
K 1 42 45
K 0 49 59
K 0 21 59
K 0 0 59
K 0 -21 59
A D 2 8 0
A P 1 186 0
A P 2 146 0
J R 6 1892 28 2 2305 576 0
K 0 0 49
A D 1 8 0
A P 1 0 0
J N 7 1925 42 11 3457 288 0
K 1 28 45
K 1 42 45
K 0 0 43
K 0 49 43
K 0 42 45
K 1 42 45
K 0 49 59
K 0 21 59
K 0 0 59
K 0 -21 59
A D 2 8 0
A P 1 186 0
A P 2 146 0
J N 6 2004 42 10 5761 576 0
K 1 28 45
K 1 42 45
K 0 0 43
K 0 49 43
K 0 42 45
K 1 42 45
K 0 49 59
K 0 21 59
K 0 0 53
A D 1 8 0
A P 1 186 0
A P 2 146 0
J B 226 2050 1 82 6913 288 0
E *
L 650 0 0 330 330 * 0 14 0
J D 0 -109 42 1 6913 0 0
W 0 -21 31 Timp.
J D 0 -109 42 1 6913 0 0
W 0 21 31 (D-A)
J C 22 5 14 36 6913 0 0
J K 0 57 0 0 6913 0 0
J D 0 55 -14 1 6913 0 0
W 0 0 0 \02\01\08
J N 7 130 49 4 1 0 0
K 0 0 43
K 0 0 59
K 0 -21 59
A D 2 8 0
A P 1 112 0
J R 6 198 28 2 2305 576 0
K 0 0 49
A D 1 8 0
A P 1 0 0
J N 7 232 49 4 3457 288 0
K 0 0 43
K 0 0 59
K 0 -21 59
A D 2 8 0
A P 1 112 0
J N 6 312 49 3 5761 576 0
K 0 0 43
K 0 0 53
A D 1 8 0
A P 1 112 0
J B 219 359 1 82 6913 288 0
J N 7 380 49 4 1 0 0
K 0 0 43
K 0 0 59
K 0 -21 59
A D 2 8 0
A P 1 112 0
J R 6 448 28 2 2305 576 0
K 0 0 49
A D 1 8 0
A P 1 0 0
J N 7 481 49 4 3457 288 0
K 0 0 43
K 0 0 59
K 0 -21 59
A D 2 8 0
A P 1 112 0
J N 6 547 49 3 5761 576 0
K 0 0 43
K 0 0 53
A D 1 8 0
A P 1 112 0
J B 220 593 1 82 6913 288 0
J N 7 614 49 4 1 0 0
K 0 0 43
K 0 0 59
K 0 -21 59
A D 2 8 0
A P 1 112 0
J N 6 680 49 3 2305 576 0
K 0 0 43
K 0 0 53
A D 1 8 0
A P 1 112 0
J N 7 719 49 4 3457 288 0
K 0 0 43
K 0 0 59
K 0 -21 59
A D 2 8 0
A P 1 112 0
J N 6 785 49 3 5761 576 0
K 0 0 43
K 0 0 53
A D 1 8 0
A P 1 112 0
J B 221 831 1 82 6913 288 0
J N 7 852 28 4 1 0 0
K 0 0 43
K 0 0 60
K 0 21 60
A D 2 8 0
A P 1 129 0
J R 6 918 28 2 2305 576 0
K 0 0 49
A D 1 8 0
A P 1 0 0
J N 7 951 28 4 3457 288 0
K 0 0 43
K 0 0 60
K 0 21 60
A D 2 8 0
A P 1 129 0
J N 6 1017 28 3 5761 576 0
K 0 0 43
K 0 0 54
A D 1 8 0
A P 1 129 0
J B 222 1063 1 82 6913 288 0
J N 7 1084 28 4 1 0 0
K 0 0 43
K 0 0 60
K 0 21 60
A D 2 8 0
A P 1 129 0
J R 6 1150 28 2 2305 576 0
K 0 0 49
A D 1 8 0
A P 1 0 0
J N 7 1192 28 4 3457 288 0
K 0 0 43
K 0 0 60
K 0 21 60
A D 2 8 0
A P 1 129 0
J N 6 1258 28 3 5761 576 0
K 0 0 43
K 0 0 54
A D 1 8 0
A P 1 129 0
J B 223 1304 1 82 6913 288 0
J N 7 1327 28 4 1 0 0
K 0 0 43
K 0 0 60
K 0 21 60
A D 2 8 0
A P 1 129 0
J R 6 1393 28 2 2305 576 0
K 0 0 49
A D 1 8 0
A P 1 0 0
J N 7 1435 28 4 3457 288 0
K 0 0 43
K 0 0 60
K 0 21 60
A D 2 8 0
A P 1 129 0
J N 6 1501 28 3 5761 576 0
K 0 0 43
K 0 0 54
A D 1 8 0
A P 1 129 0
J B 224 1547 1 82 6913 288 0
J N 7 1568 28 4 1 0 0
K 0 0 43
K 0 0 60
K 0 21 60
A D 2 8 0
A P 1 129 0
J R 6 1634 28 2 2305 576 0
K 0 0 49
A D 1 8 0
A P 1 0 0
J N 7 1679 28 4 3457 288 0
K 0 0 43
K 0 0 60
K 0 21 60
A D 2 8 0
A P 1 129 0
J N 6 1745 28 3 5761 576 0
K 0 0 43
K 0 0 54
A D 1 8 0
A P 1 129 0
J B 225 1791 1 82 6913 288 0
J N 7 1815 49 4 1 0 0
K 0 0 43
K 0 0 59
K 0 -21 59
A D 2 8 0
A P 1 112 0
J R 6 1892 28 2 2305 576 0
K 0 0 49
A D 1 8 0
A P 1 0 0
J N 7 1925 49 4 3457 288 0
K 0 0 43
K 0 0 59
K 0 -21 59
A D 2 8 0
A P 1 112 0
J N 6 2004 49 3 5761 576 0
K 0 0 43
K 0 0 53
A D 1 8 0
A P 1 112 0
J B 226 2050 1 82 6913 288 0
E *
L 760 0 0 330 330 * 0 14 0
J D 0 -119 42 1 6913 0 0
W 0 0 31 Vln 1
J C 4 5 42 2 6913 0 0
K 0 0 33
K 0 0 34
J K 2 57 0 2 6913 0 0
K 0 0 63
K 15 21 63
J D 0 55 -14 1 6913 0 0
W 0 0 0 \02\01\08
J N 6 130 21 2 1 0 1 134
K 0 0 43
A D 2 16 0
A P 1 204 0
J N 6 164 14 2 1153 288 1 134
K 0 0 43
A D 2 16 0
A P 1 209 0
J N 6 198 28 2 2305 288 1 134
K 0 0 43
A D 2 16 0
A P 1 198 0
H 134 B -50 2 108 3 2 1 3
J N 6 232 35 2 3457 288 1 135
K 0 0 43
A D 2 16 0
A P 1 192 0
J N 6 266 28 2 4609 288 1 135
K 0 0 43
A D 2 16 0
A P 1 198 0
J N 6 312 42 3 5761 288 1 135
K -18 0 63
K 0 0 43
A D 2 16 0
A P 1 187 0
H 135 B 49 0 108 3 2 1 3
J B 219 359 1 82 6913 288 0
J N 6 380 84 6 1 0 1 136
K 1 -14 45
K 1 0 45
K 0 0 43
K -1 0 45
K 2 0 45
A D 2 16 0
A P 1 152 0
J N 6 414 35 2 1153 288 1 136
K 0 0 43
A D 2 16 0
A P 1 192 0
J N 6 448 28 2 2305 288 1 136
K 0 0 43
A D 2 16 0
A P 1 198 0
H 136 B 85 -8 108 3 2 1 3
J N 6 481 21 2 3457 288 1 137
K 0 0 43
A D 2 16 0
A P 1 204 0
J N 6 514 14 2 4609 288 1 137
K 0 0 43
A D 2 16 0
A P 1 209 0
J N 6 547 7 2 5761 288 1 137
K 0 0 43
A D 2 16 0
A P 1 215 0
H 137 B -42 -2 108 3 2 1 3
J B 220 593 1 82 6913 288 0
J N 6 614 0 2 1 0 1 138
K 0 0 43
A D 2 16 0
A P 1 221 0
J N 6 647 -7 2 1153 288 1 138
K 0 0 43
A D 2 16 0
A P 1 226 0
J N 6 680 -14 5 2305 288 1 138
K 0 0 45
K 0 0 43
K -1 0 45
K 2 0 45
A D 2 16 0
A P 1 232 0
H 138 B -47 -2 108 3 2 1 3
J N 6 719 -21 5 3457 288 1 139
K 0 7 45
K 0 0 43
K 0 7 45
K 1 7 45
A D 2 16 0
A P 1 238 0
J N 6 752 -14 5 4609 288 1 139
K 0 0 45
K 0 0 43
K -1 0 45
K 2 0 45
A D 2 16 0
A P 1 232 0
J N 6 785 -28 6 5761 288 1 139
K 0 14 45
K 0 0 45
K 0 0 43
K -1 0 45
K 2 0 45
A D 2 16 0
A P 1 244 0
H 139 B -53 0 108 3 2 1 3
J B 221 831 1 82 6913 288 0
J N 6 852 -35 6 1 0 1 140
K 0 21 45
K 0 7 45
K 0 0 43
K 0 7 45
K 1 7 45
A D 2 16 0
A P 1 249 0
J N 6 885 -21 5 1153 288 1 140
K 0 7 45
K 0 0 43
K 0 7 45
K 1 7 45
A D 2 16 0
A P 1 238 0
J N 6 918 -14 5 2305 288 1 140
K 0 0 45
K 0 0 43
K -1 0 45
K 2 0 45
A D 2 16 0
A P 1 232 0
H 140 B -63 2 108 3 2 1 3
J N 6 951 -7 2 3457 288 1 141
K 0 0 43
A D 2 16 0
A P 1 226 0
J N 6 984 0 2 4609 288 1 141
K 0 0 43
A D 2 16 0
A P 1 221 0
J N 6 1017 7 2 5761 288 1 141
K 0 0 43
A D 2 16 0
A P 1 215 0
H 141 B -52 2 108 3 2 1 3
J B 222 1063 1 82 6913 288 0
J N 6 1084 14 2 1 0 1 142
K 0 0 43
A D 2 16 0
A P 1 209 0
J N 6 1117 7 2 1153 288 1 142
K 0 0 43
A D 2 16 0
A P 1 215 0
J N 6 1150 14 2 2305 288 1 142
K 0 0 43
A D 2 16 0
A P 1 209 0
H 142 B -46 0 108 3 2 1 3
J N 6 1192 21 3 3457 288 1 143
K -14 0 64
K 0 0 43
A D 2 16 0
A P 1 203 0
J N 6 1225 28 2 4609 288 1 143
K 0 0 43
A D 2 16 0
A P 1 198 0
J N 6 1258 35 2 5761 288 1 143
K 0 0 43
A D 2 16 0
A P 1 192 0
H 143 B -48 4 108 3 2 1 3
J B 223 1304 1 82 6913 288 0
J N 6 1327 91 6 1 0 1 144
K 1 -21 45
K 1 -7 45
K 0 0 43
K 0 -7 45
K 1 -7 45
A D 2 16 0
A P 1 146 0
J N 6 1360 35 2 1153 288 1 144
K 0 0 43
A D 2 16 0
A P 1 192 0
J N 6 1393 28 2 2305 288 1 144
K 0 0 43
A D 2 16 0
A P 1 198 0
H 144 B 93 -8 108 3 2 1 3
J N 6 1435 21 3 3457 288 1 145
K -14 0 64
K 0 0 43
A D 2 16 0
A P 1 203 0
J N 6 1468 14 2 4609 288 1 145
K 0 0 43
A D 2 16 0
A P 1 209 0
J N 6 1501 7 2 5761 288 1 145
K 0 0 43
A D 2 16 0
A P 1 215 0
H 145 B -42 -2 108 3 2 1 3
J B 224 1547 1 82 6913 288 0
J N 6 1568 0 2 1 0 1 146
K 0 0 43
A D 2 16 0
A P 1 221 0
J N 6 1601 -7 2 1153 288 1 146
K 0 0 43
A D 2 16 0
A P 1 226 0
J N 6 1634 -14 5 2305 288 1 146
K 0 0 45
K 0 0 43
K -1 0 45
K 2 0 45
A D 2 16 0
A P 1 232 0
H 146 B -47 -2 108 3 2 1 3
J N 6 1679 -21 5 3457 288 1 147
K 0 7 45
K 0 0 43
K 0 7 45
K 1 7 45
A D 2 16 0
A P 1 238 0
J N 6 1712 42 2 4609 288 1 147
K 0 0 43
A D 2 16 0
A P 1 186 0
J N 6 1745 42 2 5761 288 1 147
K 0 0 43
A D 2 16 0
A P 1 186 0
H 147 B -96 9 108 3 2 1 3
J B 225 1791 1 82 6913 288 0
J N 6 1815 84 6 1 0 1 148
K 1 -14 45
K 1 0 45
K 0 0 43
K -1 0 45
K 2 0 45
A D 2 16 0
A P 1 152 0
J N 6 1859 -7 2 1153 288 1 148
K 0 0 43
A D 2 16 0
A P 1 226 0
J N 6 1892 0 2 2305 288 1 148
K 0 0 43
A D 2 16 0
A P 1 221 0
H 148 B 45 0 108 3 2 1 3
J N 6 1925 7 2 3457 288 1 149
K 0 0 43
A D 2 16 0
A P 1 215 0
J N 6 1958 14 2 4609 288 1 149
K 0 0 43
A D 2 16 0
A P 1 209 0
J N 6 2004 21 3 5761 288 1 149
K -18 0 63
K 0 0 43
A D 2 16 0
A P 1 204 0
H 149 B -51 2 108 3 2 1 3
J B 226 2050 1 82 6913 288 0
E *
L 890 0 0 330 330 * 0 14 0
J D 0 -119 42 1 6913 0 0
W 0 0 31 Vln 2
J C 4 5 42 2 6913 0 0
K 0 0 33
K 0 0 34
J K 2 57 0 2 6913 0 0
K 0 0 63
K 15 21 63
J D 0 55 -14 1 6913 0 0
W 0 0 0 \02\01\08
J N 6 130 21 2 1 0 1 184
K 0 0 43
A D 2 16 0
A P 1 204 0
J N 6 164 14 2 1153 288 1 184
K 0 0 43
A D 2 16 0
A P 1 209 0
J N 6 198 28 2 2305 288 1 184
K 0 0 43
A D 2 16 0
A P 1 198 0
H 184 B -50 2 108 3 2 1 3
J N 6 232 35 2 3457 288 1 185
K 0 0 43
A D 2 16 0
A P 1 192 0
J N 6 266 28 2 4609 288 1 185
K 0 0 43
A D 2 16 0
A P 1 198 0
J N 6 312 42 3 5761 288 1 185
K -18 0 63
K 0 0 43
A D 2 16 0
A P 1 187 0
H 185 B 49 0 108 3 2 1 3
J B 219 359 1 82 6913 288 0
J N 6 380 84 6 1 0 1 186
K 1 -14 45
K 1 0 45
K 0 0 43
K -1 0 45
K 2 0 45
A D 2 16 0
A P 1 152 0
J N 6 414 35 2 1153 288 1 186
K 0 0 43
A D 2 16 0
A P 1 192 0
J N 6 448 28 2 2305 288 1 186
K 0 0 43
A D 2 16 0
A P 1 198 0
H 186 B 85 -8 108 3 2 1 3
J N 6 481 21 2 3457 288 1 187
K 0 0 43
A D 2 16 0
A P 1 204 0
J N 6 514 14 2 4609 288 1 187
K 0 0 43
A D 2 16 0
A P 1 209 0
J N 6 547 7 2 5761 288 1 187
K 0 0 43
A D 2 16 0
A P 1 215 0
H 187 B -42 -2 108 3 2 1 3
J B 220 593 1 82 6913 288 0
J N 6 614 0 2 1 0 1 188
K 0 0 43
A D 2 16 0
A P 1 221 0
J N 6 647 -7 2 1153 288 1 188
K 0 0 43
A D 2 16 0
A P 1 226 0
J N 6 680 -14 5 2305 288 1 188
K 0 0 45
K 0 0 43
K -1 0 45
K 2 0 45
A D 2 16 0
A P 1 232 0
H 188 B -47 -2 108 3 2 1 3
J N 6 719 -21 5 3457 288 1 189
K 0 7 45
K 0 0 43
K 0 7 45
K 1 7 45
A D 2 16 0
A P 1 238 0
J N 6 752 -14 5 4609 288 1 189
K 0 0 45
K 0 0 43
K -1 0 45
K 2 0 45
A D 2 16 0
A P 1 232 0
J N 6 785 -28 6 5761 288 1 189
K 0 14 45
K 0 0 45
K 0 0 43
K -1 0 45
K 2 0 45
A D 2 16 0
A P 1 244 0
H 189 B -53 0 108 3 2 1 3
J B 221 831 1 82 6913 288 0
J N 6 852 -35 6 1 0 1 190
K 0 21 45
K 0 7 45
K 0 0 43
K 0 7 45
K 1 7 45
A D 2 16 0
A P 1 249 0
J N 6 885 -21 5 1153 288 1 190
K 0 7 45
K 0 0 43
K 0 7 45
K 1 7 45
A D 2 16 0
A P 1 238 0
J N 6 918 -14 5 2305 288 1 190
K 0 0 45
K 0 0 43
K -1 0 45
K 2 0 45
A D 2 16 0
A P 1 232 0
H 190 B -63 2 108 3 2 1 3
J N 6 951 -7 2 3457 288 1 191
K 0 0 43
A D 2 16 0
A P 1 226 0
J N 6 984 0 2 4609 288 1 191
K 0 0 43
A D 2 16 0
A P 1 221 0
J N 6 1017 7 2 5761 288 1 191
K 0 0 43
A D 2 16 0
A P 1 215 0
H 191 B -52 2 108 3 2 1 3
J B 222 1063 1 82 6913 288 0
J N 6 1084 14 2 1 0 1 192
K 0 0 43
A D 2 16 0
A P 1 209 0
J N 6 1117 7 2 1153 288 1 192
K 0 0 43
A D 2 16 0
A P 1 215 0
J N 6 1150 14 2 2305 288 1 192
K 0 0 43
A D 2 16 0
A P 1 209 0
H 192 B -46 0 108 3 2 1 3
J N 6 1192 21 3 3457 288 1 193
K -14 0 64
K 0 0 43
A D 2 16 0
A P 1 203 0
J N 6 1225 28 2 4609 288 1 193
K 0 0 43
A D 2 16 0
A P 1 198 0
J N 6 1258 35 2 5761 288 1 193
K 0 0 43
A D 2 16 0
A P 1 192 0
H 193 B -48 4 108 3 2 1 3
J B 223 1304 1 82 6913 288 0
J N 6 1327 91 6 1 0 1 194
K 1 -21 45
K 1 -7 45
K 0 0 43
K 0 -7 45
K 1 -7 45
A D 2 16 0
A P 1 146 0
J N 6 1360 35 2 1153 288 1 194
K 0 0 43
A D 2 16 0
A P 1 192 0
J N 6 1393 28 2 2305 288 1 194
K 0 0 43
A D 2 16 0
A P 1 198 0
H 194 B 93 -8 108 3 2 1 3
J N 6 1435 21 3 3457 288 1 195
K -14 0 64
K 0 0 43
A D 2 16 0
A P 1 203 0
J N 6 1468 14 2 4609 288 1 195
K 0 0 43
A D 2 16 0
A P 1 209 0
J N 6 1501 7 2 5761 288 1 195
K 0 0 43
A D 2 16 0
A P 1 215 0
H 195 B -42 -2 108 3 2 1 3
J B 224 1547 1 82 6913 288 0
J N 6 1568 0 2 1 0 1 196
K 0 0 43
A D 2 16 0
A P 1 221 0
J N 6 1601 -7 2 1153 288 1 196
K 0 0 43
A D 2 16 0
A P 1 226 0
J N 6 1634 -14 5 2305 288 1 196
K 0 0 45
K 0 0 43
K -1 0 45
K 2 0 45
A D 2 16 0
A P 1 232 0
H 196 B -47 -2 108 3 2 1 3
J N 6 1679 -21 5 3457 288 1 197
K 0 7 45
K 0 0 43
K 0 7 45
K 1 7 45
A D 2 16 0
A P 1 238 0
J N 6 1712 42 2 4609 288 1 197
K 0 0 43
A D 2 16 0
A P 1 186 0
J N 6 1745 42 2 5761 288 1 197
K 0 0 43
A D 2 16 0
A P 1 186 0
H 197 B -96 9 108 3 2 1 3
J B 225 1791 1 82 6913 288 0
J N 6 1815 84 6 1 0 1 198
K 1 -14 45
K 1 0 45
K 0 0 43
K -1 0 45
K 2 0 45
A D 2 16 0
A P 1 152 0
J N 6 1859 -7 2 1153 288 1 198
K 0 0 43
A D 2 16 0
A P 1 226 0
J N 6 1892 0 2 2305 288 1 198
K 0 0 43
A D 2 16 0
A P 1 221 0
H 198 B 45 0 108 3 2 1 3
J N 6 1925 7 2 3457 288 1 199
K 0 0 43
A D 2 16 0
A P 1 215 0
J N 6 1958 14 2 4609 288 1 199
K 0 0 43
A D 2 16 0
A P 1 209 0
J N 6 2004 21 3 5761 288 1 199
K -18 0 63
K 0 0 43
A D 2 16 0
A P 1 204 0
H 199 B -51 2 108 3 2 1 3
J B 226 2050 1 82 6913 288 0
E *
L 1020 0 0 330 330 * 0 14 0
J D 0 -94 42 1 6913 0 0
W 0 0 31 Vla
J C 13 5 28 35 6913 0 0
J K 2 57 0 2 6913 0 0
K 0 7 63
K 15 28 63
J D 0 55 -14 1 6913 0 0
W 0 0 0 \02\01\08
J N 6 130 28 2 1 0 1 134
K 0 0 43
A D 2 16 0
A P 1 164 0
J N 6 164 21 2 1153 288 1 134
K 0 0 43
A D 2 16 0
A P 1 169 0
J N 6 198 35 2 2305 288 1 134
K 0 0 43
A D 2 16 0
A P 1 158 0
H 134 B -45 2 108 3 2 1 3
J N 6 232 42 2 3457 288 1 135
K 0 0 43
A D 2 16 0
A P 1 152 0
J N 6 266 35 2 4609 288 1 135
K 0 0 43
A D 2 16 0
A P 1 158 0
J N 6 312 49 3 5761 288 1 135
K -18 0 63
K 0 0 43
A D 2 16 0
A P 1 147 0
H 135 B 49 0 108 3 2 1 3
J B 219 359 1 82 6913 288 0
J N 6 380 42 2 1 0 1 136
K 0 0 43
A D 2 16 0
A P 1 152 0
J N 6 414 42 2 1153 288 1 136
K 0 0 43
A D 2 16 0
A P 1 152 0
J N 6 448 35 2 2305 288 1 136
K 0 0 43
A D 2 16 0
A P 1 158 0
H 136 B 44 -2 108 3 2 1 3
J N 6 481 28 2 3457 288 1 137
K 0 0 43
A D 2 16 0
A P 1 164 0
J N 6 514 21 2 4609 288 1 137
K 0 0 43
A D 2 16 0
A P 1 169 0
J N 6 547 14 2 5761 288 1 137
K 0 0 43
A D 2 16 0
A P 1 175 0
H 137 B -47 -2 108 3 2 1 3
J B 220 593 1 82 6913 288 0
J N 6 614 7 2 1 0 1 138
K 0 0 43
A D 2 16 0
A P 1 181 0
J N 6 647 0 2 1153 288 1 138
K 0 0 43
A D 2 16 0
A P 1 186 0
J N 6 680 42 2 2305 288 1 138
K 0 0 43
A D 2 16 0
A P 1 152 0
H 138 B -55 10 108 3 2 1 3
J N 6 719 35 2 3457 288 1 139
K 0 0 43
A D 2 16 0
A P 1 158 0
J N 6 752 42 2 4609 288 1 139
K 0 0 43
A D 2 16 0
A P 1 152 0
J N 6 785 28 2 5761 288 1 139
K 0 0 43
A D 2 16 0
A P 1 164 0
H 139 B 49 -2 108 3 2 1 3
J B 221 831 1 82 6913 288 0
J N 6 852 21 2 1 0 1 140
K 0 0 43
A D 2 16 0
A P 1 169 0
J N 6 885 35 2 1153 288 1 140
K 0 0 43
A D 2 16 0
A P 1 158 0
J N 6 918 42 2 2305 288 1 140
K 0 0 43
A D 2 16 0
A P 1 152 0
H 140 B 42 6 108 3 2 1 3
J N 6 951 49 2 3457 288 1 141
K 0 0 43
A D 2 16 0
A P 1 146 0
J N 6 984 56 2 4609 288 1 141
K 0 0 43
A D 2 16 0
A P 1 141 0
J N 6 1017 63 2 5761 288 1 141
K 0 0 43
A D 2 16 0
A P 1 135 0
H 141 B 42 2 108 3 2 1 3
J B 222 1063 1 82 6913 288 0
J N 6 1084 70 5 1 0 1 142
K 1 0 45
K 0 0 43
K -1 0 45
K 2 0 45
A D 2 16 0
A P 1 129 0
J N 6 1117 14 2 1153 288 1 142
K 0 0 43
A D 2 16 0
A P 1 175 0
J N 6 1150 21 2 2305 288 1 142
K 0 0 43
A D 2 16 0
A P 1 169 0
H 142 B 85 -5 108 3 2 1 3
J N 6 1192 28 3 3457 288 1 143
K -14 0 64
K 0 0 43
A D 2 16 0
A P 1 163 0
J N 6 1225 35 2 4609 288 1 143
K 0 0 43
A D 2 16 0
A P 1 158 0
J N 6 1258 42 2 5761 288 1 143
K 0 0 43
A D 2 16 0
A P 1 152 0
H 143 B 47 2 108 3 2 1 3
J B 223 1304 1 82 6913 288 0
J N 6 1327 49 2 1 0 1 144
K 0 0 43
A D 2 16 0
A P 1 146 0
J N 6 1360 -7 2 1153 288 1 144
K 0 0 43
A D 2 16 0
A P 1 192 0
J N 6 1393 -14 5 2305 288 1 144
K 0 0 45
K 0 0 43
K -1 0 45
K 2 0 45
A D 2 16 0
A P 1 198 0
H 144 B -42 -10 108 3 2 1 3
J N 6 1435 -21 6 3457 288 1 145
K 0 7 45
K -14 0 64
K 0 0 43
K 0 7 45
K 1 7 45
A D 2 16 0
A P 1 203 0
J N 6 1468 -28 6 4609 288 1 145
K 0 14 45
K 0 0 45
K 0 0 43
K -1 0 45
K 2 0 45
A D 2 16 0
A P 1 209 0
J N 6 1501 -35 6 5761 288 1 145
K 0 21 45
K 0 7 45
K 0 0 43
K 0 7 45
K 1 7 45
A D 2 16 0
A P 1 215 0
H 145 B -54 -2 108 3 2 1 3
J B 224 1547 1 82 6913 288 0
J N 6 1568 7 2 1 0 1 146
K 0 0 43
A D 2 16 0
A P 1 181 0
J N 6 1601 0 2 1153 288 1 146
K 0 0 43
A D 2 16 0
A P 1 186 0
J N 6 1634 -7 2 2305 288 1 146
K 0 0 43
A D 2 16 0
A P 1 192 0
H 146 B -42 -2 108 3 2 1 3
J N 6 1679 -14 5 3457 288 1 147
K 0 0 45
K 0 0 43
K -1 0 45
K 2 0 45
A D 2 16 0
A P 1 198 0
J N 6 1712 49 2 4609 288 1 147
K 0 0 43
A D 2 16 0
A P 1 146 0
J N 6 1745 49 2 5761 288 1 147
K 0 0 43
A D 2 16 0
A P 1 146 0
H 147 B -96 9 108 3 2 1 3
J B 225 1791 1 82 6913 288 0
J N 6 1815 42 2 1 0 1 148
K 0 0 43
A D 2 16 0
A P 1 152 0
J N 6 1859 0 2 1153 288 1 148
K 0 0 43
A D 2 16 0
A P 1 186 0
J N 6 1892 7 2 2305 288 1 148
K 0 0 43
A D 2 16 0
A P 1 181 0
H 148 B -42 -9 108 3 2 1 3
J N 6 1925 -35 6 3457 288 1 149
K 0 21 45
K 0 7 45
K 0 0 43
K 0 7 45
K 1 7 45
A D 2 16 0
A P 1 215 0
J N 6 1958 -28 6 4609 288 1 149
K 0 14 45
K 0 0 45
K 0 0 43
K -1 0 45
K 2 0 45
A D 2 16 0
A P 1 209 0
J N 6 2004 -21 6 5761 288 1 149
K 0 7 45
K -18 0 63
K 0 0 43
K 0 7 45
K 1 7 45
A D 2 16 0
A P 1 204 0
H 149 B -63 1 108 3 2 1 3
J B 226 2050 1 82 6913 288 0
E *
L 1150 98 0 330 330 * 0 14 0
J D 0 -70 42 1 6913 0 0
W 0 0 31 S.
J C 4 5 42 2 6913 0 0
K 0 0 33
K 0 0 34
J K 2 57 0 2 6913 0 0
K 0 0 63
K 15 21 63
J D 0 55 -14 1 6913 0 0
W 0 0 0 \02\01\08
J N 7 130 7 6 1 0 0
T -10 1 a\-us * 45
K 0 0 43
K 25 0 44
K 0 0 60
K 0 21 60
A D 3 8 0
A P 1 215 0
J N 7 232 0 6 3457 864 0
T -2 1 E - 22
K 0 0 43
K 24 -6 44
K 0 0 60
K 0 21 60
A D 3 8 0
A P 1 221 0
J B 219 359 1 82 6913 864 0
J S 0 366 -23 2 1 0 0
K 0 0 111
K 12 0 110
J N 7 380 0 6 1 0 1 1
T 0 1 li - 20
K 0 0 43
K 24 -6 44
K 0 0 60
K 0 21 60
A D 3 8 1
A P 1 221 1
J N 7 481 0 4 3457 864 1 1
K 0 0 43
K 0 0 60
K 0 21 60
A D 2 8 0
A P 1 221 0
H 1 T 0 0 0 0 0 0 5 0
J N 6 547 7 4 5761 576 0
T -3 1 si - 23
K 0 0 43
K 0 0 54
A D 1 8 0
A P 1 215 0
J B 220 593 1 82 6913 288 0
J N 7 614 7 5 1 0 0
T -12 1 u\!m, * 52
K 0 0 43
K 0 0 60
K 0 21 60
A D 2 8 0
A P 1 215 0
J R 6 680 28 2 2305 576 0
K 0 0 49
A D 1 8 1
A P 1 0 1
J R 7 719 28 2 3457 288 0
K 0 0 48
A D 2 8 1
A P 1 0 1
J R 6 785 28 2 5761 576 0
K 0 0 49
A D 1 8 0
A P 1 0 0
J B 221 831 1 82 6913 288 0
J N 7 852 0 6 1 0 0
T -10 1 wir * 45
K 0 0 43
K 24 -6 44
K 0 0 60
K 0 21 60
A D 3 8 0
A P 1 221 0
J N 7 951 0 6 3457 864 0
T -5 1 b\!e - 33
K 0 0 43
K 24 -6 44
K 0 0 60
K 0 21 60
A D 3 8 0
A P 1 221 0
J B 222 1063 1 82 6913 864 0
J N 7 1084 -7 6 1 0 0
T -8 1 tr\!e - 40
K 0 0 43
K 25 0 44
K 0 0 60
K 0 21 60
A D 3 8 0
A P 1 226 0
J N 7 1192 -14 9 3457 864 0
T -9 1 t\!en * 44
K 0 0 45
K 0 0 43
K -1 0 45
K 2 0 45
K 24 -6 44
K 0 0 60
K 0 21 60
A D 3 8 0
A P 1 232 0
J B 223 1304 1 82 6913 864 0
J S 0 1313 -35 2 1 0 0
K 0 0 111
K 12 0 110
J N 7 1327 -14 9 1 0 0
T -9 1 feu - 43
K 0 0 45
K 0 0 43
K -1 0 45
K 2 0 45
K 24 -6 44
K 0 0 60
K 0 21 60
A D 3 8 0
A P 1 232 0
J N 7 1435 -7 6 3457 864 0
T -4 1 er - 28
K 0 0 43
K 25 0 44
K 0 0 60
K 0 21 60
A D 3 8 0
A P 1 226 0
J B 224 1547 1 82 6913 864 0
J N 7 1568 0 6 1 0 0
T -14 1 trun - 58
K 0 0 43
K 24 -6 44
K 0 0 60
K 0 21 60
A D 3 8 0
A P 1 221 0
J N 7 1679 7 6 3457 864 0
T -14 1 ken, * 57
K 0 0 43
K 25 0 44
K 0 0 60
K 0 21 60
A D 3 8 0
A P 1 215 0
J B 225 1791 1 82 6913 864 0
J N 7 1815 14 6 1 0 0
T -24 1 Himm - 89
K 0 0 43
K 24 -6 44
K 0 0 60
K 0 21 60
A D 3 8 0
A P 1 209 0
J N 7 1925 14 6 3457 864 0
T -1 1 li - 20
K 0 0 43
K 24 -6 44
K 0 0 60
K 0 21 60
A D 3 8 0
A P 1 209 0
J B 226 2050 1 82 6913 864 0
E -
L 1280 98 0 330 330 * 0 14 0
J D 0 -74 42 1 6913 0 0
W 0 0 31 A.
J C 4 5 42 2 6913 0 0
K 0 0 33
K 0 0 34
J K 2 57 0 2 6913 0 0
K 0 0 63
K 15 21 63
J D 0 55 -14 1 6913 0 0
W 0 0 0 \02\01\08
J N 7 130 35 6 1 0 0
T -10 1 a\-us * 45
K 0 0 43
K 25 0 44
K 0 0 59
K 0 -21 59
A D 3 8 0
A P 1 192 0
J N 7 232 35 6 3457 864 0
T -2 1 E - 22
K 0 0 43
K 25 0 44
K 0 0 59
K 0 -21 59
A D 3 8 0
A P 1 192 0
J B 219 359 1 82 6913 864 0
J S 0 368 -16 2 1 0 0
K 0 0 111
K 12 0 110
J N 7 380 35 6 1 0 1 2
T 0 1 li - 20
K 0 0 43
K 25 0 44
K 0 0 59
K 0 -21 59
A D 3 8 1
A P 1 192 1
J N 7 481 35 4 3457 864 1 2
K 0 0 43
K 0 0 59
K 0 -21 59
A D 2 8 0
A P 1 192 0
H 2 T 35 0 0 0 0 0 9 0
J N 6 547 35 4 5761 576 0
T -3 1 si - 23
K 0 0 43
K 0 0 53
A D 1 8 0
A P 1 192 0
J B 220 593 1 82 6913 288 0
J N 7 614 35 5 1 0 0
T -12 1 u\!m, * 52
K 0 0 43
K 0 0 59
K 0 -21 59
A D 2 8 0
A P 1 192 0
J R 6 680 28 2 2305 576 0
K 0 0 49
A D 1 8 1
A P 1 0 1
J R 7 719 28 2 3457 288 0
K 0 0 48
A D 2 8 1
A P 1 0 1
J R 6 785 28 2 5761 576 0
K 0 0 49
A D 1 8 0
A P 1 0 0
J B 221 831 1 82 6913 288 0
J N 7 852 35 6 1 0 0
T -10 1 wir * 45
K 0 0 43
K 25 0 44
K 0 0 59
K 0 -21 59
A D 3 8 0
A P 1 192 0
J N 7 951 35 6 3457 864 0
T -5 1 b\!e - 33
K 0 0 43
K 25 0 44
K 0 0 59
K 0 -21 59
A D 3 8 0
A P 1 192 0
J B 222 1063 1 82 6913 864 0
J N 7 1084 28 6 1 0 0
T -8 1 tr\!e - 40
K 0 0 43
K 24 -6 44
K 0 0 60
K 0 14 60
A D 3 8 0
A P 1 198 0
J N 7 1192 21 7 3457 864 0
T -9 1 t\!en * 44
K -14 0 64
K 0 0 43
K 25 0 44
K 0 0 60
K 0 14 60
A D 3 8 0
A P 1 203 0
J B 223 1304 1 82 6913 864 0
J S 0 1320 -16 2 1 0 0
K 0 0 111
K 12 0 110
J N 7 1327 21 7 1 0 0
T -9 1 feu - 43
K -14 0 64
K 0 0 43
K 25 0 44
K 0 0 60
K 0 14 60
A D 3 8 0
A P 1 203 0
J N 7 1435 28 6 3457 864 0
T -4 1 er - 28
K 0 0 43
K 24 -6 44
K 0 0 60
K 0 14 60
A D 3 8 0
A P 1 198 0
J B 224 1547 1 82 6913 864 0
J N 7 1568 35 6 1 0 0
T -14 1 trun - 58
K 0 0 43
K 25 0 44
K 0 0 59
K 0 -21 59
A D 3 8 0
A P 1 192 0
J N 7 1679 42 6 3457 864 0
T -14 1 ken, * 57
K 0 0 43
K 24 -6 44
K 0 0 59
K 0 -21 59
A D 3 8 0
A P 1 186 0
J B 225 1791 1 82 6913 864 0
J N 7 1815 49 6 1 0 0
T -24 1 Himm - 89
K 0 0 43
K 25 0 44
K 0 0 59
K 0 -21 59
A D 3 8 0
A P 1 181 0
J N 7 1925 49 6 3457 864 0
T -1 1 li - 20
K 0 0 43
K 25 0 44
K 0 0 59
K 0 -21 59
A D 3 8 0
A P 1 181 0
J B 226 2050 1 82 6913 864 0
E -
L 1410 98 0 330 330 * 0 14 0
J D 0 -72 42 1 6913 0 0
W 0 0 31 T.
J C 34 5 42 3 6913 0 0
K 0 0 33
K 0 0 34
K 14 56 234
J K 2 57 0 2 6913 0 0
K 0 0 63
K 15 21 63
J D 0 55 -14 1 6913 0 0
W 0 0 0 \02\01\08
J N 7 130 35 6 1 0 0
T -10 1 a\-us * 45
K 0 0 43
K 25 0 44
K 0 0 59
K 0 -21 59
A D 3 8 0
A P 1 152 0
J N 7 232 14 6 3457 864 0
T -2 1 E - 22
K 0 0 43
K 24 -6 44
K 0 0 60
K 0 21 60
A D 3 8 0
A P 1 169 0
J B 219 359 1 82 6913 864 0
J S 0 380 -16 2 1 0 0
K 0 0 111
K 12 0 110
J N 7 380 14 6 1 0 1 12
T 0 1 li - 20
K 0 0 43
K 24 -6 44
K 0 0 60
K 0 21 60
A D 3 8 1
A P 1 169 1
J N 7 481 14 4 3457 864 1 12
K 0 0 43
K 0 0 60
K 0 21 60
A D 2 8 0
A P 1 169 0
H 12 T 14 0 0 0 0 0 5 0
J N 6 547 21 4 5761 576 0
T -2 1 si - 23
K 0 0 43
K 0 0 54
A D 1 8 0
A P 1 164 0
J B 220 593 1 82 6913 288 0
J N 7 614 21 5 1 0 0
T -12 1 u\!m, * 52
K 0 0 43
K 0 0 60
K 0 14 60
A D 2 8 0
A P 1 164 0
J R 6 680 28 2 2305 576 0
K 0 0 49
A D 1 8 1
A P 1 0 1
J R 7 719 28 2 3457 288 0
K 0 0 48
A D 2 8 1
A P 1 0 1
J R 6 785 28 2 5761 576 0
K 0 0 49
A D 1 8 0
A P 1 0 0
J B 221 831 1 82 6913 288 0
J N 7 852 14 6 1 0 0
T -10 1 wir * 45
K 0 0 43
K 24 -6 44
K 0 0 60
K 0 21 60
A D 3 8 0
A P 1 169 0
J N 7 951 14 6 3457 864 0
T -5 1 b\!e - 33
K 0 0 43
K 24 -6 44
K 0 0 60
K 0 21 60
A D 3 8 0
A P 1 169 0
J B 222 1063 1 82 6913 864 0
J N 7 1084 14 6 1 0 0
T -8 1 tr\!e - 40
K 0 0 43
K 24 -6 44
K 0 0 60
K 0 21 60
A D 3 8 0
A P 1 169 0
J N 7 1192 14 6 3457 864 0
T -9 1 t\!en * 44
K 0 0 43
K 24 -6 44
K 0 0 60
K 0 21 60
A D 3 8 0
A P 1 169 0
J B 223 1304 1 82 6913 864 0
J S 0 1327 -15 2 1 0 0
K 0 0 111
K 12 0 110
J N 7 1327 14 6 1 0 0
T -9 1 feu - 43
K 0 0 43
K 24 -6 44
K 0 0 60
K 0 21 60
A D 3 8 0
A P 1 169 0
J N 7 1435 14 6 3457 864 0
T -4 1 er - 28
K 0 0 43
K 24 -6 44
K 0 0 60
K 0 21 60
A D 3 8 0
A P 1 169 0
J B 224 1547 1 82 6913 864 0
J N 7 1568 14 6 1 0 0
T -14 1 trun - 58
K 0 0 43
K 24 -6 44
K 0 0 60
K 0 21 60
A D 3 8 0
A P 1 169 0
J N 7 1679 14 6 3457 864 0
T -14 1 ken, * 57
K 0 0 43
K 24 -6 44
K 0 0 60
K 0 21 60
A D 3 8 0
A P 1 169 0
J B 225 1791 1 82 6913 864 0
J N 7 1815 14 6 1 0 0
T -24 1 Himm - 89
K 0 0 43
K 24 -6 44
K 0 0 60
K 0 21 60
A D 3 8 0
A P 1 169 0
J N 7 1925 14 6 3457 864 0
T -1 1 li - 20
K 0 0 43
K 24 -6 44
K 0 0 60
K 0 21 60
A D 3 8 0
A P 1 169 0
J B 226 2050 1 82 6913 864 0
E -
L 1540 98 0 330 330 * 0 14 0
J D 0 -73 42 1 6913 0 0
W 0 0 31 B.
J C 22 5 14 36 6913 0 0
J K 2 57 0 2 6913 0 0
K 0 14 63
K 15 35 63
J D 0 55 -14 1 6913 0 0
W 0 0 0 \02\01\08
J N 7 130 0 6 1 0 0
T -10 1 a\-us * 45
K 0 0 43
K 24 -6 44
K 0 0 60
K 0 21 60
A D 3 8 0
A P 1 152 0
J N 7 232 0 6 3457 864 0
T -2 1 E - 22
K 0 0 43
K 24 -6 44
K 0 0 60
K 0 21 60
A D 3 8 0
A P 1 152 0
J B 219 359 1 82 6913 864 0
J S 0 368 -22 2 1 0 0
K 0 0 111
K 12 0 110
J N 7 380 0 6 1 0 1 8
T 0 1 li - 20
K 0 0 43
K 24 -6 44
K 0 0 60
K 0 21 60
A D 3 8 1
A P 1 152 1
J N 7 481 0 4 3457 864 1 8
K 0 0 43
K 0 0 60
K 0 21 60
A D 2 8 0
A P 1 152 0
H 8 T 0 0 0 0 0 0 5 0
J N 6 547 0 4 5761 576 0
T -3 1 si - 23
K 0 0 43
K 0 0 54
A D 1 8 0
A P 1 152 0
J B 220 593 1 82 6913 288 0
J N 7 614 0 5 1 0 0
T -12 1 u\!m, * 52
K 0 0 43
K 0 0 60
K 0 21 60
A D 2 8 0
A P 1 152 0
J R 6 680 28 2 2305 576 0
K 0 0 49
A D 1 8 1
A P 1 0 1
J R 7 719 28 2 3457 288 0
K 0 0 48
A D 2 8 1
A P 1 0 1
J R 6 785 28 2 5761 576 0
K 0 0 49
A D 1 8 0
A P 1 0 0
J B 221 831 1 82 6913 288 0
J N 7 852 -21 9 1 0 0
T -10 1 wir * 45
K 0 7 45
K 0 0 43
K 0 7 45
K 1 7 45
K 25 0 44
K 0 0 60
K 0 21 60
A D 3 8 0
A P 1 169 0
J N 7 951 -21 9 3457 864 0
T -5 1 b\!e - 33
K 0 7 45
K 0 0 43
K 0 7 45
K 1 7 45
K 25 0 44
K 0 0 60
K 0 21 60
A D 3 8 0
A P 1 169 0
J B 222 1063 1 82 6913 864 0
J N 7 1084 -21 9 1 0 0
T -8 1 tr\!e - 40
K 0 7 45
K 0 0 43
K 0 7 45
K 1 7 45
K 25 0 44
K 0 0 60
K 0 21 60
A D 3 8 0
A P 1 169 0
J N 7 1192 -21 9 3457 864 0
T -9 1 t\!en * 44
K 0 7 45
K 0 0 43
K 0 7 45
K 1 7 45
K 25 0 44
K 0 0 60
K 0 21 60
A D 3 8 0
A P 1 169 0
J B 223 1304 1 82 6913 864 0
J S 0 1327 -16 2 1 0 0
K 0 0 111
K 12 0 110
J N 7 1327 7 6 1 0 0
T -9 1 feu - 43
K 0 0 43
K 25 0 44
K 0 0 60
K 0 21 60
A D 3 8 0
A P 1 146 0
J N 7 1435 7 6 3457 864 0
T -4 1 er - 28
K 0 0 43
K 25 0 44
K 0 0 60
K 0 21 60
A D 3 8 0
A P 1 146 0
J B 224 1547 1 82 6913 864 0
J N 7 1568 7 6 1 0 0
T -14 1 trun - 58
K 0 0 43
K 25 0 44
K 0 0 60
K 0 21 60
A D 3 8 0
A P 1 146 0
J N 7 1679 7 6 3457 864 0
T -14 1 ken, * 57
K 0 0 43
K 25 0 44
K 0 0 60
K 0 21 60
A D 3 8 0
A P 1 146 0
J B 225 1791 1 82 6913 864 0
J N 7 1815 0 6 1 0 0
T -24 1 Himm - 89
K 0 0 43
K 24 -6 44
K 0 0 60
K 0 21 60
A D 3 8 0
A P 1 152 0
J N 7 1925 0 6 3457 864 0
T -1 1 li - 20
K 0 0 43
K 24 -6 44
K 0 0 60
K 0 21 60
A D 3 8 0
A P 1 152 0
J B 226 2050 1 82 6913 864 0
E -
L 1670 0 0 330 330 * 0 14 0
J D 0 -83 42 1 6913 0 0
W 0 -21 31 Vc.
J D 0 -83 42 1 6913 0 0
W 0 21 31 Cb.
J C 22 5 14 36 6913 0 0
J K 2 57 0 2 6913 0 0
K 0 14 63
K 15 35 63
J D 0 55 -14 1 6913 0 0
W 0 0 0 \02\01\08
J N 6 130 35 2 1 0 1 121
K 0 0 43
A D 1 8 0
A P 1 124 0
J N 6 164 28 2 1153 288 1 121
K 0 0 43
A D 1 8 0
A P 1 129 0
J N 6 198 42 2 2305 288 1 121
K 0 0 43
A D 1 8 0
A P 1 118 0
H 121 B 49 0 108 3 2 1 3
J N 6 232 49 2 3457 288 1 122
K 0 0 43
A D 1 8 0
A P 1 112 0
J N 6 266 42 2 4609 288 1 122
K 0 0 43
A D 1 8 0
A P 1 118 0
J N 6 312 56 3 5761 288 1 122
K -18 0 63
K 0 0 43
A D 1 8 0
A P 1 107 0
H 122 B 53 0 108 3 2 1 3
J B 219 359 1 82 6913 288 0
J N 6 380 49 2 1 0 1 123
K 0 0 43
A D 1 8 0
A P 1 112 0
J N 6 414 0 2 1153 288 1 123
K 0 0 43
A D 1 8 0
A P 1 152 0
J N 6 448 -7 2 2305 288 1 123
K 0 0 43
A D 1 8 0
A P 1 158 0
H 123 B -42 -10 108 3 2 1 3
J N 6 481 -14 5 3457 288 1 124
K 0 0 45
K 0 0 43
K -1 0 45
K 2 0 45
A D 1 8 0
A P 1 164 0
J N 6 514 -21 5 4609 288 1 124
K 0 7 45
K 0 0 43
K 0 7 45
K 1 7 45
A D 1 8 0
A P 1 169 0
J N 6 547 -28 6 5761 288 1 124
K 0 14 45
K 0 0 45
K 0 0 43
K -1 0 45
K 2 0 45
A D 1 8 0
A P 1 175 0
H 124 B -47 -1 108 3 2 1 3
J B 220 593 1 82 6913 288 0
J N 6 614 -35 6 1 0 1 125
K 0 21 45
K 0 7 45
K 0 0 43
K 0 7 45
K 1 7 45
A D 1 8 0
A P 1 181 0
J N 6 647 -42 7 1153 288 1 125
K 0 28 45
K 0 14 45
K 0 0 45
K 0 0 43
K -1 0 45
K 2 0 45
A D 1 8 0
A P 1 186 0
J N 6 680 0 2 2305 288 1 125
K 0 0 43
A D 1 8 0
A P 1 152 0
H 125 B -65 8 108 3 2 1 3
J N 6 719 -7 2 3457 288 1 126
K 0 0 43
A D 1 8 0
A P 1 158 0
J N 6 752 0 2 4609 288 1 126
K 0 0 43
A D 1 8 0
A P 1 152 0
J N 6 785 -14 5 5761 288 1 126
K 0 0 45
K 0 0 43
K -1 0 45
K 2 0 45
A D 1 8 0
A P 1 164 0
H 126 B -53 0 108 3 2 1 3
J B 221 831 1 82 6913 288 0
J N 6 852 -21 5 1 0 1 127
K 0 7 45
K 0 0 43
K 0 7 45
K 1 7 45
A D 1 8 0
A P 1 169 0
J N 6 885 -7 2 1153 288 1 127
K 0 0 43
A D 1 8 0
A P 1 158 0
J N 6 918 0 2 2305 288 1 127
K 0 0 43
A D 1 8 0
A P 1 152 0
H 127 B -54 5 108 3 2 1 3
J N 6 951 7 2 3457 288 1 128
K 0 0 43
A D 1 8 0
A P 1 146 0
J N 6 984 14 2 4609 288 1 128
K 0 0 43
A D 1 8 0
A P 1 141 0
J N 6 1017 21 2 5761 288 1 128
K 0 0 43
A D 1 8 0
A P 1 135 0
H 128 B -52 2 108 3 2 1 3
J B 222 1063 1 82 6913 288 0
J N 6 1084 28 2 1 0 1 129
K 0 0 43
A D 1 8 0
A P 1 129 0
J N 6 1117 21 2 1153 288 1 129
K 0 0 43
A D 1 8 0
A P 1 135 0
J N 6 1150 28 2 2305 288 1 129
K 0 0 43
A D 1 8 0
A P 1 129 0
H 129 B -42 0 108 3 2 1 3
J N 6 1192 35 3 3457 288 1 130
K -14 0 64
K 0 0 43
A D 1 8 0
A P 1 123 0
J N 6 1225 42 2 4609 288 1 130
K 0 0 43
A D 1 8 0
A P 1 118 0
J N 6 1258 49 2 5761 288 1 130
K 0 0 43
A D 1 8 0
A P 1 112 0
H 130 B 42 2 108 3 2 1 3
J B 223 1304 1 82 6913 288 0
J N 6 1327 56 2 1 0 1 131
K 0 0 43
A D 1 8 0
A P 1 106 0
J N 6 1360 0 2 1153 288 1 131
K 0 0 43
A D 1 8 0
A P 1 152 0
J N 6 1393 -7 2 2305 288 1 131
K 0 0 43
A D 1 8 0
A P 1 158 0
H 131 B -42 -10 108 3 2 1 3
J N 6 1435 -14 6 3457 288 1 132
K 0 0 45
K -14 0 64
K 0 0 43
K -1 0 45
K 2 0 45
A D 1 8 0
A P 1 163 0
J N 6 1468 -21 5 4609 288 1 132
K 0 7 45
K 0 0 43
K 0 7 45
K 1 7 45
A D 1 8 0
A P 1 169 0
J N 6 1501 -28 6 5761 288 1 132
K 0 14 45
K 0 0 45
K 0 0 43
K -1 0 45
K 2 0 45
A D 1 8 0
A P 1 175 0
H 132 B -47 -1 108 3 2 1 3
J B 224 1547 1 82 6913 288 0
J N 6 1568 -35 6 1 0 1 133
K 0 21 45
K 0 7 45
K 0 0 43
K 0 7 45
K 1 7 45
A D 1 8 0
A P 1 181 0
J N 6 1601 -42 7 1153 288 1 133
K 0 28 45
K 0 14 45
K 0 0 45
K 0 0 43
K -1 0 45
K 2 0 45
A D 1 8 0
A P 1 186 0
J N 6 1634 0 2 2305 288 1 133
K 0 0 43
A D 1 8 0
A P 1 152 0
H 133 B -65 8 108 3 2 1 3
J N 6 1679 -7 2 3457 288 1 134
K 0 0 43
A D 1 8 0
A P 1 158 0
J N 6 1712 56 2 4609 288 1 134
K 0 0 43
A D 1 8 0
A P 1 106 0
J N 6 1745 56 2 5761 288 1 134
K 0 0 43
A D 1 8 0
A P 1 106 0
H 134 B -96 9 108 3 2 1 3
J B 225 1791 1 82 6913 288 0
J N 6 1815 49 2 1 0 1 135
K 0 0 43
A D 1 8 0
A P 1 112 0
J N 6 1859 -42 7 1153 288 1 135
K 0 28 45
K 0 14 45
K 0 0 45
K 0 0 43
K -1 0 45
K 2 0 45
A D 1 8 0
A P 1 186 0
J N 6 1892 -35 6 2305 288 1 135
K 0 21 45
K 0 7 45
K 0 0 43
K 0 7 45
K 1 7 45
A D 1 8 0
A P 1 181 0
H 135 B 52 0 108 3 2 1 3
J N 6 1925 -28 6 3457 288 1 136
K 0 14 45
K 0 0 45
K 0 0 43
K -1 0 45
K 2 0 45
A D 1 8 0
A P 1 175 0
J N 6 1958 -21 5 4609 288 1 136
K 0 7 45
K 0 0 43
K 0 7 45
K 1 7 45
A D 1 8 0
A P 1 169 0
J N 6 2004 -14 6 5761 288 1 136
K 0 0 45
K -18 0 63
K 0 0 43
K -1 0 45
K 2 0 45
A D 1 8 0
A P 1 164 0
H 136 B -56 1 108 3 2 1 3
J B 226 2050 1 82 6913 288 0
E *
B 1 359 0
B 1 593 0
B 1 831 0
B 1 1063 0
B 1 1304 0
B 1 1547 0
B 1 1791 0
B 1 2050 0
