S 0 200 140 2050 2226 13 "[........{..}...]"
L 0 0 0 330 330 * 0 14
J C 4 5 42 2 6913 0 0
K 0 0 33
K 0 0 34
J K 2 57 0 2 6913 0 0
K 0 0 63
K 15 21 63
J D 0 53 -14 1 6913 0 0
W 0 0 37 \02\02\09
J R 9 281 28 46 1 0 0
J R 9 605 28 46 1 0 0
J R 9 929 28 46 1 0 0
J R 9 1310 28 46 1 0 0
J B 233 1518 1 82 6913 1 0
J R 9 1661 28 2 1 10000 0
K 0 0 46
A D 12 16
J D 0 1828 0 1 6913 1728 0
W -108 -35 33 TUTTI
J B 234 1832 1 82 6913 0 0
J N 7 1853 -35 11 1 0 0
K 0 21 45
K 0 7 45
K 0 0 43
K 0 7 45
K 1 7 45
K 25 0 44
K 0 119 110
K 0 0 60
K 0 28 60
K 0 35 60
A D 6 16
J N 7 1948 -28 9 3457 864 0
K 0 14 45
K 0 0 45
K 0 0 43
K -1 0 45
K 2 0 45
K 24 -6 44
K 0 0 60
K 0 28 60
A D 6 16
J B 235 2050 1 82 6913 864 0
E *
L 175 0 0 330 330 * 0 14
J C 4 5 42 2 6913 0 0
K 0 0 33
K 0 0 34
J K 2 57 0 2 6913 0 0
K 0 0 63
K 15 21 63
J N 6 130 14 3 1 0 1 207
K 0 0 43
K 0 -57 96
A D 2 16
J R 9 281 70 2 1 10000 0
K 0 0 46
A D 12 16
J N 6 188 7 3 1153 288 1 207
K 0 0 43
K 0 -54 96
A D 2 16
J N 6 246 0 3 2305 288 1 207
K 0 0 43
K 0 -51 96
A D 2 16
H 207 B 48 -2 108 3 2 1 3   
J N 6 304 -7 3 3457 288 1 208
K 0 0 43
K 0 -52 96
A D 2 16
J N 6 362 7 3 4609 288 1 208
K 0 0 43
K 0 -65 96
A D 2 16
J N 6 420 0 3 5761 288 1 208
K 0 0 43
K 0 -57 96
A D 2 16
H 208 B 42 1 108 3 2 1 3   
J B 230 482 1 82 6913 288 0
J N 7 503 7 4 1 0 0
K 0 0 43
K 0 0 59
K 0 -14 59
A D 4 16
J R 9 605 70 2 1 10000 0
K 0 0 46
A D 12 16
J R 6 577 14 2 2305 576 0
K 0 0 49
A D 2 16
J R 7 621 14 2 3457 288 0
K 0 0 48
A D 4 16
J N 6 695 21 3 5761 576 0
K 0 0 43
K 0 0 51
A D 2 16
J B 231 757 1 82 6913 288 0
J N 6 778 14 2 1 0 1 209
K 0 0 43
A D 2 16
J R 9 929 70 2 1 10000 0
K 0 0 46
A D 12 16
J N 6 836 7 2 1153 288 1 209
K 0 0 43
A D 2 16
J N 6 894 0 2 2305 288 1 209
K 0 0 43
A D 2 16
H 209 B 48 -2 108 3 2 1 3   
J N 6 952 -7 2 3457 288 1 210
K 0 0 43
A D 2 16
J N 6 1010 7 2 4609 288 1 210
K 0 0 43
A D 2 16
J N 6 1068 0 2 5761 288 1 210
K 0 0 43
A D 2 16
H 210 B 42 1 108 3 2 1 3   
J B 232 1130 1 82 6913 288 0
J N 7 1151 7 4 1 0 0
K 0 0 43
K 0 0 59
K 0 -14 59
A D 4 16
J R 9 1310 70 2 1 10000 0
K 0 0 46
A D 12 16
J R 6 1282 14 2 2305 576 0
K 0 0 49
A D 2 16
J N 7 1340 7 4 3457 288 0
K 0 0 43
K 0 0 59
K 0 -14 59
A D 4 16
J R 6 1456 14 2 5761 576 0
K 0 0 49
A D 2 16
J B 233 1518 1 82 6913 288 0
J N 7 1539 7 4 1 0 0
K 0 0 43
K 0 0 59
K 0 -14 59
A D 4 16
J R 9 1661 70 2 1 10000 0
K 0 0 46
A D 12 16
J R 6 1655 14 2 2305 576 0
K 0 0 49
A D 2 16
J R 7 1713 14 2 3457 288 0
K 0 0 48
A D 4 16
J R 6 1785 14 2 5761 576 0
K 0 0 49
A D 2 16
J B 234 1832 1 82 6913 288 0
J N 7 1853 14 10 1 0 0
K 0 0 43
K 24 -6 44
K 0 35 43
K 25 35 44
K 0 74 110
K 0 35 59
K 0 7 59
K 0 0 59
K 0 -14 59
A D 6 16
J N 7 1948 21 8 3457 864 0
K 0 -14 43
K 25 -14 44
K 0 0 43
K 25 0 44
K 0 -14 60
K 0 0 60
K 0 21 60
A D 6 16
J B 235 2050 1 82 6913 864 0
E *
L 360 0 0 330 330 * 0 14
J C 4 5 42 2 6913 0 0
K 0 0 33
K 0 0 34
J K -1 57 0 1 6913 0 0
K 0 28 65
J N 6 130 21 3 1 0 1 54
K 0 0 43
K 0 -61 96
A D 2 16
J R 9 281 70 2 1 10000 0
K 0 0 46
A D 12 16
J N 6 188 7 3 1153 288 1 54
K 0 0 43
K 0 -52 96
A D 2 16
J N 6 246 0 3 2305 288 1 54
K 0 0 43
K 0 -51 96
A D 2 16
H 54 B 55 -2 108 3 2 1 3   
J N 6 304 -7 3 3457 288 1 55
K 0 0 43
K 0 -52 96
A D 2 16
J N 6 362 7 3 4609 288 1 55
K 0 0 43
K 0 -65 96
A D 2 16
J N 6 420 0 3 5761 288 1 55
K 0 0 43
K 0 -57 96
A D 2 16
H 55 B 42 1 108 3 2 1 3   
J B 230 482 1 82 6913 288 0
J N 7 503 7 4 1 0 0
K 0 0 43
K 0 0 59
K 0 -14 59
A D 4 16
J R 9 605 70 2 1 10000 0
K 0 0 46
A D 12 16
J R 6 577 14 2 2305 576 0
K 0 0 49
A D 2 16
J R 7 621 14 2 3457 288 0
K 0 0 48
A D 4 16
J N 6 695 21 3 5761 576 0
K 0 0 43
K 0 0 51
A D 2 16
J B 231 757 1 82 6913 288 0
J N 6 778 21 2 1 0 1 56
K 0 0 43
A D 2 16
J R 9 929 70 2 1 10000 0
K 0 0 46
A D 12 16
J N 6 836 7 2 1153 288 1 56
K 0 0 43
A D 2 16
J N 6 894 0 2 2305 288 1 56
K 0 0 43
A D 2 16
H 56 B 55 -2 108 3 2 1 3   
J N 6 952 -7 2 3457 288 1 57
K 0 0 43
A D 2 16
J N 6 1010 7 2 4609 288 1 57
K 0 0 43
A D 2 16
J N 6 1068 0 2 5761 288 1 57
K 0 0 43
A D 2 16
H 57 B 42 1 108 3 2 1 3   
J B 232 1130 1 82 6913 288 0
J N 7 1151 7 4 1 0 0
K 0 0 43
K 0 0 59
K 0 -14 59
A D 4 16
J R 9 1310 70 2 1 10000 0
K 0 0 46
A D 12 16
J R 6 1282 14 2 2305 576 0
K 0 0 49
A D 2 16
J N 7 1340 7 4 3457 288 0
K 0 0 43
K 0 0 59
K 0 -14 59
A D 4 16
J R 6 1456 14 2 5761 576 0
K 0 0 49
A D 2 16
J B 233 1518 1 82 6913 288 0
J N 7 1539 7 4 1 0 0
K 0 0 43
K 0 0 59
K 0 -14 59
A D 4 16
J R 9 1661 70 2 1 10000 0
K 0 0 46
A D 12 16
J R 6 1655 14 2 2305 576 0
K 0 0 49
A D 2 16
J R 7 1713 14 2 3457 288 0
K 0 0 48
A D 4 16
J R 6 1785 14 2 5761 576 0
K 0 0 49
A D 2 16
J B 234 1832 1 82 6913 288 0
J N 7 1853 35 9 1 0 0
K 0 -14 43
K 25 -14 44
K 0 0 43
K 25 0 44
K 0 57 110
K 0 -14 60
K 0 0 60
K 0 14 60
A D 6 16
J N 7 1948 28 8 3457 864 0
K 0 -21 43
K 25 -21 44
K 0 0 43
K 24 -6 44
K 0 -21 60
K 0 0 60
K 0 21 60
A D 6 16
J B 235 2050 1 82 6913 864 0
E *
L 545 0 0 330 330 * 0 14
J C 22 5 14 36 6913 0 0
J K 2 57 0 2 6913 0 0
K 0 14 63
K 15 35 63
J R 9 281 28 46 1 0 0
J R 9 605 28 46 1 0 0
J R 9 929 28 46 1 0 0
J R 9 1310 28 46 1 0 0
J R 9 1661 28 46 1 0 0
J B 234 1832 1 82 6913 1 0
J N 7 1853 -21 8 1 0 1 120
K 1 7 45
K 0 0 43
K 0 7 45
K 1 7 45
K 0 117 110
K 0 0 59
K 0 -7 59
A D 4 16
J N 7 1853 28 5 1 0 0
K 0 0 43
K 24 6 44
K 0 0 60
K 0 21 60
A D 6 16
J N 6 1905 0 3 2305 576 1 120
K 0 0 43
K 0 0 51
A D 2 16
H 120 S 0 14 0 0 0 0 0 0 0
J N 7 1948 -28 8 3457 288 1 121
K 1 14 45
K 1 0 45
K 0 0 43
K -1 0 45
K 2 0 45
K 0 0 59
K 0 -7 59
A D 4 16
J N 7 1948 49 5 3457 0 0
K 0 0 43
K 25 0 44
K 0 0 60
K 0 14 60
A D 6 16
J N 6 2000 0 3 5761 576 1 121
K 0 0 43
K 0 0 51
A D 2 16
H 121 S 0 14 0 0 0 0 0 0 0
J B 235 2050 1 82 6913 288 0
E *
L 725 0 0 330 330 * 0 14
J C 4 5 42 2 6913 0 0
K 0 0 33
K 0 0 34
J K 0 57 0 0 6913 0 0
J N 6 130 21 6 1 0 1 132
K 0 0 43
K 0 35 43
K 0 52 96
K 0 35 59
K 0 7 59
A D 2 16
J N 6 188 14 5 1153 288 1 132
K 0 0 43
K 0 28 43
K 0 49 96
K 0 28 59
A D 2 16
J N 6 246 7 5 2305 288 1 132
K 0 0 43
K 0 14 43
K 0 28 96
K 0 14 59
A D 2 16
H 132 B 48 -2 108 3 2 1 3   
J N 6 304 14 5 3457 288 1 133
K 0 -14 43
K 0 0 43
K 0 -31 96
K 0 -14 60
A D 2 16
J N 6 362 42 5 4609 288 1 133
K 0 -28 43
K 0 0 43
K 0 -49 96
K 0 -28 60
A D 2 16
J N 6 420 21 5 5761 288 1 133
K 0 -14 43
K 0 0 43
K 0 -31 96
K 0 -14 60
A D 2 16
H 133 B -63 0 108 3 2 1 3   
J B 230 482 1 82 6913 288 0
J N 7 503 42 6 1 0 0
K 0 -28 43
K 0 0 43
K 0 -28 60
K 0 0 60
K 0 14 60
A D 4 16
J R 6 577 28 2 2305 576 0
K 0 0 49
A D 2 16
J R 7 621 28 2 3457 288 0
K 0 0 48
A D 4 16
J N 6 695 42 5 5761 576 0
K 0 -28 43
K 0 0 43
K 0 -28 60
K 0 0 52
A D 2 16
J B 231 757 1 82 6913 288 0
J N 6 778 21 5 1 0 1 134
K 0 0 43
K 0 35 43
K 0 35 59
K 0 7 59
A D 2 16
J N 6 836 14 4 1153 288 1 134
K 0 0 43
K 0 28 43
K 0 28 59
A D 2 16
J N 6 894 7 4 2305 288 1 134
K 0 0 43
K 0 14 43
K 0 14 59
A D 2 16
H 134 B 48 -2 108 3 2 1 3   
J N 6 952 14 4 3457 288 1 135
K 0 -14 43
K 0 0 43
K 0 -14 60
A D 2 16
J N 6 1010 42 4 4609 288 1 135
K 0 -28 43
K 0 0 43
K 0 -28 60
A D 2 16
J N 6 1068 21 4 5761 288 1 135
K 0 -14 43
K 0 0 43
K 0 -14 60
A D 2 16
H 135 B -63 0 108 3 2 1 3   
J B 232 1130 1 82 6913 288 0
J N 7 1151 42 6 1 0 0
K 0 -28 43
K 0 0 43
K 0 -28 60
K 0 0 60
K 0 14 60
A D 4 16
J R 6 1282 28 2 2305 576 0
K 0 0 49
A D 2 16
J N 7 1340 42 6 3457 288 0
K 0 -28 43
K 0 0 43
K 0 -28 60
K 0 0 60
K 0 14 60
A D 4 16
J R 6 1456 28 2 5761 576 0
K 0 0 49
A D 2 16
J B 233 1518 1 82 6913 288 0
J N 7 1539 42 6 1 0 0
K 0 -28 43
K 0 0 43
K 0 -28 60
K 0 0 60
K 0 14 60
A D 4 16
J R 6 1655 28 2 2305 576 0
K 0 0 49
A D 2 16
J R 7 1713 28 2 3457 288 0
K 0 0 48
A D 4 16
J R 6 1785 28 2 5761 576 0
K 0 0 49
A D 2 16
J B 234 1832 1 82 6913 288 0
J N 7 1853 21 10 1 0 0
K 0 0 43
K 25 0 44
K 0 35 43
K 24 29 44
K 0 71 110
K 0 35 59
K 0 7 59
K 0 0 59
K 0 -14 59
A D 6 16
J N 7 1948 14 8 3457 864 0
K 0 0 43
K 24 -6 44
K 0 28 43
K 24 22 44
K 0 28 59
K 0 0 59
K 0 -14 59
A D 6 16
J B 235 2050 1 82 6913 864 0
E *
L 905 0 0 330 330 * 0 14
J C 4 5 42 2 6913 0 0
K 0 0 33
K 0 0 34
J K 0 57 0 0 6913 0 0
J R 9 281 28 46 1 0 0
J R 9 605 28 46 1 0 0
J R 9 929 28 46 1 0 0
J R 9 1310 28 46 1 0 0
J R 9 1661 28 46 1 0 0
J B 234 1832 1 82 6913 1 0
J N 7 1853 21 11 1 0 0
K 1 49 45
K 0 0 43
K 0 49 43
K -1 49 45
K 2 49 45
K 0 85 110
K 0 49 59
K 0 21 59
K 0 0 59
K 0 -14 59
A D 4 16
J R 6 1905 28 2 2305 576 0
K 0 0 49
A D 2 16
J N 7 1948 42 11 3457 288 0
K 1 28 45
K 1 42 45
K 0 0 43
K 0 49 43
K 0 42 45
K 1 42 45
K 0 49 59
K 0 21 59
K 0 0 59
K 0 -21 59
A D 4 16
J R 6 2000 28 2 5761 576 0
K 0 0 49
A D 2 16
J B 235 2050 1 82 6913 288 0
E *
L 1085 0 0 330 330 * 0 14
J C 22 5 14 36 6913 0 0
J K 0 57 0 0 6913 0 0
J R 9 281 28 46 1 0 0
J R 9 605 28 46 1 0 0
J R 9 929 28 46 1 0 0
J R 9 1310 28 46 1 0 0
J R 9 1661 28 46 1 0 0
J B 234 1832 1 82 6913 1 0
J N 7 1853 28 5 1 0 0
K 0 0 43
K 0 58 110
K 0 0 59
K 0 -14 59
A D 4 16
J R 6 1905 28 2 2305 576 0
K 0 0 49
A D 2 16
J N 7 1948 49 4 3457 288 0
K 0 0 43
K 0 0 59
K 0 -21 59
A D 4 16
J R 6 2000 28 2 5761 576 0
K 0 0 49
A D 2 16
J B 235 2050 1 82 6913 288 0
E *
L 1285 0 0 330 330 * 0 14
J C 4 5 42 2 6913 0 0
K 0 0 33
K 0 0 34
J K 2 57 0 2 6913 0 0
K 0 0 63
K 15 21 63
J N 5 130 -35 6 1 0 2 388 389
K 0 21 45
K 0 7 45
K 0 0 43
K 0 7 45
K 1 7 45
A D 3 48
J N 5 159 -14 5 577 144 1 389
K 0 0 45
K 0 0 43
K -1 0 45
K 2 0 45
A D 3 48
J N 5 188 -42 7 1153 144 1 389
K 0 28 45
K 0 14 45
K 0 0 45
K 0 0 43
K -1 0 45
K 2 0 45
A D 3 48
J N 5 217 -14 5 1729 144 1 389
K 0 0 45
K 0 0 43
K -1 0 45
K 2 0 45
A D 3 48
J N 5 246 -49 7 2305 144 1 389
K 0 35 45
K 0 21 45
K 0 7 45
K 0 0 43
K 0 7 45
K 1 7 45
A D 3 48
J N 5 275 -14 5 2881 144 1 389
K 0 0 45
K 0 0 43
K -1 0 45
K 2 0 45
A D 3 48
H 389 B -66 0 108 6 22 11 11 11 11 33   
J N 5 304 -56 8 3457 144 1 390
K 0 42 45
K 0 28 45
K 0 14 45
K 0 0 45
K 0 0 43
K -1 0 45
K 2 0 45
A D 3 48
J N 5 333 -14 5 4033 144 1 390
K 0 0 45
K 0 0 43
K -1 0 45
K 2 0 45
A D 3 48
J N 5 362 -42 7 4609 144 1 390
K 0 28 45
K 0 14 45
K 0 0 45
K 0 0 43
K -1 0 45
K 2 0 45
A D 3 48
J N 5 391 -14 5 5185 144 1 390
K 0 0 45
K 0 0 43
K -1 0 45
K 2 0 45
A D 3 48
J N 5 420 -49 7 5761 144 1 390
K 0 35 45
K 0 21 45
K 0 7 45
K 0 0 43
K 0 7 45
K 1 7 45
A D 3 48
J N 5 449 -14 5 6337 144 2 390 388
K 0 0 45
K 0 0 43
K -1 0 45
K 2 0 45
A D 3 48
H 390 B -88 0 108 6 22 11 11 11 11 33   
H 388 S 0 0 -7 0 -28 0 0 0 0
J B 230 482 1 82 6913 144 0
J N 7 503 -42 10 1 0 0
K 0 28 45
K 0 14 45
K 0 0 45
K 0 0 43
K -1 0 45
K 2 0 45
K 0 0 60
K 0 28 60
K 0 42 60
A D 12 48
J R 6 577 28 2 2305 576 0
K 0 0 49
A D 6 48
J R 7 621 28 2 3457 288 0
K 0 0 48
A D 12 48
J N 5 695 21 2 5761 576 1 391
K 0 0 43
A D 3 48
J N 5 724 35 2 6337 144 1 391
K 0 0 43
A D 3 48
H 391 B -64 4 108 2 22 33   
J B 231 757 1 82 6913 144 0
J N 5 778 14 2 1 0 1 392
K 0 0 43
A D 3 48
J N 5 807 35 2 577 144 1 392
K 0 0 43
A D 3 48
J N 5 836 7 2 1153 144 1 392
K 0 0 43
A D 3 48
J N 5 865 35 2 1729 144 1 392
K 0 0 43
A D 3 48
J N 5 894 0 2 2305 144 1 392
K 0 0 43
A D 3 48
J N 5 923 35 2 2881 144 1 392
K 0 0 43
A D 3 48
H 392 B -71 1 108 6 22 11 11 11 11 33   
J N 5 952 -7 2 3457 144 1 393
K 0 0 43
A D 3 48
J N 5 981 35 2 4033 144 1 393
K 0 0 43
A D 3 48
J N 5 1010 7 2 4609 144 1 393
K 0 0 43
A D 3 48
J N 5 1039 35 2 5185 144 1 393
K 0 0 43
A D 3 48
J N 5 1068 0 2 5761 144 1 393
K 0 0 43
A D 3 48
J N 5 1097 35 2 6337 144 1 393
K 0 0 43
A D 3 48
H 393 B -87 0 108 6 22 11 11 11 11 33   
J B 232 1130 1 82 6913 144 0
J N 5 1151 7 2 1 0 1 394
K 0 0 43
A D 3 48
J N 5 1180 -14 5 577 144 1 394
K 0 0 45
K 0 0 43
K -1 0 45
K 2 0 45
A D 3 48
J N 5 1224 -7 3 1153 144 1 394
K -18 0 63
K 0 0 43
A D 3 48
J N 5 1253 -14 5 1729 144 1 394
K 0 0 45
K 0 0 43
K -1 0 45
K 2 0 45
A D 3 48
J N 5 1282 7 2 2305 144 1 394
K 0 0 43
A D 3 48
J N 5 1311 21 2 2881 144 1 394
K 0 0 43
A D 3 48
H 394 B -49 1 108 6 22 11 11 11 11 33   
J N 5 1340 35 2 3457 144 1 395
K 0 0 43
A D 3 48
J N 5 1369 7 2 4033 144 1 395
K 0 0 43
A D 3 48
J N 5 1398 21 2 4609 144 1 395
K 0 0 43
A D 3 48
J N 5 1427 35 2 5185 144 1 395
K 0 0 43
A D 3 48
J N 5 1456 56 2 5761 144 1 395
K 0 0 43
A D 3 48
J N 5 1485 70 5 6337 144 1 395
K 1 0 45
K 0 0 43
K -1 0 45
K 2 0 45
A D 3 48
H 395 B 66 3 108 6 22 11 11 11 11 33   
J B 233 1518 1 82 6913 144 0
J N 5 1539 84 6 1 0 1 396
K 1 -14 45
K 1 0 45
K 0 0 43
K -1 0 45
K 2 0 45
A D 3 48
J N 5 1568 70 5 577 144 1 396
K 1 0 45
K 0 0 43
K -1 0 45
K 2 0 45
A D 3 48
J N 5 1597 56 2 1153 144 1 396
K 0 0 43
A D 3 48
J N 5 1626 35 2 1729 144 1 396
K 0 0 43
A D 3 48
J N 5 1655 21 2 2305 144 1 396
K 0 0 43
A D 3 48
J N 5 1684 7 2 2881 144 1 396
K 0 0 43
A D 3 48
H 396 B 80 -9 108 6 22 11 11 11 11 33   
J N 7 1713 -14 7 3457 144 0
K 0 0 45
K 0 0 43
K -1 0 45
K 2 0 45
K 0 0 60
K 0 21 60
A D 12 48
J R 6 1785 28 2 5761 576 0
K 0 0 49
A D 6 48
J B 234 1832 1 82 6913 288 0
J R 9 1927 28 46 1 0 0
J B 235 2050 1 82 6913 1 0
E *
L 1470 0 0 330 330 * 0 14
J C 4 5 42 2 6913 0 0
K 0 0 33
K 0 0 34
J K 2 57 0 2 6913 0 0
K 0 0 63
K 15 21 63
J N 7 130 49 4 1 0 0
K 0 0 43
K 0 0 59
K 0 -21 59
A D 4 16
J R 6 246 28 2 2305 576 0
K 0 0 49
A D 2 16
J R 7 304 28 2 3457 288 0
K 0 0 48
A D 4 16
J N 6 420 49 3 5761 576 0
K 0 0 43
K 0 0 53
A D 2 16
J B 230 482 1 82 6913 288 0
J N 6 503 56 2 1 0 1 228
K 0 0 43
A D 2 16
J N 6 540 49 2 1153 288 1 228
K 0 0 43
A D 2 16
J N 6 577 42 2 2305 288 1 228
K 0 0 43
A D 2 16
H 228 B 56 -2 108 3 2 1 3   
J N 6 621 35 2 3457 288 1 229
K 0 0 43
A D 2 16
J N 6 658 49 2 4609 288 1 229
K 0 0 43
A D 2 16
J N 6 695 42 2 5761 288 1 229
K 0 0 43
A D 2 16
H 229 B 41 1 108 3 2 1 3   
J B 231 757 1 82 6913 288 0
J N 7 778 49 4 1 0 0
K 0 0 43
K 0 0 59
K 0 -21 59
A D 4 16
J R 6 894 28 2 2305 576 0
K 0 0 49
A D 2 16
J R 7 952 28 2 3457 288 0
K 0 0 48
A D 4 16
J N 6 1068 49 3 5761 576 0
K 0 0 43
K 0 0 53
A D 2 16
J B 232 1130 1 82 6913 288 0
J N 7 1151 56 4 1 0 0
K 0 0 43
K 0 0 59
K 0 -21 59
A D 4 16
J R 6 1282 28 2 2305 576 0
K 0 0 49
A D 2 16
J N 7 1340 56 4 3457 288 0
K 0 0 43
K 0 0 59
K 0 -21 59
A D 4 16
J R 6 1456 28 2 5761 576 0
K 0 0 49
A D 2 16
J B 233 1518 1 82 6913 288 0
J N 7 1539 56 4 1 0 0
K 0 0 43
K 0 0 59
K 0 -21 59
A D 4 16
J R 6 1655 28 2 2305 576 0
K 0 0 49
A D 2 16
J R 6 1713 28 2 3457 288 0
K 0 0 49
A D 2 16
J N 6 1749 -14 7 4609 288 1 230
K 0 0 45
K 0 0 43
K -1 0 45
K 2 0 45
K 0 -17 96
K 0 99 110
A D 2 16
J N 6 1785 0 3 5761 288 1 230
K 0 0 43
K 0 -17 96
A D 2 16
H 230 B -57 4 108 2 2 3   
J B 234 1832 1 82 6913 288 0
J N 7 1853 14 4 1 0 1 231
K 0 0 43
K 0 0 60
K 0 21 60
A D 4 16
J N 6 1905 35 3 2305 576 1 231
K 0 0 43
K 0 0 53
A D 2 16
H 231 S 0 0 0 0 0 0 0 0 0
J N 7 1948 7 4 3457 288 1 232
K 0 0 43
K 0 0 60
K 0 21 60
A D 4 16
J N 6 2000 35 3 5761 576 1 232
K 0 0 43
K 0 0 53
A D 2 16
H 232 S 0 0 0 0 0 0 0 0 0
J B 235 2050 1 82 6913 288 0
E *
L 1645 0 0 330 330 * 0 14
J C 4 5 42 2 6913 0 0
K 0 0 33
K 0 0 34
J K 2 57 0 2 6913 0 0
K 0 0 63
K 15 21 63
J N 7 130 63 4 1 0 0
K 0 0 43
K 0 0 59
K 0 -21 59
A D 4 16
J R 6 246 28 2 2305 576 0
K 0 0 49
A D 2 16
J R 7 304 28 2 3457 288 0
K 0 0 48
A D 4 16
J N 6 420 63 3 5761 576 0
K 0 0 43
K 0 0 53
A D 2 16
J B 230 482 1 82 6913 288 0
J N 6 503 70 5 1 0 1 191
K 1 0 45
K 0 0 43
K -1 0 45
K 2 0 45
A D 2 16
J N 6 540 63 2 1153 288 1 191
K 0 0 43
A D 2 16
J N 6 577 56 2 2305 288 1 191
K 0 0 43
A D 2 16
H 191 B 57 -2 108 3 2 1 3   
J N 6 621 49 2 3457 288 1 192
K 0 0 43
A D 2 16
J N 6 658 63 2 4609 288 1 192
K 0 0 43
A D 2 16
J N 6 695 56 2 5761 288 1 192
K 0 0 43
A D 2 16
H 192 B 41 1 108 3 2 1 3   
J B 231 757 1 82 6913 288 0
J N 7 778 63 4 1 0 0
K 0 0 43
K 0 0 59
K 0 -21 59
A D 4 16
J R 6 894 28 2 2305 576 0
K 0 0 49
A D 2 16
J R 7 952 28 2 3457 288 0
K 0 0 48
A D 4 16
J N 6 1068 63 3 5761 576 0
K 0 0 43
K 0 0 53
A D 2 16
J B 232 1130 1 82 6913 288 0
J N 7 1151 70 7 1 0 0
K 1 0 45
K 0 0 43
K -1 0 45
K 2 0 45
K 0 0 59
K 0 -21 59
A D 4 16
J R 6 1282 28 2 2305 576 0
K 0 0 49
A D 2 16
J N 7 1340 70 7 3457 288 0
K 1 0 45
K 0 0 43
K -1 0 45
K 2 0 45
K 0 0 59
K 0 -21 59
A D 4 16
J R 6 1456 28 2 5761 576 0
K 0 0 49
A D 2 16
J B 233 1518 1 82 6913 288 0
J N 7 1539 70 7 1 0 0
K 1 0 45
K 0 0 43
K -1 0 45
K 2 0 45
K 0 0 59
K 0 -21 59
A D 4 16
J R 6 1655 28 2 2305 576 0
K 0 0 49
A D 2 16
J R 6 1713 28 2 3457 288 0
K 0 0 49
A D 2 16
J N 6 1749 35 4 4609 288 1 193
K 0 0 43
K 0 14 96
K 0 51 110
A D 2 16
J N 6 1785 49 3 5761 288 1 193
K 0 0 43
K 0 17 96
A D 2 16
H 193 B 42 4 108 2 2 3   
J B 234 1832 1 82 6913 288 0
J N 7 1853 63 4 1 0 1 194
K 0 0 43
K 0 0 59
K 0 -21 59
A D 4 16
J N 6 1905 84 8 2305 576 1 194
K 1 -14 45
K 1 0 45
K 0 0 43
K -1 0 45
K 2 0 45
K 0 0 59
K 0 -7 53
A D 2 16
H 194 S 12 0 0 0 0 0 0 0 0
J N 7 1948 56 4 3457 288 1 195
K 0 0 43
K 0 0 59
K 0 -21 59
A D 4 16
J N 6 2000 84 8 5761 576 1 195
K 1 -14 45
K 1 0 45
K 0 0 43
K -1 0 45
K 2 0 45
K 0 0 59
K 0 -7 53
A D 2 16
H 195 S 12 0 0 0 0 0 0 0 0
J B 235 2050 1 82 6913 288 0
E *
L 1820 0 0 330 330 * 0 14
J C 13 5 28 35 6913 0 0
J K 2 57 0 2 6913 0 0
K 0 7 63
K 15 28 63
J R 9 281 28 46 1 0 0
J R 9 605 28 46 1 0 0
J R 9 929 28 46 1 0 0
J R 9 1310 28 46 1 0 0
J B 233 1518 1 82 6913 1 0
J N 7 1539 42 4 1 0 0
K 0 0 43
K 0 0 59
K 0 -21 59
A D 4 16
J R 6 1655 28 2 2305 576 0
K 0 0 49
A D 2 16
J R 7 1713 28 2 3457 288 0
K 0 0 48
A D 4 16
J R 6 1785 28 2 5761 576 0
K 0 0 49
A D 2 16
J B 234 1832 1 82 6913 288 0
J N 7 1853 56 5 1 0 1 144
K 0 0 43
K 0 43 110
K 0 0 59
K 0 -21 59
A D 4 16
J N 6 1905 42 3 2305 576 1 144
K 0 0 43
K 0 0 53
A D 2 16
H 144 S 12 0 0 0 0 0 0 0 0
J N 7 1948 49 4 3457 288 1 145
K 0 0 43
K 0 0 59
K 0 -21 59
A D 4 16
J N 6 2000 42 3 5761 576 1 145
K 0 0 43
K 0 0 53
A D 2 16
H 145 S 12 0 0 0 0 0 0 0 0
J B 235 2050 1 82 6913 288 0
E *
L 1995 0 0 330 330 * 0 14
J C 22 5 14 36 6913 0 0
J K 2 57 0 2 6913 0 0
K 0 14 63
K 15 35 63
J N 7 130 28 4 1 0 0
K 0 0 43
K 0 0 60
K 0 21 60
A D 4 16
J R 6 246 28 2 2305 576 0
K 0 0 49
A D 2 16
J R 7 304 28 2 3457 288 0
K 0 0 48
A D 4 16
J N 6 420 -21 7 5761 576 0
K 0 7 45
K 0 0 43
K 0 7 45
K 1 7 45
K 0 0 60
K 0 0 54
A D 2 16
J B 230 482 1 82 6913 288 0
J N 7 503 0 4 1 0 0
K 0 0 43
K 0 0 60
K 0 21 60
A D 4 16
J R 6 577 28 2 2305 576 0
K 0 0 49
A D 2 16
J R 7 621 28 2 3457 288 0
K 0 0 48
A D 4 16
J N 6 695 0 3 5761 576 0
K 0 0 43
K 0 0 54
A D 2 16
J B 231 757 1 82 6913 288 0
J N 7 778 28 4 1 0 0
K 0 0 43
K 0 0 60
K 0 21 60
A D 4 16
J R 6 894 28 2 2305 576 0
K 0 0 49
A D 2 16
J R 7 952 28 2 3457 288 0
K 0 0 48
A D 4 16
J N 6 1068 -21 7 5761 576 0
K 0 7 45
K 0 0 43
K 0 7 45
K 1 7 45
K 0 0 60
K 0 0 54
A D 2 16
J B 232 1130 1 82 6913 288 0
J N 7 1151 0 4 1 0 0
K 0 0 43
K 0 0 60
K 0 21 60
A D 4 16
J R 6 1282 28 2 2305 576 0
K 0 0 49
A D 2 16
J N 7 1340 0 4 3457 288 0
K 0 0 43
K 0 0 60
K 0 21 60
A D 4 16
J R 6 1456 28 2 5761 576 0
K 0 0 49
A D 2 16
J B 233 1518 1 82 6913 288 0
J N 7 1539 49 4 1 0 0
K 0 0 43
K 0 0 59
K 0 -21 59
A D 4 16
J R 6 1655 28 2 2305 576 0
K 0 0 49
A D 2 16
J R 7 1713 28 2 3457 288 0
K 0 0 48
A D 4 16
J R 6 1785 28 2 5761 576 0
K 0 0 49
A D 2 16
J B 234 1832 1 82 6913 288 0
J N 7 1853 28 6 1 0 0
K 0 0 43
K 24 -6 44
K 0 58 110
K 0 0 59
K 0 -14 59
A D 6 16
J N 7 1948 49 5 3457 864 0
K 0 0 43
K 25 0 44
K 0 0 59
K 0 -21 59
A D 6 16
J B 235 2050 1 82 6913 864 0
E *
L 2170 0 0 330 330 * 0 14
J C 22 5 14 36 6913 0 0
J K 2 57 0 2 6913 0 0
K 0 14 63
K 15 35 63
J N 7 130 28 4 1 0 0
K 0 0 43
K 0 0 60
K 0 21 60
A D 4 16
J R 6 246 28 2 2305 576 0
K 0 0 49
A D 2 16
J R 7 304 28 2 3457 288 0
K 0 0 48
A D 4 16
J N 6 420 -21 7 5761 576 0
K 0 7 45
K 0 0 43
K 0 7 45
K 1 7 45
K 0 0 60
K 0 0 54
A D 2 16
J B 230 482 1 82 6913 288 0
J N 7 503 0 4 1 0 0
K 0 0 43
K 0 0 60
K 0 21 60
A D 4 16
J R 6 577 28 2 2305 576 0
K 0 0 49
A D 2 16
J R 7 621 28 2 3457 288 0
K 0 0 48
A D 4 16
J N 6 695 0 3 5761 576 0
K 0 0 43
K 0 0 54
A D 2 16
J B 231 757 1 82 6913 288 0
J N 7 778 28 4 1 0 0
K 0 0 43
K 0 0 60
K 0 21 60
A D 4 16
J R 6 894 28 2 2305 576 0
K 0 0 49
A D 2 16
J R 7 952 28 2 3457 288 0
K 0 0 48
A D 4 16
J N 6 1068 -21 7 5761 576 0
K 0 7 45
K 0 0 43
K 0 7 45
K 1 7 45
K 0 0 60
K 0 0 54
A D 2 16
J B 232 1130 1 82 6913 288 0
J N 7 1151 0 4 1 0 0
K 0 0 43
K 0 0 60
K 0 21 60
A D 4 16
J R 6 1282 28 2 2305 576 0
K 0 0 49
A D 2 16
J N 7 1340 0 4 3457 288 0
K 0 0 43
K 0 0 60
K 0 21 60
A D 4 16
J R 6 1456 28 2 5761 576 0
K 0 0 49
A D 2 16
J B 233 1518 1 82 6913 288 0
J N 7 1539 49 4 1 0 0
K 0 0 43
K 0 0 59
K 0 -21 59
A D 4 16
J R 6 1655 28 2 2305 576 0
K 0 0 49
A D 2 16
J R 7 1713 28 2 3457 288 0
K 0 0 48
A D 4 16
J R 6 1785 28 2 5761 576 0
K 0 0 49
A D 2 16
J B 234 1832 1 82 6913 288 0
J N 7 1853 28 6 1 0 0
K 0 0 43
K 24 -6 44
K 0 58 110
K 0 0 59
K 0 -14 59
A D 6 16
J N 7 1948 49 5 3457 864 0
K 0 0 43
K 25 0 44
K 0 0 59
K 0 -21 59
A D 6 16
J B 235 2050 1 82 6913 864 0
E *
B 1 482 0
B 1 757 0
B 1 1130 0
B 1 1518 0
B 1 1832 0
B 1 2050 0
