S 0 200 140 2050 2226 13 "[........{..}...]"
L 0 0 0 330 330 * 0 14
J C 4 5 42 2 6913 0 0
K 0 0 33
K 0 0 34
J K 2 57 0 2 6913 0 0
K 0 0 63
K 15 21 63
J D 0 53 -14 1 6913 0 0
W 0 0 37 \02\06\03
J R 9 282 28 46 1 0 0
J R 9 671 28 46 1 0 0
J R 9 1068 28 46 1 0 0
J R 9 1454 28 46 1 0 0
J R 9 1840 28 46 1 0 0
E *
L 175 0 0 330 330 * 0 14
J C 4 5 42 2 6913 0 0
K 0 0 33
K 0 0 34
J K 2 57 0 2 6913 0 0
K 0 0 63
K 15 21 63
J R 7 134 14 2 1 0 0
K 0 0 48
A D 4 16
J R 9 282 70 2 1 10000 0
K 0 0 46
A D 12 16
J R 6 246 14 2 2305 576 0
K 0 0 49
A D 2 16
J R 7 310 14 2 3457 288 0
K 0 0 48
A D 4 16
J N 6 422 21 5 5761 576 0
K -14 0 64
K 0 0 43
K 0 60 108
K 0 0 51
A D 2 16
J B 264 483 1 82 6913 288 0
J N 7 506 21 5 1 0 0
K -14 0 64
K 0 0 43
K 0 0 59
K 0 -14 59
A D 4 16
J R 9 671 70 2 1 10000 0
K 0 0 46
A D 12 16
J N 6 646 7 4 2305 576 0
K 0 0 43
K 0 -45 96
K 0 0 51
A D 2 16
J N 6 702 -14 5 3457 288 2 219 220
K 1 0 45
K 0 0 43
K -1 0 45
K 2 0 45
A D 2 16
J N 6 770 -28 7 4609 288 2 220 219
K 1 14 45
K 1 0 45
K -14 0 64
K 0 0 43
K -1 0 45
K 2 0 45
A D 2 16
H 220 B 39 -4 108 2 2 3   
H 219 S 0 6 -36 6 -27 0 0 0 0
J R 6 826 14 2 5761 288 0
K 0 0 49
A D 2 16
J B 265 887 1 82 6913 288 0
J R 9 1068 28 46 1 0 0
J B 266 1278 1 82 6913 1 0
J R 7 1305 28 2 1 0 0
K 0 0 48
A D 4 16
J R 6 1429 28 2 2305 576 0
K 0 0 49
A D 2 16
J R 6 1485 28 2 3457 288 0
K 0 0 49
A D 2 16
J N 6 1541 14 3 4609 288 1 221
K 0 0 43
K 0 71 108
A D 2 16
J N 6 1557 21 3 4609 0 1 222
K -30 0 64
K 0 0 43
A D 2 16
J N 6 1597 14 2 5761 288 1 221
K 0 0 43
A D 2 16
H 221 B 42 0 108 2 2 3   
J N 6 1613 21 2 5761 0 1 222
K 0 0 43
A D 2 16
H 222 B -42 0 108 2 2 3   
J B 267 1658 1 82 6913 288 0
J D 0 1665 0 1 1 0 0
W 0 102 33 !33dimin.
J N 8 1681 14 5 1 0 0
K 0 0 42
K 41 -7 44
K 0 0 59
K 0 -14 59
A D 12 16
J N 7 1697 21 6 1 0 0
K -30 0 64
K 0 0 43
K 25 0 44
K 0 0 60
K 0 21 60
A D 6 16
J N 7 1861 28 6 3457 864 1 223
K -15 0 65
K 0 0 43
K 24 6 44
K 0 0 60
K 0 21 60
A D 6 16
J B 268 2050 1 82 6913 864 0
J M 0 2050 0 0 6913 0 1 223
H 223 T 28 0 0 0 0 0 15 0
E *
L 360 0 0 330 330 * 0 14
J C 4 5 42 2 6913 0 0
K 0 0 33
K 0 0 34
J K -1 57 0 1 6913 0 0
K 0 28 65
J R 9 282 28 46 1 0 0
J R 9 671 28 46 1 0 0
J B 265 887 1 82 6913 1 0
J R 7 912 14 2 1 0 0
K 0 0 48
A D 4 16
J R 9 1068 70 2 1 10000 0
K 0 0 46
A D 12 16
J R 6 1049 14 2 2305 576 0
K 0 0 49
A D 2 16
J R 7 1105 14 2 3457 288 0
K 0 0 48
A D 4 16
J N 6 1217 56 5 5761 576 0
K -15 0 65
K 0 0 43
K 0 30 108
K 0 0 53
A D 2 16
J B 266 1278 1 82 6913 288 0
J N 7 1305 49 4 1 0 0
K 0 0 43
K 0 0 59
K 0 -21 59
A D 4 16
J R 9 1454 70 2 1 10000 0
K 0 0 46
A D 12 16
J N 6 1429 21 4 2305 576 0
K 0 0 43
K 0 -45 96
K 0 0 51
A D 2 16
J N 6 1485 7 3 3457 288 2 66 67
K -15 0 65
K 0 0 43
A D 2 16
J N 6 1541 0 2 4609 288 2 67 66
K 0 0 43
A D 2 16
H 67 B 45 -2 108 2 2 3   
H 66 S 0 6 -37 6 -34 0 0 0 0
J R 6 1597 14 2 5761 288 0
K 0 0 49
A D 2 16
J B 267 1658 1 82 6913 288 0
J R 9 1840 28 46 1 0 0
J B 268 2050 1 82 6913 1 0
E *
L 545 0 0 330 330 * 0 14
J C 22 5 14 36 6913 0 0
J K 2 57 0 2 6913 0 0
K 0 14 63
K 15 35 63
J N 7 134 21 5 1 0 0
K -15 0 65
K 0 0 43
K 0 0 59
K 0 -14 59
A D 4 16
J R 9 282 70 2 1 10000 0
K 0 0 46
A D 12 16
J N 6 246 14 5 2305 576 0
K -18 0 63
K 0 0 43
K 0 -45 96
K 0 0 51
A D 2 16
J N 6 310 0 2 3457 288 2 138 139
K 0 0 43
A D 2 16
J N 6 366 -14 6 4609 288 2 139 138
K 1 0 45
K -14 0 64
K 0 0 43
K -1 0 45
K 2 0 45
A D 2 16
H 139 B 46 -5 108 2 2 3   
H 138 S 0 6 -43 6 -34 0 0 0 0
J R 6 422 14 2 5761 288 0
K 0 0 49
A D 2 16
J B 264 483 1 82 6913 288 0
J R 7 506 14 2 1 0 0
K 0 0 48
A D 4 16
J R 9 671 70 2 1 10000 0
K 0 0 46
A D 12 16
J R 6 646 14 2 2305 576 0
K 0 0 49
A D 2 16
J R 7 702 14 2 3457 288 0
K 0 0 48
A D 4 16
J N 6 826 21 4 5761 576 0
K -14 0 64
K 0 0 43
K 0 0 51
A D 2 16
J B 265 887 1 82 6913 288 0
J N 7 912 14 5 1 0 0
K -14 0 64
K 0 0 43
K 0 0 59
K 0 -14 59
A D 4 16
J R 9 1068 70 2 1 10000 0
K 0 0 46
A D 12 16
J N 6 1049 0 4 2305 576 0
K 0 0 43
K 0 -45 96
K 0 0 51
A D 2 16
J N 6 1105 -14 6 3457 288 2 140 141
K 1 0 45
K -14 0 64
K 0 0 43
K -1 0 45
K 2 0 45
A D 2 16
J N 6 1161 -35 7 4609 288 2 141 140
K 1 21 45
K 1 7 45
K -14 0 64
K 0 0 43
K 0 7 45
K 1 7 45
A D 2 16
H 141 B 49 -7 108 2 2 3   
H 140 S 0 6 -43 6 -27 0 0 0 0
J R 6 1217 14 2 5761 288 0
K 0 0 49
A D 2 16
J B 266 1278 1 82 6913 288 0
J R 9 1454 28 46 1 0 0
J R 9 1840 28 46 1 0 0
E *
L 725 0 0 330 330 * 0 14
J C 4 5 42 2 6913 0 0
K 0 0 33
K 0 0 34
J K 0 57 0 0 6913 0 0
J R 9 282 28 46 1 0 0
J R 9 671 28 46 1 0 0
J R 9 1068 28 46 1 0 0
J R 9 1454 28 46 1 0 0
J B 267 1658 1 82 6913 1 0
J R 7 1681 28 2 1 0 0
K 0 0 48
A D 4 16
J R 6 1805 28 2 2305 576 0
K 0 0 49
A D 2 16
J D 0 1847 0 1 3457 288 0
W 0 119 33 !33dimin.
J N 7 1861 21 12 3457 0 2 146 147
K 1 49 45
K 0 0 43
K 25 0 44
K 0 49 43
K -1 49 45
K 2 49 45
K 24 43 44
K 0 49 59
K 0 21 59
K 0 0 59
K 0 -14 59
A D 6 16
J B 268 2050 1 82 6913 864 0
J M 0 2050 0 0 6913 0 1 146
H 146 T 21 0 0 0 0 0 3 0
J M 0 2050 0 0 6913 0 1 147
H 147 T 70 0 0 0 0 0 13 0
E *
L 905 0 0 330 330 * 0 14
J C 4 5 42 2 6913 0 0
K 0 0 33
K 0 0 34
J K 0 57 0 0 6913 0 0
J R 9 282 28 46 1 0 0
J R 9 671 28 46 1 0 0
J R 9 1068 28 46 1 0 0
J R 9 1454 28 46 1 0 0
J R 9 1840 28 46 1 0 0
E *
L 1085 0 0 330 330 * 0 14
J C 22 5 14 36 6913 0 0
J K 0 57 0 0 6913 0 0
J R 9 282 28 46 1 0 0
J R 9 671 28 46 1 0 0
J R 9 1068 28 46 1 0 0
J R 9 1454 28 46 1 0 0
J R 9 1840 28 46 1 0 0
E *
L 1285 0 0 330 330 * 0 14
J C 4 5 42 2 6913 0 0
K 0 0 33
K 0 0 34
J K 2 57 0 2 6913 0 0
K 0 0 63
K 15 21 63
J N 5 134 21 4 1 0 1 458
K -14 0 64
K 0 0 43
K 0 58 108
A D 3 48
J N 5 162 35 2 577 144 1 458
K 0 0 43
A D 3 48
J N 5 190 49 2 1153 144 1 458
K 0 0 43
A D 3 48
J N 5 218 35 2 1729 144 1 458
K 0 0 43
A D 3 48
J N 5 246 49 2 2305 144 1 458
K 0 0 43
A D 3 48
J N 5 282 70 6 2881 144 1 458
K 1 0 45
K -14 0 64
K 0 0 43
K -1 0 45
K 2 0 45
A D 3 48
H 458 B 53 6 108 6 22 11 11 11 11 33   
J N 5 310 21 2 3457 144 1 459
K 0 0 43
A D 3 48
J N 5 338 35 2 4033 144 1 459
K 0 0 43
A D 3 48
J N 5 366 49 2 4609 144 1 459
K 0 0 43
A D 3 48
J N 5 394 35 2 5185 144 1 459
K 0 0 43
A D 3 48
J N 5 422 49 2 5761 144 1 459
K 0 0 43
A D 3 48
J N 5 450 70 5 6337 144 1 459
K 1 0 45
K 0 0 43
K -1 0 45
K 2 0 45
A D 3 48
H 459 B 54 7 108 6 22 11 11 11 11 33   
J B 264 483 1 82 6913 144 0
J N 5 506 84 6 1 0 1 460
K 1 -14 45
K 1 0 45
K 0 0 43
K -1 0 45
K 2 0 45
A D 3 48
J N 5 546 70 6 577 144 1 460
K 1 0 45
K -14 0 64
K 0 0 43
K -1 0 45
K 2 0 45
A D 3 48
J N 5 574 56 2 1153 144 1 460
K 0 0 43
A D 3 48
J N 5 602 35 2 1729 144 1 460
K 0 0 43
A D 3 48
J N 5 646 42 3 2305 144 1 460
K -18 0 63
K 0 0 43
A D 3 48
J N 5 674 35 2 2881 144 1 460
K 0 0 43
A D 3 48
H 460 B 88 -2 108 6 22 11 11 11 11 33   
J N 5 702 56 2 3457 144 1 461
K 0 0 43
A D 3 48
J N 5 730 35 2 4033 144 1 461
K 0 0 43
A D 3 48
J N 5 770 21 3 4609 144 1 461
K -14 0 64
K 0 0 43
A D 3 48
J N 5 798 7 2 5185 144 1 461
K 0 0 43
A D 3 48
J N 5 826 21 2 5761 144 1 461
K 0 0 43
A D 3 48
J N 5 854 35 2 6337 144 1 461
K 0 0 43
A D 3 48
H 461 B 80 -2 108 6 22 11 11 11 11 33   
J B 265 887 1 82 6913 144 0
J N 5 912 56 3 1 0 1 462
K -15 0 65
K 0 0 43
A D 3 48
J N 5 940 35 2 577 144 1 462
K 0 0 43
A D 3 48
J N 5 980 21 3 1153 144 1 462
K -14 0 64
K 0 0 43
A D 3 48
J N 5 1021 7 3 1729 144 1 462
K -15 0 65
K 0 0 43
A D 3 48
J N 5 1049 21 2 2305 144 1 462
K 0 0 43
A D 3 48
J N 5 1077 35 2 2881 144 1 462
K 0 0 43
A D 3 48
H 462 B 79 -2 108 6 22 11 11 11 11 33   
J N 5 1105 56 2 3457 144 1 463
K 0 0 43
A D 3 48
J N 5 1133 35 2 4033 144 1 463
K 0 0 43
A D 3 48
J N 5 1161 21 2 4609 144 1 463
K 0 0 43
A D 3 48
J N 5 1189 7 2 5185 144 1 463
K 0 0 43
A D 3 48
J N 5 1217 21 2 5761 144 1 463
K 0 0 43
A D 3 48
J N 5 1245 35 2 6337 144 1 463
K 0 0 43
A D 3 48
H 463 B 78 -3 108 6 22 11 11 11 11 33   
J B 266 1278 1 82 6913 144 0
J N 5 1305 63 2 1 0 1 464
K 0 0 43
A D 3 48
J N 5 1333 35 2 577 144 1 464
K 0 0 43
A D 3 48
J N 5 1373 21 3 1153 144 1 464
K -14 0 64
K 0 0 43
A D 3 48
J N 5 1401 14 2 1729 144 1 464
K 0 0 43
A D 3 48
J N 5 1429 21 2 2305 144 1 464
K 0 0 43
A D 3 48
J N 5 1457 35 2 2881 144 1 464
K 0 0 43
A D 3 48
H 464 B 84 -3 108 6 22 11 11 11 11 33   
J N 5 1485 63 2 3457 144 1 465
K 0 0 43
A D 3 48
J N 5 1513 35 2 4033 144 1 465
K 0 0 43
A D 3 48
J N 5 1541 21 2 4609 144 1 465
K 0 0 43
A D 3 48
J N 5 1569 14 2 5185 144 1 465
K 0 0 43
A D 3 48
J N 5 1597 21 2 5761 144 1 465
K 0 0 43
A D 3 48
J N 5 1625 35 2 6337 144 1 465
K 0 0 43
A D 3 48
H 465 B 82 -4 108 6 22 11 11 11 11 33   
J B 267 1658 1 82 6913 144 0
J D 0 1681 0 1 1 0 0
W 0 102 33 !33dimin.
J N 5 1681 63 2 1 0 1 466
K 0 0 43
A D 3 48
J N 5 1709 35 2 577 144 1 466
K 0 0 43
A D 3 48
J N 5 1749 21 3 1153 144 1 466
K -14 0 64
K 0 0 43
A D 3 48
J N 5 1777 14 2 1729 144 1 466
K 0 0 43
A D 3 48
J N 5 1805 21 2 2305 144 1 466
K 0 0 43
A D 3 48
J N 5 1833 35 2 2881 144 1 466
K 0 0 43
A D 3 48
H 466 B 84 -3 108 6 22 11 11 11 11 33   
J N 5 1861 63 2 3457 144 1 467
K 0 0 43
A D 3 48
J N 5 1889 42 2 4033 144 1 467
K 0 0 43
A D 3 48
J N 5 1930 28 3 4609 144 1 467
K -15 0 65
K 0 0 43
A D 3 48
J N 5 1959 14 2 5185 144 1 467
K 0 0 43
A D 3 48
J N 5 1988 28 2 5761 144 1 467
K 0 0 43
A D 3 48
J N 5 2017 42 2 6337 144 1 467
K 0 0 43
A D 3 48
H 467 B 87 -2 108 6 22 11 11 11 11 33   
J B 268 2050 1 82 6913 144 0
E *
L 1470 0 0 330 330 * 0 14
J C 4 5 42 2 6913 0 0
K 0 0 33
K 0 0 34
J K 2 57 0 2 6913 0 0
K 0 0 63
K 15 21 63
J N 8 134 49 6 1 0 0
K 0 0 42
K 25 0 44
K 0 32 108
K 0 0 59
K 0 -21 59
A D 12 16
J B 264 483 1 82 6913 1728 0
J N 8 506 56 6 1 0 0
K -14 0 64
K 0 0 42
K 24 -6 44
K 0 0 59
K 0 -21 59
A D 12 16
J B 265 887 1 82 6913 1728 0
J N 8 912 56 6 1 0 0
K -15 0 65
K 0 0 42
K 24 -6 44
K 0 0 59
K 0 -21 59
A D 12 16
J B 266 1278 1 82 6913 1728 0
J N 8 1305 63 5 1 0 1 244
K 0 0 42
K 25 0 44
K 0 0 59
K 0 -21 59
A D 12 16
J B 267 1658 1 82 6913 1728 0
J D 0 1681 0 1 1 0 0
W 0 105 33 !33dimin.
J N 8 1681 63 5 1 0 1 244
K 0 0 42
K 25 0 44
K 0 0 59
K 0 -21 59
A D 12 16
H 244 T 63 0 0 0 0 0 9 0
J B 268 2050 1 82 6913 1728 0
E *
L 1645 0 0 330 330 * 0 14
J C 4 5 42 2 6913 0 0
K 0 0 33
K 0 0 34
J K 2 57 0 2 6913 0 0
K 0 0 63
K 15 21 63
J N 8 134 70 10 1 0 1 203
K 1 0 45
K -14 0 64
K 0 0 42
K -1 0 45
K 2 0 45
K 24 -6 44
K 0 37 108
K 0 0 59
K 0 -21 59
A D 12 16
J B 264 483 1 82 6913 1728 0
J N 8 506 70 8 1 0 2 204 203
K 1 0 45
K 0 0 42
K -1 0 45
K 2 0 45
K 24 -6 44
K 0 0 59
K 0 -21 59
A D 12 16
H 203 T 70 0 0 0 0 0 13 0
J B 265 887 1 82 6913 1728 0
J N 8 912 70 8 1 0 1 204
K 1 0 45
K 0 0 42
K -1 0 45
K 2 0 45
K 24 -6 44
K 0 0 59
K 0 -21 59
A D 12 16
H 204 T 70 0 0 0 0 0 13 0
J B 266 1278 1 82 6913 1728 0
J N 8 1305 70 9 1 0 1 205
K 1 0 45
K -14 0 64
K 0 0 42
K -1 0 45
K 2 0 45
K 24 -6 44
K 0 0 59
K 0 -21 59
A D 12 16
J B 267 1658 1 82 6913 1728 0
J D 0 1681 0 1 1 0 0
W 0 114 33 !33dimin.
J N 7 1681 70 8 1 0 1 205
K 1 0 45
K 0 0 43
K -1 0 45
K 2 0 45
K 24 -6 44
K 0 0 59
K 0 -21 59
A D 6 16
H 205 T 70 0 0 0 0 0 13 0
J N 7 1861 77 9 3457 864 1 206
K 1 -7 45
K -15 0 65
K 0 0 43
K 0 -7 45
K 1 -7 45
K 25 0 44
K 0 0 59
K 0 -21 59
A D 6 16
J B 268 2050 1 82 6913 864 0
J M 0 2050 0 0 6913 0 1 206
H 206 T 77 0 0 0 0 0 9 0
E *
L 1820 0 0 330 330 * 0 14
J C 13 5 28 35 6913 0 0
J K 2 57 0 2 6913 0 0
K 0 7 63
K 15 28 63
J N 8 134 42 6 1 0 0
K 0 0 42
K 24 -6 44
K 0 37 108
K 0 0 59
K 0 -21 59
A D 12 16
J B 264 483 1 82 6913 1728 0
J N 8 506 42 5 1 0 0
K 0 0 42
K 24 -6 44
K 0 0 59
K 0 -21 59
A D 12 16
J B 265 887 1 82 6913 1728 0
J N 8 912 42 5 1 0 0
K 0 0 42
K 24 -6 44
K 0 0 59
K 0 -21 59
A D 12 16
J B 266 1278 1 82 6913 1728 0
J N 8 1305 42 5 1 0 1 154
K 0 0 42
K 24 -6 44
K 0 0 59
K 0 -21 59
A D 12 16
J B 267 1658 1 82 6913 1728 0
J D 0 1681 0 1 1 0 0
W 0 91 33 !33dimin
J N 7 1681 42 5 1 0 1 154
K 0 0 43
K 24 -6 44
K 0 0 59
K 0 -21 59
A D 6 16
H 154 T 42 0 0 0 0 0 13 0
J N 7 1861 49 5 3457 864 1 155
K 0 0 43
K 25 0 44
K 0 0 59
K 0 -21 59
A D 6 16
J B 268 2050 1 82 6913 864 0
J M 0 2050 0 0 6913 0 1 155
H 155 T 49 0 0 0 0 0 9 0
E *
L 1995 0 0 330 330 * 0 14
J C 22 5 14 36 6913 0 0
J K 2 57 0 2 6913 0 0
K 0 14 63
K 15 35 63
J N 8 134 21 6 1 0 0
K -15 0 65
K 0 0 42
K 25 0 44
K 0 0 60
K 0 21 60
A D 12 16
J B 264 483 1 82 6913 1728 0
J N 8 506 21 6 1 0 0
K -14 0 64
K 0 0 42
K 25 0 44
K 0 0 60
K 0 21 60
A D 12 16
J B 265 887 1 82 6913 1728 0
J N 8 912 14 6 1 0 0
K -14 0 64
K 0 0 42
K 24 -6 44
K 0 0 60
K 0 21 60
A D 12 16
J B 266 1278 1 82 6913 1728 0
J N 8 1305 14 6 1 0 1 167
K -18 0 63
K 0 0 42
K 24 -6 44
K 0 0 60
K 0 21 60
A D 12 16
J B 267 1658 1 82 6913 1728 0
J D 0 1681 0 1 1 0 0
W 0 91 33 !33dimin.
J N 7 1681 14 5 1 0 2 168 167
K 0 0 43
K 24 -6 44
K 0 0 60
K 0 21 60
A D 6 16
H 167 T 14 0 0 0 0 0 5 0
J N 7 1861 7 5 3457 864 1 169
K 0 0 43
K 25 0 44
K 0 0 60
K 0 21 60
A D 6 16
J B 268 2050 1 82 6913 864 0
J M 0 2050 0 0 6913 0 1 169
H 169 T 7 0 0 0 0 0 1 0
J M 0 2050 9 0 6913 0 1 168
H 168 S 0 0 0 0 0 0 0 0
E *
L 2170 0 0 330 330 * 0 14
J C 22 5 14 36 6913 0 0
J K 2 57 0 2 6913 0 0
K 0 14 63
K 15 35 63
J N 8 134 21 6 1 0 0
K -15 0 65
K 0 0 42
K 25 0 44
K 0 0 60
K 0 21 60
A D 12 16
J B 264 483 1 82 6913 1728 0
J N 8 506 21 6 1 0 0
K -14 0 64
K 0 0 42
K 25 0 44
K 0 0 60
K 0 21 60
A D 12 16
J B 265 887 1 82 6913 1728 0
J N 8 912 14 6 1 0 0
K -14 0 64
K 0 0 42
K 24 -6 44
K 0 0 60
K 0 21 60
A D 12 16
J B 266 1278 1 82 6913 1728 0
J N 8 1305 14 6 1 0 1 113
K -18 0 63
K 0 0 42
K 24 -6 44
K 0 0 60
K 0 21 60
A D 12 16
J B 267 1658 1 82 6913 1728 0
J D 0 1681 0 1 1 0 0
W 0 91 33 !33dimin.
J N 7 1681 14 5 1 0 2 114 113
K 0 0 43
K 24 -6 44
K 0 0 60
K 0 21 60
A D 6 16
H 113 T 14 0 0 0 0 0 5 0
J N 7 1861 7 5 3457 864 1 115
K 0 0 43
K 25 0 44
K 0 0 60
K 0 21 60
A D 6 16
J B 268 2050 1 82 6913 864 0
J M 0 2050 0 0 6913 0 1 115
H 115 T 7 0 0 0 0 0 1 0
J M 0 2050 9 0 6913 0 1 114
H 114 S 0 0 0 0 0 0 0 0
E *
B 1 483 0
B 1 887 0
B 1 1278 0
B 1 1658 0
B 1 2050 0
