S 0 100 140 2250 84 1 "(.)"
L 0 0 0 313 313 * 0 21 0
J C 22 7 21 36 6913 0 0
J K 3 85 0 3 6913 0 0
K 0 21 63
K 21 52 63
K 42 10 63
J D 0 -39 -21 1 6913 0 0
W 0 0 37 \01\07\00
J N 7 214 -11 6 1 0 0
K 0 0 43
K 0 143 111
K 18 143 110
K 0 0 60
K 0 32 60
A D 4 16
J N 6 249 10 3 2305 576 0
K 0 0 43
K 0 0 54
A D 2 16
J G 4 289 10 4 3457 288 0
K 0 0 171
K 0 0 183
K 0 -16 185
A D 0 16
J N 6 330 0 3 3457 0 1 164
K 0 0 43
K 36 -9 44
A D 3 16
J N 5 386 0 2 5185 432 1 164
K 0 0 43
A D 1 16
J N 6 426 0 2 5761 144 1 164
K 0 0 43
A D 2 16
H 164 B -69 0 112 3 2 51 3
J B 171 457 1 82 6913 288 0
J N 6 489 31 5 1 0 0
K 0 0 43
K 0 107 110
K 30 107 110
K 0 0 54
A D 2 16
J R 6 514 42 2 1153 288 0
K 0 0 49
A D 2 16
J N 6 548 -42 8 2305 288 0
K 0 21 45
K 0 0 45
K 0 0 43
K -1 0 45
K 6 0 45
K 0 0 60
K 0 10 54
A D 2 16
J R 6 573 42 2 3457 288 0
K 0 0 49
A D 2 16
J R 6 598 42 2 4609 288 0
K 0 0 49
A D 2 16
J N 6 632 -42 8 5761 288 0
K 0 21 45
K 0 0 45
K 0 0 43
K -1 0 45
K 6 0 45
K 0 0 60
K 0 10 54
A D 2 16
J B 172 663 1 82 6913 288 0
J R 6 695 42 2 1 0 0
K 0 0 49
A D 2 16
J R 6 720 42 2 1153 288 0
K 0 0 49
A D 2 16
J N 6 754 -42 8 2305 288 0
K 0 21 45
K 0 0 45
K 0 0 43
K -1 0 45
K 6 0 45
K 0 0 60
K 0 10 54
A D 2 16
J R 6 779 42 2 3457 288 0
K 0 0 49
A D 2 16
J R 6 804 42 2 4609 288 0
K 0 0 49
A D 2 16
J N 6 838 -42 8 5761 288 0
K 0 21 45
K 0 0 45
K 0 0 43
K -1 0 45
K 6 0 45
K 0 0 60
K 0 10 54
A D 2 16
J B 173 869 1 82 6913 288 0
J R 6 901 42 2 1 0 0
K 0 0 49
A D 2 16
J R 6 926 42 2 1153 288 0
K 0 0 49
A D 2 16
J N 6 960 -42 8 2305 288 0
K 0 21 45
K 0 0 45
K 0 0 43
K -1 0 45
K 6 0 45
K 0 0 60
K 0 10 54
A D 2 16
J R 6 985 42 2 3457 288 0
K 0 0 49
A D 2 16
J R 6 1010 42 2 4609 288 0
K 0 0 49
A D 2 16
J N 6 1044 -42 8 5761 288 0
K 0 21 45
K 0 0 45
K 0 0 43
K -1 0 45
K 6 0 45
K 0 0 60
K 0 10 54
A D 2 16
J B 174 1075 1 82 6913 288 0
J R 6 1107 42 2 1 0 0
K 0 0 49
A D 2 16
J R 6 1132 42 2 1153 288 0
K 0 0 49
A D 2 16
J N 6 1166 -42 8 2305 288 0
K 0 21 45
K 0 0 45
K 0 0 43
K -1 0 45
K 6 0 45
K 0 0 60
K 0 10 54
A D 2 16
J R 6 1191 42 2 3457 288 0
K 0 0 49
A D 2 16
J R 6 1216 42 2 4609 288 0
K 0 0 49
A D 2 16
J N 6 1250 -42 8 5761 288 0
K 0 21 45
K 0 0 45
K 0 0 43
K -1 0 45
K 6 0 45
K 0 0 60
K 0 10 54
A D 2 16
J B 175 1281 1 82 6913 288 0
J R 9 1398 42 46 1 10000 0
J B 176 1557 1 82 6913 1728 0
J R 9 1694 42 2 1 10000 0
K 0 0 46
A D 12 16
J B 177 1874 6 4 6913 1728 0
K -35 31 44
K -35 52 44
K -20 0 82
K -9 0 84
J R 6 1906 42 2 1 0 0
K 0 0 49
A D 2 16
J R 6 1931 42 2 1153 288 0
K 0 0 49
A D 2 16
J N 6 1956 -63 12 2305 288 0
K 0 42 45
K 0 21 45
K 0 0 45
K -22 0 64
K 0 0 43
K -1 0 45
K 6 0 45
K 0 195 110
K 30 195 110
K 0 0 60
K 0 31 54
A D 2 16
J R 6 1981 42 2 3457 288 0
K 0 0 49
A D 2 16
J R 6 2006 42 2 4609 288 0
K 0 0 49
A D 2 16
J N 6 2031 -63 9 5761 288 0
K 0 42 45
K 0 21 45
K 0 0 45
K 0 0 43
K -1 0 45
K 6 0 45
K 0 0 60
K 0 31 54
A D 2 16
J B 178 2062 1 82 6913 288 0
J R 6 2094 42 2 1 0 0
K 0 0 49
A D 2 16
J R 6 2119 42 2 1153 288 0
K 0 0 49
A D 2 16
J N 6 2144 -63 10 2305 288 0
K 0 42 45
K 0 21 45
K 0 0 45
K -22 0 64
K 0 0 43
K -1 0 45
K 6 0 45
K 0 0 60
K 0 31 54
A D 2 16
J R 6 2169 42 2 3457 288 0
K 0 0 49
A D 2 16
J R 6 2194 42 2 4609 288 0
K 0 0 49
A D 2 16
J N 6 2219 -63 9 5761 288 0
K 0 42 45
K 0 21 45
K 0 0 45
K 0 0 43
K -1 0 45
K 6 0 45
K 0 0 60
K 0 31 54
A D 2 16
J B 179 2250 1 82 6913 288 0
E *
B 1 457 0
B 1 663 0
B 1 869 0
B 1 1075 0
B 1 1281 0
B 1 1557 0
B 6 1874 0
B 1 2062 0
B 1 2250 0
S 0 100 420 2250 84 1 "(.)"
L 0 0 0 313 313 * 0 21 0
J C 22 7 21 36 6913 0 0
J K 3 85 0 3 6913 0 0
K 0 21 63
K 21 52 63
K 42 10 63
J D 0 -39 -21 1 6913 0 0
W 0 0 37 \01\07\09
J S 4 45 31 8 5 288 0
K 0 0 62
K 0 5 62
K 261 11 92
K 231 11 92
K 201 11 92
K 171 11 92
K 141 11 92
K 111 11 92
K 81 11 92
K 51 11 92
K 21 11 92
K 0 11 92
K 291 0 62
K 291 5 62
K 130 11 76
J B 184 420 1 82 6913 1 0
J N 6 453 -21 9 1 0 1 165
K 0 0 45
K -22 0 64
K 0 0 43
K -1 0 45
K 6 0 45
K 36 -9 44
K 0 142 108
K 34 142 108
A D 3 16
J N 5 509 -21 5 1729 432 1 165
K 0 0 45
K 0 0 43
K -1 0 45
K 6 0 45
A D 1 16
J N 6 549 -21 5 2305 144 1 165
K 0 0 45
K 0 0 43
K -1 0 45
K 6 0 45
A D 2 16
H 165 B -69 0 112 3 2 51 3
J N 6 589 -21 6 3457 288 1 166
K 0 0 45
K 0 0 43
K -1 0 45
K 6 0 45
K 36 -9 44
A D 3 16
J N 5 645 -21 5 5185 432 1 166
K 0 0 45
K 0 0 43
K -1 0 45
K 6 0 45
A D 1 16
J N 6 685 -21 5 5761 144 1 166
K 0 0 45
K 0 0 43
K -1 0 45
K 6 0 45
A D 2 16
H 166 B -69 0 112 3 2 51 3
J B 185 716 1 82 6913 288 0
J N 8 753 -21 9 1 0 1 167
K 0 0 45
K -22 0 64
K 0 0 42
K -1 0 45
K 6 0 45
K 36 -9 44
K 0 0 60
K 0 31 60
A D 12 16
J B 186 829 1 82 6913 1728 0
J N 8 865 -21 9 1 0 2 168 167
K 0 0 45
k -22 0 64
K 0 0 42
K -1 0 45
K 6 0 45
K 36 -9 44
K 0 0 60
K 0 31 60
A D 12 16
H 167 T -21 0 0 0 0 0 5 0
J B 187 941 1 82 6913 1728 0
J N 8 977 -21 9 1 0 1 168
K 0 0 45
k -22 0 64
K 0 0 42
K -1 0 45
K 6 0 45
K 36 -9 44
K 0 0 60
K 0 31 60
A D 12 16
H 168 T -21 0 0 0 0 0 5 0
J B 188 1053 1 82 6913 1728 0
J N 8 1085 -11 5 1 0 0
K 0 0 42
K 38 0 44
K 0 0 60
K 0 32 60
A D 12 16
J B 189 1161 1 82 6913 1728 0
J N 7 1198 -21 8 1 0 0
K 0 0 45
K -22 0 64
K 0 0 43
K -1 0 45
K 6 0 45
K 0 0 60
K 0 31 60
A D 4 16
J R 6 1233 42 2 2305 576 0
K 0 0 49
A D 2 16
J R 7 1258 42 2 3457 288 0
K 0 0 48
A D 4 16
J R 6 1293 42 2 5761 576 0
K 0 0 49
A D 2 16
J B 190 1324 1 82 6913 288 0
J S 4 1366 31 8 3 288 0
K 0 0 62
K 0 5 62
K 122 11 92
K 92 11 92
K 62 11 92
K 32 11 92
K 2 11 92
K 0 11 92
K 152 0 62
K 152 5 62
K 61 11 74
J B 193 1560 1 82 6913 1 0
J N 7 1593 10 8 1 0 1 169
K -22 0 64
K 0 0 43
K 38 0 44
K 0 111 108
K 34 111 108
K 0 0 60
K 0 32 60
A D 6 16
J N 6 1651 10 3 3457 864 2 170 169
K 0 0 43
K 38 0 44
A D 3 16
H 169 T 10 0 0 0 0 0 1 0
J N 5 1731 21 4 5185 432 1 170
K -22 0 64
K 0 0 43
K 0 -32 96
A D 1 16
J N 6 1765 31 3 5761 144 1 170
K 0 0 43
K 0 -21 96
A D 2 16
H 170 B -76 2 112 3 2 51 3
J B 194 1796 1 82 6913 288 0
J N 6 1833 21 5 1 0 1 171
K -22 0 64
K 0 0 43
K 36 -9 44
K 0 -32 96
A D 3 16
J N 5 1911 10 4 1729 432 1 171
K -22 0 64
K 0 0 43
K 0 -26 96
A D 1 16
J N 6 1951 0 3 2305 144 1 171
K 0 0 43
K 0 -26 96
A D 2 16
H 171 B -72 -2 112 3 2 51 3
J N 6 1991 -11 4 3457 288 1 172
K 0 0 43
K 38 0 44
K 0 -26 96
A D 3 16
J N 5 2071 -21 7 5185 432 1 172
K 0 0 45
K -22 0 64
K 0 0 43
K -1 0 45
K 6 0 45
K 0 -26 96
A D 1 16
J N 6 2111 -32 6 5761 144 1 172
K 0 11 45
K 0 0 43
K 0 11 45
K 2 11 45
K 0 -26 96
A D 2 16
H 172 B -63 -2 112 3 2 51 3
J B 195 2142 1 82 6913 288 0
J D 0 2174 0 1 1 0 1 173
W 0 134 36 cresc.
J N 8 2174 -42 9 1 0 1 174
K 0 21 45
K 0 0 45
K 0 0 42
K -1 0 45
K 6 0 45
K 36 -9 44
K 0 0 60
K 0 42 60
A D 12 16
J B 196 2250 1 82 6913 1728 0
J M 0 2250 0 0 6913 0 1 173
H 173 D 147 0 134 0 31
J M 0 2250 0 0 6913 0 1 174
H 174 T -42 0 0 0 0 0 5 0
E *
B 1 420 0
B 1 716 0
B 1 829 0
B 1 941 0
B 1 1053 0
B 1 1161 0
B 1 1324 0
B 1 1560 0
B 1 1796 0
B 1 2142 0
B 1 2250 0
S 0 100 700 2250 84 1 "(.)"
L 0 0 0 313 313 * 0 21 0
J C 22 7 21 36 6913 0 0
J K 3 85 0 3 6913 0 0
K 0 21 63
K 21 52 63
K 42 10 63
J D 0 -39 -21 1 6913 0 0
W 0 0 37 \01\09\06
J N 8 214 -42 9 1 0 1 174
K 0 21 45
K 0 0 45
K 0 0 42
K -1 0 45
K 6 0 45
K 36 -9 44
K 0 0 60
K 0 42 60
A D 12 16
J M 0 136 0 0 6913 0 1 174
H 174 T -42 0 0 0 0 0 5 0
J B 197 297 1 82 6913 1728 0
J N 8 335 -42 10 1 0 1 175
K 0 21 45
K 0 0 45
K -23 0 65
K 0 0 42
K -1 0 45
K 6 0 45
K 36 -9 44
K 0 0 60
K 0 42 60
A D 12 16
J B 198 418 1 82 6913 1728 0
J N 8 456 -42 10 1 0 1 175
K 0 21 45
K 0 0 45
k -23 0 65
K 0 0 42
K -1 0 45
K 6 0 45
K 36 -9 44
K 0 0 60
K 0 42 60
A D 12 16
H 175 T -42 0 0 0 0 0 5 0
J B 199 539 1 82 6913 1728 0
J N 7 571 -32 8 1 0 0
K 0 11 45
K 0 0 43
K 0 11 45
K 2 11 45
K 38 0 44
K 0 0 60
K 0 32 60
A D 6 16
J N 7 636 -63 12 3457 864 1 176
K 0 42 45
K 0 21 45
K 0 0 45
K -22 0 64
K 0 0 43
K -1 0 45
K 6 0 45
K 36 -9 44
K 0 0 60
K 0 42 60
K 0 63 60
A D 6 16
J B 200 698 1 82 6913 864 0
J N 8 735 -63 12 1 0 1 176
K 0 42 45
K 0 21 45
K 0 0 45
k -22 0 64
K 0 0 42
K -1 0 45
K 6 0 45
K 36 -9 44
K 0 0 60
K 0 42 60
K 0 63 60
A D 12 16
H 176 T -63 0 0 0 0 0 5 0
J M 0 812 0 0 6913 1728 1 173
J M 0 213 0 0 6913 0 1 173
H 173 D 0 0 134 0 31
J B 201 818 1 82 6913 0 0
J D 0 808 0 15 1 0 0
W 0 -84 44 F
K -18 -146 90
K -18 -72 90
K 12 -146 90
K 12 -72 90
K 36 -146 90
K 36 -72 90
K -18 -146 89
K 62 -146 89
K -18 -125 89
K 62 -125 89
K -18 -104 89
K 62 -104 89
K -18 -93 89
K 62 -93 89
J N 8 850 -42 10 1 0 1 177
K 0 21 45
K 0 0 45
K 0 0 42
K -1 0 45
K 6 0 45
K 36 132 44
K 0 178 110
K 0 0 60
K 0 42 60
A D 12 16
J B 202 933 1 82 6913 1728 0
J N 8 965 -42 9 1 0 2 178 177
K 0 21 45
K 0 0 45
K 0 0 42
K -1 0 45
K 6 0 45
K 36 -9 44
K 0 0 60
K 0 42 60
A D 12 16
H 177 T -42 0 0 0 0 0 5 0
J B 203 1048 1 82 6913 1728 0
J N 8 1080 -42 9 1 0 2 179 178
K 0 21 45
K 0 0 45
K 0 0 42
K -1 0 45
K 6 0 45
K 36 -9 44
K 0 0 60
K 0 42 60
A D 12 16
H 178 T -42 0 0 0 0 0 5 0
J B 204 1163 1 82 6913 1728 0
J N 8 1195 -42 9 1 0 1 179
K 0 21 45
K 0 0 45
K 0 0 42
K -1 0 45
K 6 0 45
K 36 -9 44
K 0 0 60
K 0 42 60
A D 12 16
H 179 T -42 0 0 0 0 0 5 0
J B 205 1277 1 82 6913 1728 0
J N 6 1314 -53 10 1 0 1 180
K 0 32 45
K 0 11 45
K -22 0 64
K 0 0 43
K 0 11 45
K 2 11 45
K 38 0 44
K 0 185 110
K 30 185 110
A D 3 16
J N 5 1372 -53 6 1729 432 1 180
K 0 32 45
K 0 11 45
K 0 0 43
K 0 11 45
K 2 11 45
A D 1 16
J N 6 1412 -53 6 2305 144 1 180
K 0 32 45
K 0 11 45
K 0 0 43
K 0 11 45
K 2 11 45
A D 2 16
H 180 B -95 0 112 3 2 51 3
J N 6 1452 -53 7 3457 288 1 181
K 0 32 45
K 0 11 45
K 0 0 43
K 0 11 45
K 2 11 45
K 38 0 44
A D 3 16
J N 5 1510 -53 6 5185 432 1 181
K 0 32 45
K 0 11 45
K 0 0 43
K 0 11 45
K 2 11 45
A D 1 16
J N 6 1550 -53 6 5761 144 1 181
K 0 32 45
K 0 11 45
K 0 0 43
K 0 11 45
K 2 11 45
A D 2 16
H 181 B -95 0 112 3 2 51 3
J B 206 1585 1 82 6913 288 0
J N 6 1622 -53 8 1 0 1 182
K 0 32 45
K 0 11 45
K -22 0 64
K 0 0 43
K 0 11 45
K 2 11 45
K 38 0 44
A D 3 16
J N 5 1680 -53 6 1729 432 1 182
K 0 32 45
K 0 11 45
K 0 0 43
K 0 11 45
K 2 11 45
A D 1 16
J N 6 1720 -53 6 2305 144 1 182
K 0 32 45
K 0 11 45
K 0 0 43
K 0 11 45
K 2 11 45
A D 2 16
H 182 B -95 0 112 3 2 51 3
J N 6 1760 -53 7 3457 288 1 183
K 0 32 45
K 0 11 45
K 0 0 43
K 0 11 45
K 2 11 45
K 38 0 44
A D 3 16
J N 5 1818 -53 6 5185 432 1 183
K 0 32 45
K 0 11 45
K 0 0 43
K 0 11 45
K 2 11 45
A D 1 16
J N 6 1858 -53 6 5761 144 1 183
K 0 32 45
K 0 11 45
K 0 0 43
K 0 11 45
K 2 11 45
A D 2 16
H 183 B -95 0 112 3 2 51 3
J B 207 1893 1 82 6913 288 0
J N 8 1930 -53 11 1 0 1 184
K 0 32 45
K 0 11 45
K -22 0 64
K 0 0 42
K 0 11 45
K 2 11 45
K 38 0 44
K 0 0 60
K 0 42 60
K 0 53 60
A D 12 16
J B 208 2012 1 82 6913 1728 0
J N 8 2049 -53 11 1 0 2 185 184
K 0 32 45
K 0 11 45
k -22 0 64
K 0 0 42
K 0 11 45
K 2 11 45
K 38 0 44
K 0 0 60
K 0 42 60
K 0 53 60
A D 12 16
H 184 T -53 0 0 0 0 0 1 0
J B 209 2131 1 82 6913 1728 0
J N 8 2168 -53 11 1 0 2 186 185
K 0 32 45
K 0 11 45
k -22 0 64
K 0 0 42
K 0 11 45
K 2 11 45
K 38 0 44
K 0 0 60
K 0 42 60
K 0 53 60
A D 12 16
H 185 T -53 0 0 0 0 0 1 0
J B 210 2250 1 82 6913 1728 0
J M 0 2250 0 0 6913 0 1 186
H 186 T -53 0 0 0 0 0 1 0
E *
B 1 297 0
B 1 418 0
B 1 539 0
B 1 698 0
B 1 818 0
B 1 933 0
B 1 1048 0
B 1 1163 0
B 1 1277 0
B 1 1585 0
B 1 1893 0
B 1 2012 0
B 1 2131 0
B 1 2250 0
S 0 100 980 2250 84 1 "(.)"
L 0 0 0 313 313 * 0 21 0
J C 22 7 21 36 6913 0 0
J K 3 85 0 3 6913 0 0
K 0 21 63
K 21 52 63
K 42 10 63
J D 0 -39 -21 1 6913 0 0
W 0 0 37 \02\01\00
J N 8 219 -53 11 1 0 1 186
K 0 32 45
K 0 11 45
K -22 0 64
K 0 0 42
K 0 11 45
K 2 11 45
K 38 0 44
K 0 0 60
K 0 42 60
K 0 53 60
A D 12 16
J M 0 141 0 0 6913 0 1 186
H 186 T -53 0 0 0 0 0 1 0
J B 211 303 1 82 6913 1728 0
J N 6 335 -42 7 1 0 1 187
K 0 21 45
K 0 0 45
K 0 0 43
K -1 0 45
K 6 0 45
K 36 -9 44
A D 3 16
J N 5 381 -11 2 1729 432 1 187
K 0 0 43
A D 1 16
J N 6 421 -11 2 2305 144 1 187
K 0 0 43
A D 2 16
H 187 B -107 3 112 3 2 51 3
J N 6 462 -11 3 3457 288 1 188
K 0 0 43
K 38 0 44
A D 3 16
J N 5 521 -11 2 5185 432 1 188
K 0 0 43
A D 1 16
J N 6 561 -11 2 5761 144 1 188
K 0 0 43
A D 2 16
H 188 B -76 0 112 3 2 51 3
J B 212 597 1 82 6913 288 0
J N 6 629 -11 3 1 0 1 189
K 0 0 43
K 38 0 44
A D 3 16
J N 5 688 -11 2 1729 432 1 189
K 0 0 43
A D 1 16
J N 6 728 -11 2 2305 144 1 189
K 0 0 43
A D 2 16
H 189 B -76 0 112 3 2 51 3
J N 6 769 -11 3 3457 288 1 190
K 0 0 43
K 38 0 44
A D 3 16
J N 5 827 -11 2 5185 432 1 190
K 0 0 43
A D 1 16
J N 6 867 -11 2 5761 144 1 190
K 0 0 43
A D 2 16
H 190 B -76 0 112 3 2 51 3
J B 213 902 1 82 6913 288 0
J N 8 934 -11 5 1 0 1 191
K 0 0 42
K 38 0 44
K 0 0 60
K 0 32 60
A D 12 16
J B 214 1017 1 82 6913 1728 0
J N 8 1049 -11 5 1 0 2 192 191
K 0 0 42
K 38 0 44
K 0 0 60
K 0 32 60
A D 12 16
H 191 T -11 0 0 0 0 0 1 0
J B 215 1132 1 82 6913 1728 0
J N 8 1164 -11 5 1 0 2 193 192
K 0 0 42
K 38 0 44
K 0 0 60
K 0 32 60
A D 12 16
H 192 T -11 0 0 0 0 0 1 0
J B 216 1247 1 82 6913 1728 0
J N 8 1279 -11 5 1 0 2 194 193
K 0 0 42
K 38 0 44
K 0 0 60
K 0 32 60
A D 12 16
H 193 T -11 0 0 0 0 0 1 0
J B 217 1362 1 82 6913 1728 0
J D 0 1352 0 17 1 0 0
W 0 -84 44 G
K -18 -146 90
K -18 -72 90
K 12 -146 90
K 12 -72 90
K 42 -146 90
K 42 -72 90
K 47 -146 90
K 47 -72 90
K -18 -146 89
K 73 -146 89
K -18 -125 89
K 73 -125 89
K -18 -104 89
K 73 -104 89
K -18 -93 89
K 73 -93 89
J N 7 1394 -11 4 1 0 1 194
K 0 0 43
K 0 0 60
K 0 32 60
A D 4 16
H 194 T -11 0 0 0 0 0 1 0
J R 6 1448 42 2 2305 576 0
K 0 0 49
A D 2 16
J N 6 1485 -42 9 3457 288 1 195
K 0 21 45
K 0 0 45
K 0 0 43
K -1 0 45
K 6 0 45
K 36 -9 44
K 0 174 111
K 18 174 110
A D 3 16
J N 5 1542 -42 6 5185 432 1 195
K 0 21 45
K 0 0 45
K 0 0 43
K -1 0 45
K 6 0 45
A D 1 16
J N 6 1582 -42 6 5761 144 1 195
K 0 21 45
K 0 0 45
K 0 0 43
K -1 0 45
K 6 0 45
A D 2 16
H 195 B -84 0 112 3 2 51 3
J B 218 1617 1 82 6913 288 0
J R 7 1649 42 2 1 0 0
K 0 0 48
A D 4 16
J R 6 1703 42 2 2305 576 0
K 0 0 49
A D 2 16
J N 6 1740 -53 10 3457 288 1 196
K 0 32 45
K 0 11 45
K -22 0 64
K 0 0 43
K 0 11 45
K 2 11 45
K 38 0 44
K 0 185 111
K 18 185 110
A D 3 16
J N 5 1798 -53 6 5185 432 1 196
K 0 32 45
K 0 11 45
K 0 0 43
K 0 11 45
K 2 11 45
A D 1 16
J N 6 1838 -53 6 5761 144 1 196
K 0 32 45
K 0 11 45
K 0 0 43
K 0 11 45
K 2 11 45
A D 2 16
H 196 B -95 0 112 3 2 51 3
J B 219 1873 1 82 6913 288 0
J R 7 1905 42 2 1 0 0
K 0 0 48
A D 4 16
J R 6 1959 42 2 2305 576 0
K 0 0 49
A D 2 16
J N 6 1996 -53 10 3457 288 1 197
K 0 32 45
K 0 11 45
K -22 0 64
K 0 0 43
K 0 11 45
K 2 11 45
K 38 0 44
K 0 185 111
K 18 185 110
A D 3 16
J N 5 2054 -53 6 5185 432 1 197
K 0 32 45
K 0 11 45
K 0 0 43
K 0 11 45
K 2 11 45
A D 1 16
J N 6 2094 -53 6 5761 144 1 197
K 0 32 45
K 0 11 45
K 0 0 43
K 0 11 45
K 2 11 45
A D 2 16
H 197 B -95 0 112 3 2 51 3
J B 220 2129 1 82 6913 288 0
J N 8 2167 -32 10 1 0 0
K 0 11 45
K -23 0 65
K 0 0 42
K 0 11 45
K 2 11 45
K 38 0 44
K 0 153 108
K 0 0 60
K 0 32 60
A D 12 16
J B 221 2250 1 82 6913 1728 0
E *
B 1 303 0
B 1 597 0
B 1 902 0
B 1 1017 0
B 1 1132 0
B 1 1247 0
B 1 1362 0
B 1 1617 0
B 1 1873 0
B 1 2129 0
B 1 2250 0
S 0 100 1260 2250 84 1 "(.)"
L 0 0 0 313 313 * 0 21 0
J C 22 7 21 36 6913 0 0
J K 3 85 0 3 6913 0 0
K 0 21 63
K 21 52 63
K 42 10 63
J D 0 -39 -21 1 6913 0 0
W 0 0 37 \02\02\01
J N 8 219 -21 9 1 0 0
K 0 0 45
K -22 0 64
K 0 0 42
K -1 0 45
K 6 0 45
K 36 -9 44
K 0 0 60
K 0 31 60
A D 12 16
J B 222 295 1 82 6913 1728 0
J N 8 332 -21 10 1 0 0
K 0 0 45
K -22 0 64
K 0 0 42
K -1 0 45
K 6 0 45
K 36 -9 44
K 0 142 108
K 0 0 60
K 0 31 60
A D 12 16
J B 223 408 1 82 6913 1728 0
J N 7 445 -21 8 1 0 0
K 0 0 45
K -22 0 64
K 0 0 43
K -1 0 45
K 6 0 45
K 0 0 60
K 0 31 60
A D 4 16
J R 6 480 42 2 2305 576 0
K 0 0 49
A D 2 16
J N 7 514 -53 10 3457 288 0
K 0 32 45
K 0 11 45
K -22 0 64
K 0 0 43
K 0 11 45
K 2 11 45
K 0 0 60
K 0 42 60
K 0 53 60
A D 4 16
J R 6 549 42 2 5761 576 0
K 0 0 49
A D 2 16
J B 224 580 1 82 6913 288 0
J N 7 617 -21 8 1 0 0
K 0 0 45
K -22 0 64
K 0 0 43
K -1 0 45
K 6 0 45
K 0 0 60
K 0 31 60
A D 4 16
J R 6 652 42 2 2305 576 0
K 0 0 49
A D 2 16
J N 7 686 -21 7 3457 288 0
K 0 0 45
K 0 0 43
K -1 0 45
K 6 0 45
K 0 0 60
K 0 31 60
A D 4 16
J R 6 721 42 2 5761 576 0
K 0 0 49
A D 2 16
J B 225 752 1 82 6913 288 0
J N 7 784 -42 9 1 0 1 198
K 0 21 45
K 0 0 45
K 0 0 43
K -1 0 45
K 6 0 45
K 36 -9 44
K 0 0 60
K 0 42 60
A D 6 16
J N 6 840 -42 7 3457 864 2 199 198
K 0 21 45
K 0 0 45
K 0 0 43
K -1 0 45
K 6 0 45
K 36 -9 44
A D 3 16
H 198 T -42 0 0 0 0 0 5 0
J N 5 896 -32 6 5185 432 1 199
K 0 11 45
K 0 0 43
K 0 11 45
K 2 11 45
K 0 -26 96
A D 1 16
J N 6 958 -21 7 5761 144 1 199
K 0 0 45
K -22 0 64
K 0 0 43
K -1 0 45
K 6 0 45
K 0 -26 96
A D 2 16
H 199 B -86 2 112 3 2 51 3
J B 226 989 1 82 6913 288 0
J N 7 1026 -63 11 1 0 0
K 0 42 45
K 0 21 45
K 0 0 45
K -22 0 64
K 0 0 43
K -1 0 45
K 6 0 45
K 0 0 60
K 0 42 60
K 0 63 60
A D 4 16
J R 6 1061 42 2 2305 576 0
K 0 0 49
A D 2 16
J N 7 1095 -21 8 3457 288 0
K 0 0 45
K -22 0 64
K 0 0 43
K -1 0 45
K 6 0 45
K 0 0 60
K 0 31 60
A D 4 16
J R 6 1130 42 2 5761 576 0
K 0 0 49
A D 2 16
J B 227 1161 1 82 6913 288 0
J N 7 1198 -53 10 1 0 0
K 0 32 45
K 0 11 45
K -22 0 64
K 0 0 43
K 0 11 45
K 2 11 45
K 0 0 60
K 0 42 60
K 0 53 60
A D 4 16
J R 6 1233 42 2 2305 576 0
K 0 0 49
A D 2 16
J N 7 1267 -42 8 3457 288 0
K 0 21 45
K 0 0 45
K 0 0 43
K -1 0 45
K 6 0 45
K 0 0 60
K 0 42 60
A D 4 16
J R 6 1302 42 2 5761 576 0
K 0 0 49
A D 2 16
J B 228 1333 1 82 6913 288 0
J S 4 1417 31 8 3 288 0
K 0 0 62
K 0 5 62
K 166 11 92
K 136 11 92
K 106 11 92
K 76 11 92
K 46 11 92
K 16 11 92
K 0 11 92
K 196 0 62
K 196 5 62
K 83 11 74
J B 231 1697 1 82 6913 1 0
J N 7 1730 -53 12 1 0 1 200
K 0 32 45
K 0 11 45
K -22 0 64
K 0 0 43
K 0 11 45
K 2 11 45
K 38 0 44
K 0 174 108
K 0 0 60
K 0 42 60
K 0 53 60
A D 6 16
J N 6 1788 -53 7 3457 864 2 201 200
K 0 32 45
K 0 11 45
K 0 0 43
K 0 11 45
K 2 11 45
K 38 0 44
A D 3 16
H 200 T -53 0 0 0 0 0 1 0
J N 5 1846 -42 6 5185 432 1 201
K 0 21 45
K 0 0 45
K 0 0 43
K -1 0 45
K 6 0 45
A D 1 16
J N 6 1880 -32 5 5761 144 1 201
K 0 11 45
K 0 0 43
K 0 11 45
K 2 11 45
A D 2 16
H 201 B -95 2 112 3 2 51 3
J B 232 1911 1 82 6913 288 0
J N 7 1943 0 4 1 0 0
K 0 0 43
K 0 0 60
K 0 31 60
A D 4 16
J R 6 1978 42 2 2305 576 0
K 0 0 49
A D 2 16
J N 7 2012 -32 7 3457 288 0
K 0 11 45
K 0 0 43
K 0 11 45
K 2 11 45
K 0 0 60
K 0 32 60
A D 4 16
J R 6 2047 42 2 5761 576 0
K 0 0 49
A D 2 16
J B 233 2078 1 82 6913 288 0
J N 7 2115 -63 11 1 0 0
K 0 42 45
K 0 21 45
K 0 0 45
K -22 0 64
K 0 0 43
K -1 0 45
K 6 0 45
K 0 0 60
K 0 42 60
K 0 63 60
A D 4 16
J R 6 2150 42 2 2305 576 0
K 0 0 49
A D 2 16
J N 7 2184 -53 10 3457 288 0
K 0 32 45
K 0 11 45
K -22 0 64
K 0 0 43
K 0 11 45
K 2 11 45
K 0 0 60
K 0 42 60
K 0 53 60
A D 4 16
J R 6 2219 42 2 5761 576 0
K 0 0 49
A D 2 16
J B 234 2250 1 82 6913 288 0
E *
B 1 295 0
B 1 408 0
B 1 580 0
B 1 752 0
B 1 989 0
B 1 1161 0
B 1 1333 0
B 1 1697 0
B 1 1911 0
B 1 2078 0
B 1 2250 0
S 0 100 1540 2250 84 1 "(.)"
L 0 0 0 313 313 * 0 21 0
J C 22 7 21 36 6913 0 0
J K 3 85 0 3 6913 0 0
K 0 21 63
K 21 52 63
K 42 10 63
J D 0 -39 -21 1 6913 0 0
W 0 0 37 \02\03\04
J N 7 214 0 4 1 0 0
K 0 0 43
K 0 0 60
K 0 31 60
A D 4 16
J R 6 249 42 2 2305 576 0
K 0 0 49
A D 2 16
J N 7 283 -32 7 3457 288 0
K 0 11 45
K 0 0 43
K 0 11 45
K 2 11 45
K 0 0 60
K 0 32 60
A D 4 16
J R 6 318 42 2 5761 576 0
K 0 0 49
A D 2 16
J B 235 349 1 82 6913 288 0
J N 7 386 -63 11 1 0 0
K 0 42 45
K 0 21 45
K 0 0 45
K -22 0 64
K 0 0 43
K -1 0 45
K 6 0 45
K 0 0 60
K 0 42 60
K 0 63 60
A D 4 16
J R 6 421 42 2 2305 576 0
K 0 0 49
A D 2 16
J N 7 455 -53 10 3457 288 0
K 0 32 45
K 0 11 45
K -22 0 64
K 0 0 43
K 0 11 45
K 2 11 45
K 0 0 60
K 0 42 60
K 0 53 60
A D 4 16
J R 6 490 42 2 5761 576 0
K 0 0 49
A D 2 16
J B 236 521 1 82 6913 288 0
J S 4 563 31 8 2 288 0
K 0 0 62
K 0 5 62
K 66 11 92
K 36 11 92
K 6 11 92
K 0 11 92
K 96 0 62
K 96 5 62
K 33 11 73
J B 238 701 1 82 6913 1 0
J R 6 733 42 3 1 0 0
K 0 0 49
K 31 -10 44
A D 3 16
J D 0 764 0 1 1729 432 1 202
W 0 134 36 cresc. poco a poco
J N 5 801 -11 3 1729 0 1 203
K -23 0 65
K 0 0 43
A D 1 16
J N 6 841 -11 2 2305 144 1 203
K 0 0 43
A D 2 16
H 203 B -76 0 112 2 42 3
J N 6 881 -11 3 3457 288 1 204
K 0 0 43
K 38 0 44
A D 3 16
J N 5 939 -11 2 5185 432 1 204
K 0 0 43
A D 1 16
J N 6 979 -11 2 5761 144 1 204
K 0 0 43
A D 2 16
H 204 B -76 0 112 3 2 51 3
J B 239 1010 1 82 6913 288 0
J N 6 1048 -11 4 1 0 1 205
K -23 0 65
K 0 0 43
K 38 0 44
A D 3 16
J N 5 1106 -11 2 1729 432 1 205
K 0 0 43
A D 1 16
J N 6 1146 -11 2 2305 144 1 205
K 0 0 43
A D 2 16
H 205 B -76 0 112 3 2 51 3
J N 6 1186 -11 3 3457 288 1 206
K 0 0 43
K 38 0 44
A D 3 16
J N 5 1244 -11 2 5185 432 1 206
K 0 0 43
A D 1 16
J N 6 1284 -11 2 5761 144 1 206
K 0 0 43
A D 2 16
H 206 B -76 0 112 3 2 51 3
J B 240 1315 1 82 6913 288 0
J N 6 1353 -11 4 1 0 1 207
K -23 0 65
K 0 0 43
K 38 0 44
A D 3 16
J N 5 1411 -11 2 1729 432 1 207
K 0 0 43
A D 1 16
J N 6 1451 -11 2 2305 144 1 207
K 0 0 43
A D 2 16
H 207 B -76 0 112 3 2 51 3
J N 6 1491 -11 3 3457 288 1 208
K 0 0 43
K 38 0 44
A D 3 16
J N 5 1549 -11 2 5185 432 1 208
K 0 0 43
A D 1 16
J N 6 1589 -11 2 5761 144 1 208
K 0 0 43
A D 2 16
H 208 B -76 0 112 3 2 51 3
J B 241 1620 1 82 6913 288 0
J N 6 1658 -11 4 1 0 1 209
K -23 0 65
K 0 0 43
K 38 0 44
A D 3 16
J N 5 1716 -11 2 1729 432 1 209
K 0 0 43
A D 1 16
J N 6 1756 -11 2 2305 144 1 209
K 0 0 43
A D 2 16
H 209 B -76 0 112 3 2 51 3
J N 6 1796 -11 3 3457 288 1 210
K 0 0 43
K 38 0 44
A D 3 16
J N 5 1854 -11 2 5185 432 1 210
K 0 0 43
A D 1 16
J N 6 1894 -11 2 5761 144 1 210
K 0 0 43
A D 2 16
H 210 B -76 0 112 3 2 51 3
J B 242 1925 1 82 6913 288 0
J N 6 1963 -11 4 1 0 1 211
K -23 0 65
K 0 0 43
K 38 0 44
A D 3 16
J N 5 2043 -21 6 1729 432 1 211
K 0 0 45
K -22 0 64
K 0 0 43
K -1 0 45
K 6 0 45
A D 1 16
J N 6 2083 -21 5 2305 144 1 211
K 0 0 45
K 0 0 43
K -1 0 45
K 6 0 45
A D 2 16
H 211 B -61 -1 112 3 2 51 3
J N 6 2123 -21 6 3457 288 1 212
K 0 0 45
K 0 0 43
K -1 0 45
K 6 0 45
K 36 -9 44
A D 3 16
J N 5 2179 -21 5 5185 432 1 212
K 0 0 45
K 0 0 43
K -1 0 45
K 6 0 45
A D 1 16
J N 6 2219 -21 5 5761 144 1 212
K 0 0 45
K 0 0 43
K -1 0 45
K 6 0 45
A D 2 16
H 212 B -69 0 112 3 2 51 3
J B 243 2250 1 82 6913 288 0
J M 0 2250 0 0 6913 0 1 202
H 202 D 428 0 134 0 31
E *
B 1 349 0
B 1 521 0
B 1 701 0
B 1 1010 0
B 1 1315 0
B 1 1620 0
B 1 1925 0
B 1 2250 0
S 0 100 1820 2250 84 1 "(.)"
L 0 0 0 313 313 * 0 21 0
J C 22 7 21 36 6913 0 0
J K 3 85 0 3 6913 0 0
K 0 21 63
K 21 52 63
K 42 10 63
J D 0 -39 -21 1 6913 0 0
W 0 0 37 \02\04\03
J N 6 219 -21 7 1 0 1 213
K 0 0 45
K -22 0 64
K 0 0 43
K -1 0 45
K 6 0 45
K 36 -9 44
A D 3 16
J N 5 285 -21 5 1729 432 1 213
K 0 0 45
K 0 0 43
K -1 0 45
K 6 0 45
A D 1 16
J N 6 325 -21 5 2305 144 1 213
K 0 0 45
K 0 0 43
K -1 0 45
K 6 0 45
A D 2 16
H 213 B -69 0 112 3 2 51 3
J N 6 374 -21 6 3457 288 1 214
K 0 0 45
K 0 0 43
K -1 0 45
K 6 0 45
K 36 -9 44
A D 3 16
J N 5 440 -21 5 5185 432 1 214
K 0 0 45
K 0 0 43
K -1 0 45
K 6 0 45
A D 1 16
J N 6 480 -21 5 5761 144 1 214
K 0 0 45
K 0 0 43
K -1 0 45
K 6 0 45
A D 2 16
H 214 B -69 0 112 3 2 51 3
J B 244 529 1 82 6913 288 0
J N 6 566 -21 7 1 0 1 215
K 0 0 45
K -22 0 64
K 0 0 43
K -1 0 45
K 6 0 45
K 36 -9 44
A D 3 16
J N 5 632 -21 5 1729 432 1 215
K 0 0 45
K 0 0 43
K -1 0 45
K 6 0 45
A D 1 16
J N 6 672 -21 5 2305 144 1 215
K 0 0 45
K 0 0 43
K -1 0 45
K 6 0 45
A D 2 16
H 215 B -69 0 112 3 2 51 3
J N 6 721 -21 6 3457 288 1 216
K 0 0 45
K 0 0 43
K -1 0 45
K 6 0 45
K 36 -9 44
A D 3 16
J N 5 787 -21 5 5185 432 1 216
K 0 0 45
K 0 0 43
K -1 0 45
K 6 0 45
A D 1 16
J N 6 827 -21 5 5761 144 1 216
K 0 0 45
K 0 0 43
K -1 0 45
K 6 0 45
A D 2 16
H 216 B -69 0 112 3 2 51 3
J B 245 876 1 82 6913 288 0
J N 6 913 -21 7 1 0 1 217
K 0 0 45
K -22 0 64
K 0 0 43
K -1 0 45
K 6 0 45
K 36 -9 44
A D 3 16
J N 5 979 -21 5 1729 432 1 217
K 0 0 45
K 0 0 43
K -1 0 45
K 6 0 45
A D 1 16
J N 6 1019 -21 5 2305 144 1 217
K 0 0 45
K 0 0 43
K -1 0 45
K 6 0 45
A D 2 16
H 217 B -69 0 112 3 2 51 3
J N 6 1068 -21 6 3457 288 1 218
K 0 0 45
K 0 0 43
K -1 0 45
K 6 0 45
K 36 -9 44
A D 3 16
J N 5 1134 -21 5 5185 432 1 218
K 0 0 45
K 0 0 43
K -1 0 45
K 6 0 45
A D 1 16
J N 6 1174 -21 5 5761 144 1 218
K 0 0 45
K 0 0 43
K -1 0 45
K 6 0 45
A D 2 16
H 218 B -69 0 112 3 2 51 3
J B 246 1223 1 82 6913 288 0
J N 6 1260 -21 7 1 0 1 219
K 0 0 45
K -22 0 64
K 0 0 43
K -1 0 45
K 6 0 45
K 36 -9 44
A D 3 16
J N 5 1326 -32 5 1729 432 1 219
K 0 11 45
K 0 0 43
K 0 11 45
K 2 11 45
A D 1 16
J N 6 1366 -32 5 2305 144 1 219
K 0 11 45
K 0 0 43
K 0 11 45
K 2 11 45
A D 2 16
H 219 B -72 -2 112 3 2 51 3
J N 6 1415 -32 6 3457 288 1 220
K 0 11 45
K 0 0 43
K 0 11 45
K 2 11 45
K 38 0 44
A D 3 16
J N 5 1481 -32 5 5185 432 1 220
K 0 11 45
K 0 0 43
K 0 11 45
K 2 11 45
A D 1 16
J N 6 1521 -32 5 5761 144 1 220
K 0 11 45
K 0 0 43
K 0 11 45
K 2 11 45
A D 2 16
H 220 B -76 0 112 3 2 51 3
J B 247 1570 1 82 6913 288 0
J N 6 1602 -32 6 1 0 1 221
K 0 11 45
K 0 0 43
K 0 11 45
K 2 11 45
K 38 0 44
A D 3 16
J N 5 1668 -32 5 1729 432 1 221
K 0 11 45
K 0 0 43
K 0 11 45
K 2 11 45
A D 1 16
J N 6 1708 -32 5 2305 144 1 221
K 0 11 45
K 0 0 43
K 0 11 45
K 2 11 45
A D 2 16
H 221 B -76 0 112 3 2 51 3
J N 6 1757 -32 6 3457 288 1 222
K 0 11 45
K 0 0 43
K 0 11 45
K 2 11 45
K 38 0 44
A D 3 16
J N 5 1823 -32 5 5185 432 1 222
K 0 11 45
K 0 0 43
K 0 11 45
K 2 11 45
A D 1 16
J N 6 1863 -32 5 5761 144 1 222
K 0 11 45
K 0 0 43
K 0 11 45
K 2 11 45
A D 2 16
H 222 B -76 0 112 3 2 51 3
J B 248 1912 1 82 6913 288 0
J N 6 1944 -32 6 1 0 1 223
K 0 11 45
K 0 0 43
K 0 11 45
K 2 11 45
K 38 0 44
A D 3 16
J N 5 2009 -32 5 1729 432 1 223
K 0 11 45
K 0 0 43
K 0 11 45
K 2 11 45
A D 1 16
J N 6 2049 -32 5 2305 144 1 223
K 0 11 45
K 0 0 43
K 0 11 45
K 2 11 45
A D 2 16
H 223 B -76 0 112 3 2 51 3
J N 6 2097 -32 6 3457 288 1 224
K 0 11 45
K 0 0 43
K 0 11 45
K 2 11 45
K 38 0 44
A D 3 16
J N 5 2162 -32 5 5185 432 1 224
K 0 11 45
K 0 0 43
K 0 11 45
K 2 11 45
A D 1 16
J N 6 2202 -32 5 5761 144 1 224
K 0 11 45
K 0 0 43
K 0 11 45
K 2 11 45
A D 2 16
H 224 B -76 0 112 3 2 51 3
J B 249 2250 1 82 6913 288 0
J M 0 213 0 0 6913 0 1 202
J M 0 2250 0 0 6913 0 1 202
H 202 D 0 0 134 0 31
E *
B 1 529 0
B 1 876 0
B 1 1223 0
B 1 1570 0
B 1 1912 0
B 1 2250 0
S 0 100 2100 2250 84 1 "(.)"
L 0 0 0 313 313 * 0 21 0
J C 22 7 21 36 6913 0 0
J K 3 85 0 3 6913 0 0
K 0 21 63
K 21 52 63
K 42 10 63
J D 0 -39 -21 1 6913 0 0
W 0 0 37 \02\04\09
J N 6 214 -32 6 1 0 1 225
K 0 11 45
K 0 0 43
K 0 11 45
K 2 11 45
K 38 0 44
A D 3 16
J N 5 273 -32 5 1729 432 1 225
K 0 11 45
K 0 0 43
K 0 11 45
K 2 11 45
A D 1 16
J N 6 313 -32 5 2305 144 1 225
K 0 11 45
K 0 0 43
K 0 11 45
K 2 11 45
A D 2 16
H 225 B -76 0 112 3 2 51 3
J N 6 354 -32 6 3457 288 1 226
K 0 11 45
K 0 0 43
K 0 11 45
K 2 11 45
K 38 0 44
A D 3 16
J N 5 413 -32 5 5185 432 1 226
K 0 11 45
K 0 0 43
K 0 11 45
K 2 11 45
A D 1 16
J N 6 453 -32 5 5761 144 1 226
K 0 11 45
K 0 0 43
K 0 11 45
K 2 11 45
A D 2 16
H 226 B -76 0 112 3 2 51 3
J M 0 484 0 0 6913 288 1 202
J M 0 213 0 0 6913 0 1 202
H 202 D 0 0 134 0 31
J B 250 490 1 82 6913 0 0
J N 7 522 -32 8 1 0 0
K 0 11 45
K 0 0 43
K 0 11 45
K 2 11 45
K 0 164 110
K 0 0 60
K 0 32 60
A D 4 16
J R 6 580 42 2 2305 576 0
K 0 0 49
A D 2 16
J N 6 618 -11 3 3457 288 1 227
K -23 0 65
K 0 0 43
A D 2 16
J R 5 652 0 3 4609 288 0
K 0 21 49
K 6 0 50
A D 1 16
J N 5 692 -11 2 5185 144 1 227
K 0 0 43
A D 1 16
J N 6 726 0 2 5761 144 1 227
K 0 0 43
A D 2 16
H 227 B -76 2 112 3 2 51 3
J B 251 762 1 82 6913 288 0
J N 7 799 -11 5 1 0 0
K -22 0 64
K 0 0 43
K 0 0 60
K 0 32 60
A D 4 16
J R 6 856 42 2 2305 576 0
K 0 0 49
A D 2 16
J N 6 893 -11 2 3457 288 1 228
K 0 0 43
A D 2 16
J R 5 927 0 3 4609 288 0
K 0 21 49
K 6 0 50
A D 1 16
J N 5 967 -11 2 5185 144 1 228
K 0 0 43
A D 1 16
J N 6 1007 -11 2 5761 144 1 228
K 0 0 43
A D 2 16
H 228 B -76 0 112 3 2 51 3
J B 252 1043 1 82 6913 288 0
J N 7 1080 -21 8 1 0 0
K 0 0 45
K -22 0 64
K 0 0 43
K -1 0 45
K 6 0 45
K 0 0 60
K 0 31 60
A D 4 16
J R 6 1137 42 2 2305 576 0
K 0 0 49
A D 2 16
J N 6 1174 -21 5 3457 288 1 229
K 0 0 45
K 0 0 43
K -1 0 45
K 6 0 45
A D 2 16
J R 5 1208 -21 3 4609 288 0
K 0 21 49
K 6 0 50
A D 1 16
J N 5 1248 -21 5 5185 144 1 229
K 0 0 45
K 0 0 43
K -1 0 45
K 6 0 45
A D 1 16
J N 6 1282 -11 2 5761 144 1 229
K 0 0 43
A D 2 16
H 229 B -67 0 112 3 2 51 3
J B 253 1318 1 82 6913 288 0
J N 7 1358 -21 8 1 0 0
K 0 0 45
K -25 0 63
K 0 0 43
K -1 0 45
K 6 0 45
K 0 0 60
K 0 31 60
A D 4 16
J R 6 1415 42 2 2305 576 0
K 0 0 49
A D 2 16
J N 6 1452 -21 5 3457 288 1 230
K 0 0 45
K 0 0 43
K -1 0 45
K 6 0 45
A D 2 16
J R 5 1486 -21 3 4609 288 0
K 0 21 49
K 6 0 50
A D 1 16
J N 5 1526 -21 5 5185 144 1 230
K 0 0 45
K 0 0 43
K -1 0 45
K 6 0 45
A D 1 16
J N 6 1566 -21 5 5761 144 1 230
K 0 0 45
K 0 0 43
K -1 0 45
K 6 0 45
A D 2 16
H 230 B -69 0 112 3 2 51 3
J B 254 1602 1 82 6913 288 0
J D 0 1592 0 17 1 0 0
W 0 -84 44 H
K -18 -146 90
K -18 -72 90
K 12 -146 90
K 12 -72 90
K 42 -146 90
K 42 -72 90
K 48 -146 90
K 48 -72 90
K -18 -146 89
K 74 -146 89
K -18 -125 89
K 74 -125 89
K -18 -104 89
K 74 -104 89
K -18 -93 89
K 74 -93 89
J N 6 1634 -32 7 1 0 1 231
K 0 11 45
K 0 0 43
K 0 11 45
K 2 11 45
K 0 179 110
K 30 179 110
A D 2 16
J R 5 1668 21 3 1153 288 0
K 0 21 49
K 6 0 50
A D 1 16
J N 5 1708 42 2 1729 144 1 231
K 0 0 43
A D 1 16
J N 6 1742 52 2 2305 144 1 231
K 0 0 43
A D 2 16
H 231 B -123 8 112 3 2 51 3
J N 6 1782 42 2 3457 288 1 232
K 0 0 43
A D 2 16
J R 5 1816 21 3 4609 288 0
K 0 21 49
K 6 0 50
A D 1 16
J N 5 1856 42 2 5185 144 1 232
K 0 0 43
A D 1 16
J N 6 1890 52 2 5761 144 1 232
K 0 0 43
A D 2 16
H 232 B 68 0 112 3 2 51 3
J B 255 1926 1 82 6913 288 0
J N 6 1958 42 2 1 0 1 233
K 0 0 43
A D 2 16
J R 5 1992 42 3 1153 288 0
K 0 21 49
K 6 0 50
A D 1 16
J N 5 2032 42 2 1729 144 1 233
K 0 0 43
A D 1 16
J N 6 2066 52 2 2305 144 1 233
K 0 0 43
A D 2 16
H 233 B 68 0 112 3 2 51 3
J N 6 2106 42 2 3457 288 1 234
K 0 0 43
A D 2 16
J R 5 2140 42 3 4609 288 0
K 0 21 49
K 6 0 50
A D 1 16
J N 5 2180 42 2 5185 144 1 234
K 0 0 43
A D 1 16
J N 6 2214 52 2 5761 144 1 234
K 0 0 43
A D 2 16
H 234 B 68 0 112 3 2 51 3
J B 256 2250 1 82 6913 288 0
E *
B 1 490 0
B 1 762 0
B 1 1043 0
B 1 1318 0
B 1 1602 0
B 1 1926 0
B 1 2250 0
S 0 100 2380 2250 84 1 "(.)"
L 0 0 0 313 313 * 0 21 0
J C 22 7 21 36 6913 0 0
J K 3 85 0 3 6913 0 0
K 0 21 63
K 21 52 63
K 42 10 63
J D 0 -39 -21 1 6913 0 0
W 0 0 37 \02\05\06
J N 6 214 42 3 1 0 0
K 0 0 43
K 0 0 54
A D 2 16
J R 5 252 42 3 1153 288 0
K 0 21 49
K 6 0 50
A D 1 16
J N 5 292 -53 7 1729 144 1 235
K 0 32 45
K 0 11 45
K -22 0 64
K 0 0 43
K 0 11 45
K 2 11 45
A D 1 16
J N 6 354 -63 8 2305 144 1 235
K 0 42 45
K 0 21 45
K 0 0 45
K -22 0 64
K 0 0 43
K -1 0 45
K 6 0 45
A D 2 16
H 235 B -102 -3 112 2 42 3
J N 6 395 -74 7 3457 288 1 236
K 0 53 45
K 0 32 45
K 0 11 45
K 0 0 43
K 0 11 45
K 2 11 45
A D 2 16
J R 5 433 -42 3 4609 288 0
K 0 21 49
K 6 0 50
A D 1 16
J N 5 473 -32 5 5185 144 1 236
K 0 11 45
K 0 0 43
K 0 11 45
K 2 11 45
A D 1 16
J N 6 513 -42 6 5761 144 1 236
K 0 21 45
K 0 0 45
K 0 0 43
K -1 0 45
K 6 0 45
A D 2 16
H 236 B -118 0 112 3 2 51 3
J B 257 552 1 82 6913 288 0
J N 6 589 -53 7 1 0 1 237
K 0 32 45
K 0 11 45
K -22 0 64
K 0 0 43
K 0 11 45
K 2 11 45
A D 2 16
J R 5 627 0 3 1153 288 0
K 0 21 49
K 6 0 50
A D 1 16
J N 5 689 21 3 1729 144 1 237
K -22 0 64
K 0 0 43
A D 1 16
J N 6 751 10 3 2305 144 1 237
K -22 0 64
K 0 0 43
A D 2 16
H 237 B -140 1 112 3 2 51 3
J N 7 792 0 4 3457 288 0
K 0 0 43
K 0 0 60
K 0 31 60
A D 4 16
J R 6 840 42 2 5761 576 0
K 0 0 49
A D 2 16
J B 258 879 1 82 6913 288 0
J N 6 916 52 3 1 0 1 238
K -22 0 64
K 0 0 43
A D 2 16
J R 5 954 42 3 1153 288 0
K 0 21 49
K 6 0 50
A D 1 16
J N 5 994 52 2 1729 144 1 238
K 0 0 43
A D 1 16
J N 6 1028 63 2 2305 144 1 238
K 0 0 43
A D 2 16
H 238 B 75 0 112 3 2 51 3
J N 6 1069 52 2 3457 288 1 239
K 0 0 43
A D 2 16
J R 5 1107 42 3 4609 288 0
K 0 21 49
K 6 0 50
A D 1 16
J N 5 1147 52 2 5185 144 1 239
K 0 0 43
A D 1 16
J N 6 1181 63 2 5761 144 1 239
K 0 0 43
A D 2 16
H 239 B 75 0 112 3 2 51 3
J B 259 1220 1 82 6913 288 0
J N 6 1257 52 3 1 0 1 240
K -22 0 64
K 0 0 43
A D 2 16
J R 5 1294 42 3 1153 288 0
K 0 21 49
K 6 0 50
A D 1 16
J N 5 1334 52 2 1729 144 1 240
K 0 0 43
A D 1 16
J N 6 1368 63 2 2305 144 1 240
K 0 0 43
A D 2 16
H 240 B 75 0 112 3 2 51 3
J N 6 1408 52 2 3457 288 1 241
K 0 0 43
A D 2 16
J R 5 1445 42 3 4609 288 0
K 0 21 49
K 6 0 50
A D 1 16
J N 5 1485 52 2 5185 144 1 241
K 0 0 43
A D 1 16
J N 6 1519 63 2 5761 144 1 241
K 0 0 43
A D 2 16
H 241 B 75 0 112 3 2 51 3
J B 260 1557 1 82 6913 288 0
J N 6 1589 0 2 1 0 1 242
K 0 0 43
A D 2 16
J R 5 1626 -21 3 1153 288 0
K 0 21 49
K 6 0 50
A D 1 16
J N 5 1666 -21 6 1729 144 1 242
K 0 0 45
K -22 0 64
K 0 0 43
K -1 0 45
K 6 0 45
A D 1 16
J N 6 1706 -32 5 2305 144 1 242
K 0 11 45
K 0 0 43
K 0 11 45
K 2 11 45
A D 2 16
H 242 B -67 -5 112 3 2 51 3
J N 6 1746 -42 6 3457 288 1 243
K 0 21 45
K 0 0 45
K 0 0 43
K -1 0 45
K 6 0 45
A D 2 16
J R 5 1783 -21 3 4609 288 0
K 0 21 49
K 6 0 50
A D 1 16
J N 5 1823 0 2 5185 144 1 243
K 0 0 43
A D 1 16
J N 6 1863 -11 2 5761 144 1 243
K 0 0 43
A D 2 16
H 243 B -111 0 112 3 2 51 3
J B 261 1901 1 82 6913 288 0
J N 6 1938 -21 6 1 0 1 244
K 0 0 45
K -22 0 64
K 0 0 43
K -1 0 45
K 6 0 45
A D 2 16
J R 5 1975 -21 3 1153 288 0
K 0 21 49
K 6 0 50
A D 1 16
J N 5 2015 -21 5 1729 144 1 244
K 0 0 45
K 0 0 43
K -1 0 45
K 6 0 45
A D 1 16
J N 6 2055 -32 5 2305 144 1 244
K 0 11 45
K 0 0 43
K 0 11 45
K 2 11 45
A D 2 16
H 244 B -69 0 112 3 2 51 3
J N 6 2095 -42 6 3457 288 1 245
K 0 21 45
K 0 0 45
K 0 0 43
K -1 0 45
K 6 0 45
A D 2 16
J R 5 2132 -21 3 4609 288 0
K 0 21 49
K 6 0 50
A D 1 16
J N 5 2172 -42 6 5185 144 1 245
K 0 21 45
K 0 0 45
K 0 0 43
K -1 0 45
K 6 0 45
A D 1 16
J N 6 2212 -42 6 5761 144 1 245
K 0 21 45
K 0 0 45
K 0 0 43
K -1 0 45
K 6 0 45
A D 2 16
H 245 B -84 0 112 3 2 51 3
J B 262 2250 1 82 6913 288 0
E *
B 1 552 0
B 1 879 0
B 1 1220 0
B 1 1557 0
B 1 1901 0
B 1 2250 0
S 0 100 2660 2250 84 1 "(.)"
L 0 0 0 313 313 * 0 21 0
J C 22 7 21 36 6913 0 0
J K 3 85 0 3 6913 0 0
K 0 21 63
K 21 52 63
K 42 10 63
J D 0 -39 -21 1 6913 0 0
W 0 0 37 \02\06\02
J N 6 214 63 2 1 0 1 246
K 0 0 43
A D 2 16
J R 5 239 42 3 1153 288 0
K 0 21 49
K 6 0 50
A D 1 16
J N 5 279 63 2 1729 144 1 246
K 0 0 43
A D 1 16
J N 6 344 73 3 2305 144 1 246
K -25 0 63
K 0 0 43
A D 2 16
H 246 B 69 0 112 3 2 51 3
J N 6 384 63 2 3457 288 1 247
K 0 0 43
A D 2 16
J R 5 409 42 3 4609 288 0
K 0 21 49
K 6 0 50
A D 1 16
J N 5 449 63 2 5185 144 1 247
K 0 0 43
A D 1 16
J N 6 483 73 2 5761 144 1 247
K 0 0 43
A D 2 16
H 247 B 71 1 112 3 2 51 3
J B 263 514 1 82 6913 288 0
J N 6 546 63 2 1 0 1 248
K 0 0 43
A D 2 16
J R 5 571 42 3 1153 288 0
K 0 21 49
K 6 0 50
A D 1 16
J N 5 611 63 2 1729 144 1 248
K 0 0 43
A D 1 16
J N 6 676 73 3 2305 144 1 248
K -25 0 63
K 0 0 43
A D 2 16
H 248 B 69 0 112 3 2 51 3
J N 6 716 63 2 3457 288 1 249
K 0 0 43
A D 2 16
J R 5 741 42 3 4609 288 0
K 0 21 49
K 6 0 50
A D 1 16
J N 5 781 63 2 5185 144 1 249
K 0 0 43
A D 1 16
J N 6 815 73 2 5761 144 1 249
K 0 0 43
A D 2 16
H 249 B 71 1 112 3 2 51 3
J B 264 846 1 82 6913 288 0
J N 6 878 63 2 1 0 1 250
K 0 0 43
A D 2 16
J R 5 903 42 3 1153 288 0
K 0 21 49
K 6 0 50
A D 1 16
J N 5 943 -32 5 1729 144 1 250
K 0 11 45
K 0 0 43
K 0 11 45
K 2 11 45
A D 1 16
J N 6 983 -42 6 2305 144 1 250
K 0 21 45
K 0 0 45
K 0 0 43
K -1 0 45
K 6 0 45
A D 2 16
H 250 B -67 -9 112 3 2 51 3
J N 7 1045 -53 10 3457 288 0
K 0 32 45
K 0 11 45
K -22 0 64
K 0 0 43
K 0 11 45
K 2 11 45
K 0 0 60
K 0 42 60
K 0 53 60
A D 4 16
J R 6 1080 42 2 5761 576 0
K 0 0 49
A D 2 16
J B 265 1111 1 82 6913 288 0
J R 6 1143 42 3 1 0 0
K 0 0 49
K 31 -10 44
A D 3 16
J N 5 1217 -11 2 1729 432 1 251
K 0 0 43
A D 1 16
J N 6 1279 -21 6 2305 144 1 251
K 0 0 45
K -22 0 64
K 0 0 43
K -1 0 45
K 6 0 45
A D 2 16
H 251 B -62 -3 112 2 42 3
J N 7 1319 -32 7 3457 288 0
K 0 11 45
K 0 0 43
K 0 11 45
K 2 11 45
K 0 0 60
K 0 32 60
A D 4 16
J R 6 1354 42 2 5761 576 0
K 0 0 49
A D 2 16
J B 266 1385 1 82 6913 288 0
J R 6 1417 42 3 1 0 0
K 0 0 49
K 31 -10 44
A D 3 16
J N 5 1516 10 3 1729 432 1 252
K -25 0 63
K 0 0 43
A D 1 16
J N 6 1556 0 2 2305 144 1 252
K 0 0 43
A D 2 16
H 252 B -61 -3 112 2 42 3
J N 7 1596 -11 4 3457 288 0
K 0 0 43
K 0 0 60
K 0 32 60
A D 4 16
J R 6 1631 42 2 5761 576 0
K 0 0 49
A D 2 16
J B 267 1662 1 82 6913 288 0
J R 6 1694 42 3 1 0 0
K 0 0 49
K 31 -10 44
A D 3 16
J N 5 1768 -11 2 1729 432 1 253
K 0 0 43
A D 1 16
J N 6 1830 -21 6 2305 144 1 253
K 0 0 45
K -22 0 64
K 0 0 43
K -1 0 45
K 6 0 45
A D 2 16
H 253 B -62 -3 112 2 42 3
J N 7 1870 -32 7 3457 288 0
K 0 11 45
K 0 0 43
K 0 11 45
K 2 11 45
K 0 0 60
K 0 32 60
A D 4 16
J R 6 1905 42 2 5761 576 0
K 0 0 49
A D 2 16
J B 268 1936 1 82 6913 288 0
J S 4 1978 31 8 6 288 0
K 0 0 62
K 0 5 62
K 200 11 92
K 170 11 92
K 140 11 92
K 110 11 92
K 80 11 92
K 50 11 92
K 20 11 92
K 0 11 92
K 230 0 62
K 230 5 62
K 100 11 77
J B 274 2250 1 82 6913 1 0
E *
B 1 514 0
B 1 846 0
B 1 1111 0
B 1 1385 0
B 1 1662 0
B 1 1936 0
B 1 2250 0
